   0.6000000E+01   0.1806301E-02   0.6170504E-03   0.2423059E-05   0.1587608E+10   0.0000000E+00   0.0000000E+00   0.0000000E+00   0.0000000E+00
   0.6100000E+01   0.3635163E-02   0.1306220E-02   0.4929851E-05   0.1878241E+10   0.0000000E+00   0.0000000E+00   0.0000000E+00   0.0000000E+00
   0.6200000E+01   0.4219406E-02   0.1716202E-02   0.5901284E-05   0.1825515E+10   0.0000000E+00   0.0000000E+00   0.0000000E+00   0.0000000E+00
   0.6300000E+01   0.1014107E-01   0.1278108E-01   0.6485306E-04   0.2853499E+10   0.0000000E+00   0.0000000E+00   0.0000000E+00   0.0000000E+00
   0.6400000E+01   0.2628552E-01   0.4226422E-01   0.1135552E-02   0.4894243E+10   0.3078094E+40   0.4120635E-03   0.7739195E-03   0.7729842E-05
   0.6500000E+01   0.1813155E-01   0.2443001E-01   0.3915498E-03   0.2550683E+10   0.5148888E+41   0.1792461E-03   0.1162697E-02   0.7812097E-03
   0.6600000E+01   0.1282614E-01   0.1644742E-01   0.8540399E-04   0.2004483E+10   0.7346521E+41   0.2657347E-03   0.3093307E-02   0.8464958E-03
   0.6700000E+01   0.8166989E-02   0.1108781E-01   0.6957499E-04   0.2438655E+10   0.7903289E+41   0.2290685E-03   0.3038094E-02   0.2306251E-02
   0.6800000E+01   0.6779099E-02   0.6723646E-02   0.5779206E-04   0.2370397E+10   0.8433031E+41   0.7495849E-03   0.2993757E-02   0.3461603E-02
   0.6900000E+01   0.3964361E-02   0.3383549E-02   0.2674384E-04   0.1950446E+10   0.5102190E+41   0.1079408E-02   0.1825926E-02   0.2463750E-02
   0.7000000E+01   0.2773867E-02   0.2141179E-02   0.1267938E-04   0.1572665E+10   0.5942976E+41   0.1523012E-02   0.2033222E-02   0.2840384E-02
   0.7100000E+01   0.2005808E-02   0.1415908E-02   0.1069851E-04   0.1154426E+10   0.4375432E+41   0.1138194E-02   0.1301931E-02   0.1560913E-02
   0.7200000E+01   0.1547947E-02   0.8748542E-03   0.4188855E-05   0.6646216E+09   0.4558283E+41   0.1354392E-02   0.1258565E-02   0.1056907E-02
   0.7300000E+01   0.1106260E-02   0.5631919E-03   0.2100609E-05   0.2821165E+09   0.1695931E+41   0.3550503E-03   0.3519473E-03   0.2545542E-03
   0.7400000E+01   0.6477979E-03   0.3218695E-03   0.9837139E-06   0.1174561E+09   0.2819834E+41   0.6448892E-03   0.5478608E-03   0.2542932E-03
   0.7500000E+01   0.4652616E-03   0.2360196E-03   0.7050276E-06   0.6658877E+08   0.2423260E+41   0.6342351E-03   0.4812613E-03   0.1667939E-03
   0.7600000E+01   0.3574272E-03   0.1909157E-03   0.1401825E-05   0.3642803E+08   0.1806232E+41   0.4887354E-03   0.3441969E-03   0.7556459E-04
   0.7700000E+01   0.2893467E-03   0.1688724E-03   0.1049206E-05   0.2540941E+08   0.1058844E+41   0.2955273E-03   0.1961095E-03   0.2651006E-04
   0.7800000E+01   0.2176476E-03   0.1271330E-03   0.2208394E-05   0.1349249E+08   0.9865350E+40   0.2596844E-03   0.1713313E-03   0.1130268E-04
   0.7900000E+01   0.3499531E-03   0.2098549E-03   0.3042669E-05   0.1265248E+08   0.1980011E+40   0.4973023E-04   0.3293197E-04   0.2524201E-05
   0.8000000E+01   0.2982077E-03   0.1752643E-03   0.2064768E-05   0.6840664E+07   0.3578742E+39   0.1025991E-04   0.6771209E-05   0.9770214E-06
   0.8100000E+01   0.1352513E-03   0.7865264E-04   0.7173666E-06   0.2543230E+07   0.2250123E+39   0.6714368E-05   0.4417260E-05   0.6437809E-06
   0.8200000E+01   0.2235140E-03   0.1242632E-03   0.7073905E-06   0.2510993E+07   0.8197445E+38   0.2389997E-05   0.1533603E-05   0.1163199E-06
   0.8300000E+01   0.1904696E-03   0.1009440E-03   0.4025378E-06   0.1337810E+07   0.0000000E+00   0.0000000E+00   0.0000000E+00   0.0000000E+00
   0.8400000E+01   0.1214055E-03   0.6110472E-04   0.2073342E-06   0.1139585E+07   0.0000000E+00   0.0000000E+00   0.0000000E+00   0.0000000E+00
   0.8500000E+01   0.1014764E-03   0.4849166E-04   0.1630597E-06   0.3242207E+06   0.0000000E+00   0.0000000E+00   0.0000000E+00   0.0000000E+00
   0.8600000E+01   0.6415516E-04   0.2840605E-04   0.9369038E-07   0.4580526E+06   0.0000000E+00   0.0000000E+00   0.0000000E+00   0.0000000E+00
   0.8700000E+01   0.5855409E-04   0.2512551E-04   0.8620226E-07   0.1524339E+06   0.0000000E+00   0.0000000E+00   0.0000000E+00   0.0000000E+00
   0.8800000E+01   0.3291239E-04   0.1402314E-04   0.4730753E-07   0.8818626E+05   0.0000000E+00   0.0000000E+00   0.0000000E+00   0.0000000E+00
   0.8900000E+01   0.2401516E-04   0.1030153E-04   0.3471488E-07   0.1052405E+06   0.0000000E+00   0.0000000E+00   0.0000000E+00   0.0000000E+00
   0.9000000E+01   0.2331742E-04   0.9946118E-05   0.3358114E-07   0.5169264E+05   0.0000000E+00   0.0000000E+00   0.0000000E+00   0.0000000E+00
   0.9100000E+01   0.2653637E-04   0.1118902E-04   0.3821969E-07   0.6897375E+05   0.0000000E+00   0.0000000E+00   0.0000000E+00   0.0000000E+00
   0.9200000E+01   0.1551744E-04   0.6842298E-05   0.2248959E-07   0.4176787E+05   0.0000000E+00   0.0000000E+00   0.0000000E+00   0.0000000E+00
   0.9300000E+01   0.7480960E-05   0.3168882E-05   0.1070535E-07   0.1788226E+05   0.0000000E+00   0.0000000E+00   0.0000000E+00   0.0000000E+00
   0.9400000E+01   0.4985616E-05   0.2103211E-05   0.7142981E-08   0.9476444E+04   0.0000000E+00   0.0000000E+00   0.0000000E+00   0.0000000E+00
   0.9500000E+01   0.3172475E-05   0.1338529E-05   0.4543078E-08   0.6113527E+04   0.0000000E+00   0.0000000E+00   0.0000000E+00   0.0000000E+00
   0.9600000E+01   0.2407526E-05   0.1015946E-05   0.3433301E-08   0.4668927E+04   0.0000000E+00   0.0000000E+00   0.0000000E+00   0.0000000E+00
   0.9700000E+01   0.1252394E-05   0.5496021E-06   0.1813520E-08   0.8760129E+03   0.0000000E+00   0.0000000E+00   0.0000000E+00   0.0000000E+00
   0.9800000E+01   0.1220025E-05   0.5147494E-06   0.1747206E-08   0.3587237E+04   0.0000000E+00   0.0000000E+00   0.0000000E+00   0.0000000E+00
   0.9900000E+01   0.8967029E-06   0.3804573E-06   0.1285477E-08   0.2260400E+04   0.0000000E+00   0.0000000E+00   0.0000000E+00   0.0000000E+00
   0.1000000E+02   0.3952959E-06   0.1788024E-06   0.5748573E-09   0.3024770E+03   0.0000000E+00   0.0000000E+00   0.0000000E+00   0.0000000E+00
   0.1010000E+02   0.6684723E-06   0.2784584E-06   0.9529575E-09   0.2207631E+04   0.0000000E+00   0.0000000E+00   0.0000000E+00   0.0000000E+00
   0.1020000E+02   0.1428268E-06   0.6628200E-07   0.2104498E-09   0.2126566E+03   0.0000000E+00   0.0000000E+00   0.0000000E+00   0.0000000E+00
   0.1030000E+02   0.1161910E-06   0.5803752E-07   0.1744139E-09   0.7702920E+02   0.0000000E+00   0.0000000E+00   0.0000000E+00   0.1367973E+04
   0.1040000E+02   0.5294871E-07   0.2717944E-07   0.8032499E-10   0.7606058E+02   0.0000000E+00   0.0000000E+00   0.0000000E+00   0.0000000E+00
   0.1050000E+02   0.2359905E-07   0.1389496E-07   0.3753173E-10   0.9917151E+02   0.0000000E+00   0.0000000E+00   0.0000000E+00   0.2192271E+03
   0.1060000E+02   0.1272250E-06   0.4724917E-07   0.1749100E-09   0.6751105E+03   0.0000000E+00   0.0000000E+00   0.0000000E+00   0.0000000E+00
   0.1070000E+02   0.6540606E-08   0.2362289E-08   0.8909983E-11   0.1192360E+03   0.0000000E+00   0.0000000E+00   0.0000000E+00   0.0000000E+00
   0.1080000E+02   0.5981883E-08   0.2247113E-08   0.8232100E-11   0.7378482E+03   0.0000000E+00   0.0000000E+00   0.0000000E+00   0.0000000E+00
   0.1090000E+02   0.3717696E-07   0.1313420E-07   0.5024268E-10   0.1285351E+04   0.0000000E+00   0.0000000E+00   0.0000000E+00   0.0000000E+00
   0.1100000E+02   0.2662382E-09   0.9219153E-10   0.3587895E-12   0.1587200E+48   0.6521427E+04   0.4595250E+04   0.2930951E+04   0.0000000E+00
