#index maskname id	12+log(O/H)		l68_12+log(O/H)		u68_12+log(O/H)	O/H_flag  f_hbeta	f_hbeta_err   f_halpha	    f_alphaerr	  z_mosf lg_mstar l68_lg_mstars u68_lg_mstar A_V l68_A_V u68_A_V beta_phot_calz beta_phot_smc beta_phot_calz_uvfiltnum beta_phot_smc_uvfiltnum
0	ae2_03	12870	8.468572278792573	8.431288069130758	8.509661376352174	1 1.4802864e-17 1.7398152e-18 4.5544887e-17 4.3122119e-18 2.13065 9.98000 9.89000 10.0200 0.700000 0.490000 0.810000 -1.6118635 -1.6105071 4.0000000 4.0000000
5	ae2_03	11578	8.500292172204512	8.469272248852969	8.53090219423496	1 2.6111485e-17 2.8477876e-18 9.0865314e-17 1.7805340e-17 2.13277 9.92000 9.80000 10.0400 0.500000 0.290000 0.650000 -1.8802528 -1.8832165 4.0000000 4.0000000
16	ae2_03	6084	8.69312567480469	8.648791071204908	8.740920907363778	1 1.8629669e-17 2.9989722e-18 1.1736333e-16 2.9890733e-18 2.30080 10.6900 10.6300 10.7300 1.20000 0.780000 1.42000 -1.0782194 -1.0782651 5.0000000 5.0000000
19	ae2_03	5814	8.513247608920956	8.470465595983288	8.554957263527669	1 1.4007665e-17 1.9364853e-18 4.5456328e-17 3.9236869e-18 2.13018 9.80000 9.72000 9.85000 0.700000 0.670000 0.930000 -1.2722180 -1.2700969 4.0000000 4.0000000
22	ae2_03	5215	8.390791088790465	8.350897207551162	8.421446245888601	1 1.4246237e-17 1.8804039e-18 5.4358125e-17 2.2924709e-18 2.30128 9.77000 9.66000 9.88000 0.700000 0.490000 0.850000 -1.4284112 -1.4290433 5.0000000 5.0000000
27	ae2_03	3590	8.760882638144281	8.71445360994681	8.799372656774718	1 1.5900345e-17 2.0083171e-18 4.4192974e-17 2.3529791e-18 2.37364 10.3100 10.2700 10.4100 1.30000 0.900000 1.35000 -1.0595584 -1.0640842 5.0000000 5.0000000
28	ae2_03	3393	8.424998387798164	8.343950154469113	8.485899566442237	0 5.1410246e-17 7.5479152e-18 1.6122052e-16 3.2893047e-18 2.29626 10.9900 10.9900 11.1200 0.100000 0.0900000 1.10000 0.14940517 0.14898361 5.0000000 5.0000000
29	ae2_03	2838	8.385481034732823	8.353864370743272	8.422078635052847	1 2.0471052e-17 2.5037763e-18 5.5419234e-17 2.0883102e-18 2.08482 9.09000 8.99000 9.27000 0.800000 0.620000 0.930000 -999.00000 -999.00000 -999.00000 -999.00000
33	ae2_03	905	8.430642893726002	8.412510194260541	8.448942827939563	3 6.5738865e-17 4.1034829e-18 2.0354968e-16 2.5348417e-18 2.18768 9.93000 9.87000 10.0400 0.600000 0.450000 0.670000 -1.6739770 -1.6734576 5.0000000 5.0000000
34	ae2_03	1361	8.06665297277178	8.050870075961893	8.08278321717445	3 6.9038846e-17 2.9148554e-18 1.8957938e-16 1.7412754e-18 2.18358 8.65000 8.57000 8.65000 0.100000 0.0600000 0.200000 -2.3429701 -2.3418078 5.0000000 5.0000000
36	co2_01	3284	8.85605160492296	8.797638895990083	8.914019052016318	0 3.3059961e-17 5.4278376e-18 1.4500233e-16 4.9832226e-18 2.30722 10.5300 10.5300 10.5300 0.900000 0.900000 0.900000 -0.97715729 -0.97635645 21.000000 21.000000
43	co2_01	2335	8.690050539049905	8.615952397494762	8.761369505322063	0 2.6795254e-17 7.7360057e-18 1.3031395e-16 4.9191591e-18 2.30743 10.4800 10.4200 10.4800 0.600000 0.600000 0.800000 -1.2021196 -1.2015283 21.000000 21.000000
46	co2_01	3117	8.503417021786337	8.424730041316533	8.566893601248275	0 1.2051664e-17 3.8551920e-18 4.6029357e-17 1.9374714e-18 2.17324 9.60000 9.47000 9.63000 0.900000 0.830000 1.05000 -1.4351956 -1.4356288 20.000000 20.000000
49	co2_01	3623	8.327593087200114	8.313910804448694	8.341669458004557	1 2.9826169e-17 1.0703482e-18 1.0080464e-16 1.4333025e-18 2.32469 9.52000 9.44000 9.61000 0.300000 0.220000 0.420000 -1.9730603 -1.9729869 21.000000 21.000000
55	co2_01	4019	8.509083098900776	8.435732276218731	8.595295307689815	0 1.8023989e-17 5.1094913e-18 3.6741617e-17 5.2689035e-18 2.09794 10.4100 10.4100 10.4100 0.500000 0.500000 0.500000 -1.2329148 -1.2294998 19.000000 19.000000
56	co2_01	4555	8.349235755646504	8.303990098961185	8.393017695914502	2 1.5017612e-17 4.8537207e-18 7.3162927e-17 1.2438082e-18 2.19701 9.61000 9.52000 9.71000 0.600000 0.440000 0.730000 -1.5538733 -1.5536598 21.000000 21.000000
59	co2_01	3907	8.189283334448385	8.165157068306705	8.225344922820065	1 1.4469650e-17 1.1351465e-18 4.7923076e-17 1.3029046e-18 2.30144 8.53000 8.44000 8.60000 0.700000 0.600000 0.800000 -0.96793807 -0.97298032 21.000000 21.000000
60	co2_01	3692	8.435492380920094	8.416091806888492	8.45450608073667	1 5.1792039e-17 2.3826511e-18 2.3943255e-16 1.8231451e-18 2.08588 10.3300 10.2600 10.3300 1.00000 1.00000 1.10000 -0.74176008 -0.74239421 19.000000 19.000000
62	co2_01	4611	8.68874439900693	8.640808967063228	8.752385983512916	0 3.3360364e-17 4.3238771e-18 1.4884180e-16 3.0672881e-18 2.44135 10.3500 10.3400 10.3800 1.00000 0.700000 1.03000 -1.1976641 -1.1985904 20.000000 20.000000
67	co2_01	171	8.622474775215725	8.581860960360958	8.66651364688531	1 4.9161440e-18 9.5415763e-19 8.1433468e-18 1.2414184e-18 2.31363 9.19000 8.92000 9.31000 0.200000 0.00000 0.460000 -1.1722426 -1.1669524 20.000000 20.000000
70	co2_01	1681	8.540020267087485	8.497999000855389	8.5782541410662		1 9.1405455e-18 1.5636623e-18 4.4256148e-17 1.8740684e-18 2.29987 9.89000 9.78000 10.0200 0.900000 0.690000 1.08000 -1.7433156 -1.7429714 21.000000 21.000000
72	co2_01	1713	8.4			8.4			8.4		  	1 1.0125126e-17 2.2200498e-18 4.8703531e-17 1.4286531e-17 2.29854 9.17000 8.67000 9.46000 0.300000 0.00000 1.70000 -0.95922697 -0.99091977 13.000000 13.000000
77	co2_03	10701	8.151475297196752	8.13647599255869	8.169993986480984	3 3.4117688e-17 2.1216930e-18 1.1546632e-16 1.2644845e-18 2.19454 9.23000 9.11000 9.35000 0.500000 0.340000 0.620000 -1.8694905 -1.8692280 20.000000 20.000000
78	co2_03	13785	8.511709950740883	8.482288649601754	8.538485938730751	1 1.0227685e-17 1.0158741e-18 3.0058612e-17 1.5671209e-18 2.15084 9.66000 9.56000 9.70000 0.400000 0.200000 0.540000 -1.6384043 -1.6398139 20.000000 20.000000
84	co2_03	12015	7.937836636129849	7.874082512928952	7.992708878017443	3 5.9840148e-17 5.9641393e-18 1.5501148e-16 1.4784969e-18 2.09688 8.60000 8.58000 8.67000 0.100000 0.0700000 0.140000 -2.3617625 -2.3628528 19.000000 19.000000
86	co2_03	13899	8.792471558720186	8.750787217724184	8.823928775744152	1 2.8635655e-17 4.4428093e-18 1.0377959e-16 2.6624882e-18 2.16716 10.3200 10.3200 10.4200 1.00000 0.800000 1.01000 -1.2178726 -1.2186545 20.000000 20.000000
88	co2_03	13985	8.909766190577567	8.87586327966229	8.94254217598211	0 4.2417057e-17 3.8883960e-18 2.2211725e-16 2.1515142e-18 2.16590 10.5000 10.5000 10.5000 1.00000 1.00000 1.00000 -1.0143996 -1.0151550 20.000000 20.000000
89	co2_03	13904	8.633910860853545	8.60998609579651	8.661844422864105	1 8.8631938e-18 8.7471662e-19 4.0007239e-17 1.6747148e-18 2.30886 10.1200 10.1200 10.1400 1.00000 0.700000 1.02000 -0.77910769 -0.77748764 21.000000 21.000000
107	co2_03	10567	8.241324964186608	8.211761760358835	8.268471716511648	3 8.6482690e-18 6.6188288e-19 2.3792137e-17 1.8272582e-18 2.37759 9.55000 9.50000 9.64000 0.300000 0.190000 0.400000 -1.8372374 -1.8381197 20.000000 20.000000
109	co2_03	12104	8.313528270032096	8.272773925144742	8.346558564263756	1 1.7633972e-17 1.6984459e-18 7.6634002e-17 1.9493667e-18 2.16124 8.96000 8.67000 9.16000 0.400000 0.230000 0.610000 -999.00000 -999.00000 -999.00000 -999.00000
150	gn2_04	6544	8.34800703606914	8.263913619197247	8.436885764060982	1 2.9204726e-17 7.8295094e-18 9.8252743e-17 3.0486754e-18 2.12176 9.47000 9.33000 9.53000 1.30000 1.19000 1.44000 -1.3609517 -1.3611430 5.0000000 5.0000000
157	gn2_04	4739	8.519931450422167	8.453678134319304	8.611550447299916	0 2.0345131e-17 6.5779210e-18 8.8645811e-17 2.5378699e-18 2.17960 10.0400 9.92000 10.0400 0.600000 0.530000 0.900000 -1.3809992 -1.3808856 5.0000000 5.0000000
165	gn2_04	4239	8.397968198920681	8.343475728543318	8.468938236755454	1 1.4973782e-17 3.5794609e-18 4.1897036e-17 1.7614553e-18 2.29991 9.50000 9.42000 9.64000 0.500000 0.310000 0.600000 -1.4762843 -1.4763237 5.0000000 5.0000000
167	gn2_04	3449	8.649624381111503	8.585668220401818	8.701117723974416	1 3.5398862e-17 8.8854174e-18 1.3467665e-16 2.9432598e-18 2.27397 10.4800 10.3300 10.6000 1.00000 0.800000 1.20000 -1.1565914 -1.1558015 5.0000000 5.0000000
177	gn2_05	11748	8.255668581654247	8.22787441294567	8.285017595046908	3 2.2753501e-17 1.7743055e-18 5.9360576e-17 2.7451499e-18 2.47201 9.29000 8.97000 9.38000 0.500000 0.340000 0.810000 -1.1389275 -1.1395425 4.0000000 4.0000000
182	gn2_05	10297	8.525455645797445	8.484652088312695	8.566348388781867	1 1.6890634e-17 3.3229504e-18 1.0069444e-16 1.7088867e-18 2.24377 10.0100 9.98000 10.1900 1.30000 1.10000 1.41000 -1.1436363 -1.1412381 5.0000000 5.0000000
188	gn2_05	10127	8.58617737056499	8.533796499260081	8.635068659590102	1 1.5781693e-17 1.6192514e-18 1.1714844e-16 2.5784334e-18 2.48389 10.6700 10.1800 10.7000 1.10000 1.02000 1.76000 -0.76022840 -0.75688535 4.0000000 4.0000000
199	gn2_05	7979	8.123228085371773	8.091601579744639	8.146976944188204	3 1.9775494e-17 2.5935113e-18 8.7185346e-17 1.3375144e-18 2.20635 9.26000 8.96000 9.38000 0.600000 0.450000 1.00000 -1.3285658 -1.3267758 5.0000000 5.0000000
200	gn2_05	8072	8.423114639289334	8.364397405184272	8.48147495424912	1 1.2132686e-17 2.1039345e-18 3.9242365e-17 1.5379715e-18 2.23250 9.25000 9.13000 9.38000 0.800000 0.580000 0.910000 -1.2432997 -1.2429661 5.0000000 5.0000000
201	gn2_05	8045	8.197524530645987	8.1276301155593		8.258530373764527	1 3.2622118e-17 5.8349562e-18 1.5987633e-16 8.1051246e-18 2.23488 8.61000 8.56000 8.63000 0.400000 0.390000 0.500000 -1.6270833 -1.6277467 5.0000000 5.0000000
207	gn2_05	5234	8.184178150149044	8.136358927981824	8.234486501071395	1 9.4461798e-18 1.9702949e-18 2.7628419e-17 1.0246914e-18 2.26099 8.74000 8.57000 8.90000 0.500000 0.310000 0.660000 -1.6489178 -1.6482401 5.0000000 5.0000000
445	ae2_04	37033	8.477963593857567	8.458656870755755	8.494241298078714	1 1.8725104e-17 1.0731332e-18 7.7881725e-17 2.0141716e-18 2.29192 9.73000 9.52000 9.84000 0.600000 0.460000 0.810000 -1.6250550 -1.6274408 5.0000000 5.0000000
447	ae2_04	33958	8.576227916685752	8.531001437215652	8.624146494913344	1 9.4083893e-18 1.6942323e-18 3.6529774e-17 2.5702778e-18 2.24275 9.86000 9.75000 9.98000 0.400000 0.160000 0.600000 -1.7330978 -1.7330823 5.0000000 5.0000000
452	ae2_04	25522	8.400779389462192	8.327449383604245	8.478923019097975	0 2.0592843e-17 6.7081421e-18 1.0844157e-16 2.6403580e-18 2.22946 10.0400 9.99000 10.0900 0.200000 0.180000 0.410000 -1.6808821 -1.6837909 5.0000000 5.0000000
464	ae2_04	15457	8.609932026087865	8.579435009983778	8.638735574419046	1 2.0159001e-17 1.8800633e-18 8.8770288e-17 3.7688277e-18 2.21279 10.2300 10.1900 10.3400 0.900000 0.750000 1.15000 -1.3216317 -1.3203903 5.0000000 5.0000000
466	ae2_04	15171	8.38926550318854	8.32704498757937	8.443635093288977	1 9.1556332e-18 1.7243283e-18 3.9542096e-17 2.4892179e-18 2.30224 9.72000 9.61000 9.82000 0.300000 0.0800000 0.460000 -2.0447621 -2.0449584 5.0000000 5.0000000
470	ae2_04	6311	8.619055913798155	8.574893084496997	8.676315929834912	0 2.9981312e-17 3.7401228e-18 1.1105334e-16 1.7582188e-18 2.18781 10.1900 10.1000 10.1900 0.600000 0.490000 0.780000 -1.5759633 -1.5771970 5.0000000 5.0000000
472	ae2_04	6315	8.4156745460707		8.365324415323482	8.471040153755762	0 1.8184198e-17 3.2926189e-18 5.5306735e-17 2.1317211e-18 2.22986 9.49000 9.42000 9.59000 0.400000 0.270000 0.570000 -1.7449375 -1.7440206 5.0000000 5.0000000
474	ae2_05	37943	8.487847435311778	8.449938736570267	8.52288098708979	3 2.0169704e-17 2.1997363e-18 6.4446248e-17 1.8292553e-18 2.16288 9.67000 9.60000 9.78000 0.500000 0.380000 0.650000 -1.7054970 -1.7065806 5.0000000 5.0000000
475	ae2_05	38310	8.402243336465437	8.342509269315693	8.468429930309027	1 5.2710468e-18 1.0852232e-18 1.5655673e-17 3.5052991e-18 2.28731 9.33000 9.21000 9.33000 0.200000 0.0800000 0.300000 -1.5438542 -1.5398676 5.0000000 5.0000000
479	ae2_05	36858	8.4			8.381921473675769	8.415417415981585	1 1.9286142e-17 8.7788832e-19 5.9566766e-17 2.9222659e-18 2.28770 9.83000 9.71000 9.95000 0.500000 0.300000 0.670000 -1.7347574 -1.7312816 5.0000000 5.0000000
484	ae2_05	28659	8.566145646825673	8.53874361531026	8.59010601813443	3 1.7557374e-17 1.1775950e-18 7.4712530e-17 1.7544501e-18 2.31199 10.3000 10.2400 10.3000 0.900000 0.800000 1.13000 -1.0420678 -1.0446621 5.0000000 5.0000000
487	ae2_05	28038	8.42961894294498	8.377986703347826	8.475921824310905	1 1.5813804e-17 1.4690637e-18 5.0531513e-17 3.3281799e-18 2.33396 9.94000 9.85000 9.94000 0.600000 0.570000 0.700000 -1.3381310 -1.3390596 5.0000000 5.0000000
490	ae2_05	28421	8.753094090450574	8.716958253787757	8.784594836533417	1 1.1103920e-17 1.2741766e-18 7.9130387e-17 2.0400151e-18 2.29279 10.5500 10.5300 10.5700 1.10000 1.05000 1.41000 -0.68303365 -0.67829853 5.0000000 5.0000000
492	ae2_05	22935	8.217354991341614	8.20220186309004	8.233024535411706	1 2.3772661e-17 1.1167066e-18 8.8550652e-17 2.0851899e-18 2.37288 9.53000 9.41000 9.69000 0.700000 0.480000 0.810000 -1.4220767 -1.4257858 5.0000000 5.0000000
503	ae2_05	12512	8.49303360508755	8.448155729281622	8.534856163280427	0 2.8408671e-17 3.1620663e-18 1.0239994e-16 2.8025558e-18 2.31529 10.2500 10.2400 10.2500 0.200000 0.00000 0.300000 -1.7807044 -1.7806200 5.0000000 5.0000000
504	ae2_05	10970	8.460471531490304	8.450750707667034	8.469830868038107	1 5.2221682e-17 1.8951477e-18 2.5526761e-16 1.9670985e-18 2.23049 10.0800 10.0200 10.2100 0.800000 0.670000 0.920000 -1.3630166 -1.3603833 5.0000000 5.0000000
506	ae2_05	4519	8.578891863458013	8.492938399393495	8.655437662766158	0 5.6943726e-18 1.2726452e-18 2.6943927e-17 2.5463764e-18 2.13573 9.03000 8.87000 9.16000 0.300000 0.170000 0.520000 -1.8959675 -1.8972206 5.0000000 5.0000000
516	co2_04	17482	8.577547213944884	8.551759971356722	8.604954185234687	1 2.0027977e-17 2.5312639e-18 7.9819285e-17 1.9412217e-18 2.28628 10.0900 10.0700 10.2200 0.800000 0.710000 1.01000 -1.1269599 -1.1271700 21.000000 21.000000
518	co2_04	16861	8.440466941412634	8.39875153721577	8.490267246072289	1 2.0646625e-17 3.1232117e-18 4.7267524e-17 1.6226154e-18 2.28596 9.58000 9.51000 9.70000 0.500000 0.430000 0.680000 -1.6178166 -1.6169627 21.000000 21.000000
521	co2_04	20624	8.755409514783036	8.66496688731554	8.828550215629093	0 1.4680043e-17 4.6727084e-18 2.8775043e-17 2.7130562e-18 2.48634 10.1500 10.0900 10.1700 1.10000 0.800000 1.31000 -0.11175239 -0.10739010 21.000000 21.000000
522	co2_04	20331	8.347867015129236	8.327414579052332	8.372185011427135	1 2.2851140e-17 1.3440112e-18 1.1748852e-16 2.3951693e-18 2.46628 10.1400 10.0000 10.2400 0.900000 0.730000 1.05000 -1.1476549 -1.1476963 21.000000 21.000000
523	co2_04	19779	8.393506812629447	8.3626942684472		8.423883977497782	1 1.7559994e-17 1.7800196e-18 6.6623466e-17 1.7436616e-18 2.27376 9.25000 9.17000 9.36000 0.300000 0.180000 0.400000 -1.7458950 -1.7459638 21.000000 21.000000
526	co2_04	17312	8.3822138151318		8.370933498334603	8.39044086684722	1 6.0976859e-17 1.7111935e-18 2.0341041e-16 1.7159160e-18 2.27502 9.00000 8.98000 9.00000 0.500000 0.490000 0.500000 -1.7167624 -1.7169883 21.000000 21.000000
531	co2_04	16494	8.697337457856422	8.591452484268716	8.809453155224691	0 8.9107499e-18 2.3977413e-18 3.1745732e-17 1.8286461e-18 2.56046 10.1000 10.0300 10.1300 0.900000 0.670000 1.02000 -1.6425999 -1.6436007 19.000000 19.000000
533	co2_04	20661	8.39127461976744	8.380068236709397	8.40162200020525	1 6.2739548e-17 1.6733548e-18 2.1911856e-16 2.6670751e-18 2.46942 10.4400 10.3500 10.5300 0.800000 0.680000 0.930000 -1.3843886 -1.3834426 21.000000 21.000000
536	co2_04	20979	8.467329951757211	8.44303219968293	8.490578074539838	1 9.3930078e-17 1.7485713e-18 3.2769258e-16 6.9728590e-17 2.18574 10.2600 10.1900 10.2900 1.20000 1.15000 1.33000 -0.98943305 -0.98799413 20.000000 20.000000
539	co2_04	20891	8.32993719235753	8.321874621004294	8.340872590477396	3 1.0857752e-16 2.7040106e-18 4.5959624e-16 1.1775447e-18 2.18819 10.1000 9.97000 10.1900 1.20000 1.10000 1.40000 -1.0381742 -1.0395125 20.000000 20.000000
544	gn2_06	13357	8.201023237424511	8.163536301495359	8.238651719073202	3 8.2190532e-18 1.0410379e-18 2.8086424e-17 2.2038887e-18 2.22297 8.78000 8.66000 8.92000 0.100000 0.00000 0.290000 -1.8944341 -1.8946087 5.0000000 5.0000000
545	gn2_06	13216	8.314416119845246	8.246910013455343	8.368266120540541	1 6.6245174e-18 1.3744121e-18 2.1931374e-17 2.5284834e-18 2.22285 9.03000 8.91000 9.23000 0.300000 0.120000 0.550000 -1.6136662 -1.6141303 5.0000000 5.0000000
548	gn2_06	12523	8.567134955371825	8.532569021566736	8.593847826417829	1 2.2867608e-17 2.5603355e-18 1.3804945e-16 5.3150801e-18 2.31971 11.2100 11.1600 11.2600 2.00000 1.71000 2.30000 -0.71619010 -0.70085686 4.0000000 4.0000000
550	gn2_06	11961	8.532960807548676	8.480413657347608	8.600077634280261	1 3.4928562e-17 7.9202765e-18 1.7137367e-16 3.0695769e-18 2.18668 10.4700 10.4700 10.6000 0.800000 0.600000 0.940000 -1.3586593 -1.3584210 5.0000000 5.0000000
551	gn2_06	12168	8.529728434283406	8.493520041034207	8.56445056899228	1 2.0709649e-17 1.2584551e-18 9.4614494e-17 2.5422421e-18 2.48266 10.3400 10.2800 10.4600 1.50000 1.26000 1.60000 -0.41620311 -0.41366392 4.0000000 4.0000000
552	gn2_06	12024	8.412662365546504	8.390941179552916	8.432307628070514	1 4.2699024e-17 3.1392516e-18 1.9916667e-16 1.8507092e-18 2.24521 10.1700 10.1300 10.3100 1.40000 1.27000 1.50000 -0.78049111 -0.78109699 5.0000000 5.0000000
558	gn2_06	11131	8.352081059084638	8.30696268192116	8.395479199256808	0 1.6286655e-17 3.7468319e-18 4.3223198e-17 2.9985035e-18 2.30548 9.93000 9.90000 9.93000 0.400000 0.380000 0.600000 -1.2877495 -1.2886852 5.0000000 5.0000000
559	gn2_06	11252	8.423516547885335	8.39659644388783	8.447732377514775	1 1.9167461e-17 1.6805310e-18 1.1581669e-16 3.5491529e-18 2.48347 10.6200 10.6200 10.6800 1.00000 0.700000 1.10000 -0.77232206 -0.77297759 4.0000000 4.0000000
561	gn2_06	11516	8.899225888112186	8.811915292924112	8.995782048911236	0 1.0446102e-17 2.7544530e-18 6.6010424e-17 1.7420729e-18 2.27023 10.2900 10.1100 10.3600 1.00000 0.780000 1.22000 -1.4775637 -1.4768509 5.0000000 5.0000000
563	gn2_06	10316	8.599804737615308	8.537988328801617	8.664734354679952	1 1.3866494e-17 3.7376514e-18 4.6134472e-17 3.6677764e-18 2.48750 10.1600 10.0700 10.1600 0.600000 0.560000 0.700000 -0.81564802 -0.81437713 4.0000000 4.0000000
565	gn2_06	9776	8.246480197237103	8.215311578225705	8.27232301036552	3 2.4602666e-17 1.6043117e-18 8.1337308e-17 4.0975091e-18 2.42984 9.68000 9.51000 9.76000 0.400000 0.290000 0.560000 -1.2844114 -1.2817467 4.0000000 4.0000000
713	ae2_02	34559	8.680553029909365	8.657106862116706	8.70249012565746	1 3.7532003e-17 1.7770535e-18 2.0582446e-16 2.3823828e-18 2.33432 10.6000 10.6000 10.6500 1.20000 1.00000 1.23000 -1.1603342 -1.1615797 5.0000000 5.0000000
716	ae2_02	31102	8.692667675012032	8.67336564819401	8.71796401782756	1 1.5668957e-17 1.2073489e-18 6.9223271e-17 2.2498679e-18 2.34928 10.0000 9.91000 10.1100 0.800000 0.600000 0.970000 -1.5435036 -1.5420631 5.0000000 5.0000000
717	ae2_02	28655	8.524569057391474	8.480998134478208	8.575118378916288	1 6.4974071e-18 1.2515187e-18 1.4005515e-17 1.5479549e-18 2.34570 9.83000 9.83000 9.94000 0.200000 0.0600000 0.310000 -1.6350411 -1.6335180 5.0000000 5.0000000
718	ae2_02	30074	8.579279461529087	8.555101676687071	8.6004193750302		1 4.1542376e-17 2.1884064e-18 1.4056510e-16 3.0880830e-18 2.21127 10.5700 10.5700 10.5900 1.10000 0.900000 1.14000 -0.96240550 -0.96239543 5.0000000 5.0000000
719	ae2_02	27704	8.53775537414721	8.473439619830128	8.608730258479255	0 1.7284770e-17 3.3629720e-18 8.7377806e-17 1.7321373e-18 2.16290 9.71000 9.66000 9.80000 0.300000 0.240000 0.540000 -1.9325521 -1.9319896 5.0000000 5.0000000
720	ae2_02	28068	8.556090324139856	8.483330166948633	8.609128414765648	2 2.0946201e-17 4.6879943e-18 8.0637381e-17 3.8606628e-18 2.21469 10.1200 10.0700 10.1600 0.500000 0.450000 0.700000 -1.6780488 -1.6812561 5.0000000 5.0000000
723	ae2_02	23409	8.488691366273708	8.44299420264551	8.529316114307237	1 1.2091219e-17 1.6972846e-18 4.0477383e-17 1.9122385e-18 2.29455 9.72000 9.66000 9.84000 0.600000 0.500000 0.770000 -1.5805470 -1.5784928 5.0000000 5.0000000
724	ae2_02	21561	8.492328952083732	8.465076747428455	8.517444581598134	1 1.2227615e-17 1.0249229e-18 4.2063125e-17 2.7707619e-18 2.51526 9.94000 9.90000 10.0500 0.100000 0.00000 0.300000 -1.8288701 -1.8282593 6.0000000 6.0000000
728	ae2_02	17028	8.548582861080368	8.532865272207728	8.561672190649151	3 3.9940167e-17 1.4910318e-18 1.7086349e-16 3.7608279e-18 2.46078 10.0100 9.93000 10.1400 0.700000 0.530000 0.770000 -1.4305725 -1.4281538 6.0000000 6.0000000
744	ae2_02	3658	8.557322235873102	8.52401433442496	8.59603722472894	0 4.2524601e-17 3.9992434e-18 1.4937530e-16 1.2479700e-18 2.16609 9.78000 9.66000 9.88000 0.700000 0.580000 0.830000 -1.6569121 -1.6552805 5.0000000 5.0000000
747	ae2_06	33203	8.629602527603511	8.589901430460218	8.67070247708344	1 2.7085828e-17 3.0371938e-18 9.6039343e-17 4.3579731e-18 2.23441 10.1600 10.0800 10.2000 0.400000 0.0600000 0.430000 -1.4442854 -1.4445868 5.0000000 5.0000000
748	ae2_06	37316	8.3313422039087		8.275604996383963	8.387351759309409	1 1.0050468e-17 1.1344073e-18 3.1031499e-17 1.5075848e-18 2.16046 9.36000 9.18000 9.52000 0.400000 0.180000 0.580000 -1.8931289 -1.8927904 5.0000000 5.0000000
757	ae2_06	25817	8.448712403933426	8.431211838893264	8.462964327725631	1 1.9529837e-17 9.6252711e-19 8.2205701e-17 3.0470389e-18 2.28705 9.69000 9.61000 9.80000 0.600000 0.400000 0.700000 -1.8110430 -1.8124219 5.0000000 5.0000000
758	ae2_06	19416	8.347516025549837	8.288426686530128	8.399346109406881	1 1.3312802e-17 2.6330522e-18 5.0546351e-17 1.4072231e-18 2.20609 9.82000 9.76000 9.85000 0.00000 0.00000 0.170000 -2.0367763 -2.0355837 5.0000000 5.0000000
762	ae2_06	20297	8.386947470172878	8.360825155670407	8.417820877194053	0 4.0270510e-17 2.7026837e-18 1.3515946e-16 1.7580482e-18 2.16166 9.77000 9.70000 9.79000 0.400000 0.370000 0.500000 -1.7226231 -1.7226764 5.0000000 5.0000000
763	ae2_06	19004	8.780398939887839	8.712377376097063	8.852524557968632	1 8.3140505e-18 1.5121765e-18 2.9667611e-17 1.8170796e-18 2.16027 9.95000 9.87000 10.0500 0.300000 0.0300000 0.400000 -1.7862954 -1.7871795 5.0000000 5.0000000
765	ae2_06	14627	8.422891745829705	8.371915273914361	8.463793008703098	1 7.6193994e-18 1.2523254e-18 2.4107375e-17 1.5474259e-18 2.31038 9.59000 9.56000 9.75000 0.00000 0.00000 0.200000 -1.8548260 -1.8539412 5.0000000 5.0000000
768	ae2_06	11250	8.477409622685597	8.451554693090786	8.500185053271604	1 1.9435926e-17 1.2221538e-18 8.7831482e-17 2.0826798e-18 2.47217 10.0700 9.89000 10.1700 0.600000 0.440000 0.860000 -1.4877061 -1.4869357 6.0000000 6.0000000
776	ae2_06	5082	8.548801296636645	8.496799111197154	8.584924284869201	1 8.4250820e-18 8.1174882e-19 3.1078320e-17 1.8586988e-18 2.40892 9.98000 9.98000 10.0200 0.200000 0.170000 0.300000 -1.8049643 -1.8024110 5.0000000 5.0000000
785	ae2_07	33942	8.453213029125678	8.424980285103311	8.486844501602507	1 2.1483637e-17 1.9387326e-18 9.4088398e-17 1.9782340e-18 2.16077 9.69000 9.63000 9.87000 0.800000 0.640000 0.940000 -1.5770619 -1.5789059 5.0000000 5.0000000
786	ae2_07	33455	8.468392891610616	8.449739769790039	8.49831156338858	1 2.1021200e-17 1.8630643e-18 1.5814651e-16 2.8881281e-18 2.23521 10.4600 10.3900 10.4700 1.10000 0.960000 1.29000 -1.0916268 -1.0953120 5.0000000 5.0000000
789	ae2_07	31353	8.52356305973957	8.477040433357871	8.572401068151873	1 2.3986937e-17 4.0921584e-18 1.1063067e-16 2.5593471e-18 2.36545 11.2700 11.2400 11.2900 0.400000 0.310000 0.910000 -1.5602063 -1.5617546 5.0000000 5.0000000
790	ae2_07	29650	8.406752746831224	8.34502580751266	8.475021248205358	1 1.5054301e-17 3.7516250e-18 5.1152066e-17 1.3216489e-18 2.26836 10.3100 10.2600 10.3900 0.700000 0.500000 0.920000 -1.5314182 -1.5289609 5.0000000 5.0000000
791	ae2_07	31704	8.548424739520605	8.509380299772664	8.590936987180788	1 3.6286639e-17 5.5683944e-18 1.2925982e-16 2.0288107e-18 2.26030 10.1000 10.0200 10.2000 0.600000 0.450000 0.710000 -1.7519845 -1.7523013 5.0000000 5.0000000
801	ae2_07	18635	8.384802518667035	8.360594035439455	8.41174421288108	3 1.7647663e-17 1.7825156e-18 8.8073016e-17 1.8825038e-18 2.18408 9.53000 9.46000 9.62000 0.500000 0.400000 0.640000 -1.5321954 -1.5316632 5.0000000 5.0000000
805	ae2_07	15737	8.285584886459725	8.269626066120436	8.301560400816609	1 3.0546064e-17 1.7095668e-18 1.1789078e-16 1.6230368e-18 2.30280 9.46000 9.32000 9.60000 0.600000 0.430000 0.740000 -1.7981325 -1.7974514 5.0000000 5.0000000
806	ae2_07	15435	8.255916455301538	8.222774236757477	8.292164720081763	3 1.2091806e-17 1.1199056e-18 4.3767064e-17 1.2354049e-18 2.36843 9.29000 9.22000 9.47000 0.400000 0.220000 0.600000 -1.7516800 -1.7509134 5.0000000 5.0000000
807	ae2_07	13218	8.448549809676804	8.393559349102087	8.504846545398062	1 1.1816279e-17 1.9672886e-18 4.5499583e-17 1.5764274e-18 2.29449 9.34000 9.27000 9.49000 0.300000 0.100000 0.440000 -1.8119156 -1.8118638 5.0000000 5.0000000
808	ae2_07	11284	8.487343708039218	8.4331360466225		8.537866789571668	1 7.5351018e-18 1.6263321e-18 3.5064055e-17 1.2063051e-18 2.18357 10.0100 9.88000 10.0900 1.00000 0.750000 1.27000 -1.3815068 -1.3771831 5.0000000 5.0000000
810	ae2_07	9314	8.613277318199927	8.590286972297694	8.634938568022598	1 2.7314072e-17 2.0337322e-18 1.1560381e-16 2.1551925e-18 2.29183 10.5000 10.5000 10.5600 0.800000 0.720000 0.950000 -1.4067701 -1.4065057 5.0000000 5.0000000
811	ae2_07	7432	8.456356246264516	8.434109310819576	8.476699170858765	1 1.4068110e-17 1.0972440e-18 7.1293976e-17 1.1631465e-18 2.29259 9.93000 9.83000 9.98000 0.300000 0.120000 0.480000 -1.6152436 -1.6117741 5.0000000 5.0000000
813	ae2_07	6981	8.420094461501082	8.391009490126105	8.457061383410247	1 8.6633729e-18 1.2984033e-18 4.5401046e-17 1.2953267e-18 2.29252 9.69000 9.24000 9.78000 1.00000 0.890000 1.50000 -0.97110122 -0.96945363 5.0000000 5.0000000
814	ae2_07	5510	8.695246815134784	8.648189167039595	8.742700508256968	1 5.1948086e-18 9.4141915e-19 4.1577417e-17 1.1961848e-18 2.29197 10.3000 10.2500 10.3000 0.900000 0.500000 1.06000 -1.7177079 -1.7130955 5.0000000 5.0000000
815	ae2_07	4181	8.484013787323763	8.426693049319253	8.539220372839083	1 5.9980686e-18 1.2809395e-18 1.9741333e-17 1.2946568e-18 2.27422 9.59000 9.45000 9.66000 0.200000 0.0300000 0.490000 -1.8746077 -1.8746318 5.0000000 5.0000000
816	ae2_07	2904	8.4155474923082		8.357711856750695	8.470131379041652	1 7.6688452e-18 1.6733854e-18 3.3443629e-17 1.2692407e-18 2.11282 9.30000 9.23000 9.39000 0.600000 0.450000 0.780000 -1.3354425 -1.3343726 4.0000000 4.0000000
817	ae2_07	2650	8.229414025254068	8.188275965029279	8.264558638287669	3 1.5823630e-17 1.3919933e-18 5.0319536e-17 1.8430920e-18 2.38457 9.49000 9.31000 9.58000 0.100000 0.00000 0.310000 -1.8941412 -1.8935404 5.0000000 5.0000000
821	co2_02	9044	8.710756241734813	8.670253314595996	8.747393508573278	1 1.1520142e-17 1.8003226e-18 4.4485897e-17 1.3570026e-18 2.19883 10.0600 9.96000 10.0900 0.600000 0.500000 0.750000 -1.5225999 -1.5221688 21.000000 21.000000
822	co2_02	10066	8.350254432663071	8.298511068820945	8.387902629226167	1 1.4035990e-17 1.0765217e-18 4.5884726e-17 2.0609322e-18 2.41335 9.67000 9.67000 9.74000 0.800000 0.700000 0.810000 -1.3507324 -1.3520397 20.000000 20.000000
832	co2_02	9638	8.498348928210214	8.45980652856452	8.532657992121683	1 1.1645816e-17 1.2537302e-18 2.3711638e-17 3.1251366e-18 2.49151 9.34000 9.33000 9.34000 0.100000 0.0300000 0.180000 -1.8552134 -1.8562989 21.000000 21.000000
833	co2_02	6283	8.309126507043501	8.29641630907541	8.323872822689335	3 3.3931585e-17 1.5004091e-18 1.4074662e-16 1.4745351e-18 2.22382 9.12000 9.11000 9.18000 0.700000 0.660000 0.730000 -1.6796603 -1.6793349 21.000000 21.000000
834	co2_02	7747	8.720817055227727	8.631484134152782	8.795683651838571	1 3.9332425e-18 1.1075222e-18 1.6800276e-17 2.8519707e-18 2.45087 9.93000 9.80000 10.0200 0.700000 0.490000 0.820000 -1.3465118 -1.3457980 21.000000 21.000000
836	co2_02	7735	8.697236404878748	8.62383753965608	8.772012425760183	0 1.9835987e-17 4.7627696e-18 6.9072480e-17 3.9747673e-18 2.43991 9.93000 9.89000 10.0200 0.600000 0.490000 0.800000 -1.2976161 -1.2980479 20.000000 20.000000
840	co2_02	6379	8.43575090184113	8.326918723970033	8.513542171665415	0 1.1046625e-17 3.5291726e-18 2.6270234e-17 3.4414288e-18 2.43820 9.51000 9.33000 9.55000 0.700000 0.500000 0.850000 -1.2342722 -1.2358783 20.000000 20.000000
847	co2_02	6963	8.687945358047633	8.638742120339938	8.74217548444365	1 8.3350784e-18 1.9835981e-18 4.2044411e-17 2.0636006e-18 2.30137 10.8900 10.8900 10.9500 0.600000 0.600000 0.700000 -1.0551400 -1.0551248 21.000000 21.000000
858	gn2_08	35745	8.817706143524656	8.774809867446818	8.846232131647307	1 1.2275599e-17 2.0805204e-18 5.7742305e-17 2.6460831e-18 2.29313 10.3300 10.2000 10.3300 0.900000 0.750000 1.20000 -1.1408833 -1.1387107 4.0000000 4.0000000
859	gn2_08	35975	8.402964747368737	8.372502343902497	8.431683319102643	1 1.7017994e-17 2.3518854e-18 8.2408090e-17 2.5971632e-18 2.15092 9.87000 9.87000 9.91000 0.300000 0.00000 0.340000 -1.6995953 -1.6966447 4.0000000 4.0000000
868	gn2_08	34812	8.537458712588448	8.498504866840939	8.573518694615991	1 1.2981476e-17 1.8814437e-18 6.8943361e-17 2.1618555e-18 2.30509 10.3200 10.2900 10.4100 1.10000 0.980000 1.30000 -1.0950019 -1.0948824 5.0000000 5.0000000
873	gn2_08	29834	8.532575486189847	8.507895556825622	8.557851406961166	1 3.1722213e-17 2.9147825e-18 1.4597970e-16 6.0103887e-18 2.22588 10.3500 10.3500 10.4700 1.00000 0.890000 1.10000 -0.74310434 -0.74225932 5.0000000 5.0000000
1124	ae2_08	3677	8.478794865067169	8.462166776748168	8.502254548104814	1 3.0679719e-17 2.2026005e-18 9.9162317e-17 4.2002870e-18 2.15745 10.1200 10.0300 10.2600 1.10000 0.910000 1.24000 -1.3353114 -1.3362091 5.0000000 5.0000000
1130	ae2_08	9319	8.46704840782275	8.444194448144724	8.49364795905515	1 2.3899935e-17 2.2252191e-18 5.7750713e-17 4.1481148e-18 2.15763 9.51000 9.40000 9.63000 0.900000 0.790000 1.04000 -1.6771401 -1.6781989 5.0000000 5.0000000
1142	ae2_08	19490	8.500452521582945	8.430311921744964	8.56220599019192	0 2.1040157e-17 5.4937559e-18 6.5944067e-17 1.3159937e-18 2.23064 9.88000 9.73000 10.0100 0.700000 0.490000 0.870000 -1.5101483 -1.5087564 5.0000000 5.0000000
1144	ae2_08	15451	8.49903117293406	8.411620393374886	8.556208790393605	1 1.3245565e-17 2.3884459e-18 3.8400304e-17 1.1982005e-18 2.11384 9.84000 9.60000 9.99000 0.700000 0.360000 0.970000 -1.2772133 -1.2764571 4.0000000 4.0000000
1146	ae2_08	22731	8.250654011423135	8.23975571724494	8.261564321664919	3 1.2785630e-16 3.5840605e-18 4.1803386e-16 1.4680097e-18 2.20131 9.75000 9.56000 9.88000 0.900000 0.790000 1.17000 -1.5313402 -1.5283316 5.0000000 5.0000000
1149	ae2_08	20671	8.383574721561754	8.329754969859025	8.439163601288051	3 6.7216932e-18 1.3954251e-18 2.3216360e-17 1.2595079e-18 2.36829 9.80000 9.65000 9.90000 0.600000 0.330000 0.830000 -1.6440029 -1.6421955 5.0000000 5.0000000
1153	ae2_08	25975	8.728884476061491	8.673156789057396	8.77924888481278	0 2.7935750e-17 3.4040811e-18 7.8629836e-17 2.5399908e-18 2.36930 10.6800 10.6000 10.6800 1.00000 0.950000 1.50000 -0.84719396 -0.85021168 5.0000000 5.0000000
1155	ae2_08	29114	8.277359796973283	8.188316706486109	8.36916145983453	1 1.0235162e-17 1.7146889e-18 2.0155240e-17 1.3526698e-18 2.35193 9.17000 8.80000 9.37000 0.200000 0.00000 0.520000 -1.8399497 -1.8390063 5.0000000 5.0000000
1158	ae2_08	33172	8.675013533552699	8.640017794485681	8.71076400159221	1 1.2956602e-17 2.0244701e-18 4.3554705e-17 1.8550835e-18 2.36876 10.0600 9.93000 10.1700 0.700000 0.480000 0.850000 -1.3678362 -1.3670459 5.0000000 5.0000000
1159	ae2_08	35054	8.468638133790618	8.428883080931		8.505112142405011	1 1.5336308e-17 1.8040790e-18 4.2489050e-17 1.3098384e-18 2.16003 9.96000 9.91000 9.96000 0.500000 0.470000 0.700000 -1.5855997 -1.5856433 5.0000000 5.0000000
1160	ae2_08	34296	8.756616134095921	8.687035317759525	8.811191423555531	1 1.9772065e-17 6.0527525e-18 4.0982377e-17 7.0475112e-18 2.30844 10.5300 10.4900 10.5800 0.700000 0.540000 0.990000 -1.1714065 -1.1680994 5.0000000 5.0000000
1161	ae2_08	36050	8.45049801215142	8.427787508957568	8.47473034204773	1 3.4324937e-17 1.7021791e-18 9.2150186e-17 2.9175156e-18 2.52852 9.94000 9.82000 10.0500 0.300000 0.100000 0.450000 -1.9251803 -1.9244815 6.0000000 6.0000000
1162	ae2_08	36180	8.627203509928188	8.551655845799717	8.696603885062501	1 2.1792394e-17 4.2568642e-18 7.4598906e-17 5.9912825e-18 2.53250 10.5000 10.4100 10.5900 0.900000 0.700000 1.04000 -1.2799824 -1.2826486 6.0000000 6.0000000
1166	ae2_234	5834	8.598469585057952	8.544949571781242	8.642033797642753	1 1.1907425e-17 2.9188843e-18 3.1974182e-17 3.3853082e-18 2.18622 9.83000 9.73000 9.83000 0.500000 0.380000 0.710000 -1.5049982 -1.5077419 5.0000000 5.0000000
1168	ae2_234	6569	8.741038678306483	8.69580718456108	8.779270679667434	1 1.5870553e-17 2.4988705e-18 4.7154519e-17 2.0385202e-18 2.08570 9.78000 9.60000 9.89000 1.20000 1.01000 1.42000 -1.2746402 -1.2799931 4.0000000 4.0000000
1174	ae2_234	12311	8.571673804527046	8.543640341767176	8.603704558972428	1 1.7183821e-17 1.8655599e-18 5.2757097e-17 3.9692912e-18 2.13067 9.99000 9.83000 10.0100 0.500000 0.380000 0.720000 -1.7875702 -1.7877824 4.0000000 4.0000000
1175	ae2_234	11101	8.265378204980776	8.196551527862812	8.315122959313852	1 1.1321219e-17 1.3125716e-18 3.6091288e-17 1.3708930e-18 2.27258 9.34000 9.25000 9.45000 0.200000 0.00000 0.310000 -1.5769618 -1.5791063 5.0000000 5.0000000
1177	ae2_234	18318	8.56389449330083	8.46135948703024	8.675989794986842	0 1.0660890e-17 3.3854319e-18 6.4709594e-17 4.8169116e-18 2.37079 9.79000 9.76000 9.90000 0.500000 0.330000 0.720000 -1.5843703 -1.5865432 5.0000000 5.0000000
1181	ae2_234	15082	8.658550678089687	8.605185401163626	8.711862921566308	1 7.0818627e-18 1.0930784e-18 3.9889335e-17 1.8802092e-18 2.29380 9.99000 9.98000 9.99000 0.100000 0.100000 0.400000 -1.6796811 -1.6799085 5.0000000 5.0000000
1190	ae2_234	28710	8.563923490347259	8.506140553795527	8.622625556840037	0 1.3642837e-17 1.8411164e-18 6.5424510e-17 3.8913266e-18 2.18511 10.3200 10.2800 10.3400 0.900000 0.800000 1.01000 -1.4720091 -1.4740667 5.0000000 5.0000000
1191	ae2_234	30032	8.153019764604954	8.112765309029383	8.188459794746361	3 1.3109120e-17 1.3369472e-18 3.8115243e-17 4.3787849e-18 2.15830 9.13000 8.96000 9.25000 0.600000 0.400000 0.760000 -1.8958033 -1.8961045 5.0000000 5.0000000
1193	ae2_234	30596	8.203900628825737	8.137232752953814	8.280153257231015	2 1.2941703e-17 2.6169922e-18 4.6456269e-17 3.8813963e-18 2.21547 9.75000 9.75000 9.79000 0.00000 0.00000 0.0500000 -2.2856801 -2.2845068 5.0000000 5.0000000
1194	ae2_234	34661	8.564056314912015	8.529692064178358	8.59215375072073	1 1.8002886e-17 2.2419794e-18 3.4580946e-17 7.9465013e-18 2.13204 9.67000 9.60000 9.76000 0.500000 0.390000 0.700000 -1.7816634 -1.7826453 4.0000000 4.0000000
1195	ae2_234	31977	8.4068035331182		8.379715792207747	8.438985562062896	1 1.1281170e-17 1.2720564e-18 4.8379984e-17 2.2664116e-18 2.13637 9.31000 9.23000 9.48000 0.700000 0.470000 0.800000 -1.6880352 -1.6886039 5.0000000 5.0000000
1196	ae2_234	30758	8.2566931516244		8.235543504022012	8.281962507800058	3 2.4359462e-17 1.4009251e-18 7.4147090e-17 3.6201292e-18 2.13070 9.14000 9.06000 9.27000 0.200000 0.0100000 0.410000 -1.8865260 -1.8859690 4.0000000 4.0000000
1197	ae2_567	22931	8.127167181944477	8.095081528313557	8.168722653109356	1 3.6558916e-17 5.2430428e-18 1.6149895e-16 1.7261883e-18 2.29524 9.36000 9.18000 9.45000 0.200000 0.0800000 0.380000 -2.0588744 -2.0593956 5.0000000 5.0000000
1200	ae2_567	13673	8.37142449808186	8.324792365224017	8.419934459895503	3 1.4933992e-17 2.7612659e-18 4.3694786e-17 1.7590125e-18 2.23220 10.1600 10.0700 10.2200 0.400000 0.300000 0.630000 -1.8498971 -1.8517140 5.0000000 5.0000000
1202	ae2_567	17849	8.411589258383358	8.366712988434184	8.4533871232268		3 1.2262801e-17 1.8285071e-18 5.3544619e-17 2.5447370e-18 2.39754 9.72000 9.53000 10.0600 0.800000 0.400000 1.00000 -1.4126359 -1.4125615 5.0000000 5.0000000
1205	ae2_567	18543	8.250776519532042	8.225121308139542	8.270628962197515	3 4.7291101e-17 2.8033399e-18 1.2995707e-16 1.5351163e-18 2.13875 9.06000 8.97000 9.09000 0.400000 0.360000 0.520000 -2.1313715 -2.1330981 5.0000000 5.0000000
1208	ae2_567	27825	8.09254220692125	8.06622642167966	8.110957157195386	1 3.9921559e-17 2.4142219e-18 1.7037909e-16 2.0683460e-18 2.29256 10.7000 10.6400 10.8200 0.700000 0.600000 0.930000 -0.36100599 -0.36474898 5.0000000 5.0000000
1211	ae2_567	28526	8.629269531265747	8.545676985379789	8.70283170137599	1 1.5059068e-17 3.6308852e-18 6.7761892e-17 1.8656816e-18 2.23239 10.2000 10.1400 10.2800 1.00000 0.790000 1.20000 -1.3707418 -1.3720409 5.0000000 5.0000000
1217	ae2_567	32638	8.54992428925908	8.51379066931961	8.591632347669638	1 1.0074034e-17 1.2501844e-18 3.0582574e-17 2.5511716e-18 2.40805 10.0500 9.93000 10.1400 0.400000 0.300000 0.620000 -1.6284750 -1.6275387 5.0000000 5.0000000
1218	ae2_567	26963	8.543581547519842	8.480804062715222	8.605618963570587	0 1.1639994e-17 3.7354118e-18 3.6555181e-17 1.3867467e-18 2.19255 9.96000 9.89000 10.0000 0.300000 0.0900000 0.510000 -1.6749154 -1.6754041 5.0000000 5.0000000
1219	ae2_567	39088	8.231756100314051	8.197672255281956	8.265911288575456	3 2.4724960e-17 2.3249216e-18 7.9678054e-17 1.5308570e-18 2.13940 9.23000 8.98000 9.32000 0.700000 0.580000 0.920000 -1.5983647 -1.6007222 5.0000000 5.0000000
1221	ae2_567	28537	8.696493540791428	8.601389883118282	8.774987409673637	0 2.9161948e-17 4.0015642e-18 1.2041388e-16 3.9090798e-18 2.39462 10.4600 10.3800 10.4600 0.400000 0.310000 0.710000 -1.6211506 -1.6226403 5.0000000 5.0000000
1225	ae2_567	38767	8.30692472160286	8.246387397410764	8.363686531981413	1 1.1099765e-17 2.8449934e-18 3.2772326e-17 3.0903697e-18 2.30834 9.40000 9.40000 9.48000 1.10000 1.08000 1.20000 -1.5497355 -1.5501994 5.0000000 5.0000000
1337	co2_05	21780	8.458925414947922	8.413435523511438	8.518197966470487	1 7.1225323e-18 1.7453427e-18 3.6253180e-17 2.4122115e-18 2.47184 9.69000 9.60000 9.78000 0.400000 0.170000 0.490000 -1.6447792 -1.6462882 21.000000 21.000000
1339	co2_05	22193	8.649651462013725	8.588784487018359	8.700745234554155	1 6.5905959e-18 1.6996939e-18 4.7530734e-17 3.3443460e-18 2.46511 10.3200 10.3200 10.3200 1.00000 1.00000 1.00000 -0.68363553 -0.68468273 21.000000 21.000000
1343	co2_05	21955	8.652241277046166	8.61933273012405	8.687080496310662	1 1.1965707e-17 1.3039961e-18 6.5603344e-17 1.8106587e-18 2.46756 10.1600 10.1600 10.2600 0.800000 0.490000 0.900000 -1.4086303 -1.4072534 21.000000 21.000000
1350	co2_05	25229	8.41374812986832	8.388174873510232	8.435051063499772	3 2.7483235e-17 2.5563651e-18 9.9699905e-17 1.3417772e-18 2.18120 9.79000 9.74000 9.90000 0.600000 0.510000 0.710000 -1.6430215 -1.6414816 20.000000 20.000000
1353	co2_05	24020	8.546038026492583	8.505575306580301	8.58692233790596	1 8.8034801e-18 1.3718929e-18 5.0546921e-17 1.8180377e-18 2.09233 9.89000 9.77000 9.92000 0.500000 0.450000 0.810000 -1.4962209 -1.4970944 19.000000 19.000000
1382	co2_06	27120	8.361239374336828	8.312957004887153	8.406655592439781	2 2.2749419e-17 3.6092109e-18 7.1345898e-17 3.2012712e-18 2.47840 10.0600 10.0300 10.0600 0.400000 0.350000 0.600000 -1.5083468 -1.5088052 19.000000 19.000000
1383	co2_06	25229	8.401076098121623	8.38195084195983	8.425245492721093	3 3.5979438e-17 2.9063693e-18 1.2585467e-16 1.3245678e-18 2.18120 9.79000 9.74000 9.90000 0.600000 0.510000 0.710000 -1.6419306 -1.6435554 20.000000 20.000000
1399	co2_06	27056	8.393447140695736	8.33996867370195	8.44904278621646	1 1.1187023e-17 1.6336853e-18 3.3651740e-17 2.3872262e-18 2.33298 9.40000 9.30000 9.44000 0.100000 0.00000 0.220000 -1.9055219 -1.9056164 21.000000 21.000000
1402	co2_07	1331	8.313418056063071	8.279340732429993	8.337031108240444	1 1.8850442e-17 1.2585966e-18 6.9445713e-17 5.0078360e-18 2.28005 9.41000 9.33000 9.55000 1.00000 0.870000 1.11000 -1.1631382 -1.1617237 21.000000 21.000000
1403	co2_07	2239	8.430458124645176	8.375788667890896	8.486928968211265	0 1.5258737e-17 2.5511133e-18 4.6189121e-17 2.4204608e-18 2.18781 9.55000 9.55000 9.62000 0.300000 0.240000 0.600000 -1.4983199 -1.4954011 20.000000 20.000000
1406	co2_07	3773	8.334781872646177	8.295432255135125	8.370215632068906	1 1.6043895e-17 1.8445028e-18 8.5092112e-17 3.5117781e-18 2.42511 9.60000 9.46000 9.68000 0.700000 0.630000 0.870000 -1.4928777 -1.4920406 20.000000 20.000000
1409	co2_07	4156	8.063764886099728	8.010041736124071	8.111697945161938	3 3.8141614e-17 2.7393425e-18 1.2873840e-16 1.8472781e-18 2.18980 8.62000 8.55000 8.62000 0.300000 0.230000 0.330000 -2.1753774 -2.1764531 20.000000 20.000000
1413	co2_07	5571	8.585144229142877	8.571439797045873	8.600050191854796	1 3.0510717e-17 1.4318134e-18 1.3354766e-16 2.6427689e-18 2.27791 10.1500 10.1500 10.1500 0.900000 0.900000 0.900000 -0.98754305 -0.98774749 21.000000 21.000000
1415	co2_07	5901	8.693818649389979	8.659389433924717	8.726276762154141	1 2.2216149e-17 1.2230378e-18 9.9579971e-17 2.8923239e-18 2.39624 9.97000 9.83000 10.0500 0.900000 0.790000 1.04000 -1.3456876 -1.3455639 20.000000 20.000000
1416	co2_07	5814	8.691183262488137	8.671363545836698	8.716912664578704	1 4.2997688e-17 2.7635214e-18 2.2252259e-16 5.7330950e-18 2.12662 10.4900 10.4900 10.4900 1.10000 1.10000 1.10000 -0.81168109 -0.81196350 19.000000 19.000000
1420	co2_07	6750	8.485733414750692	8.469315844296384	8.50204586772214	1 4.0450235e-17 1.5718952e-18 1.7840457e-16 3.3280849e-18 2.12757 9.84000 9.79000 9.94000 0.800000 0.660000 0.830000 -1.5288967 -1.5276887 19.000000 19.000000
1421	co2_07	7561	8.473495684174502	8.436254011435759	8.509284020063873	1 1.9591375e-17 2.6993740e-18 6.2062942e-17 3.2860355e-18 2.09053 9.64000 9.54000 9.73000 0.700000 0.550000 0.810000 -999.00000 -999.00000 -999.00000 -999.00000
1426	co2_07	9251	8.136543261904007	8.08242646116596	8.189802723537742	3 1.5439277e-17 1.6604628e-18 5.4075769e-17 2.2558224e-18 2.24256 8.23000 8.14000 8.38000 0.300000 0.200000 0.410000 -2.0109537 -2.0118799 21.000000 21.000000
1429	co2_07	9393	8.489096814194589	8.470412745291492	8.507176702194586	1 2.7565322e-17 1.4573168e-18 1.3740275e-16 3.9253100e-18 2.41265 10.2100 10.2100 10.2400 1.00000 0.800000 1.01000 -1.1017677 -1.1030127 20.000000 20.000000
1432	co2_07	9971	8.44902179818826	8.432968384983514	8.46840229924499	3 4.0055931e-17 1.5723977e-18 1.7503220e-16 3.1437571e-18 2.41083 10.2300 10.1800 10.3100 1.00000 0.800000 1.05000 -1.1927366 -1.1932379 20.000000 20.000000
1560	gn2_01	328	8.597092812052413	8.586662954462547	8.610463509786262	1 5.4605166e-17 2.2174795e-18 2.7381902e-16 1.6282816e-18 2.26658 10.2600 10.1100 10.3800 1.20000 1.09000 1.36000 -1.1801642 -1.1813906 4.0000000 4.0000000
1565	gn2_01	1994	8.369772156348887	8.325784070171169	8.403005911678697	1 1.1766704e-17 1.5310255e-18 4.2226483e-17 1.2902619e-18 2.11902 8.86000 8.68000 9.01000 0.800000 0.610000 1.00000 -1.3358015 -1.3352661 5.0000000 5.0000000
1569	gn2_01	3216	8.779116761224909	8.724408685391609	8.835147905720754	3 3.0882154e-17 5.0236578e-18 1.2497438e-16 2.3637147e-18 2.17524 10.7200 10.6700 10.7200 0.600000 0.550000 0.740000 -1.5678508 -1.5676407 5.0000000 5.0000000
1571	gn2_01	1975	8.244857818179144	8.210964961146583	8.280292937711637	2 3.0162491e-17 6.4812899e-18 9.9916195e-17 1.8491203e-18 2.36154 9.44000 9.30000 9.49000 0.600000 0.490000 0.700000 -1.4433044 -1.4437710 5.0000000 5.0000000
1578	gn2_01	4209	8.53923789867795	8.497929384681985	8.582731636380448	1 1.1875926e-17 2.2647858e-18 4.3175693e-17 2.3465910e-18 2.30313 9.99000 9.94000 10.0300 0.500000 0.290000 0.700000 -1.5007776 -1.5027504 5.0000000 5.0000000
1584	gn2_01	9387	8.623463046987085	8.560955406202684	8.67989748762275	1 8.6679790e-18 2.3593226e-18 4.4647207e-17 2.4423433e-18 2.43864 10.4300 10.4300 10.4500 1.00000 0.700000 1.03000 -0.080214038 -0.079574697 4.0000000 4.0000000
1589	gn2_123	2548	8.406509511593864	8.372188417825335	8.436012603779384	1 1.4173338e-17 1.8216091e-18 3.4048881e-17 2.4689212e-18 2.30195 9.62000 9.57000 9.72000 0.500000 0.370000 0.600000 -1.3609202 -1.3627092 5.0000000 5.0000000
1590	gn2_123	2586	8.61691966325753	8.593090078225316	8.64209955598152	1 2.4199264e-17 2.1253696e-18 7.3766450e-17 2.7014969e-18 2.30116 10.4000 10.1800 10.5300 1.20000 0.970000 1.43000 -1.4028882 -1.4048375 4.0000000 4.0000000
1599	gn2_123	6309	8.594896399329587	8.555962395533237	8.632096391079257	1 1.5955718e-17 2.6709303e-18 4.9558922e-17 2.7333909e-18 2.24409 9.76000 9.66000 9.92000 0.500000 0.290000 0.670000 -1.6534268 -1.6539745 5.0000000 5.0000000
1610	gn2_123	12977	8.49150666345175	8.443716214081636	8.555385716467157	1 1.8217533e-17 4.1900357e-18 5.0333806e-17 3.9920850e-18 2.43844 9.87000 9.87000 9.97000 0.500000 0.300000 0.570000 -1.3334503 -1.3328784 4.0000000 4.0000000
1616	gn2_123	15777	8.127179903452344	8.059820179907698	8.176641319340886	1 1.1303483e-17 2.0861115e-18 5.0238511e-17 2.3729441e-18 2.24038 9.19000 9.12000 9.27000 0.00000 0.00000 0.0500000 -2.3048108 -2.3034713 5.0000000 5.0000000
1625	gn2_dee	15096	8.739971804942225	8.646717582682948	8.806846148966201	0 3.4027953e-17 1.1147318e-17 1.2129661e-16 1.9869634e-18 2.26963 10.2800 10.1800 10.2800 0.800000 0.770000 0.900000 -1.2496666 -1.2500961 5.0000000 5.0000000
1638	gn2_dee	24328	8.083616132004863	8.058480164104218	8.110721080238864	3 4.6727976e-17 4.5957542e-18 1.5646548e-16 4.0791271e-18 2.40718 9.38000 9.12000 9.54000 0.400000 0.220000 0.600000 -1.3840210 -1.3845271 5.0000000 5.0000000
1639	gn2_dee	25142	8.541390998640527	8.490890426744482	8.580856759371198	1 2.4990284e-17 4.2904160e-18 7.8814214e-17 4.2132354e-18 2.46910 10.0200 10.0200 10.1200 0.900000 0.690000 0.910000 -0.82550704 -0.82632273 4.0000000 4.0000000
1641	gn2_dee	20856	8.407535832656064	8.365543690526179	8.455058803431655	1 1.8153437e-17 2.6974906e-18 4.6718104e-17 3.8781220e-18 2.42196 9.83000 9.74000 9.91000 0.800000 0.590000 0.910000 -0.81503361 -0.81391042 4.0000000 4.0000000
1644	gn2_dee	26557	8.38112141287632	8.294722999754466	8.455883457130565	1 1.9750075e-17 5.4841168e-18 6.9109494e-17 2.2586135e-18 2.18336 9.31000 9.15000 9.41000 0.700000 0.590000 0.930000 -1.3257779 -1.3252581 5.0000000 5.0000000
1645	gn2_dee	21290	8.021681452097505	7.972437372128354	8.073710733076556	2 3.5812863e-17 8.7616236e-18 1.3269461e-16 4.5448031e-18 2.21491 10.5700 10.5200 10.6200 0.00000 0.00000 0.310000 -2.2389212 -2.2421951 5.0000000 5.0000000
1646	gn2_dee	22669	8.524201009617071	8.472184913405847	8.572309051215024	1 2.3896155e-17 5.3597207e-18 9.0249528e-17 5.0417174e-18 2.13399 10.3000 10.1900 10.3400 0.500000 0.440000 0.700000 -1.6141937 -1.6135235 5.0000000 5.0000000
1647	gn2_dee	28061	8.571143660635236	8.51389672814453	8.638972159910677	2 2.0990084e-17 5.8028805e-18 1.7345923e-16 1.7987340e-18 2.19564 9.96000 9.96000 10.0600 0.400000 0.300000 0.420000 -1.4523922 -1.4535321 5.0000000 5.0000000
1651	gn2_dee	24846	8.276875797383365	8.236853126075312	8.314375235026427	3 2.2569052e-17 3.7853136e-18 9.8676914e-17 2.2557860e-18 2.18719 9.76000 9.56000 9.86000 0.300000 0.160000 0.600000 -1.6404363 -1.6398972 5.0000000 5.0000000
1793	gs2_all	29868	8.663421774997254	8.644244787978684	8.686740894529969	1 2.9857459e-17 2.5317357e-18 1.8371954e-16 2.8211577e-18 2.22425 10.0000 9.83000 10.1900 0.800000 0.540000 1.00000 -0.94389826 -0.94164348 4.0000000 4.0000000
1798	gs2_all	26974	8.217740892954907	8.201232766121434	8.235562752726594	1 3.9565573e-17 1.6651009e-18 1.2152917e-16 2.9827765e-18 2.32679 9.75000 9.73000 9.89000 0.500000 0.370000 0.540000 -1.3213881 -1.3223577 4.0000000 4.0000000
1800	gs2_all	33036	8.132138084846043	8.105708305782038	8.164810738982618	3 3.3899981e-17 2.3428999e-18 1.2953883e-16 2.1605183e-18 2.31260 9.02000 8.83000 9.20000 0.300000 0.100000 0.460000 -1.2798285 -1.2769393 4.0000000 4.0000000
1801	gs2_all	34810	8.351362508911631	8.32721287667805	8.377425519717654	3 3.6101914e-17 4.3270578e-18 1.6367598e-16 2.6398668e-18 2.23817 9.55000 9.55000 9.57000 1.30000 1.27000 1.31000 -0.14554276 -0.14415854 4.0000000 4.0000000
1816	gs2_all	36705	8.629913711629847	8.572402637035209	8.706746839556523	0 1.2367991e-17 3.9979167e-18 6.2366610e-17 3.2148725e-18 2.30639 10.2400 10.2400 10.3600 0.400000 0.290000 0.600000 -0.71549600 -0.71886772 4.0000000 4.0000000
1817	gs2_all	41547	8.253078601284741	8.223132575274233	8.289123084060826	1 4.5058078e-17 5.3729870e-18 1.6574399e-16 4.3158505e-18 2.54514 9.47000 9.23000 9.58000 0.300000 0.210000 0.540000 -0.58669776 -0.58795530 3.0000000 3.0000000
1821	gs2_all	40768	8.33186799060022	8.322694365103155	8.339438914483107	1 8.7633820e-17 2.4922686e-18 3.9389396e-16 2.7104154e-18 2.30355 9.79000 9.71000 9.81000 0.900000 0.880000 1.00000 -0.51174837 -0.51152241 4.0000000 4.0000000
