w(micron)   Q_ext     Q_abs     Q_sca    g=<cos>
1.000E+03 8.071E-09 8.071E-09 6.555E-20 0.00E+00
9.886E+02 8.248E-09 8.248E-09 6.864E-20 0.00E+00
9.772E+02 8.429E-09 8.429E-09 7.187E-20 0.00E+00
9.661E+02 8.614E-09 8.614E-09 7.526E-20 0.00E+00
9.550E+02 8.803E-09 8.803E-09 7.880E-20 0.00E+00
9.441E+02 8.996E-09 8.996E-09 8.251E-20 0.00E+00
9.333E+02 9.194E-09 9.194E-09 8.640E-20 0.00E+00
9.226E+02 9.396E-09 9.396E-09 9.047E-20 0.00E+00
9.120E+02 9.603E-09 9.603E-09 9.473E-20 0.00E+00
9.016E+02 9.815E-09 9.815E-09 9.919E-20 0.00E+00
8.913E+02 1.003E-08 1.003E-08 1.039E-19 0.00E+00
8.810E+02 1.025E-08 1.025E-08 1.088E-19 0.00E+00
8.710E+02 1.048E-08 1.048E-08 1.139E-19 0.00E+00
8.610E+02 1.071E-08 1.071E-08 1.192E-19 0.00E+00
8.511E+02 1.095E-08 1.095E-08 1.249E-19 0.00E+00
8.414E+02 1.119E-08 1.119E-08 1.307E-19 0.00E+00
8.318E+02 1.144E-08 1.144E-08 1.369E-19 0.00E+00
8.222E+02 1.169E-08 1.169E-08 1.433E-19 0.00E+00
8.128E+02 1.195E-08 1.195E-08 1.501E-19 0.00E+00
8.035E+02 1.222E-08 1.222E-08 1.572E-19 0.00E+00
7.943E+02 1.249E-08 1.249E-08 1.646E-19 0.00E+00
7.852E+02 1.277E-08 1.277E-08 1.723E-19 0.00E+00
7.762E+02 1.305E-08 1.305E-08 1.804E-19 0.00E+00
7.674E+02 1.334E-08 1.334E-08 1.889E-19 0.00E+00
7.586E+02 1.364E-08 1.364E-08 1.978E-19 0.00E+00
7.499E+02 1.394E-08 1.394E-08 2.072E-19 0.00E+00
7.413E+02 1.425E-08 1.425E-08 2.169E-19 0.00E+00
7.328E+02 1.457E-08 1.457E-08 2.271E-19 0.00E+00
7.244E+02 1.490E-08 1.490E-08 2.378E-19 0.00E+00
7.161E+02 1.523E-08 1.523E-08 2.490E-19 0.00E+00
7.079E+02 1.557E-08 1.557E-08 2.608E-19 0.00E+00
6.998E+02 1.592E-08 1.592E-08 2.730E-19 0.00E+00
6.918E+02 1.628E-08 1.628E-08 2.859E-19 0.00E+00
6.839E+02 1.664E-08 1.664E-08 2.994E-19 0.00E+00
6.761E+02 1.701E-08 1.701E-08 3.135E-19 0.00E+00
6.683E+02 1.740E-08 1.740E-08 3.282E-19 0.00E+00
6.607E+02 1.779E-08 1.779E-08 3.437E-19 0.00E+00
6.531E+02 1.819E-08 1.819E-08 3.599E-19 0.00E+00
6.457E+02 1.860E-08 1.860E-08 3.768E-19 0.00E+00
6.383E+02 1.901E-08 1.901E-08 3.946E-19 0.00E+00
6.310E+02 1.944E-08 1.944E-08 4.132E-19 0.00E+00
6.237E+02 1.988E-08 1.988E-08 4.326E-19 0.00E+00
6.166E+02 2.033E-08 2.033E-08 4.530E-19 0.00E+00
6.095E+02 2.079E-08 2.079E-08 4.743E-19 0.00E+00
6.026E+02 2.126E-08 2.126E-08 4.967E-19 0.00E+00
5.957E+02 2.174E-08 2.174E-08 5.201E-19 0.00E+00
5.888E+02 2.223E-08 2.223E-08 5.446E-19 0.00E+00
5.821E+02 2.273E-08 2.273E-08 5.702E-19 0.00E+00
5.754E+02 2.325E-08 2.325E-08 5.971E-19 0.00E+00
5.689E+02 2.377E-08 2.377E-08 6.252E-19 0.00E+00
5.623E+02 2.431E-08 2.431E-08 6.546E-19 0.00E+00
5.559E+02 2.486E-08 2.486E-08 6.855E-19 0.00E+00
5.495E+02 2.543E-08 2.543E-08 7.178E-19 0.00E+00
5.433E+02 2.600E-08 2.600E-08 7.516E-19 0.00E+00
5.370E+02 2.659E-08 2.659E-08 7.870E-19 0.00E+00
5.309E+02 2.720E-08 2.720E-08 8.240E-19 0.00E+00
5.248E+02 2.782E-08 2.782E-08 8.628E-19 0.00E+00
5.188E+02 2.845E-08 2.845E-08 9.035E-19 0.00E+00
5.129E+02 2.910E-08 2.910E-08 9.460E-19 0.00E+00
5.070E+02 2.976E-08 2.976E-08 9.906E-19 0.00E+00
5.012E+02 3.044E-08 3.044E-08 1.037E-18 0.00E+00
4.955E+02 3.113E-08 3.113E-08 1.086E-18 0.00E+00
4.898E+02 3.184E-08 3.184E-08 1.137E-18 0.00E+00
4.842E+02 3.257E-08 3.257E-08 1.191E-18 0.00E+00
4.786E+02 3.331E-08 3.331E-08 1.247E-18 0.00E+00
4.732E+02 3.407E-08 3.407E-08 1.306E-18 0.00E+00
4.677E+02 3.485E-08 3.485E-08 1.367E-18 0.00E+00
4.624E+02 3.564E-08 3.564E-08 1.431E-18 0.00E+00
4.571E+02 3.646E-08 3.646E-08 1.499E-18 0.00E+00
4.519E+02 3.729E-08 3.729E-08 1.569E-18 0.00E+00
4.467E+02 3.814E-08 3.814E-08 1.643E-18 0.00E+00
4.416E+02 3.902E-08 3.902E-08 1.721E-18 0.00E+00
4.365E+02 3.991E-08 3.991E-08 1.802E-18 0.00E+00
4.315E+02 4.083E-08 4.083E-08 1.887E-18 0.00E+00
4.266E+02 4.176E-08 4.176E-08 1.976E-18 0.00E+00
4.217E+02 4.272E-08 4.272E-08 2.069E-18 0.00E+00
4.169E+02 4.370E-08 4.370E-08 2.166E-18 0.00E+00
4.121E+02 4.470E-08 4.470E-08 2.268E-18 0.00E+00
4.074E+02 4.573E-08 4.573E-08 2.375E-18 0.00E+00
4.027E+02 4.678E-08 4.678E-08 2.487E-18 0.00E+00
3.981E+02 4.785E-08 4.785E-08 2.604E-18 0.00E+00
3.936E+02 4.895E-08 4.895E-08 2.726E-18 0.00E+00
3.890E+02 5.008E-08 5.008E-08 2.855E-18 0.00E+00
3.846E+02 5.123E-08 5.123E-08 2.989E-18 0.00E+00
3.802E+02 5.241E-08 5.241E-08 3.130E-18 0.00E+00
3.758E+02 5.361E-08 5.361E-08 3.277E-18 0.00E+00
3.715E+02 5.485E-08 5.485E-08 3.431E-18 0.00E+00
3.673E+02 5.611E-08 5.611E-08 3.593E-18 0.00E+00
3.631E+02 5.740E-08 5.740E-08 3.762E-18 0.00E+00
3.589E+02 5.873E-08 5.873E-08 3.939E-18 0.00E+00
3.548E+02 6.008E-08 6.008E-08 4.125E-18 0.00E+00
3.508E+02 6.147E-08 6.147E-08 4.319E-18 0.00E+00
3.467E+02 6.289E-08 6.289E-08 4.522E-18 0.00E+00
3.428E+02 6.434E-08 6.434E-08 4.735E-18 0.00E+00
3.388E+02 6.582E-08 6.582E-08 4.958E-18 0.00E+00
3.350E+02 6.734E-08 6.734E-08 5.191E-18 0.00E+00
3.311E+02 6.890E-08 6.890E-08 5.436E-18 0.00E+00
3.273E+02 7.049E-08 7.049E-08 5.692E-18 0.00E+00
3.236E+02 7.212E-08 7.212E-08 5.959E-18 0.00E+00
3.199E+02 7.379E-08 7.379E-08 6.240E-18 0.00E+00
3.162E+02 7.549E-08 7.549E-08 6.534E-18 0.00E+00
3.126E+02 7.724E-08 7.724E-08 6.841E-18 0.00E+00
3.090E+02 7.903E-08 7.903E-08 7.163E-18 0.00E+00
3.055E+02 8.086E-08 8.086E-08 7.500E-18 0.00E+00
3.020E+02 8.273E-08 8.273E-08 7.853E-18 0.00E+00
2.985E+02 8.464E-08 8.464E-08 8.223E-18 0.00E+00
2.951E+02 8.660E-08 8.660E-08 8.610E-18 0.00E+00
2.917E+02 8.861E-08 8.861E-08 9.015E-18 0.00E+00
2.884E+02 9.067E-08 9.067E-08 9.439E-18 0.00E+00
2.851E+02 9.277E-08 9.277E-08 9.883E-18 0.00E+00
2.818E+02 9.492E-08 9.492E-08 1.035E-17 0.00E+00
2.786E+02 9.712E-08 9.712E-08 1.084E-17 0.00E+00
2.754E+02 9.937E-08 9.937E-08 1.135E-17 0.00E+00
2.723E+02 1.017E-07 1.017E-07 1.188E-17 0.00E+00
2.692E+02 1.040E-07 1.040E-07 1.244E-17 0.00E+00
2.661E+02 1.065E-07 1.065E-07 1.302E-17 0.00E+00
2.630E+02 1.089E-07 1.089E-07 1.364E-17 0.00E+00
2.600E+02 1.115E-07 1.115E-07 1.428E-17 0.00E+00
2.570E+02 1.141E-07 1.141E-07 1.495E-17 0.00E+00
2.541E+02 1.167E-07 1.167E-07 1.565E-17 0.00E+00
2.512E+02 1.194E-07 1.194E-07 1.639E-17 0.00E+00
2.483E+02 1.222E-07 1.222E-07 1.716E-17 0.00E+00
2.455E+02 1.250E-07 1.250E-07 1.797E-17 0.00E+00
2.427E+02 1.280E-07 1.280E-07 1.881E-17 0.00E+00
2.399E+02 1.309E-07 1.309E-07 1.970E-17 0.00E+00
2.371E+02 1.340E-07 1.340E-07 2.062E-17 0.00E+00
2.344E+02 1.371E-07 1.371E-07 2.159E-17 0.00E+00
2.317E+02 1.403E-07 1.403E-07 2.261E-17 0.00E+00
2.291E+02 1.436E-07 1.436E-07 2.367E-17 0.00E+00
2.265E+02 1.469E-07 1.469E-07 2.478E-17 0.00E+00
2.239E+02 1.503E-07 1.503E-07 2.595E-17 0.00E+00
2.213E+02 1.538E-07 1.538E-07 2.717E-17 0.00E+00
2.188E+02 1.574E-07 1.574E-07 2.844E-17 0.00E+00
2.163E+02 1.611E-07 1.611E-07 2.978E-17 0.00E+00
2.138E+02 1.649E-07 1.649E-07 3.118E-17 0.00E+00
2.113E+02 1.687E-07 1.687E-07 3.265E-17 0.00E+00
2.089E+02 1.727E-07 1.727E-07 3.418E-17 0.00E+00
2.065E+02 1.767E-07 1.767E-07 3.579E-17 0.00E+00
2.042E+02 1.808E-07 1.808E-07 3.747E-17 0.00E+00
2.018E+02 1.850E-07 1.850E-07 3.923E-17 0.00E+00
1.995E+02 1.894E-07 1.894E-07 4.107E-17 0.00E+00
1.972E+02 1.938E-07 1.938E-07 4.300E-17 0.00E+00
1.950E+02 1.983E-07 1.983E-07 4.502E-17 0.00E+00
1.928E+02 2.030E-07 2.030E-07 4.714E-17 0.00E+00
1.905E+02 2.077E-07 2.077E-07 4.935E-17 0.00E+00
1.884E+02 2.126E-07 2.126E-07 5.167E-17 0.00E+00
1.862E+02 2.176E-07 2.176E-07 5.410E-17 0.00E+00
1.841E+02 2.227E-07 2.227E-07 5.664E-17 0.00E+00
1.820E+02 2.279E-07 2.279E-07 5.930E-17 0.00E+00
1.799E+02 2.332E-07 2.332E-07 6.208E-17 0.00E+00
1.778E+02 2.387E-07 2.387E-07 6.499E-17 0.00E+00
1.758E+02 2.443E-07 2.443E-07 6.804E-17 0.00E+00
1.738E+02 2.500E-07 2.500E-07 7.124E-17 0.00E+00
1.718E+02 2.559E-07 2.559E-07 7.458E-17 0.00E+00
1.698E+02 2.619E-07 2.619E-07 7.808E-17 0.00E+00
1.679E+02 2.681E-07 2.681E-07 8.175E-17 0.00E+00
1.660E+02 2.744E-07 2.744E-07 8.558E-17 0.00E+00
1.641E+02 2.808E-07 2.808E-07 8.960E-17 0.00E+00
1.622E+02 2.874E-07 2.874E-07 9.380E-17 0.00E+00
1.603E+02 2.942E-07 2.942E-07 9.820E-17 0.00E+00
1.585E+02 3.011E-07 3.011E-07 1.028E-16 0.00E+00
1.567E+02 3.082E-07 3.082E-07 1.076E-16 0.00E+00
1.549E+02 3.154E-07 3.154E-07 1.127E-16 0.00E+00
1.531E+02 3.229E-07 3.229E-07 1.180E-16 0.00E+00
1.514E+02 3.305E-07 3.305E-07 1.235E-16 0.00E+00
1.496E+02 3.383E-07 3.383E-07 1.293E-16 0.00E+00
1.479E+02 3.463E-07 3.463E-07 1.353E-16 0.00E+00
1.462E+02 3.544E-07 3.544E-07 1.417E-16 0.00E+00
1.445E+02 3.628E-07 3.628E-07 1.483E-16 0.00E+00
1.429E+02 3.714E-07 3.714E-07 1.553E-16 0.00E+00
1.413E+02 3.802E-07 3.802E-07 1.625E-16 0.00E+00
1.396E+02 3.891E-07 3.891E-07 1.701E-16 0.00E+00
1.380E+02 3.984E-07 3.984E-07 1.781E-16 0.00E+00
1.365E+02 4.078E-07 4.078E-07 1.864E-16 0.00E+00
1.349E+02 4.174E-07 4.174E-07 1.952E-16 0.00E+00
1.334E+02 4.273E-07 4.273E-07 2.043E-16 0.00E+00
1.318E+02 4.375E-07 4.375E-07 2.139E-16 0.00E+00
1.303E+02 4.478E-07 4.478E-07 2.239E-16 0.00E+00
1.288E+02 4.585E-07 4.585E-07 2.343E-16 0.00E+00
1.274E+02 4.694E-07 4.694E-07 2.453E-16 0.00E+00
1.259E+02 4.805E-07 4.805E-07 2.568E-16 0.00E+00
1.245E+02 4.919E-07 4.919E-07 2.688E-16 0.00E+00
1.230E+02 5.037E-07 5.037E-07 2.813E-16 0.00E+00
1.216E+02 5.156E-07 5.156E-07 2.945E-16 0.00E+00
1.202E+02 5.279E-07 5.279E-07 3.082E-16 0.00E+00
1.189E+02 5.405E-07 5.405E-07 3.226E-16 0.00E+00
1.175E+02 5.534E-07 5.534E-07 3.377E-16 0.00E+00
1.161E+02 5.666E-07 5.666E-07 3.535E-16 0.00E+00
1.148E+02 5.801E-07 5.801E-07 3.700E-16 0.00E+00
1.135E+02 5.940E-07 5.940E-07 3.872E-16 0.00E+00
1.122E+02 6.082E-07 6.082E-07 4.053E-16 0.00E+00
1.109E+02 6.228E-07 6.228E-07 4.242E-16 0.00E+00
1.096E+02 6.377E-07 6.377E-07 4.440E-16 0.00E+00
1.084E+02 6.529E-07 6.529E-07 4.647E-16 0.00E+00
1.072E+02 6.686E-07 6.686E-07 4.863E-16 0.00E+00
1.059E+02 6.846E-07 6.846E-07 5.090E-16 0.00E+00
1.047E+02 7.011E-07 7.011E-07 5.326E-16 0.00E+00
1.035E+02 7.179E-07 7.179E-07 5.574E-16 0.00E+00
1.023E+02 7.352E-07 7.352E-07 5.834E-16 0.00E+00
1.012E+02 7.529E-07 7.529E-07 6.105E-16 0.00E+00
1.000E+02 7.710E-07 7.710E-07 6.389E-16 0.00E+00
9.886E+01 7.895E-07 7.895E-07 6.686E-16 0.00E+00
9.772E+01 8.086E-07 8.086E-07 6.996E-16 0.00E+00
9.661E+01 8.281E-07 8.281E-07 7.321E-16 0.00E+00
9.550E+01 8.480E-07 8.480E-07 7.661E-16 0.00E+00
9.441E+01 8.685E-07 8.685E-07 8.017E-16 0.00E+00
9.333E+01 8.894E-07 8.894E-07 8.388E-16 0.00E+00
9.226E+01 9.109E-07 9.109E-07 8.777E-16 0.00E+00
9.120E+01 9.329E-07 9.329E-07 9.184E-16 0.00E+00
9.016E+01 9.555E-07 9.555E-07 9.609E-16 0.00E+00
8.913E+01 9.786E-07 9.786E-07 1.005E-15 0.00E+00
8.810E+01 1.002E-06 1.002E-06 1.052E-15 0.00E+00
8.710E+01 1.027E-06 1.027E-06 1.101E-15 0.00E+00
8.610E+01 1.051E-06 1.051E-06 1.152E-15 0.00E+00
8.511E+01 1.077E-06 1.077E-06 1.205E-15 0.00E+00
8.414E+01 1.103E-06 1.103E-06 1.260E-15 0.00E+00
8.318E+01 1.130E-06 1.130E-06 1.319E-15 0.00E+00
8.222E+01 1.157E-06 1.157E-06 1.379E-15 0.00E+00
8.128E+01 1.186E-06 1.186E-06 1.443E-15 0.00E+00
8.035E+01 1.215E-06 1.215E-06 1.510E-15 0.00E+00
7.943E+01 1.244E-06 1.244E-06 1.579E-15 0.00E+00
7.852E+01 1.275E-06 1.275E-06 1.652E-15 0.00E+00
7.762E+01 1.306E-06 1.306E-06 1.728E-15 0.00E+00
7.674E+01 1.338E-06 1.338E-06 1.807E-15 0.00E+00
7.586E+01 1.371E-06 1.371E-06 1.890E-15 0.00E+00
7.499E+01 1.404E-06 1.404E-06 1.977E-15 0.00E+00
7.413E+01 1.439E-06 1.439E-06 2.068E-15 0.00E+00
7.328E+01 1.474E-06 1.474E-06 2.163E-15 0.00E+00
7.244E+01 1.511E-06 1.511E-06 2.262E-15 0.00E+00
7.161E+01 1.548E-06 1.548E-06 2.366E-15 0.00E+00
7.079E+01 1.586E-06 1.586E-06 2.474E-15 0.00E+00
6.998E+01 1.625E-06 1.625E-06 2.587E-15 0.00E+00
6.918E+01 1.666E-06 1.666E-06 2.706E-15 0.00E+00
6.839E+01 1.707E-06 1.707E-06 2.829E-15 0.00E+00
6.761E+01 1.749E-06 1.749E-06 2.958E-15 0.00E+00
6.683E+01 1.793E-06 1.793E-06 3.093E-15 0.00E+00
6.607E+01 1.837E-06 1.837E-06 3.234E-15 0.00E+00
6.531E+01 1.883E-06 1.883E-06 3.382E-15 0.00E+00
6.457E+01 1.930E-06 1.930E-06 3.536E-15 0.00E+00
6.383E+01 1.979E-06 1.979E-06 3.697E-15 0.00E+00
6.310E+01 2.029E-06 2.029E-06 3.865E-15 0.00E+00
6.237E+01 2.080E-06 2.080E-06 4.040E-15 0.00E+00
6.166E+01 2.132E-06 2.132E-06 4.223E-15 0.00E+00
6.095E+01 2.186E-06 2.186E-06 4.415E-15 0.00E+00
6.026E+01 2.241E-06 2.241E-06 4.615E-15 0.00E+00
5.957E+01 2.298E-06 2.298E-06 4.824E-15 0.00E+00
5.888E+01 2.357E-06 2.357E-06 5.042E-15 0.00E+00
5.821E+01 2.417E-06 2.417E-06 5.270E-15 0.00E+00
5.754E+01 2.478E-06 2.478E-06 5.507E-15 0.00E+00
5.689E+01 2.542E-06 2.542E-06 5.756E-15 0.00E+00
5.623E+01 2.607E-06 2.607E-06 6.015E-15 0.00E+00
5.559E+01 2.675E-06 2.675E-06 6.286E-15 0.00E+00
5.495E+01 2.744E-06 2.744E-06 6.569E-15 0.00E+00
5.433E+01 2.815E-06 2.815E-06 6.864E-15 0.00E+00
5.370E+01 2.888E-06 2.888E-06 7.172E-15 0.00E+00
5.309E+01 2.964E-06 2.964E-06 7.494E-15 0.00E+00
5.248E+01 3.041E-06 3.041E-06 7.830E-15 0.00E+00
5.188E+01 3.121E-06 3.121E-06 8.181E-15 0.00E+00
5.129E+01 3.203E-06 3.203E-06 8.547E-15 0.00E+00
5.070E+01 3.288E-06 3.288E-06 8.929E-15 0.00E+00
5.012E+01 3.376E-06 3.376E-06 9.328E-15 0.00E+00
4.955E+01 3.466E-06 3.466E-06 9.744E-15 0.00E+00
4.898E+01 3.559E-06 3.559E-06 1.018E-14 0.00E+00
4.842E+01 3.655E-06 3.655E-06 1.063E-14 0.00E+00
4.786E+01 3.754E-06 3.754E-06 1.110E-14 0.00E+00
4.732E+01 3.856E-06 3.856E-06 1.160E-14 0.00E+00
4.677E+01 3.961E-06 3.961E-06 1.211E-14 0.00E+00
4.624E+01 4.070E-06 4.070E-06 1.265E-14 0.00E+00
4.571E+01 4.182E-06 4.182E-06 1.321E-14 0.00E+00
4.519E+01 4.298E-06 4.298E-06 1.380E-14 0.00E+00
4.467E+01 4.417E-06 4.417E-06 1.441E-14 0.00E+00
4.416E+01 4.541E-06 4.541E-06 1.505E-14 0.00E+00
4.365E+01 4.669E-06 4.669E-06 1.571E-14 0.00E+00
4.315E+01 4.800E-06 4.800E-06 1.641E-14 0.00E+00
4.266E+01 4.937E-06 4.937E-06 1.713E-14 0.00E+00
4.217E+01 5.077E-06 5.077E-06 1.789E-14 0.00E+00
4.169E+01 5.223E-06 5.223E-06 1.868E-14 0.00E+00
4.121E+01 5.373E-06 5.373E-06 1.950E-14 0.00E+00
4.074E+01 5.529E-06 5.529E-06 2.036E-14 0.00E+00
4.027E+01 5.689E-06 5.689E-06 2.126E-14 0.00E+00
3.981E+01 5.855E-06 5.855E-06 2.219E-14 0.00E+00
3.936E+01 6.027E-06 6.027E-06 2.317E-14 0.00E+00
3.890E+01 6.204E-06 6.204E-06 2.419E-14 0.00E+00
3.846E+01 6.387E-06 6.387E-06 2.526E-14 0.00E+00
3.802E+01 6.576E-06 6.576E-06 2.637E-14 0.00E+00
3.758E+01 6.771E-06 6.771E-06 2.753E-14 0.00E+00
3.715E+01 6.972E-06 6.972E-06 2.874E-14 0.00E+00
3.673E+01 7.179E-06 7.179E-06 3.001E-14 0.00E+00
3.631E+01 7.393E-06 7.393E-06 3.133E-14 0.00E+00
3.589E+01 7.612E-06 7.612E-06 3.271E-14 0.00E+00
3.548E+01 7.838E-06 7.838E-06 3.415E-14 0.00E+00
3.508E+01 8.070E-06 8.070E-06 3.565E-14 0.00E+00
3.467E+01 8.308E-06 8.308E-06 3.723E-14 0.00E+00
3.428E+01 8.552E-06 8.552E-06 3.887E-14 0.00E+00
3.388E+01 8.802E-06 8.802E-06 4.058E-14 0.00E+00
3.350E+01 9.056E-06 9.056E-06 4.238E-14 0.00E+00
3.311E+01 9.315E-06 9.315E-06 4.425E-14 0.00E+00
3.273E+01 9.578E-06 9.578E-06 4.621E-14 0.00E+00
3.236E+01 9.845E-06 9.845E-06 4.825E-14 0.00E+00
3.199E+01 1.012E-05 1.012E-05 5.039E-14 0.00E+00
3.162E+01 1.039E-05 1.039E-05 5.263E-14 0.00E+00
3.126E+01 1.066E-05 1.066E-05 5.496E-14 0.00E+00
3.090E+01 1.093E-05 1.093E-05 5.740E-14 0.00E+00
3.055E+01 1.121E-05 1.121E-05 5.996E-14 0.00E+00
3.020E+01 1.148E-05 1.148E-05 6.263E-14 0.00E+00
2.985E+01 1.175E-05 1.175E-05 6.542E-14 0.00E+00
2.951E+01 1.201E-05 1.201E-05 6.834E-14 0.00E+00
2.917E+01 1.227E-05 1.227E-05 7.140E-14 0.00E+00
2.884E+01 1.253E-05 1.253E-05 7.459E-14 0.00E+00
2.851E+01 1.278E-05 1.278E-05 7.793E-14 0.00E+00
2.818E+01 1.303E-05 1.303E-05 8.143E-14 0.00E+00
2.786E+01 1.326E-05 1.326E-05 8.509E-14 0.00E+00
2.754E+01 1.350E-05 1.350E-05 8.892E-14 0.00E+00
2.723E+01 1.373E-05 1.373E-05 9.293E-14 0.00E+00
2.692E+01 1.397E-05 1.397E-05 9.712E-14 0.00E+00
2.661E+01 1.421E-05 1.421E-05 1.015E-13 0.00E+00
2.630E+01 1.446E-05 1.446E-05 1.061E-13 0.00E+00
2.600E+01 1.475E-05 1.475E-05 1.109E-13 0.00E+00
2.570E+01 1.508E-05 1.508E-05 1.159E-13 0.00E+00
2.541E+01 1.548E-05 1.548E-05 1.212E-13 0.00E+00
2.512E+01 1.601E-05 1.601E-05 1.267E-13 0.00E+00
2.483E+01 1.673E-05 1.673E-05 1.325E-13 0.00E+00
2.455E+01 1.779E-05 1.779E-05 1.385E-13 0.00E+00
2.427E+01 1.943E-05 1.943E-05 1.448E-13 0.00E+00
2.399E+01 2.215E-05 2.215E-05 1.514E-13 0.00E+00
2.371E+01 2.687E-05 2.687E-05 1.584E-13 0.00E+00
2.344E+01 3.466E-05 3.466E-05 1.656E-13 0.00E+00
2.317E+01 4.259E-05 4.259E-05 1.732E-13 0.00E+00
2.291E+01 4.140E-05 4.140E-05 1.812E-13 0.00E+00
2.265E+01 3.538E-05 3.538E-05 1.895E-13 0.00E+00
2.239E+01 3.296E-05 3.296E-05 1.982E-13 0.00E+00
2.213E+01 3.572E-05 3.572E-05 2.074E-13 0.00E+00
2.188E+01 4.543E-05 4.543E-05 2.170E-13 0.00E+00
2.163E+01 6.771E-05 6.771E-05 2.270E-13 0.00E+00
2.138E+01 1.073E-04 1.073E-04 2.375E-13 0.00E+00
2.113E+01 1.223E-04 1.223E-04 2.485E-13 0.00E+00
2.089E+01 8.303E-05 8.303E-05 2.601E-13 0.00E+00
2.065E+01 5.073E-05 5.073E-05 2.721E-13 0.00E+00
2.042E+01 3.425E-05 3.425E-05 2.848E-13 0.00E+00
2.018E+01 2.578E-05 2.578E-05 2.980E-13 0.00E+00
1.995E+01 2.111E-05 2.111E-05 3.119E-13 0.00E+00
1.972E+01 1.842E-05 1.842E-05 3.264E-13 0.00E+00
1.950E+01 1.695E-05 1.695E-05 3.415E-13 0.00E+00
1.928E+01 1.648E-05 1.648E-05 3.575E-13 0.00E+00
1.905E+01 1.721E-05 1.721E-05 3.741E-13 0.00E+00
1.884E+01 2.027E-05 2.027E-05 3.916E-13 0.00E+00
1.862E+01 3.032E-05 3.032E-05 4.099E-13 0.00E+00
1.841E+01 7.061E-05 7.061E-05 4.291E-13 0.00E+00
1.820E+01 1.133E-04 1.133E-04 4.492E-13 0.00E+00
1.799E+01 4.229E-05 4.229E-05 4.702E-13 0.00E+00
1.778E+01 2.214E-05 2.214E-05 4.923E-13 0.00E+00
1.758E+01 1.594E-05 1.594E-05 5.154E-13 0.00E+00
1.738E+01 1.353E-05 1.353E-05 5.396E-13 0.00E+00
1.718E+01 1.272E-05 1.272E-05 5.649E-13 0.00E+00
1.698E+01 1.326E-05 1.326E-05 5.915E-13 0.00E+00
1.679E+01 1.660E-05 1.660E-05 6.193E-13 0.00E+00
1.660E+01 3.408E-05 3.408E-05 6.484E-13 0.00E+00
1.641E+01 1.818E-04 1.818E-04 6.790E-13 0.00E+00
1.622E+01 3.640E-05 3.640E-05 7.109E-13 0.00E+00
1.603E+01 1.601E-05 1.601E-05 7.444E-13 0.00E+00
1.585E+01 1.169E-05 1.169E-05 7.795E-13 0.00E+00
1.567E+01 1.015E-05 1.015E-05 8.162E-13 0.00E+00
1.549E+01 9.467E-06 9.467E-06 8.547E-13 0.00E+00
1.531E+01 9.157E-06 9.157E-06 8.950E-13 0.00E+00
1.514E+01 9.055E-06 9.055E-06 9.373E-13 0.00E+00
1.496E+01 9.099E-06 9.099E-06 9.815E-13 0.00E+00
1.479E+01 9.267E-06 9.267E-06 1.028E-12 0.00E+00
1.462E+01 9.557E-06 9.557E-06 1.077E-12 0.00E+00
1.445E+01 9.985E-06 9.985E-06 1.127E-12 0.00E+00
1.429E+01 1.058E-05 1.058E-05 1.181E-12 0.00E+00
1.413E+01 1.139E-05 1.139E-05 1.236E-12 0.00E+00
1.396E+01 1.250E-05 1.250E-05 1.295E-12 0.00E+00
1.380E+01 1.402E-05 1.402E-05 1.356E-12 0.00E+00
1.365E+01 1.617E-05 1.617E-05 1.420E-12 0.00E+00
1.349E+01 1.927E-05 1.927E-05 1.487E-12 0.00E+00
1.334E+01 2.388E-05 2.388E-05 1.557E-12 0.00E+00
1.318E+01 3.086E-05 3.086E-05 1.631E-12 0.00E+00
1.303E+01 4.118E-05 4.118E-05 1.708E-12 0.00E+00
1.288E+01 5.430E-05 5.430E-05 1.789E-12 0.00E+00
1.274E+01 6.415E-05 6.415E-05 1.873E-12 0.00E+00
1.259E+01 6.255E-05 6.255E-05 1.962E-12 0.00E+00
1.245E+01 5.364E-05 5.364E-05 2.054E-12 3.81E-07
1.230E+01 4.722E-05 4.722E-05 2.152E-12 4.00E-07
1.216E+01 4.897E-05 4.897E-05 2.253E-12 4.17E-07
1.202E+01 6.713E-05 6.713E-05 2.360E-12 4.34E-07
1.189E+01 9.199E-05 9.199E-05 2.474E-12 4.51E-07
1.175E+01 7.621E-05 7.621E-05 2.596E-12 4.68E-07
1.161E+01 8.578E-05 8.578E-05 2.731E-12 4.84E-07
1.148E+01 1.347E-04 1.347E-04 2.779E-12 5.04E-07
1.135E+01 2.145E-04 2.145E-04 2.953E-12 5.19E-07
1.122E+01 1.959E-04 1.959E-04 3.098E-12 5.36E-07
1.109E+01 1.124E-04 1.124E-04 3.249E-12 5.54E-07
1.096E+01 6.511E-05 6.511E-05 3.405E-12 5.72E-07
1.084E+01 4.263E-05 4.263E-05 3.567E-12 5.90E-07
1.072E+01 3.109E-05 3.109E-05 3.736E-12 6.09E-07
1.059E+01 2.463E-05 2.463E-05 3.913E-12 6.28E-07
1.047E+01 2.077E-05 2.077E-05 4.097E-12 6.47E-07
1.035E+01 1.839E-05 1.839E-05 4.289E-12 6.66E-07
1.023E+01 1.692E-05 1.692E-05 4.491E-12 6.86E-07
1.012E+01 1.605E-05 1.605E-05 4.703E-12 7.06E-07
1.000E+01 1.564E-05 1.564E-05 4.926E-12 7.27E-07
9.886E+00 1.558E-05 1.558E-05 5.158E-12 7.47E-07
9.772E+00 1.583E-05 1.583E-05 5.401E-12 7.67E-07
9.661E+00 1.639E-05 1.639E-05 5.656E-12 7.88E-07
9.550E+00 1.729E-05 1.729E-05 5.923E-12 8.10E-07
9.441E+00 1.858E-05 1.858E-05 6.202E-12 8.31E-07
9.333E+00 2.037E-05 2.037E-05 6.494E-12 8.53E-07
9.226E+00 2.287E-05 2.287E-05 6.800E-12 8.75E-07
9.120E+00 2.643E-05 2.643E-05 7.120E-12 8.97E-07
9.016E+00 3.172E-05 3.172E-05 7.456E-12 9.21E-07
8.913E+00 4.004E-05 4.004E-05 7.807E-12 9.45E-07
8.810E+00 5.371E-05 5.371E-05 8.174E-12 9.69E-07
8.710E+00 7.463E-05 7.463E-05 8.558E-12 9.95E-07
8.610E+00 9.259E-05 9.259E-05 8.961E-12 1.02E-06
8.511E+00 8.827E-05 8.827E-05 9.382E-12 1.05E-06
8.414E+00 7.717E-05 7.717E-05 9.823E-12 1.07E-06
8.318E+00 7.448E-05 7.448E-05 1.028E-11 1.10E-06
8.222E+00 8.045E-05 8.045E-05 1.077E-11 1.13E-06
8.128E+00 9.386E-05 9.386E-05 1.127E-11 1.16E-06
8.035E+00 1.145E-04 1.145E-04 1.180E-11 1.19E-06
7.943E+00 1.419E-04 1.419E-04 1.236E-11 1.23E-06
7.852E+00 1.725E-04 1.725E-04 1.293E-11 1.26E-06
7.762E+00 1.963E-04 1.963E-04 1.354E-11 1.30E-06
7.674E+00 2.008E-04 2.008E-04 1.418E-11 1.33E-06
7.586E+00 1.827E-04 1.827E-04 1.484E-11 1.37E-06
7.499E+00 1.525E-04 1.525E-04 1.554E-11 1.40E-06
7.413E+00 1.219E-04 1.219E-04 1.627E-11 1.43E-06
7.328E+00 9.654E-05 9.654E-05 1.703E-11 1.47E-06
7.244E+00 7.729E-05 7.729E-05 1.783E-11 1.50E-06
7.161E+00 6.315E-05 6.315E-05 1.866E-11 1.54E-06
7.079E+00 5.292E-05 5.292E-05 1.954E-11 1.58E-06
6.998E+00 4.560E-05 4.560E-05 2.046E-11 1.62E-06
6.918E+00 4.050E-05 4.050E-05 2.141E-11 1.65E-06
6.839E+00 3.722E-05 3.722E-05 2.242E-11 1.69E-06
6.761E+00 3.558E-05 3.558E-05 2.347E-11 1.73E-06
6.683E+00 3.564E-05 3.564E-05 2.457E-11 1.77E-06
6.607E+00 3.782E-05 3.782E-05 2.572E-11 1.82E-06
6.531E+00 4.310E-05 4.310E-05 2.692E-11 1.86E-06
6.457E+00 5.354E-05 5.354E-05 2.818E-11 1.90E-06
6.383E+00 7.310E-05 7.310E-05 2.950E-11 1.96E-06
6.310E+00 1.069E-04 1.069E-04 3.087E-11 2.05E-06
6.237E+00 1.466E-04 1.466E-04 3.233E-11 2.02E-06
6.166E+00 1.470E-04 1.470E-04 3.384E-11 2.07E-06
6.095E+00 1.063E-04 1.063E-04 3.542E-11 2.12E-06
6.026E+00 7.009E-05 7.009E-05 3.708E-11 2.17E-06
5.957E+00 4.814E-05 4.814E-05 3.881E-11 2.22E-06
5.888E+00 3.534E-05 3.534E-05 4.062E-11 2.27E-06
5.821E+00 2.754E-05 2.754E-05 4.252E-11 2.32E-06
5.754E+00 2.251E-05 2.251E-05 4.450E-11 2.37E-06
5.689E+00 1.909E-05 1.909E-05 4.658E-11 2.42E-06
5.623E+00 1.666E-05 1.666E-05 4.876E-11 2.48E-06
5.559E+00 1.487E-05 1.487E-05 5.103E-11 2.53E-06
5.495E+00 1.352E-05 1.352E-05 5.341E-11 2.59E-06
5.433E+00 1.247E-05 1.247E-05 5.591E-11 2.65E-06
5.370E+00 1.164E-05 1.164E-05 5.851E-11 2.70E-06
5.309E+00 1.098E-05 1.098E-05 6.124E-11 2.77E-06
5.248E+00 1.043E-05 1.043E-05 6.409E-11 2.83E-06
5.188E+00 9.988E-06 9.988E-06 6.708E-11 2.89E-06
5.129E+00 9.620E-06 9.620E-06 7.020E-11 2.96E-06
5.070E+00 9.314E-06 9.314E-06 7.346E-11 3.03E-06
5.012E+00 9.059E-06 9.059E-06 7.688E-11 3.09E-06
4.955E+00 8.844E-06 8.844E-06 8.047E-11 3.16E-06
4.898E+00 8.666E-06 8.665E-06 8.422E-11 3.23E-06
4.842E+00 8.517E-06 8.517E-06 8.814E-11 3.31E-06
4.786E+00 8.396E-06 8.396E-06 9.225E-11 3.38E-06
4.732E+00 8.298E-06 8.297E-06 9.654E-11 3.45E-06
4.677E+00 8.220E-06 8.219E-06 1.010E-10 3.53E-06
4.624E+00 8.160E-06 8.159E-06 1.057E-10 3.61E-06
4.571E+00 8.116E-06 8.116E-06 1.107E-10 3.69E-06
4.519E+00 8.087E-06 8.087E-06 1.158E-10 3.77E-06
4.467E+00 8.071E-06 8.071E-06 1.212E-10 3.85E-06
4.416E+00 8.068E-06 8.068E-06 1.268E-10 3.94E-06
4.365E+00 8.076E-06 8.076E-06 1.327E-10 4.02E-06
4.315E+00 8.095E-06 8.095E-06 1.389E-10 4.11E-06
4.266E+00 8.124E-06 8.124E-06 1.453E-10 4.20E-06
4.217E+00 8.164E-06 8.163E-06 1.521E-10 4.29E-06
4.169E+00 8.213E-06 8.212E-06 1.592E-10 4.38E-06
4.121E+00 8.271E-06 8.271E-06 1.666E-10 4.48E-06
4.074E+00 8.340E-06 8.339E-06 1.743E-10 4.57E-06
4.027E+00 8.418E-06 8.418E-06 1.824E-10 4.67E-06
3.981E+00 8.507E-06 8.507E-06 1.909E-10 4.77E-06
3.936E+00 8.608E-06 8.608E-06 1.997E-10 4.87E-06
3.890E+00 8.722E-06 8.722E-06 2.090E-10 4.98E-06
3.846E+00 8.851E-06 8.851E-06 2.187E-10 5.08E-06
3.802E+00 8.999E-06 8.999E-06 2.288E-10 5.19E-06
3.758E+00 9.170E-06 9.170E-06 2.395E-10 5.30E-06
3.715E+00 9.372E-06 9.372E-06 2.506E-10 5.41E-06
3.673E+00 9.616E-06 9.616E-06 2.622E-10 5.52E-06
3.631E+00 9.921E-06 9.921E-06 2.744E-10 5.63E-06
3.589E+00 1.032E-05 1.032E-05 2.871E-10 5.75E-06
3.548E+00 1.088E-05 1.087E-05 3.005E-10 5.87E-06
3.508E+00 1.170E-05 1.170E-05 3.144E-10 5.99E-06
3.467E+00 1.308E-05 1.308E-05 3.290E-10 6.11E-06
3.428E+00 1.574E-05 1.574E-05 3.443E-10 6.23E-06
3.388E+00 2.217E-05 2.217E-05 3.602E-10 6.36E-06
3.350E+00 4.532E-05 4.532E-05 3.769E-10 6.49E-06
3.311E+00 2.006E-04 2.006E-04 3.944E-10 6.62E-06
3.273E+00 1.004E-04 1.004E-04 4.126E-10 6.76E-06
3.236E+00 3.211E-05 3.211E-05 4.318E-10 6.90E-06
3.199E+00 1.951E-05 1.951E-05 4.518E-10 7.04E-06
3.162E+00 1.544E-05 1.544E-05 4.727E-10 7.19E-06
3.126E+00 1.374E-05 1.374E-05 4.946E-10 7.33E-06
3.090E+00 1.291E-05 1.291E-05 5.175E-10 7.48E-06
3.055E+00 1.249E-05 1.249E-05 5.415E-10 7.64E-06
3.020E+00 1.229E-05 1.229E-05 5.665E-10 7.79E-06
2.985E+00 1.221E-05 1.221E-05 5.928E-10 7.95E-06
2.951E+00 1.221E-05 1.221E-05 6.202E-10 8.11E-06
2.917E+00 1.226E-05 1.226E-05 6.489E-10 8.27E-06
2.884E+00 1.234E-05 1.234E-05 6.790E-10 8.44E-06
2.851E+00 1.246E-05 1.246E-05 7.104E-10 8.61E-06
2.818E+00 1.259E-05 1.259E-05 7.433E-10 8.79E-06
2.786E+00 1.274E-05 1.274E-05 7.776E-10 8.97E-06
2.754E+00 1.290E-05 1.290E-05 8.135E-10 9.15E-06
2.723E+00 1.308E-05 1.308E-05 8.511E-10 9.34E-06
2.692E+00 1.326E-05 1.326E-05 8.904E-10 9.53E-06
2.661E+00 1.345E-05 1.345E-05 9.316E-10 9.72E-06
2.630E+00 1.365E-05 1.365E-05 9.746E-10 9.92E-06
2.600E+00 1.385E-05 1.385E-05 1.020E-09 1.01E-05
2.570E+00 1.406E-05 1.406E-05 1.067E-09 1.03E-05
2.541E+00 1.428E-05 1.428E-05 1.116E-09 1.06E-05
2.512E+00 1.450E-05 1.450E-05 1.167E-09 1.08E-05
2.483E+00 1.473E-05 1.473E-05 1.221E-09 1.10E-05
2.455E+00 1.496E-05 1.496E-05 1.278E-09 1.12E-05
2.427E+00 1.520E-05 1.520E-05 1.336E-09 1.15E-05
2.399E+00 1.545E-05 1.544E-05 1.398E-09 1.17E-05
2.371E+00 1.570E-05 1.570E-05 1.463E-09 1.19E-05
2.344E+00 1.596E-05 1.595E-05 1.530E-09 1.22E-05
2.317E+00 1.622E-05 1.622E-05 1.601E-09 1.24E-05
2.291E+00 1.649E-05 1.649E-05 1.675E-09 1.27E-05
2.265E+00 1.676E-05 1.676E-05 1.752E-09 1.29E-05
2.239E+00 1.705E-05 1.704E-05 1.833E-09 1.32E-05
2.213E+00 1.733E-05 1.733E-05 1.918E-09 1.34E-05
2.188E+00 1.763E-05 1.763E-05 2.006E-09 1.37E-05
2.163E+00 1.793E-05 1.793E-05 2.099E-09 1.40E-05
2.138E+00 1.823E-05 1.823E-05 2.196E-09 1.43E-05
2.113E+00 1.854E-05 1.854E-05 2.297E-09 1.45E-05
2.089E+00 1.886E-05 1.886E-05 2.403E-09 1.48E-05
2.065E+00 1.918E-05 1.918E-05 2.514E-09 1.51E-05
2.042E+00 1.950E-05 1.950E-05 2.630E-09 1.54E-05
2.018E+00 1.984E-05 1.983E-05 2.751E-09 1.57E-05
1.995E+00 2.018E-05 2.017E-05 2.878E-09 1.61E-05
1.972E+00 2.052E-05 2.052E-05 3.011E-09 1.64E-05
1.950E+00 2.088E-05 2.087E-05 3.149E-09 1.67E-05
1.928E+00 2.124E-05 2.123E-05 3.295E-09 1.70E-05
1.905E+00 2.160E-05 2.160E-05 3.447E-09 1.74E-05
1.884E+00 2.198E-05 2.198E-05 3.606E-09 1.77E-05
1.862E+00 2.236E-05 2.236E-05 3.772E-09 1.81E-05
1.841E+00 2.276E-05 2.275E-05 3.946E-09 1.84E-05
1.820E+00 2.315E-05 2.315E-05 4.128E-09 1.88E-05
1.799E+00 2.356E-05 2.356E-05 4.318E-09 1.92E-05
1.778E+00 2.398E-05 2.397E-05 4.518E-09 1.95E-05
1.758E+00 2.440E-05 2.440E-05 4.726E-09 1.99E-05
1.738E+00 2.483E-05 2.483E-05 4.944E-09 2.03E-05
1.718E+00 2.527E-05 2.527E-05 5.171E-09 2.07E-05
1.698E+00 2.572E-05 2.571E-05 5.409E-09 2.11E-05
1.679E+00 2.617E-05 2.617E-05 5.658E-09 2.15E-05
1.660E+00 2.663E-05 2.663E-05 5.919E-09 2.19E-05
1.641E+00 2.710E-05 2.709E-05 6.191E-09 2.24E-05
1.622E+00 2.757E-05 2.756E-05 6.476E-09 2.28E-05
1.603E+00 2.805E-05 2.804E-05 6.774E-09 2.33E-05
1.585E+00 2.854E-05 2.853E-05 7.085E-09 2.38E-05
1.567E+00 2.903E-05 2.902E-05 7.411E-09 2.42E-05
1.549E+00 2.954E-05 2.953E-05 7.752E-09 2.47E-05
1.531E+00 3.005E-05 3.004E-05 8.110E-09 2.52E-05
1.514E+00 3.058E-05 3.057E-05 8.485E-09 2.57E-05
1.496E+00 3.112E-05 3.111E-05 8.877E-09 2.62E-05
1.479E+00 3.167E-05 3.167E-05 9.287E-09 2.67E-05
1.462E+00 3.224E-05 3.223E-05 9.716E-09 2.72E-05
1.445E+00 3.283E-05 3.282E-05 1.016E-08 2.78E-05
1.429E+00 3.343E-05 3.341E-05 1.063E-08 2.83E-05
1.413E+00 3.404E-05 3.403E-05 1.112E-08 2.88E-05
1.396E+00 3.467E-05 3.466E-05 1.164E-08 2.94E-05
1.380E+00 3.531E-05 3.530E-05 1.217E-08 2.99E-05
1.365E+00 3.597E-05 3.596E-05 1.273E-08 3.05E-05
1.349E+00 3.665E-05 3.663E-05 1.332E-08 3.11E-05
1.334E+00 3.734E-05 3.732E-05 1.393E-08 3.17E-05
1.318E+00 3.804E-05 3.803E-05 1.458E-08 3.23E-05
1.303E+00 3.877E-05 3.875E-05 1.525E-08 3.29E-05
1.288E+00 3.952E-05 3.950E-05 1.595E-08 3.36E-05
1.274E+00 4.028E-05 4.027E-05 1.668E-08 3.42E-05
1.259E+00 4.108E-05 4.106E-05 1.745E-08 3.49E-05
1.245E+00 4.190E-05 4.188E-05 1.825E-08 3.55E-05
1.230E+00 4.274E-05 4.272E-05 1.909E-08 3.62E-05
1.216E+00 4.363E-05 4.361E-05 1.997E-08 3.69E-05
1.202E+00 4.456E-05 4.454E-05 2.089E-08 3.77E-05
1.189E+00 4.556E-05 4.553E-05 2.186E-08 3.84E-05
1.175E+00 4.662E-05 4.659E-05 2.286E-08 3.91E-05
1.161E+00 4.776E-05 4.773E-05 2.392E-08 3.99E-05
1.148E+00 4.900E-05 4.898E-05 2.502E-08 4.06E-05
1.135E+00 5.038E-05 5.035E-05 2.617E-08 4.14E-05
1.122E+00 5.191E-05 5.189E-05 2.737E-08 4.22E-05
1.109E+00 5.366E-05 5.363E-05 2.863E-08 4.30E-05
1.096E+00 5.568E-05 5.565E-05 2.995E-08 4.38E-05
1.084E+00 5.805E-05 5.802E-05 3.133E-08 4.47E-05
1.072E+00 6.089E-05 6.086E-05 3.277E-08 4.55E-05
1.059E+00 6.437E-05 6.434E-05 3.428E-08 4.64E-05
1.047E+00 6.873E-05 6.870E-05 3.585E-08 4.73E-05
1.035E+00 7.431E-05 7.427E-05 3.750E-08 4.82E-05
1.023E+00 8.159E-05 8.155E-05 3.922E-08 4.91E-05
1.012E+00 9.130E-05 9.126E-05 4.102E-08 5.00E-05
1.000E+00 1.045E-04 1.044E-04 4.291E-08 5.10E-05
9.886E-01 1.225E-04 1.224E-04 4.488E-08 5.20E-05
9.772E-01 1.470E-04 1.470E-04 4.694E-08 5.30E-05
9.661E-01 1.798E-04 1.798E-04 4.909E-08 5.40E-05
9.550E-01 2.216E-04 2.215E-04 5.134E-08 5.50E-05
9.441E-01 2.709E-04 2.708E-04 5.369E-08 5.61E-05
9.333E-01 3.244E-04 3.244E-04 5.615E-08 5.72E-05
9.226E-01 3.783E-04 3.783E-04 5.872E-08 5.83E-05
9.120E-01 4.301E-04 4.300E-04 6.140E-08 5.95E-05
9.016E-01 4.786E-04 4.785E-04 6.421E-08 6.06E-05
8.913E-01 5.241E-04 5.240E-04 6.714E-08 6.18E-05
8.810E-01 5.676E-04 5.675E-04 7.021E-08 6.31E-05
8.710E-01 6.108E-04 6.107E-04 7.341E-08 6.44E-05
8.610E-01 6.565E-04 6.565E-04 7.676E-08 6.57E-05
8.511E-01 7.085E-04 7.084E-04 8.026E-08 6.70E-05
8.414E-01 7.715E-04 7.714E-04 8.392E-08 6.83E-05
8.318E-01 8.522E-04 8.521E-04 8.775E-08 6.97E-05
8.222E-01 9.580E-04 9.579E-04 9.175E-08 7.12E-05
8.128E-01 1.097E-03 1.097E-03 9.593E-08 7.26E-05
8.035E-01 1.272E-03 1.272E-03 1.003E-07 7.41E-05
7.943E-01 1.479E-03 1.479E-03 1.049E-07 7.56E-05
7.852E-01 1.707E-03 1.707E-03 1.096E-07 7.72E-05
7.762E-01 1.942E-03 1.942E-03 1.146E-07 7.88E-05
7.674E-01 2.177E-03 2.177E-03 1.198E-07 8.05E-05
7.586E-01 2.409E-03 2.409E-03 1.253E-07 8.22E-05
7.499E-01 2.641E-03 2.641E-03 1.310E-07 8.39E-05
7.413E-01 2.875E-03 2.874E-03 1.370E-07 8.57E-05
7.328E-01 3.112E-03 3.112E-03 1.432E-07 8.75E-05
7.244E-01 3.356E-03 3.356E-03 1.497E-07 8.93E-05
7.161E-01 3.608E-03 3.608E-03 1.565E-07 9.12E-05
7.079E-01 3.870E-03 3.870E-03 1.637E-07 9.32E-05
6.998E-01 4.142E-03 4.142E-03 1.711E-07 9.52E-05
6.918E-01 4.426E-03 4.426E-03 1.789E-07 9.73E-05
6.839E-01 4.723E-03 4.723E-03 1.871E-07 9.94E-05
6.761E-01 5.033E-03 5.033E-03 1.956E-07 1.02E-04
6.683E-01 5.358E-03 5.357E-03 2.045E-07 1.04E-04
6.607E-01 5.697E-03 5.697E-03 2.139E-07 1.06E-04
6.531E-01 6.053E-03 6.053E-03 2.237E-07 1.08E-04
6.457E-01 6.425E-03 6.425E-03 2.339E-07 1.11E-04
6.383E-01 6.814E-03 6.814E-03 2.446E-07 1.13E-04
6.310E-01 7.221E-03 7.221E-03 2.559E-07 1.16E-04
6.237E-01 7.647E-03 7.646E-03 2.676E-07 1.18E-04
6.166E-01 8.091E-03 8.091E-03 2.799E-07 1.21E-04
6.095E-01 8.556E-03 8.556E-03 2.928E-07 1.24E-04
6.026E-01 9.041E-03 9.041E-03 3.063E-07 1.27E-04
5.957E-01 9.547E-03 9.547E-03 3.205E-07 1.29E-04
5.888E-01 1.007E-02 1.007E-02 3.353E-07 1.32E-04
5.821E-01 1.062E-02 1.062E-02 3.508E-07 1.35E-04
5.754E-01 1.120E-02 1.120E-02 3.671E-07 1.38E-04
5.689E-01 1.180E-02 1.179E-02 3.842E-07 1.41E-04
5.623E-01 1.242E-02 1.242E-02 4.021E-07 1.44E-04
5.559E-01 1.306E-02 1.306E-02 4.209E-07 1.48E-04
5.495E-01 1.373E-02 1.373E-02 4.406E-07 1.51E-04
5.433E-01 1.443E-02 1.443E-02 4.613E-07 1.54E-04
5.370E-01 1.516E-02 1.516E-02 4.830E-07 1.57E-04
5.309E-01 1.591E-02 1.591E-02 5.058E-07 1.61E-04
5.248E-01 1.669E-02 1.669E-02 5.297E-07 1.64E-04
5.188E-01 1.750E-02 1.750E-02 5.548E-07 1.68E-04
5.129E-01 1.833E-02 1.833E-02 5.812E-07 1.72E-04
5.070E-01 1.920E-02 1.920E-02 6.089E-07 1.75E-04
5.012E-01 2.010E-02 2.010E-02 6.380E-07 1.79E-04
4.955E-01 2.103E-02 2.103E-02 6.686E-07 1.83E-04
4.898E-01 2.199E-02 2.199E-02 7.007E-07 1.87E-04
4.842E-01 2.298E-02 2.298E-02 7.344E-07 1.91E-04
4.786E-01 2.401E-02 2.401E-02 7.696E-07 1.95E-04
4.732E-01 2.507E-02 2.507E-02 8.065E-07 1.99E-04
4.677E-01 2.616E-02 2.616E-02 8.454E-07 2.03E-04
4.624E-01 2.729E-02 2.729E-02 8.861E-07 2.07E-04
4.571E-01 2.845E-02 2.845E-02 9.290E-07 2.11E-04
4.519E-01 2.965E-02 2.965E-02 9.740E-07 2.16E-04
4.467E-01 3.088E-02 3.088E-02 1.021E-06 2.20E-04
4.416E-01 3.216E-02 3.215E-02 1.071E-06 2.24E-04
4.365E-01 3.346E-02 3.346E-02 1.123E-06 2.29E-04
4.315E-01 3.481E-02 3.481E-02 1.178E-06 2.33E-04
4.266E-01 3.619E-02 3.619E-02 1.235E-06 2.37E-04
4.217E-01 3.761E-02 3.761E-02 1.295E-06 2.41E-04
4.169E-01 3.907E-02 3.907E-02 1.358E-06 2.45E-04
4.121E-01 4.057E-02 4.057E-02 1.424E-06 2.50E-04
4.074E-01 4.211E-02 4.210E-02 1.494E-06 2.54E-04
4.027E-01 4.368E-02 4.368E-02 1.567E-06 2.58E-04
3.981E-01 4.530E-02 4.530E-02 1.643E-06 2.63E-04
3.935E-01 4.696E-02 4.696E-02 1.723E-06 2.67E-04
3.890E-01 4.866E-02 4.866E-02 1.807E-06 2.72E-04
3.846E-01 5.040E-02 5.039E-02 1.896E-06 2.76E-04
3.802E-01 5.218E-02 5.217E-02 1.989E-06 2.81E-04
3.758E-01 5.400E-02 5.400E-02 2.087E-06 2.85E-04
3.715E-01 5.586E-02 5.586E-02 2.191E-06 2.90E-04
3.673E-01 5.777E-02 5.777E-02 2.300E-06 2.94E-04
3.631E-01 5.972E-02 5.971E-02 2.417E-06 2.99E-04
3.589E-01 6.170E-02 6.170E-02 2.540E-06 3.04E-04
3.548E-01 6.374E-02 6.373E-02 2.671E-06 3.09E-04
3.508E-01 6.581E-02 6.581E-02 2.810E-06 3.13E-04
3.467E-01 6.793E-02 6.793E-02 2.958E-06 3.17E-04
3.428E-01 7.009E-02 7.009E-02 3.116E-06 3.21E-04
3.388E-01 7.230E-02 7.229E-02 3.284E-06 3.25E-04
3.350E-01 7.454E-02 7.454E-02 3.463E-06 3.28E-04
3.311E-01 7.683E-02 7.683E-02 3.655E-06 3.30E-04
3.273E-01 7.917E-02 7.917E-02 3.859E-06 3.32E-04
3.236E-01 8.155E-02 8.154E-02 4.079E-06 3.33E-04
3.199E-01 8.397E-02 8.396E-02 4.315E-06 3.32E-04
3.162E-01 8.643E-02 8.643E-02 4.566E-06 3.30E-04
3.126E-01 8.894E-02 8.894E-02 4.834E-06 3.27E-04
3.090E-01 9.149E-02 9.149E-02 5.120E-06 3.23E-04
3.055E-01 9.409E-02 9.408E-02 5.424E-06 3.17E-04
3.020E-01 9.644E-02 9.644E-02 5.749E-06 3.10E-04
2.985E-01 9.819E-02 9.819E-02 6.098E-06 3.01E-04
2.951E-01 1.001E-01 1.001E-01 6.473E-06 2.90E-04
2.917E-01 1.022E-01 1.022E-01 6.878E-06 2.76E-04
2.884E-01 1.044E-01 1.044E-01 7.320E-06 2.61E-04
2.851E-01 1.069E-01 1.069E-01 7.801E-06 2.43E-04
2.818E-01 1.097E-01 1.097E-01 8.357E-06 2.17E-04
2.786E-01 1.127E-01 1.127E-01 8.951E-06 1.92E-04
2.754E-01 1.160E-01 1.160E-01 9.591E-06 1.66E-04
2.723E-01 1.198E-01 1.198E-01 1.029E-05 1.40E-04
2.692E-01 1.239E-01 1.239E-01 1.106E-05 1.16E-04
2.661E-01 1.285E-01 1.285E-01 1.191E-05 9.26E-05
2.630E-01 1.337E-01 1.337E-01 1.287E-05 7.20E-05
2.600E-01 1.396E-01 1.396E-01 1.396E-05 5.40E-05
2.570E-01 1.461E-01 1.461E-01 1.518E-05 3.98E-05
2.541E-01 1.536E-01 1.535E-01 1.652E-05 3.02E-05
2.512E-01 1.619E-01 1.619E-01 1.803E-05 2.45E-05
2.483E-01 1.714E-01 1.713E-01 1.976E-05 2.23E-05
2.455E-01 1.820E-01 1.820E-01 2.173E-05 2.34E-05
2.427E-01 1.939E-01 1.938E-01 2.400E-05 2.83E-05
2.399E-01 2.071E-01 2.070E-01 2.662E-05 3.72E-05
2.371E-01 2.215E-01 2.215E-01 2.948E-05 5.04E-05
2.344E-01 2.371E-01 2.370E-01 3.253E-05 6.65E-05
2.317E-01 2.533E-01 2.533E-01 3.572E-05 8.39E-05
2.291E-01 2.696E-01 2.696E-01 3.899E-05 1.02E-04
2.265E-01 2.850E-01 2.850E-01 4.233E-05 1.21E-04
2.239E-01 2.985E-01 2.984E-01 4.586E-05 1.41E-04
2.213E-01 3.086E-01 3.086E-01 4.951E-05 1.62E-04
2.188E-01 3.144E-01 3.143E-01 5.241E-05 1.86E-04
2.163E-01 3.151E-01 3.150E-01 5.377E-05 2.12E-04
2.138E-01 3.106E-01 3.106E-01 5.360E-05 2.41E-04
2.113E-01 3.016E-01 3.016E-01 5.243E-05 2.69E-04
2.089E-01 2.892E-01 2.892E-01 5.043E-05 2.98E-04
2.065E-01 2.746E-01 2.746E-01 4.777E-05 3.28E-04
2.042E-01 2.590E-01 2.590E-01 4.456E-05 3.58E-04
2.018E-01 2.433E-01 2.433E-01 4.103E-05 3.90E-04
1.995E-01 2.283E-01 2.283E-01 3.739E-05 4.22E-04
1.972E-01 2.143E-01 2.143E-01 3.378E-05 4.56E-04
1.950E-01 2.015E-01 2.015E-01 3.037E-05 4.90E-04
1.928E-01 1.900E-01 1.900E-01 2.722E-05 5.25E-04
1.905E-01 1.798E-01 1.798E-01 2.438E-05 5.61E-04
1.884E-01 1.708E-01 1.708E-01 2.179E-05 5.99E-04
1.862E-01 1.629E-01 1.629E-01 1.954E-05 6.38E-04
1.841E-01 1.560E-01 1.559E-01 1.762E-05 6.79E-04
1.820E-01 1.499E-01 1.498E-01 1.598E-05 7.21E-04
1.799E-01 1.445E-01 1.445E-01 1.460E-05 7.66E-04
1.778E-01 1.398E-01 1.398E-01 1.347E-05 8.11E-04
1.758E-01 1.357E-01 1.357E-01 1.254E-05 8.57E-04
1.738E-01 1.321E-01 1.321E-01 1.178E-05 9.05E-04
1.718E-01 1.289E-01 1.289E-01 1.119E-05 9.53E-04
1.698E-01 1.261E-01 1.261E-01 1.074E-05 1.00E-03
1.679E-01 1.237E-01 1.237E-01 1.045E-05 1.05E-03
1.660E-01 1.217E-01 1.217E-01 1.031E-05 1.10E-03
1.641E-01 1.201E-01 1.201E-01 1.033E-05 1.15E-03
1.622E-01 1.188E-01 1.188E-01 1.050E-05 1.20E-03
1.603E-01 1.179E-01 1.179E-01 1.082E-05 1.25E-03
1.585E-01 1.173E-01 1.173E-01 1.129E-05 1.30E-03
1.567E-01 1.170E-01 1.170E-01 1.191E-05 1.35E-03
1.549E-01 1.170E-01 1.170E-01 1.267E-05 1.40E-03
1.531E-01 1.173E-01 1.173E-01 1.356E-05 1.45E-03
1.514E-01 1.179E-01 1.179E-01 1.461E-05 1.51E-03
1.496E-01 1.188E-01 1.188E-01 1.584E-05 1.56E-03
1.479E-01 1.200E-01 1.200E-01 1.725E-05 1.62E-03
1.462E-01 1.215E-01 1.215E-01 1.886E-05 1.67E-03
1.445E-01 1.233E-01 1.233E-01 2.072E-05 1.73E-03
1.429E-01 1.254E-01 1.254E-01 2.282E-05 1.78E-03
1.413E-01 1.278E-01 1.278E-01 2.516E-05 1.84E-03
1.396E-01 1.306E-01 1.305E-01 2.773E-05 1.90E-03
1.380E-01 1.336E-01 1.336E-01 3.053E-05 1.96E-03
1.365E-01 1.370E-01 1.370E-01 3.363E-05 2.02E-03
1.349E-01 1.407E-01 1.407E-01 3.712E-05 2.09E-03
1.334E-01 1.448E-01 1.448E-01 4.100E-05 2.17E-03
1.318E-01 1.493E-01 1.492E-01 4.531E-05 2.24E-03
1.303E-01 1.541E-01 1.540E-01 5.011E-05 2.33E-03
1.288E-01 1.624E-01 1.623E-01 5.545E-05 2.42E-03
1.274E-01 1.687E-01 1.686E-01 6.136E-05 2.51E-03
1.259E-01 1.753E-01 1.752E-01 6.789E-05 2.61E-03
1.245E-01 1.822E-01 1.822E-01 7.510E-05 2.72E-03
1.230E-01 1.894E-01 1.893E-01 8.303E-05 2.83E-03
1.216E-01 1.969E-01 1.968E-01 9.172E-05 2.93E-03
1.202E-01 2.047E-01 2.046E-01 1.012E-04 3.04E-03
1.189E-01 2.127E-01 2.126E-01 1.116E-04 3.14E-03
1.175E-01 2.209E-01 2.208E-01 1.230E-04 3.24E-03
1.161E-01 2.295E-01 2.293E-01 1.355E-04 3.34E-03
1.148E-01 2.382E-01 2.380E-01 1.499E-04 3.41E-03
1.135E-01 2.472E-01 2.470E-01 1.694E-04 3.51E-03
1.122E-01 2.563E-01 2.561E-01 1.900E-04 3.51E-03
1.109E-01 2.657E-01 2.655E-01 2.126E-04 3.40E-03
1.096E-01 2.753E-01 2.750E-01 2.377E-04 3.10E-03
1.084E-01 2.850E-01 2.847E-01 2.685E-04 2.77E-03
1.072E-01 2.949E-01 2.946E-01 3.042E-04 2.54E-03
1.059E-01 3.049E-01 3.046E-01 3.387E-04 2.48E-03
1.047E-01 3.151E-01 3.147E-01 3.719E-04 2.49E-03
1.035E-01 3.252E-01 3.248E-01 4.039E-04 2.50E-03
1.023E-01 3.354E-01 3.350E-01 4.347E-04 2.51E-03
1.012E-01 3.456E-01 3.452E-01 4.686E-04 2.47E-03
1.000E-01 3.571E-01 3.566E-01 5.071E-04 2.41E-03
9.886E-02 3.651E-01 3.645E-01 5.578E-04 2.31E-03
9.772E-02 3.735E-01 3.729E-01 6.159E-04 2.21E-03
9.661E-02 3.823E-01 3.816E-01 6.731E-04 2.15E-03
9.550E-02 3.916E-01 3.909E-01 7.260E-04 2.13E-03
9.441E-02 4.014E-01 4.006E-01 7.650E-04 2.14E-03
9.333E-02 4.117E-01 4.109E-01 7.962E-04 2.17E-03
9.226E-02 4.227E-01 4.218E-01 8.310E-04 2.19E-03
9.120E-02 4.344E-01 4.335E-01 8.642E-04 2.23E-03
9.016E-02 4.470E-01 4.461E-01 8.841E-04 2.30E-03
8.913E-02 4.605E-01 4.596E-01 9.064E-04 2.37E-03
8.810E-02 4.753E-01 4.743E-01 9.443E-04 2.38E-03
8.710E-02 4.915E-01 4.904E-01 1.005E-03 2.35E-03
8.610E-02 5.092E-01 5.081E-01 1.077E-03 2.30E-03
8.511E-02 5.288E-01 5.277E-01 1.162E-03 2.24E-03
8.414E-02 5.506E-01 5.494E-01 1.262E-03 2.18E-03
8.318E-02 5.749E-01 5.735E-01 1.376E-03 2.12E-03
8.222E-02 6.021E-01 6.006E-01 1.501E-03 2.09E-03
8.128E-02 6.325E-01 6.308E-01 1.636E-03 2.09E-03
8.035E-02 6.665E-01 6.647E-01 1.783E-03 2.11E-03
7.943E-02 7.044E-01 7.024E-01 1.941E-03 2.15E-03
7.852E-02 7.462E-01 7.441E-01 2.104E-03 2.21E-03
7.762E-02 7.916E-01 7.894E-01 2.264E-03 2.30E-03
7.674E-02 8.397E-01 8.373E-01 2.412E-03 2.39E-03
7.586E-02 8.887E-01 8.861E-01 2.552E-03 2.50E-03
7.499E-02 9.358E-01 9.331E-01 2.679E-03 2.61E-03
7.413E-02 9.773E-01 9.745E-01 2.788E-03 2.72E-03
7.328E-02 1.009E+00 1.006E+00 2.875E-03 2.85E-03
7.244E-02 1.027E+00 1.024E+00 2.959E-03 2.97E-03
7.161E-02 1.031E+00 1.028E+00 3.033E-03 3.09E-03
7.079E-02 1.019E+00 1.016E+00 3.082E-03 3.23E-03
6.998E-02 9.958E-01 9.927E-01 3.101E-03 3.36E-03
6.918E-02 9.643E-01 9.613E-01 3.091E-03 3.51E-03
6.839E-02 9.288E-01 9.258E-01 3.019E-03 3.67E-03
6.761E-02 8.927E-01 8.898E-01 2.909E-03 3.84E-03
6.683E-02 8.584E-01 8.556E-01 2.787E-03 4.01E-03
6.607E-02 8.274E-01 8.247E-01 2.658E-03 4.18E-03
6.531E-02 7.933E-01 7.908E-01 2.524E-03 4.36E-03
6.457E-02 7.589E-01 7.565E-01 2.427E-03 4.52E-03
6.383E-02 7.242E-01 7.219E-01 2.345E-03 4.68E-03
6.310E-02 6.891E-01 6.869E-01 2.276E-03 4.84E-03
6.237E-02 6.537E-01 6.515E-01 2.219E-03 5.01E-03
6.166E-02 6.179E-01 6.157E-01 2.179E-03 5.17E-03
6.095E-02 5.817E-01 5.795E-01 2.153E-03 5.34E-03
6.026E-02 5.451E-01 5.430E-01 2.129E-03 5.52E-03
5.957E-02 5.081E-01 5.060E-01 2.111E-03 5.69E-03
5.888E-02 4.706E-01 4.685E-01 2.093E-03 5.87E-03
5.821E-02 4.327E-01 4.306E-01 2.061E-03 6.06E-03
5.754E-02 4.014E-01 3.993E-01 2.026E-03 6.24E-03
5.689E-02 3.868E-01 3.848E-01 1.989E-03 6.43E-03
5.623E-02 3.717E-01 3.698E-01 1.947E-03 6.62E-03
5.559E-02 3.557E-01 3.538E-01 1.896E-03 6.82E-03
5.495E-02 3.402E-01 3.383E-01 1.844E-03 7.02E-03
5.433E-02 3.250E-01 3.232E-01 1.790E-03 7.22E-03
5.370E-02 3.109E-01 3.091E-01 1.738E-03 7.43E-03
5.309E-02 2.988E-01 2.971E-01 1.692E-03 7.64E-03
5.248E-02 2.876E-01 2.860E-01 1.649E-03 7.86E-03
5.188E-02 2.773E-01 2.757E-01 1.608E-03 8.08E-03
5.129E-02 2.674E-01 2.658E-01 1.570E-03 8.31E-03
5.070E-02 2.579E-01 2.563E-01 1.537E-03 8.54E-03
5.012E-02 2.488E-01 2.473E-01 1.506E-03 8.77E-03
4.955E-02 2.402E-01 2.387E-01 1.477E-03 9.01E-03
4.898E-02 2.321E-01 2.307E-01 1.450E-03 9.26E-03
4.842E-02 2.242E-01 2.228E-01 1.423E-03 9.51E-03
4.786E-02 2.166E-01 2.152E-01 1.396E-03 9.76E-03
4.732E-02 2.084E-01 2.071E-01 1.364E-03 1.00E-02
4.677E-02 2.003E-01 1.990E-01 1.332E-03 1.03E-02
4.624E-02 1.926E-01 1.913E-01 1.299E-03 1.06E-02
4.571E-02 1.858E-01 1.845E-01 1.270E-03 1.09E-02
4.519E-02 1.802E-01 1.789E-01 1.244E-03 1.11E-02
4.467E-02 1.748E-01 1.736E-01 1.218E-03 1.14E-02
4.416E-02 1.692E-01 1.680E-01 1.189E-03 1.17E-02
4.365E-02 1.622E-01 1.610E-01 1.154E-03 1.21E-02
4.315E-02 1.555E-01 1.544E-01 1.119E-03 1.24E-02
4.266E-02 1.496E-01 1.485E-01 1.082E-03 1.27E-02
4.217E-02 1.459E-01 1.448E-01 1.047E-03 1.31E-02
4.169E-02 1.430E-01 1.420E-01 1.014E-03 1.34E-02
4.121E-02 1.409E-01 1.399E-01 9.841E-04 1.38E-02
4.074E-02 1.389E-01 1.379E-01 9.611E-04 1.41E-02
4.027E-02 1.373E-01 1.364E-01 9.417E-04 1.45E-02
3.981E-02 1.362E-01 1.353E-01 9.253E-04 1.49E-02
3.935E-02 1.355E-01 1.346E-01 9.108E-04 1.52E-02
3.890E-02 1.354E-01 1.345E-01 9.000E-04 1.56E-02
3.846E-02 1.358E-01 1.349E-01 8.917E-04 1.60E-02
3.802E-02 1.370E-01 1.361E-01 8.905E-04 1.64E-02
3.758E-02 1.390E-01 1.381E-01 8.991E-04 1.69E-02
3.715E-02 1.432E-01 1.423E-01 9.339E-04 1.73E-02
3.673E-02 1.469E-01 1.459E-01 9.771E-04 1.77E-02
3.631E-02 1.485E-01 1.475E-01 1.022E-03 1.81E-02
3.589E-02 1.467E-01 1.456E-01 1.055E-03 1.85E-02
3.548E-02 1.434E-01 1.423E-01 1.081E-03 1.90E-02
3.508E-02 1.405E-01 1.394E-01 1.097E-03 1.94E-02
3.467E-02 1.377E-01 1.366E-01 1.106E-03 1.99E-02
3.428E-02 1.348E-01 1.337E-01 1.111E-03 2.04E-02
3.388E-02 1.321E-01 1.310E-01 1.118E-03 2.09E-02
3.350E-02 1.294E-01 1.282E-01 1.124E-03 2.14E-02
3.311E-02 1.267E-01 1.256E-01 1.129E-03 2.19E-02
3.273E-02 1.241E-01 1.229E-01 1.133E-03 2.25E-02
3.236E-02 1.214E-01 1.203E-01 1.136E-03 2.30E-02
3.199E-02 1.189E-01 1.177E-01 1.139E-03 2.36E-02
3.162E-02 1.163E-01 1.152E-01 1.142E-03 2.42E-02
3.126E-02 1.138E-01 1.127E-01 1.144E-03 2.48E-02
3.090E-02 1.114E-01 1.102E-01 1.145E-03 2.54E-02
3.055E-02 1.090E-01 1.078E-01 1.147E-03 2.60E-02
3.020E-02 1.066E-01 1.055E-01 1.148E-03 2.66E-02
2.985E-02 1.043E-01 1.031E-01 1.148E-03 2.73E-02
2.951E-02 1.020E-01 1.008E-01 1.149E-03 2.80E-02
2.917E-02 9.971E-02 9.856E-02 1.149E-03 2.86E-02
2.884E-02 9.750E-02 9.635E-02 1.148E-03 2.93E-02
2.851E-02 9.534E-02 9.419E-02 1.148E-03 3.01E-02
2.818E-02 9.323E-02 9.208E-02 1.147E-03 3.08E-02
2.786E-02 9.118E-02 9.003E-02 1.146E-03 3.16E-02
2.754E-02 8.916E-02 8.801E-02 1.146E-03 3.23E-02
2.723E-02 8.718E-02 8.604E-02 1.145E-03 3.31E-02
2.692E-02 8.526E-02 8.411E-02 1.144E-03 3.39E-02
2.661E-02 8.336E-02 8.221E-02 1.143E-03 3.48E-02
2.630E-02 8.149E-02 8.035E-02 1.142E-03 3.56E-02
2.600E-02 7.966E-02 7.852E-02 1.140E-03 3.65E-02
2.570E-02 7.787E-02 7.673E-02 1.138E-03 3.74E-02
2.541E-02 7.611E-02 7.497E-02 1.136E-03 3.83E-02
2.512E-02 7.438E-02 7.325E-02 1.134E-03 3.92E-02
2.483E-02 7.269E-02 7.155E-02 1.132E-03 4.02E-02
2.455E-02 7.103E-02 6.990E-02 1.130E-03 4.12E-02
2.427E-02 6.941E-02 6.828E-02 1.127E-03 4.22E-02
2.399E-02 6.783E-02 6.671E-02 1.125E-03 4.32E-02
2.371E-02 6.630E-02 6.517E-02 1.123E-03 4.42E-02
2.344E-02 6.479E-02 6.367E-02 1.120E-03 4.53E-02
2.317E-02 6.331E-02 6.219E-02 1.117E-03 4.64E-02
2.291E-02 6.186E-02 6.075E-02 1.115E-03 4.75E-02
2.265E-02 6.045E-02 5.933E-02 1.112E-03 4.87E-02
2.239E-02 5.906E-02 5.795E-02 1.109E-03 4.99E-02
2.213E-02 5.770E-02 5.659E-02 1.106E-03 5.11E-02
2.188E-02 5.638E-02 5.527E-02 1.103E-03 5.23E-02
2.163E-02 5.508E-02 5.398E-02 1.099E-03 5.36E-02
2.138E-02 5.382E-02 5.273E-02 1.096E-03 5.49E-02
2.113E-02 5.259E-02 5.150E-02 1.093E-03 5.62E-02
2.089E-02 5.137E-02 5.028E-02 1.089E-03 5.76E-02
2.065E-02 5.017E-02 4.908E-02 1.085E-03 5.90E-02
2.042E-02 4.904E-02 4.796E-02 1.082E-03 6.04E-02
2.018E-02 4.792E-02 4.684E-02 1.078E-03 6.19E-02
1.995E-02 4.681E-02 4.573E-02 1.074E-03 6.34E-02
1.972E-02 4.571E-02 4.464E-02 1.070E-03 6.49E-02
1.950E-02 4.463E-02 4.357E-02 1.065E-03 6.65E-02
1.928E-02 4.357E-02 4.251E-02 1.061E-03 6.81E-02
1.905E-02 4.254E-02 4.148E-02 1.056E-03 6.98E-02
1.884E-02 4.155E-02 4.049E-02 1.051E-03 7.15E-02
1.862E-02 4.057E-02 3.952E-02 1.047E-03 7.32E-02
1.841E-02 3.961E-02 3.857E-02 1.042E-03 7.50E-02
1.820E-02 3.868E-02 3.764E-02 1.037E-03 7.68E-02
1.799E-02 3.777E-02 3.674E-02 1.032E-03 7.87E-02
1.778E-02 3.689E-02 3.587E-02 1.027E-03 8.06E-02
1.758E-02 3.603E-02 3.501E-02 1.021E-03 8.25E-02
1.738E-02 3.518E-02 3.417E-02 1.016E-03 8.45E-02
1.718E-02 3.435E-02 3.334E-02 1.011E-03 8.65E-02
1.698E-02 3.353E-02 3.253E-02 1.005E-03 8.86E-02
1.679E-02 3.274E-02 3.174E-02 9.995E-04 9.08E-02
1.660E-02 3.197E-02 3.097E-02 9.939E-04 9.30E-02
1.641E-02 3.121E-02 3.023E-02 9.882E-04 9.52E-02
1.622E-02 3.047E-02 2.949E-02 9.822E-04 9.75E-02
1.603E-02 2.974E-02 2.877E-02 9.761E-04 9.99E-02
1.585E-02 2.903E-02 2.806E-02 9.698E-04 1.02E-01
1.567E-02 2.834E-02 2.738E-02 9.635E-04 1.05E-01
1.549E-02 2.767E-02 2.672E-02 9.573E-04 1.07E-01
1.531E-02 2.701E-02 2.606E-02 9.508E-04 1.10E-01
1.514E-02 2.636E-02 2.542E-02 9.442E-04 1.13E-01
1.496E-02 2.572E-02 2.479E-02 9.375E-04 1.15E-01
1.479E-02 2.510E-02 2.417E-02 9.307E-04 1.18E-01
1.462E-02 2.450E-02 2.358E-02 9.239E-04 1.21E-01
1.445E-02 2.391E-02 2.300E-02 9.170E-04 1.24E-01
1.429E-02 2.334E-02 2.243E-02 9.099E-04 1.27E-01
1.413E-02 2.278E-02 2.187E-02 9.027E-04 1.30E-01
1.396E-02 2.223E-02 2.133E-02 8.954E-04 1.33E-01
1.380E-02 2.170E-02 2.081E-02 8.881E-04 1.36E-01
1.365E-02 2.118E-02 2.030E-02 8.806E-04 1.39E-01
1.349E-02 2.066E-02 1.979E-02 8.729E-04 1.43E-01
1.334E-02 2.016E-02 1.930E-02 8.651E-04 1.46E-01
1.318E-02 1.967E-02 1.882E-02 8.572E-04 1.50E-01
1.303E-02 1.920E-02 1.835E-02 8.494E-04 1.53E-01
1.288E-02 1.874E-02 1.790E-02 8.417E-04 1.57E-01
1.274E-02 1.829E-02 1.745E-02 8.338E-04 1.61E-01
1.259E-02 1.784E-02 1.701E-02 8.255E-04 1.65E-01
1.245E-02 1.740E-02 1.658E-02 8.171E-04 1.69E-01
1.230E-02 1.698E-02 1.618E-02 8.093E-04 1.73E-01
1.216E-02 1.658E-02 1.578E-02 8.015E-04 1.77E-01
1.202E-02 1.619E-02 1.539E-02 7.933E-04 1.81E-01
1.189E-02 1.579E-02 1.501E-02 7.848E-04 1.85E-01
1.175E-02 1.540E-02 1.463E-02 7.760E-04 1.90E-01
1.161E-02 1.502E-02 1.425E-02 7.670E-04 1.94E-01
1.148E-02 1.464E-02 1.388E-02 7.579E-04 1.99E-01
1.135E-02 1.427E-02 1.352E-02 7.486E-04 2.04E-01
1.122E-02 1.391E-02 1.317E-02 7.393E-04 2.09E-01
1.109E-02 1.357E-02 1.284E-02 7.302E-04 2.14E-01
1.096E-02 1.323E-02 1.251E-02 7.209E-04 2.19E-01
1.084E-02 1.290E-02 1.219E-02 7.115E-04 2.24E-01
1.072E-02 1.258E-02 1.187E-02 7.020E-04 2.29E-01
1.059E-02 1.226E-02 1.157E-02 6.925E-04 2.35E-01
1.047E-02 1.196E-02 1.128E-02 6.830E-04 2.40E-01
1.035E-02 1.167E-02 1.099E-02 6.737E-04 2.46E-01
1.023E-02 1.138E-02 1.071E-02 6.642E-04 2.52E-01
1.012E-02 1.109E-02 1.044E-02 6.546E-04 2.58E-01
1.000E-02 1.081E-02 1.017E-02 6.448E-04 2.64E-01
9.886E-03 1.054E-02 9.902E-03 6.350E-04 2.70E-01
9.772E-03 1.027E-02 9.645E-03 6.252E-04 2.76E-01
9.661E-03 1.001E-02 9.397E-03 6.155E-04 2.83E-01
9.550E-03 9.764E-03 9.158E-03 6.058E-04 2.89E-01
9.441E-03 9.519E-03 8.923E-03 5.961E-04 2.96E-01
9.333E-03 9.277E-03 8.691E-03 5.862E-04 3.03E-01
9.226E-03 9.040E-03 8.464E-03 5.762E-04 3.10E-01
9.120E-03 8.808E-03 8.242E-03 5.662E-04 3.17E-01
9.016E-03 8.584E-03 8.028E-03 5.562E-04 3.24E-01
8.913E-03 8.367E-03 7.820E-03 5.463E-04 3.32E-01
8.810E-03 8.156E-03 7.619E-03 5.365E-04 3.39E-01
8.710E-03 7.947E-03 7.421E-03 5.265E-04 3.47E-01
8.610E-03 7.743E-03 7.226E-03 5.164E-04 3.54E-01
8.511E-03 7.543E-03 7.036E-03 5.063E-04 3.62E-01
8.414E-03 7.348E-03 6.852E-03 4.963E-04 3.70E-01
8.318E-03 7.160E-03 6.674E-03 4.864E-04 3.79E-01
8.222E-03 6.977E-03 6.501E-03 4.765E-04 3.87E-01
8.128E-03 6.796E-03 6.330E-03 4.666E-04 3.95E-01
8.035E-03 6.619E-03 6.162E-03 4.566E-04 4.04E-01
7.943E-03 6.446E-03 5.999E-03 4.467E-04 4.13E-01
7.852E-03 6.277E-03 5.841E-03 4.368E-04 4.21E-01
7.762E-03 6.114E-03 5.687E-03 4.270E-04 4.30E-01
7.674E-03 5.952E-03 5.535E-03 4.172E-04 4.39E-01
7.586E-03 5.794E-03 5.386E-03 4.073E-04 4.48E-01
7.499E-03 5.640E-03 5.242E-03 3.976E-04 4.58E-01
7.413E-03 5.491E-03 5.103E-03 3.880E-04 4.67E-01
7.328E-03 5.349E-03 4.970E-03 3.787E-04 4.76E-01
7.244E-03 5.209E-03 4.840E-03 3.693E-04 4.86E-01
7.161E-03 5.071E-03 4.711E-03 3.598E-04 4.95E-01
7.079E-03 4.938E-03 4.587E-03 3.506E-04 5.05E-01
6.998E-03 4.807E-03 4.465E-03 3.414E-04 5.14E-01
6.918E-03 4.678E-03 4.346E-03 3.322E-04 5.24E-01
6.839E-03 4.554E-03 4.231E-03 3.231E-04 5.34E-01
6.761E-03 4.432E-03 4.118E-03 3.141E-04 5.43E-01
6.683E-03 4.313E-03 4.008E-03 3.051E-04 5.53E-01
6.607E-03 4.196E-03 3.899E-03 2.961E-04 5.62E-01
6.531E-03 4.081E-03 3.794E-03 2.872E-04 5.72E-01
6.457E-03 3.972E-03 3.693E-03 2.786E-04 5.82E-01
6.383E-03 3.864E-03 3.594E-03 2.700E-04 5.91E-01
6.310E-03 3.758E-03 3.496E-03 2.613E-04 6.00E-01
6.237E-03 3.653E-03 3.401E-03 2.527E-04 6.10E-01
6.166E-03 3.555E-03 3.310E-03 2.444E-04 6.19E-01
6.095E-03 3.461E-03 3.224E-03 2.364E-04 6.28E-01
6.026E-03 3.368E-03 3.139E-03 2.283E-04 6.37E-01
5.957E-03 3.275E-03 3.055E-03 2.201E-04 6.45E-01
5.888E-03 3.184E-03 2.972E-03 2.118E-04 6.54E-01
5.821E-03 3.094E-03 2.890E-03 2.035E-04 6.62E-01
5.754E-03 3.005E-03 2.810E-03 1.952E-04 6.70E-01
5.689E-03 2.918E-03 2.731E-03 1.869E-04 6.78E-01
5.623E-03 2.834E-03 2.656E-03 1.787E-04 6.86E-01
5.559E-03 2.754E-03 2.583E-03 1.709E-04 6.93E-01
5.495E-03 2.675E-03 2.512E-03 1.629E-04 7.00E-01
5.433E-03 2.598E-03 2.443E-03 1.548E-04 7.07E-01
5.370E-03 2.522E-03 2.375E-03 1.465E-04 7.14E-01
5.309E-03 2.448E-03 2.310E-03 1.382E-04 7.20E-01
5.248E-03 2.377E-03 2.247E-03 1.299E-04 7.26E-01
5.188E-03 2.308E-03 2.187E-03 1.214E-04 7.31E-01
5.129E-03 2.243E-03 2.127E-03 1.160E-04 7.37E-01
5.070E-03 2.179E-03 2.069E-03 1.108E-04 7.42E-01
5.012E-03 2.115E-03 2.011E-03 1.036E-04 7.47E-01
4.955E-03 2.050E-03 1.955E-03 9.454E-05 7.51E-01
4.898E-03 1.985E-03 1.901E-03 8.377E-05 7.56E-01
4.842E-03 1.921E-03 1.849E-03 7.156E-05 7.60E-01
4.786E-03 1.858E-03 1.800E-03 5.829E-05 7.63E-01
4.732E-03 1.790E-03 1.750E-03 4.003E-05 7.67E-01
4.677E-03 1.722E-03 1.701E-03 2.098E-05 7.70E-01
4.624E-03 1.659E-03 1.653E-03 6.480E-06 7.73E-01
4.571E-03 1.608E-03 1.607E-03 7.894E-07 7.76E-01
4.519E-03 1.573E-03 1.564E-03 9.361E-06 7.79E-01
4.467E-03 1.562E-03 1.523E-03 3.908E-05 7.82E-01
4.416E-03 3.357E-02 3.328E-02 2.902E-04 7.85E-01
4.365E-03 3.286E-02 3.261E-02 2.574E-04 7.87E-01
4.315E-03 3.218E-02 3.194E-02 2.317E-04 7.90E-01
4.266E-03 3.151E-02 3.128E-02 2.258E-04 7.92E-01
4.217E-03 3.086E-02 3.063E-02 2.344E-04 7.95E-01
4.169E-03 3.023E-02 2.998E-02 2.523E-04 7.97E-01
4.121E-03 2.961E-02 2.933E-02 2.715E-04 8.00E-01
4.074E-03 2.899E-02 2.871E-02 2.822E-04 8.02E-01
4.027E-03 2.837E-02 2.808E-02 2.908E-04 8.05E-01
3.981E-03 2.776E-02 2.747E-02 2.961E-04 8.07E-01
3.935E-03 2.715E-02 2.686E-02 2.967E-04 8.10E-01
3.890E-03 2.655E-02 2.626E-02 2.919E-04 8.13E-01
3.846E-03 2.596E-02 2.567E-02 2.898E-04 8.15E-01
3.802E-03 2.537E-02 2.508E-02 2.911E-04 8.18E-01
3.758E-03 2.479E-02 2.450E-02 2.919E-04 8.21E-01
3.715E-03 2.423E-02 2.393E-02 2.919E-04 8.25E-01
3.673E-03 2.367E-02 2.338E-02 2.912E-04 8.28E-01
3.631E-03 2.312E-02 2.283E-02 2.899E-04 8.31E-01
3.589E-03 2.258E-02 2.229E-02 2.889E-04 8.35E-01
3.548E-03 2.204E-02 2.175E-02 2.875E-04 8.38E-01
3.508E-03 2.151E-02 2.123E-02 2.858E-04 8.42E-01
3.467E-03 2.100E-02 2.072E-02 2.838E-04 8.45E-01
3.428E-03 2.049E-02 2.021E-02 2.814E-04 8.49E-01
3.388E-03 1.999E-02 1.972E-02 2.790E-04 8.52E-01
3.350E-03 1.950E-02 1.923E-02 2.765E-04 8.56E-01
3.311E-03 1.902E-02 1.875E-02 2.737E-04 8.59E-01
3.273E-03 1.855E-02 1.828E-02 2.708E-04 8.63E-01
3.236E-03 1.809E-02 1.782E-02 2.676E-04 8.66E-01
3.199E-03 1.764E-02 1.738E-02 2.644E-04 8.69E-01
3.162E-03 1.719E-02 1.693E-02 2.612E-04 8.72E-01
3.126E-03 1.675E-02 1.649E-02 2.579E-04 8.75E-01
3.090E-03 1.632E-02 1.607E-02 2.547E-04 8.78E-01
3.055E-03 1.593E-02 1.568E-02 2.514E-04 8.80E-01
3.020E-03 1.554E-02 1.529E-02 2.481E-04 8.83E-01
2.985E-03 1.515E-02 1.490E-02 2.448E-04 8.85E-01
2.951E-03 1.475E-02 1.451E-02 2.414E-04 8.87E-01
2.917E-03 1.437E-02 1.413E-02 2.380E-04 8.89E-01
2.884E-03 1.398E-02 1.375E-02 2.346E-04 8.91E-01
2.851E-03 1.360E-02 1.337E-02 2.311E-04 8.92E-01
2.818E-03 1.322E-02 1.300E-02 2.277E-04 8.94E-01
2.786E-03 1.285E-02 1.263E-02 2.242E-04 8.95E-01
2.754E-03 1.249E-02 1.227E-02 2.206E-04 8.97E-01
2.723E-03 1.216E-02 1.194E-02 2.171E-04 8.98E-01
2.692E-03 1.182E-02 1.161E-02 2.135E-04 8.99E-01
2.661E-03 1.149E-02 1.128E-02 2.098E-04 9.01E-01
2.630E-03 1.117E-02 1.097E-02 2.062E-04 9.02E-01
2.600E-03 1.086E-02 1.066E-02 2.025E-04 9.04E-01
2.570E-03 1.056E-02 1.036E-02 1.989E-04 9.05E-01
2.541E-03 1.026E-02 1.007E-02 1.952E-04 9.07E-01
2.512E-03 9.979E-03 9.787E-03 1.915E-04 9.08E-01
2.483E-03 9.709E-03 9.521E-03 1.878E-04 9.10E-01
2.455E-03 9.438E-03 9.254E-03 1.843E-04 9.12E-01
2.427E-03 9.171E-03 8.990E-03 1.807E-04 9.14E-01
2.399E-03 8.908E-03 8.731E-03 1.772E-04 9.16E-01
2.371E-03 8.652E-03 8.478E-03 1.738E-04 9.17E-01
2.344E-03 8.402E-03 8.232E-03 1.703E-04 9.19E-01
2.317E-03 8.161E-03 7.994E-03 1.669E-04 9.21E-01
2.291E-03 7.928E-03 7.765E-03 1.636E-04 9.23E-01
2.265E-03 7.706E-03 7.545E-03 1.603E-04 9.25E-01
2.239E-03 7.487E-03 7.330E-03 1.571E-04 9.27E-01
2.213E-03 7.270E-03 7.116E-03 1.539E-04 9.28E-01
2.188E-03 7.057E-03 6.907E-03 1.507E-04 9.30E-01
2.163E-03 6.850E-03 6.702E-03 1.476E-04 9.31E-01
2.138E-03 6.648E-03 6.503E-03 1.445E-04 9.32E-01
2.113E-03 6.453E-03 6.311E-03 1.415E-04 9.34E-01
2.089E-03 6.265E-03 6.126E-03 1.386E-04 9.35E-01
2.065E-03 6.085E-03 5.950E-03 1.357E-04 9.36E-01
2.042E-03 5.906E-03 5.774E-03 1.329E-04 9.37E-01
2.018E-03 5.731E-03 5.601E-03 1.301E-04 9.37E-01
1.995E-03 5.560E-03 5.432E-03 1.273E-04 9.38E-01
1.972E-03 5.393E-03 5.269E-03 1.246E-04 9.39E-01
1.950E-03 5.232E-03 5.110E-03 1.220E-04 9.40E-01
1.928E-03 5.077E-03 4.957E-03 1.193E-04 9.41E-01
1.905E-03 4.928E-03 4.811E-03 1.168E-04 9.42E-01
1.884E-03 4.780E-03 4.666E-03 1.143E-04 9.43E-01
1.862E-03 4.635E-03 4.524E-03 1.117E-04 9.44E-01
1.841E-03 4.494E-03 4.385E-03 1.093E-04 9.46E-01
1.820E-03 4.357E-03 4.251E-03 1.068E-04 9.47E-01
1.799E-03 4.225E-03 4.121E-03 1.044E-04 9.48E-01
1.778E-03 4.098E-03 3.996E-03 1.021E-04 9.49E-01
1.758E-03 3.975E-03 3.875E-03 9.982E-05 9.50E-01
1.738E-03 3.854E-03 3.756E-03 9.756E-05 9.52E-01
1.718E-03 3.735E-03 3.640E-03 9.535E-05 9.53E-01
1.698E-03 3.620E-03 3.527E-03 9.318E-05 9.54E-01
1.679E-03 3.510E-03 3.418E-03 9.107E-05 9.54E-01
1.660E-03 3.403E-03 3.314E-03 8.901E-05 9.55E-01
1.641E-03 3.299E-03 3.212E-03 8.701E-05 9.56E-01
1.622E-03 3.197E-03 3.112E-03 8.504E-05 9.57E-01
1.603E-03 3.098E-03 3.015E-03 8.311E-05 9.57E-01
1.585E-03 3.002E-03 2.921E-03 8.121E-05 9.58E-01
1.567E-03 2.909E-03 2.830E-03 7.936E-05 9.58E-01
1.549E-03 2.820E-03 2.742E-03 7.756E-05 9.59E-01
1.531E-03 2.732E-03 2.657E-03 7.578E-05 9.60E-01
1.514E-03 2.647E-03 2.573E-03 7.403E-05 9.61E-01
1.496E-03 2.564E-03 2.492E-03 7.231E-05 9.62E-01
1.479E-03 2.484E-03 2.414E-03 7.063E-05 9.62E-01
1.462E-03 2.407E-03 2.338E-03 6.899E-05 9.63E-01
1.445E-03 2.332E-03 2.265E-03 6.739E-05 9.64E-01
1.429E-03 2.259E-03 2.193E-03 6.582E-05 9.65E-01
1.413E-03 2.188E-03 2.123E-03 6.429E-05 9.66E-01
1.396E-03 2.118E-03 2.056E-03 6.280E-05 9.66E-01
1.380E-03 2.052E-03 1.991E-03 6.135E-05 9.67E-01
1.365E-03 1.988E-03 1.928E-03 5.993E-05 9.68E-01
1.349E-03 1.925E-03 1.866E-03 5.853E-05 9.68E-01
1.334E-03 1.864E-03 1.807E-03 5.717E-05 9.69E-01
1.318E-03 1.805E-03 1.749E-03 5.583E-05 9.69E-01
1.303E-03 1.749E-03 1.694E-03 5.453E-05 9.69E-01
1.288E-03 1.695E-03 1.641E-03 5.327E-05 9.70E-01
1.274E-03 1.641E-03 1.589E-03 5.201E-05 9.71E-01
1.259E-03 1.589E-03 1.538E-03 5.078E-05 9.71E-01
1.245E-03 1.538E-03 1.488E-03 4.956E-05 9.72E-01
1.230E-03 1.490E-03 1.442E-03 4.842E-05 9.73E-01
1.216E-03 1.445E-03 1.397E-03 4.732E-05 9.73E-01
1.202E-03 1.400E-03 1.353E-03 4.623E-05 9.74E-01
1.189E-03 1.355E-03 1.310E-03 4.515E-05 9.74E-01
1.175E-03 1.311E-03 1.267E-03 4.408E-05 9.75E-01
1.161E-03 1.269E-03 1.226E-03 4.303E-05 9.75E-01
1.148E-03 1.227E-03 1.185E-03 4.200E-05 9.76E-01
1.135E-03 1.186E-03 1.145E-03 4.099E-05 9.76E-01
1.122E-03 1.148E-03 1.108E-03 4.002E-05 9.76E-01
1.109E-03 1.111E-03 1.072E-03 3.907E-05 9.77E-01
1.096E-03 1.075E-03 1.036E-03 3.814E-05 9.77E-01
1.084E-03 1.039E-03 1.002E-03 3.722E-05 9.78E-01
1.072E-03 1.006E-03 9.693E-04 3.633E-05 9.78E-01
1.059E-03 9.730E-04 9.375E-04 3.547E-05 9.79E-01
1.047E-03 9.419E-04 9.072E-04 3.462E-05 9.79E-01
1.035E-03 9.123E-04 8.785E-04 3.381E-05 9.80E-01
1.023E-03 8.831E-04 8.501E-04 3.301E-05 9.80E-01
1.012E-03 8.545E-04 8.223E-04 3.222E-05 9.80E-01
