w(micron)   Q_ext     Q_abs     Q_sca    g=<cos>
1.000E+03 8.622E-07 8.622E-07 1.043E-17 0.00E+00
9.886E+02 8.816E-07 8.816E-07 1.092E-17 0.00E+00
9.772E+02 9.014E-07 9.014E-07 1.143E-17 0.00E+00
9.661E+02 9.217E-07 9.217E-07 1.197E-17 0.00E+00
9.550E+02 9.424E-07 9.424E-07 1.253E-17 0.00E+00
9.441E+02 9.636E-07 9.636E-07 1.312E-17 0.00E+00
9.333E+02 9.852E-07 9.852E-07 1.374E-17 0.00E+00
9.226E+02 1.007E-06 1.007E-06 1.439E-17 0.00E+00
9.120E+02 1.030E-06 1.030E-06 1.507E-17 0.00E+00
9.016E+02 1.053E-06 1.053E-06 1.578E-17 0.00E+00
8.913E+02 1.077E-06 1.077E-06 1.652E-17 0.00E+00
8.810E+02 1.101E-06 1.101E-06 1.730E-17 0.00E+00
8.710E+02 1.125E-06 1.125E-06 1.811E-17 0.00E+00
8.610E+02 1.150E-06 1.150E-06 1.897E-17 0.00E+00
8.511E+02 1.176E-06 1.176E-06 1.986E-17 0.00E+00
8.414E+02 1.202E-06 1.202E-06 2.079E-17 0.00E+00
8.318E+02 1.229E-06 1.229E-06 2.177E-17 0.00E+00
8.222E+02 1.257E-06 1.257E-06 2.280E-17 0.00E+00
8.128E+02 1.285E-06 1.285E-06 2.387E-17 0.00E+00
8.035E+02 1.313E-06 1.313E-06 2.500E-17 0.00E+00
7.943E+02 1.343E-06 1.343E-06 2.617E-17 0.00E+00
7.852E+02 1.373E-06 1.373E-06 2.741E-17 0.00E+00
7.762E+02 1.403E-06 1.403E-06 2.870E-17 0.00E+00
7.674E+02 1.434E-06 1.434E-06 3.005E-17 0.00E+00
7.586E+02 1.466E-06 1.466E-06 3.146E-17 0.00E+00
7.499E+02 1.499E-06 1.499E-06 3.294E-17 0.00E+00
7.413E+02 1.532E-06 1.532E-06 3.450E-17 0.00E+00
7.328E+02 1.566E-06 1.566E-06 3.612E-17 0.00E+00
7.244E+02 1.601E-06 1.601E-06 3.782E-17 0.00E+00
7.161E+02 1.636E-06 1.636E-06 3.960E-17 0.00E+00
7.079E+02 1.673E-06 1.673E-06 4.147E-17 0.00E+00
6.998E+02 1.710E-06 1.710E-06 4.342E-17 0.00E+00
6.918E+02 1.748E-06 1.748E-06 4.547E-17 0.00E+00
6.839E+02 1.786E-06 1.786E-06 4.761E-17 0.00E+00
6.761E+02 1.826E-06 1.826E-06 4.985E-17 0.00E+00
6.683E+02 1.866E-06 1.866E-06 5.220E-17 0.00E+00
6.607E+02 1.908E-06 1.908E-06 5.465E-17 0.00E+00
6.531E+02 1.950E-06 1.950E-06 5.723E-17 0.00E+00
6.457E+02 1.993E-06 1.993E-06 5.992E-17 0.00E+00
6.383E+02 2.037E-06 2.037E-06 6.274E-17 0.00E+00
6.310E+02 2.082E-06 2.082E-06 6.570E-17 0.00E+00
6.237E+02 2.128E-06 2.128E-06 6.879E-17 0.00E+00
6.166E+02 2.175E-06 2.175E-06 7.203E-17 0.00E+00
6.095E+02 2.223E-06 2.223E-06 7.542E-17 0.00E+00
6.026E+02 2.272E-06 2.272E-06 7.897E-17 0.00E+00
5.957E+02 2.322E-06 2.322E-06 8.269E-17 0.00E+00
5.888E+02 2.373E-06 2.373E-06 8.658E-17 0.00E+00
5.821E+02 2.425E-06 2.425E-06 9.066E-17 0.00E+00
5.754E+02 2.479E-06 2.479E-06 9.493E-17 0.00E+00
5.689E+02 2.533E-06 2.533E-06 9.940E-17 0.00E+00
5.623E+02 2.589E-06 2.589E-06 1.041E-16 0.00E+00
5.559E+02 2.646E-06 2.646E-06 1.090E-16 0.00E+00
5.495E+02 2.704E-06 2.704E-06 1.141E-16 0.00E+00
5.433E+02 2.764E-06 2.764E-06 1.195E-16 0.00E+00
5.370E+02 2.824E-06 2.824E-06 1.251E-16 0.00E+00
5.309E+02 2.887E-06 2.887E-06 1.310E-16 0.00E+00
5.248E+02 2.950E-06 2.950E-06 1.372E-16 0.00E+00
5.188E+02 3.015E-06 3.015E-06 1.436E-16 0.00E+00
5.129E+02 3.081E-06 3.081E-06 1.504E-16 0.00E+00
5.070E+02 3.149E-06 3.149E-06 1.575E-16 0.00E+00
5.012E+02 3.218E-06 3.218E-06 1.649E-16 0.00E+00
4.955E+02 3.289E-06 3.289E-06 1.726E-16 0.00E+00
4.898E+02 3.361E-06 3.361E-06 1.808E-16 0.00E+00
4.842E+02 3.435E-06 3.435E-06 1.893E-16 0.00E+00
4.786E+02 3.510E-06 3.510E-06 1.982E-16 0.00E+00
4.732E+02 3.588E-06 3.588E-06 2.075E-16 0.00E+00
4.677E+02 3.666E-06 3.666E-06 2.173E-16 0.00E+00
4.624E+02 3.747E-06 3.747E-06 2.275E-16 0.00E+00
4.571E+02 3.829E-06 3.829E-06 2.382E-16 0.00E+00
4.519E+02 3.913E-06 3.913E-06 2.495E-16 0.00E+00
4.467E+02 3.999E-06 3.999E-06 2.612E-16 0.00E+00
4.416E+02 4.087E-06 4.087E-06 2.735E-16 0.00E+00
4.365E+02 4.177E-06 4.177E-06 2.864E-16 0.00E+00
4.315E+02 4.269E-06 4.269E-06 2.999E-16 0.00E+00
4.266E+02 4.363E-06 4.363E-06 3.140E-16 0.00E+00
4.217E+02 4.459E-06 4.459E-06 3.288E-16 0.00E+00
4.169E+02 4.557E-06 4.557E-06 3.442E-16 0.00E+00
4.121E+02 4.657E-06 4.657E-06 3.605E-16 0.00E+00
4.074E+02 4.759E-06 4.759E-06 3.774E-16 0.00E+00
4.027E+02 4.864E-06 4.864E-06 3.952E-16 0.00E+00
3.981E+02 4.971E-06 4.971E-06 4.138E-16 0.00E+00
3.936E+02 5.081E-06 5.081E-06 4.333E-16 0.00E+00
3.890E+02 5.192E-06 5.192E-06 4.537E-16 0.00E+00
3.846E+02 5.307E-06 5.307E-06 4.750E-16 0.00E+00
3.802E+02 5.424E-06 5.424E-06 4.974E-16 0.00E+00
3.758E+02 5.543E-06 5.543E-06 5.208E-16 0.00E+00
3.715E+02 5.666E-06 5.666E-06 5.453E-16 0.00E+00
3.673E+02 5.791E-06 5.791E-06 5.710E-16 0.00E+00
3.631E+02 5.918E-06 5.918E-06 5.979E-16 0.00E+00
3.589E+02 6.049E-06 6.049E-06 6.260E-16 0.00E+00
3.548E+02 6.183E-06 6.183E-06 6.555E-16 0.00E+00
3.508E+02 6.319E-06 6.319E-06 6.864E-16 0.00E+00
3.467E+02 6.459E-06 6.459E-06 7.187E-16 0.00E+00
3.428E+02 6.602E-06 6.602E-06 7.525E-16 0.00E+00
3.388E+02 6.748E-06 6.748E-06 7.880E-16 0.00E+00
3.350E+02 6.897E-06 6.897E-06 8.250E-16 0.00E+00
3.311E+02 7.050E-06 7.050E-06 8.639E-16 0.00E+00
3.273E+02 7.206E-06 7.206E-06 9.046E-16 0.00E+00
3.236E+02 7.366E-06 7.366E-06 9.471E-16 0.00E+00
3.199E+02 7.529E-06 7.529E-06 9.917E-16 0.00E+00
3.162E+02 7.696E-06 7.696E-06 1.038E-15 0.00E+00
3.126E+02 7.867E-06 7.867E-06 1.087E-15 0.00E+00
3.090E+02 8.041E-06 8.041E-06 1.138E-15 0.00E+00
3.055E+02 8.220E-06 8.220E-06 1.192E-15 0.00E+00
3.020E+02 8.403E-06 8.403E-06 1.248E-15 0.00E+00
2.985E+02 8.590E-06 8.590E-06 1.307E-15 0.00E+00
2.951E+02 8.781E-06 8.781E-06 1.369E-15 0.00E+00
2.917E+02 8.977E-06 8.977E-06 1.433E-15 0.00E+00
2.884E+02 9.177E-06 9.177E-06 1.500E-15 0.00E+00
2.851E+02 9.381E-06 9.381E-06 1.571E-15 0.00E+00
2.818E+02 9.590E-06 9.590E-06 1.645E-15 0.00E+00
2.786E+02 9.805E-06 9.805E-06 1.722E-15 0.00E+00
2.754E+02 1.002E-05 1.002E-05 1.803E-15 0.00E+00
2.723E+02 1.025E-05 1.025E-05 1.888E-15 0.00E+00
2.692E+02 1.048E-05 1.048E-05 1.977E-15 0.00E+00
2.661E+02 1.071E-05 1.071E-05 2.070E-15 0.00E+00
2.630E+02 1.095E-05 1.095E-05 2.168E-15 0.00E+00
2.600E+02 1.120E-05 1.120E-05 2.270E-15 0.00E+00
2.570E+02 1.145E-05 1.145E-05 2.377E-15 0.00E+00
2.541E+02 1.170E-05 1.170E-05 2.489E-15 0.00E+00
2.512E+02 1.197E-05 1.197E-05 2.606E-15 0.00E+00
2.483E+02 1.224E-05 1.224E-05 2.728E-15 0.00E+00
2.455E+02 1.251E-05 1.251E-05 2.857E-15 0.00E+00
2.427E+02 1.279E-05 1.279E-05 2.991E-15 0.00E+00
2.399E+02 1.308E-05 1.308E-05 3.132E-15 0.00E+00
2.371E+02 1.337E-05 1.337E-05 3.280E-15 0.00E+00
2.344E+02 1.368E-05 1.368E-05 3.434E-15 0.00E+00
2.317E+02 1.398E-05 1.398E-05 3.596E-15 0.00E+00
2.291E+02 1.430E-05 1.430E-05 3.765E-15 0.00E+00
2.265E+02 1.462E-05 1.462E-05 3.942E-15 0.00E+00
2.239E+02 1.495E-05 1.495E-05 4.128E-15 0.00E+00
2.213E+02 1.529E-05 1.529E-05 4.322E-15 0.00E+00
2.188E+02 1.564E-05 1.564E-05 4.525E-15 0.00E+00
2.163E+02 1.599E-05 1.599E-05 4.738E-15 0.00E+00
2.138E+02 1.635E-05 1.635E-05 4.961E-15 0.00E+00
2.113E+02 1.672E-05 1.672E-05 5.195E-15 0.00E+00
2.089E+02 1.710E-05 1.710E-05 5.439E-15 0.00E+00
2.065E+02 1.749E-05 1.749E-05 5.695E-15 0.00E+00
2.042E+02 1.789E-05 1.789E-05 5.963E-15 0.00E+00
2.018E+02 1.830E-05 1.830E-05 6.244E-15 0.00E+00
1.995E+02 1.871E-05 1.871E-05 6.538E-15 0.00E+00
1.972E+02 1.914E-05 1.914E-05 6.845E-15 0.00E+00
1.950E+02 1.957E-05 1.957E-05 7.168E-15 0.00E+00
1.928E+02 2.002E-05 2.002E-05 7.505E-15 0.00E+00
1.905E+02 2.048E-05 2.048E-05 7.858E-15 0.00E+00
1.884E+02 2.094E-05 2.094E-05 8.228E-15 0.00E+00
1.862E+02 2.142E-05 2.142E-05 8.615E-15 0.00E+00
1.841E+02 2.191E-05 2.191E-05 9.020E-15 0.00E+00
1.820E+02 2.241E-05 2.241E-05 9.445E-15 0.00E+00
1.799E+02 2.293E-05 2.293E-05 9.889E-15 0.00E+00
1.778E+02 2.345E-05 2.345E-05 1.035E-14 0.00E+00
1.758E+02 2.399E-05 2.399E-05 1.084E-14 0.00E+00
1.738E+02 2.454E-05 2.454E-05 1.135E-14 0.00E+00
1.718E+02 2.510E-05 2.510E-05 1.189E-14 0.00E+00
1.698E+02 2.568E-05 2.568E-05 1.244E-14 0.00E+00
1.679E+02 2.627E-05 2.627E-05 1.303E-14 0.00E+00
1.660E+02 2.687E-05 2.687E-05 1.364E-14 0.00E+00
1.641E+02 2.749E-05 2.749E-05 1.428E-14 0.00E+00
1.622E+02 2.813E-05 2.813E-05 1.496E-14 0.00E+00
1.603E+02 2.877E-05 2.877E-05 1.566E-14 0.00E+00
1.585E+02 2.944E-05 2.944E-05 1.640E-14 0.00E+00
1.567E+02 3.012E-05 3.012E-05 1.717E-14 0.00E+00
1.549E+02 3.081E-05 3.081E-05 1.798E-14 0.00E+00
1.531E+02 3.153E-05 3.153E-05 1.882E-14 0.00E+00
1.514E+02 3.226E-05 3.226E-05 1.971E-14 0.00E+00
1.496E+02 3.300E-05 3.300E-05 2.063E-14 0.00E+00
1.479E+02 3.377E-05 3.377E-05 2.160E-14 0.00E+00
1.462E+02 3.455E-05 3.455E-05 2.262E-14 0.00E+00
1.445E+02 3.535E-05 3.535E-05 2.368E-14 0.00E+00
1.429E+02 3.617E-05 3.617E-05 2.480E-14 0.00E+00
1.413E+02 3.701E-05 3.701E-05 2.596E-14 0.00E+00
1.396E+02 3.787E-05 3.787E-05 2.718E-14 0.00E+00
1.380E+02 3.876E-05 3.876E-05 2.846E-14 0.00E+00
1.365E+02 3.966E-05 3.966E-05 2.980E-14 0.00E+00
1.349E+02 4.058E-05 4.058E-05 3.120E-14 0.00E+00
1.334E+02 4.153E-05 4.153E-05 3.266E-14 0.00E+00
1.318E+02 4.250E-05 4.250E-05 3.420E-14 0.00E+00
1.303E+02 4.349E-05 4.349E-05 3.580E-14 0.00E+00
1.288E+02 4.451E-05 4.451E-05 3.749E-14 0.00E+00
1.274E+02 4.555E-05 4.555E-05 3.925E-14 0.00E+00
1.259E+02 4.662E-05 4.662E-05 4.109E-14 0.00E+00
1.245E+02 4.771E-05 4.771E-05 4.302E-14 0.00E+00
1.230E+02 4.883E-05 4.883E-05 4.504E-14 0.00E+00
1.216E+02 4.998E-05 4.998E-05 4.716E-14 0.00E+00
1.202E+02 5.116E-05 5.116E-05 4.937E-14 0.00E+00
1.189E+02 5.236E-05 5.236E-05 5.169E-14 0.00E+00
1.175E+02 5.359E-05 5.359E-05 5.411E-14 0.00E+00
1.161E+02 5.486E-05 5.486E-05 5.665E-14 0.00E+00
1.148E+02 5.615E-05 5.615E-05 5.931E-14 0.00E+00
1.135E+02 5.747E-05 5.747E-05 6.209E-14 0.00E+00
1.122E+02 5.883E-05 5.883E-05 6.501E-14 0.00E+00
1.109E+02 6.022E-05 6.022E-05 6.806E-14 0.00E+00
1.096E+02 6.164E-05 6.164E-05 7.125E-14 0.00E+00
1.084E+02 6.310E-05 6.310E-05 7.459E-14 0.00E+00
1.072E+02 6.459E-05 6.459E-05 7.808E-14 0.00E+00
1.059E+02 6.612E-05 6.612E-05 8.174E-14 0.00E+00
1.047E+02 6.769E-05 6.769E-05 8.557E-14 0.00E+00
1.035E+02 6.929E-05 6.929E-05 8.958E-14 0.00E+00
1.023E+02 7.093E-05 7.093E-05 9.378E-14 0.00E+00
1.012E+02 7.261E-05 7.261E-05 9.817E-14 0.00E+00
1.000E+02 7.433E-05 7.433E-05 1.028E-13 0.00E+00
9.886E+01 7.609E-05 7.609E-05 1.076E-13 0.00E+00
9.772E+01 7.789E-05 7.789E-05 1.126E-13 0.00E+00
9.661E+01 7.974E-05 7.974E-05 1.179E-13 0.00E+00
9.550E+01 8.162E-05 8.162E-05 1.234E-13 0.00E+00
9.441E+01 8.355E-05 8.355E-05 1.291E-13 0.00E+00
9.333E+01 8.552E-05 8.552E-05 1.352E-13 0.00E+00
9.226E+01 8.753E-05 8.753E-05 1.415E-13 0.00E+00
9.120E+01 8.960E-05 8.960E-05 1.481E-13 0.00E+00
9.016E+01 9.171E-05 9.171E-05 1.550E-13 0.00E+00
8.913E+01 9.386E-05 9.386E-05 1.623E-13 0.00E+00
8.810E+01 9.607E-05 9.607E-05 1.698E-13 0.00E+00
8.710E+01 9.833E-05 9.833E-05 1.777E-13 0.00E+00
8.610E+01 1.006E-04 1.006E-04 1.860E-13 0.00E+00
8.511E+01 1.030E-04 1.030E-04 1.947E-13 0.00E+00
8.414E+01 1.054E-04 1.054E-04 2.038E-13 0.00E+00
8.318E+01 1.079E-04 1.079E-04 2.133E-13 0.00E+00
8.222E+01 1.104E-04 1.104E-04 2.232E-13 0.00E+00
8.128E+01 1.130E-04 1.130E-04 2.336E-13 0.00E+00
8.035E+01 1.156E-04 1.156E-04 2.444E-13 0.00E+00
7.943E+01 1.183E-04 1.183E-04 2.558E-13 0.00E+00
7.852E+01 1.211E-04 1.211E-04 2.677E-13 0.00E+00
7.762E+01 1.239E-04 1.239E-04 2.801E-13 0.00E+00
7.674E+01 1.268E-04 1.268E-04 2.931E-13 0.00E+00
7.586E+01 1.297E-04 1.297E-04 3.067E-13 0.00E+00
7.499E+01 1.327E-04 1.327E-04 3.209E-13 0.00E+00
7.413E+01 1.358E-04 1.358E-04 3.358E-13 0.00E+00
7.328E+01 1.390E-04 1.390E-04 3.514E-13 0.00E+00
7.244E+01 1.422E-04 1.422E-04 3.676E-13 0.00E+00
7.161E+01 1.454E-04 1.454E-04 3.846E-13 0.00E+00
7.079E+01 1.488E-04 1.488E-04 4.024E-13 0.00E+00
6.998E+01 1.522E-04 1.522E-04 4.210E-13 0.00E+00
6.918E+01 1.556E-04 1.556E-04 4.404E-13 0.00E+00
6.839E+01 1.592E-04 1.592E-04 4.608E-13 0.00E+00
6.761E+01 1.628E-04 1.628E-04 4.820E-13 0.00E+00
6.683E+01 1.665E-04 1.665E-04 5.042E-13 0.00E+00
6.607E+01 1.702E-04 1.702E-04 5.274E-13 0.00E+00
6.531E+01 1.740E-04 1.740E-04 5.517E-13 0.00E+00
6.457E+01 1.779E-04 1.779E-04 5.770E-13 0.00E+00
6.383E+01 1.819E-04 1.819E-04 6.035E-13 0.00E+00
6.310E+01 1.859E-04 1.859E-04 6.312E-13 0.00E+00
6.237E+01 1.900E-04 1.900E-04 6.601E-13 0.00E+00
6.166E+01 1.942E-04 1.942E-04 6.903E-13 0.00E+00
6.095E+01 1.985E-04 1.985E-04 7.219E-13 0.00E+00
6.026E+01 2.028E-04 2.028E-04 7.549E-13 0.00E+00
5.957E+01 2.072E-04 2.072E-04 7.894E-13 0.00E+00
5.888E+01 2.117E-04 2.117E-04 8.254E-13 0.00E+00
5.821E+01 2.162E-04 2.162E-04 8.630E-13 0.00E+00
5.754E+01 2.208E-04 2.208E-04 9.022E-13 0.00E+00
5.689E+01 2.255E-04 2.255E-04 9.432E-13 0.00E+00
5.623E+01 2.302E-04 2.302E-04 9.860E-13 0.00E+00
5.559E+01 2.350E-04 2.350E-04 1.031E-12 0.00E+00
5.495E+01 2.399E-04 2.399E-04 1.077E-12 0.00E+00
5.433E+01 2.448E-04 2.448E-04 1.126E-12 0.00E+00
5.370E+01 2.498E-04 2.498E-04 1.177E-12 0.00E+00
5.309E+01 2.548E-04 2.548E-04 1.230E-12 0.00E+00
5.248E+01 2.599E-04 2.599E-04 1.285E-12 0.00E+00
5.188E+01 2.650E-04 2.650E-04 1.343E-12 0.00E+00
5.129E+01 2.702E-04 2.702E-04 1.404E-12 0.00E+00
5.070E+01 2.754E-04 2.754E-04 1.467E-12 0.00E+00
5.012E+01 2.807E-04 2.807E-04 1.532E-12 0.00E+00
4.955E+01 2.860E-04 2.860E-04 1.601E-12 0.00E+00
4.898E+01 2.913E-04 2.913E-04 1.672E-12 0.00E+00
4.842E+01 2.967E-04 2.967E-04 1.747E-12 0.00E+00
4.786E+01 3.021E-04 3.021E-04 1.825E-12 0.00E+00
4.732E+01 3.075E-04 3.075E-04 1.906E-12 0.00E+00
4.677E+01 3.129E-04 3.129E-04 1.990E-12 0.00E+00
4.624E+01 3.183E-04 3.183E-04 2.078E-12 0.00E+00
4.571E+01 3.237E-04 3.237E-04 2.170E-12 0.00E+00
4.519E+01 3.291E-04 3.291E-04 2.266E-12 0.00E+00
4.467E+01 3.344E-04 3.344E-04 2.366E-12 0.00E+00
4.416E+01 3.398E-04 3.398E-04 2.470E-12-1.17E-06
4.365E+01 3.451E-04 3.451E-04 2.579E-12-1.33E-06
4.315E+01 3.503E-04 3.503E-04 2.692E-12-1.48E-06
4.266E+01 3.556E-04 3.556E-04 2.810E-12-1.62E-06
4.217E+01 3.607E-04 3.607E-04 2.933E-12-1.76E-06
4.169E+01 3.658E-04 3.658E-04 3.061E-12-1.88E-06
4.121E+01 3.708E-04 3.708E-04 3.194E-12-2.00E-06
4.074E+01 3.757E-04 3.757E-04 3.333E-12-2.13E-06
4.027E+01 3.805E-04 3.805E-04 3.478E-12-2.25E-06
3.981E+01 3.852E-04 3.852E-04 3.629E-12-2.37E-06
3.936E+01 3.898E-04 3.898E-04 3.786E-12-2.50E-06
3.890E+01 3.942E-04 3.942E-04 3.951E-12-2.62E-06
3.846E+01 3.985E-04 3.985E-04 4.122E-12-2.73E-06
3.802E+01 4.027E-04 4.027E-04 4.300E-12-2.85E-06
3.758E+01 4.068E-04 4.068E-04 4.486E-12-2.96E-06
3.715E+01 4.106E-04 4.106E-04 4.679E-12-3.07E-06
3.673E+01 4.143E-04 4.143E-04 4.881E-12-3.18E-06
3.631E+01 4.179E-04 4.179E-04 5.092E-12-3.29E-06
3.589E+01 4.212E-04 4.212E-04 5.311E-12-3.39E-06
3.548E+01 4.244E-04 4.244E-04 5.540E-12-3.50E-06
3.508E+01 4.274E-04 4.274E-04 5.779E-12-3.60E-06
3.467E+01 4.301E-04 4.301E-04 6.028E-12-3.69E-06
3.428E+01 4.327E-04 4.327E-04 6.287E-12-3.78E-06
3.388E+01 4.350E-04 4.350E-04 6.558E-12-3.87E-06
3.350E+01 4.371E-04 4.371E-04 6.841E-12-3.96E-06
3.311E+01 4.390E-04 4.390E-04 7.136E-12-4.03E-06
3.273E+01 4.406E-04 4.406E-04 7.444E-12-4.11E-06
3.236E+01 4.420E-04 4.420E-04 7.765E-12-4.17E-06
3.199E+01 4.432E-04 4.432E-04 8.101E-12-4.24E-06
3.162E+01 4.442E-04 4.442E-04 8.452E-12-4.30E-06
3.126E+01 4.449E-04 4.449E-04 8.818E-12-4.35E-06
3.090E+01 4.454E-04 4.454E-04 9.200E-12-4.40E-06
3.055E+01 4.457E-04 4.457E-04 9.600E-12-4.44E-06
3.020E+01 4.457E-04 4.457E-04 1.002E-11-4.47E-06
2.985E+01 4.456E-04 4.456E-04 1.045E-11-4.50E-06
2.951E+01 4.453E-04 4.453E-04 1.091E-11-4.53E-06
2.917E+01 4.447E-04 4.447E-04 1.139E-11-4.56E-06
2.884E+01 4.440E-04 4.440E-04 1.189E-11-4.58E-06
2.851E+01 4.431E-04 4.431E-04 1.241E-11-4.59E-06
2.818E+01 4.420E-04 4.420E-04 1.296E-11-4.60E-06
2.786E+01 4.407E-04 4.407E-04 1.353E-11-4.60E-06
2.754E+01 4.392E-04 4.392E-04 1.412E-11-4.60E-06
2.723E+01 4.376E-04 4.376E-04 1.475E-11-4.59E-06
2.692E+01 4.359E-04 4.359E-04 1.540E-11-4.58E-06
2.661E+01 4.340E-04 4.340E-04 1.609E-11-4.56E-06
2.630E+01 4.320E-04 4.320E-04 1.681E-11-4.54E-06
2.600E+01 4.299E-04 4.299E-04 1.756E-11-4.50E-06
2.570E+01 4.278E-04 4.278E-04 1.835E-11-4.46E-06
2.541E+01 4.257E-04 4.257E-04 1.917E-11-4.41E-06
2.512E+01 4.237E-04 4.237E-04 2.003E-11-4.36E-06
2.483E+01 4.218E-04 4.218E-04 2.093E-11-4.27E-06
2.455E+01 4.202E-04 4.202E-04 2.188E-11-4.16E-06
2.427E+01 4.193E-04 4.193E-04 2.287E-11-4.03E-06
2.399E+01 4.196E-04 4.196E-04 2.390E-11-3.94E-06
2.371E+01 4.224E-04 4.224E-04 2.499E-11-3.88E-06
2.344E+01 4.289E-04 4.289E-04 2.613E-11-3.81E-06
2.317E+01 4.356E-04 4.356E-04 2.732E-11-3.76E-06
2.291E+01 4.309E-04 4.309E-04 2.857E-11-3.70E-06
2.265E+01 4.202E-04 4.202E-04 2.988E-11-3.64E-06
2.239E+01 4.139E-04 4.139E-04 3.125E-11-3.57E-06
2.213E+01 4.142E-04 4.142E-04 3.269E-11-3.51E-06
2.188E+01 4.236E-04 4.236E-04 3.420E-11-3.44E-06
2.163E+01 4.485E-04 4.485E-04 3.577E-11-3.37E-06
2.138E+01 4.949E-04 4.949E-04 3.743E-11-3.29E-06
2.113E+01 5.103E-04 5.103E-04 3.917E-11-3.21E-06
2.089E+01 4.581E-04 4.581E-04 4.099E-11-3.12E-06
2.065E+01 4.149E-04 4.149E-04 4.289E-11-3.02E-06
2.042E+01 3.915E-04 3.915E-04 4.489E-11-2.91E-06
2.018E+01 3.782E-04 3.782E-04 4.697E-11-2.80E-06
1.995E+01 3.698E-04 3.698E-04 4.916E-11-2.66E-06
1.972E+01 3.638E-04 3.638E-04 5.145E-11-2.50E-06
1.950E+01 3.594E-04 3.594E-04 5.385E-11-2.35E-06
1.928E+01 3.563E-04 3.563E-04 5.637E-11-2.21E-06
1.905E+01 3.547E-04 3.547E-04 5.901E-11-2.08E-06
1.884E+01 3.561E-04 3.561E-04 6.177E-11-1.95E-06
1.862E+01 3.663E-04 3.663E-04 6.467E-11-1.84E-06
1.841E+01 4.145E-04 4.145E-04 6.770E-11-1.72E-06
1.820E+01 4.657E-04 4.657E-04 7.088E-11-1.60E-06
1.799E+01 3.750E-04 3.750E-04 7.422E-11-1.48E-06
1.778E+01 3.479E-04 3.479E-04 7.771E-11-1.36E-06
1.758E+01 3.383E-04 3.383E-04 8.137E-11-1.24E-06
1.738E+01 3.336E-04 3.336E-04 8.520E-11-1.12E-06
1.718E+01 3.311E-04 3.311E-04 8.922E-11-9.98E-07
1.698E+01 3.303E-04 3.303E-04 9.342E-11-8.71E-07
1.679E+01 3.332E-04 3.332E-04 9.783E-11-7.42E-07
1.660E+01 3.539E-04 3.539E-04 1.024E-10-6.13E-07
1.641E+01 5.376E-04 5.376E-04 1.073E-10-4.82E-07
1.622E+01 3.548E-04 3.548E-04 1.124E-10-3.47E-07
1.603E+01 3.284E-04 3.284E-04 1.177E-10-2.12E-07
1.585E+01 3.223E-04 3.223E-04 1.232E-10-7.69E-08
1.567E+01 3.198E-04 3.198E-04 1.291E-10 5.38E-08
1.549E+01 3.185E-04 3.185E-04 1.352E-10 1.83E-07
1.531E+01 3.178E-04 3.178E-04 1.416E-10 3.12E-07
1.514E+01 3.175E-04 3.175E-04 1.483E-10 4.40E-07
1.496E+01 3.175E-04 3.175E-04 1.553E-10 5.73E-07
1.479E+01 3.176E-04 3.176E-04 1.627E-10 7.09E-07
1.462E+01 3.183E-04 3.183E-04 1.704E-10 8.47E-07
1.445E+01 3.193E-04 3.193E-04 1.784E-10 9.87E-07
1.429E+01 3.207E-04 3.207E-04 1.869E-10 1.13E-06
1.413E+01 3.224E-04 3.224E-04 1.957E-10 1.28E-06
1.396E+01 3.247E-04 3.247E-04 2.050E-10 1.43E-06
1.380E+01 3.277E-04 3.277E-04 2.147E-10 1.59E-06
1.365E+01 3.316E-04 3.316E-04 2.249E-10 1.75E-06
1.349E+01 3.368E-04 3.368E-04 2.355E-10 1.92E-06
1.334E+01 3.440E-04 3.440E-04 2.467E-10 2.10E-06
1.318E+01 3.543E-04 3.543E-04 2.584E-10 2.28E-06
1.303E+01 3.690E-04 3.690E-04 2.706E-10 2.47E-06
1.288E+01 3.874E-04 3.874E-04 2.834E-10 2.67E-06
1.274E+01 4.017E-04 4.017E-04 2.968E-10 2.87E-06
1.259E+01 4.018E-04 4.018E-04 3.109E-10 3.09E-06
1.245E+01 3.928E-04 3.928E-04 3.256E-10 3.32E-06
1.230E+01 3.869E-04 3.869E-04 3.411E-10 3.57E-06
1.216E+01 3.912E-04 3.912E-04 3.572E-10 3.80E-06
1.202E+01 4.163E-04 4.163E-04 3.741E-10 4.02E-06
1.189E+01 4.495E-04 4.495E-04 3.922E-10 4.23E-06
1.175E+01 4.316E-04 4.316E-04 4.116E-10 4.46E-06
1.161E+01 4.455E-04 4.455E-04 4.330E-10 4.67E-06
1.148E+01 5.589E-04 5.589E-04 4.406E-10 4.89E-06
1.135E+01 6.232E-04 6.232E-04 4.682E-10 5.11E-06
1.122E+01 6.009E-04 6.009E-04 4.913E-10 5.34E-06
1.109E+01 4.982E-04 4.982E-04 5.152E-10 5.57E-06
1.096E+01 4.421E-04 4.421E-04 5.399E-10 5.80E-06
1.084E+01 4.174E-04 4.174E-04 5.657E-10 6.04E-06
1.072E+01 4.068E-04 4.068E-04 5.925E-10 6.28E-06
1.059E+01 4.030E-04 4.030E-04 6.205E-10 6.53E-06
1.047E+01 4.029E-04 4.029E-04 6.497E-10 6.78E-06
1.035E+01 4.047E-04 4.047E-04 6.802E-10 7.03E-06
1.023E+01 4.077E-04 4.077E-04 7.123E-10 7.28E-06
1.012E+01 4.114E-04 4.114E-04 7.460E-10 7.54E-06
1.000E+01 4.159E-04 4.159E-04 7.812E-10 7.81E-06
9.886E+00 4.210E-04 4.210E-04 8.181E-10 8.08E-06
9.772E+00 4.268E-04 4.268E-04 8.567E-10 8.35E-06
9.661E+00 4.330E-04 4.330E-04 8.972E-10 8.61E-06
9.550E+00 4.399E-04 4.399E-04 9.395E-10 8.90E-06
9.441E+00 4.475E-04 4.475E-04 9.838E-10 9.18E-06
9.333E+00 4.560E-04 4.560E-04 1.030E-09 9.46E-06
9.226E+00 4.656E-04 4.656E-04 1.079E-09 9.74E-06
9.120E+00 4.767E-04 4.767E-04 1.129E-09 1.00E-05
9.016E+00 4.902E-04 4.902E-04 1.183E-09 1.03E-05
8.913E+00 5.076E-04 5.076E-04 1.238E-09 1.07E-05
8.810E+00 5.319E-04 5.319E-04 1.297E-09 1.10E-05
8.710E+00 5.655E-04 5.655E-04 1.358E-09 1.13E-05
8.610E+00 5.957E-04 5.956E-04 1.421E-09 1.16E-05
8.511E+00 5.981E-04 5.981E-04 1.488E-09 1.20E-05
8.414E+00 5.923E-04 5.923E-04 1.558E-09 1.23E-05
8.318E+00 5.972E-04 5.972E-04 1.631E-09 1.27E-05
8.222E+00 6.132E-04 6.132E-04 1.708E-09 1.31E-05
8.128E+00 6.386E-04 6.386E-04 1.788E-09 1.35E-05
8.035E+00 6.732E-04 6.732E-04 1.872E-09 1.39E-05
7.943E+00 7.163E-04 7.163E-04 1.960E-09 1.43E-05
7.852E+00 7.634E-04 7.634E-04 2.052E-09 1.48E-05
7.762E+00 8.023E-04 8.023E-04 2.148E-09 1.52E-05
7.674E+00 8.172E-04 8.172E-04 2.248E-09 1.57E-05
7.586E+00 8.041E-04 8.041E-04 2.354E-09 1.61E-05
7.499E+00 7.759E-04 7.759E-04 2.464E-09 1.66E-05
7.413E+00 7.477E-04 7.477E-04 2.580E-09 1.70E-05
7.328E+00 7.263E-04 7.263E-04 2.701E-09 1.74E-05
7.244E+00 7.128E-04 7.128E-04 2.827E-09 1.79E-05
7.161E+00 7.059E-04 7.059E-04 2.960E-09 1.84E-05
7.079E+00 7.042E-04 7.041E-04 3.099E-09 1.88E-05
6.998E+00 7.063E-04 7.063E-04 3.244E-09 1.93E-05
6.918E+00 7.114E-04 7.114E-04 3.396E-09 1.98E-05
6.839E+00 7.191E-04 7.191E-04 3.555E-09 2.03E-05
6.761E+00 7.290E-04 7.290E-04 3.721E-09 2.08E-05
6.683E+00 7.413E-04 7.413E-04 3.896E-09 2.14E-05
6.607E+00 7.566E-04 7.566E-04 4.078E-09 2.19E-05
6.531E+00 7.759E-04 7.759E-04 4.269E-09 2.25E-05
6.457E+00 8.019E-04 8.019E-04 4.468E-09 2.31E-05
6.383E+00 8.391E-04 8.391E-04 4.677E-09 2.37E-05
6.310E+00 8.848E-04 8.848E-04 4.895E-09 2.49E-05
6.237E+00 9.604E-04 9.604E-04 5.126E-09 2.45E-05
6.166E+00 9.747E-04 9.747E-04 5.365E-09 2.52E-05
6.095E+00 9.379E-04 9.379E-04 5.616E-09 2.58E-05
6.026E+00 9.073E-04 9.073E-04 5.878E-09 2.64E-05
5.957E+00 8.948E-04 8.948E-04 6.153E-09 2.71E-05
5.888E+00 8.941E-04 8.941E-04 6.440E-09 2.77E-05
5.821E+00 9.000E-04 9.000E-04 6.741E-09 2.84E-05
5.754E+00 9.096E-04 9.096E-04 7.056E-09 2.90E-05
5.689E+00 9.217E-04 9.217E-04 7.385E-09 2.97E-05
5.623E+00 9.353E-04 9.353E-04 7.730E-09 3.04E-05
5.559E+00 9.500E-04 9.500E-04 8.090E-09 3.11E-05
5.495E+00 9.657E-04 9.657E-04 8.468E-09 3.18E-05
5.433E+00 9.821E-04 9.821E-04 8.862E-09 3.26E-05
5.370E+00 9.991E-04 9.991E-04 9.276E-09 3.33E-05
5.309E+00 1.017E-03 1.017E-03 9.708E-09 3.41E-05
5.248E+00 1.035E-03 1.035E-03 1.016E-08 3.49E-05
5.188E+00 1.053E-03 1.053E-03 1.063E-08 3.57E-05
5.129E+00 1.072E-03 1.072E-03 1.113E-08 3.65E-05
5.070E+00 1.091E-03 1.091E-03 1.165E-08 3.74E-05
5.012E+00 1.111E-03 1.111E-03 1.219E-08 3.83E-05
4.955E+00 1.130E-03 1.130E-03 1.275E-08 3.92E-05
4.898E+00 1.150E-03 1.150E-03 1.335E-08 4.01E-05
4.842E+00 1.170E-03 1.170E-03 1.397E-08 4.10E-05
4.786E+00 1.191E-03 1.191E-03 1.462E-08 4.19E-05
4.732E+00 1.212E-03 1.212E-03 1.530E-08 4.29E-05
4.677E+00 1.234E-03 1.234E-03 1.601E-08 4.38E-05
4.624E+00 1.256E-03 1.256E-03 1.676E-08 4.48E-05
4.571E+00 1.278E-03 1.278E-03 1.754E-08 4.58E-05
4.519E+00 1.301E-03 1.301E-03 1.835E-08 4.69E-05
4.467E+00 1.325E-03 1.325E-03 1.921E-08 4.79E-05
4.416E+00 1.349E-03 1.349E-03 2.010E-08 4.90E-05
4.365E+00 1.373E-03 1.373E-03 2.104E-08 5.01E-05
4.315E+00 1.398E-03 1.398E-03 2.201E-08 5.12E-05
4.266E+00 1.423E-03 1.423E-03 2.304E-08 5.23E-05
4.217E+00 1.449E-03 1.449E-03 2.411E-08 5.35E-05
4.169E+00 1.475E-03 1.475E-03 2.523E-08 5.46E-05
4.121E+00 1.502E-03 1.502E-03 2.640E-08 5.58E-05
4.074E+00 1.529E-03 1.529E-03 2.762E-08 5.71E-05
4.027E+00 1.557E-03 1.557E-03 2.891E-08 5.83E-05
3.981E+00 1.585E-03 1.585E-03 3.025E-08 5.96E-05
3.936E+00 1.614E-03 1.614E-03 3.165E-08 6.08E-05
3.890E+00 1.643E-03 1.643E-03 3.312E-08 6.22E-05
3.846E+00 1.673E-03 1.673E-03 3.466E-08 6.35E-05
3.802E+00 1.703E-03 1.703E-03 3.627E-08 6.48E-05
3.758E+00 1.734E-03 1.734E-03 3.795E-08 6.62E-05
3.715E+00 1.765E-03 1.765E-03 3.971E-08 6.76E-05
3.673E+00 1.797E-03 1.797E-03 4.156E-08 6.90E-05
3.631E+00 1.830E-03 1.830E-03 4.349E-08 7.04E-05
3.589E+00 1.864E-03 1.864E-03 4.551E-08 7.19E-05
3.548E+00 1.898E-03 1.898E-03 4.762E-08 7.34E-05
3.508E+00 1.934E-03 1.934E-03 4.983E-08 7.49E-05
3.467E+00 1.971E-03 1.971E-03 5.214E-08 7.65E-05
3.428E+00 2.010E-03 2.010E-03 5.456E-08 7.80E-05
3.388E+00 2.054E-03 2.054E-03 5.709E-08 7.96E-05
3.350E+00 2.121E-03 2.121E-03 5.973E-08 8.13E-05
3.311E+00 2.353E-03 2.353E-03 6.250E-08 8.29E-05
3.273E+00 2.266E-03 2.266E-03 6.540E-08 8.47E-05
3.236E+00 2.219E-03 2.219E-03 6.844E-08 8.64E-05
3.199E+00 2.243E-03 2.243E-03 7.161E-08 8.82E-05
3.162E+00 2.274E-03 2.274E-03 7.491E-08 9.01E-05
3.126E+00 2.317E-03 2.317E-03 7.839E-08 9.20E-05
3.090E+00 2.358E-03 2.357E-03 8.202E-08 9.38E-05
3.055E+00 2.399E-03 2.399E-03 8.582E-08 9.58E-05
3.020E+00 2.442E-03 2.442E-03 8.979E-08 9.77E-05
2.985E+00 2.487E-03 2.487E-03 9.395E-08 9.97E-05
2.951E+00 2.531E-03 2.531E-03 9.830E-08 1.02E-04
2.917E+00 2.577E-03 2.577E-03 1.029E-07 1.04E-04
2.884E+00 2.624E-03 2.624E-03 1.076E-07 1.06E-04
2.851E+00 2.671E-03 2.671E-03 1.126E-07 1.08E-04
2.818E+00 2.720E-03 2.720E-03 1.178E-07 1.10E-04
2.786E+00 2.769E-03 2.769E-03 1.232E-07 1.13E-04
2.754E+00 2.819E-03 2.819E-03 1.289E-07 1.15E-04
2.723E+00 2.871E-03 2.871E-03 1.349E-07 1.17E-04
2.692E+00 2.922E-03 2.922E-03 1.411E-07 1.20E-04
2.661E+00 2.975E-03 2.975E-03 1.477E-07 1.22E-04
2.630E+00 3.029E-03 3.028E-03 1.545E-07 1.25E-04
2.600E+00 3.083E-03 3.082E-03 1.616E-07 1.27E-04
2.570E+00 3.137E-03 3.137E-03 1.691E-07 1.30E-04
2.541E+00 3.192E-03 3.192E-03 1.769E-07 1.33E-04
2.512E+00 3.249E-03 3.248E-03 1.850E-07 1.35E-04
2.483E+00 3.306E-03 3.306E-03 1.936E-07 1.38E-04
2.455E+00 3.365E-03 3.364E-03 2.025E-07 1.41E-04
2.427E+00 3.424E-03 3.424E-03 2.118E-07 1.44E-04
2.399E+00 3.485E-03 3.485E-03 2.216E-07 1.47E-04
2.371E+00 3.547E-03 3.547E-03 2.318E-07 1.50E-04
2.344E+00 3.610E-03 3.610E-03 2.426E-07 1.53E-04
2.317E+00 3.674E-03 3.674E-03 2.538E-07 1.56E-04
2.291E+00 3.740E-03 3.740E-03 2.655E-07 1.59E-04
2.265E+00 3.807E-03 3.806E-03 2.777E-07 1.62E-04
2.239E+00 3.875E-03 3.874E-03 2.906E-07 1.66E-04
2.213E+00 3.944E-03 3.943E-03 3.040E-07 1.69E-04
2.188E+00 4.014E-03 4.014E-03 3.181E-07 1.72E-04
2.163E+00 4.087E-03 4.086E-03 3.327E-07 1.76E-04
2.138E+00 4.160E-03 4.160E-03 3.481E-07 1.79E-04
2.113E+00 4.234E-03 4.234E-03 3.641E-07 1.83E-04
2.089E+00 4.309E-03 4.308E-03 3.809E-07 1.86E-04
2.065E+00 4.385E-03 4.384E-03 3.985E-07 1.90E-04
2.042E+00 4.462E-03 4.462E-03 4.169E-07 1.94E-04
2.018E+00 4.542E-03 4.541E-03 4.361E-07 1.98E-04
1.995E+00 4.622E-03 4.622E-03 4.562E-07 2.02E-04
1.972E+00 4.704E-03 4.704E-03 4.773E-07 2.06E-04
1.950E+00 4.788E-03 4.787E-03 4.993E-07 2.10E-04
1.928E+00 4.873E-03 4.873E-03 5.223E-07 2.14E-04
1.905E+00 4.960E-03 4.959E-03 5.464E-07 2.18E-04
1.884E+00 5.049E-03 5.048E-03 5.716E-07 2.23E-04
1.862E+00 5.139E-03 5.139E-03 5.980E-07 2.27E-04
1.841E+00 5.231E-03 5.231E-03 6.256E-07 2.32E-04
1.820E+00 5.325E-03 5.325E-03 6.545E-07 2.36E-04
1.799E+00 5.421E-03 5.420E-03 6.847E-07 2.41E-04
1.778E+00 5.519E-03 5.518E-03 7.163E-07 2.45E-04
1.758E+00 5.618E-03 5.617E-03 7.493E-07 2.50E-04
1.738E+00 5.719E-03 5.719E-03 7.838E-07 2.55E-04
1.718E+00 5.822E-03 5.822E-03 8.200E-07 2.60E-04
1.698E+00 5.927E-03 5.926E-03 8.577E-07 2.65E-04
1.679E+00 6.034E-03 6.033E-03 8.972E-07 2.70E-04
1.660E+00 6.142E-03 6.141E-03 9.385E-07 2.76E-04
1.641E+00 6.251E-03 6.250E-03 9.817E-07 2.81E-04
1.622E+00 6.361E-03 6.360E-03 1.027E-06 2.87E-04
1.603E+00 6.473E-03 6.472E-03 1.074E-06 2.93E-04
1.585E+00 6.587E-03 6.586E-03 1.124E-06 2.99E-04
1.567E+00 6.703E-03 6.702E-03 1.175E-06 3.05E-04
1.549E+00 6.820E-03 6.819E-03 1.229E-06 3.11E-04
1.531E+00 6.941E-03 6.940E-03 1.286E-06 3.17E-04
1.514E+00 7.064E-03 7.063E-03 1.346E-06 3.23E-04
1.496E+00 7.190E-03 7.188E-03 1.408E-06 3.29E-04
1.479E+00 7.318E-03 7.317E-03 1.473E-06 3.36E-04
1.462E+00 7.450E-03 7.448E-03 1.541E-06 3.42E-04
1.445E+00 7.585E-03 7.583E-03 1.612E-06 3.49E-04
1.429E+00 7.723E-03 7.722E-03 1.687E-06 3.55E-04
1.413E+00 7.865E-03 7.863E-03 1.764E-06 3.62E-04
1.396E+00 8.009E-03 8.007E-03 1.846E-06 3.69E-04
1.380E+00 8.157E-03 8.155E-03 1.931E-06 3.76E-04
1.365E+00 8.307E-03 8.305E-03 2.020E-06 3.83E-04
1.349E+00 8.460E-03 8.458E-03 2.113E-06 3.91E-04
1.334E+00 8.615E-03 8.613E-03 2.210E-06 3.98E-04
1.318E+00 8.774E-03 8.772E-03 2.312E-06 4.06E-04
1.303E+00 8.935E-03 8.933E-03 2.419E-06 4.14E-04
1.288E+00 9.099E-03 9.096E-03 2.530E-06 4.22E-04
1.274E+00 9.266E-03 9.263E-03 2.646E-06 4.30E-04
1.259E+00 9.436E-03 9.433E-03 2.768E-06 4.38E-04
1.245E+00 9.607E-03 9.605E-03 2.895E-06 4.47E-04
1.230E+00 9.781E-03 9.778E-03 3.029E-06 4.55E-04
1.216E+00 9.958E-03 9.955E-03 3.169E-06 4.64E-04
1.202E+00 1.014E-02 1.014E-02 3.315E-06 4.73E-04
1.189E+00 1.033E-02 1.032E-02 3.468E-06 4.82E-04
1.175E+00 1.051E-02 1.051E-02 3.628E-06 4.92E-04
1.161E+00 1.071E-02 1.071E-02 3.795E-06 5.01E-04
1.148E+00 1.091E-02 1.090E-02 3.970E-06 5.11E-04
1.135E+00 1.111E-02 1.111E-02 4.153E-06 5.21E-04
1.122E+00 1.132E-02 1.132E-02 4.344E-06 5.30E-04
1.109E+00 1.154E-02 1.153E-02 4.544E-06 5.41E-04
1.096E+00 1.176E-02 1.175E-02 4.753E-06 5.51E-04
1.084E+00 1.199E-02 1.198E-02 4.972E-06 5.61E-04
1.072E+00 1.222E-02 1.222E-02 5.201E-06 5.72E-04
1.059E+00 1.247E-02 1.246E-02 5.440E-06 5.83E-04
1.047E+00 1.272E-02 1.271E-02 5.691E-06 5.94E-04
1.035E+00 1.298E-02 1.298E-02 5.952E-06 6.05E-04
1.023E+00 1.326E-02 1.325E-02 6.226E-06 6.17E-04
1.012E+00 1.355E-02 1.354E-02 6.512E-06 6.28E-04
1.000E+00 1.384E-02 1.383E-02 6.811E-06 6.40E-04
9.886E-01 1.414E-02 1.413E-02 7.124E-06 6.53E-04
9.772E-01 1.443E-02 1.443E-02 7.451E-06 6.65E-04
9.661E-01 1.474E-02 1.473E-02 7.793E-06 6.78E-04
9.550E-01 1.504E-02 1.503E-02 8.151E-06 6.91E-04
9.441E-01 1.535E-02 1.534E-02 8.524E-06 7.05E-04
9.333E-01 1.567E-02 1.566E-02 8.915E-06 7.18E-04
9.226E-01 1.599E-02 1.598E-02 9.323E-06 7.32E-04
9.120E-01 1.633E-02 1.632E-02 9.750E-06 7.47E-04
9.016E-01 1.668E-02 1.667E-02 1.020E-05 7.61E-04
8.913E-01 1.706E-02 1.705E-02 1.066E-05 7.77E-04
8.810E-01 1.746E-02 1.745E-02 1.115E-05 7.92E-04
8.710E-01 1.789E-02 1.788E-02 1.166E-05 8.08E-04
8.610E-01 1.836E-02 1.835E-02 1.219E-05 8.24E-04
8.511E-01 1.885E-02 1.884E-02 1.275E-05 8.41E-04
8.414E-01 1.937E-02 1.935E-02 1.333E-05 8.58E-04
8.318E-01 1.989E-02 1.987E-02 1.394E-05 8.75E-04
8.222E-01 2.041E-02 2.040E-02 1.458E-05 8.93E-04
8.128E-01 2.095E-02 2.093E-02 1.524E-05 9.12E-04
8.035E-01 2.149E-02 2.147E-02 1.593E-05 9.30E-04
7.943E-01 2.203E-02 2.202E-02 1.666E-05 9.50E-04
7.852E-01 2.260E-02 2.258E-02 1.742E-05 9.69E-04
7.762E-01 2.317E-02 2.315E-02 1.821E-05 9.89E-04
7.674E-01 2.376E-02 2.374E-02 1.905E-05 1.01E-03
7.586E-01 2.436E-02 2.434E-02 1.991E-05 1.03E-03
7.499E-01 2.498E-02 2.496E-02 2.082E-05 1.05E-03
7.413E-01 2.562E-02 2.560E-02 2.177E-05 1.08E-03
7.328E-01 2.628E-02 2.626E-02 2.276E-05 1.10E-03
7.244E-01 2.695E-02 2.693E-02 2.380E-05 1.12E-03
7.161E-01 2.765E-02 2.763E-02 2.488E-05 1.15E-03
7.079E-01 2.837E-02 2.834E-02 2.602E-05 1.17E-03
6.998E-01 2.910E-02 2.908E-02 2.721E-05 1.19E-03
6.918E-01 2.986E-02 2.983E-02 2.845E-05 1.22E-03
6.839E-01 3.065E-02 3.062E-02 2.975E-05 1.25E-03
6.761E-01 3.146E-02 3.142E-02 3.111E-05 1.27E-03
6.683E-01 3.229E-02 3.226E-02 3.253E-05 1.30E-03
6.607E-01 3.315E-02 3.312E-02 3.402E-05 1.33E-03
6.531E-01 3.404E-02 3.400E-02 3.557E-05 1.36E-03
6.457E-01 3.494E-02 3.490E-02 3.721E-05 1.39E-03
6.383E-01 3.588E-02 3.584E-02 3.892E-05 1.42E-03
6.310E-01 3.684E-02 3.680E-02 4.071E-05 1.45E-03
6.237E-01 3.784E-02 3.780E-02 4.258E-05 1.49E-03
6.166E-01 3.888E-02 3.884E-02 4.454E-05 1.52E-03
6.095E-01 3.995E-02 3.990E-02 4.660E-05 1.55E-03
6.026E-01 4.106E-02 4.101E-02 4.875E-05 1.59E-03
5.957E-01 4.220E-02 4.215E-02 5.101E-05 1.62E-03
5.888E-01 4.339E-02 4.333E-02 5.337E-05 1.66E-03
5.821E-01 4.461E-02 4.456E-02 5.585E-05 1.69E-03
5.754E-01 4.588E-02 4.582E-02 5.845E-05 1.73E-03
5.689E-01 4.718E-02 4.712E-02 6.118E-05 1.77E-03
5.623E-01 4.853E-02 4.847E-02 6.403E-05 1.81E-03
5.559E-01 4.993E-02 4.986E-02 6.703E-05 1.85E-03
5.495E-01 5.137E-02 5.130E-02 7.017E-05 1.89E-03
5.433E-01 5.285E-02 5.277E-02 7.348E-05 1.93E-03
5.370E-01 5.438E-02 5.430E-02 7.695E-05 1.97E-03
5.309E-01 5.596E-02 5.588E-02 8.059E-05 2.02E-03
5.248E-01 5.759E-02 5.751E-02 8.441E-05 2.06E-03
5.188E-01 5.928E-02 5.919E-02 8.843E-05 2.11E-03
5.129E-01 6.102E-02 6.093E-02 9.264E-05 2.15E-03
5.070E-01 6.282E-02 6.272E-02 9.707E-05 2.20E-03
5.012E-01 6.467E-02 6.457E-02 1.017E-04 2.25E-03
4.955E-01 6.659E-02 6.648E-02 1.066E-04 2.29E-03
4.898E-01 6.856E-02 6.845E-02 1.117E-04 2.34E-03
4.842E-01 7.060E-02 7.049E-02 1.171E-04 2.39E-03
4.786E-01 7.273E-02 7.261E-02 1.228E-04 2.44E-03
4.732E-01 7.493E-02 7.480E-02 1.287E-04 2.49E-03
4.677E-01 7.720E-02 7.707E-02 1.349E-04 2.54E-03
4.624E-01 7.955E-02 7.941E-02 1.414E-04 2.59E-03
4.571E-01 8.198E-02 8.183E-02 1.483E-04 2.65E-03
4.519E-01 8.449E-02 8.433E-02 1.555E-04 2.70E-03
4.467E-01 8.708E-02 8.691E-02 1.631E-04 2.75E-03
4.416E-01 8.975E-02 8.958E-02 1.711E-04 2.81E-03
4.365E-01 9.251E-02 9.233E-02 1.795E-04 2.86E-03
4.315E-01 9.537E-02 9.518E-02 1.882E-04 2.91E-03
4.266E-01 9.832E-02 9.812E-02 1.974E-04 2.96E-03
4.217E-01 1.013E-01 1.011E-01 2.070E-04 3.01E-03
4.169E-01 1.044E-01 1.042E-01 2.171E-04 3.07E-03
4.121E-01 1.076E-01 1.073E-01 2.277E-04 3.12E-03
4.074E-01 1.108E-01 1.105E-01 2.389E-04 3.17E-03
4.027E-01 1.140E-01 1.138E-01 2.506E-04 3.23E-03
3.981E-01 1.173E-01 1.171E-01 2.629E-04 3.28E-03
3.935E-01 1.207E-01 1.205E-01 2.758E-04 3.34E-03
3.890E-01 1.242E-01 1.239E-01 2.893E-04 3.39E-03
3.846E-01 1.277E-01 1.274E-01 3.035E-04 3.44E-03
3.802E-01 1.313E-01 1.309E-01 3.185E-04 3.50E-03
3.758E-01 1.349E-01 1.346E-01 3.342E-04 3.55E-03
3.715E-01 1.387E-01 1.383E-01 3.510E-04 3.61E-03
3.673E-01 1.425E-01 1.421E-01 3.686E-04 3.66E-03
3.631E-01 1.463E-01 1.460E-01 3.874E-04 3.72E-03
3.589E-01 1.502E-01 1.498E-01 4.073E-04 3.78E-03
3.548E-01 1.542E-01 1.538E-01 4.284E-04 3.84E-03
3.508E-01 1.584E-01 1.579E-01 4.508E-04 3.89E-03
3.467E-01 1.627E-01 1.622E-01 4.747E-04 3.94E-03
3.428E-01 1.671E-01 1.666E-01 5.002E-04 3.99E-03
3.388E-01 1.717E-01 1.711E-01 5.274E-04 4.03E-03
3.350E-01 1.764E-01 1.759E-01 5.564E-04 4.06E-03
3.311E-01 1.814E-01 1.808E-01 5.874E-04 4.09E-03
3.273E-01 1.865E-01 1.859E-01 6.205E-04 4.11E-03
3.236E-01 1.918E-01 1.912E-01 6.562E-04 4.11E-03
3.199E-01 1.973E-01 1.967E-01 6.944E-04 4.09E-03
3.162E-01 2.031E-01 2.023E-01 7.351E-04 4.07E-03
3.126E-01 2.090E-01 2.082E-01 7.786E-04 4.02E-03
3.090E-01 2.151E-01 2.142E-01 8.251E-04 3.96E-03
3.055E-01 2.214E-01 2.205E-01 8.745E-04 3.88E-03
3.020E-01 2.276E-01 2.267E-01 9.275E-04 3.79E-03
2.985E-01 2.332E-01 2.322E-01 9.844E-04 3.66E-03
2.951E-01 2.391E-01 2.381E-01 1.046E-03 3.52E-03
2.917E-01 2.454E-01 2.443E-01 1.112E-03 3.35E-03
2.884E-01 2.520E-01 2.509E-01 1.184E-03 3.15E-03
2.851E-01 2.591E-01 2.578E-01 1.263E-03 2.92E-03
2.818E-01 2.669E-01 2.655E-01 1.354E-03 2.60E-03
2.786E-01 2.753E-01 2.738E-01 1.452E-03 2.28E-03
2.754E-01 2.844E-01 2.828E-01 1.557E-03 1.97E-03
2.723E-01 2.945E-01 2.928E-01 1.672E-03 1.66E-03
2.692E-01 3.058E-01 3.040E-01 1.799E-03 1.36E-03
2.661E-01 3.182E-01 3.162E-01 1.940E-03 1.09E-03
2.630E-01 3.320E-01 3.299E-01 2.099E-03 8.46E-04
2.600E-01 3.476E-01 3.453E-01 2.279E-03 6.38E-04
2.570E-01 3.651E-01 3.626E-01 2.482E-03 4.79E-04
2.541E-01 3.843E-01 3.816E-01 2.705E-03 3.74E-04
2.512E-01 4.062E-01 4.033E-01 2.958E-03 3.17E-04
2.483E-01 4.313E-01 4.280E-01 3.246E-03 3.02E-04
2.455E-01 4.599E-01 4.563E-01 3.575E-03 3.28E-04
2.427E-01 4.930E-01 4.891E-01 3.955E-03 3.99E-04
2.399E-01 5.317E-01 5.273E-01 4.393E-03 5.17E-04
2.371E-01 5.756E-01 5.708E-01 4.870E-03 6.88E-04
2.344E-01 6.240E-01 6.187E-01 5.374E-03 8.93E-04
2.317E-01 6.754E-01 6.695E-01 5.899E-03 1.11E-03
2.291E-01 7.280E-01 7.215E-01 6.431E-03 1.34E-03
2.265E-01 7.806E-01 7.736E-01 6.967E-03 1.58E-03
2.239E-01 8.332E-01 8.257E-01 7.523E-03 1.83E-03
2.213E-01 8.836E-01 8.755E-01 8.082E-03 2.10E-03
2.188E-01 9.247E-01 9.162E-01 8.498E-03 2.40E-03
2.163E-01 9.492E-01 9.406E-01 8.644E-03 2.74E-03
2.138E-01 9.541E-01 9.456E-01 8.538E-03 3.10E-03
2.113E-01 9.419E-01 9.336E-01 8.279E-03 3.46E-03
2.089E-01 9.164E-01 9.085E-01 7.899E-03 3.83E-03
2.065E-01 8.807E-01 8.732E-01 7.427E-03 4.21E-03
2.042E-01 8.376E-01 8.307E-01 6.885E-03 4.61E-03
2.018E-01 7.904E-01 7.841E-01 6.307E-03 5.01E-03
1.995E-01 7.416E-01 7.359E-01 5.725E-03 5.43E-03
1.972E-01 6.932E-01 6.880E-01 5.159E-03 5.85E-03
1.950E-01 6.468E-01 6.422E-01 4.631E-03 6.29E-03
1.928E-01 6.034E-01 5.993E-01 4.150E-03 6.73E-03
1.905E-01 5.635E-01 5.598E-01 3.718E-03 7.19E-03
1.884E-01 5.270E-01 5.237E-01 3.327E-03 7.66E-03
1.862E-01 4.942E-01 4.912E-01 2.990E-03 8.16E-03
1.841E-01 4.649E-01 4.622E-01 2.702E-03 8.67E-03
1.820E-01 4.387E-01 4.362E-01 2.458E-03 9.20E-03
1.799E-01 4.153E-01 4.130E-01 2.253E-03 9.75E-03
1.778E-01 3.945E-01 3.924E-01 2.085E-03 1.03E-02
1.758E-01 3.759E-01 3.740E-01 1.947E-03 1.09E-02
1.738E-01 3.592E-01 3.574E-01 1.835E-03 1.15E-02
1.718E-01 3.442E-01 3.425E-01 1.748E-03 1.21E-02
1.698E-01 3.308E-01 3.291E-01 1.684E-03 1.27E-02
1.679E-01 3.183E-01 3.167E-01 1.643E-03 1.33E-02
1.660E-01 3.072E-01 3.056E-01 1.625E-03 1.39E-02
1.641E-01 2.975E-01 2.959E-01 1.633E-03 1.45E-02
1.622E-01 2.889E-01 2.872E-01 1.664E-03 1.51E-02
1.603E-01 2.813E-01 2.796E-01 1.718E-03 1.57E-02
1.585E-01 2.749E-01 2.731E-01 1.798E-03 1.63E-02
1.567E-01 2.692E-01 2.673E-01 1.899E-03 1.70E-02
1.549E-01 2.644E-01 2.624E-01 2.024E-03 1.76E-02
1.531E-01 2.603E-01 2.581E-01 2.171E-03 1.83E-02
1.514E-01 2.568E-01 2.545E-01 2.343E-03 1.89E-02
1.496E-01 2.542E-01 2.517E-01 2.544E-03 1.96E-02
1.479E-01 2.524E-01 2.496E-01 2.775E-03 2.03E-02
1.462E-01 2.515E-01 2.485E-01 3.040E-03 2.10E-02
1.445E-01 2.519E-01 2.486E-01 3.345E-03 2.17E-02
1.429E-01 2.533E-01 2.497E-01 3.689E-03 2.24E-02
1.413E-01 2.558E-01 2.517E-01 4.073E-03 2.31E-02
1.396E-01 2.593E-01 2.548E-01 4.496E-03 2.38E-02
1.380E-01 2.635E-01 2.585E-01 4.957E-03 2.46E-02
1.365E-01 2.685E-01 2.631E-01 5.471E-03 2.54E-02
1.349E-01 2.744E-01 2.684E-01 6.049E-03 2.63E-02
1.334E-01 2.813E-01 2.746E-01 6.696E-03 2.72E-02
1.318E-01 2.892E-01 2.818E-01 7.417E-03 2.82E-02
1.303E-01 2.985E-01 2.902E-01 8.221E-03 2.92E-02
1.288E-01 3.130E-01 3.039E-01 9.120E-03 3.04E-02
1.274E-01 3.260E-01 3.159E-01 1.012E-02 3.16E-02
1.259E-01 3.404E-01 3.292E-01 1.123E-02 3.28E-02
1.245E-01 3.562E-01 3.438E-01 1.246E-02 3.42E-02
1.230E-01 3.735E-01 3.597E-01 1.382E-02 3.56E-02
1.216E-01 3.923E-01 3.770E-01 1.532E-02 3.69E-02
1.202E-01 4.128E-01 3.959E-01 1.696E-02 3.82E-02
1.189E-01 4.348E-01 4.160E-01 1.877E-02 3.95E-02
1.175E-01 4.574E-01 4.366E-01 2.075E-02 4.06E-02
1.161E-01 4.812E-01 4.583E-01 2.294E-02 4.16E-02
1.148E-01 5.078E-01 4.823E-01 2.550E-02 4.23E-02
1.135E-01 5.378E-01 5.088E-01 2.900E-02 4.28E-02
1.122E-01 5.699E-01 5.371E-01 3.273E-02 4.19E-02
1.109E-01 6.046E-01 5.678E-01 3.683E-02 3.96E-02
1.096E-01 6.472E-01 6.059E-01 4.129E-02 3.57E-02
1.084E-01 6.977E-01 6.509E-01 4.677E-02 3.20E-02
1.072E-01 7.560E-01 7.029E-01 5.308E-02 2.99E-02
1.059E-01 8.169E-01 7.578E-01 5.905E-02 2.97E-02
1.047E-01 8.808E-01 8.162E-01 6.459E-02 3.02E-02
1.035E-01 9.431E-01 8.733E-01 6.981E-02 3.05E-02
1.023E-01 1.002E+00 9.275E-01 7.476E-02 3.06E-02
1.012E-01 1.059E+00 9.783E-01 8.033E-02 3.02E-02
1.000E-01 1.118E+00 1.032E+00 8.662E-02 2.95E-02
9.886E-02 1.184E+00 1.089E+00 9.485E-02 2.84E-02
9.772E-02 1.256E+00 1.152E+00 1.040E-01 2.74E-02
9.661E-02 1.329E+00 1.217E+00 1.123E-01 2.69E-02
9.550E-02 1.398E+00 1.279E+00 1.192E-01 2.69E-02
9.441E-02 1.453E+00 1.329E+00 1.238E-01 2.73E-02
9.333E-02 1.499E+00 1.372E+00 1.273E-01 2.78E-02
9.226E-02 1.545E+00 1.414E+00 1.312E-01 2.83E-02
9.120E-02 1.587E+00 1.452E+00 1.348E-01 2.90E-02
9.016E-02 1.614E+00 1.477E+00 1.364E-01 3.00E-02
8.913E-02 1.643E+00 1.504E+00 1.387E-01 3.09E-02
8.810E-02 1.683E+00 1.539E+00 1.441E-01 3.12E-02
8.710E-02 1.737E+00 1.584E+00 1.537E-01 3.08E-02
8.610E-02 1.797E+00 1.633E+00 1.649E-01 3.03E-02
8.511E-02 1.864E+00 1.687E+00 1.778E-01 2.99E-02
8.414E-02 1.938E+00 1.746E+00 1.922E-01 2.95E-02
8.318E-02 2.020E+00 1.812E+00 2.081E-01 2.92E-02
8.222E-02 2.110E+00 1.886E+00 2.239E-01 2.93E-02
8.128E-02 2.204E+00 1.965E+00 2.387E-01 2.98E-02
8.035E-02 2.301E+00 2.048E+00 2.532E-01 3.05E-02
7.943E-02 2.400E+00 2.133E+00 2.667E-01 3.16E-02
7.852E-02 2.495E+00 2.217E+00 2.780E-01 3.29E-02
7.762E-02 2.583E+00 2.297E+00 2.861E-01 3.45E-02
7.674E-02 2.664E+00 2.371E+00 2.926E-01 3.62E-02
7.586E-02 2.735E+00 2.438E+00 2.975E-01 3.80E-02
7.499E-02 2.795E+00 2.494E+00 3.003E-01 4.00E-02
7.413E-02 2.837E+00 2.536E+00 3.012E-01 4.20E-02
7.328E-02 2.859E+00 2.558E+00 3.001E-01 4.42E-02
7.244E-02 2.856E+00 2.557E+00 2.984E-01 4.64E-02
7.161E-02 2.825E+00 2.530E+00 2.956E-01 4.86E-02
7.079E-02 2.768E+00 2.477E+00 2.910E-01 5.09E-02
6.998E-02 2.689E+00 2.404E+00 2.846E-01 5.33E-02
6.918E-02 2.592E+00 2.316E+00 2.767E-01 5.58E-02
6.839E-02 2.482E+00 2.217E+00 2.653E-01 5.84E-02
6.761E-02 2.370E+00 2.118E+00 2.522E-01 6.10E-02
6.683E-02 2.262E+00 2.023E+00 2.393E-01 6.35E-02
6.607E-02 2.162E+00 1.935E+00 2.266E-01 6.61E-02
6.531E-02 2.061E+00 1.847E+00 2.143E-01 6.86E-02
6.457E-02 1.975E+00 1.769E+00 2.053E-01 7.10E-02
6.383E-02 1.894E+00 1.696E+00 1.977E-01 7.33E-02
6.310E-02 1.817E+00 1.626E+00 1.912E-01 7.57E-02
6.237E-02 1.745E+00 1.559E+00 1.857E-01 7.81E-02
6.166E-02 1.676E+00 1.494E+00 1.816E-01 8.05E-02
6.095E-02 1.608E+00 1.430E+00 1.786E-01 8.30E-02
6.026E-02 1.541E+00 1.365E+00 1.760E-01 8.55E-02
5.957E-02 1.475E+00 1.301E+00 1.739E-01 8.80E-02
5.888E-02 1.409E+00 1.237E+00 1.721E-01 9.05E-02
5.821E-02 1.338E+00 1.169E+00 1.692E-01 9.31E-02
5.754E-02 1.111E+00 9.445E-01 1.661E-01 9.56E-02
5.689E-02 1.075E+00 9.119E-01 1.629E-01 9.82E-02
5.623E-02 1.037E+00 8.781E-01 1.594E-01 1.01E-01
5.559E-02 9.982E-01 8.432E-01 1.551E-01 1.03E-01
5.495E-02 9.602E-01 8.095E-01 1.507E-01 1.06E-01
5.433E-02 9.232E-01 7.769E-01 1.463E-01 1.09E-01
5.370E-02 8.889E-01 7.469E-01 1.421E-01 1.12E-01
5.309E-02 8.598E-01 7.216E-01 1.383E-01 1.15E-01
5.248E-02 8.328E-01 6.981E-01 1.347E-01 1.18E-01
5.188E-02 8.077E-01 6.764E-01 1.313E-01 1.21E-01
5.129E-02 7.836E-01 6.554E-01 1.282E-01 1.24E-01
5.070E-02 7.601E-01 6.348E-01 1.253E-01 1.27E-01
5.012E-02 7.377E-01 6.151E-01 1.226E-01 1.30E-01
4.955E-02 7.163E-01 5.962E-01 1.201E-01 1.33E-01
4.898E-02 6.962E-01 5.785E-01 1.177E-01 1.36E-01
4.842E-02 6.764E-01 5.611E-01 1.153E-01 1.40E-01
4.786E-02 6.570E-01 5.441E-01 1.129E-01 1.43E-01
4.732E-02 6.363E-01 5.261E-01 1.102E-01 1.47E-01
4.677E-02 6.156E-01 5.082E-01 1.074E-01 1.50E-01
4.624E-02 5.956E-01 4.909E-01 1.047E-01 1.54E-01
4.571E-02 5.779E-01 4.757E-01 1.021E-01 1.58E-01
4.519E-02 5.631E-01 4.633E-01 9.982E-02 1.62E-01
4.467E-02 5.487E-01 4.513E-01 9.745E-02 1.66E-01
4.416E-02 5.336E-01 4.386E-01 9.491E-02 1.70E-01
4.365E-02 5.148E-01 4.228E-01 9.203E-02 1.74E-01
4.315E-02 4.967E-01 4.076E-01 8.909E-02 1.78E-01
4.266E-02 4.803E-01 3.942E-01 8.605E-02 1.82E-01
4.217E-02 4.693E-01 3.863E-01 8.299E-02 1.87E-01
4.169E-02 4.606E-01 3.805E-01 8.005E-02 1.91E-01
4.121E-02 4.539E-01 3.766E-01 7.736E-02 1.96E-01
4.074E-02 4.478E-01 3.727E-01 7.514E-02 2.01E-01
4.027E-02 4.430E-01 3.698E-01 7.318E-02 2.06E-01
3.981E-02 4.394E-01 3.680E-01 7.142E-02 2.11E-01
3.935E-02 4.370E-01 3.672E-01 6.980E-02 2.17E-01
3.890E-02 4.362E-01 3.678E-01 6.843E-02 2.22E-01
3.846E-02 4.372E-01 3.699E-01 6.723E-02 2.28E-01
3.802E-02 4.402E-01 3.737E-01 6.650E-02 2.33E-01
3.758E-02 4.457E-01 3.793E-01 6.643E-02 2.39E-01
3.715E-02 4.577E-01 3.897E-01 6.801E-02 2.45E-01
3.673E-02 4.683E-01 3.983E-01 7.010E-02 2.51E-01
3.631E-02 4.734E-01 4.012E-01 7.225E-02 2.57E-01
3.589E-02 4.691E-01 3.955E-01 7.367E-02 2.63E-01
3.548E-02 4.611E-01 3.864E-01 7.471E-02 2.69E-01
3.508E-02 4.538E-01 3.788E-01 7.501E-02 2.75E-01
3.467E-02 4.467E-01 3.718E-01 7.491E-02 2.81E-01
3.428E-02 4.394E-01 3.648E-01 7.460E-02 2.87E-01
3.388E-02 4.324E-01 3.580E-01 7.436E-02 2.93E-01
3.350E-02 4.254E-01 3.513E-01 7.404E-02 3.00E-01
3.311E-02 4.185E-01 3.448E-01 7.367E-02 3.06E-01
3.273E-02 4.116E-01 3.383E-01 7.325E-02 3.13E-01
3.236E-02 4.048E-01 3.320E-01 7.278E-02 3.20E-01
3.199E-02 3.980E-01 3.257E-01 7.228E-02 3.27E-01
3.162E-02 3.913E-01 3.196E-01 7.173E-02 3.34E-01
3.126E-02 3.847E-01 3.135E-01 7.117E-02 3.41E-01
3.090E-02 3.782E-01 3.076E-01 7.058E-02 3.48E-01
3.055E-02 3.717E-01 3.017E-01 6.998E-02 3.55E-01
3.020E-02 3.653E-01 2.960E-01 6.935E-02 3.63E-01
2.985E-02 3.590E-01 2.903E-01 6.870E-02 3.70E-01
2.951E-02 3.527E-01 2.846E-01 6.804E-02 3.78E-01
2.917E-02 3.465E-01 2.792E-01 6.735E-02 3.86E-01
2.884E-02 3.404E-01 2.738E-01 6.665E-02 3.94E-01
2.851E-02 3.344E-01 2.685E-01 6.593E-02 4.01E-01
2.818E-02 3.285E-01 2.633E-01 6.521E-02 4.09E-01
2.786E-02 3.228E-01 2.583E-01 6.449E-02 4.18E-01
2.754E-02 3.171E-01 2.533E-01 6.376E-02 4.26E-01
2.723E-02 3.114E-01 2.484E-01 6.303E-02 4.34E-01
2.692E-02 3.059E-01 2.436E-01 6.229E-02 4.43E-01
2.661E-02 3.005E-01 2.389E-01 6.155E-02 4.51E-01
2.630E-02 2.950E-01 2.342E-01 6.080E-02 4.60E-01
2.600E-02 2.897E-01 2.297E-01 6.003E-02 4.68E-01
2.570E-02 2.844E-01 2.252E-01 5.927E-02 4.77E-01
2.541E-02 2.792E-01 2.207E-01 5.849E-02 4.86E-01
2.512E-02 2.740E-01 2.163E-01 5.770E-02 4.95E-01
2.483E-02 2.689E-01 2.120E-01 5.691E-02 5.04E-01
2.455E-02 2.639E-01 2.078E-01 5.613E-02 5.12E-01
2.427E-02 2.590E-01 2.036E-01 5.535E-02 5.21E-01
2.399E-02 2.541E-01 1.995E-01 5.457E-02 5.30E-01
2.371E-02 2.494E-01 1.956E-01 5.380E-02 5.39E-01
2.344E-02 2.447E-01 1.916E-01 5.302E-02 5.49E-01
2.317E-02 2.400E-01 1.878E-01 5.224E-02 5.58E-01
2.291E-02 2.354E-01 1.840E-01 5.147E-02 5.67E-01
2.265E-02 2.309E-01 1.802E-01 5.070E-02 5.76E-01
2.239E-02 2.265E-01 1.765E-01 4.993E-02 5.85E-01
2.213E-02 2.221E-01 1.729E-01 4.917E-02 5.94E-01
2.188E-02 2.178E-01 1.694E-01 4.840E-02 6.03E-01
2.163E-02 2.135E-01 1.659E-01 4.764E-02 6.11E-01
2.138E-02 2.094E-01 1.625E-01 4.689E-02 6.20E-01
2.113E-02 2.053E-01 1.591E-01 4.615E-02 6.29E-01
2.089E-02 2.012E-01 1.558E-01 4.540E-02 6.38E-01
2.065E-02 1.971E-01 1.525E-01 4.466E-02 6.46E-01
2.042E-02 1.933E-01 1.493E-01 4.395E-02 6.54E-01
2.018E-02 1.895E-01 1.462E-01 4.323E-02 6.63E-01
1.995E-02 1.857E-01 1.431E-01 4.252E-02 6.71E-01
1.972E-02 1.819E-01 1.401E-01 4.180E-02 6.79E-01
1.950E-02 1.781E-01 1.370E-01 4.109E-02 6.86E-01
1.928E-02 1.744E-01 1.340E-01 4.038E-02 6.94E-01
1.905E-02 1.708E-01 1.311E-01 3.969E-02 7.01E-01
1.884E-02 1.673E-01 1.282E-01 3.901E-02 7.08E-01
1.862E-02 1.638E-01 1.254E-01 3.834E-02 7.15E-01
1.841E-02 1.604E-01 1.227E-01 3.767E-02 7.22E-01
1.820E-02 1.570E-01 1.200E-01 3.702E-02 7.28E-01
1.799E-02 1.537E-01 1.174E-01 3.638E-02 7.34E-01
1.778E-02 1.505E-01 1.148E-01 3.575E-02 7.40E-01
1.758E-02 1.474E-01 1.123E-01 3.514E-02 7.46E-01
1.738E-02 1.443E-01 1.098E-01 3.453E-02 7.51E-01
1.718E-02 1.412E-01 1.073E-01 3.393E-02 7.56E-01
1.698E-02 1.382E-01 1.049E-01 3.334E-02 7.61E-01
1.679E-02 1.353E-01 1.025E-01 3.276E-02 7.65E-01
1.660E-02 1.324E-01 1.002E-01 3.219E-02 7.70E-01
1.641E-02 1.296E-01 9.800E-02 3.164E-02 7.74E-01
1.622E-02 1.269E-01 9.578E-02 3.108E-02 7.77E-01
1.603E-02 1.241E-01 9.359E-02 3.054E-02 7.81E-01
1.585E-02 1.215E-01 9.146E-02 3.001E-02 7.84E-01
1.567E-02 1.189E-01 8.937E-02 2.948E-02 7.87E-01
1.549E-02 1.163E-01 8.735E-02 2.897E-02 7.90E-01
1.531E-02 1.138E-01 8.534E-02 2.846E-02 7.93E-01
1.514E-02 1.113E-01 8.337E-02 2.796E-02 7.96E-01
1.496E-02 1.089E-01 8.143E-02 2.747E-02 7.98E-01
1.479E-02 1.065E-01 7.954E-02 2.698E-02 8.01E-01
1.462E-02 1.042E-01 7.770E-02 2.651E-02 8.03E-01
1.445E-02 1.019E-01 7.591E-02 2.604E-02 8.06E-01
1.429E-02 9.972E-02 7.415E-02 2.557E-02 8.08E-01
1.413E-02 9.753E-02 7.242E-02 2.511E-02 8.10E-01
1.396E-02 9.539E-02 7.074E-02 2.465E-02 8.13E-01
1.380E-02 9.331E-02 6.911E-02 2.420E-02 8.15E-01
1.365E-02 9.126E-02 6.751E-02 2.376E-02 8.17E-01
1.349E-02 8.924E-02 6.593E-02 2.331E-02 8.20E-01
1.334E-02 8.724E-02 6.438E-02 2.287E-02 8.22E-01
1.318E-02 8.530E-02 6.286E-02 2.243E-02 8.25E-01
1.303E-02 8.340E-02 6.140E-02 2.200E-02 8.28E-01
1.288E-02 8.156E-02 5.998E-02 2.158E-02 8.31E-01
1.274E-02 7.973E-02 5.856E-02 2.116E-02 8.34E-01
1.259E-02 7.791E-02 5.717E-02 2.074E-02 8.37E-01
1.245E-02 7.611E-02 5.579E-02 2.032E-02 8.40E-01
1.230E-02 7.443E-02 5.450E-02 1.992E-02 8.44E-01
1.216E-02 7.278E-02 5.325E-02 1.953E-02 8.47E-01
1.202E-02 7.114E-02 5.200E-02 1.914E-02 8.50E-01
1.189E-02 6.950E-02 5.076E-02 1.874E-02 8.54E-01
1.175E-02 6.788E-02 4.953E-02 1.835E-02 8.57E-01
1.161E-02 6.627E-02 4.831E-02 1.796E-02 8.61E-01
1.148E-02 6.468E-02 4.712E-02 1.757E-02 8.64E-01
1.135E-02 6.313E-02 4.595E-02 1.718E-02 8.67E-01
1.122E-02 6.162E-02 4.481E-02 1.681E-02 8.70E-01
1.109E-02 6.016E-02 4.372E-02 1.644E-02 8.74E-01
1.096E-02 5.873E-02 4.265E-02 1.608E-02 8.77E-01
1.084E-02 5.731E-02 4.159E-02 1.572E-02 8.79E-01
1.072E-02 5.593E-02 4.056E-02 1.537E-02 8.82E-01
1.059E-02 5.459E-02 3.956E-02 1.503E-02 8.85E-01
1.047E-02 5.328E-02 3.859E-02 1.470E-02 8.87E-01
1.035E-02 5.203E-02 3.765E-02 1.437E-02 8.89E-01
1.023E-02 5.078E-02 3.673E-02 1.405E-02 8.91E-01
1.012E-02 4.955E-02 3.581E-02 1.374E-02 8.93E-01
1.000E-02 4.834E-02 3.491E-02 1.343E-02 8.94E-01
9.886E-03 4.715E-02 3.403E-02 1.312E-02 8.96E-01
9.772E-03 4.600E-02 3.317E-02 1.283E-02 8.97E-01
9.661E-03 4.488E-02 3.234E-02 1.254E-02 8.99E-01
9.550E-03 4.380E-02 3.155E-02 1.225E-02 9.00E-01
9.441E-03 4.273E-02 3.076E-02 1.197E-02 9.01E-01
9.333E-03 4.167E-02 2.998E-02 1.169E-02 9.03E-01
9.226E-03 4.064E-02 2.922E-02 1.142E-02 9.04E-01
9.120E-03 3.962E-02 2.847E-02 1.115E-02 9.05E-01
9.016E-03 3.863E-02 2.775E-02 1.088E-02 9.07E-01
8.913E-03 3.768E-02 2.705E-02 1.062E-02 9.08E-01
8.810E-03 3.674E-02 2.638E-02 1.037E-02 9.10E-01
8.710E-03 3.582E-02 2.571E-02 1.011E-02 9.12E-01
8.610E-03 3.491E-02 2.505E-02 9.862E-03 9.13E-01
8.511E-03 3.402E-02 2.441E-02 9.614E-03 9.15E-01
8.414E-03 3.315E-02 2.378E-02 9.371E-03 9.17E-01
8.318E-03 3.231E-02 2.318E-02 9.133E-03 9.19E-01
8.222E-03 3.149E-02 2.259E-02 8.899E-03 9.21E-01
8.128E-03 3.067E-02 2.201E-02 8.667E-03 9.23E-01
8.035E-03 2.987E-02 2.144E-02 8.439E-03 9.25E-01
7.943E-03 2.909E-02 2.088E-02 8.215E-03 9.26E-01
7.852E-03 2.833E-02 2.034E-02 7.996E-03 9.28E-01
7.762E-03 2.760E-02 1.981E-02 7.782E-03 9.30E-01
7.674E-03 2.686E-02 1.929E-02 7.569E-03 9.31E-01
7.586E-03 2.614E-02 1.878E-02 7.360E-03 9.32E-01
7.499E-03 2.545E-02 1.829E-02 7.156E-03 9.34E-01
7.413E-03 2.477E-02 1.781E-02 6.958E-03 9.35E-01
7.328E-03 2.412E-02 1.736E-02 6.765E-03 9.36E-01
7.244E-03 2.348E-02 1.691E-02 6.575E-03 9.37E-01
7.161E-03 2.285E-02 1.646E-02 6.386E-03 9.38E-01
7.079E-03 2.224E-02 1.604E-02 6.202E-03 9.39E-01
6.998E-03 2.164E-02 1.562E-02 6.021E-03 9.39E-01
6.918E-03 2.105E-02 1.521E-02 5.842E-03 9.40E-01
6.839E-03 2.048E-02 1.481E-02 5.666E-03 9.41E-01
6.761E-03 1.991E-02 1.442E-02 5.492E-03 9.42E-01
6.683E-03 1.936E-02 1.404E-02 5.319E-03 9.43E-01
6.607E-03 1.881E-02 1.367E-02 5.148E-03 9.44E-01
6.531E-03 1.828E-02 1.330E-02 4.980E-03 9.46E-01
6.457E-03 1.777E-02 1.295E-02 4.817E-03 9.47E-01
6.383E-03 1.727E-02 1.261E-02 4.655E-03 9.48E-01
6.310E-03 1.677E-02 1.227E-02 4.494E-03 9.49E-01
6.237E-03 1.627E-02 1.194E-02 4.335E-03 9.50E-01
6.166E-03 1.581E-02 1.163E-02 4.181E-03 9.52E-01
6.095E-03 1.536E-02 1.133E-02 4.033E-03 9.53E-01
6.026E-03 1.492E-02 1.103E-02 3.884E-03 9.54E-01
5.957E-03 1.447E-02 1.074E-02 3.735E-03 9.54E-01
5.888E-03 1.404E-02 1.045E-02 3.586E-03 9.55E-01
5.821E-03 1.360E-02 1.017E-02 3.436E-03 9.56E-01
5.754E-03 1.317E-02 9.887E-03 3.287E-03 9.57E-01
5.689E-03 1.275E-02 9.613E-03 3.139E-03 9.57E-01
5.623E-03 1.234E-02 9.349E-03 2.993E-03 9.58E-01
5.559E-03 1.195E-02 9.097E-03 2.854E-03 9.59E-01
5.495E-03 1.156E-02 8.850E-03 2.713E-03 9.59E-01
5.433E-03 1.118E-02 8.608E-03 2.570E-03 9.60E-01
5.370E-03 1.080E-02 8.373E-03 2.426E-03 9.61E-01
5.309E-03 1.043E-02 8.144E-03 2.281E-03 9.62E-01
5.248E-03 1.006E-02 7.924E-03 2.135E-03 9.62E-01
5.188E-03 9.703E-03 7.713E-03 1.990E-03 9.63E-01
5.129E-03 9.400E-03 7.506E-03 1.894E-03 9.64E-01
5.070E-03 9.102E-03 7.300E-03 1.802E-03 9.65E-01
5.012E-03 8.777E-03 7.098E-03 1.679E-03 9.66E-01
4.955E-03 8.430E-03 6.903E-03 1.526E-03 9.66E-01
4.898E-03 8.062E-03 6.714E-03 1.347E-03 9.67E-01
4.842E-03 7.679E-03 6.533E-03 1.146E-03 9.68E-01
4.786E-03 7.289E-03 6.359E-03 9.301E-04 9.68E-01
4.732E-03 6.822E-03 6.186E-03 6.363E-04 9.69E-01
4.677E-03 6.346E-03 6.014E-03 3.321E-04 9.69E-01
4.624E-03 5.950E-03 5.848E-03 1.022E-04 9.70E-01
4.571E-03 5.702E-03 5.689E-03 1.239E-05 9.70E-01
4.519E-03 5.684E-03 5.538E-03 1.463E-04 9.71E-01
4.467E-03 6.003E-03 5.395E-03 6.082E-04 9.71E-01
4.416E-03 1.168E-01 1.125E-01 4.272E-03 9.72E-01
4.365E-03 1.141E-01 1.103E-01 3.777E-03 9.73E-01
4.315E-03 1.115E-01 1.081E-01 3.390E-03 9.73E-01
4.266E-03 1.092E-01 1.059E-01 3.293E-03 9.74E-01
4.217E-03 1.072E-01 1.038E-01 3.407E-03 9.74E-01
4.169E-03 1.053E-01 1.016E-01 3.656E-03 9.75E-01
4.121E-03 1.035E-01 9.953E-02 3.923E-03 9.75E-01
4.074E-03 1.015E-01 9.748E-02 4.066E-03 9.76E-01
4.027E-03 9.962E-02 9.545E-02 4.179E-03 9.76E-01
3.981E-03 9.767E-02 9.343E-02 4.243E-03 9.76E-01
3.935E-03 9.568E-02 9.144E-02 4.241E-03 9.77E-01
3.890E-03 9.364E-02 8.948E-02 4.162E-03 9.77E-01
3.846E-03 9.167E-02 8.755E-02 4.123E-03 9.78E-01
3.802E-03 8.976E-02 8.562E-02 4.132E-03 9.78E-01
3.758E-03 8.786E-02 8.372E-02 4.134E-03 9.79E-01
3.715E-03 8.598E-02 8.185E-02 4.127E-03 9.79E-01
3.673E-03 8.411E-02 8.001E-02 4.108E-03 9.80E-01
3.631E-03 8.228E-02 7.820E-02 4.083E-03 9.80E-01
3.589E-03 8.047E-02 7.640E-02 4.062E-03 9.80E-01
3.548E-03 7.867E-02 7.464E-02 4.037E-03 9.81E-01
3.508E-03 7.690E-02 7.290E-02 4.008E-03 9.81E-01
3.467E-03 7.516E-02 7.119E-02 3.973E-03 9.81E-01
3.428E-03 7.345E-02 6.951E-02 3.935E-03 9.82E-01
3.388E-03 7.175E-02 6.786E-02 3.897E-03 9.82E-01
3.350E-03 7.008E-02 6.622E-02 3.857E-03 9.82E-01
3.311E-03 6.843E-02 6.462E-02 3.814E-03 9.83E-01
3.273E-03 6.681E-02 6.305E-02 3.768E-03 9.83E-01
3.236E-03 6.525E-02 6.153E-02 3.720E-03 9.84E-01
3.199E-03 6.370E-02 6.003E-02 3.671E-03 9.84E-01
3.162E-03 6.215E-02 5.853E-02 3.622E-03 9.84E-01
3.126E-03 6.062E-02 5.705E-02 3.573E-03 9.84E-01
3.090E-03 5.915E-02 5.562E-02 3.524E-03 9.85E-01
3.055E-03 5.778E-02 5.431E-02 3.474E-03 9.85E-01
3.020E-03 5.641E-02 5.299E-02 3.424E-03 9.85E-01
2.985E-03 5.504E-02 5.167E-02 3.373E-03 9.86E-01
2.951E-03 5.368E-02 5.036E-02 3.322E-03 9.86E-01
2.917E-03 5.232E-02 4.905E-02 3.270E-03 9.86E-01
2.884E-03 5.097E-02 4.775E-02 3.218E-03 9.86E-01
2.851E-03 4.963E-02 4.647E-02 3.166E-03 9.87E-01
2.818E-03 4.831E-02 4.520E-02 3.114E-03 9.87E-01
2.786E-03 4.701E-02 4.395E-02 3.061E-03 9.87E-01
2.754E-03 4.574E-02 4.273E-02 3.009E-03 9.87E-01
2.723E-03 4.455E-02 4.159E-02 2.955E-03 9.88E-01
2.692E-03 4.336E-02 4.046E-02 2.902E-03 9.88E-01
2.661E-03 4.220E-02 3.935E-02 2.848E-03 9.88E-01
2.630E-03 4.106E-02 3.827E-02 2.795E-03 9.88E-01
2.600E-03 3.995E-02 3.720E-02 2.741E-03 9.89E-01
2.570E-03 3.886E-02 3.617E-02 2.688E-03 9.89E-01
2.541E-03 3.781E-02 3.517E-02 2.635E-03 9.89E-01
2.512E-03 3.679E-02 3.421E-02 2.582E-03 9.89E-01
2.483E-03 3.582E-02 3.329E-02 2.529E-03 9.89E-01
2.455E-03 3.485E-02 3.237E-02 2.479E-03 9.90E-01
2.427E-03 3.389E-02 3.146E-02 2.429E-03 9.90E-01
2.399E-03 3.295E-02 3.057E-02 2.380E-03 9.90E-01
2.371E-03 3.203E-02 2.969E-02 2.331E-03 9.90E-01
2.344E-03 3.113E-02 2.884E-02 2.283E-03 9.90E-01
2.317E-03 3.026E-02 2.802E-02 2.236E-03 9.91E-01
2.291E-03 2.941E-02 2.723E-02 2.189E-03 9.91E-01
2.265E-03 2.861E-02 2.646E-02 2.144E-03 9.91E-01
2.239E-03 2.782E-02 2.572E-02 2.099E-03 9.91E-01
2.213E-03 2.703E-02 2.498E-02 2.054E-03 9.91E-01
2.188E-03 2.626E-02 2.425E-02 2.010E-03 9.92E-01
2.163E-03 2.551E-02 2.354E-02 1.967E-03 9.92E-01
2.138E-03 2.477E-02 2.285E-02 1.924E-03 9.92E-01
2.113E-03 2.406E-02 2.218E-02 1.882E-03 9.92E-01
2.089E-03 2.338E-02 2.154E-02 1.841E-03 9.92E-01
2.065E-03 2.272E-02 2.092E-02 1.802E-03 9.92E-01
2.042E-03 2.207E-02 2.031E-02 1.762E-03 9.93E-01
2.018E-03 2.143E-02 1.970E-02 1.723E-03 9.93E-01
1.995E-03 2.080E-02 1.912E-02 1.685E-03 9.93E-01
1.972E-03 2.019E-02 1.854E-02 1.648E-03 9.93E-01
1.950E-03 1.960E-02 1.799E-02 1.611E-03 9.93E-01
1.928E-03 1.903E-02 1.746E-02 1.575E-03 9.93E-01
1.905E-03 1.849E-02 1.695E-02 1.540E-03 9.93E-01
1.884E-03 1.794E-02 1.644E-02 1.506E-03 9.93E-01
1.862E-03 1.741E-02 1.594E-02 1.471E-03 9.94E-01
1.841E-03 1.689E-02 1.546E-02 1.438E-03 9.94E-01
1.820E-03 1.639E-02 1.499E-02 1.405E-03 9.94E-01
1.799E-03 1.590E-02 1.453E-02 1.372E-03 9.94E-01
1.778E-03 1.543E-02 1.409E-02 1.341E-03 9.94E-01
1.758E-03 1.498E-02 1.367E-02 1.310E-03 9.94E-01
1.738E-03 1.453E-02 1.325E-02 1.280E-03 9.94E-01
1.718E-03 1.409E-02 1.284E-02 1.250E-03 9.94E-01
1.698E-03 1.367E-02 1.245E-02 1.221E-03 9.95E-01
1.679E-03 1.326E-02 1.207E-02 1.192E-03 9.95E-01
1.660E-03 1.286E-02 1.170E-02 1.164E-03 9.95E-01
1.641E-03 1.248E-02 1.134E-02 1.137E-03 9.95E-01
1.622E-03 1.210E-02 1.099E-02 1.111E-03 9.95E-01
1.603E-03 1.173E-02 1.065E-02 1.085E-03 9.95E-01
1.585E-03 1.138E-02 1.032E-02 1.059E-03 9.95E-01
1.567E-03 1.103E-02 9.997E-03 1.034E-03 9.95E-01
1.549E-03 1.070E-02 9.689E-03 1.010E-03 9.95E-01
1.531E-03 1.037E-02 9.388E-03 9.865E-04 9.95E-01
1.514E-03 1.006E-02 9.094E-03 9.632E-04 9.96E-01
1.496E-03 9.749E-03 8.809E-03 9.403E-04 9.96E-01
1.479E-03 9.451E-03 8.533E-03 9.180E-04 9.96E-01
1.462E-03 9.164E-03 8.268E-03 8.963E-04 9.96E-01
1.445E-03 8.884E-03 8.009E-03 8.750E-04 9.96E-01
1.429E-03 8.610E-03 7.756E-03 8.543E-04 9.96E-01
1.413E-03 8.343E-03 7.509E-03 8.340E-04 9.96E-01
1.396E-03 8.086E-03 7.271E-03 8.142E-04 9.96E-01
1.380E-03 7.837E-03 7.042E-03 7.950E-04 9.96E-01
1.365E-03 7.596E-03 6.820E-03 7.762E-04 9.96E-01
1.349E-03 7.362E-03 6.604E-03 7.577E-04 9.96E-01
1.334E-03 7.133E-03 6.394E-03 7.396E-04 9.96E-01
1.318E-03 6.913E-03 6.191E-03 7.219E-04 9.96E-01
1.303E-03 6.701E-03 5.997E-03 7.048E-04 9.97E-01
1.288E-03 6.498E-03 5.810E-03 6.881E-04 9.97E-01
1.274E-03 6.297E-03 5.626E-03 6.716E-04 9.97E-01
1.259E-03 6.100E-03 5.445E-03 6.553E-04 9.97E-01
1.245E-03 5.907E-03 5.268E-03 6.393E-04 9.97E-01
1.230E-03 5.729E-03 5.104E-03 6.243E-04 9.97E-01
1.216E-03 5.557E-03 4.947E-03 6.099E-04 9.97E-01
1.202E-03 5.388E-03 4.792E-03 5.957E-04 9.97E-01
1.189E-03 5.220E-03 4.639E-03 5.815E-04 9.97E-01
1.175E-03 5.056E-03 4.488E-03 5.675E-04 9.97E-01
1.161E-03 4.894E-03 4.341E-03 5.538E-04 9.97E-01
1.148E-03 4.737E-03 4.197E-03 5.402E-04 9.97E-01
1.135E-03 4.584E-03 4.057E-03 5.271E-04 9.97E-01
1.122E-03 4.437E-03 3.923E-03 5.143E-04 9.97E-01
1.109E-03 4.298E-03 3.796E-03 5.020E-04 9.97E-01
1.096E-03 4.161E-03 3.672E-03 4.898E-04 9.97E-01
1.084E-03 4.029E-03 3.551E-03 4.779E-04 9.98E-01
1.072E-03 3.900E-03 3.434E-03 4.663E-04 9.98E-01
1.059E-03 3.777E-03 3.322E-03 4.550E-04 9.98E-01
1.047E-03 3.659E-03 3.215E-03 4.440E-04 9.98E-01
1.035E-03 3.546E-03 3.113E-03 4.335E-04 9.98E-01
1.023E-03 3.436E-03 3.013E-03 4.231E-04 9.98E-01
1.012E-03 3.327E-03 2.914E-03 4.129E-04 9.98E-01
