w(micron)   Q_ext     Q_abs     Q_sca    g=<cos>
1.000E+03 3.365E-07 3.365E-07 4.148E-18 0.00E+00
9.886E+02 3.439E-07 3.439E-07 4.344E-18 0.00E+00
9.772E+02 3.515E-07 3.515E-07 4.548E-18 0.00E+00
9.661E+02 3.593E-07 3.593E-07 4.762E-18 0.00E+00
9.550E+02 3.672E-07 3.672E-07 4.987E-18 0.00E+00
9.441E+02 3.753E-07 3.753E-07 5.222E-18 0.00E+00
9.333E+02 3.835E-07 3.835E-07 5.468E-18 0.00E+00
9.226E+02 3.920E-07 3.920E-07 5.725E-18 0.00E+00
9.120E+02 4.006E-07 4.006E-07 5.995E-18 0.00E+00
9.016E+02 4.094E-07 4.094E-07 6.277E-18 0.00E+00
8.913E+02 4.184E-07 4.184E-07 6.572E-18 0.00E+00
8.810E+02 4.276E-07 4.276E-07 6.882E-18 0.00E+00
8.710E+02 4.370E-07 4.370E-07 7.206E-18 0.00E+00
8.610E+02 4.465E-07 4.465E-07 7.545E-18 0.00E+00
8.511E+02 4.563E-07 4.563E-07 7.901E-18 0.00E+00
8.414E+02 4.663E-07 4.663E-07 8.273E-18 0.00E+00
8.318E+02 4.765E-07 4.765E-07 8.662E-18 0.00E+00
8.222E+02 4.870E-07 4.870E-07 9.070E-18 0.00E+00
8.128E+02 4.976E-07 4.976E-07 9.497E-18 0.00E+00
8.035E+02 5.085E-07 5.085E-07 9.945E-18 0.00E+00
7.943E+02 5.196E-07 5.196E-07 1.041E-17 0.00E+00
7.852E+02 5.309E-07 5.309E-07 1.090E-17 0.00E+00
7.762E+02 5.425E-07 5.425E-07 1.142E-17 0.00E+00
7.674E+02 5.544E-07 5.544E-07 1.195E-17 0.00E+00
7.586E+02 5.665E-07 5.665E-07 1.252E-17 0.00E+00
7.499E+02 5.788E-07 5.788E-07 1.311E-17 0.00E+00
7.413E+02 5.915E-07 5.915E-07 1.372E-17 0.00E+00
7.328E+02 6.044E-07 6.044E-07 1.437E-17 0.00E+00
7.244E+02 6.175E-07 6.175E-07 1.505E-17 0.00E+00
7.161E+02 6.310E-07 6.310E-07 1.576E-17 0.00E+00
7.079E+02 6.447E-07 6.447E-07 1.650E-17 0.00E+00
6.998E+02 6.588E-07 6.588E-07 1.727E-17 0.00E+00
6.918E+02 6.731E-07 6.731E-07 1.809E-17 0.00E+00
6.839E+02 6.877E-07 6.877E-07 1.894E-17 0.00E+00
6.761E+02 7.027E-07 7.027E-07 1.983E-17 0.00E+00
6.683E+02 7.180E-07 7.180E-07 2.076E-17 0.00E+00
6.607E+02 7.336E-07 7.336E-07 2.174E-17 0.00E+00
6.531E+02 7.496E-07 7.496E-07 2.277E-17 0.00E+00
6.457E+02 7.659E-07 7.659E-07 2.384E-17 0.00E+00
6.383E+02 7.825E-07 7.825E-07 2.496E-17 0.00E+00
6.310E+02 7.995E-07 7.995E-07 2.614E-17 0.00E+00
6.237E+02 8.169E-07 8.169E-07 2.737E-17 0.00E+00
6.166E+02 8.347E-07 8.347E-07 2.865E-17 0.00E+00
6.095E+02 8.528E-07 8.528E-07 3.000E-17 0.00E+00
6.026E+02 8.713E-07 8.713E-07 3.142E-17 0.00E+00
5.957E+02 8.903E-07 8.903E-07 3.290E-17 0.00E+00
5.888E+02 9.096E-07 9.096E-07 3.444E-17 0.00E+00
5.821E+02 9.294E-07 9.294E-07 3.607E-17 0.00E+00
5.754E+02 9.496E-07 9.496E-07 3.776E-17 0.00E+00
5.689E+02 9.702E-07 9.702E-07 3.954E-17 0.00E+00
5.623E+02 9.913E-07 9.913E-07 4.140E-17 0.00E+00
5.559E+02 1.013E-06 1.013E-06 4.335E-17 0.00E+00
5.495E+02 1.035E-06 1.035E-06 4.540E-17 0.00E+00
5.433E+02 1.057E-06 1.057E-06 4.753E-17 0.00E+00
5.370E+02 1.080E-06 1.080E-06 4.977E-17 0.00E+00
5.309E+02 1.104E-06 1.104E-06 5.211E-17 0.00E+00
5.248E+02 1.128E-06 1.128E-06 5.457E-17 0.00E+00
5.188E+02 1.152E-06 1.152E-06 5.714E-17 0.00E+00
5.129E+02 1.178E-06 1.178E-06 5.983E-17 0.00E+00
5.070E+02 1.203E-06 1.203E-06 6.264E-17 0.00E+00
5.012E+02 1.229E-06 1.229E-06 6.559E-17 0.00E+00
4.955E+02 1.256E-06 1.256E-06 6.868E-17 0.00E+00
4.898E+02 1.284E-06 1.284E-06 7.192E-17 0.00E+00
4.842E+02 1.312E-06 1.312E-06 7.530E-17 0.00E+00
4.786E+02 1.340E-06 1.340E-06 7.885E-17 0.00E+00
4.732E+02 1.369E-06 1.369E-06 8.256E-17 0.00E+00
4.677E+02 1.399E-06 1.399E-06 8.645E-17 0.00E+00
4.624E+02 1.430E-06 1.430E-06 9.052E-17 0.00E+00
4.571E+02 1.461E-06 1.461E-06 9.478E-17 0.00E+00
4.519E+02 1.493E-06 1.493E-06 9.924E-17 0.00E+00
4.467E+02 1.526E-06 1.526E-06 1.039E-16 0.00E+00
4.416E+02 1.559E-06 1.559E-06 1.088E-16 0.00E+00
4.365E+02 1.593E-06 1.593E-06 1.139E-16 0.00E+00
4.315E+02 1.628E-06 1.628E-06 1.193E-16 0.00E+00
4.266E+02 1.664E-06 1.664E-06 1.249E-16 0.00E+00
4.217E+02 1.700E-06 1.700E-06 1.308E-16 0.00E+00
4.169E+02 1.737E-06 1.737E-06 1.370E-16 0.00E+00
4.121E+02 1.775E-06 1.775E-06 1.434E-16 0.00E+00
4.074E+02 1.814E-06 1.814E-06 1.502E-16 0.00E+00
4.027E+02 1.854E-06 1.854E-06 1.572E-16 0.00E+00
3.981E+02 1.895E-06 1.895E-06 1.646E-16 0.00E+00
3.936E+02 1.937E-06 1.937E-06 1.724E-16 0.00E+00
3.890E+02 1.979E-06 1.979E-06 1.805E-16 0.00E+00
3.846E+02 2.023E-06 2.023E-06 1.890E-16 0.00E+00
3.802E+02 2.067E-06 2.067E-06 1.979E-16 0.00E+00
3.758E+02 2.113E-06 2.113E-06 2.072E-16 0.00E+00
3.715E+02 2.160E-06 2.160E-06 2.170E-16 0.00E+00
3.673E+02 2.207E-06 2.207E-06 2.272E-16 0.00E+00
3.631E+02 2.256E-06 2.256E-06 2.379E-16 0.00E+00
3.589E+02 2.306E-06 2.306E-06 2.491E-16 0.00E+00
3.548E+02 2.357E-06 2.357E-06 2.608E-16 0.00E+00
3.508E+02 2.409E-06 2.409E-06 2.731E-16 0.00E+00
3.467E+02 2.462E-06 2.462E-06 2.859E-16 0.00E+00
3.428E+02 2.517E-06 2.517E-06 2.994E-16 0.00E+00
3.388E+02 2.573E-06 2.573E-06 3.135E-16 0.00E+00
3.350E+02 2.630E-06 2.630E-06 3.283E-16 0.00E+00
3.311E+02 2.688E-06 2.688E-06 3.437E-16 0.00E+00
3.273E+02 2.748E-06 2.748E-06 3.599E-16 0.00E+00
3.236E+02 2.809E-06 2.809E-06 3.768E-16 0.00E+00
3.199E+02 2.871E-06 2.871E-06 3.946E-16 0.00E+00
3.162E+02 2.935E-06 2.935E-06 4.132E-16 0.00E+00
3.126E+02 3.000E-06 3.000E-06 4.326E-16 0.00E+00
3.090E+02 3.067E-06 3.067E-06 4.530E-16 0.00E+00
3.055E+02 3.136E-06 3.136E-06 4.743E-16 0.00E+00
3.020E+02 3.206E-06 3.206E-06 4.966E-16 0.00E+00
2.985E+02 3.277E-06 3.277E-06 5.200E-16 0.00E+00
2.951E+02 3.351E-06 3.351E-06 5.445E-16 0.00E+00
2.917E+02 3.426E-06 3.426E-06 5.701E-16 0.00E+00
2.884E+02 3.502E-06 3.502E-06 5.970E-16 0.00E+00
2.851E+02 3.581E-06 3.581E-06 6.251E-16 0.00E+00
2.818E+02 3.661E-06 3.661E-06 6.545E-16 0.00E+00
2.786E+02 3.743E-06 3.743E-06 6.853E-16 0.00E+00
2.754E+02 3.827E-06 3.827E-06 7.176E-16 0.00E+00
2.723E+02 3.913E-06 3.913E-06 7.514E-16 0.00E+00
2.692E+02 4.001E-06 4.001E-06 7.868E-16 0.00E+00
2.661E+02 4.091E-06 4.091E-06 8.238E-16 0.00E+00
2.630E+02 4.183E-06 4.183E-06 8.626E-16 0.00E+00
2.600E+02 4.277E-06 4.277E-06 9.032E-16 0.00E+00
2.570E+02 4.373E-06 4.373E-06 9.457E-16 0.00E+00
2.541E+02 4.472E-06 4.472E-06 9.902E-16 0.00E+00
2.512E+02 4.573E-06 4.573E-06 1.037E-15 0.00E+00
2.483E+02 4.676E-06 4.676E-06 1.086E-15 0.00E+00
2.455E+02 4.782E-06 4.782E-06 1.137E-15 0.00E+00
2.427E+02 4.890E-06 4.890E-06 1.190E-15 0.00E+00
2.399E+02 5.001E-06 5.001E-06 1.246E-15 0.00E+00
2.371E+02 5.114E-06 5.114E-06 1.305E-15 0.00E+00
2.344E+02 5.230E-06 5.230E-06 1.366E-15 0.00E+00
2.317E+02 5.348E-06 5.348E-06 1.431E-15 0.00E+00
2.291E+02 5.470E-06 5.470E-06 1.498E-15 0.00E+00
2.265E+02 5.594E-06 5.594E-06 1.569E-15 0.00E+00
2.239E+02 5.721E-06 5.721E-06 1.642E-15 0.00E+00
2.213E+02 5.851E-06 5.851E-06 1.720E-15 0.00E+00
2.188E+02 5.984E-06 5.984E-06 1.801E-15 0.00E+00
2.163E+02 6.120E-06 6.120E-06 1.885E-15 0.00E+00
2.138E+02 6.259E-06 6.259E-06 1.974E-15 0.00E+00
2.113E+02 6.402E-06 6.402E-06 2.067E-15 0.00E+00
2.089E+02 6.548E-06 6.548E-06 2.164E-15 0.00E+00
2.065E+02 6.697E-06 6.697E-06 2.266E-15 0.00E+00
2.042E+02 6.850E-06 6.850E-06 2.373E-15 0.00E+00
2.018E+02 7.007E-06 7.007E-06 2.484E-15 0.00E+00
1.995E+02 7.167E-06 7.167E-06 2.601E-15 0.00E+00
1.972E+02 7.331E-06 7.331E-06 2.724E-15 0.00E+00
1.950E+02 7.498E-06 7.498E-06 2.852E-15 0.00E+00
1.928E+02 7.670E-06 7.670E-06 2.986E-15 0.00E+00
1.905E+02 7.846E-06 7.846E-06 3.127E-15 0.00E+00
1.884E+02 8.025E-06 8.025E-06 3.274E-15 0.00E+00
1.862E+02 8.210E-06 8.210E-06 3.428E-15 0.00E+00
1.841E+02 8.398E-06 8.398E-06 3.589E-15 0.00E+00
1.820E+02 8.591E-06 8.591E-06 3.758E-15 0.00E+00
1.799E+02 8.788E-06 8.788E-06 3.935E-15 0.00E+00
1.778E+02 8.990E-06 8.990E-06 4.120E-15 0.00E+00
1.758E+02 9.197E-06 9.197E-06 4.314E-15 0.00E+00
1.738E+02 9.409E-06 9.409E-06 4.517E-15 0.00E+00
1.718E+02 9.626E-06 9.626E-06 4.729E-15 0.00E+00
1.698E+02 9.847E-06 9.847E-06 4.951E-15 0.00E+00
1.679E+02 1.007E-05 1.007E-05 5.184E-15 0.00E+00
1.660E+02 1.031E-05 1.031E-05 5.428E-15 0.00E+00
1.641E+02 1.055E-05 1.055E-05 5.683E-15 0.00E+00
1.622E+02 1.079E-05 1.079E-05 5.951E-15 0.00E+00
1.603E+02 1.104E-05 1.104E-05 6.231E-15 0.00E+00
1.585E+02 1.129E-05 1.129E-05 6.523E-15 0.00E+00
1.567E+02 1.156E-05 1.156E-05 6.830E-15 0.00E+00
1.549E+02 1.182E-05 1.182E-05 7.151E-15 0.00E+00
1.531E+02 1.210E-05 1.210E-05 7.488E-15 0.00E+00
1.514E+02 1.238E-05 1.238E-05 7.840E-15 0.00E+00
1.496E+02 1.266E-05 1.266E-05 8.208E-15 0.00E+00
1.479E+02 1.296E-05 1.296E-05 8.594E-15 0.00E+00
1.462E+02 1.326E-05 1.326E-05 8.998E-15 0.00E+00
1.445E+02 1.357E-05 1.357E-05 9.421E-15 0.00E+00
1.429E+02 1.388E-05 1.388E-05 9.864E-15 0.00E+00
1.413E+02 1.421E-05 1.421E-05 1.033E-14 0.00E+00
1.396E+02 1.454E-05 1.454E-05 1.081E-14 0.00E+00
1.380E+02 1.488E-05 1.488E-05 1.132E-14 0.00E+00
1.365E+02 1.522E-05 1.522E-05 1.185E-14 0.00E+00
1.349E+02 1.558E-05 1.558E-05 1.241E-14 0.00E+00
1.334E+02 1.594E-05 1.594E-05 1.299E-14 0.00E+00
1.318E+02 1.631E-05 1.631E-05 1.360E-14 0.00E+00
1.303E+02 1.670E-05 1.670E-05 1.424E-14 0.00E+00
1.288E+02 1.709E-05 1.709E-05 1.491E-14 0.00E+00
1.274E+02 1.749E-05 1.749E-05 1.561E-14 0.00E+00
1.259E+02 1.790E-05 1.790E-05 1.634E-14 0.00E+00
1.245E+02 1.832E-05 1.832E-05 1.711E-14 0.00E+00
1.230E+02 1.875E-05 1.875E-05 1.791E-14 0.00E+00
1.216E+02 1.919E-05 1.919E-05 1.875E-14 0.00E+00
1.202E+02 1.964E-05 1.964E-05 1.963E-14 0.00E+00
1.189E+02 2.010E-05 2.010E-05 2.056E-14 0.00E+00
1.175E+02 2.057E-05 2.057E-05 2.152E-14 0.00E+00
1.161E+02 2.105E-05 2.105E-05 2.253E-14 0.00E+00
1.148E+02 2.155E-05 2.155E-05 2.359E-14 0.00E+00
1.135E+02 2.206E-05 2.206E-05 2.469E-14 0.00E+00
1.122E+02 2.258E-05 2.258E-05 2.585E-14 0.00E+00
1.109E+02 2.311E-05 2.311E-05 2.706E-14 0.00E+00
1.096E+02 2.365E-05 2.365E-05 2.833E-14 0.00E+00
1.084E+02 2.421E-05 2.421E-05 2.966E-14 0.00E+00
1.072E+02 2.478E-05 2.478E-05 3.104E-14 0.00E+00
1.059E+02 2.537E-05 2.537E-05 3.250E-14 0.00E+00
1.047E+02 2.597E-05 2.597E-05 3.402E-14 0.00E+00
1.035E+02 2.658E-05 2.658E-05 3.561E-14 0.00E+00
1.023E+02 2.721E-05 2.721E-05 3.728E-14 0.00E+00
1.012E+02 2.785E-05 2.785E-05 3.902E-14 0.00E+00
1.000E+02 2.851E-05 2.851E-05 4.085E-14 0.00E+00
9.886E+01 2.918E-05 2.918E-05 4.276E-14 0.00E+00
9.772E+01 2.987E-05 2.987E-05 4.476E-14 0.00E+00
9.661E+01 3.057E-05 3.057E-05 4.685E-14 0.00E+00
9.550E+01 3.129E-05 3.129E-05 4.904E-14 0.00E+00
9.441E+01 3.203E-05 3.203E-05 5.133E-14 0.00E+00
9.333E+01 3.278E-05 3.278E-05 5.372E-14 0.00E+00
9.226E+01 3.355E-05 3.355E-05 5.623E-14 0.00E+00
9.120E+01 3.434E-05 3.434E-05 5.886E-14 0.00E+00
9.016E+01 3.514E-05 3.514E-05 6.160E-14 0.00E+00
8.913E+01 3.597E-05 3.597E-05 6.447E-14 0.00E+00
8.810E+01 3.681E-05 3.681E-05 6.748E-14 0.00E+00
8.710E+01 3.767E-05 3.767E-05 7.062E-14 0.00E+00
8.610E+01 3.855E-05 3.855E-05 7.391E-14 0.00E+00
8.511E+01 3.945E-05 3.945E-05 7.736E-14 0.00E+00
8.414E+01 4.037E-05 4.037E-05 8.096E-14 0.00E+00
8.318E+01 4.131E-05 4.131E-05 8.472E-14 0.00E+00
8.222E+01 4.227E-05 4.227E-05 8.866E-14 0.00E+00
8.128E+01 4.326E-05 4.326E-05 9.279E-14 0.00E+00
8.035E+01 4.426E-05 4.426E-05 9.710E-14 0.00E+00
7.943E+01 4.529E-05 4.529E-05 1.016E-13 0.00E+00
7.852E+01 4.634E-05 4.634E-05 1.063E-13 0.00E+00
7.762E+01 4.741E-05 4.741E-05 1.113E-13 0.00E+00
7.674E+01 4.851E-05 4.851E-05 1.164E-13 0.00E+00
7.586E+01 4.963E-05 4.963E-05 1.218E-13 0.00E+00
7.499E+01 5.077E-05 5.077E-05 1.275E-13 0.00E+00
7.413E+01 5.194E-05 5.194E-05 1.334E-13 0.00E+00
7.328E+01 5.313E-05 5.313E-05 1.395E-13 0.00E+00
7.244E+01 5.435E-05 5.435E-05 1.460E-13 0.00E+00
7.161E+01 5.559E-05 5.559E-05 1.527E-13 0.00E+00
7.079E+01 5.685E-05 5.685E-05 1.598E-13 0.00E+00
6.998E+01 5.815E-05 5.815E-05 1.671E-13 0.00E+00
6.918E+01 5.946E-05 5.946E-05 1.748E-13 0.00E+00
6.839E+01 6.081E-05 6.081E-05 1.829E-13 0.00E+00
6.761E+01 6.218E-05 6.218E-05 1.913E-13 0.00E+00
6.683E+01 6.357E-05 6.357E-05 2.001E-13 0.00E+00
6.607E+01 6.500E-05 6.500E-05 2.093E-13 0.00E+00
6.531E+01 6.645E-05 6.645E-05 2.189E-13 0.00E+00
6.457E+01 6.792E-05 6.792E-05 2.290E-13 0.00E+00
6.383E+01 6.943E-05 6.943E-05 2.395E-13 0.00E+00
6.310E+01 7.096E-05 7.096E-05 2.505E-13 0.00E+00
6.237E+01 7.252E-05 7.252E-05 2.619E-13 0.00E+00
6.166E+01 7.410E-05 7.410E-05 2.739E-13 0.00E+00
6.095E+01 7.572E-05 7.572E-05 2.864E-13 0.00E+00
6.026E+01 7.736E-05 7.736E-05 2.995E-13 0.00E+00
5.957E+01 7.902E-05 7.902E-05 3.131E-13 0.00E+00
5.888E+01 8.072E-05 8.072E-05 3.274E-13 0.00E+00
5.821E+01 8.244E-05 8.244E-05 3.423E-13 0.00E+00
5.754E+01 8.418E-05 8.418E-05 3.579E-13 0.00E+00
5.689E+01 8.595E-05 8.595E-05 3.741E-13 0.00E+00
5.623E+01 8.775E-05 8.775E-05 3.911E-13 0.00E+00
5.559E+01 8.957E-05 8.957E-05 4.088E-13 0.00E+00
5.495E+01 9.141E-05 9.141E-05 4.273E-13 0.00E+00
5.433E+01 9.328E-05 9.328E-05 4.466E-13 0.00E+00
5.370E+01 9.517E-05 9.517E-05 4.667E-13 0.00E+00
5.309E+01 9.708E-05 9.708E-05 4.878E-13 0.00E+00
5.248E+01 9.901E-05 9.901E-05 5.097E-13 0.00E+00
5.188E+01 1.010E-04 1.010E-04 5.326E-13 0.00E+00
5.129E+01 1.029E-04 1.029E-04 5.565E-13 0.00E+00
5.070E+01 1.049E-04 1.049E-04 5.815E-13 0.00E+00
5.012E+01 1.069E-04 1.069E-04 6.075E-13 0.00E+00
4.955E+01 1.090E-04 1.090E-04 6.347E-13 0.00E+00
4.898E+01 1.110E-04 1.110E-04 6.630E-13 0.00E+00
4.842E+01 1.130E-04 1.130E-04 6.925E-13 0.00E+00
4.786E+01 1.151E-04 1.151E-04 7.233E-13 0.00E+00
4.732E+01 1.172E-04 1.172E-04 7.555E-13 0.00E+00
4.677E+01 1.193E-04 1.193E-04 7.890E-13 0.00E+00
4.624E+01 1.213E-04 1.213E-04 8.240E-13 0.00E+00
4.571E+01 1.234E-04 1.234E-04 8.604E-13 0.00E+00
4.519E+01 1.255E-04 1.255E-04 8.984E-13 0.00E+00
4.467E+01 1.276E-04 1.276E-04 9.380E-13 0.00E+00
4.416E+01 1.296E-04 1.296E-04 9.793E-13 0.00E+00
4.365E+01 1.317E-04 1.317E-04 1.022E-12 0.00E+00
4.315E+01 1.338E-04 1.338E-04 1.067E-12 0.00E+00
4.266E+01 1.358E-04 1.358E-04 1.114E-12 0.00E+00
4.217E+01 1.378E-04 1.378E-04 1.163E-12 0.00E+00
4.169E+01 1.399E-04 1.399E-04 1.214E-12 0.00E+00
4.121E+01 1.418E-04 1.418E-04 1.266E-12 0.00E+00
4.074E+01 1.438E-04 1.438E-04 1.322E-12 0.00E+00
4.027E+01 1.457E-04 1.457E-04 1.379E-12 0.00E+00
3.981E+01 1.476E-04 1.476E-04 1.439E-12 0.00E+00
3.936E+01 1.495E-04 1.495E-04 1.502E-12 0.00E+00
3.890E+01 1.514E-04 1.514E-04 1.567E-12 0.00E+00
3.846E+01 1.532E-04 1.532E-04 1.635E-12 0.00E+00
3.802E+01 1.549E-04 1.549E-04 1.706E-12 0.00E+00
3.758E+01 1.566E-04 1.566E-04 1.780E-12 0.00E+00
3.715E+01 1.583E-04 1.583E-04 1.857E-12 0.00E+00
3.673E+01 1.599E-04 1.599E-04 1.937E-12 0.00E+00
3.631E+01 1.615E-04 1.615E-04 2.021E-12 0.00E+00
3.589E+01 1.630E-04 1.630E-04 2.108E-12 0.00E+00
3.548E+01 1.645E-04 1.645E-04 2.199E-12 0.00E+00
3.508E+01 1.659E-04 1.659E-04 2.294E-12-2.12E-06
3.467E+01 1.672E-04 1.672E-04 2.393E-12-2.18E-06
3.428E+01 1.685E-04 1.685E-04 2.496E-12-2.23E-06
3.388E+01 1.697E-04 1.697E-04 2.604E-12-2.29E-06
3.350E+01 1.708E-04 1.708E-04 2.717E-12-2.34E-06
3.311E+01 1.719E-04 1.719E-04 2.834E-12-2.39E-06
3.273E+01 1.729E-04 1.729E-04 2.957E-12-2.43E-06
3.236E+01 1.738E-04 1.738E-04 3.085E-12-2.47E-06
3.199E+01 1.746E-04 1.746E-04 3.219E-12-2.51E-06
3.162E+01 1.754E-04 1.754E-04 3.359E-12-2.54E-06
3.126E+01 1.761E-04 1.761E-04 3.505E-12-2.58E-06
3.090E+01 1.767E-04 1.767E-04 3.657E-12-2.60E-06
3.055E+01 1.773E-04 1.773E-04 3.816E-12-2.63E-06
3.020E+01 1.777E-04 1.777E-04 3.983E-12-2.65E-06
2.985E+01 1.781E-04 1.781E-04 4.157E-12-2.66E-06
2.951E+01 1.784E-04 1.784E-04 4.339E-12-2.68E-06
2.917E+01 1.786E-04 1.786E-04 4.529E-12-2.70E-06
2.884E+01 1.788E-04 1.788E-04 4.728E-12-2.71E-06
2.851E+01 1.789E-04 1.789E-04 4.937E-12-2.71E-06
2.818E+01 1.789E-04 1.789E-04 5.154E-12-2.72E-06
2.786E+01 1.788E-04 1.788E-04 5.382E-12-2.72E-06
2.754E+01 1.787E-04 1.787E-04 5.620E-12-2.71E-06
2.723E+01 1.785E-04 1.785E-04 5.870E-12-2.71E-06
2.692E+01 1.783E-04 1.783E-04 6.131E-12-2.70E-06
2.661E+01 1.780E-04 1.780E-04 6.404E-12-2.69E-06
2.630E+01 1.778E-04 1.778E-04 6.690E-12-2.67E-06
2.600E+01 1.775E-04 1.775E-04 6.990E-12-2.65E-06
2.570E+01 1.773E-04 1.773E-04 7.304E-12-2.62E-06
2.541E+01 1.772E-04 1.772E-04 7.632E-12-2.59E-06
2.512E+01 1.773E-04 1.773E-04 7.976E-12-2.55E-06
2.483E+01 1.778E-04 1.778E-04 8.335E-12-2.50E-06
2.455E+01 1.789E-04 1.789E-04 8.711E-12-2.43E-06
2.427E+01 1.811E-04 1.811E-04 9.105E-12-2.35E-06
2.399E+01 1.854E-04 1.854E-04 9.518E-12-2.29E-06
2.371E+01 1.937E-04 1.937E-04 9.951E-12-2.25E-06
2.344E+01 2.080E-04 2.080E-04 1.040E-11-2.21E-06
2.317E+01 2.226E-04 2.226E-04 1.088E-11-2.17E-06
2.291E+01 2.192E-04 2.192E-04 1.138E-11-2.14E-06
2.265E+01 2.061E-04 2.061E-04 1.190E-11-2.10E-06
2.239E+01 2.002E-04 2.002E-04 1.245E-11-2.06E-06
2.213E+01 2.046E-04 2.046E-04 1.302E-11-2.02E-06
2.188E+01 2.228E-04 2.228E-04 1.362E-11-1.98E-06
2.163E+01 2.660E-04 2.660E-04 1.425E-11-1.93E-06
2.138E+01 3.434E-04 3.434E-04 1.491E-11-1.88E-06
2.113E+01 3.719E-04 3.719E-04 1.560E-11-1.83E-06
2.089E+01 2.930E-04 2.930E-04 1.632E-11-1.77E-06
2.065E+01 2.280E-04 2.280E-04 1.708E-11-1.71E-06
2.042E+01 1.944E-04 1.944E-04 1.788E-11-1.65E-06
2.018E+01 1.767E-04 1.767E-04 1.871E-11-1.58E-06
1.995E+01 1.665E-04 1.665E-04 1.958E-11-1.49E-06
1.972E+01 1.602E-04 1.602E-04 2.049E-11-1.39E-06
1.950E+01 1.564E-04 1.564E-04 2.145E-11-1.30E-06
1.928E+01 1.546E-04 1.546E-04 2.245E-11-1.21E-06
1.905E+01 1.552E-04 1.552E-04 2.350E-11-1.13E-06
1.884E+01 1.604E-04 1.604E-04 2.460E-11-1.05E-06
1.862E+01 1.795E-04 1.795E-04 2.575E-11-9.76E-07
1.841E+01 2.585E-04 2.585E-04 2.696E-11-9.03E-07
1.820E+01 3.423E-04 3.423E-04 2.823E-11-8.30E-07
1.799E+01 2.009E-04 2.009E-04 2.955E-11-7.57E-07
1.778E+01 1.603E-04 1.603E-04 3.094E-11-6.84E-07
1.758E+01 1.474E-04 1.474E-04 3.240E-11-6.10E-07
1.738E+01 1.420E-04 1.420E-04 3.393E-11-5.34E-07
1.718E+01 1.399E-04 1.399E-04 3.552E-11-4.57E-07
1.698E+01 1.405E-04 1.405E-04 3.720E-11-3.79E-07
1.679E+01 1.466E-04 1.466E-04 3.895E-11-2.99E-07
1.660E+01 1.808E-04 1.808E-04 4.079E-11-2.19E-07
1.641E+01 4.732E-04 4.732E-04 4.272E-11-1.38E-07
1.622E+01 1.847E-04 1.847E-04 4.474E-11-5.50E-08
1.603E+01 1.440E-04 1.440E-04 4.685E-11 2.92E-08
1.585E+01 1.352E-04 1.352E-04 4.906E-11 1.12E-07
1.567E+01 1.319E-04 1.319E-04 5.138E-11 1.93E-07
1.549E+01 1.304E-04 1.304E-04 5.381E-11 2.73E-07
1.531E+01 1.297E-04 1.297E-04 5.636E-11 3.53E-07
1.514E+01 1.294E-04 1.294E-04 5.903E-11 4.32E-07
1.496E+01 1.295E-04 1.295E-04 6.182E-11 5.14E-07
1.479E+01 1.298E-04 1.298E-04 6.476E-11 5.98E-07
1.462E+01 1.305E-04 1.305E-04 6.782E-11 6.83E-07
1.445E+01 1.315E-04 1.315E-04 7.104E-11 7.70E-07
1.429E+01 1.329E-04 1.329E-04 7.440E-11 8.60E-07
1.413E+01 1.348E-04 1.348E-04 7.792E-11 9.51E-07
1.396E+01 1.373E-04 1.373E-04 8.161E-11 1.05E-06
1.380E+01 1.407E-04 1.407E-04 8.547E-11 1.14E-06
1.365E+01 1.454E-04 1.454E-04 8.952E-11 1.24E-06
1.349E+01 1.520E-04 1.520E-04 9.376E-11 1.35E-06
1.334E+01 1.617E-04 1.617E-04 9.820E-11 1.46E-06
1.318E+01 1.761E-04 1.761E-04 1.029E-10 1.57E-06
1.303E+01 1.972E-04 1.972E-04 1.077E-10 1.69E-06
1.288E+01 2.239E-04 2.239E-04 1.128E-10 1.81E-06
1.274E+01 2.441E-04 2.441E-04 1.182E-10 1.94E-06
1.259E+01 2.417E-04 2.417E-04 1.238E-10 2.07E-06
1.245E+01 2.248E-04 2.248E-04 1.296E-10 2.22E-06
1.230E+01 2.129E-04 2.129E-04 1.358E-10 2.37E-06
1.216E+01 2.171E-04 2.171E-04 1.422E-10 2.52E-06
1.202E+01 2.540E-04 2.540E-04 1.489E-10 2.65E-06
1.189E+01 3.040E-04 3.040E-04 1.561E-10 2.79E-06
1.175E+01 2.734E-04 2.734E-04 1.639E-10 2.93E-06
1.161E+01 2.930E-04 2.930E-04 1.724E-10 3.06E-06
1.148E+01 4.091E-04 4.091E-04 1.754E-10 3.20E-06
1.135E+01 5.543E-04 5.543E-04 1.864E-10 3.33E-06
1.122E+01 5.177E-04 5.177E-04 1.956E-10 3.48E-06
1.109E+01 3.528E-04 3.528E-04 2.051E-10 3.62E-06
1.096E+01 2.602E-04 2.602E-04 2.149E-10 3.77E-06
1.084E+01 2.169E-04 2.169E-04 2.252E-10 3.92E-06
1.072E+01 1.954E-04 1.954E-04 2.359E-10 4.07E-06
1.059E+01 1.842E-04 1.842E-04 2.470E-10 4.22E-06
1.047E+01 1.783E-04 1.783E-04 2.586E-10 4.37E-06
1.035E+01 1.753E-04 1.753E-04 2.708E-10 4.53E-06
1.023E+01 1.741E-04 1.741E-04 2.836E-10 4.69E-06
1.012E+01 1.741E-04 1.741E-04 2.970E-10 4.85E-06
1.000E+01 1.751E-04 1.751E-04 3.110E-10 5.02E-06
9.886E+00 1.769E-04 1.769E-04 3.257E-10 5.19E-06
9.772E+00 1.794E-04 1.794E-04 3.410E-10 5.36E-06
9.661E+00 1.825E-04 1.825E-04 3.572E-10 5.52E-06
9.550E+00 1.864E-04 1.864E-04 3.740E-10 5.70E-06
9.441E+00 1.911E-04 1.911E-04 3.916E-10 5.87E-06
9.333E+00 1.969E-04 1.969E-04 4.101E-10 6.05E-06
9.226E+00 2.042E-04 2.042E-04 4.294E-10 6.23E-06
9.120E+00 2.137E-04 2.137E-04 4.496E-10 6.42E-06
9.016E+00 2.267E-04 2.267E-04 4.708E-10 6.61E-06
8.913E+00 2.457E-04 2.457E-04 4.930E-10 6.80E-06
8.810E+00 2.754E-04 2.754E-04 5.161E-10 7.00E-06
8.710E+00 3.196E-04 3.196E-04 5.404E-10 7.21E-06
8.610E+00 3.580E-04 3.580E-04 5.658E-10 7.42E-06
8.511E+00 3.523E-04 3.523E-04 5.924E-10 7.64E-06
8.414E+00 3.332E-04 3.332E-04 6.203E-10 7.86E-06
8.318E+00 3.309E-04 3.309E-04 6.494E-10 8.09E-06
8.222E+00 3.458E-04 3.458E-04 6.799E-10 8.32E-06
8.128E+00 3.755E-04 3.755E-04 7.118E-10 8.57E-06
8.035E+00 4.196E-04 4.196E-04 7.452E-10 8.83E-06
7.943E+00 4.771E-04 4.771E-04 7.801E-10 9.10E-06
7.852E+00 5.409E-04 5.409E-04 8.167E-10 9.38E-06
7.762E+00 5.915E-04 5.915E-04 8.550E-10 9.67E-06
7.674E+00 6.037E-04 6.037E-04 8.951E-10 9.95E-06
7.586E+00 5.714E-04 5.714E-04 9.371E-10 1.02E-05
7.499E+00 5.149E-04 5.149E-04 9.810E-10 1.05E-05
7.413E+00 4.579E-04 4.579E-04 1.027E-09 1.08E-05
7.328E+00 4.115E-04 4.115E-04 1.075E-09 1.11E-05
7.244E+00 3.772E-04 3.772E-04 1.126E-09 1.14E-05
7.161E+00 3.531E-04 3.531E-04 1.178E-09 1.16E-05
7.079E+00 3.369E-04 3.368E-04 1.234E-09 1.19E-05
6.998E+00 3.264E-04 3.264E-04 1.291E-09 1.22E-05
6.918E+00 3.205E-04 3.205E-04 1.352E-09 1.26E-05
6.839E+00 3.183E-04 3.183E-04 1.415E-09 1.29E-05
6.761E+00 3.194E-04 3.194E-04 1.482E-09 1.32E-05
6.683E+00 3.240E-04 3.240E-04 1.551E-09 1.35E-05
6.607E+00 3.329E-04 3.329E-04 1.623E-09 1.39E-05
6.531E+00 3.480E-04 3.480E-04 1.699E-09 1.42E-05
6.457E+00 3.734E-04 3.734E-04 1.779E-09 1.46E-05
6.383E+00 4.168E-04 4.168E-04 1.862E-09 1.50E-05
6.310E+00 4.850E-04 4.850E-04 1.949E-09 1.57E-05
6.237E+00 5.731E-04 5.731E-04 2.041E-09 1.55E-05
6.166E+00 5.790E-04 5.790E-04 2.136E-09 1.59E-05
6.095E+00 5.034E-04 5.034E-04 2.236E-09 1.63E-05
6.026E+00 4.370E-04 4.370E-04 2.340E-09 1.67E-05
5.957E+00 3.990E-04 3.990E-04 2.449E-09 1.71E-05
5.888E+00 3.792E-04 3.792E-04 2.564E-09 1.75E-05
5.821E+00 3.694E-04 3.694E-04 2.684E-09 1.79E-05
5.754E+00 3.653E-04 3.653E-04 2.809E-09 1.84E-05
5.689E+00 3.644E-04 3.644E-04 2.940E-09 1.88E-05
5.623E+00 3.657E-04 3.657E-04 3.077E-09 1.92E-05
5.559E+00 3.683E-04 3.683E-04 3.221E-09 1.97E-05
5.495E+00 3.719E-04 3.719E-04 3.371E-09 2.01E-05
5.433E+00 3.763E-04 3.763E-04 3.528E-09 2.06E-05
5.370E+00 3.812E-04 3.812E-04 3.693E-09 2.11E-05
5.309E+00 3.866E-04 3.866E-04 3.865E-09 2.15E-05
5.248E+00 3.924E-04 3.924E-04 4.045E-09 2.20E-05
5.188E+00 3.984E-04 3.984E-04 4.233E-09 2.26E-05
5.129E+00 4.046E-04 4.046E-04 4.430E-09 2.31E-05
5.070E+00 4.112E-04 4.111E-04 4.636E-09 2.36E-05
5.012E+00 4.179E-04 4.179E-04 4.852E-09 2.42E-05
4.955E+00 4.247E-04 4.247E-04 5.078E-09 2.47E-05
4.898E+00 4.316E-04 4.316E-04 5.314E-09 2.53E-05
4.842E+00 4.388E-04 4.388E-04 5.562E-09 2.59E-05
4.786E+00 4.462E-04 4.462E-04 5.821E-09 2.65E-05
4.732E+00 4.538E-04 4.537E-04 6.092E-09 2.71E-05
4.677E+00 4.615E-04 4.615E-04 6.375E-09 2.77E-05
4.624E+00 4.695E-04 4.694E-04 6.672E-09 2.83E-05
4.571E+00 4.776E-04 4.776E-04 6.983E-09 2.89E-05
4.519E+00 4.859E-04 4.859E-04 7.307E-09 2.96E-05
4.467E+00 4.944E-04 4.944E-04 7.647E-09 3.03E-05
4.416E+00 5.031E-04 5.031E-04 8.003E-09 3.09E-05
4.365E+00 5.120E-04 5.120E-04 8.375E-09 3.16E-05
4.315E+00 5.210E-04 5.210E-04 8.764E-09 3.23E-05
4.266E+00 5.303E-04 5.303E-04 9.171E-09 3.30E-05
4.217E+00 5.397E-04 5.397E-04 9.597E-09 3.38E-05
4.169E+00 5.494E-04 5.493E-04 1.004E-08 3.45E-05
4.121E+00 5.592E-04 5.592E-04 1.051E-08 3.53E-05
4.074E+00 5.692E-04 5.692E-04 1.100E-08 3.60E-05
4.027E+00 5.794E-04 5.794E-04 1.151E-08 3.68E-05
3.981E+00 5.898E-04 5.898E-04 1.204E-08 3.76E-05
3.936E+00 6.004E-04 6.004E-04 1.260E-08 3.84E-05
3.890E+00 6.112E-04 6.112E-04 1.319E-08 3.92E-05
3.846E+00 6.222E-04 6.222E-04 1.380E-08 4.01E-05
3.802E+00 6.335E-04 6.335E-04 1.444E-08 4.09E-05
3.758E+00 6.450E-04 6.450E-04 1.511E-08 4.18E-05
3.715E+00 6.567E-04 6.567E-04 1.581E-08 4.27E-05
3.673E+00 6.687E-04 6.687E-04 1.654E-08 4.36E-05
3.631E+00 6.811E-04 6.811E-04 1.731E-08 4.45E-05
3.589E+00 6.940E-04 6.940E-04 1.812E-08 4.54E-05
3.548E+00 7.074E-04 7.074E-04 1.896E-08 4.63E-05
3.508E+00 7.216E-04 7.216E-04 1.984E-08 4.73E-05
3.467E+00 7.371E-04 7.371E-04 2.076E-08 4.83E-05
3.428E+00 7.555E-04 7.554E-04 2.172E-08 4.93E-05
3.388E+00 7.815E-04 7.815E-04 2.273E-08 5.03E-05
3.350E+00 8.410E-04 8.410E-04 2.378E-08 5.13E-05
3.311E+00 1.163E-03 1.162E-03 2.488E-08 5.24E-05
3.273E+00 9.779E-04 9.779E-04 2.603E-08 5.34E-05
3.236E+00 8.566E-04 8.566E-04 2.725E-08 5.46E-05
3.199E+00 8.460E-04 8.460E-04 2.851E-08 5.57E-05
3.162E+00 8.512E-04 8.512E-04 2.982E-08 5.69E-05
3.126E+00 8.642E-04 8.642E-04 3.121E-08 5.80E-05
3.090E+00 8.777E-04 8.777E-04 3.265E-08 5.92E-05
3.055E+00 8.923E-04 8.923E-04 3.416E-08 6.04E-05
3.020E+00 9.075E-04 9.075E-04 3.574E-08 6.17E-05
2.985E+00 9.236E-04 9.236E-04 3.740E-08 6.29E-05
2.951E+00 9.398E-04 9.398E-04 3.913E-08 6.42E-05
2.917E+00 9.566E-04 9.566E-04 4.094E-08 6.55E-05
2.884E+00 9.737E-04 9.737E-04 4.284E-08 6.69E-05
2.851E+00 9.912E-04 9.912E-04 4.482E-08 6.82E-05
2.818E+00 1.009E-03 1.009E-03 4.689E-08 6.96E-05
2.786E+00 1.027E-03 1.027E-03 4.906E-08 7.10E-05
2.754E+00 1.046E-03 1.046E-03 5.133E-08 7.25E-05
2.723E+00 1.065E-03 1.065E-03 5.370E-08 7.40E-05
2.692E+00 1.084E-03 1.084E-03 5.618E-08 7.55E-05
2.661E+00 1.103E-03 1.103E-03 5.878E-08 7.70E-05
2.630E+00 1.123E-03 1.123E-03 6.149E-08 7.86E-05
2.600E+00 1.143E-03 1.143E-03 6.433E-08 8.03E-05
2.570E+00 1.163E-03 1.163E-03 6.730E-08 8.20E-05
2.541E+00 1.183E-03 1.183E-03 7.040E-08 8.37E-05
2.512E+00 1.204E-03 1.204E-03 7.365E-08 8.54E-05
2.483E+00 1.226E-03 1.226E-03 7.705E-08 8.72E-05
2.455E+00 1.247E-03 1.247E-03 8.060E-08 8.90E-05
2.427E+00 1.269E-03 1.269E-03 8.432E-08 9.08E-05
2.399E+00 1.292E-03 1.292E-03 8.822E-08 9.27E-05
2.371E+00 1.315E-03 1.315E-03 9.229E-08 9.46E-05
2.344E+00 1.338E-03 1.338E-03 9.655E-08 9.65E-05
2.317E+00 1.362E-03 1.362E-03 1.010E-07 9.84E-05
2.291E+00 1.386E-03 1.386E-03 1.057E-07 1.00E-04
2.265E+00 1.411E-03 1.411E-03 1.106E-07 1.02E-04
2.239E+00 1.436E-03 1.436E-03 1.157E-07 1.04E-04
2.213E+00 1.462E-03 1.461E-03 1.210E-07 1.07E-04
2.188E+00 1.488E-03 1.488E-03 1.266E-07 1.09E-04
2.163E+00 1.514E-03 1.514E-03 1.324E-07 1.11E-04
2.138E+00 1.542E-03 1.541E-03 1.386E-07 1.13E-04
2.113E+00 1.569E-03 1.569E-03 1.450E-07 1.15E-04
2.089E+00 1.597E-03 1.596E-03 1.516E-07 1.18E-04
2.065E+00 1.625E-03 1.625E-03 1.586E-07 1.20E-04
2.042E+00 1.653E-03 1.653E-03 1.659E-07 1.22E-04
2.018E+00 1.683E-03 1.683E-03 1.736E-07 1.25E-04
1.995E+00 1.713E-03 1.712E-03 1.816E-07 1.27E-04
1.972E+00 1.743E-03 1.743E-03 1.900E-07 1.30E-04
1.950E+00 1.774E-03 1.774E-03 1.987E-07 1.33E-04
1.928E+00 1.805E-03 1.805E-03 2.079E-07 1.35E-04
1.905E+00 1.838E-03 1.837E-03 2.175E-07 1.38E-04
1.884E+00 1.870E-03 1.870E-03 2.275E-07 1.41E-04
1.862E+00 1.904E-03 1.904E-03 2.380E-07 1.43E-04
1.841E+00 1.938E-03 1.938E-03 2.490E-07 1.46E-04
1.820E+00 1.973E-03 1.973E-03 2.605E-07 1.49E-04
1.799E+00 2.008E-03 2.008E-03 2.725E-07 1.52E-04
1.778E+00 2.044E-03 2.044E-03 2.851E-07 1.55E-04
1.758E+00 2.081E-03 2.081E-03 2.982E-07 1.58E-04
1.738E+00 2.119E-03 2.118E-03 3.120E-07 1.61E-04
1.718E+00 2.157E-03 2.156E-03 3.264E-07 1.64E-04
1.698E+00 2.195E-03 2.195E-03 3.414E-07 1.67E-04
1.679E+00 2.235E-03 2.234E-03 3.571E-07 1.71E-04
1.660E+00 2.275E-03 2.275E-03 3.735E-07 1.74E-04
1.641E+00 2.315E-03 2.315E-03 3.907E-07 1.78E-04
1.622E+00 2.356E-03 2.356E-03 4.087E-07 1.81E-04
1.603E+00 2.398E-03 2.397E-03 4.275E-07 1.85E-04
1.585E+00 2.440E-03 2.439E-03 4.472E-07 1.89E-04
1.567E+00 2.482E-03 2.482E-03 4.678E-07 1.92E-04
1.549E+00 2.526E-03 2.525E-03 4.893E-07 1.96E-04
1.531E+00 2.570E-03 2.570E-03 5.119E-07 2.00E-04
1.514E+00 2.616E-03 2.615E-03 5.355E-07 2.04E-04
1.496E+00 2.663E-03 2.662E-03 5.603E-07 2.08E-04
1.479E+00 2.710E-03 2.709E-03 5.862E-07 2.12E-04
1.462E+00 2.759E-03 2.758E-03 6.133E-07 2.16E-04
1.445E+00 2.809E-03 2.808E-03 6.416E-07 2.20E-04
1.429E+00 2.860E-03 2.859E-03 6.712E-07 2.24E-04
1.413E+00 2.912E-03 2.912E-03 7.022E-07 2.29E-04
1.396E+00 2.966E-03 2.965E-03 7.345E-07 2.33E-04
1.380E+00 3.020E-03 3.020E-03 7.684E-07 2.37E-04
1.365E+00 3.076E-03 3.075E-03 8.038E-07 2.42E-04
1.349E+00 3.132E-03 3.132E-03 8.409E-07 2.47E-04
1.334E+00 3.190E-03 3.189E-03 8.796E-07 2.51E-04
1.318E+00 3.249E-03 3.248E-03 9.202E-07 2.56E-04
1.303E+00 3.308E-03 3.307E-03 9.625E-07 2.61E-04
1.288E+00 3.369E-03 3.368E-03 1.007E-06 2.66E-04
1.274E+00 3.431E-03 3.430E-03 1.053E-06 2.71E-04
1.259E+00 3.494E-03 3.493E-03 1.101E-06 2.77E-04
1.245E+00 3.558E-03 3.557E-03 1.152E-06 2.82E-04
1.230E+00 3.622E-03 3.621E-03 1.205E-06 2.88E-04
1.216E+00 3.688E-03 3.687E-03 1.261E-06 2.93E-04
1.202E+00 3.756E-03 3.754E-03 1.319E-06 2.99E-04
1.189E+00 3.825E-03 3.824E-03 1.380E-06 3.05E-04
1.175E+00 3.896E-03 3.894E-03 1.443E-06 3.10E-04
1.161E+00 3.969E-03 3.967E-03 1.510E-06 3.16E-04
1.148E+00 4.044E-03 4.042E-03 1.580E-06 3.22E-04
1.135E+00 4.121E-03 4.119E-03 1.652E-06 3.29E-04
1.122E+00 4.201E-03 4.199E-03 1.728E-06 3.35E-04
1.109E+00 4.285E-03 4.283E-03 1.808E-06 3.41E-04
1.096E+00 4.372E-03 4.370E-03 1.891E-06 3.48E-04
1.084E+00 4.463E-03 4.461E-03 1.978E-06 3.54E-04
1.072E+00 4.561E-03 4.559E-03 2.069E-06 3.61E-04
1.059E+00 4.666E-03 4.663E-03 2.165E-06 3.68E-04
1.047E+00 4.780E-03 4.778E-03 2.264E-06 3.75E-04
1.035E+00 4.906E-03 4.904E-03 2.368E-06 3.82E-04
1.023E+00 5.044E-03 5.042E-03 2.477E-06 3.89E-04
1.012E+00 5.194E-03 5.191E-03 2.591E-06 3.97E-04
1.000E+00 5.350E-03 5.347E-03 2.710E-06 4.04E-04
9.886E-01 5.509E-03 5.506E-03 2.834E-06 4.12E-04
9.772E-01 5.667E-03 5.664E-03 2.964E-06 4.20E-04
9.661E-01 5.824E-03 5.821E-03 3.100E-06 4.28E-04
9.550E-01 5.980E-03 5.977E-03 3.242E-06 4.37E-04
9.441E-01 6.136E-03 6.133E-03 3.391E-06 4.45E-04
9.333E-01 6.295E-03 6.291E-03 3.546E-06 4.54E-04
9.226E-01 6.459E-03 6.455E-03 3.709E-06 4.63E-04
9.120E-01 6.633E-03 6.629E-03 3.879E-06 4.72E-04
9.016E-01 6.824E-03 6.820E-03 4.056E-06 4.81E-04
8.913E-01 7.039E-03 7.035E-03 4.242E-06 4.90E-04
8.810E-01 7.289E-03 7.284E-03 4.435E-06 5.00E-04
8.710E-01 7.583E-03 7.579E-03 4.638E-06 5.10E-04
8.610E-01 7.927E-03 7.922E-03 4.850E-06 5.21E-04
8.511E-01 8.315E-03 8.310E-03 5.071E-06 5.31E-04
8.414E-01 8.733E-03 8.727E-03 5.302E-06 5.42E-04
8.318E-01 9.163E-03 9.157E-03 5.544E-06 5.53E-04
8.222E-01 9.597E-03 9.591E-03 5.797E-06 5.64E-04
8.128E-01 1.003E-02 1.003E-02 6.061E-06 5.76E-04
8.035E-01 1.047E-02 1.047E-02 6.337E-06 5.88E-04
7.943E-01 1.092E-02 1.091E-02 6.626E-06 6.00E-04
7.852E-01 1.138E-02 1.137E-02 6.928E-06 6.12E-04
7.762E-01 1.185E-02 1.184E-02 7.244E-06 6.25E-04
7.674E-01 1.234E-02 1.233E-02 7.574E-06 6.38E-04
7.586E-01 1.284E-02 1.283E-02 7.919E-06 6.51E-04
7.499E-01 1.336E-02 1.336E-02 8.280E-06 6.65E-04
7.413E-01 1.391E-02 1.390E-02 8.657E-06 6.79E-04
7.328E-01 1.448E-02 1.447E-02 9.051E-06 6.94E-04
7.244E-01 1.507E-02 1.506E-02 9.463E-06 7.08E-04
7.161E-01 1.568E-02 1.567E-02 9.895E-06 7.23E-04
7.079E-01 1.632E-02 1.631E-02 1.035E-05 7.39E-04
6.998E-01 1.699E-02 1.698E-02 1.082E-05 7.55E-04
6.918E-01 1.769E-02 1.768E-02 1.131E-05 7.71E-04
6.839E-01 1.842E-02 1.840E-02 1.183E-05 7.88E-04
6.761E-01 1.917E-02 1.916E-02 1.237E-05 8.05E-04
6.683E-01 1.997E-02 1.995E-02 1.293E-05 8.23E-04
6.607E-01 2.079E-02 2.078E-02 1.352E-05 8.41E-04
6.531E-01 2.165E-02 2.163E-02 1.414E-05 8.60E-04
6.457E-01 2.254E-02 2.252E-02 1.479E-05 8.79E-04
6.383E-01 2.347E-02 2.345E-02 1.547E-05 8.98E-04
6.310E-01 2.444E-02 2.442E-02 1.618E-05 9.18E-04
6.237E-01 2.545E-02 2.543E-02 1.692E-05 9.39E-04
6.166E-01 2.650E-02 2.648E-02 1.770E-05 9.60E-04
6.095E-01 2.759E-02 2.757E-02 1.852E-05 9.81E-04
6.026E-01 2.873E-02 2.871E-02 1.938E-05 1.00E-03
5.957E-01 2.992E-02 2.990E-02 2.027E-05 1.03E-03
5.888E-01 3.115E-02 3.113E-02 2.121E-05 1.05E-03
5.821E-01 3.243E-02 3.241E-02 2.220E-05 1.07E-03
5.754E-01 3.377E-02 3.374E-02 2.323E-05 1.09E-03
5.689E-01 3.515E-02 3.512E-02 2.431E-05 1.12E-03
5.623E-01 3.658E-02 3.656E-02 2.544E-05 1.14E-03
5.559E-01 3.808E-02 3.805E-02 2.663E-05 1.17E-03
5.495E-01 3.962E-02 3.959E-02 2.788E-05 1.19E-03
5.433E-01 4.122E-02 4.119E-02 2.919E-05 1.22E-03
5.370E-01 4.288E-02 4.285E-02 3.057E-05 1.25E-03
5.309E-01 4.460E-02 4.457E-02 3.202E-05 1.28E-03
5.248E-01 4.638E-02 4.635E-02 3.353E-05 1.30E-03
5.188E-01 4.823E-02 4.819E-02 3.513E-05 1.33E-03
5.129E-01 5.014E-02 5.010E-02 3.680E-05 1.36E-03
5.070E-01 5.211E-02 5.207E-02 3.855E-05 1.39E-03
5.012E-01 5.416E-02 5.411E-02 4.040E-05 1.42E-03
4.955E-01 5.627E-02 5.622E-02 4.234E-05 1.45E-03
4.898E-01 5.845E-02 5.840E-02 4.438E-05 1.48E-03
4.842E-01 6.070E-02 6.066E-02 4.651E-05 1.51E-03
4.786E-01 6.304E-02 6.299E-02 4.875E-05 1.54E-03
4.732E-01 6.545E-02 6.540E-02 5.109E-05 1.58E-03
4.677E-01 6.794E-02 6.789E-02 5.356E-05 1.61E-03
4.624E-01 7.051E-02 7.046E-02 5.615E-05 1.64E-03
4.571E-01 7.317E-02 7.311E-02 5.887E-05 1.67E-03
4.519E-01 7.590E-02 7.584E-02 6.173E-05 1.71E-03
4.467E-01 7.872E-02 7.866E-02 6.474E-05 1.74E-03
4.416E-01 8.163E-02 8.156E-02 6.790E-05 1.77E-03
4.365E-01 8.463E-02 8.455E-02 7.122E-05 1.81E-03
4.315E-01 8.771E-02 8.764E-02 7.469E-05 1.84E-03
4.266E-01 9.089E-02 9.081E-02 7.832E-05 1.87E-03
4.217E-01 9.415E-02 9.407E-02 8.213E-05 1.91E-03
4.169E-01 9.749E-02 9.741E-02 8.614E-05 1.94E-03
4.121E-01 1.009E-01 1.008E-01 9.034E-05 1.97E-03
4.074E-01 1.044E-01 1.043E-01 9.476E-05 2.01E-03
4.027E-01 1.080E-01 1.079E-01 9.939E-05 2.04E-03
3.981E-01 1.117E-01 1.116E-01 1.043E-04 2.08E-03
3.935E-01 1.154E-01 1.153E-01 1.094E-04 2.11E-03
3.890E-01 1.193E-01 1.192E-01 1.147E-04 2.15E-03
3.846E-01 1.232E-01 1.231E-01 1.204E-04 2.18E-03
3.802E-01 1.272E-01 1.271E-01 1.263E-04 2.22E-03
3.758E-01 1.313E-01 1.312E-01 1.325E-04 2.25E-03
3.715E-01 1.355E-01 1.354E-01 1.391E-04 2.29E-03
3.673E-01 1.398E-01 1.397E-01 1.461E-04 2.32E-03
3.631E-01 1.442E-01 1.440E-01 1.535E-04 2.36E-03
3.589E-01 1.486E-01 1.484E-01 1.614E-04 2.40E-03
3.548E-01 1.532E-01 1.530E-01 1.697E-04 2.43E-03
3.508E-01 1.578E-01 1.576E-01 1.786E-04 2.47E-03
3.467E-01 1.626E-01 1.624E-01 1.881E-04 2.50E-03
3.428E-01 1.675E-01 1.673E-01 1.981E-04 2.53E-03
3.388E-01 1.725E-01 1.723E-01 2.089E-04 2.56E-03
3.350E-01 1.777E-01 1.774E-01 2.203E-04 2.58E-03
3.311E-01 1.829E-01 1.827E-01 2.325E-04 2.60E-03
3.273E-01 1.883E-01 1.881E-01 2.456E-04 2.61E-03
3.236E-01 1.939E-01 1.936E-01 2.597E-04 2.61E-03
3.199E-01 1.996E-01 1.993E-01 2.748E-04 2.60E-03
3.162E-01 2.054E-01 2.051E-01 2.908E-04 2.59E-03
3.126E-01 2.113E-01 2.110E-01 3.080E-04 2.56E-03
3.090E-01 2.174E-01 2.171E-01 3.263E-04 2.53E-03
3.055E-01 2.237E-01 2.233E-01 3.458E-04 2.48E-03
3.020E-01 2.295E-01 2.291E-01 3.667E-04 2.42E-03
2.985E-01 2.342E-01 2.338E-01 3.891E-04 2.34E-03
2.951E-01 2.392E-01 2.388E-01 4.132E-04 2.25E-03
2.917E-01 2.447E-01 2.442E-01 4.392E-04 2.15E-03
2.884E-01 2.505E-01 2.500E-01 4.676E-04 2.02E-03
2.851E-01 2.568E-01 2.563E-01 4.986E-04 1.88E-03
2.818E-01 2.638E-01 2.633E-01 5.344E-04 1.67E-03
2.786E-01 2.715E-01 2.709E-01 5.727E-04 1.47E-03
2.754E-01 2.798E-01 2.792E-01 6.140E-04 1.27E-03
2.723E-01 2.892E-01 2.885E-01 6.592E-04 1.07E-03
2.692E-01 2.996E-01 2.989E-01 7.090E-04 8.79E-04
2.661E-01 3.111E-01 3.104E-01 7.643E-04 7.04E-04
2.630E-01 3.240E-01 3.232E-01 8.262E-04 5.47E-04
2.600E-01 3.386E-01 3.377E-01 8.967E-04 4.11E-04
2.570E-01 3.549E-01 3.539E-01 9.762E-04 3.06E-04
2.541E-01 3.732E-01 3.721E-01 1.063E-03 2.36E-04
2.512E-01 3.938E-01 3.927E-01 1.162E-03 1.96E-04
2.483E-01 4.173E-01 4.160E-01 1.274E-03 1.83E-04
2.455E-01 4.438E-01 4.424E-01 1.403E-03 1.97E-04
2.427E-01 4.738E-01 4.723E-01 1.551E-03 2.39E-04
2.399E-01 5.079E-01 5.061E-01 1.722E-03 3.12E-04
2.371E-01 5.458E-01 5.439E-01 1.908E-03 4.19E-04
2.344E-01 5.870E-01 5.848E-01 2.106E-03 5.48E-04
2.317E-01 6.303E-01 6.279E-01 2.313E-03 6.86E-04
2.291E-01 6.742E-01 6.716E-01 2.523E-03 8.31E-04
2.265E-01 7.168E-01 7.141E-01 2.736E-03 9.81E-04
2.239E-01 7.565E-01 7.535E-01 2.959E-03 1.14E-03
2.213E-01 7.905E-01 7.873E-01 3.186E-03 1.31E-03
2.188E-01 8.146E-01 8.112E-01 3.360E-03 1.50E-03
2.163E-01 8.251E-01 8.217E-01 3.430E-03 1.71E-03
2.138E-01 8.208E-01 8.174E-01 3.401E-03 1.94E-03
2.113E-01 8.033E-01 8.000E-01 3.309E-03 2.16E-03
2.089E-01 7.757E-01 7.725E-01 3.167E-03 2.39E-03
2.065E-01 7.409E-01 7.379E-01 2.987E-03 2.63E-03
2.042E-01 7.018E-01 6.990E-01 2.775E-03 2.88E-03
2.018E-01 6.609E-01 6.583E-01 2.547E-03 3.13E-03
1.995E-01 6.202E-01 6.179E-01 2.315E-03 3.39E-03
1.972E-01 5.812E-01 5.791E-01 2.089E-03 3.66E-03
1.950E-01 5.448E-01 5.429E-01 1.875E-03 3.93E-03
1.928E-01 5.113E-01 5.097E-01 1.681E-03 4.21E-03
1.905E-01 4.811E-01 4.796E-01 1.505E-03 4.50E-03
1.884E-01 4.539E-01 4.525E-01 1.346E-03 4.80E-03
1.862E-01 4.297E-01 4.284E-01 1.208E-03 5.11E-03
1.841E-01 4.082E-01 4.071E-01 1.091E-03 5.43E-03
1.820E-01 3.892E-01 3.882E-01 9.914E-04 5.77E-03
1.799E-01 3.724E-01 3.715E-01 9.073E-04 6.12E-03
1.778E-01 3.576E-01 3.567E-01 8.386E-04 6.48E-03
1.758E-01 3.444E-01 3.436E-01 7.820E-04 6.85E-03
1.738E-01 3.327E-01 3.320E-01 7.362E-04 7.22E-03
1.718E-01 3.223E-01 3.216E-01 7.003E-04 7.60E-03
1.698E-01 3.131E-01 3.124E-01 6.737E-04 7.98E-03
1.679E-01 3.048E-01 3.041E-01 6.567E-04 8.37E-03
1.660E-01 2.976E-01 2.970E-01 6.488E-04 8.76E-03
1.641E-01 2.915E-01 2.909E-01 6.510E-04 9.14E-03
1.622E-01 2.864E-01 2.857E-01 6.626E-04 9.53E-03
1.603E-01 2.822E-01 2.815E-01 6.837E-04 9.92E-03
1.585E-01 2.789E-01 2.782E-01 7.148E-04 1.03E-02
1.567E-01 2.764E-01 2.756E-01 7.546E-04 1.07E-02
1.549E-01 2.746E-01 2.738E-01 8.036E-04 1.11E-02
1.531E-01 2.735E-01 2.727E-01 8.613E-04 1.15E-02
1.514E-01 2.732E-01 2.722E-01 9.291E-04 1.19E-02
1.496E-01 2.736E-01 2.726E-01 1.008E-03 1.24E-02
1.479E-01 2.747E-01 2.736E-01 1.099E-03 1.28E-02
1.462E-01 2.766E-01 2.754E-01 1.203E-03 1.32E-02
1.445E-01 2.795E-01 2.781E-01 1.323E-03 1.37E-02
1.429E-01 2.832E-01 2.817E-01 1.458E-03 1.41E-02
1.413E-01 2.877E-01 2.861E-01 1.609E-03 1.46E-02
1.396E-01 2.931E-01 2.913E-01 1.775E-03 1.51E-02
1.380E-01 2.992E-01 2.972E-01 1.956E-03 1.55E-02
1.365E-01 3.061E-01 3.040E-01 2.157E-03 1.60E-02
1.349E-01 3.139E-01 3.115E-01 2.383E-03 1.66E-02
1.334E-01 3.226E-01 3.199E-01 2.636E-03 1.72E-02
1.318E-01 3.322E-01 3.293E-01 2.917E-03 1.78E-02
1.303E-01 3.428E-01 3.396E-01 3.231E-03 1.84E-02
1.288E-01 3.606E-01 3.571E-01 3.581E-03 1.91E-02
1.274E-01 3.749E-01 3.709E-01 3.969E-03 1.99E-02
1.259E-01 3.901E-01 3.857E-01 4.399E-03 2.07E-02
1.245E-01 4.062E-01 4.013E-01 4.876E-03 2.15E-02
1.230E-01 4.232E-01 4.178E-01 5.402E-03 2.24E-02
1.216E-01 4.412E-01 4.352E-01 5.980E-03 2.33E-02
1.202E-01 4.602E-01 4.536E-01 6.613E-03 2.41E-02
1.189E-01 4.801E-01 4.728E-01 7.310E-03 2.49E-02
1.175E-01 5.005E-01 4.924E-01 8.069E-03 2.56E-02
1.161E-01 5.217E-01 5.128E-01 8.911E-03 2.63E-02
1.148E-01 5.442E-01 5.343E-01 9.890E-03 2.68E-02
1.135E-01 5.680E-01 5.567E-01 1.122E-02 2.73E-02
1.122E-01 5.928E-01 5.802E-01 1.264E-02 2.70E-02
1.109E-01 6.190E-01 6.048E-01 1.419E-02 2.58E-02
1.096E-01 6.485E-01 6.326E-01 1.591E-02 2.33E-02
1.084E-01 6.813E-01 6.632E-01 1.802E-02 2.08E-02
1.072E-01 7.169E-01 6.965E-01 2.045E-02 1.92E-02
1.059E-01 7.537E-01 7.309E-01 2.279E-02 1.89E-02
1.047E-01 7.919E-01 7.669E-01 2.499E-02 1.92E-02
1.035E-01 8.297E-01 8.026E-01 2.709E-02 1.93E-02
1.023E-01 8.666E-01 8.375E-01 2.909E-02 1.94E-02
1.012E-01 9.025E-01 8.712E-01 3.133E-02 1.91E-02
1.000E-01 9.418E-01 9.079E-01 3.387E-02 1.87E-02
9.886E-02 9.780E-01 9.408E-01 3.721E-02 1.79E-02
9.772E-02 1.018E+00 9.766E-01 4.099E-02 1.72E-02
9.661E-02 1.059E+00 1.015E+00 4.453E-02 1.68E-02
9.550E-02 1.101E+00 1.053E+00 4.764E-02 1.68E-02
9.441E-02 1.138E+00 1.088E+00 4.982E-02 1.69E-02
9.333E-02 1.173E+00 1.121E+00 5.149E-02 1.72E-02
9.226E-02 1.208E+00 1.155E+00 5.338E-02 1.75E-02
9.120E-02 1.243E+00 1.188E+00 5.515E-02 1.79E-02
9.016E-02 1.274E+00 1.218E+00 5.605E-02 1.85E-02
8.913E-02 1.307E+00 1.250E+00 5.718E-02 1.90E-02
8.810E-02 1.345E+00 1.286E+00 5.952E-02 1.92E-02
8.710E-02 1.390E+00 1.327E+00 6.352E-02 1.89E-02
8.610E-02 1.441E+00 1.372E+00 6.827E-02 1.86E-02
8.511E-02 1.497E+00 1.423E+00 7.381E-02 1.82E-02
8.414E-02 1.559E+00 1.479E+00 8.015E-02 1.78E-02
8.318E-02 1.630E+00 1.542E+00 8.729E-02 1.75E-02
8.222E-02 1.708E+00 1.614E+00 9.477E-02 1.75E-02
8.128E-02 1.796E+00 1.693E+00 1.022E-01 1.77E-02
8.035E-02 1.891E+00 1.781E+00 1.100E-01 1.80E-02
7.943E-02 1.994E+00 1.877E+00 1.176E-01 1.85E-02
7.852E-02 2.103E+00 1.979E+00 1.248E-01 1.92E-02
7.762E-02 2.216E+00 2.085E+00 1.308E-01 2.01E-02
7.674E-02 2.329E+00 2.193E+00 1.359E-01 2.10E-02
7.586E-02 2.439E+00 2.299E+00 1.402E-01 2.20E-02
7.499E-02 2.540E+00 2.397E+00 1.435E-01 2.31E-02
7.413E-02 2.626E+00 2.480E+00 1.456E-01 2.43E-02
7.328E-02 2.687E+00 2.540E+00 1.467E-01 2.55E-02
7.244E-02 2.718E+00 2.571E+00 1.474E-01 2.67E-02
7.161E-02 2.715E+00 2.568E+00 1.475E-01 2.79E-02
7.079E-02 2.678E+00 2.532E+00 1.465E-01 2.92E-02
6.998E-02 2.613E+00 2.469E+00 1.444E-01 3.06E-02
6.918E-02 2.528E+00 2.387E+00 1.412E-01 3.20E-02
6.839E-02 2.429E+00 2.293E+00 1.359E-01 3.35E-02
6.761E-02 2.327E+00 2.198E+00 1.294E-01 3.51E-02
6.683E-02 2.230E+00 2.107E+00 1.229E-01 3.66E-02
6.607E-02 2.140E+00 2.024E+00 1.164E-01 3.82E-02
6.531E-02 2.045E+00 1.935E+00 1.100E-01 3.97E-02
6.457E-02 1.957E+00 1.852E+00 1.054E-01 4.12E-02
6.383E-02 1.871E+00 1.769E+00 1.015E-01 4.26E-02
6.310E-02 1.786E+00 1.688E+00 9.814E-02 4.40E-02
6.237E-02 1.703E+00 1.608E+00 9.534E-02 4.55E-02
6.166E-02 1.621E+00 1.528E+00 9.330E-02 4.70E-02
6.095E-02 1.539E+00 1.447E+00 9.179E-02 4.85E-02
6.026E-02 1.457E+00 1.366E+00 9.049E-02 5.00E-02
5.957E-02 1.374E+00 1.285E+00 8.942E-02 5.16E-02
5.888E-02 1.291E+00 1.203E+00 8.846E-02 5.31E-02
5.821E-02 1.206E+00 1.119E+00 8.695E-02 5.47E-02
5.754E-02 9.554E-01 8.701E-01 8.536E-02 5.63E-02
5.689E-02 9.224E-01 8.388E-01 8.368E-02 5.79E-02
5.623E-02 8.882E-01 8.064E-01 8.183E-02 5.95E-02
5.559E-02 8.522E-01 7.727E-01 7.957E-02 6.12E-02
5.495E-02 8.174E-01 7.401E-01 7.730E-02 6.29E-02
5.433E-02 7.835E-01 7.085E-01 7.500E-02 6.46E-02
5.370E-02 7.522E-01 6.795E-01 7.276E-02 6.64E-02
5.309E-02 7.257E-01 6.549E-01 7.080E-02 6.82E-02
5.248E-02 7.010E-01 6.321E-01 6.894E-02 7.01E-02
5.188E-02 6.782E-01 6.110E-01 6.718E-02 7.19E-02
5.129E-02 6.563E-01 5.908E-01 6.557E-02 7.39E-02
5.070E-02 6.351E-01 5.710E-01 6.410E-02 7.58E-02
5.012E-02 6.149E-01 5.522E-01 6.272E-02 7.78E-02
4.955E-02 5.956E-01 5.342E-01 6.144E-02 7.98E-02
4.898E-02 5.775E-01 5.173E-01 6.022E-02 8.19E-02
4.842E-02 5.598E-01 5.008E-01 5.901E-02 8.41E-02
4.786E-02 5.424E-01 4.846E-01 5.779E-02 8.62E-02
4.732E-02 5.241E-01 4.677E-01 5.642E-02 8.85E-02
4.677E-02 5.057E-01 4.507E-01 5.501E-02 9.07E-02
4.624E-02 4.880E-01 4.344E-01 5.361E-02 9.31E-02
4.571E-02 4.725E-01 4.202E-01 5.231E-02 9.54E-02
4.519E-02 4.595E-01 4.084E-01 5.116E-02 9.79E-02
4.467E-02 4.471E-01 3.971E-01 4.997E-02 1.00E-01
4.416E-02 4.339E-01 3.852E-01 4.870E-02 1.03E-01
4.365E-02 4.177E-01 3.704E-01 4.723E-02 1.06E-01
4.315E-02 4.021E-01 3.563E-01 4.572E-02 1.08E-01
4.266E-02 3.880E-01 3.439E-01 4.418E-02 1.11E-01
4.217E-02 3.790E-01 3.363E-01 4.265E-02 1.14E-01
4.169E-02 3.719E-01 3.307E-01 4.119E-02 1.17E-01
4.121E-02 3.665E-01 3.267E-01 3.987E-02 1.20E-01
4.074E-02 3.615E-01 3.227E-01 3.879E-02 1.23E-01
4.027E-02 3.576E-01 3.198E-01 3.786E-02 1.26E-01
3.981E-02 3.548E-01 3.178E-01 3.703E-02 1.29E-01
3.935E-02 3.530E-01 3.167E-01 3.628E-02 1.33E-01
3.890E-02 3.525E-01 3.169E-01 3.566E-02 1.36E-01
3.846E-02 3.535E-01 3.184E-01 3.514E-02 1.40E-01
3.802E-02 3.563E-01 3.214E-01 3.487E-02 1.43E-01
3.758E-02 3.611E-01 3.261E-01 3.496E-02 1.47E-01
3.715E-02 3.712E-01 3.353E-01 3.597E-02 1.51E-01
3.673E-02 3.802E-01 3.429E-01 3.725E-02 1.55E-01
3.631E-02 3.842E-01 3.456E-01 3.857E-02 1.58E-01
3.589E-02 3.800E-01 3.405E-01 3.945E-02 1.62E-01
3.548E-02 3.726E-01 3.325E-01 4.012E-02 1.66E-01
3.508E-02 3.660E-01 3.256E-01 4.038E-02 1.70E-01
3.467E-02 3.596E-01 3.192E-01 4.043E-02 1.74E-01
3.428E-02 3.532E-01 3.129E-01 4.035E-02 1.78E-01
3.388E-02 3.470E-01 3.066E-01 4.032E-02 1.83E-01
3.350E-02 3.408E-01 3.005E-01 4.024E-02 1.87E-01
3.311E-02 3.347E-01 2.946E-01 4.014E-02 1.91E-01
3.273E-02 3.287E-01 2.887E-01 4.000E-02 1.96E-01
3.236E-02 3.227E-01 2.829E-01 3.984E-02 2.01E-01
3.199E-02 3.168E-01 2.772E-01 3.965E-02 2.05E-01
3.162E-02 3.110E-01 2.716E-01 3.944E-02 2.10E-01
3.126E-02 3.053E-01 2.661E-01 3.922E-02 2.15E-01
3.090E-02 2.997E-01 2.607E-01 3.899E-02 2.20E-01
3.055E-02 2.942E-01 2.554E-01 3.874E-02 2.25E-01
3.020E-02 2.887E-01 2.502E-01 3.849E-02 2.31E-01
2.985E-02 2.833E-01 2.450E-01 3.822E-02 2.36E-01
2.951E-02 2.779E-01 2.400E-01 3.793E-02 2.42E-01
2.917E-02 2.727E-01 2.351E-01 3.763E-02 2.47E-01
2.884E-02 2.675E-01 2.302E-01 3.733E-02 2.53E-01
2.851E-02 2.625E-01 2.255E-01 3.701E-02 2.59E-01
2.818E-02 2.575E-01 2.209E-01 3.669E-02 2.65E-01
2.786E-02 2.527E-01 2.163E-01 3.637E-02 2.71E-01
2.754E-02 2.480E-01 2.119E-01 3.604E-02 2.77E-01
2.723E-02 2.433E-01 2.076E-01 3.571E-02 2.83E-01
2.692E-02 2.387E-01 2.033E-01 3.537E-02 2.90E-01
2.661E-02 2.342E-01 1.992E-01 3.503E-02 2.96E-01
2.630E-02 2.297E-01 1.950E-01 3.468E-02 3.03E-01
2.600E-02 2.253E-01 1.910E-01 3.433E-02 3.09E-01
2.570E-02 2.210E-01 1.871E-01 3.396E-02 3.16E-01
2.541E-02 2.168E-01 1.832E-01 3.359E-02 3.23E-01
2.512E-02 2.125E-01 1.793E-01 3.321E-02 3.30E-01
2.483E-02 2.084E-01 1.756E-01 3.283E-02 3.38E-01
2.455E-02 2.043E-01 1.719E-01 3.245E-02 3.45E-01
2.427E-02 2.004E-01 1.683E-01 3.207E-02 3.53E-01
2.399E-02 1.964E-01 1.648E-01 3.168E-02 3.60E-01
2.371E-02 1.926E-01 1.613E-01 3.130E-02 3.68E-01
2.344E-02 1.889E-01 1.580E-01 3.091E-02 3.76E-01
2.317E-02 1.851E-01 1.546E-01 3.052E-02 3.84E-01
2.291E-02 1.815E-01 1.514E-01 3.013E-02 3.92E-01
2.265E-02 1.779E-01 1.482E-01 2.974E-02 4.00E-01
2.239E-02 1.744E-01 1.450E-01 2.934E-02 4.08E-01
2.213E-02 1.709E-01 1.420E-01 2.895E-02 4.17E-01
2.188E-02 1.675E-01 1.389E-01 2.854E-02 4.25E-01
2.163E-02 1.641E-01 1.360E-01 2.814E-02 4.34E-01
2.138E-02 1.609E-01 1.331E-01 2.775E-02 4.42E-01
2.113E-02 1.576E-01 1.303E-01 2.735E-02 4.51E-01
2.089E-02 1.544E-01 1.275E-01 2.694E-02 4.60E-01
2.065E-02 1.513E-01 1.247E-01 2.654E-02 4.69E-01
2.042E-02 1.483E-01 1.221E-01 2.615E-02 4.78E-01
2.018E-02 1.453E-01 1.195E-01 2.576E-02 4.87E-01
1.995E-02 1.423E-01 1.169E-01 2.536E-02 4.96E-01
1.972E-02 1.393E-01 1.144E-01 2.496E-02 5.05E-01
1.950E-02 1.364E-01 1.118E-01 2.455E-02 5.15E-01
1.928E-02 1.335E-01 1.093E-01 2.415E-02 5.24E-01
1.905E-02 1.307E-01 1.069E-01 2.375E-02 5.33E-01
1.884E-02 1.279E-01 1.046E-01 2.335E-02 5.43E-01
1.862E-02 1.252E-01 1.022E-01 2.296E-02 5.52E-01
1.841E-02 1.225E-01 9.997E-02 2.257E-02 5.61E-01
1.820E-02 1.199E-01 9.775E-02 2.218E-02 5.70E-01
1.799E-02 1.174E-01 9.557E-02 2.179E-02 5.80E-01
1.778E-02 1.149E-01 9.347E-02 2.141E-02 5.89E-01
1.758E-02 1.124E-01 9.139E-02 2.104E-02 5.98E-01
1.738E-02 1.100E-01 8.933E-02 2.067E-02 6.07E-01
1.718E-02 1.076E-01 8.731E-02 2.030E-02 6.16E-01
1.698E-02 1.053E-01 8.532E-02 1.993E-02 6.25E-01
1.679E-02 1.030E-01 8.338E-02 1.957E-02 6.34E-01
1.660E-02 1.007E-01 8.150E-02 1.922E-02 6.43E-01
1.641E-02 9.852E-02 7.965E-02 1.887E-02 6.51E-01
1.622E-02 9.635E-02 7.783E-02 1.852E-02 6.60E-01
1.603E-02 9.421E-02 7.603E-02 1.818E-02 6.68E-01
1.585E-02 9.211E-02 7.427E-02 1.784E-02 6.76E-01
1.567E-02 9.006E-02 7.256E-02 1.751E-02 6.84E-01
1.549E-02 8.807E-02 7.089E-02 1.718E-02 6.91E-01
1.531E-02 8.610E-02 6.924E-02 1.686E-02 6.99E-01
1.514E-02 8.415E-02 6.761E-02 1.654E-02 7.06E-01
1.496E-02 8.224E-02 6.601E-02 1.623E-02 7.13E-01
1.479E-02 8.038E-02 6.445E-02 1.593E-02 7.19E-01
1.462E-02 7.856E-02 6.294E-02 1.563E-02 7.26E-01
1.445E-02 7.679E-02 6.146E-02 1.534E-02 7.32E-01
1.429E-02 7.505E-02 6.000E-02 1.505E-02 7.37E-01
1.413E-02 7.334E-02 5.858E-02 1.476E-02 7.43E-01
1.396E-02 7.168E-02 5.719E-02 1.449E-02 7.48E-01
1.380E-02 7.006E-02 5.584E-02 1.421E-02 7.53E-01
1.365E-02 6.846E-02 5.452E-02 1.395E-02 7.58E-01
1.349E-02 6.689E-02 5.321E-02 1.368E-02 7.62E-01
1.334E-02 6.536E-02 5.193E-02 1.342E-02 7.66E-01
1.318E-02 6.386E-02 5.068E-02 1.317E-02 7.70E-01
1.303E-02 6.240E-02 4.948E-02 1.292E-02 7.74E-01
1.288E-02 6.099E-02 4.830E-02 1.269E-02 7.77E-01
1.274E-02 5.959E-02 4.714E-02 1.245E-02 7.81E-01
1.259E-02 5.821E-02 4.599E-02 1.221E-02 7.84E-01
1.245E-02 5.684E-02 4.486E-02 1.198E-02 7.87E-01
1.230E-02 5.556E-02 4.380E-02 1.176E-02 7.89E-01
1.216E-02 5.432E-02 4.277E-02 1.155E-02 7.92E-01
1.202E-02 5.308E-02 4.175E-02 1.133E-02 7.94E-01
1.189E-02 5.185E-02 4.074E-02 1.112E-02 7.97E-01
1.175E-02 5.064E-02 3.974E-02 1.090E-02 7.99E-01
1.161E-02 4.944E-02 3.875E-02 1.069E-02 8.02E-01
1.148E-02 4.825E-02 3.778E-02 1.048E-02 8.04E-01
1.135E-02 4.709E-02 3.682E-02 1.027E-02 8.06E-01
1.122E-02 4.597E-02 3.591E-02 1.006E-02 8.09E-01
1.109E-02 4.488E-02 3.502E-02 9.859E-03 8.11E-01
1.096E-02 4.381E-02 3.415E-02 9.658E-03 8.14E-01
1.084E-02 4.276E-02 3.330E-02 9.460E-03 8.16E-01
1.072E-02 4.173E-02 3.247E-02 9.263E-03 8.19E-01
1.059E-02 4.073E-02 3.166E-02 9.069E-03 8.22E-01
1.047E-02 3.976E-02 3.088E-02 8.878E-03 8.24E-01
1.035E-02 3.882E-02 3.013E-02 8.692E-03 8.27E-01
1.023E-02 3.789E-02 2.938E-02 8.506E-03 8.31E-01
1.012E-02 3.697E-02 2.865E-02 8.321E-03 8.34E-01
1.000E-02 3.606E-02 2.792E-02 8.138E-03 8.37E-01
9.886E-03 3.517E-02 2.722E-02 7.956E-03 8.40E-01
9.772E-03 3.431E-02 2.653E-02 7.777E-03 8.44E-01
9.661E-03 3.346E-02 2.586E-02 7.602E-03 8.47E-01
9.550E-03 3.265E-02 2.522E-02 7.431E-03 8.51E-01
9.441E-03 3.185E-02 2.459E-02 7.260E-03 8.54E-01
9.333E-03 3.105E-02 2.396E-02 7.091E-03 8.58E-01
9.226E-03 3.027E-02 2.335E-02 6.924E-03 8.61E-01
9.120E-03 2.951E-02 2.275E-02 6.760E-03 8.65E-01
9.016E-03 2.877E-02 2.217E-02 6.599E-03 8.68E-01
8.913E-03 2.805E-02 2.161E-02 6.441E-03 8.71E-01
8.810E-03 2.735E-02 2.106E-02 6.287E-03 8.74E-01
8.710E-03 2.666E-02 2.052E-02 6.134E-03 8.77E-01
8.610E-03 2.598E-02 1.999E-02 5.984E-03 8.80E-01
8.511E-03 2.531E-02 1.948E-02 5.836E-03 8.82E-01
8.414E-03 2.467E-02 1.898E-02 5.691E-03 8.85E-01
8.318E-03 2.404E-02 1.849E-02 5.550E-03 8.87E-01
8.222E-03 2.343E-02 1.802E-02 5.412E-03 8.89E-01
8.128E-03 2.283E-02 1.755E-02 5.276E-03 8.91E-01
8.035E-03 2.223E-02 1.709E-02 5.141E-03 8.93E-01
7.943E-03 2.166E-02 1.665E-02 5.009E-03 8.94E-01
7.852E-03 2.109E-02 1.621E-02 4.880E-03 8.96E-01
7.762E-03 2.055E-02 1.579E-02 4.754E-03 8.97E-01
7.674E-03 2.001E-02 1.538E-02 4.628E-03 8.98E-01
7.586E-03 1.947E-02 1.497E-02 4.505E-03 9.00E-01
7.499E-03 1.896E-02 1.457E-02 4.383E-03 9.01E-01
7.413E-03 1.846E-02 1.419E-02 4.265E-03 9.02E-01
7.328E-03 1.798E-02 1.383E-02 4.149E-03 9.04E-01
7.244E-03 1.750E-02 1.347E-02 4.035E-03 9.05E-01
7.161E-03 1.704E-02 1.312E-02 3.921E-03 9.07E-01
7.079E-03 1.659E-02 1.278E-02 3.810E-03 9.08E-01
6.998E-03 1.614E-02 1.244E-02 3.700E-03 9.10E-01
6.918E-03 1.570E-02 1.211E-02 3.591E-03 9.12E-01
6.839E-03 1.528E-02 1.179E-02 3.484E-03 9.13E-01
6.761E-03 1.486E-02 1.149E-02 3.378E-03 9.15E-01
6.683E-03 1.445E-02 1.118E-02 3.272E-03 9.17E-01
6.607E-03 1.405E-02 1.088E-02 3.168E-03 9.19E-01
6.531E-03 1.365E-02 1.059E-02 3.065E-03 9.21E-01
6.457E-03 1.328E-02 1.031E-02 2.966E-03 9.23E-01
6.383E-03 1.291E-02 1.004E-02 2.867E-03 9.25E-01
6.310E-03 1.254E-02 9.768E-03 2.769E-03 9.27E-01
6.237E-03 1.217E-02 9.503E-03 2.672E-03 9.28E-01
6.166E-03 1.183E-02 9.253E-03 2.578E-03 9.30E-01
6.095E-03 1.150E-02 9.015E-03 2.488E-03 9.31E-01
6.026E-03 1.118E-02 8.779E-03 2.397E-03 9.32E-01
5.957E-03 1.085E-02 8.546E-03 2.306E-03 9.34E-01
5.888E-03 1.053E-02 8.315E-03 2.214E-03 9.35E-01
5.821E-03 1.021E-02 8.088E-03 2.123E-03 9.36E-01
5.754E-03 9.898E-03 7.866E-03 2.032E-03 9.37E-01
5.689E-03 9.589E-03 7.648E-03 1.941E-03 9.38E-01
5.623E-03 9.289E-03 7.438E-03 1.852E-03 9.38E-01
5.559E-03 9.003E-03 7.237E-03 1.766E-03 9.39E-01
5.495E-03 8.719E-03 7.040E-03 1.680E-03 9.40E-01
5.433E-03 8.439E-03 6.847E-03 1.592E-03 9.41E-01
5.370E-03 8.162E-03 6.659E-03 1.503E-03 9.42E-01
5.309E-03 7.891E-03 6.478E-03 1.414E-03 9.43E-01
5.248E-03 7.626E-03 6.302E-03 1.324E-03 9.44E-01
5.188E-03 7.368E-03 6.134E-03 1.234E-03 9.46E-01
5.129E-03 7.144E-03 5.969E-03 1.175E-03 9.47E-01
5.070E-03 6.923E-03 5.805E-03 1.118E-03 9.48E-01
5.012E-03 6.687E-03 5.645E-03 1.042E-03 9.49E-01
4.955E-03 6.437E-03 5.489E-03 9.476E-04 9.50E-01
4.898E-03 6.175E-03 5.339E-03 8.367E-04 9.52E-01
4.842E-03 5.906E-03 5.194E-03 7.120E-04 9.53E-01
4.786E-03 5.634E-03 5.056E-03 5.778E-04 9.54E-01
4.732E-03 5.313E-03 4.918E-03 3.953E-04 9.54E-01
4.677E-03 4.987E-03 4.781E-03 2.064E-04 9.55E-01
4.624E-03 4.712E-03 4.649E-03 6.351E-05 9.56E-01
4.571E-03 4.530E-03 4.522E-03 7.706E-06 9.57E-01
4.519E-03 4.493E-03 4.402E-03 9.103E-05 9.57E-01
4.467E-03 4.666E-03 4.288E-03 3.785E-04 9.58E-01
4.416E-03 9.329E-02 9.059E-02 2.697E-03 9.59E-01
4.365E-03 9.118E-02 8.880E-02 2.385E-03 9.59E-01
4.315E-03 8.916E-02 8.702E-02 2.140E-03 9.60E-01
4.266E-03 8.732E-02 8.524E-02 2.079E-03 9.61E-01
4.217E-03 8.564E-02 8.349E-02 2.151E-03 9.62E-01
4.169E-03 8.406E-02 8.175E-02 2.308E-03 9.63E-01
4.121E-03 8.252E-02 8.004E-02 2.477E-03 9.63E-01
4.074E-03 8.094E-02 7.837E-02 2.566E-03 9.64E-01
4.027E-03 7.936E-02 7.672E-02 2.637E-03 9.65E-01
3.981E-03 7.776E-02 7.508E-02 2.677E-03 9.66E-01
3.935E-03 7.614E-02 7.346E-02 2.676E-03 9.67E-01
3.890E-03 7.450E-02 7.187E-02 2.626E-03 9.67E-01
3.846E-03 7.290E-02 7.030E-02 2.601E-03 9.68E-01
3.802E-03 7.134E-02 6.874E-02 2.607E-03 9.68E-01
3.758E-03 6.980E-02 6.720E-02 2.608E-03 9.69E-01
3.715E-03 6.828E-02 6.568E-02 2.604E-03 9.69E-01
3.673E-03 6.677E-02 6.418E-02 2.592E-03 9.70E-01
3.631E-03 6.529E-02 6.271E-02 2.576E-03 9.70E-01
3.589E-03 6.383E-02 6.126E-02 2.563E-03 9.71E-01
3.548E-03 6.238E-02 5.983E-02 2.547E-03 9.71E-01
3.508E-03 6.095E-02 5.842E-02 2.528E-03 9.72E-01
3.467E-03 5.955E-02 5.704E-02 2.506E-03 9.73E-01
3.428E-03 5.817E-02 5.569E-02 2.482E-03 9.73E-01
3.388E-03 5.681E-02 5.435E-02 2.458E-03 9.74E-01
3.350E-03 5.546E-02 5.303E-02 2.432E-03 9.74E-01
3.311E-03 5.414E-02 5.174E-02 2.405E-03 9.75E-01
3.273E-03 5.284E-02 5.047E-02 2.376E-03 9.75E-01
3.236E-03 5.159E-02 4.924E-02 2.346E-03 9.76E-01
3.199E-03 5.035E-02 4.803E-02 2.315E-03 9.76E-01
3.162E-03 4.911E-02 4.683E-02 2.284E-03 9.76E-01
3.126E-03 4.789E-02 4.563E-02 2.253E-03 9.77E-01
3.090E-03 4.670E-02 4.448E-02 2.222E-03 9.77E-01
3.055E-03 4.561E-02 4.342E-02 2.190E-03 9.78E-01
3.020E-03 4.452E-02 4.236E-02 2.158E-03 9.78E-01
2.985E-03 4.343E-02 4.130E-02 2.126E-03 9.79E-01
2.951E-03 4.234E-02 4.025E-02 2.094E-03 9.79E-01
2.917E-03 4.126E-02 3.919E-02 2.062E-03 9.80E-01
2.884E-03 4.018E-02 3.815E-02 2.029E-03 9.80E-01
2.851E-03 3.912E-02 3.712E-02 1.996E-03 9.80E-01
2.818E-03 3.806E-02 3.610E-02 1.963E-03 9.81E-01
2.786E-03 3.703E-02 3.510E-02 1.930E-03 9.81E-01
2.754E-03 3.602E-02 3.412E-02 1.896E-03 9.81E-01
2.723E-03 3.507E-02 3.320E-02 1.863E-03 9.82E-01
2.692E-03 3.413E-02 3.230E-02 1.829E-03 9.82E-01
2.661E-03 3.320E-02 3.141E-02 1.795E-03 9.82E-01
2.630E-03 3.230E-02 3.054E-02 1.761E-03 9.83E-01
2.600E-03 3.141E-02 2.969E-02 1.728E-03 9.83E-01
2.570E-03 3.055E-02 2.886E-02 1.694E-03 9.84E-01
2.541E-03 2.972E-02 2.806E-02 1.660E-03 9.84E-01
2.512E-03 2.891E-02 2.729E-02 1.627E-03 9.84E-01
2.483E-03 2.815E-02 2.655E-02 1.594E-03 9.84E-01
2.455E-03 2.738E-02 2.581E-02 1.562E-03 9.85E-01
2.427E-03 2.662E-02 2.509E-02 1.531E-03 9.85E-01
2.399E-03 2.587E-02 2.437E-02 1.500E-03 9.85E-01
2.371E-03 2.514E-02 2.367E-02 1.469E-03 9.86E-01
2.344E-03 2.443E-02 2.299E-02 1.439E-03 9.86E-01
2.317E-03 2.374E-02 2.233E-02 1.409E-03 9.86E-01
2.291E-03 2.308E-02 2.170E-02 1.380E-03 9.86E-01
2.265E-03 2.244E-02 2.109E-02 1.351E-03 9.87E-01
2.239E-03 2.182E-02 2.049E-02 1.323E-03 9.87E-01
2.213E-03 2.119E-02 1.990E-02 1.294E-03 9.87E-01
2.188E-03 2.058E-02 1.932E-02 1.267E-03 9.87E-01
2.163E-03 1.999E-02 1.875E-02 1.239E-03 9.88E-01
2.138E-03 1.941E-02 1.820E-02 1.213E-03 9.88E-01
2.113E-03 1.885E-02 1.766E-02 1.186E-03 9.88E-01
2.089E-03 1.831E-02 1.715E-02 1.160E-03 9.88E-01
2.065E-03 1.779E-02 1.666E-02 1.135E-03 9.89E-01
2.042E-03 1.728E-02 1.617E-02 1.110E-03 9.89E-01
2.018E-03 1.677E-02 1.569E-02 1.086E-03 9.89E-01
1.995E-03 1.628E-02 1.522E-02 1.062E-03 9.89E-01
1.972E-03 1.580E-02 1.476E-02 1.038E-03 9.89E-01
1.950E-03 1.534E-02 1.432E-02 1.015E-03 9.90E-01
1.928E-03 1.489E-02 1.390E-02 9.925E-04 9.90E-01
1.905E-03 1.446E-02 1.349E-02 9.704E-04 9.90E-01
1.884E-03 1.403E-02 1.308E-02 9.487E-04 9.90E-01
1.862E-03 1.361E-02 1.269E-02 9.271E-04 9.90E-01
1.841E-03 1.321E-02 1.230E-02 9.059E-04 9.91E-01
1.820E-03 1.281E-02 1.192E-02 8.852E-04 9.91E-01
1.799E-03 1.243E-02 1.156E-02 8.648E-04 9.91E-01
1.778E-03 1.206E-02 1.121E-02 8.450E-04 9.91E-01
1.758E-03 1.170E-02 1.088E-02 8.256E-04 9.91E-01
1.738E-03 1.135E-02 1.054E-02 8.064E-04 9.92E-01
1.718E-03 1.101E-02 1.022E-02 7.876E-04 9.92E-01
1.698E-03 1.067E-02 9.903E-03 7.692E-04 9.92E-01
1.679E-03 1.035E-02 9.599E-03 7.513E-04 9.92E-01
1.660E-03 1.004E-02 9.306E-03 7.338E-04 9.92E-01
1.641E-03 9.738E-03 9.022E-03 7.167E-04 9.92E-01
1.622E-03 9.442E-03 8.742E-03 7.000E-04 9.93E-01
1.603E-03 9.153E-03 8.470E-03 6.836E-04 9.93E-01
1.585E-03 8.873E-03 8.205E-03 6.675E-04 9.93E-01
1.567E-03 8.602E-03 7.950E-03 6.519E-04 9.93E-01
1.549E-03 8.342E-03 7.705E-03 6.367E-04 9.93E-01
1.531E-03 8.087E-03 7.466E-03 6.217E-04 9.93E-01
1.514E-03 7.839E-03 7.232E-03 6.070E-04 9.93E-01
1.496E-03 7.597E-03 7.004E-03 5.926E-04 9.93E-01
1.479E-03 7.363E-03 6.785E-03 5.785E-04 9.94E-01
1.462E-03 7.138E-03 6.574E-03 5.649E-04 9.94E-01
1.445E-03 6.919E-03 6.368E-03 5.515E-04 9.94E-01
1.429E-03 6.705E-03 6.166E-03 5.384E-04 9.94E-01
1.413E-03 6.496E-03 5.970E-03 5.256E-04 9.94E-01
1.396E-03 6.294E-03 5.781E-03 5.132E-04 9.94E-01
1.380E-03 6.100E-03 5.598E-03 5.010E-04 9.94E-01
1.365E-03 5.911E-03 5.422E-03 4.892E-04 9.94E-01
1.349E-03 5.727E-03 5.250E-03 4.775E-04 9.95E-01
1.334E-03 5.549E-03 5.083E-03 4.661E-04 9.95E-01
1.318E-03 5.376E-03 4.921E-03 4.550E-04 9.95E-01
1.303E-03 5.211E-03 4.767E-03 4.442E-04 9.95E-01
1.288E-03 5.052E-03 4.618E-03 4.337E-04 9.95E-01
1.274E-03 4.895E-03 4.471E-03 4.233E-04 9.95E-01
1.259E-03 4.741E-03 4.328E-03 4.130E-04 9.95E-01
1.245E-03 4.590E-03 4.187E-03 4.030E-04 9.95E-01
1.230E-03 4.451E-03 4.057E-03 3.935E-04 9.95E-01
1.216E-03 4.317E-03 3.932E-03 3.845E-04 9.95E-01
1.202E-03 4.184E-03 3.809E-03 3.755E-04 9.96E-01
1.189E-03 4.053E-03 3.687E-03 3.665E-04 9.96E-01
1.175E-03 3.925E-03 3.567E-03 3.578E-04 9.96E-01
1.161E-03 3.799E-03 3.450E-03 3.491E-04 9.96E-01
1.148E-03 3.676E-03 3.335E-03 3.406E-04 9.96E-01
1.135E-03 3.556E-03 3.224E-03 3.323E-04 9.96E-01
1.122E-03 3.442E-03 3.118E-03 3.242E-04 9.96E-01
1.109E-03 3.333E-03 3.016E-03 3.165E-04 9.96E-01
1.096E-03 3.226E-03 2.918E-03 3.088E-04 9.96E-01
1.084E-03 3.123E-03 2.822E-03 3.013E-04 9.96E-01
1.072E-03 3.023E-03 2.729E-03 2.940E-04 9.96E-01
1.059E-03 2.927E-03 2.640E-03 2.869E-04 9.96E-01
1.047E-03 2.834E-03 2.554E-03 2.799E-04 9.96E-01
1.035E-03 2.747E-03 2.474E-03 2.733E-04 9.97E-01
1.023E-03 2.661E-03 2.394E-03 2.667E-04 9.97E-01
1.012E-03 2.576E-03 2.315E-03 2.603E-04 9.97E-01
