w(micron)   Q_ext     Q_abs     Q_sca    g=<cos>
1.000E+03 5.853E-09 5.853E-09 1.646E-20 0.00E+00
9.886E+02 5.982E-09 5.982E-09 1.723E-20 0.00E+00
9.772E+02 6.114E-09 6.114E-09 1.804E-20 0.00E+00
9.661E+02 6.249E-09 6.249E-09 1.889E-20 0.00E+00
9.550E+02 6.388E-09 6.388E-09 1.978E-20 0.00E+00
9.441E+02 6.529E-09 6.529E-09 2.071E-20 0.00E+00
9.333E+02 6.674E-09 6.674E-09 2.169E-20 0.00E+00
9.226E+02 6.822E-09 6.822E-09 2.271E-20 0.00E+00
9.120E+02 6.973E-09 6.973E-09 2.378E-20 0.00E+00
9.016E+02 7.128E-09 7.128E-09 2.490E-20 0.00E+00
8.913E+02 7.287E-09 7.287E-09 2.607E-20 0.00E+00
8.810E+02 7.449E-09 7.449E-09 2.730E-20 0.00E+00
8.710E+02 7.615E-09 7.615E-09 2.859E-20 0.00E+00
8.610E+02 7.785E-09 7.785E-09 2.993E-20 0.00E+00
8.511E+02 7.959E-09 7.959E-09 3.134E-20 0.00E+00
8.414E+02 8.137E-09 8.137E-09 3.282E-20 0.00E+00
8.318E+02 8.318E-09 8.318E-09 3.437E-20 0.00E+00
8.222E+02 8.504E-09 8.504E-09 3.599E-20 0.00E+00
8.128E+02 8.695E-09 8.695E-09 3.768E-20 0.00E+00
8.035E+02 8.890E-09 8.890E-09 3.946E-20 0.00E+00
7.943E+02 9.089E-09 9.089E-09 4.131E-20 0.00E+00
7.852E+02 9.293E-09 9.293E-09 4.326E-20 0.00E+00
7.762E+02 9.501E-09 9.501E-09 4.530E-20 0.00E+00
7.674E+02 9.715E-09 9.715E-09 4.743E-20 0.00E+00
7.586E+02 9.933E-09 9.933E-09 4.967E-20 0.00E+00
7.499E+02 1.016E-08 1.016E-08 5.201E-20 0.00E+00
7.413E+02 1.039E-08 1.039E-08 5.446E-20 0.00E+00
7.328E+02 1.062E-08 1.062E-08 5.702E-20 0.00E+00
7.244E+02 1.086E-08 1.086E-08 5.971E-20 0.00E+00
7.161E+02 1.110E-08 1.110E-08 6.252E-20 0.00E+00
7.079E+02 1.135E-08 1.135E-08 6.546E-20 0.00E+00
6.998E+02 1.161E-08 1.161E-08 6.855E-20 0.00E+00
6.918E+02 1.187E-08 1.187E-08 7.178E-20 0.00E+00
6.839E+02 1.214E-08 1.214E-08 7.516E-20 0.00E+00
6.761E+02 1.242E-08 1.242E-08 7.870E-20 0.00E+00
6.683E+02 1.270E-08 1.270E-08 8.240E-20 0.00E+00
6.607E+02 1.298E-08 1.298E-08 8.629E-20 0.00E+00
6.531E+02 1.328E-08 1.328E-08 9.035E-20 0.00E+00
6.457E+02 1.358E-08 1.358E-08 9.460E-20 0.00E+00
6.383E+02 1.389E-08 1.389E-08 9.906E-20 0.00E+00
6.310E+02 1.420E-08 1.420E-08 1.037E-19 0.00E+00
6.237E+02 1.453E-08 1.453E-08 1.086E-19 0.00E+00
6.166E+02 1.486E-08 1.486E-08 1.137E-19 0.00E+00
6.095E+02 1.519E-08 1.519E-08 1.191E-19 0.00E+00
6.026E+02 1.554E-08 1.554E-08 1.247E-19 0.00E+00
5.957E+02 1.589E-08 1.589E-08 1.306E-19 0.00E+00
5.888E+02 1.625E-08 1.625E-08 1.367E-19 0.00E+00
5.821E+02 1.662E-08 1.662E-08 1.432E-19 0.00E+00
5.754E+02 1.700E-08 1.700E-08 1.499E-19 0.00E+00
5.689E+02 1.739E-08 1.739E-08 1.570E-19 0.00E+00
5.623E+02 1.779E-08 1.779E-08 1.643E-19 0.00E+00
5.559E+02 1.819E-08 1.819E-08 1.721E-19 0.00E+00
5.495E+02 1.861E-08 1.861E-08 1.802E-19 0.00E+00
5.433E+02 1.903E-08 1.903E-08 1.887E-19 0.00E+00
5.370E+02 1.947E-08 1.947E-08 1.976E-19 0.00E+00
5.309E+02 1.991E-08 1.991E-08 2.069E-19 0.00E+00
5.248E+02 2.037E-08 2.037E-08 2.166E-19 0.00E+00
5.188E+02 2.083E-08 2.083E-08 2.268E-19 0.00E+00
5.129E+02 2.131E-08 2.131E-08 2.375E-19 0.00E+00
5.070E+02 2.180E-08 2.180E-08 2.487E-19 0.00E+00
5.012E+02 2.230E-08 2.230E-08 2.604E-19 0.00E+00
4.955E+02 2.281E-08 2.281E-08 2.727E-19 0.00E+00
4.898E+02 2.333E-08 2.333E-08 2.855E-19 0.00E+00
4.842E+02 2.387E-08 2.387E-08 2.989E-19 0.00E+00
4.786E+02 2.441E-08 2.441E-08 3.130E-19 0.00E+00
4.732E+02 2.497E-08 2.497E-08 3.277E-19 0.00E+00
4.677E+02 2.555E-08 2.555E-08 3.432E-19 0.00E+00
4.624E+02 2.613E-08 2.613E-08 3.593E-19 0.00E+00
4.571E+02 2.673E-08 2.673E-08 3.763E-19 0.00E+00
4.519E+02 2.735E-08 2.735E-08 3.940E-19 0.00E+00
4.467E+02 2.798E-08 2.798E-08 4.125E-19 0.00E+00
4.416E+02 2.862E-08 2.862E-08 4.320E-19 0.00E+00
4.365E+02 2.928E-08 2.928E-08 4.523E-19 0.00E+00
4.315E+02 2.995E-08 2.995E-08 4.736E-19 0.00E+00
4.266E+02 3.064E-08 3.064E-08 4.959E-19 0.00E+00
4.217E+02 3.134E-08 3.134E-08 5.192E-19 0.00E+00
4.169E+02 3.207E-08 3.207E-08 5.437E-19 0.00E+00
4.121E+02 3.280E-08 3.280E-08 5.693E-19 0.00E+00
4.074E+02 3.356E-08 3.356E-08 5.961E-19 0.00E+00
4.027E+02 3.433E-08 3.433E-08 6.241E-19 0.00E+00
3.981E+02 3.512E-08 3.512E-08 6.535E-19 0.00E+00
3.936E+02 3.593E-08 3.593E-08 6.843E-19 0.00E+00
3.890E+02 3.676E-08 3.676E-08 7.165E-19 0.00E+00
3.846E+02 3.761E-08 3.761E-08 7.502E-19 0.00E+00
3.802E+02 3.848E-08 3.848E-08 7.855E-19 0.00E+00
3.758E+02 3.937E-08 3.937E-08 8.225E-19 0.00E+00
3.715E+02 4.027E-08 4.027E-08 8.612E-19 0.00E+00
3.673E+02 4.120E-08 4.120E-08 9.017E-19 0.00E+00
3.631E+02 4.215E-08 4.215E-08 9.442E-19 0.00E+00
3.589E+02 4.313E-08 4.313E-08 9.886E-19 0.00E+00
3.548E+02 4.412E-08 4.412E-08 1.035E-18 0.00E+00
3.508E+02 4.514E-08 4.514E-08 1.084E-18 0.00E+00
3.467E+02 4.619E-08 4.619E-08 1.135E-18 0.00E+00
3.428E+02 4.725E-08 4.725E-08 1.188E-18 0.00E+00
3.388E+02 4.835E-08 4.835E-08 1.244E-18 0.00E+00
3.350E+02 4.946E-08 4.946E-08 1.303E-18 0.00E+00
3.311E+02 5.061E-08 5.061E-08 1.364E-18 0.00E+00
3.273E+02 5.178E-08 5.178E-08 1.428E-18 0.00E+00
3.236E+02 5.298E-08 5.298E-08 1.495E-18 0.00E+00
3.199E+02 5.420E-08 5.420E-08 1.566E-18 0.00E+00
3.162E+02 5.546E-08 5.546E-08 1.639E-18 0.00E+00
3.126E+02 5.674E-08 5.674E-08 1.717E-18 0.00E+00
3.090E+02 5.805E-08 5.805E-08 1.797E-18 0.00E+00
3.055E+02 5.940E-08 5.940E-08 1.882E-18 0.00E+00
3.020E+02 6.077E-08 6.077E-08 1.970E-18 0.00E+00
2.985E+02 6.218E-08 6.218E-08 2.063E-18 0.00E+00
2.951E+02 6.362E-08 6.362E-08 2.160E-18 0.00E+00
2.917E+02 6.509E-08 6.509E-08 2.262E-18 0.00E+00
2.884E+02 6.660E-08 6.660E-08 2.368E-18 0.00E+00
2.851E+02 6.815E-08 6.815E-08 2.479E-18 0.00E+00
2.818E+02 6.972E-08 6.972E-08 2.596E-18 0.00E+00
2.786E+02 7.134E-08 7.134E-08 2.718E-18 0.00E+00
2.754E+02 7.300E-08 7.300E-08 2.846E-18 0.00E+00
2.723E+02 7.469E-08 7.469E-08 2.980E-18 0.00E+00
2.692E+02 7.642E-08 7.642E-08 3.120E-18 0.00E+00
2.661E+02 7.819E-08 7.819E-08 3.266E-18 0.00E+00
2.630E+02 8.001E-08 8.001E-08 3.420E-18 0.00E+00
2.600E+02 8.186E-08 8.186E-08 3.581E-18 0.00E+00
2.570E+02 8.376E-08 8.376E-08 3.749E-18 0.00E+00
2.541E+02 8.571E-08 8.571E-08 3.925E-18 0.00E+00
2.512E+02 8.770E-08 8.770E-08 4.110E-18 0.00E+00
2.483E+02 8.973E-08 8.973E-08 4.303E-18 0.00E+00
2.455E+02 9.182E-08 9.182E-08 4.505E-18 0.00E+00
2.427E+02 9.395E-08 9.395E-08 4.717E-18 0.00E+00
2.399E+02 9.613E-08 9.613E-08 4.938E-18 0.00E+00
2.371E+02 9.836E-08 9.836E-08 5.171E-18 0.00E+00
2.344E+02 1.006E-07 1.006E-07 5.413E-18 0.00E+00
2.317E+02 1.030E-07 1.030E-07 5.668E-18 0.00E+00
2.291E+02 1.054E-07 1.054E-07 5.934E-18 0.00E+00
2.265E+02 1.078E-07 1.078E-07 6.213E-18 0.00E+00
2.239E+02 1.103E-07 1.103E-07 6.505E-18 0.00E+00
2.213E+02 1.129E-07 1.129E-07 6.810E-18 0.00E+00
2.188E+02 1.155E-07 1.155E-07 7.130E-18 0.00E+00
2.163E+02 1.182E-07 1.182E-07 7.465E-18 0.00E+00
2.138E+02 1.210E-07 1.210E-07 7.815E-18 0.00E+00
2.113E+02 1.238E-07 1.238E-07 8.182E-18 0.00E+00
2.089E+02 1.266E-07 1.266E-07 8.566E-18 0.00E+00
2.065E+02 1.296E-07 1.296E-07 8.968E-18 0.00E+00
2.042E+02 1.326E-07 1.326E-07 9.389E-18 0.00E+00
2.018E+02 1.357E-07 1.357E-07 9.830E-18 0.00E+00
1.995E+02 1.389E-07 1.389E-07 1.029E-17 0.00E+00
1.972E+02 1.421E-07 1.421E-07 1.077E-17 0.00E+00
1.950E+02 1.454E-07 1.454E-07 1.128E-17 0.00E+00
1.928E+02 1.488E-07 1.488E-07 1.181E-17 0.00E+00
1.905E+02 1.522E-07 1.522E-07 1.236E-17 0.00E+00
1.884E+02 1.558E-07 1.558E-07 1.294E-17 0.00E+00
1.862E+02 1.594E-07 1.594E-07 1.355E-17 0.00E+00
1.841E+02 1.631E-07 1.631E-07 1.418E-17 0.00E+00
1.820E+02 1.669E-07 1.669E-07 1.485E-17 0.00E+00
1.799E+02 1.708E-07 1.708E-07 1.555E-17 0.00E+00
1.778E+02 1.748E-07 1.748E-07 1.627E-17 0.00E+00
1.758E+02 1.789E-07 1.789E-07 1.704E-17 0.00E+00
1.738E+02 1.830E-07 1.830E-07 1.784E-17 0.00E+00
1.718E+02 1.873E-07 1.873E-07 1.867E-17 0.00E+00
1.698E+02 1.917E-07 1.917E-07 1.955E-17 0.00E+00
1.679E+02 1.961E-07 1.961E-07 2.046E-17 0.00E+00
1.660E+02 2.007E-07 2.007E-07 2.142E-17 0.00E+00
1.641E+02 2.054E-07 2.054E-07 2.242E-17 0.00E+00
1.622E+02 2.102E-07 2.102E-07 2.347E-17 0.00E+00
1.603E+02 2.151E-07 2.151E-07 2.457E-17 0.00E+00
1.585E+02 2.201E-07 2.201E-07 2.572E-17 0.00E+00
1.567E+02 2.253E-07 2.253E-07 2.693E-17 0.00E+00
1.549E+02 2.305E-07 2.305E-07 2.819E-17 0.00E+00
1.531E+02 2.359E-07 2.359E-07 2.951E-17 0.00E+00
1.514E+02 2.414E-07 2.414E-07 3.089E-17 0.00E+00
1.496E+02 2.470E-07 2.470E-07 3.233E-17 0.00E+00
1.479E+02 2.528E-07 2.528E-07 3.385E-17 0.00E+00
1.462E+02 2.587E-07 2.587E-07 3.543E-17 0.00E+00
1.445E+02 2.648E-07 2.648E-07 3.708E-17 0.00E+00
1.429E+02 2.710E-07 2.710E-07 3.882E-17 0.00E+00
1.413E+02 2.773E-07 2.773E-07 4.063E-17 0.00E+00
1.396E+02 2.838E-07 2.838E-07 4.253E-17 0.00E+00
1.380E+02 2.904E-07 2.904E-07 4.452E-17 0.00E+00
1.365E+02 2.972E-07 2.972E-07 4.660E-17 0.00E+00
1.349E+02 3.042E-07 3.042E-07 4.877E-17 0.00E+00
1.334E+02 3.113E-07 3.113E-07 5.105E-17 0.00E+00
1.318E+02 3.186E-07 3.186E-07 5.343E-17 0.00E+00
1.303E+02 3.261E-07 3.261E-07 5.593E-17 0.00E+00
1.288E+02 3.337E-07 3.337E-07 5.854E-17 0.00E+00
1.274E+02 3.415E-07 3.415E-07 6.127E-17 0.00E+00
1.259E+02 3.495E-07 3.495E-07 6.412E-17 0.00E+00
1.245E+02 3.577E-07 3.577E-07 6.711E-17 0.00E+00
1.230E+02 3.661E-07 3.661E-07 7.024E-17 0.00E+00
1.216E+02 3.747E-07 3.747E-07 7.351E-17 0.00E+00
1.202E+02 3.835E-07 3.835E-07 7.694E-17 0.00E+00
1.189E+02 3.925E-07 3.925E-07 8.052E-17 0.00E+00
1.175E+02 4.018E-07 4.018E-07 8.427E-17 0.00E+00
1.161E+02 4.112E-07 4.112E-07 8.819E-17 0.00E+00
1.148E+02 4.209E-07 4.209E-07 9.230E-17 0.00E+00
1.135E+02 4.308E-07 4.308E-07 9.659E-17 0.00E+00
1.122E+02 4.409E-07 4.409E-07 1.011E-16 0.00E+00
1.109E+02 4.513E-07 4.513E-07 1.058E-16 0.00E+00
1.096E+02 4.619E-07 4.619E-07 1.107E-16 0.00E+00
1.084E+02 4.728E-07 4.728E-07 1.158E-16 0.00E+00
1.072E+02 4.840E-07 4.840E-07 1.212E-16 0.00E+00
1.059E+02 4.954E-07 4.954E-07 1.268E-16 0.00E+00
1.047E+02 5.071E-07 5.071E-07 1.327E-16 0.00E+00
1.035E+02 5.190E-07 5.190E-07 1.389E-16 0.00E+00
1.023E+02 5.313E-07 5.313E-07 1.453E-16 0.00E+00
1.012E+02 5.438E-07 5.438E-07 1.521E-16 0.00E+00
1.000E+02 5.567E-07 5.567E-07 1.591E-16 0.00E+00
9.886E+01 5.698E-07 5.698E-07 1.665E-16 0.00E+00
9.772E+01 5.833E-07 5.833E-07 1.742E-16 0.00E+00
9.661E+01 5.970E-07 5.970E-07 1.822E-16 0.00E+00
9.550E+01 6.112E-07 6.112E-07 1.907E-16 0.00E+00
9.441E+01 6.256E-07 6.256E-07 1.995E-16 0.00E+00
9.333E+01 6.404E-07 6.404E-07 2.087E-16 0.00E+00
9.226E+01 6.555E-07 6.555E-07 2.183E-16 0.00E+00
9.120E+01 6.710E-07 6.710E-07 2.284E-16 0.00E+00
9.016E+01 6.869E-07 6.869E-07 2.389E-16 0.00E+00
8.913E+01 7.032E-07 7.032E-07 2.500E-16 0.00E+00
8.810E+01 7.198E-07 7.198E-07 2.615E-16 0.00E+00
8.710E+01 7.369E-07 7.369E-07 2.735E-16 0.00E+00
8.610E+01 7.543E-07 7.543E-07 2.861E-16 0.00E+00
8.511E+01 7.722E-07 7.722E-07 2.993E-16 0.00E+00
8.414E+01 7.906E-07 7.906E-07 3.131E-16 0.00E+00
8.318E+01 8.094E-07 8.094E-07 3.275E-16 0.00E+00
8.222E+01 8.286E-07 8.286E-07 3.425E-16 0.00E+00
8.128E+01 8.483E-07 8.483E-07 3.583E-16 0.00E+00
8.035E+01 8.685E-07 8.685E-07 3.747E-16 0.00E+00
7.943E+01 8.892E-07 8.892E-07 3.919E-16 0.00E+00
7.852E+01 9.104E-07 9.104E-07 4.099E-16 0.00E+00
7.762E+01 9.322E-07 9.322E-07 4.287E-16 0.00E+00
7.674E+01 9.545E-07 9.545E-07 4.483E-16 0.00E+00
7.586E+01 9.773E-07 9.773E-07 4.688E-16 0.00E+00
7.499E+01 1.001E-06 1.001E-06 4.903E-16 0.00E+00
7.413E+01 1.025E-06 1.025E-06 5.127E-16 0.00E+00
7.328E+01 1.049E-06 1.049E-06 5.361E-16 0.00E+00
7.244E+01 1.074E-06 1.074E-06 5.606E-16 0.00E+00
7.161E+01 1.100E-06 1.100E-06 5.862E-16 0.00E+00
7.079E+01 1.127E-06 1.127E-06 6.129E-16 0.00E+00
6.998E+01 1.154E-06 1.154E-06 6.409E-16 0.00E+00
6.918E+01 1.182E-06 1.182E-06 6.700E-16 0.00E+00
6.839E+01 1.210E-06 1.210E-06 7.005E-16 0.00E+00
6.761E+01 1.240E-06 1.240E-06 7.324E-16 0.00E+00
6.683E+01 1.270E-06 1.270E-06 7.657E-16 0.00E+00
6.607E+01 1.301E-06 1.301E-06 8.005E-16 0.00E+00
6.531E+01 1.332E-06 1.332E-06 8.368E-16 0.00E+00
6.457E+01 1.365E-06 1.365E-06 8.748E-16 0.00E+00
6.383E+01 1.398E-06 1.398E-06 9.144E-16 0.00E+00
6.310E+01 1.432E-06 1.432E-06 9.559E-16 0.00E+00
6.237E+01 1.467E-06 1.467E-06 9.991E-16 0.00E+00
6.166E+01 1.504E-06 1.504E-06 1.044E-15 0.00E+00
6.095E+01 1.541E-06 1.541E-06 1.092E-15 0.00E+00
6.026E+01 1.579E-06 1.579E-06 1.141E-15 0.00E+00
5.957E+01 1.618E-06 1.618E-06 1.192E-15 0.00E+00
5.888E+01 1.658E-06 1.658E-06 1.246E-15 0.00E+00
5.821E+01 1.699E-06 1.699E-06 1.302E-15 0.00E+00
5.754E+01 1.742E-06 1.742E-06 1.361E-15 0.00E+00
5.689E+01 1.785E-06 1.785E-06 1.422E-15 0.00E+00
5.623E+01 1.830E-06 1.830E-06 1.486E-15 0.00E+00
5.559E+01 1.876E-06 1.876E-06 1.553E-15 0.00E+00
5.495E+01 1.924E-06 1.924E-06 1.623E-15 0.00E+00
5.433E+01 1.973E-06 1.973E-06 1.696E-15 0.00E+00
5.370E+01 2.023E-06 2.023E-06 1.772E-15 0.00E+00
5.309E+01 2.075E-06 2.075E-06 1.851E-15 0.00E+00
5.248E+01 2.128E-06 2.128E-06 1.934E-15 0.00E+00
5.188E+01 2.183E-06 2.183E-06 2.021E-15 0.00E+00
5.129E+01 2.240E-06 2.240E-06 2.111E-15 0.00E+00
5.070E+01 2.298E-06 2.298E-06 2.206E-15 0.00E+00
5.012E+01 2.359E-06 2.359E-06 2.304E-15 0.00E+00
4.955E+01 2.421E-06 2.421E-06 2.407E-15 0.00E+00
4.898E+01 2.485E-06 2.485E-06 2.515E-15 0.00E+00
4.842E+01 2.551E-06 2.551E-06 2.627E-15 0.00E+00
4.786E+01 2.619E-06 2.619E-06 2.744E-15 0.00E+00
4.732E+01 2.690E-06 2.690E-06 2.867E-15 0.00E+00
4.677E+01 2.762E-06 2.762E-06 2.994E-15 0.00E+00
4.624E+01 2.837E-06 2.837E-06 3.128E-15 0.00E+00
4.571E+01 2.915E-06 2.915E-06 3.267E-15 0.00E+00
4.519E+01 2.995E-06 2.995E-06 3.412E-15 0.00E+00
4.467E+01 3.078E-06 3.078E-06 3.564E-15 0.00E+00
4.416E+01 3.163E-06 3.163E-06 3.722E-15 0.00E+00
4.365E+01 3.252E-06 3.252E-06 3.888E-15 0.00E+00
4.315E+01 3.343E-06 3.343E-06 4.060E-15 0.00E+00
4.266E+01 3.438E-06 3.438E-06 4.241E-15 0.00E+00
4.217E+01 3.536E-06 3.536E-06 4.429E-15 0.00E+00
4.169E+01 3.637E-06 3.637E-06 4.626E-15 0.00E+00
4.121E+01 3.742E-06 3.742E-06 4.831E-15 0.00E+00
4.074E+01 3.850E-06 3.850E-06 5.045E-15 0.00E+00
4.027E+01 3.962E-06 3.962E-06 5.269E-15 0.00E+00
3.981E+01 4.078E-06 4.078E-06 5.503E-15 0.00E+00
3.936E+01 4.198E-06 4.198E-06 5.747E-15 0.00E+00
3.890E+01 4.322E-06 4.322E-06 6.002E-15 0.00E+00
3.846E+01 4.450E-06 4.450E-06 6.269E-15 0.00E+00
3.802E+01 4.582E-06 4.582E-06 6.547E-15 0.00E+00
3.758E+01 4.719E-06 4.719E-06 6.838E-15 0.00E+00
3.715E+01 4.860E-06 4.860E-06 7.141E-15 0.00E+00
3.673E+01 5.006E-06 5.006E-06 7.459E-15 0.00E+00
3.631E+01 5.156E-06 5.156E-06 7.790E-15 0.00E+00
3.589E+01 5.310E-06 5.310E-06 8.137E-15 0.00E+00
3.548E+01 5.469E-06 5.469E-06 8.499E-15 0.00E+00
3.508E+01 5.633E-06 5.633E-06 8.877E-15 0.00E+00
3.467E+01 5.801E-06 5.801E-06 9.272E-15 0.00E+00
3.428E+01 5.973E-06 5.973E-06 9.685E-15 0.00E+00
3.388E+01 6.149E-06 6.149E-06 1.012E-14 0.00E+00
3.350E+01 6.328E-06 6.328E-06 1.057E-14 0.00E+00
3.311E+01 6.511E-06 6.511E-06 1.104E-14 0.00E+00
3.273E+01 6.698E-06 6.698E-06 1.153E-14 0.00E+00
3.236E+01 6.887E-06 6.887E-06 1.205E-14 0.00E+00
3.199E+01 7.078E-06 7.078E-06 1.259E-14 0.00E+00
3.162E+01 7.271E-06 7.271E-06 1.315E-14 0.00E+00
3.126E+01 7.464E-06 7.464E-06 1.374E-14 0.00E+00
3.090E+01 7.659E-06 7.659E-06 1.436E-14 0.00E+00
3.055E+01 7.852E-06 7.852E-06 1.500E-14 0.00E+00
3.020E+01 8.045E-06 8.045E-06 1.568E-14 0.00E+00
2.985E+01 8.236E-06 8.236E-06 1.638E-14 0.00E+00
2.951E+01 8.425E-06 8.425E-06 1.712E-14 0.00E+00
2.917E+01 8.611E-06 8.611E-06 1.789E-14 0.00E+00
2.884E+01 8.793E-06 8.793E-06 1.870E-14 0.00E+00
2.851E+01 8.971E-06 8.971E-06 1.955E-14 0.00E+00
2.818E+01 9.145E-06 9.145E-06 2.043E-14 0.00E+00
2.786E+01 9.315E-06 9.315E-06 2.135E-14 0.00E+00
2.754E+01 9.483E-06 9.483E-06 2.232E-14 0.00E+00
2.723E+01 9.649E-06 9.649E-06 2.334E-14 0.00E+00
2.692E+01 9.816E-06 9.816E-06 2.440E-14 0.00E+00
2.661E+01 9.989E-06 9.989E-06 2.551E-14 0.00E+00
2.630E+01 1.017E-05 1.017E-05 2.667E-14 0.00E+00
2.600E+01 1.037E-05 1.037E-05 2.788E-14 0.00E+00
2.570E+01 1.061E-05 1.061E-05 2.915E-14 0.00E+00
2.541E+01 1.090E-05 1.090E-05 3.048E-14 0.00E+00
2.512E+01 1.127E-05 1.127E-05 3.188E-14 0.00E+00
2.483E+01 1.179E-05 1.179E-05 3.333E-14 0.00E+00
2.455E+01 1.254E-05 1.254E-05 3.486E-14 0.00E+00
2.427E+01 1.370E-05 1.370E-05 3.645E-14 0.00E+00
2.399E+01 1.563E-05 1.563E-05 3.812E-14 0.00E+00
2.371E+01 1.897E-05 1.897E-05 3.987E-14 0.00E+00
2.344E+01 2.449E-05 2.449E-05 4.170E-14 0.00E+00
2.317E+01 3.011E-05 3.011E-05 4.362E-14 0.00E+00
2.291E+01 2.927E-05 2.927E-05 4.563E-14 0.00E+00
2.265E+01 2.501E-05 2.501E-05 4.774E-14 0.00E+00
2.239E+01 2.330E-05 2.330E-05 4.994E-14 0.00E+00
2.213E+01 2.525E-05 2.525E-05 5.225E-14 0.00E+00
2.188E+01 3.213E-05 3.213E-05 5.466E-14 0.00E+00
2.163E+01 4.791E-05 4.791E-05 5.719E-14 0.00E+00
2.138E+01 7.598E-05 7.598E-05 5.984E-14 0.00E+00
2.113E+01 8.659E-05 8.659E-05 6.262E-14 0.00E+00
2.089E+01 5.877E-05 5.877E-05 6.553E-14 0.00E+00
2.065E+01 3.589E-05 3.589E-05 6.857E-14 0.00E+00
2.042E+01 2.423E-05 2.423E-05 7.176E-14 0.00E+00
2.018E+01 1.823E-05 1.823E-05 7.510E-14 0.00E+00
1.995E+01 1.492E-05 1.492E-05 7.859E-14 0.00E+00
1.972E+01 1.302E-05 1.302E-05 8.224E-14 0.00E+00
1.950E+01 1.198E-05 1.198E-05 8.606E-14 0.00E+00
1.928E+01 1.165E-05 1.165E-05 9.007E-14 0.00E+00
1.905E+01 1.217E-05 1.217E-05 9.427E-14 0.00E+00
1.884E+01 1.434E-05 1.434E-05 9.867E-14 0.00E+00
1.862E+01 2.145E-05 2.145E-05 1.033E-13 0.00E+00
1.841E+01 4.999E-05 4.999E-05 1.081E-13 0.00E+00
1.820E+01 8.021E-05 8.021E-05 1.132E-13 0.00E+00
1.799E+01 2.994E-05 2.994E-05 1.185E-13 0.00E+00
1.778E+01 1.567E-05 1.567E-05 1.240E-13 0.00E+00
1.758E+01 1.128E-05 1.128E-05 1.298E-13 0.00E+00
1.738E+01 9.572E-06 9.572E-06 1.359E-13 0.00E+00
1.718E+01 9.004E-06 9.004E-06 1.423E-13 0.00E+00
1.698E+01 9.386E-06 9.386E-06 1.490E-13 0.00E+00
1.679E+01 1.175E-05 1.175E-05 1.560E-13 0.00E+00
1.660E+01 2.413E-05 2.413E-05 1.633E-13 0.00E+00
1.641E+01 1.288E-04 1.288E-04 1.710E-13 0.00E+00
1.622E+01 2.577E-05 2.577E-05 1.790E-13 0.00E+00
1.603E+01 1.133E-05 1.133E-05 1.874E-13 0.00E+00
1.585E+01 8.280E-06 8.280E-06 1.962E-13 0.00E+00
1.567E+01 7.188E-06 7.188E-06 2.055E-13 0.00E+00
1.549E+01 6.705E-06 6.705E-06 2.151E-13 0.00E+00
1.531E+01 6.486E-06 6.486E-06 2.253E-13 0.00E+00
1.514E+01 6.415E-06 6.415E-06 2.359E-13 0.00E+00
1.496E+01 6.447E-06 6.447E-06 2.470E-13 0.00E+00
1.479E+01 6.566E-06 6.566E-06 2.587E-13 0.00E+00
1.462E+01 6.772E-06 6.772E-06 2.709E-13 0.00E+00
1.445E+01 7.076E-06 7.076E-06 2.836E-13 0.00E+00
1.429E+01 7.497E-06 7.497E-06 2.970E-13 0.00E+00
1.413E+01 8.071E-06 8.071E-06 3.110E-13 0.00E+00
1.396E+01 8.854E-06 8.854E-06 3.257E-13 0.00E+00
1.380E+01 9.934E-06 9.934E-06 3.410E-13 0.00E+00
1.365E+01 1.145E-05 1.145E-05 3.571E-13 0.00E+00
1.349E+01 1.365E-05 1.365E-05 3.740E-13 0.00E+00
1.334E+01 1.691E-05 1.691E-05 3.916E-13 0.00E+00
1.318E+01 2.185E-05 2.185E-05 4.101E-13 0.00E+00
1.303E+01 2.916E-05 2.916E-05 4.294E-13 0.00E+00
1.288E+01 3.845E-05 3.845E-05 4.497E-13 0.00E+00
1.274E+01 4.542E-05 4.542E-05 4.709E-13 0.00E+00
1.259E+01 4.429E-05 4.429E-05 4.932E-13 0.00E+00
1.245E+01 3.798E-05 3.798E-05 5.165E-13 0.00E+00
1.230E+01 3.343E-05 3.343E-05 5.409E-13 0.00E+00
1.216E+01 3.467E-05 3.467E-05 5.664E-13 0.00E+00
1.202E+01 4.753E-05 4.753E-05 5.932E-13 0.00E+00
1.189E+01 6.513E-05 6.513E-05 6.218E-13 0.00E+00
1.175E+01 5.396E-05 5.396E-05 6.525E-13 0.00E+00
1.161E+01 6.073E-05 6.073E-05 6.863E-13 0.00E+00
1.148E+01 9.538E-05 9.538E-05 6.985E-13 0.00E+00
1.135E+01 1.519E-04 1.519E-04 7.422E-13 0.00E+00
1.122E+01 1.387E-04 1.387E-04 7.785E-13 0.00E+00
1.109E+01 7.954E-05 7.954E-05 8.164E-13 0.00E+00
1.096E+01 4.610E-05 4.610E-05 8.555E-13 0.00E+00
1.084E+01 3.019E-05 3.019E-05 8.962E-13 0.00E+00
1.072E+01 2.202E-05 2.202E-05 9.387E-13 0.00E+00
1.059E+01 1.745E-05 1.745E-05 9.830E-13 0.00E+00
1.047E+01 1.472E-05 1.472E-05 1.029E-12 0.00E+00
1.035E+01 1.303E-05 1.303E-05 1.077E-12 0.00E+00
1.023E+01 1.199E-05 1.199E-05 1.128E-12 0.00E+00
1.012E+01 1.138E-05 1.138E-05 1.181E-12 0.00E+00
1.000E+01 1.108E-05 1.108E-05 1.237E-12 0.00E+00
9.886E+00 1.104E-05 1.104E-05 1.296E-12 0.00E+00
9.772E+00 1.122E-05 1.122E-05 1.357E-12 0.00E+00
9.661E+00 1.162E-05 1.162E-05 1.421E-12 0.00E+00
9.550E+00 1.225E-05 1.225E-05 1.488E-12 0.00E+00
9.441E+00 1.316E-05 1.316E-05 1.558E-12 0.00E+00
9.333E+00 1.443E-05 1.443E-05 1.631E-12 0.00E+00
9.226E+00 1.620E-05 1.620E-05 1.708E-12 0.00E+00
9.120E+00 1.872E-05 1.872E-05 1.788E-12 0.00E+00
9.016E+00 2.247E-05 2.247E-05 1.872E-12 0.00E+00
8.913E+00 2.836E-05 2.836E-05 1.960E-12 0.00E+00
8.810E+00 3.804E-05 3.804E-05 2.053E-12 5.02E-07
8.710E+00 5.284E-05 5.284E-05 2.149E-12 5.15E-07
8.610E+00 6.556E-05 6.556E-05 2.250E-12 5.29E-07
8.511E+00 6.250E-05 6.250E-05 2.356E-12 5.41E-07
8.414E+00 5.465E-05 5.465E-05 2.467E-12 5.56E-07
8.318E+00 5.274E-05 5.274E-05 2.583E-12 5.70E-07
8.222E+00 5.697E-05 5.697E-05 2.704E-12 5.84E-07
8.128E+00 6.647E-05 6.647E-05 2.831E-12 6.00E-07
8.035E+00 8.111E-05 8.111E-05 2.963E-12 6.16E-07
7.943E+00 1.005E-04 1.005E-04 3.102E-12 6.32E-07
7.852E+00 1.222E-04 1.222E-04 3.248E-12 6.50E-07
7.762E+00 1.390E-04 1.390E-04 3.400E-12 6.68E-07
7.674E+00 1.422E-04 1.422E-04 3.560E-12 6.85E-07
7.586E+00 1.294E-04 1.294E-04 3.727E-12 7.02E-07
7.499E+00 1.080E-04 1.080E-04 3.901E-12 7.20E-07
7.413E+00 8.631E-05 8.631E-05 4.084E-12 7.37E-07
7.328E+00 6.837E-05 6.837E-05 4.276E-12 7.54E-07
7.244E+00 5.474E-05 5.474E-05 4.477E-12 7.72E-07
7.161E+00 4.473E-05 4.473E-05 4.687E-12 7.90E-07
7.079E+00 3.748E-05 3.748E-05 4.906E-12 8.09E-07
6.998E+00 3.229E-05 3.229E-05 5.136E-12 8.27E-07
6.918E+00 2.868E-05 2.868E-05 5.377E-12 8.47E-07
6.839E+00 2.636E-05 2.636E-05 5.629E-12 8.66E-07
6.761E+00 2.520E-05 2.520E-05 5.892E-12 8.87E-07
6.683E+00 2.524E-05 2.524E-05 6.168E-12 9.07E-07
6.607E+00 2.678E-05 2.678E-05 6.457E-12 9.28E-07
6.531E+00 3.052E-05 3.052E-05 6.759E-12 9.49E-07
6.457E+00 3.791E-05 3.791E-05 7.076E-12 9.72E-07
6.383E+00 5.177E-05 5.177E-05 7.406E-12 9.98E-07
6.310E+00 7.570E-05 7.570E-05 7.751E-12 1.04E-06
6.237E+00 1.038E-04 1.038E-04 8.118E-12 1.03E-06
6.166E+00 1.041E-04 1.041E-04 8.496E-12 1.06E-06
6.095E+00 7.528E-05 7.528E-05 8.894E-12 1.08E-06
6.026E+00 4.963E-05 4.963E-05 9.309E-12 1.10E-06
5.957E+00 3.409E-05 3.409E-05 9.744E-12 1.13E-06
5.888E+00 2.502E-05 2.502E-05 1.020E-11 1.15E-06
5.821E+00 1.950E-05 1.950E-05 1.068E-11 1.18E-06
5.754E+00 1.593E-05 1.593E-05 1.117E-11 1.20E-06
5.689E+00 1.351E-05 1.351E-05 1.170E-11 1.23E-06
5.623E+00 1.179E-05 1.179E-05 1.224E-11 1.26E-06
5.559E+00 1.053E-05 1.053E-05 1.281E-11 1.29E-06
5.495E+00 9.569E-06 9.569E-06 1.341E-11 1.31E-06
5.433E+00 8.826E-06 8.826E-06 1.404E-11 1.34E-06
5.370E+00 8.238E-06 8.238E-06 1.469E-11 1.37E-06
5.309E+00 7.765E-06 7.765E-06 1.538E-11 1.40E-06
5.248E+00 7.381E-06 7.381E-06 1.609E-11 1.43E-06
5.188E+00 7.065E-06 7.065E-06 1.684E-11 1.47E-06
5.129E+00 6.804E-06 6.804E-06 1.763E-11 1.50E-06
5.070E+00 6.587E-06 6.587E-06 1.845E-11 1.53E-06
5.012E+00 6.406E-06 6.406E-06 1.931E-11 1.57E-06
4.955E+00 6.254E-06 6.254E-06 2.021E-11 1.60E-06
4.898E+00 6.127E-06 6.127E-06 2.115E-11 1.64E-06
4.842E+00 6.022E-06 6.022E-06 2.213E-11 1.67E-06
4.786E+00 5.936E-06 5.936E-06 2.316E-11 1.71E-06
4.732E+00 5.866E-06 5.866E-06 2.424E-11 1.75E-06
4.677E+00 5.810E-06 5.810E-06 2.537E-11 1.79E-06
4.624E+00 5.767E-06 5.767E-06 2.655E-11 1.82E-06
4.571E+00 5.736E-06 5.736E-06 2.779E-11 1.86E-06
4.519E+00 5.715E-06 5.715E-06 2.908E-11 1.90E-06
4.467E+00 5.704E-06 5.704E-06 3.044E-11 1.95E-06
4.416E+00 5.701E-06 5.701E-06 3.185E-11 1.99E-06
4.365E+00 5.707E-06 5.707E-06 3.333E-11 2.03E-06
4.315E+00 5.720E-06 5.720E-06 3.488E-11 2.07E-06
4.266E+00 5.741E-06 5.741E-06 3.650E-11 2.12E-06
4.217E+00 5.769E-06 5.768E-06 3.820E-11 2.16E-06
4.169E+00 5.803E-06 5.803E-06 3.997E-11 2.21E-06
4.121E+00 5.844E-06 5.844E-06 4.183E-11 2.26E-06
4.074E+00 5.893E-06 5.893E-06 4.377E-11 2.31E-06
4.027E+00 5.948E-06 5.948E-06 4.581E-11 2.36E-06
3.981E+00 6.011E-06 6.011E-06 4.793E-11 2.41E-06
3.936E+00 6.082E-06 6.082E-06 5.016E-11 2.46E-06
3.890E+00 6.163E-06 6.163E-06 5.249E-11 2.51E-06
3.846E+00 6.254E-06 6.254E-06 5.492E-11 2.56E-06
3.802E+00 6.359E-06 6.359E-06 5.748E-11 2.61E-06
3.758E+00 6.480E-06 6.480E-06 6.015E-11 2.67E-06
3.715E+00 6.623E-06 6.623E-06 6.294E-11 2.72E-06
3.673E+00 6.795E-06 6.795E-06 6.586E-11 2.78E-06
3.631E+00 7.011E-06 7.011E-06 6.892E-11 2.83E-06
3.589E+00 7.294E-06 7.294E-06 7.212E-11 2.89E-06
3.548E+00 7.686E-06 7.686E-06 7.547E-11 2.95E-06
3.508E+00 8.273E-06 8.273E-06 7.897E-11 3.01E-06
3.467E+00 9.249E-06 9.249E-06 8.264E-11 3.07E-06
3.428E+00 1.113E-05 1.113E-05 8.647E-11 3.14E-06
3.388E+00 1.568E-05 1.568E-05 9.048E-11 3.20E-06
3.350E+00 3.207E-05 3.207E-05 9.467E-11 3.26E-06
3.311E+00 1.420E-04 1.420E-04 9.906E-11 3.33E-06
3.273E+00 7.108E-05 7.108E-05 1.036E-10 3.40E-06
3.236E+00 2.272E-05 2.272E-05 1.085E-10 3.47E-06
3.199E+00 1.380E-05 1.380E-05 1.135E-10 3.54E-06
3.162E+00 1.092E-05 1.092E-05 1.187E-10 3.61E-06
3.126E+00 9.714E-06 9.713E-06 1.242E-10 3.69E-06
3.090E+00 9.128E-06 9.128E-06 1.300E-10 3.76E-06
3.055E+00 8.831E-06 8.830E-06 1.360E-10 3.84E-06
3.020E+00 8.685E-06 8.685E-06 1.423E-10 3.92E-06
2.985E+00 8.630E-06 8.630E-06 1.489E-10 3.99E-06
2.951E+00 8.628E-06 8.628E-06 1.558E-10 4.07E-06
2.917E+00 8.664E-06 8.664E-06 1.630E-10 4.16E-06
2.884E+00 8.725E-06 8.725E-06 1.706E-10 4.24E-06
2.851E+00 8.805E-06 8.805E-06 1.785E-10 4.33E-06
2.818E+00 8.900E-06 8.900E-06 1.867E-10 4.41E-06
2.786E+00 9.005E-06 9.005E-06 1.953E-10 4.50E-06
2.754E+00 9.120E-06 9.120E-06 2.044E-10 4.59E-06
2.723E+00 9.244E-06 9.244E-06 2.138E-10 4.69E-06
2.692E+00 9.373E-06 9.373E-06 2.237E-10 4.78E-06
2.661E+00 9.509E-06 9.508E-06 2.340E-10 4.88E-06
2.630E+00 9.650E-06 9.650E-06 2.448E-10 4.98E-06
2.600E+00 9.795E-06 9.794E-06 2.561E-10 5.08E-06
2.570E+00 9.942E-06 9.942E-06 2.679E-10 5.19E-06
2.541E+00 1.009E-05 1.009E-05 2.803E-10 5.30E-06
2.512E+00 1.025E-05 1.025E-05 2.932E-10 5.41E-06
2.483E+00 1.041E-05 1.041E-05 3.068E-10 5.52E-06
2.455E+00 1.058E-05 1.058E-05 3.209E-10 5.63E-06
2.427E+00 1.075E-05 1.075E-05 3.357E-10 5.75E-06
2.399E+00 1.092E-05 1.092E-05 3.512E-10 5.87E-06
2.371E+00 1.110E-05 1.110E-05 3.674E-10 5.99E-06
2.344E+00 1.128E-05 1.128E-05 3.844E-10 6.11E-06
2.317E+00 1.147E-05 1.147E-05 4.021E-10 6.23E-06
2.291E+00 1.166E-05 1.166E-05 4.207E-10 6.35E-06
2.265E+00 1.185E-05 1.185E-05 4.402E-10 6.48E-06
2.239E+00 1.205E-05 1.205E-05 4.605E-10 6.61E-06
2.213E+00 1.226E-05 1.226E-05 4.818E-10 6.74E-06
2.188E+00 1.247E-05 1.247E-05 5.040E-10 6.87E-06
2.163E+00 1.268E-05 1.268E-05 5.273E-10 7.01E-06
2.138E+00 1.290E-05 1.290E-05 5.516E-10 7.15E-06
2.113E+00 1.312E-05 1.312E-05 5.770E-10 7.29E-06
2.089E+00 1.334E-05 1.334E-05 6.037E-10 7.44E-06
2.065E+00 1.356E-05 1.356E-05 6.315E-10 7.59E-06
2.042E+00 1.379E-05 1.379E-05 6.606E-10 7.74E-06
2.018E+00 1.403E-05 1.403E-05 6.911E-10 7.90E-06
1.995E+00 1.427E-05 1.427E-05 7.229E-10 8.06E-06
1.972E+00 1.452E-05 1.452E-05 7.563E-10 8.22E-06
1.950E+00 1.477E-05 1.477E-05 7.911E-10 8.38E-06
1.928E+00 1.502E-05 1.502E-05 8.276E-10 8.55E-06
1.905E+00 1.528E-05 1.528E-05 8.658E-10 8.72E-06
1.884E+00 1.555E-05 1.555E-05 9.057E-10 8.89E-06
1.862E+00 1.582E-05 1.582E-05 9.475E-10 9.06E-06
1.841E+00 1.610E-05 1.610E-05 9.912E-10 9.24E-06
1.820E+00 1.638E-05 1.638E-05 1.037E-09 9.42E-06
1.799E+00 1.667E-05 1.667E-05 1.085E-09 9.61E-06
1.778E+00 1.696E-05 1.696E-05 1.135E-09 9.79E-06
1.758E+00 1.726E-05 1.726E-05 1.187E-09 9.98E-06
1.738E+00 1.757E-05 1.756E-05 1.242E-09 1.02E-05
1.718E+00 1.788E-05 1.787E-05 1.299E-09 1.04E-05
1.698E+00 1.819E-05 1.819E-05 1.359E-09 1.06E-05
1.679E+00 1.851E-05 1.851E-05 1.421E-09 1.08E-05
1.660E+00 1.884E-05 1.884E-05 1.487E-09 1.10E-05
1.641E+00 1.917E-05 1.917E-05 1.555E-09 1.12E-05
1.622E+00 1.950E-05 1.950E-05 1.627E-09 1.14E-05
1.603E+00 1.984E-05 1.984E-05 1.702E-09 1.17E-05
1.585E+00 2.019E-05 2.019E-05 1.780E-09 1.19E-05
1.567E+00 2.054E-05 2.054E-05 1.862E-09 1.22E-05
1.549E+00 2.089E-05 2.089E-05 1.947E-09 1.24E-05
1.531E+00 2.126E-05 2.126E-05 2.037E-09 1.26E-05
1.514E+00 2.163E-05 2.163E-05 2.131E-09 1.29E-05
1.496E+00 2.201E-05 2.201E-05 2.230E-09 1.31E-05
1.479E+00 2.240E-05 2.240E-05 2.333E-09 1.34E-05
1.462E+00 2.280E-05 2.280E-05 2.441E-09 1.37E-05
1.445E+00 2.322E-05 2.321E-05 2.553E-09 1.39E-05
1.429E+00 2.364E-05 2.364E-05 2.671E-09 1.42E-05
1.413E+00 2.407E-05 2.407E-05 2.794E-09 1.44E-05
1.396E+00 2.451E-05 2.451E-05 2.923E-09 1.47E-05
1.380E+00 2.497E-05 2.497E-05 3.058E-09 1.50E-05
1.365E+00 2.543E-05 2.543E-05 3.199E-09 1.53E-05
1.349E+00 2.590E-05 2.590E-05 3.346E-09 1.56E-05
1.334E+00 2.639E-05 2.638E-05 3.500E-09 1.59E-05
1.318E+00 2.688E-05 2.688E-05 3.661E-09 1.62E-05
1.303E+00 2.738E-05 2.738E-05 3.830E-09 1.65E-05
1.288E+00 2.790E-05 2.790E-05 4.006E-09 1.68E-05
1.274E+00 2.843E-05 2.843E-05 4.190E-09 1.71E-05
1.259E+00 2.897E-05 2.897E-05 4.382E-09 1.75E-05
1.245E+00 2.953E-05 2.953E-05 4.584E-09 1.78E-05
1.230E+00 3.010E-05 3.010E-05 4.796E-09 1.82E-05
1.216E+00 3.069E-05 3.069E-05 5.017E-09 1.85E-05
1.202E+00 3.131E-05 3.130E-05 5.248E-09 1.89E-05
1.189E+00 3.195E-05 3.194E-05 5.490E-09 1.92E-05
1.175E+00 3.262E-05 3.261E-05 5.743E-09 1.96E-05
1.161E+00 3.333E-05 3.332E-05 6.007E-09 2.00E-05
1.148E+00 3.408E-05 3.407E-05 6.284E-09 2.04E-05
1.135E+00 3.488E-05 3.487E-05 6.573E-09 2.08E-05
1.122E+00 3.574E-05 3.573E-05 6.876E-09 2.12E-05
1.109E+00 3.668E-05 3.667E-05 7.192E-09 2.16E-05
1.096E+00 3.771E-05 3.770E-05 7.523E-09 2.20E-05
1.084E+00 3.884E-05 3.883E-05 7.870E-09 2.24E-05
1.072E+00 4.012E-05 4.011E-05 8.232E-09 2.28E-05
1.059E+00 4.157E-05 4.156E-05 8.610E-09 2.33E-05
1.047E+00 4.324E-05 4.323E-05 9.006E-09 2.37E-05
1.035E+00 4.522E-05 4.521E-05 9.420E-09 2.42E-05
1.023E+00 4.758E-05 4.757E-05 9.852E-09 2.46E-05
1.012E+00 5.047E-05 5.046E-05 1.030E-08 2.51E-05
1.000E+00 5.406E-05 5.405E-05 1.078E-08 2.56E-05
9.886E-01 5.863E-05 5.861E-05 1.127E-08 2.61E-05
9.772E-01 6.454E-05 6.453E-05 1.179E-08 2.66E-05
9.661E-01 7.234E-05 7.233E-05 1.233E-08 2.71E-05
9.550E-01 8.282E-05 8.281E-05 1.289E-08 2.76E-05
9.441E-01 9.709E-05 9.708E-05 1.349E-08 2.81E-05
9.333E-01 1.167E-04 1.166E-04 1.410E-08 2.87E-05
9.226E-01 1.433E-04 1.433E-04 1.475E-08 2.92E-05
9.120E-01 1.787E-04 1.787E-04 1.542E-08 2.98E-05
9.016E-01 2.234E-04 2.234E-04 1.613E-08 3.04E-05
8.913E-01 2.754E-04 2.754E-04 1.686E-08 3.10E-05
8.810E-01 3.310E-04 3.310E-04 1.763E-08 3.16E-05
8.710E-01 3.861E-04 3.861E-04 1.844E-08 3.23E-05
8.610E-01 4.383E-04 4.383E-04 1.928E-08 3.29E-05
8.511E-01 4.866E-04 4.866E-04 2.016E-08 3.36E-05
8.414E-01 5.315E-04 5.314E-04 2.108E-08 3.43E-05
8.318E-01 5.740E-04 5.740E-04 2.204E-08 3.50E-05
8.222E-01 6.162E-04 6.161E-04 2.304E-08 3.57E-05
8.128E-01 6.608E-04 6.608E-04 2.409E-08 3.64E-05
8.035E-01 7.119E-04 7.119E-04 2.519E-08 3.72E-05
7.943E-01 7.746E-04 7.745E-04 2.634E-08 3.79E-05
7.852E-01 8.553E-04 8.552E-04 2.754E-08 3.87E-05
7.762E-01 9.616E-04 9.616E-04 2.879E-08 3.95E-05
7.674E-01 1.101E-03 1.101E-03 3.010E-08 4.03E-05
7.586E-01 1.275E-03 1.275E-03 3.147E-08 4.12E-05
7.499E-01 1.480E-03 1.480E-03 3.290E-08 4.20E-05
7.413E-01 1.702E-03 1.702E-03 3.440E-08 4.29E-05
7.328E-01 1.928E-03 1.928E-03 3.597E-08 4.38E-05
7.244E-01 2.152E-03 2.152E-03 3.760E-08 4.48E-05
7.161E-01 2.373E-03 2.373E-03 3.932E-08 4.57E-05
7.079E-01 2.591E-03 2.591E-03 4.111E-08 4.67E-05
6.998E-01 2.809E-03 2.809E-03 4.298E-08 4.77E-05
6.918E-01 3.031E-03 3.031E-03 4.494E-08 4.88E-05
6.839E-01 3.257E-03 3.257E-03 4.698E-08 4.98E-05
6.761E-01 3.489E-03 3.489E-03 4.913E-08 5.09E-05
6.683E-01 3.729E-03 3.729E-03 5.137E-08 5.20E-05
6.607E-01 3.978E-03 3.978E-03 5.371E-08 5.32E-05
6.531E-01 4.237E-03 4.237E-03 5.617E-08 5.44E-05
6.457E-01 4.506E-03 4.506E-03 5.874E-08 5.56E-05
6.383E-01 4.787E-03 4.786E-03 6.144E-08 5.68E-05
6.310E-01 5.079E-03 5.079E-03 6.426E-08 5.81E-05
6.237E-01 5.384E-03 5.384E-03 6.721E-08 5.94E-05
6.166E-01 5.702E-03 5.702E-03 7.030E-08 6.07E-05
6.095E-01 6.033E-03 6.033E-03 7.354E-08 6.21E-05
6.026E-01 6.379E-03 6.379E-03 7.693E-08 6.34E-05
5.957E-01 6.739E-03 6.739E-03 8.048E-08 6.48E-05
5.888E-01 7.115E-03 7.115E-03 8.421E-08 6.63E-05
5.821E-01 7.506E-03 7.506E-03 8.811E-08 6.78E-05
5.754E-01 7.913E-03 7.913E-03 9.220E-08 6.93E-05
5.689E-01 8.337E-03 8.337E-03 9.649E-08 7.08E-05
5.623E-01 8.778E-03 8.778E-03 1.010E-07 7.24E-05
5.559E-01 9.236E-03 9.236E-03 1.057E-07 7.39E-05
5.495E-01 9.713E-03 9.713E-03 1.106E-07 7.56E-05
5.433E-01 1.021E-02 1.021E-02 1.158E-07 7.72E-05
5.370E-01 1.072E-02 1.072E-02 1.213E-07 7.89E-05
5.309E-01 1.125E-02 1.125E-02 1.270E-07 8.07E-05
5.248E-01 1.181E-02 1.181E-02 1.330E-07 8.24E-05
5.188E-01 1.238E-02 1.238E-02 1.393E-07 8.42E-05
5.129E-01 1.297E-02 1.297E-02 1.460E-07 8.61E-05
5.070E-01 1.359E-02 1.359E-02 1.529E-07 8.80E-05
5.012E-01 1.423E-02 1.423E-02 1.602E-07 8.99E-05
4.955E-01 1.488E-02 1.488E-02 1.679E-07 9.18E-05
4.898E-01 1.557E-02 1.557E-02 1.760E-07 9.38E-05
4.842E-01 1.627E-02 1.627E-02 1.844E-07 9.58E-05
4.786E-01 1.700E-02 1.700E-02 1.933E-07 9.78E-05
4.732E-01 1.775E-02 1.775E-02 2.025E-07 9.98E-05
4.677E-01 1.852E-02 1.852E-02 2.123E-07 1.02E-04
4.624E-01 1.932E-02 1.932E-02 2.225E-07 1.04E-04
4.571E-01 2.014E-02 2.014E-02 2.333E-07 1.06E-04
4.519E-01 2.099E-02 2.099E-02 2.446E-07 1.08E-04
4.467E-01 2.187E-02 2.187E-02 2.565E-07 1.10E-04
4.416E-01 2.277E-02 2.277E-02 2.690E-07 1.12E-04
4.365E-01 2.369E-02 2.369E-02 2.821E-07 1.15E-04
4.315E-01 2.464E-02 2.464E-02 2.958E-07 1.17E-04
4.266E-01 2.562E-02 2.562E-02 3.102E-07 1.19E-04
4.217E-01 2.663E-02 2.663E-02 3.252E-07 1.21E-04
4.169E-01 2.766E-02 2.766E-02 3.410E-07 1.23E-04
4.121E-01 2.873E-02 2.873E-02 3.576E-07 1.25E-04
4.074E-01 2.981E-02 2.981E-02 3.751E-07 1.27E-04
4.027E-01 3.093E-02 3.093E-02 3.934E-07 1.30E-04
3.981E-01 3.208E-02 3.208E-02 4.125E-07 1.32E-04
3.935E-01 3.325E-02 3.325E-02 4.327E-07 1.34E-04
3.890E-01 3.445E-02 3.445E-02 4.538E-07 1.36E-04
3.846E-01 3.569E-02 3.569E-02 4.760E-07 1.39E-04
3.802E-01 3.695E-02 3.695E-02 4.993E-07 1.41E-04
3.758E-01 3.824E-02 3.824E-02 5.239E-07 1.43E-04
3.715E-01 3.956E-02 3.956E-02 5.500E-07 1.45E-04
3.673E-01 4.091E-02 4.091E-02 5.775E-07 1.48E-04
3.631E-01 4.229E-02 4.229E-02 6.067E-07 1.50E-04
3.589E-01 4.369E-02 4.369E-02 6.377E-07 1.52E-04
3.548E-01 4.513E-02 4.513E-02 6.705E-07 1.55E-04
3.508E-01 4.660E-02 4.660E-02 7.054E-07 1.57E-04
3.467E-01 4.810E-02 4.810E-02 7.426E-07 1.59E-04
3.428E-01 4.963E-02 4.963E-02 7.821E-07 1.61E-04
3.388E-01 5.120E-02 5.119E-02 8.243E-07 1.63E-04
3.350E-01 5.279E-02 5.279E-02 8.694E-07 1.65E-04
3.311E-01 5.441E-02 5.441E-02 9.174E-07 1.66E-04
3.273E-01 5.606E-02 5.606E-02 9.687E-07 1.67E-04
3.236E-01 5.775E-02 5.775E-02 1.024E-06 1.67E-04
3.199E-01 5.946E-02 5.946E-02 1.083E-06 1.67E-04
3.162E-01 6.121E-02 6.121E-02 1.146E-06 1.66E-04
3.126E-01 6.298E-02 6.298E-02 1.213E-06 1.64E-04
3.090E-01 6.479E-02 6.479E-02 1.285E-06 1.62E-04
3.055E-01 6.663E-02 6.662E-02 1.361E-06 1.59E-04
3.020E-01 6.830E-02 6.830E-02 1.443E-06 1.55E-04
2.985E-01 6.954E-02 6.954E-02 1.530E-06 1.51E-04
2.951E-01 7.089E-02 7.088E-02 1.625E-06 1.45E-04
2.917E-01 7.236E-02 7.235E-02 1.726E-06 1.39E-04
2.884E-01 7.396E-02 7.396E-02 1.837E-06 1.31E-04
2.851E-01 7.573E-02 7.572E-02 1.958E-06 1.22E-04
2.818E-01 7.767E-02 7.766E-02 2.097E-06 1.09E-04
2.786E-01 7.981E-02 7.980E-02 2.246E-06 9.63E-05
2.754E-01 8.218E-02 8.217E-02 2.406E-06 8.34E-05
2.723E-01 8.481E-02 8.481E-02 2.582E-06 7.05E-05
2.692E-01 8.775E-02 8.774E-02 2.775E-06 5.81E-05
2.661E-01 9.103E-02 9.102E-02 2.989E-06 4.66E-05
2.630E-01 9.471E-02 9.470E-02 3.228E-06 3.62E-05
2.600E-01 9.884E-02 9.884E-02 3.501E-06 2.72E-05
2.570E-01 1.035E-01 1.035E-01 3.807E-06 2.00E-05
2.541E-01 1.087E-01 1.087E-01 4.142E-06 1.52E-05
2.512E-01 1.147E-01 1.147E-01 4.522E-06 1.23E-05
2.483E-01 1.213E-01 1.213E-01 4.954E-06 1.12E-05
2.455E-01 1.289E-01 1.289E-01 5.448E-06 1.17E-05
2.427E-01 1.373E-01 1.373E-01 6.017E-06 1.42E-05
2.399E-01 1.466E-01 1.466E-01 6.674E-06 1.86E-05
2.371E-01 1.569E-01 1.569E-01 7.391E-06 2.52E-05
2.344E-01 1.679E-01 1.679E-01 8.154E-06 3.33E-05
2.317E-01 1.794E-01 1.794E-01 8.955E-06 4.20E-05
2.291E-01 1.909E-01 1.909E-01 9.774E-06 5.11E-05
2.265E-01 2.018E-01 2.018E-01 1.061E-05 6.05E-05
2.239E-01 2.113E-01 2.113E-01 1.150E-05 7.05E-05
2.213E-01 2.185E-01 2.185E-01 1.241E-05 8.10E-05
2.188E-01 2.226E-01 2.226E-01 1.314E-05 9.29E-05
2.163E-01 2.231E-01 2.231E-01 1.349E-05 1.06E-04
2.138E-01 2.199E-01 2.199E-01 1.345E-05 1.21E-04
2.113E-01 2.136E-01 2.136E-01 1.316E-05 1.35E-04
2.089E-01 2.048E-01 2.048E-01 1.267E-05 1.49E-04
2.065E-01 1.945E-01 1.945E-01 1.200E-05 1.64E-04
2.042E-01 1.834E-01 1.834E-01 1.120E-05 1.79E-04
2.018E-01 1.723E-01 1.723E-01 1.032E-05 1.95E-04
1.995E-01 1.617E-01 1.617E-01 9.401E-06 2.12E-04
1.972E-01 1.517E-01 1.517E-01 8.495E-06 2.28E-04
1.950E-01 1.427E-01 1.427E-01 7.638E-06 2.45E-04
1.928E-01 1.346E-01 1.346E-01 6.847E-06 2.63E-04
1.905E-01 1.274E-01 1.274E-01 6.133E-06 2.81E-04
1.884E-01 1.210E-01 1.210E-01 5.480E-06 3.00E-04
1.862E-01 1.154E-01 1.154E-01 4.914E-06 3.19E-04
1.841E-01 1.104E-01 1.104E-01 4.431E-06 3.40E-04
1.820E-01 1.061E-01 1.061E-01 4.019E-06 3.61E-04
1.799E-01 1.023E-01 1.023E-01 3.672E-06 3.84E-04
1.778E-01 9.902E-02 9.902E-02 3.387E-06 4.06E-04
1.758E-01 9.611E-02 9.611E-02 3.152E-06 4.30E-04
1.738E-01 9.355E-02 9.355E-02 2.961E-06 4.54E-04
1.718E-01 9.130E-02 9.130E-02 2.811E-06 4.78E-04
1.698E-01 8.933E-02 8.932E-02 2.699E-06 5.02E-04
1.679E-01 8.761E-02 8.761E-02 2.626E-06 5.27E-04
1.660E-01 8.618E-02 8.618E-02 2.590E-06 5.52E-04
1.641E-01 8.503E-02 8.503E-02 2.594E-06 5.76E-04
1.622E-01 8.413E-02 8.413E-02 2.636E-06 6.01E-04
1.603E-01 8.347E-02 8.347E-02 2.716E-06 6.26E-04
1.585E-01 8.304E-02 8.304E-02 2.836E-06 6.51E-04
1.567E-01 8.284E-02 8.284E-02 2.991E-06 6.76E-04
1.549E-01 8.285E-02 8.285E-02 3.181E-06 7.01E-04
1.531E-01 8.307E-02 8.307E-02 3.405E-06 7.28E-04
1.514E-01 8.351E-02 8.350E-02 3.669E-06 7.55E-04
1.496E-01 8.415E-02 8.414E-02 3.975E-06 7.82E-04
1.479E-01 8.500E-02 8.499E-02 4.329E-06 8.10E-04
1.462E-01 8.606E-02 8.605E-02 4.734E-06 8.37E-04
1.445E-01 8.733E-02 8.732E-02 5.200E-06 8.65E-04
1.429E-01 8.881E-02 8.881E-02 5.726E-06 8.93E-04
1.413E-01 9.052E-02 9.052E-02 6.312E-06 9.22E-04
1.396E-01 9.245E-02 9.245E-02 6.957E-06 9.52E-04
1.380E-01 9.461E-02 9.460E-02 7.659E-06 9.82E-04
1.365E-01 9.701E-02 9.700E-02 8.437E-06 1.01E-03
1.349E-01 9.964E-02 9.964E-02 9.310E-06 1.05E-03
1.334E-01 1.025E-01 1.025E-01 1.028E-05 1.09E-03
1.318E-01 1.057E-01 1.057E-01 1.136E-05 1.12E-03
1.303E-01 1.091E-01 1.091E-01 1.257E-05 1.17E-03
1.288E-01 1.150E-01 1.150E-01 1.390E-05 1.21E-03
1.274E-01 1.194E-01 1.194E-01 1.538E-05 1.26E-03
1.259E-01 1.241E-01 1.241E-01 1.702E-05 1.31E-03
1.245E-01 1.290E-01 1.290E-01 1.882E-05 1.36E-03
1.230E-01 1.341E-01 1.341E-01 2.081E-05 1.42E-03
1.216E-01 1.394E-01 1.394E-01 2.298E-05 1.47E-03
1.202E-01 1.449E-01 1.449E-01 2.535E-05 1.52E-03
1.189E-01 1.506E-01 1.505E-01 2.796E-05 1.58E-03
1.175E-01 1.564E-01 1.564E-01 3.079E-05 1.63E-03
1.161E-01 1.624E-01 1.624E-01 3.391E-05 1.67E-03
1.148E-01 1.686E-01 1.686E-01 3.753E-05 1.71E-03
1.135E-01 1.750E-01 1.749E-01 4.238E-05 1.76E-03
1.122E-01 1.814E-01 1.814E-01 4.752E-05 1.76E-03
1.109E-01 1.881E-01 1.880E-01 5.316E-05 1.71E-03
1.096E-01 1.948E-01 1.948E-01 5.942E-05 1.56E-03
1.084E-01 2.017E-01 2.016E-01 6.711E-05 1.39E-03
1.072E-01 2.087E-01 2.086E-01 7.600E-05 1.28E-03
1.059E-01 2.158E-01 2.157E-01 8.462E-05 1.25E-03
1.047E-01 2.229E-01 2.228E-01 9.290E-05 1.25E-03
1.035E-01 2.301E-01 2.300E-01 1.009E-04 1.26E-03
1.023E-01 2.373E-01 2.372E-01 1.086E-04 1.26E-03
1.012E-01 2.445E-01 2.444E-01 1.171E-04 1.24E-03
1.000E-01 2.526E-01 2.525E-01 1.266E-04 1.21E-03
9.886E-02 2.583E-01 2.581E-01 1.393E-04 1.16E-03
9.772E-02 2.642E-01 2.640E-01 1.538E-04 1.11E-03
9.661E-02 2.704E-01 2.703E-01 1.681E-04 1.08E-03
9.550E-02 2.770E-01 2.768E-01 1.814E-04 1.07E-03
9.441E-02 2.839E-01 2.837E-01 1.912E-04 1.07E-03
9.333E-02 2.912E-01 2.910E-01 1.991E-04 1.09E-03
9.226E-02 2.989E-01 2.987E-01 2.078E-04 1.10E-03
9.120E-02 3.072E-01 3.070E-01 2.162E-04 1.12E-03
9.016E-02 3.161E-01 3.159E-01 2.213E-04 1.16E-03
8.913E-02 3.257E-01 3.255E-01 2.269E-04 1.19E-03
8.810E-02 3.362E-01 3.359E-01 2.364E-04 1.20E-03
8.710E-02 3.476E-01 3.473E-01 2.514E-04 1.18E-03
8.610E-02 3.601E-01 3.598E-01 2.694E-04 1.15E-03
8.511E-02 3.740E-01 3.737E-01 2.907E-04 1.12E-03
8.414E-02 3.893E-01 3.890E-01 3.153E-04 1.09E-03
8.318E-02 4.065E-01 4.061E-01 3.438E-04 1.06E-03
8.222E-02 4.257E-01 4.253E-01 3.751E-04 1.05E-03
8.128E-02 4.471E-01 4.467E-01 4.088E-04 1.05E-03
8.035E-02 4.712E-01 4.707E-01 4.458E-04 1.06E-03
7.943E-02 4.979E-01 4.974E-01 4.855E-04 1.08E-03
7.852E-02 5.275E-01 5.269E-01 5.268E-04 1.11E-03
7.762E-02 5.596E-01 5.590E-01 5.676E-04 1.15E-03
7.674E-02 5.936E-01 5.930E-01 6.058E-04 1.20E-03
7.586E-02 6.282E-01 6.276E-01 6.419E-04 1.25E-03
7.499E-02 6.615E-01 6.608E-01 6.748E-04 1.30E-03
7.413E-02 6.908E-01 6.901E-01 7.035E-04 1.36E-03
7.328E-02 7.133E-01 7.126E-01 7.268E-04 1.42E-03
7.244E-02 7.263E-01 7.256E-01 7.494E-04 1.48E-03
7.161E-02 7.286E-01 7.278E-01 7.698E-04 1.54E-03
7.079E-02 7.205E-01 7.197E-01 7.836E-04 1.61E-03
6.998E-02 7.039E-01 7.031E-01 7.901E-04 1.67E-03
6.918E-02 6.816E-01 6.808E-01 7.889E-04 1.74E-03
6.839E-02 6.565E-01 6.557E-01 7.717E-04 1.82E-03
6.761E-02 6.310E-01 6.302E-01 7.447E-04 1.91E-03
6.683E-02 6.067E-01 6.060E-01 7.144E-04 1.99E-03
6.607E-02 5.848E-01 5.841E-01 6.819E-04 2.08E-03
6.531E-02 5.607E-01 5.601E-01 6.480E-04 2.16E-03
6.457E-02 5.364E-01 5.358E-01 6.236E-04 2.25E-03
6.383E-02 5.119E-01 5.113E-01 6.030E-04 2.33E-03
6.310E-02 4.871E-01 4.865E-01 5.855E-04 2.41E-03
6.237E-02 4.620E-01 4.614E-01 5.709E-04 2.49E-03
6.166E-02 4.367E-01 4.361E-01 5.611E-04 2.57E-03
6.095E-02 4.110E-01 4.105E-01 5.546E-04 2.65E-03
6.026E-02 3.851E-01 3.846E-01 5.489E-04 2.74E-03
5.957E-02 3.589E-01 3.584E-01 5.443E-04 2.83E-03
5.888E-02 3.324E-01 3.319E-01 5.401E-04 2.92E-03
5.821E-02 3.056E-01 3.050E-01 5.319E-04 3.01E-03
5.754E-02 2.883E-01 2.877E-01 5.230E-04 3.10E-03
5.689E-02 2.778E-01 2.773E-01 5.136E-04 3.19E-03
5.623E-02 2.670E-01 2.665E-01 5.031E-04 3.29E-03
5.559E-02 2.556E-01 2.551E-01 4.899E-04 3.39E-03
5.495E-02 2.444E-01 2.439E-01 4.765E-04 3.49E-03
5.433E-02 2.335E-01 2.330E-01 4.628E-04 3.59E-03
5.370E-02 2.233E-01 2.229E-01 4.493E-04 3.69E-03
5.309E-02 2.146E-01 2.142E-01 4.376E-04 3.80E-03
5.248E-02 2.066E-01 2.061E-01 4.265E-04 3.90E-03
5.188E-02 1.991E-01 1.987E-01 4.159E-04 4.01E-03
5.129E-02 1.920E-01 1.916E-01 4.064E-04 4.13E-03
5.070E-02 1.851E-01 1.847E-01 3.977E-04 4.24E-03
5.012E-02 1.786E-01 1.782E-01 3.897E-04 4.36E-03
4.955E-02 1.724E-01 1.720E-01 3.824E-04 4.48E-03
4.898E-02 1.666E-01 1.662E-01 3.755E-04 4.60E-03
4.842E-02 1.609E-01 1.605E-01 3.686E-04 4.72E-03
4.786E-02 1.554E-01 1.550E-01 3.616E-04 4.85E-03
4.732E-02 1.495E-01 1.492E-01 3.535E-04 4.98E-03
4.677E-02 1.437E-01 1.433E-01 3.451E-04 5.12E-03
4.624E-02 1.381E-01 1.377E-01 3.367E-04 5.26E-03
4.571E-02 1.332E-01 1.329E-01 3.292E-04 5.40E-03
4.519E-02 1.292E-01 1.288E-01 3.226E-04 5.54E-03
4.467E-02 1.253E-01 1.250E-01 3.158E-04 5.69E-03
4.416E-02 1.212E-01 1.209E-01 3.084E-04 5.84E-03
4.365E-02 1.162E-01 1.159E-01 2.995E-04 6.00E-03
4.315E-02 1.114E-01 1.111E-01 2.903E-04 6.16E-03
4.266E-02 1.071E-01 1.069E-01 2.810E-04 6.32E-03
4.217E-02 1.045E-01 1.042E-01 2.718E-04 6.49E-03
4.169E-02 1.024E-01 1.021E-01 2.632E-04 6.66E-03
4.121E-02 1.009E-01 1.006E-01 2.556E-04 6.84E-03
4.074E-02 9.942E-02 9.917E-02 2.497E-04 7.02E-03
4.027E-02 9.830E-02 9.806E-02 2.447E-04 7.20E-03
3.981E-02 9.749E-02 9.725E-02 2.405E-04 7.39E-03
3.935E-02 9.698E-02 9.675E-02 2.368E-04 7.58E-03
3.890E-02 9.687E-02 9.663E-02 2.341E-04 7.77E-03
3.846E-02 9.718E-02 9.695E-02 2.321E-04 7.97E-03
3.802E-02 9.803E-02 9.779E-02 2.319E-04 8.17E-03
3.758E-02 9.945E-02 9.922E-02 2.342E-04 8.38E-03
3.715E-02 1.025E-01 1.022E-01 2.434E-04 8.58E-03
3.673E-02 1.052E-01 1.049E-01 2.549E-04 8.79E-03
3.631E-02 1.064E-01 1.061E-01 2.669E-04 8.99E-03
3.589E-02 1.050E-01 1.048E-01 2.757E-04 9.21E-03
3.548E-02 1.027E-01 1.024E-01 2.829E-04 9.42E-03
3.508E-02 1.006E-01 1.003E-01 2.871E-04 9.65E-03
3.467E-02 9.860E-02 9.831E-02 2.896E-04 9.88E-03
3.428E-02 9.658E-02 9.628E-02 2.913E-04 1.01E-02
3.388E-02 9.460E-02 9.431E-02 2.933E-04 1.04E-02
3.350E-02 9.265E-02 9.235E-02 2.950E-04 1.06E-02
3.311E-02 9.073E-02 9.043E-02 2.966E-04 1.09E-02
3.273E-02 8.884E-02 8.854E-02 2.979E-04 1.12E-02
3.236E-02 8.696E-02 8.666E-02 2.990E-04 1.14E-02
3.199E-02 8.511E-02 8.481E-02 3.000E-04 1.17E-02
3.162E-02 8.329E-02 8.298E-02 3.008E-04 1.20E-02
3.126E-02 8.149E-02 8.119E-02 3.016E-04 1.23E-02
3.090E-02 7.973E-02 7.943E-02 3.022E-04 1.26E-02
3.055E-02 7.800E-02 7.770E-02 3.028E-04 1.29E-02
3.020E-02 7.629E-02 7.598E-02 3.034E-04 1.32E-02
2.985E-02 7.460E-02 7.429E-02 3.038E-04 1.35E-02
2.951E-02 7.294E-02 7.263E-02 3.041E-04 1.39E-02
2.917E-02 7.132E-02 7.102E-02 3.044E-04 1.42E-02
2.884E-02 6.973E-02 6.943E-02 3.046E-04 1.45E-02
2.851E-02 6.818E-02 6.787E-02 3.047E-04 1.49E-02
2.818E-02 6.666E-02 6.635E-02 3.048E-04 1.53E-02
2.786E-02 6.518E-02 6.487E-02 3.049E-04 1.56E-02
2.754E-02 6.372E-02 6.342E-02 3.050E-04 1.60E-02
2.723E-02 6.230E-02 6.200E-02 3.051E-04 1.64E-02
2.692E-02 6.091E-02 6.061E-02 3.051E-04 1.68E-02
2.661E-02 5.955E-02 5.924E-02 3.051E-04 1.72E-02
2.630E-02 5.820E-02 5.790E-02 3.051E-04 1.76E-02
2.600E-02 5.688E-02 5.658E-02 3.050E-04 1.81E-02
2.570E-02 5.559E-02 5.529E-02 3.049E-04 1.85E-02
2.541E-02 5.432E-02 5.402E-02 3.047E-04 1.90E-02
2.512E-02 5.308E-02 5.277E-02 3.044E-04 1.94E-02
2.483E-02 5.186E-02 5.155E-02 3.041E-04 1.99E-02
2.455E-02 5.066E-02 5.036E-02 3.038E-04 2.04E-02
2.427E-02 4.950E-02 4.919E-02 3.036E-04 2.09E-02
2.399E-02 4.836E-02 4.805E-02 3.033E-04 2.14E-02
2.371E-02 4.725E-02 4.695E-02 3.030E-04 2.19E-02
2.344E-02 4.617E-02 4.586E-02 3.027E-04 2.24E-02
2.317E-02 4.510E-02 4.480E-02 3.023E-04 2.30E-02
2.291E-02 4.406E-02 4.375E-02 3.020E-04 2.35E-02
2.265E-02 4.303E-02 4.273E-02 3.016E-04 2.41E-02
2.239E-02 4.203E-02 4.173E-02 3.012E-04 2.47E-02
2.213E-02 4.106E-02 4.076E-02 3.008E-04 2.53E-02
2.188E-02 4.010E-02 3.980E-02 3.003E-04 2.59E-02
2.163E-02 3.917E-02 3.887E-02 2.998E-04 2.65E-02
2.138E-02 3.826E-02 3.796E-02 2.994E-04 2.71E-02
2.113E-02 3.737E-02 3.707E-02 2.989E-04 2.78E-02
2.089E-02 3.649E-02 3.619E-02 2.983E-04 2.85E-02
2.065E-02 3.563E-02 3.533E-02 2.977E-04 2.92E-02
2.042E-02 3.481E-02 3.452E-02 2.973E-04 2.99E-02
2.018E-02 3.401E-02 3.371E-02 2.968E-04 3.06E-02
1.995E-02 3.321E-02 3.291E-02 2.962E-04 3.13E-02
1.972E-02 3.242E-02 3.212E-02 2.955E-04 3.21E-02
1.950E-02 3.164E-02 3.135E-02 2.947E-04 3.28E-02
1.928E-02 3.088E-02 3.058E-02 2.939E-04 3.36E-02
1.905E-02 3.013E-02 2.984E-02 2.931E-04 3.44E-02
1.884E-02 2.942E-02 2.913E-02 2.924E-04 3.53E-02
1.862E-02 2.872E-02 2.842E-02 2.916E-04 3.61E-02
1.841E-02 2.803E-02 2.774E-02 2.908E-04 3.70E-02
1.820E-02 2.736E-02 2.707E-02 2.899E-04 3.79E-02
1.799E-02 2.670E-02 2.642E-02 2.891E-04 3.88E-02
1.778E-02 2.607E-02 2.578E-02 2.882E-04 3.97E-02
1.758E-02 2.545E-02 2.517E-02 2.874E-04 4.07E-02
1.738E-02 2.484E-02 2.456E-02 2.865E-04 4.17E-02
1.718E-02 2.424E-02 2.396E-02 2.856E-04 4.27E-02
1.698E-02 2.365E-02 2.337E-02 2.846E-04 4.37E-02
1.679E-02 2.308E-02 2.280E-02 2.837E-04 4.47E-02
1.660E-02 2.253E-02 2.225E-02 2.827E-04 4.58E-02
1.641E-02 2.199E-02 2.171E-02 2.818E-04 4.69E-02
1.622E-02 2.146E-02 2.118E-02 2.807E-04 4.80E-02
1.603E-02 2.094E-02 2.066E-02 2.796E-04 4.92E-02
1.585E-02 2.043E-02 2.015E-02 2.785E-04 5.04E-02
1.567E-02 1.993E-02 1.965E-02 2.774E-04 5.16E-02
1.549E-02 1.945E-02 1.917E-02 2.763E-04 5.28E-02
1.531E-02 1.898E-02 1.870E-02 2.752E-04 5.41E-02
1.514E-02 1.851E-02 1.824E-02 2.740E-04 5.54E-02
1.496E-02 1.805E-02 1.778E-02 2.728E-04 5.67E-02
1.479E-02 1.761E-02 1.734E-02 2.716E-04 5.81E-02
1.462E-02 1.718E-02 1.691E-02 2.704E-04 5.95E-02
1.445E-02 1.676E-02 1.649E-02 2.691E-04 6.09E-02
1.429E-02 1.635E-02 1.608E-02 2.678E-04 6.24E-02
1.413E-02 1.595E-02 1.568E-02 2.665E-04 6.39E-02
1.396E-02 1.555E-02 1.529E-02 2.652E-04 6.54E-02
1.380E-02 1.517E-02 1.491E-02 2.638E-04 6.70E-02
1.365E-02 1.480E-02 1.454E-02 2.625E-04 6.86E-02
1.349E-02 1.444E-02 1.418E-02 2.610E-04 7.02E-02
1.334E-02 1.408E-02 1.382E-02 2.595E-04 7.19E-02
1.318E-02 1.373E-02 1.347E-02 2.581E-04 7.37E-02
1.303E-02 1.339E-02 1.314E-02 2.566E-04 7.54E-02
1.288E-02 1.307E-02 1.281E-02 2.552E-04 7.72E-02
1.274E-02 1.274E-02 1.249E-02 2.537E-04 7.91E-02
1.259E-02 1.243E-02 1.217E-02 2.521E-04 8.10E-02
1.245E-02 1.211E-02 1.186E-02 2.505E-04 8.29E-02
1.230E-02 1.182E-02 1.157E-02 2.490E-04 8.49E-02
1.216E-02 1.153E-02 1.129E-02 2.476E-04 8.70E-02
1.202E-02 1.125E-02 1.101E-02 2.460E-04 8.91E-02
1.189E-02 1.097E-02 1.073E-02 2.443E-04 9.12E-02
1.175E-02 1.070E-02 1.045E-02 2.426E-04 9.34E-02
1.161E-02 1.042E-02 1.018E-02 2.408E-04 9.56E-02
1.148E-02 1.016E-02 9.917E-03 2.389E-04 9.79E-02
1.135E-02 9.895E-03 9.658E-03 2.370E-04 1.00E-01
1.122E-02 9.643E-03 9.408E-03 2.351E-04 1.03E-01
1.109E-02 9.400E-03 9.167E-03 2.332E-04 1.05E-01
1.096E-02 9.162E-03 8.930E-03 2.313E-04 1.08E-01
1.084E-02 8.929E-03 8.699E-03 2.293E-04 1.10E-01
1.072E-02 8.701E-03 8.474E-03 2.273E-04 1.13E-01
1.059E-02 8.480E-03 8.255E-03 2.253E-04 1.16E-01
1.047E-02 8.267E-03 8.044E-03 2.233E-04 1.18E-01
1.035E-02 8.062E-03 7.841E-03 2.214E-04 1.21E-01
1.023E-02 7.859E-03 7.640E-03 2.193E-04 1.24E-01
1.012E-02 7.659E-03 7.442E-03 2.173E-04 1.27E-01
1.000E-02 7.462E-03 7.247E-03 2.151E-04 1.30E-01
9.886E-03 7.271E-03 7.058E-03 2.129E-04 1.33E-01
9.772E-03 7.084E-03 6.873E-03 2.108E-04 1.37E-01
9.661E-03 6.904E-03 6.695E-03 2.086E-04 1.40E-01
9.550E-03 6.730E-03 6.524E-03 2.064E-04 1.43E-01
9.441E-03 6.559E-03 6.355E-03 2.042E-04 1.47E-01
9.333E-03 6.391E-03 6.189E-03 2.020E-04 1.50E-01
9.226E-03 6.226E-03 6.026E-03 1.996E-04 1.54E-01
9.120E-03 6.065E-03 5.867E-03 1.973E-04 1.57E-01
9.016E-03 5.909E-03 5.714E-03 1.949E-04 1.61E-01
8.913E-03 5.758E-03 5.565E-03 1.926E-04 1.65E-01
8.810E-03 5.612E-03 5.421E-03 1.902E-04 1.69E-01
8.710E-03 5.467E-03 5.279E-03 1.877E-04 1.73E-01
8.610E-03 5.325E-03 5.140E-03 1.853E-04 1.77E-01
8.511E-03 5.187E-03 5.004E-03 1.827E-04 1.81E-01
8.414E-03 5.053E-03 4.872E-03 1.802E-04 1.86E-01
8.318E-03 4.923E-03 4.745E-03 1.777E-04 1.90E-01
8.222E-03 4.796E-03 4.621E-03 1.751E-04 1.95E-01
8.128E-03 4.672E-03 4.499E-03 1.725E-04 1.99E-01
8.035E-03 4.549E-03 4.379E-03 1.699E-04 2.04E-01
7.943E-03 4.430E-03 4.263E-03 1.672E-04 2.09E-01
7.852E-03 4.314E-03 4.150E-03 1.645E-04 2.14E-01
7.762E-03 4.202E-03 4.040E-03 1.618E-04 2.19E-01
7.674E-03 4.091E-03 3.932E-03 1.591E-04 2.24E-01
7.586E-03 3.982E-03 3.826E-03 1.563E-04 2.30E-01
7.499E-03 3.876E-03 3.723E-03 1.535E-04 2.35E-01
7.413E-03 3.775E-03 3.624E-03 1.507E-04 2.41E-01
7.328E-03 3.677E-03 3.529E-03 1.480E-04 2.46E-01
7.244E-03 3.581E-03 3.436E-03 1.452E-04 2.52E-01
7.161E-03 3.487E-03 3.344E-03 1.424E-04 2.58E-01
7.079E-03 3.396E-03 3.256E-03 1.395E-04 2.64E-01
6.998E-03 3.306E-03 3.169E-03 1.367E-04 2.70E-01
6.918E-03 3.218E-03 3.084E-03 1.338E-04 2.77E-01
6.839E-03 3.133E-03 3.002E-03 1.309E-04 2.83E-01
6.761E-03 3.050E-03 2.922E-03 1.279E-04 2.90E-01
6.683E-03 2.969E-03 2.844E-03 1.250E-04 2.96E-01
6.607E-03 2.889E-03 2.767E-03 1.219E-04 3.03E-01
6.531E-03 2.810E-03 2.691E-03 1.189E-04 3.10E-01
6.457E-03 2.736E-03 2.620E-03 1.159E-04 3.17E-01
6.383E-03 2.663E-03 2.550E-03 1.129E-04 3.25E-01
6.310E-03 2.590E-03 2.480E-03 1.098E-04 3.32E-01
6.237E-03 2.519E-03 2.412E-03 1.067E-04 3.40E-01
6.166E-03 2.452E-03 2.348E-03 1.037E-04 3.47E-01
6.095E-03 2.388E-03 2.287E-03 1.007E-04 3.55E-01
6.026E-03 2.324E-03 2.227E-03 9.764E-05 3.63E-01
5.957E-03 2.261E-03 2.167E-03 9.450E-05 3.71E-01
5.888E-03 2.199E-03 2.108E-03 9.129E-05 3.79E-01
5.821E-03 2.138E-03 2.050E-03 8.802E-05 3.88E-01
5.754E-03 2.077E-03 1.993E-03 8.470E-05 3.96E-01
5.689E-03 2.018E-03 1.937E-03 8.134E-05 4.05E-01
5.623E-03 1.961E-03 1.883E-03 7.799E-05 4.14E-01
5.559E-03 1.906E-03 1.832E-03 7.476E-05 4.22E-01
5.495E-03 1.853E-03 1.781E-03 7.142E-05 4.31E-01
5.433E-03 1.800E-03 1.732E-03 6.800E-05 4.40E-01
5.370E-03 1.749E-03 1.684E-03 6.451E-05 4.50E-01
5.309E-03 1.699E-03 1.638E-03 6.094E-05 4.59E-01
5.248E-03 1.650E-03 1.593E-03 5.732E-05 4.68E-01
5.188E-03 1.604E-03 1.550E-03 5.365E-05 4.78E-01
5.129E-03 1.559E-03 1.508E-03 5.129E-05 4.87E-01
5.070E-03 1.515E-03 1.466E-03 4.900E-05 4.96E-01
5.012E-03 1.471E-03 1.426E-03 4.584E-05 5.06E-01
4.955E-03 1.428E-03 1.386E-03 4.184E-05 5.16E-01
4.898E-03 1.385E-03 1.348E-03 3.707E-05 5.25E-01
4.842E-03 1.342E-03 1.311E-03 3.166E-05 5.35E-01
4.786E-03 1.301E-03 1.275E-03 2.577E-05 5.45E-01
4.732E-03 1.258E-03 1.240E-03 1.769E-05 5.54E-01
4.677E-03 1.214E-03 1.205E-03 9.258E-06 5.64E-01
4.624E-03 1.174E-03 1.171E-03 2.857E-06 5.74E-01
4.571E-03 1.139E-03 1.139E-03 3.505E-07 5.56E-01
4.519E-03 1.111E-03 1.107E-03 4.116E-06 5.93E-01
4.467E-03 1.095E-03 1.077E-03 1.716E-05 6.03E-01
4.416E-03 2.381E-02 2.368E-02 1.280E-04 6.13E-01
4.365E-03 2.332E-02 2.320E-02 1.135E-04 6.22E-01
4.315E-03 2.284E-02 2.274E-02 1.021E-04 6.31E-01
4.266E-03 2.237E-02 2.227E-02 9.943E-05 6.39E-01
4.217E-03 2.191E-02 2.181E-02 1.032E-04 6.48E-01
4.169E-03 2.146E-02 2.135E-02 1.110E-04 6.56E-01
4.121E-03 2.101E-02 2.089E-02 1.194E-04 6.64E-01
4.074E-03 2.057E-02 2.044E-02 1.240E-04 6.72E-01
4.027E-03 2.013E-02 2.000E-02 1.278E-04 6.79E-01
3.981E-03 1.969E-02 1.956E-02 1.300E-04 6.87E-01
3.935E-03 1.925E-02 1.912E-02 1.303E-04 6.94E-01
3.890E-03 1.882E-02 1.869E-02 1.282E-04 7.01E-01
3.846E-03 1.840E-02 1.827E-02 1.273E-04 7.08E-01
3.802E-03 1.798E-02 1.785E-02 1.279E-04 7.14E-01
3.758E-03 1.757E-02 1.744E-02 1.283E-04 7.21E-01
3.715E-03 1.716E-02 1.703E-02 1.285E-04 7.26E-01
3.673E-03 1.676E-02 1.663E-02 1.283E-04 7.32E-01
3.631E-03 1.637E-02 1.624E-02 1.279E-04 7.37E-01
3.589E-03 1.598E-02 1.585E-02 1.276E-04 7.42E-01
3.548E-03 1.560E-02 1.547E-02 1.272E-04 7.47E-01
3.508E-03 1.522E-02 1.510E-02 1.267E-04 7.52E-01
3.467E-03 1.486E-02 1.473E-02 1.261E-04 7.56E-01
3.428E-03 1.450E-02 1.437E-02 1.253E-04 7.60E-01
3.388E-03 1.414E-02 1.402E-02 1.245E-04 7.64E-01
3.350E-03 1.379E-02 1.367E-02 1.237E-04 7.67E-01
3.311E-03 1.345E-02 1.332E-02 1.228E-04 7.70E-01
3.273E-03 1.311E-02 1.299E-02 1.217E-04 7.74E-01
3.236E-03 1.279E-02 1.267E-02 1.206E-04 7.77E-01
3.199E-03 1.247E-02 1.235E-02 1.195E-04 7.79E-01
3.162E-03 1.215E-02 1.203E-02 1.184E-04 7.82E-01
3.126E-03 1.183E-02 1.172E-02 1.172E-04 7.85E-01
3.090E-03 1.153E-02 1.141E-02 1.160E-04 7.87E-01
3.055E-03 1.125E-02 1.114E-02 1.148E-04 7.90E-01
3.020E-03 1.097E-02 1.086E-02 1.136E-04 7.92E-01
2.985E-03 1.069E-02 1.058E-02 1.123E-04 7.94E-01
2.951E-03 1.042E-02 1.031E-02 1.110E-04 7.97E-01
2.917E-03 1.014E-02 1.003E-02 1.097E-04 7.99E-01
2.884E-03 9.868E-03 9.759E-03 1.083E-04 8.02E-01
2.851E-03 9.598E-03 9.491E-03 1.069E-04 8.04E-01
2.818E-03 9.331E-03 9.226E-03 1.055E-04 8.07E-01
2.786E-03 9.069E-03 8.965E-03 1.040E-04 8.09E-01
2.754E-03 8.813E-03 8.711E-03 1.025E-04 8.12E-01
2.723E-03 8.574E-03 8.473E-03 1.010E-04 8.15E-01
2.692E-03 8.338E-03 8.239E-03 9.944E-05 8.18E-01
2.661E-03 8.106E-03 8.008E-03 9.787E-05 8.21E-01
2.630E-03 7.879E-03 7.783E-03 9.627E-05 8.24E-01
2.600E-03 7.657E-03 7.562E-03 9.466E-05 8.27E-01
2.570E-03 7.442E-03 7.349E-03 9.303E-05 8.31E-01
2.541E-03 7.233E-03 7.142E-03 9.139E-05 8.34E-01
2.512E-03 7.033E-03 6.943E-03 8.974E-05 8.38E-01
2.483E-03 6.842E-03 6.754E-03 8.809E-05 8.41E-01
2.455E-03 6.651E-03 6.564E-03 8.649E-05 8.45E-01
2.427E-03 6.461E-03 6.376E-03 8.491E-05 8.48E-01
2.399E-03 6.276E-03 6.193E-03 8.333E-05 8.52E-01
2.371E-03 6.095E-03 6.013E-03 8.177E-05 8.56E-01
2.344E-03 5.918E-03 5.838E-03 8.021E-05 8.59E-01
2.317E-03 5.748E-03 5.669E-03 7.868E-05 8.62E-01
2.291E-03 5.583E-03 5.506E-03 7.716E-05 8.66E-01
2.265E-03 5.426E-03 5.350E-03 7.568E-05 8.69E-01
2.239E-03 5.272E-03 5.197E-03 7.422E-05 8.72E-01
2.213E-03 5.118E-03 5.046E-03 7.276E-05 8.75E-01
2.188E-03 4.968E-03 4.897E-03 7.132E-05 8.78E-01
2.163E-03 4.821E-03 4.751E-03 6.991E-05 8.80E-01
2.138E-03 4.679E-03 4.610E-03 6.851E-05 8.83E-01
2.113E-03 4.541E-03 4.474E-03 6.714E-05 8.85E-01
2.089E-03 4.409E-03 4.343E-03 6.580E-05 8.87E-01
2.065E-03 4.282E-03 4.217E-03 6.450E-05 8.89E-01
2.042E-03 4.156E-03 4.092E-03 6.322E-05 8.90E-01
2.018E-03 4.032E-03 3.970E-03 6.194E-05 8.92E-01
1.995E-03 3.911E-03 3.850E-03 6.069E-05 8.94E-01
1.972E-03 3.793E-03 3.734E-03 5.946E-05 8.95E-01
1.950E-03 3.680E-03 3.621E-03 5.825E-05 8.96E-01
1.928E-03 3.570E-03 3.513E-03 5.706E-05 8.98E-01
1.905E-03 3.465E-03 3.409E-03 5.590E-05 8.99E-01
1.884E-03 3.361E-03 3.306E-03 5.474E-05 9.01E-01
1.862E-03 3.259E-03 3.206E-03 5.360E-05 9.02E-01
1.841E-03 3.160E-03 3.107E-03 5.246E-05 9.03E-01
1.820E-03 3.063E-03 3.012E-03 5.135E-05 9.05E-01
1.799E-03 2.970E-03 2.920E-03 5.025E-05 9.07E-01
1.778E-03 2.881E-03 2.831E-03 4.917E-05 9.08E-01
1.758E-03 2.794E-03 2.746E-03 4.811E-05 9.10E-01
1.738E-03 2.708E-03 2.661E-03 4.706E-05 9.12E-01
1.718E-03 2.625E-03 2.579E-03 4.602E-05 9.14E-01
1.698E-03 2.544E-03 2.499E-03 4.500E-05 9.16E-01
1.679E-03 2.466E-03 2.422E-03 4.400E-05 9.17E-01
1.660E-03 2.391E-03 2.348E-03 4.302E-05 9.19E-01
1.641E-03 2.318E-03 2.276E-03 4.207E-05 9.21E-01
1.622E-03 2.246E-03 2.205E-03 4.113E-05 9.23E-01
1.603E-03 2.176E-03 2.136E-03 4.021E-05 9.25E-01
1.585E-03 2.108E-03 2.069E-03 3.931E-05 9.27E-01
1.567E-03 2.043E-03 2.004E-03 3.843E-05 9.28E-01
1.549E-03 1.980E-03 1.942E-03 3.758E-05 9.30E-01
1.531E-03 1.918E-03 1.882E-03 3.673E-05 9.31E-01
1.514E-03 1.858E-03 1.823E-03 3.591E-05 9.32E-01
1.496E-03 1.800E-03 1.765E-03 3.509E-05 9.34E-01
1.479E-03 1.744E-03 1.710E-03 3.430E-05 9.35E-01
1.462E-03 1.690E-03 1.656E-03 3.354E-05 9.36E-01
1.445E-03 1.637E-03 1.604E-03 3.278E-05 9.36E-01
1.429E-03 1.585E-03 1.553E-03 3.204E-05 9.37E-01
1.413E-03 1.535E-03 1.504E-03 3.132E-05 9.38E-01
1.396E-03 1.487E-03 1.456E-03 3.062E-05 9.39E-01
1.380E-03 1.440E-03 1.410E-03 2.993E-05 9.40E-01
1.365E-03 1.395E-03 1.365E-03 2.925E-05 9.41E-01
1.349E-03 1.350E-03 1.322E-03 2.858E-05 9.42E-01
1.334E-03 1.308E-03 1.280E-03 2.793E-05 9.43E-01
1.318E-03 1.266E-03 1.239E-03 2.728E-05 9.44E-01
1.303E-03 1.227E-03 1.200E-03 2.666E-05 9.46E-01
1.288E-03 1.188E-03 1.162E-03 2.605E-05 9.47E-01
1.274E-03 1.151E-03 1.125E-03 2.544E-05 9.48E-01
1.259E-03 1.114E-03 1.089E-03 2.485E-05 9.49E-01
1.245E-03 1.078E-03 1.054E-03 2.426E-05 9.50E-01
1.230E-03 1.045E-03 1.021E-03 2.371E-05 9.52E-01
1.216E-03 1.013E-03 9.895E-04 2.318E-05 9.53E-01
1.202E-03 9.810E-04 9.583E-04 2.266E-05 9.54E-01
1.189E-03 9.497E-04 9.276E-04 2.214E-05 9.54E-01
1.175E-03 9.190E-04 8.974E-04 2.162E-05 9.55E-01
1.161E-03 8.890E-04 8.678E-04 2.112E-05 9.56E-01
1.148E-03 8.596E-04 8.390E-04 2.062E-05 9.57E-01
1.135E-03 8.311E-04 8.110E-04 2.013E-05 9.57E-01
1.122E-03 8.039E-04 7.842E-04 1.966E-05 9.58E-01
1.109E-03 7.779E-04 7.587E-04 1.921E-05 9.58E-01
1.096E-03 7.526E-04 7.339E-04 1.876E-05 9.59E-01
1.084E-03 7.280E-04 7.097E-04 1.831E-05 9.60E-01
1.072E-03 7.042E-04 6.863E-04 1.788E-05 9.61E-01
1.059E-03 6.813E-04 6.639E-04 1.746E-05 9.62E-01
1.047E-03 6.594E-04 6.424E-04 1.705E-05 9.62E-01
1.035E-03 6.387E-04 6.220E-04 1.666E-05 9.63E-01
1.023E-03 6.182E-04 6.019E-04 1.626E-05 9.64E-01
1.012E-03 5.981E-04 5.822E-04 1.588E-05 9.65E-01
