w(micron)   Q_ext     Q_abs     Q_sca    g=<cos>
1.000E+03 2.615E-08 2.615E-08 2.617E-18 0.00E+00
9.886E+02 2.674E-08 2.674E-08 2.740E-18 0.00E+00
9.772E+02 2.733E-08 2.733E-08 2.869E-18 0.00E+00
9.661E+02 2.794E-08 2.794E-08 3.004E-18 0.00E+00
9.550E+02 2.857E-08 2.857E-08 3.145E-18 0.00E+00
9.441E+02 2.920E-08 2.920E-08 3.294E-18 0.00E+00
9.333E+02 2.986E-08 2.986E-08 3.449E-18 0.00E+00
9.226E+02 3.052E-08 3.052E-08 3.611E-18 0.00E+00
9.120E+02 3.120E-08 3.120E-08 3.781E-18 0.00E+00
9.016E+02 3.190E-08 3.190E-08 3.959E-18 0.00E+00
8.913E+02 3.261E-08 3.261E-08 4.146E-18 0.00E+00
8.810E+02 3.333E-08 3.333E-08 4.341E-18 0.00E+00
8.710E+02 3.408E-08 3.408E-08 4.545E-18 0.00E+00
8.610E+02 3.484E-08 3.484E-08 4.759E-18 0.00E+00
8.511E+02 3.561E-08 3.561E-08 4.983E-18 0.00E+00
8.414E+02 3.640E-08 3.640E-08 5.218E-18 0.00E+00
8.318E+02 3.721E-08 3.721E-08 5.464E-18 0.00E+00
8.222E+02 3.804E-08 3.804E-08 5.721E-18 0.00E+00
8.128E+02 3.889E-08 3.889E-08 5.990E-18 0.00E+00
8.035E+02 3.975E-08 3.975E-08 6.272E-18 0.00E+00
7.943E+02 4.064E-08 4.064E-08 6.568E-18 0.00E+00
7.852E+02 4.154E-08 4.154E-08 6.877E-18 0.00E+00
7.762E+02 4.246E-08 4.246E-08 7.201E-18 0.00E+00
7.674E+02 4.341E-08 4.341E-08 7.540E-18 0.00E+00
7.586E+02 4.437E-08 4.437E-08 7.895E-18 0.00E+00
7.499E+02 4.536E-08 4.536E-08 8.267E-18 0.00E+00
7.413E+02 4.637E-08 4.637E-08 8.656E-18 0.00E+00
7.328E+02 4.740E-08 4.740E-08 9.064E-18 0.00E+00
7.244E+02 4.845E-08 4.845E-08 9.490E-18 0.00E+00
7.161E+02 4.953E-08 4.953E-08 9.937E-18 0.00E+00
7.079E+02 5.063E-08 5.063E-08 1.041E-17 0.00E+00
6.998E+02 5.175E-08 5.175E-08 1.090E-17 0.00E+00
6.918E+02 5.290E-08 5.290E-08 1.141E-17 0.00E+00
6.839E+02 5.408E-08 5.408E-08 1.195E-17 0.00E+00
6.761E+02 5.528E-08 5.528E-08 1.251E-17 0.00E+00
6.683E+02 5.651E-08 5.651E-08 1.310E-17 0.00E+00
6.607E+02 5.776E-08 5.776E-08 1.371E-17 0.00E+00
6.531E+02 5.905E-08 5.905E-08 1.436E-17 0.00E+00
6.457E+02 6.036E-08 6.036E-08 1.504E-17 0.00E+00
6.383E+02 6.170E-08 6.170E-08 1.574E-17 0.00E+00
6.310E+02 6.307E-08 6.307E-08 1.648E-17 0.00E+00
6.237E+02 6.447E-08 6.447E-08 1.726E-17 0.00E+00
6.166E+02 6.591E-08 6.591E-08 1.807E-17 0.00E+00
6.095E+02 6.737E-08 6.737E-08 1.892E-17 0.00E+00
6.026E+02 6.887E-08 6.887E-08 1.982E-17 0.00E+00
5.957E+02 7.040E-08 7.040E-08 2.075E-17 0.00E+00
5.888E+02 7.197E-08 7.197E-08 2.173E-17 0.00E+00
5.821E+02 7.357E-08 7.357E-08 2.275E-17 0.00E+00
5.754E+02 7.521E-08 7.521E-08 2.382E-17 0.00E+00
5.689E+02 7.689E-08 7.689E-08 2.494E-17 0.00E+00
5.623E+02 7.860E-08 7.860E-08 2.612E-17 0.00E+00
5.559E+02 8.035E-08 8.035E-08 2.735E-17 0.00E+00
5.495E+02 8.214E-08 8.214E-08 2.863E-17 0.00E+00
5.433E+02 8.397E-08 8.397E-08 2.998E-17 0.00E+00
5.370E+02 8.584E-08 8.584E-08 3.139E-17 0.00E+00
5.309E+02 8.776E-08 8.776E-08 3.287E-17 0.00E+00
5.248E+02 8.971E-08 8.971E-08 3.442E-17 0.00E+00
5.188E+02 9.172E-08 9.172E-08 3.604E-17 0.00E+00
5.129E+02 9.376E-08 9.376E-08 3.774E-17 0.00E+00
5.070E+02 9.586E-08 9.586E-08 3.951E-17 0.00E+00
5.012E+02 9.800E-08 9.800E-08 4.137E-17 0.00E+00
4.955E+02 1.002E-07 1.002E-07 4.332E-17 0.00E+00
4.898E+02 1.024E-07 1.024E-07 4.536E-17 0.00E+00
4.842E+02 1.047E-07 1.047E-07 4.750E-17 0.00E+00
4.786E+02 1.071E-07 1.071E-07 4.973E-17 0.00E+00
4.732E+02 1.095E-07 1.095E-07 5.208E-17 0.00E+00
4.677E+02 1.119E-07 1.119E-07 5.453E-17 0.00E+00
4.624E+02 1.144E-07 1.144E-07 5.709E-17 0.00E+00
4.571E+02 1.170E-07 1.170E-07 5.978E-17 0.00E+00
4.519E+02 1.196E-07 1.196E-07 6.260E-17 0.00E+00
4.467E+02 1.223E-07 1.223E-07 6.555E-17 0.00E+00
4.416E+02 1.250E-07 1.250E-07 6.863E-17 0.00E+00
4.365E+02 1.278E-07 1.278E-07 7.186E-17 0.00E+00
4.315E+02 1.307E-07 1.307E-07 7.525E-17 0.00E+00
4.266E+02 1.336E-07 1.336E-07 7.879E-17 0.00E+00
4.217E+02 1.366E-07 1.366E-07 8.250E-17 0.00E+00
4.169E+02 1.397E-07 1.397E-07 8.639E-17 0.00E+00
4.121E+02 1.429E-07 1.429E-07 9.045E-17 0.00E+00
4.074E+02 1.461E-07 1.461E-07 9.471E-17 0.00E+00
4.027E+02 1.494E-07 1.494E-07 9.917E-17 0.00E+00
3.981E+02 1.527E-07 1.527E-07 1.038E-16 0.00E+00
3.936E+02 1.562E-07 1.562E-07 1.087E-16 0.00E+00
3.890E+02 1.597E-07 1.597E-07 1.139E-16 0.00E+00
3.846E+02 1.633E-07 1.633E-07 1.192E-16 0.00E+00
3.802E+02 1.670E-07 1.670E-07 1.248E-16 0.00E+00
3.758E+02 1.708E-07 1.708E-07 1.307E-16 0.00E+00
3.715E+02 1.746E-07 1.746E-07 1.369E-16 0.00E+00
3.673E+02 1.786E-07 1.786E-07 1.433E-16 0.00E+00
3.631E+02 1.826E-07 1.826E-07 1.500E-16 0.00E+00
3.589E+02 1.867E-07 1.867E-07 1.571E-16 0.00E+00
3.548E+02 1.910E-07 1.910E-07 1.645E-16 0.00E+00
3.508E+02 1.953E-07 1.953E-07 1.723E-16 0.00E+00
3.467E+02 1.997E-07 1.997E-07 1.804E-16 0.00E+00
3.428E+02 2.043E-07 2.043E-07 1.889E-16 0.00E+00
3.388E+02 2.089E-07 2.089E-07 1.978E-16 0.00E+00
3.350E+02 2.136E-07 2.136E-07 2.071E-16 0.00E+00
3.311E+02 2.185E-07 2.185E-07 2.168E-16 0.00E+00
3.273E+02 2.235E-07 2.235E-07 2.270E-16 0.00E+00
3.236E+02 2.285E-07 2.285E-07 2.377E-16 0.00E+00
3.199E+02 2.337E-07 2.337E-07 2.489E-16 0.00E+00
3.162E+02 2.391E-07 2.391E-07 2.606E-16 0.00E+00
3.126E+02 2.445E-07 2.445E-07 2.729E-16 0.00E+00
3.090E+02 2.501E-07 2.501E-07 2.857E-16 0.00E+00
3.055E+02 2.558E-07 2.558E-07 2.992E-16 0.00E+00
3.020E+02 2.616E-07 2.616E-07 3.133E-16 0.00E+00
2.985E+02 2.676E-07 2.676E-07 3.280E-16 0.00E+00
2.951E+02 2.737E-07 2.737E-07 3.435E-16 0.00E+00
2.917E+02 2.800E-07 2.800E-07 3.597E-16 0.00E+00
2.884E+02 2.864E-07 2.864E-07 3.766E-16 0.00E+00
2.851E+02 2.929E-07 2.929E-07 3.943E-16 0.00E+00
2.818E+02 2.996E-07 2.996E-07 4.129E-16 0.00E+00
2.786E+02 3.065E-07 3.065E-07 4.323E-16 0.00E+00
2.754E+02 3.135E-07 3.135E-07 4.527E-16 0.00E+00
2.723E+02 3.207E-07 3.207E-07 4.740E-16 0.00E+00
2.692E+02 3.281E-07 3.281E-07 4.963E-16 0.00E+00
2.661E+02 3.356E-07 3.356E-07 5.197E-16 0.00E+00
2.630E+02 3.433E-07 3.433E-07 5.441E-16 0.00E+00
2.600E+02 3.512E-07 3.512E-07 5.697E-16 0.00E+00
2.570E+02 3.593E-07 3.593E-07 5.966E-16 0.00E+00
2.541E+02 3.676E-07 3.676E-07 6.246E-16 0.00E+00
2.512E+02 3.760E-07 3.760E-07 6.540E-16 0.00E+00
2.483E+02 3.847E-07 3.847E-07 6.848E-16 0.00E+00
2.455E+02 3.935E-07 3.935E-07 7.171E-16 0.00E+00
2.427E+02 4.026E-07 4.026E-07 7.508E-16 0.00E+00
2.399E+02 4.119E-07 4.119E-07 7.862E-16 0.00E+00
2.371E+02 4.214E-07 4.214E-07 8.232E-16 0.00E+00
2.344E+02 4.312E-07 4.312E-07 8.619E-16 0.00E+00
2.317E+02 4.411E-07 4.411E-07 9.025E-16 0.00E+00
2.291E+02 4.513E-07 4.513E-07 9.450E-16 0.00E+00
2.265E+02 4.618E-07 4.618E-07 9.894E-16 0.00E+00
2.239E+02 4.724E-07 4.724E-07 1.036E-15 0.00E+00
2.213E+02 4.834E-07 4.834E-07 1.085E-15 0.00E+00
2.188E+02 4.946E-07 4.946E-07 1.136E-15 0.00E+00
2.163E+02 5.061E-07 5.061E-07 1.189E-15 0.00E+00
2.138E+02 5.178E-07 5.178E-07 1.245E-15 0.00E+00
2.113E+02 5.298E-07 5.298E-07 1.304E-15 0.00E+00
2.089E+02 5.421E-07 5.421E-07 1.365E-15 0.00E+00
2.065E+02 5.547E-07 5.547E-07 1.429E-15 0.00E+00
2.042E+02 5.676E-07 5.676E-07 1.497E-15 0.00E+00
2.018E+02 5.808E-07 5.808E-07 1.567E-15 0.00E+00
1.995E+02 5.943E-07 5.943E-07 1.641E-15 0.00E+00
1.972E+02 6.082E-07 6.082E-07 1.718E-15 0.00E+00
1.950E+02 6.223E-07 6.223E-07 1.799E-15 0.00E+00
1.928E+02 6.368E-07 6.368E-07 1.884E-15 0.00E+00
1.905E+02 6.517E-07 6.517E-07 1.972E-15 0.00E+00
1.884E+02 6.669E-07 6.669E-07 2.065E-15 0.00E+00
1.862E+02 6.825E-07 6.825E-07 2.162E-15 0.00E+00
1.841E+02 6.984E-07 6.984E-07 2.264E-15 0.00E+00
1.820E+02 7.148E-07 7.148E-07 2.370E-15 0.00E+00
1.799E+02 7.315E-07 7.315E-07 2.482E-15 0.00E+00
1.778E+02 7.486E-07 7.486E-07 2.599E-15 0.00E+00
1.758E+02 7.662E-07 7.662E-07 2.721E-15 0.00E+00
1.738E+02 7.841E-07 7.841E-07 2.849E-15 0.00E+00
1.718E+02 8.025E-07 8.025E-07 2.983E-15 0.00E+00
1.698E+02 8.214E-07 8.214E-07 3.123E-15 0.00E+00
1.679E+02 8.406E-07 8.406E-07 3.270E-15 0.00E+00
1.660E+02 8.604E-07 8.604E-07 3.424E-15 0.00E+00
1.641E+02 8.806E-07 8.806E-07 3.585E-15 0.00E+00
1.622E+02 9.014E-07 9.014E-07 3.753E-15 0.00E+00
1.603E+02 9.226E-07 9.226E-07 3.930E-15 0.00E+00
1.585E+02 9.443E-07 9.443E-07 4.114E-15 0.00E+00
1.567E+02 9.666E-07 9.666E-07 4.308E-15 0.00E+00
1.549E+02 9.894E-07 9.894E-07 4.510E-15 0.00E+00
1.531E+02 1.013E-06 1.013E-06 4.722E-15 0.00E+00
1.514E+02 1.037E-06 1.037E-06 4.944E-15 0.00E+00
1.496E+02 1.061E-06 1.061E-06 5.177E-15 0.00E+00
1.479E+02 1.086E-06 1.086E-06 5.420E-15 0.00E+00
1.462E+02 1.112E-06 1.112E-06 5.675E-15 0.00E+00
1.445E+02 1.138E-06 1.138E-06 5.942E-15 0.00E+00
1.429E+02 1.165E-06 1.165E-06 6.221E-15 0.00E+00
1.413E+02 1.193E-06 1.193E-06 6.513E-15 0.00E+00
1.396E+02 1.221E-06 1.221E-06 6.819E-15 0.00E+00
1.380E+02 1.251E-06 1.251E-06 7.139E-15 0.00E+00
1.365E+02 1.280E-06 1.280E-06 7.475E-15 0.00E+00
1.349E+02 1.311E-06 1.311E-06 7.826E-15 0.00E+00
1.334E+02 1.342E-06 1.342E-06 8.193E-15 0.00E+00
1.318E+02 1.374E-06 1.374E-06 8.578E-15 0.00E+00
1.303E+02 1.407E-06 1.407E-06 8.981E-15 0.00E+00
1.288E+02 1.441E-06 1.441E-06 9.402E-15 0.00E+00
1.274E+02 1.475E-06 1.475E-06 9.844E-15 0.00E+00
1.259E+02 1.510E-06 1.510E-06 1.031E-14 0.00E+00
1.245E+02 1.546E-06 1.546E-06 1.079E-14 0.00E+00
1.230E+02 1.584E-06 1.584E-06 1.130E-14 0.00E+00
1.216E+02 1.622E-06 1.622E-06 1.183E-14 0.00E+00
1.202E+02 1.661E-06 1.661E-06 1.238E-14 0.00E+00
1.189E+02 1.701E-06 1.701E-06 1.296E-14 0.00E+00
1.175E+02 1.742E-06 1.742E-06 1.357E-14 0.00E+00
1.161E+02 1.783E-06 1.783E-06 1.421E-14 0.00E+00
1.148E+02 1.826E-06 1.826E-06 1.487E-14 0.00E+00
1.135E+02 1.871E-06 1.871E-06 1.557E-14 0.00E+00
1.122E+02 1.916E-06 1.916E-06 1.630E-14 0.00E+00
1.109E+02 1.962E-06 1.962E-06 1.706E-14 0.00E+00
1.096E+02 2.010E-06 2.010E-06 1.786E-14 0.00E+00
1.084E+02 2.058E-06 2.058E-06 1.870E-14 0.00E+00
1.072E+02 2.108E-06 2.108E-06 1.957E-14 0.00E+00
1.059E+02 2.160E-06 2.160E-06 2.049E-14 0.00E+00
1.047E+02 2.212E-06 2.212E-06 2.145E-14 0.00E+00
1.035E+02 2.266E-06 2.266E-06 2.245E-14 0.00E+00
1.023E+02 2.321E-06 2.321E-06 2.350E-14 0.00E+00
1.012E+02 2.378E-06 2.378E-06 2.460E-14 0.00E+00
1.000E+02 2.436E-06 2.436E-06 2.575E-14 0.00E+00
9.886E+01 2.495E-06 2.495E-06 2.696E-14 0.00E+00
9.772E+01 2.556E-06 2.556E-06 2.821E-14 0.00E+00
9.661E+01 2.618E-06 2.618E-06 2.953E-14 0.00E+00
9.550E+01 2.682E-06 2.682E-06 3.091E-14 0.00E+00
9.441E+01 2.748E-06 2.748E-06 3.235E-14 0.00E+00
9.333E+01 2.815E-06 2.815E-06 3.386E-14 0.00E+00
9.226E+01 2.884E-06 2.884E-06 3.544E-14 0.00E+00
9.120E+01 2.955E-06 2.955E-06 3.710E-14 0.00E+00
9.016E+01 3.027E-06 3.027E-06 3.883E-14 0.00E+00
8.913E+01 3.101E-06 3.101E-06 4.064E-14 0.00E+00
8.810E+01 3.178E-06 3.178E-06 4.253E-14 0.00E+00
8.710E+01 3.256E-06 3.256E-06 4.451E-14 0.00E+00
8.610E+01 3.336E-06 3.336E-06 4.658E-14 0.00E+00
8.511E+01 3.418E-06 3.418E-06 4.875E-14 0.00E+00
8.414E+01 3.502E-06 3.502E-06 5.102E-14 0.00E+00
8.318E+01 3.588E-06 3.588E-06 5.339E-14 0.00E+00
8.222E+01 3.677E-06 3.677E-06 5.587E-14 0.00E+00
8.128E+01 3.768E-06 3.768E-06 5.847E-14 0.00E+00
8.035E+01 3.861E-06 3.861E-06 6.118E-14 0.00E+00
7.943E+01 3.957E-06 3.957E-06 6.402E-14 0.00E+00
7.852E+01 4.055E-06 4.055E-06 6.699E-14 0.00E+00
7.762E+01 4.155E-06 4.155E-06 7.010E-14 0.00E+00
7.674E+01 4.258E-06 4.258E-06 7.335E-14 0.00E+00
7.586E+01 4.364E-06 4.364E-06 7.675E-14 0.00E+00
7.499E+01 4.472E-06 4.472E-06 8.030E-14 0.00E+00
7.413E+01 4.584E-06 4.584E-06 8.401E-14 0.00E+00
7.328E+01 4.698E-06 4.698E-06 8.790E-14 0.00E+00
7.244E+01 4.815E-06 4.815E-06 9.196E-14 0.00E+00
7.161E+01 4.935E-06 4.935E-06 9.620E-14 0.00E+00
7.079E+01 5.058E-06 5.058E-06 1.006E-13 0.00E+00
6.998E+01 5.184E-06 5.184E-06 1.053E-13 0.00E+00
6.918E+01 5.314E-06 5.314E-06 1.101E-13 0.00E+00
6.839E+01 5.447E-06 5.447E-06 1.152E-13 0.00E+00
6.761E+01 5.583E-06 5.583E-06 1.205E-13 0.00E+00
6.683E+01 5.723E-06 5.723E-06 1.260E-13 0.00E+00
6.607E+01 5.866E-06 5.866E-06 1.318E-13 0.00E+00
6.531E+01 6.014E-06 6.014E-06 1.379E-13 0.00E+00
6.457E+01 6.165E-06 6.165E-06 1.442E-13 0.00E+00
6.383E+01 6.320E-06 6.320E-06 1.508E-13 0.00E+00
6.310E+01 6.479E-06 6.479E-06 1.577E-13 0.00E+00
6.237E+01 6.642E-06 6.642E-06 1.649E-13 0.00E+00
6.166E+01 6.809E-06 6.809E-06 1.725E-13 0.00E+00
6.095E+01 6.981E-06 6.981E-06 1.804E-13 0.00E+00
6.026E+01 7.157E-06 7.157E-06 1.886E-13 0.00E+00
5.957E+01 7.338E-06 7.338E-06 1.972E-13 0.00E+00
5.888E+01 7.524E-06 7.524E-06 2.062E-13 0.00E+00
5.821E+01 7.714E-06 7.714E-06 2.155E-13 0.00E+00
5.754E+01 7.910E-06 7.910E-06 2.253E-13 0.00E+00
5.689E+01 8.110E-06 8.110E-06 2.355E-13 0.00E+00
5.623E+01 8.316E-06 8.316E-06 2.462E-13 0.00E+00
5.559E+01 8.527E-06 8.527E-06 2.574E-13 0.00E+00
5.495E+01 8.744E-06 8.744E-06 2.690E-13 0.00E+00
5.433E+01 8.966E-06 8.966E-06 2.811E-13 0.00E+00
5.370E+01 9.195E-06 9.195E-06 2.938E-13 0.00E+00
5.309E+01 9.429E-06 9.429E-06 3.071E-13 0.00E+00
5.248E+01 9.670E-06 9.670E-06 3.209E-13 0.00E+00
5.188E+01 9.917E-06 9.917E-06 3.353E-13 0.00E+00
5.129E+01 1.017E-05 1.017E-05 3.503E-13 0.00E+00
5.070E+01 1.043E-05 1.043E-05 3.660E-13 0.00E+00
5.012E+01 1.070E-05 1.070E-05 3.824E-13 0.00E+00
4.955E+01 1.097E-05 1.097E-05 3.995E-13 0.00E+00
4.898E+01 1.126E-05 1.126E-05 4.173E-13 0.00E+00
4.842E+01 1.155E-05 1.155E-05 4.359E-13 0.00E+00
4.786E+01 1.184E-05 1.184E-05 4.553E-13 0.00E+00
4.732E+01 1.215E-05 1.215E-05 4.755E-13 0.00E+00
4.677E+01 1.246E-05 1.246E-05 4.966E-13 0.00E+00
4.624E+01 1.278E-05 1.278E-05 5.186E-13 0.00E+00
4.571E+01 1.312E-05 1.312E-05 5.416E-13 0.00E+00
4.519E+01 1.346E-05 1.346E-05 5.655E-13 0.00E+00
4.467E+01 1.381E-05 1.381E-05 5.904E-13 0.00E+00
4.416E+01 1.417E-05 1.417E-05 6.164E-13 0.00E+00
4.365E+01 1.453E-05 1.453E-05 6.435E-13 0.00E+00
4.315E+01 1.491E-05 1.491E-05 6.718E-13 0.00E+00
4.266E+01 1.530E-05 1.530E-05 7.012E-13 0.00E+00
4.217E+01 1.570E-05 1.570E-05 7.319E-13 0.00E+00
4.169E+01 1.612E-05 1.612E-05 7.639E-13 0.00E+00
4.121E+01 1.654E-05 1.654E-05 7.973E-13 0.00E+00
4.074E+01 1.697E-05 1.697E-05 8.320E-13 0.00E+00
4.027E+01 1.742E-05 1.742E-05 8.683E-13 0.00E+00
3.981E+01 1.788E-05 1.788E-05 9.061E-13 0.00E+00
3.936E+01 1.835E-05 1.835E-05 9.455E-13 0.00E+00
3.890E+01 1.883E-05 1.883E-05 9.866E-13 0.00E+00
3.846E+01 1.933E-05 1.933E-05 1.029E-12 0.00E+00
3.802E+01 1.984E-05 1.984E-05 1.074E-12 0.00E+00
3.758E+01 2.037E-05 2.037E-05 1.121E-12 0.00E+00
3.715E+01 2.090E-05 2.090E-05 1.169E-12 0.00E+00
3.673E+01 2.145E-05 2.145E-05 1.220E-12 0.00E+00
3.631E+01 2.202E-05 2.202E-05 1.273E-12 0.00E+00
3.589E+01 2.260E-05 2.260E-05 1.328E-12 0.00E+00
3.548E+01 2.319E-05 2.319E-05 1.385E-12 0.00E+00
3.508E+01 2.380E-05 2.380E-05 1.445E-12 0.00E+00
3.467E+01 2.441E-05 2.441E-05 1.508E-12 0.00E+00
3.428E+01 2.504E-05 2.504E-05 1.573E-12 0.00E+00
3.388E+01 2.568E-05 2.568E-05 1.641E-12 0.00E+00
3.350E+01 2.634E-05 2.634E-05 1.712E-12 0.00E+00
3.311E+01 2.700E-05 2.700E-05 1.786E-12 0.00E+00
3.273E+01 2.766E-05 2.766E-05 1.864E-12 0.00E+00
3.236E+01 2.834E-05 2.834E-05 1.944E-12 0.00E+00
3.199E+01 2.902E-05 2.902E-05 2.029E-12 0.00E+00
3.162E+01 2.970E-05 2.970E-05 2.117E-12 0.00E+00
3.126E+01 3.039E-05 3.039E-05 2.209E-12-1.98E-06
3.090E+01 3.107E-05 3.107E-05 2.306E-12-2.01E-06
3.055E+01 3.175E-05 3.175E-05 2.406E-12-2.02E-06
3.020E+01 3.242E-05 3.242E-05 2.511E-12-2.04E-06
2.985E+01 3.308E-05 3.308E-05 2.621E-12-2.05E-06
2.951E+01 3.373E-05 3.373E-05 2.736E-12-2.06E-06
2.917E+01 3.437E-05 3.437E-05 2.856E-12-2.07E-06
2.884E+01 3.500E-05 3.500E-05 2.982E-12-2.08E-06
2.851E+01 3.561E-05 3.561E-05 3.114E-12-2.09E-06
2.818E+01 3.620E-05 3.620E-05 3.251E-12-2.09E-06
2.786E+01 3.677E-05 3.677E-05 3.395E-12-2.09E-06
2.754E+01 3.734E-05 3.734E-05 3.546E-12-2.09E-06
2.723E+01 3.790E-05 3.790E-05 3.703E-12-2.08E-06
2.692E+01 3.845E-05 3.845E-05 3.868E-12-2.07E-06
2.661E+01 3.903E-05 3.903E-05 4.041E-12-2.06E-06
2.630E+01 3.964E-05 3.964E-05 4.221E-12-2.05E-06
2.600E+01 4.032E-05 4.032E-05 4.410E-12-2.03E-06
2.570E+01 4.111E-05 4.111E-05 4.608E-12-2.01E-06
2.541E+01 4.209E-05 4.209E-05 4.816E-12-1.98E-06
2.512E+01 4.337E-05 4.337E-05 5.033E-12-1.95E-06
2.483E+01 4.514E-05 4.514E-05 5.260E-12-1.91E-06
2.455E+01 4.774E-05 4.774E-05 5.497E-12-1.85E-06
2.427E+01 5.180E-05 5.180E-05 5.746E-12-1.79E-06
2.399E+01 5.855E-05 5.855E-05 6.007E-12-1.75E-06
2.371E+01 7.029E-05 7.029E-05 6.280E-12-1.71E-06
2.344E+01 8.968E-05 8.968E-05 6.567E-12-1.68E-06
2.317E+01 1.094E-04 1.094E-04 6.867E-12-1.65E-06
2.291E+01 1.064E-04 1.064E-04 7.181E-12-1.62E-06
2.265E+01 9.137E-05 9.137E-05 7.511E-12-1.59E-06
2.239E+01 8.531E-05 8.531E-05 7.856E-12-1.56E-06
2.213E+01 9.216E-05 9.216E-05 8.217E-12-1.53E-06
2.188E+01 1.163E-04 1.163E-04 8.596E-12-1.49E-06
2.163E+01 1.719E-04 1.719E-04 8.992E-12-1.46E-06
2.138E+01 2.707E-04 2.707E-04 9.408E-12-1.42E-06
2.113E+01 3.080E-04 3.080E-04 9.845E-12-1.37E-06
2.089E+01 2.100E-04 2.100E-04 1.030E-11-1.33E-06
2.065E+01 1.294E-04 1.294E-04 1.078E-11-1.28E-06
2.042E+01 8.825E-05 8.825E-05 1.128E-11-1.23E-06
2.018E+01 6.710E-05 6.710E-05 1.181E-11-1.17E-06
1.995E+01 5.541E-05 5.541E-05 1.236E-11-1.11E-06
1.972E+01 4.867E-05 4.867E-05 1.293E-11-1.03E-06
1.950E+01 4.499E-05 4.499E-05 1.354E-11-9.51E-07
1.928E+01 4.378E-05 4.378E-05 1.417E-11-8.81E-07
1.905E+01 4.557E-05 4.557E-05 1.483E-11-8.17E-07
1.884E+01 5.319E-05 5.319E-05 1.552E-11-7.56E-07
1.862E+01 7.822E-05 7.822E-05 1.625E-11-6.98E-07
1.841E+01 1.787E-04 1.787E-04 1.701E-11-6.40E-07
1.820E+01 2.851E-04 2.851E-04 1.781E-11-5.83E-07
1.799E+01 1.080E-04 1.080E-04 1.865E-11-5.25E-07
1.778E+01 5.773E-05 5.773E-05 1.953E-11-4.67E-07
1.758E+01 4.225E-05 4.225E-05 2.045E-11-4.08E-07
1.738E+01 3.621E-05 3.621E-05 2.141E-11-3.49E-07
1.718E+01 3.419E-05 3.419E-05 2.242E-11-2.88E-07
1.698E+01 3.552E-05 3.552E-05 2.347E-11-2.26E-07
1.679E+01 4.382E-05 4.382E-05 2.458E-11-1.63E-07
1.660E+01 8.741E-05 8.741E-05 2.574E-11-9.97E-08
1.641E+01 4.560E-04 4.560E-04 2.696E-11-3.58E-08
1.622E+01 9.316E-05 9.316E-05 2.823E-11 2.97E-08
1.603E+01 4.229E-05 4.229E-05 2.956E-11 9.60E-08
1.585E+01 3.153E-05 3.153E-05 3.096E-11 1.62E-07
1.567E+01 2.767E-05 2.767E-05 3.242E-11 2.25E-07
1.549E+01 2.596E-05 2.596E-05 3.396E-11 2.88E-07
1.531E+01 2.518E-05 2.518E-05 3.556E-11 3.51E-07
1.514E+01 2.493E-05 2.493E-05 3.725E-11 4.13E-07
1.496E+01 2.503E-05 2.503E-05 3.901E-11 4.78E-07
1.479E+01 2.545E-05 2.545E-05 4.086E-11 5.44E-07
1.462E+01 2.617E-05 2.617E-05 4.280E-11 6.11E-07
1.445E+01 2.724E-05 2.724E-05 4.482E-11 6.80E-07
1.429E+01 2.873E-05 2.873E-05 4.694E-11 7.50E-07
1.413E+01 3.076E-05 3.076E-05 4.917E-11 8.22E-07
1.396E+01 3.352E-05 3.352E-05 5.149E-11 8.97E-07
1.380E+01 3.733E-05 3.733E-05 5.393E-11 9.74E-07
1.365E+01 4.269E-05 4.269E-05 5.648E-11 1.05E-06
1.349E+01 5.044E-05 5.044E-05 5.916E-11 1.14E-06
1.334E+01 6.195E-05 6.195E-05 6.196E-11 1.22E-06
1.318E+01 7.938E-05 7.938E-05 6.490E-11 1.31E-06
1.303E+01 1.052E-04 1.052E-04 6.796E-11 1.40E-06
1.288E+01 1.379E-04 1.379E-04 7.118E-11 1.50E-06
1.274E+01 1.625E-04 1.625E-04 7.455E-11 1.60E-06
1.259E+01 1.585E-04 1.585E-04 7.808E-11 1.71E-06
1.245E+01 1.363E-04 1.363E-04 8.178E-11 1.82E-06
1.230E+01 1.203E-04 1.203E-04 8.566E-11 1.94E-06
1.216E+01 1.247E-04 1.247E-04 8.971E-11 2.06E-06
1.202E+01 1.700E-04 1.700E-04 9.396E-11 2.16E-06
1.189E+01 2.321E-04 2.321E-04 9.851E-11 2.27E-06
1.175E+01 1.927E-04 1.927E-04 1.034E-10 2.38E-06
1.161E+01 2.166E-04 2.166E-04 1.088E-10 2.49E-06
1.148E+01 3.391E-04 3.391E-04 1.107E-10 2.59E-06
1.135E+01 5.380E-04 5.380E-04 1.176E-10 2.70E-06
1.122E+01 4.915E-04 4.915E-04 1.234E-10 2.81E-06
1.109E+01 2.830E-04 2.830E-04 1.294E-10 2.93E-06
1.096E+01 1.652E-04 1.652E-04 1.356E-10 3.04E-06
1.084E+01 1.091E-04 1.091E-04 1.421E-10 3.16E-06
1.072E+01 8.038E-05 8.038E-05 1.488E-10 3.28E-06
1.059E+01 6.429E-05 6.429E-05 1.559E-10 3.40E-06
1.047E+01 5.471E-05 5.471E-05 1.632E-10 3.52E-06
1.035E+01 4.880E-05 4.880E-05 1.709E-10 3.65E-06
1.023E+01 4.516E-05 4.516E-05 1.789E-10 3.77E-06
1.012E+01 4.305E-05 4.305E-05 1.874E-10 3.90E-06
1.000E+01 4.205E-05 4.205E-05 1.962E-10 4.04E-06
9.886E+00 4.194E-05 4.194E-05 2.055E-10 4.17E-06
9.772E+00 4.262E-05 4.262E-05 2.152E-10 4.30E-06
9.661E+00 4.407E-05 4.407E-05 2.253E-10 4.43E-06
9.550E+00 4.635E-05 4.635E-05 2.360E-10 4.57E-06
9.441E+00 4.962E-05 4.962E-05 2.471E-10 4.71E-06
9.333E+00 5.414E-05 5.414E-05 2.587E-10 4.85E-06
9.226E+00 6.043E-05 6.043E-05 2.709E-10 4.99E-06
9.120E+00 6.936E-05 6.936E-05 2.837E-10 5.14E-06
9.016E+00 8.261E-05 8.261E-05 2.970E-10 5.29E-06
8.913E+00 1.034E-04 1.034E-04 3.110E-10 5.44E-06
8.810E+00 1.376E-04 1.376E-04 3.257E-10 5.60E-06
8.710E+00 1.898E-04 1.898E-04 3.410E-10 5.76E-06
8.610E+00 2.347E-04 2.347E-04 3.570E-10 5.93E-06
8.511E+00 2.240E-04 2.240E-04 3.738E-10 6.10E-06
8.414E+00 1.963E-04 1.963E-04 3.914E-10 6.28E-06
8.318E+00 1.897E-04 1.897E-04 4.097E-10 6.46E-06
8.222E+00 2.046E-04 2.046E-04 4.290E-10 6.65E-06
8.128E+00 2.382E-04 2.382E-04 4.491E-10 6.84E-06
8.035E+00 2.898E-04 2.898E-04 4.702E-10 7.05E-06
7.943E+00 3.582E-04 3.582E-04 4.922E-10 7.26E-06
7.852E+00 4.345E-04 4.345E-04 5.153E-10 7.49E-06
7.762E+00 4.940E-04 4.940E-04 5.394E-10 7.71E-06
7.674E+00 5.052E-04 5.052E-04 5.647E-10 7.94E-06
7.586E+00 4.603E-04 4.603E-04 5.912E-10 8.15E-06
7.499E+00 3.849E-04 3.849E-04 6.190E-10 8.38E-06
7.413E+00 3.086E-04 3.086E-04 6.480E-10 8.60E-06
7.328E+00 2.455E-04 2.455E-04 6.784E-10 8.82E-06
7.244E+00 1.976E-04 1.976E-04 7.102E-10 9.05E-06
7.161E+00 1.624E-04 1.624E-04 7.435E-10 9.28E-06
7.079E+00 1.370E-04 1.370E-04 7.784E-10 9.52E-06
6.998E+00 1.188E-04 1.188E-04 8.148E-10 9.76E-06
6.918E+00 1.062E-04 1.062E-04 8.530E-10 1.00E-05
6.839E+00 9.809E-05 9.809E-05 8.929E-10 1.03E-05
6.761E+00 9.408E-05 9.408E-05 9.348E-10 1.05E-05
6.683E+00 9.434E-05 9.433E-05 9.785E-10 1.08E-05
6.607E+00 9.988E-05 9.987E-05 1.024E-09 1.10E-05
6.531E+00 1.131E-04 1.131E-04 1.072E-09 1.13E-05
6.457E+00 1.393E-04 1.393E-04 1.122E-09 1.16E-05
6.383E+00 1.882E-04 1.882E-04 1.175E-09 1.19E-05
6.310E+00 2.725E-04 2.725E-04 1.229E-09 1.25E-05
6.237E+00 3.717E-04 3.717E-04 1.288E-09 1.23E-05
6.166E+00 3.729E-04 3.729E-04 1.348E-09 1.27E-05
6.095E+00 2.714E-04 2.714E-04 1.411E-09 1.30E-05
6.026E+00 1.812E-04 1.812E-04 1.477E-09 1.33E-05
5.957E+00 1.266E-04 1.266E-04 1.546E-09 1.36E-05
5.888E+00 9.479E-05 9.479E-05 1.618E-09 1.39E-05
5.821E+00 7.545E-05 7.545E-05 1.693E-09 1.43E-05
5.754E+00 6.303E-05 6.302E-05 1.772E-09 1.46E-05
5.689E+00 5.462E-05 5.462E-05 1.855E-09 1.49E-05
5.623E+00 4.870E-05 4.870E-05 1.942E-09 1.53E-05
5.559E+00 4.438E-05 4.438E-05 2.032E-09 1.56E-05
5.495E+00 4.114E-05 4.114E-05 2.127E-09 1.60E-05
5.433E+00 3.866E-05 3.866E-05 2.226E-09 1.64E-05
5.370E+00 3.673E-05 3.673E-05 2.330E-09 1.67E-05
5.309E+00 3.521E-05 3.521E-05 2.439E-09 1.71E-05
5.248E+00 3.400E-05 3.400E-05 2.552E-09 1.75E-05
5.188E+00 3.304E-05 3.304E-05 2.671E-09 1.79E-05
5.129E+00 3.227E-05 3.227E-05 2.795E-09 1.84E-05
5.070E+00 3.166E-05 3.166E-05 2.925E-09 1.88E-05
5.012E+00 3.118E-05 3.117E-05 3.061E-09 1.92E-05
4.955E+00 3.080E-05 3.079E-05 3.204E-09 1.97E-05
4.898E+00 3.051E-05 3.050E-05 3.353E-09 2.01E-05
4.842E+00 3.030E-05 3.029E-05 3.509E-09 2.06E-05
4.786E+00 3.016E-05 3.015E-05 3.673E-09 2.10E-05
4.732E+00 3.008E-05 3.007E-05 3.844E-09 2.15E-05
4.677E+00 3.005E-05 3.005E-05 4.023E-09 2.20E-05
4.624E+00 3.007E-05 3.007E-05 4.210E-09 2.25E-05
4.571E+00 3.014E-05 3.014E-05 4.406E-09 2.30E-05
4.519E+00 3.025E-05 3.024E-05 4.611E-09 2.35E-05
4.467E+00 3.039E-05 3.038E-05 4.825E-09 2.40E-05
4.416E+00 3.057E-05 3.056E-05 5.049E-09 2.46E-05
4.365E+00 3.078E-05 3.077E-05 5.284E-09 2.51E-05
4.315E+00 3.102E-05 3.101E-05 5.530E-09 2.57E-05
4.266E+00 3.129E-05 3.128E-05 5.787E-09 2.63E-05
4.217E+00 3.158E-05 3.158E-05 6.055E-09 2.68E-05
4.169E+00 3.191E-05 3.190E-05 6.337E-09 2.74E-05
4.121E+00 3.226E-05 3.225E-05 6.631E-09 2.80E-05
4.074E+00 3.264E-05 3.264E-05 6.939E-09 2.86E-05
4.027E+00 3.305E-05 3.304E-05 7.261E-09 2.93E-05
3.981E+00 3.349E-05 3.348E-05 7.598E-09 2.99E-05
3.936E+00 3.397E-05 3.396E-05 7.950E-09 3.05E-05
3.890E+00 3.447E-05 3.447E-05 8.319E-09 3.12E-05
3.846E+00 3.503E-05 3.502E-05 8.706E-09 3.19E-05
3.802E+00 3.563E-05 3.562E-05 9.110E-09 3.25E-05
3.758E+00 3.629E-05 3.628E-05 9.533E-09 3.32E-05
3.715E+00 3.704E-05 3.703E-05 9.976E-09 3.39E-05
3.673E+00 3.789E-05 3.788E-05 1.044E-08 3.46E-05
3.631E+00 3.891E-05 3.889E-05 1.092E-08 3.53E-05
3.589E+00 4.016E-05 4.015E-05 1.143E-08 3.61E-05
3.548E+00 4.180E-05 4.179E-05 1.196E-08 3.68E-05
3.508E+00 4.414E-05 4.413E-05 1.252E-08 3.76E-05
3.467E+00 4.786E-05 4.784E-05 1.310E-08 3.84E-05
3.428E+00 5.476E-05 5.475E-05 1.370E-08 3.91E-05
3.388E+00 7.108E-05 7.107E-05 1.434E-08 3.99E-05
3.350E+00 1.291E-04 1.291E-04 1.500E-08 4.08E-05
3.311E+00 5.169E-04 5.169E-04 1.570E-08 4.16E-05
3.273E+00 2.672E-04 2.672E-04 1.643E-08 4.25E-05
3.236E+00 9.708E-05 9.706E-05 1.719E-08 4.33E-05
3.199E+00 6.594E-05 6.593E-05 1.799E-08 4.43E-05
3.162E+00 5.606E-05 5.604E-05 1.882E-08 4.52E-05
3.126E+00 5.217E-05 5.215E-05 1.969E-08 4.61E-05
3.090E+00 5.043E-05 5.041E-05 2.060E-08 4.71E-05
3.055E+00 4.971E-05 4.969E-05 2.156E-08 4.80E-05
3.020E+00 4.953E-05 4.951E-05 2.255E-08 4.90E-05
2.985E+00 4.969E-05 4.966E-05 2.360E-08 5.00E-05
2.951E+00 5.002E-05 5.000E-05 2.469E-08 5.10E-05
2.917E+00 5.051E-05 5.048E-05 2.583E-08 5.21E-05
2.884E+00 5.108E-05 5.105E-05 2.703E-08 5.31E-05
2.851E+00 5.173E-05 5.170E-05 2.828E-08 5.42E-05
2.818E+00 5.245E-05 5.242E-05 2.959E-08 5.53E-05
2.786E+00 5.319E-05 5.316E-05 3.096E-08 5.64E-05
2.754E+00 5.398E-05 5.395E-05 3.239E-08 5.76E-05
2.723E+00 5.482E-05 5.479E-05 3.388E-08 5.88E-05
2.692E+00 5.568E-05 5.564E-05 3.544E-08 6.00E-05
2.661E+00 5.656E-05 5.652E-05 3.709E-08 6.12E-05
2.630E+00 5.747E-05 5.743E-05 3.880E-08 6.25E-05
2.600E+00 5.840E-05 5.836E-05 4.059E-08 6.38E-05
2.570E+00 5.934E-05 5.930E-05 4.246E-08 6.51E-05
2.541E+00 6.030E-05 6.026E-05 4.442E-08 6.65E-05
2.512E+00 6.129E-05 6.124E-05 4.647E-08 6.79E-05
2.483E+00 6.230E-05 6.225E-05 4.861E-08 6.93E-05
2.455E+00 6.334E-05 6.329E-05 5.086E-08 7.07E-05
2.427E+00 6.440E-05 6.435E-05 5.320E-08 7.22E-05
2.399E+00 6.548E-05 6.543E-05 5.566E-08 7.36E-05
2.371E+00 6.659E-05 6.653E-05 5.823E-08 7.51E-05
2.344E+00 6.772E-05 6.766E-05 6.092E-08 7.67E-05
2.317E+00 6.888E-05 6.881E-05 6.373E-08 7.82E-05
2.291E+00 7.006E-05 6.999E-05 6.668E-08 7.98E-05
2.265E+00 7.126E-05 7.119E-05 6.976E-08 8.14E-05
2.239E+00 7.249E-05 7.241E-05 7.298E-08 8.30E-05
2.213E+00 7.374E-05 7.367E-05 7.635E-08 8.46E-05
2.188E+00 7.502E-05 7.494E-05 7.988E-08 8.63E-05
2.163E+00 7.633E-05 7.625E-05 8.357E-08 8.80E-05
2.138E+00 7.766E-05 7.758E-05 8.742E-08 8.98E-05
2.113E+00 7.901E-05 7.892E-05 9.145E-08 9.16E-05
2.089E+00 8.037E-05 8.028E-05 9.567E-08 9.35E-05
2.065E+00 8.176E-05 8.166E-05 1.001E-07 9.54E-05
2.042E+00 8.318E-05 8.307E-05 1.047E-07 9.73E-05
2.018E+00 8.462E-05 8.451E-05 1.095E-07 9.92E-05
1.995E+00 8.609E-05 8.598E-05 1.146E-07 1.01E-04
1.972E+00 8.760E-05 8.748E-05 1.199E-07 1.03E-04
1.950E+00 8.913E-05 8.900E-05 1.254E-07 1.05E-04
1.928E+00 9.069E-05 9.056E-05 1.312E-07 1.07E-04
1.905E+00 9.228E-05 9.214E-05 1.372E-07 1.10E-04
1.884E+00 9.391E-05 9.377E-05 1.436E-07 1.12E-04
1.862E+00 9.557E-05 9.542E-05 1.502E-07 1.14E-04
1.841E+00 9.726E-05 9.710E-05 1.571E-07 1.16E-04
1.820E+00 9.899E-05 9.882E-05 1.644E-07 1.18E-04
1.799E+00 1.007E-04 1.006E-04 1.719E-07 1.21E-04
1.778E+00 1.025E-04 1.024E-04 1.799E-07 1.23E-04
1.758E+00 1.044E-04 1.042E-04 1.882E-07 1.26E-04
1.738E+00 1.062E-04 1.060E-04 1.968E-07 1.28E-04
1.718E+00 1.081E-04 1.079E-04 2.059E-07 1.30E-04
1.698E+00 1.101E-04 1.098E-04 2.154E-07 1.33E-04
1.679E+00 1.120E-04 1.118E-04 2.253E-07 1.36E-04
1.660E+00 1.140E-04 1.138E-04 2.357E-07 1.38E-04
1.641E+00 1.160E-04 1.158E-04 2.465E-07 1.41E-04
1.622E+00 1.181E-04 1.178E-04 2.579E-07 1.44E-04
1.603E+00 1.201E-04 1.199E-04 2.697E-07 1.47E-04
1.585E+00 1.222E-04 1.220E-04 2.821E-07 1.50E-04
1.567E+00 1.244E-04 1.241E-04 2.951E-07 1.53E-04
1.549E+00 1.266E-04 1.263E-04 3.087E-07 1.56E-04
1.531E+00 1.288E-04 1.285E-04 3.229E-07 1.59E-04
1.514E+00 1.311E-04 1.307E-04 3.379E-07 1.62E-04
1.496E+00 1.334E-04 1.331E-04 3.535E-07 1.65E-04
1.479E+00 1.358E-04 1.354E-04 3.698E-07 1.68E-04
1.462E+00 1.383E-04 1.379E-04 3.869E-07 1.72E-04
1.445E+00 1.408E-04 1.404E-04 4.048E-07 1.75E-04
1.429E+00 1.434E-04 1.429E-04 4.234E-07 1.78E-04
1.413E+00 1.460E-04 1.456E-04 4.430E-07 1.82E-04
1.396E+00 1.487E-04 1.483E-04 4.634E-07 1.85E-04
1.380E+00 1.515E-04 1.510E-04 4.848E-07 1.89E-04
1.365E+00 1.544E-04 1.539E-04 5.071E-07 1.92E-04
1.349E+00 1.573E-04 1.568E-04 5.305E-07 1.96E-04
1.334E+00 1.603E-04 1.597E-04 5.549E-07 2.00E-04
1.318E+00 1.633E-04 1.628E-04 5.805E-07 2.04E-04
1.303E+00 1.665E-04 1.659E-04 6.072E-07 2.07E-04
1.288E+00 1.697E-04 1.691E-04 6.351E-07 2.11E-04
1.274E+00 1.731E-04 1.724E-04 6.643E-07 2.16E-04
1.259E+00 1.766E-04 1.759E-04 6.948E-07 2.20E-04
1.245E+00 1.801E-04 1.794E-04 7.268E-07 2.24E-04
1.230E+00 1.839E-04 1.831E-04 7.604E-07 2.28E-04
1.216E+00 1.878E-04 1.870E-04 7.954E-07 2.33E-04
1.202E+00 1.921E-04 1.912E-04 8.321E-07 2.37E-04
1.189E+00 1.966E-04 1.957E-04 8.705E-07 2.42E-04
1.175E+00 2.015E-04 2.006E-04 9.106E-07 2.47E-04
1.161E+00 2.070E-04 2.061E-04 9.526E-07 2.51E-04
1.148E+00 2.132E-04 2.122E-04 9.965E-07 2.56E-04
1.135E+00 2.203E-04 2.192E-04 1.042E-06 2.61E-04
1.122E+00 2.286E-04 2.275E-04 1.090E-06 2.66E-04
1.109E+00 2.387E-04 2.375E-04 1.141E-06 2.71E-04
1.096E+00 2.511E-04 2.499E-04 1.193E-06 2.76E-04
1.084E+00 2.669E-04 2.657E-04 1.248E-06 2.82E-04
1.072E+00 2.875E-04 2.862E-04 1.305E-06 2.87E-04
1.059E+00 3.148E-04 3.135E-04 1.365E-06 2.92E-04
1.047E+00 3.515E-04 3.501E-04 1.428E-06 2.98E-04
1.035E+00 4.002E-04 3.988E-04 1.494E-06 3.04E-04
1.023E+00 4.628E-04 4.613E-04 1.563E-06 3.09E-04
1.012E+00 5.383E-04 5.367E-04 1.634E-06 3.15E-04
1.000E+00 6.224E-04 6.207E-04 1.709E-06 3.21E-04
9.886E-01 7.094E-04 7.076E-04 1.788E-06 3.28E-04
9.772E-01 7.947E-04 7.929E-04 1.870E-06 3.34E-04
9.661E-01 8.763E-04 8.743E-04 1.956E-06 3.40E-04
9.550E-01 9.538E-04 9.518E-04 2.045E-06 3.47E-04
9.441E-01 1.029E-03 1.026E-03 2.139E-06 3.54E-04
9.333E-01 1.103E-03 1.101E-03 2.237E-06 3.60E-04
9.226E-01 1.181E-03 1.178E-03 2.340E-06 3.68E-04
9.120E-01 1.267E-03 1.265E-03 2.447E-06 3.75E-04
9.016E-01 1.370E-03 1.368E-03 2.559E-06 3.82E-04
8.913E-01 1.499E-03 1.497E-03 2.675E-06 3.90E-04
8.810E-01 1.667E-03 1.664E-03 2.798E-06 3.98E-04
8.710E-01 1.886E-03 1.883E-03 2.925E-06 4.06E-04
8.610E-01 2.165E-03 2.162E-03 3.059E-06 4.14E-04
8.511E-01 2.503E-03 2.500E-03 3.199E-06 4.22E-04
8.414E-01 2.883E-03 2.879E-03 3.344E-06 4.31E-04
8.318E-01 3.282E-03 3.279E-03 3.497E-06 4.39E-04
8.222E-01 3.687E-03 3.683E-03 3.656E-06 4.48E-04
8.128E-01 4.092E-03 4.088E-03 3.823E-06 4.58E-04
8.035E-01 4.498E-03 4.494E-03 3.997E-06 4.67E-04
7.943E-01 4.910E-03 4.905E-03 4.179E-06 4.77E-04
7.852E-01 5.331E-03 5.327E-03 4.370E-06 4.87E-04
7.762E-01 5.766E-03 5.761E-03 4.569E-06 4.97E-04
7.674E-01 6.217E-03 6.212E-03 4.777E-06 5.07E-04
7.586E-01 6.687E-03 6.682E-03 4.994E-06 5.18E-04
7.499E-01 7.178E-03 7.173E-03 5.222E-06 5.29E-04
7.413E-01 7.694E-03 7.688E-03 5.460E-06 5.40E-04
7.328E-01 8.235E-03 8.229E-03 5.708E-06 5.51E-04
7.244E-01 8.802E-03 8.797E-03 5.968E-06 5.63E-04
7.161E-01 9.399E-03 9.393E-03 6.240E-06 5.75E-04
7.079E-01 1.003E-02 1.002E-02 6.525E-06 5.87E-04
6.998E-01 1.069E-02 1.068E-02 6.822E-06 6.00E-04
6.918E-01 1.138E-02 1.137E-02 7.133E-06 6.13E-04
6.839E-01 1.211E-02 1.210E-02 7.459E-06 6.26E-04
6.761E-01 1.287E-02 1.286E-02 7.799E-06 6.40E-04
6.683E-01 1.367E-02 1.366E-02 8.155E-06 6.54E-04
6.607E-01 1.451E-02 1.450E-02 8.528E-06 6.68E-04
6.531E-01 1.540E-02 1.539E-02 8.918E-06 6.83E-04
6.457E-01 1.632E-02 1.631E-02 9.327E-06 6.98E-04
6.383E-01 1.729E-02 1.728E-02 9.756E-06 7.14E-04
6.310E-01 1.830E-02 1.829E-02 1.020E-05 7.30E-04
6.237E-01 1.936E-02 1.935E-02 1.067E-05 7.46E-04
6.166E-01 2.047E-02 2.046E-02 1.116E-05 7.63E-04
6.095E-01 2.163E-02 2.162E-02 1.168E-05 7.80E-04
6.026E-01 2.284E-02 2.283E-02 1.222E-05 7.97E-04
5.957E-01 2.411E-02 2.409E-02 1.278E-05 8.15E-04
5.888E-01 2.542E-02 2.541E-02 1.338E-05 8.33E-04
5.821E-01 2.680E-02 2.678E-02 1.400E-05 8.51E-04
5.754E-01 2.823E-02 2.822E-02 1.465E-05 8.70E-04
5.689E-01 2.972E-02 2.971E-02 1.533E-05 8.89E-04
5.623E-01 3.127E-02 3.126E-02 1.604E-05 9.09E-04
5.559E-01 3.289E-02 3.287E-02 1.679E-05 9.29E-04
5.495E-01 3.457E-02 3.455E-02 1.758E-05 9.49E-04
5.433E-01 3.631E-02 3.629E-02 1.841E-05 9.70E-04
5.370E-01 3.812E-02 3.811E-02 1.927E-05 9.92E-04
5.309E-01 4.000E-02 3.998E-02 2.019E-05 1.01E-03
5.248E-01 4.195E-02 4.193E-02 2.114E-05 1.04E-03
5.188E-01 4.398E-02 4.395E-02 2.215E-05 1.06E-03
5.129E-01 4.607E-02 4.605E-02 2.320E-05 1.08E-03
5.070E-01 4.824E-02 4.822E-02 2.431E-05 1.10E-03
5.012E-01 5.049E-02 5.046E-02 2.547E-05 1.13E-03
4.955E-01 5.281E-02 5.279E-02 2.669E-05 1.15E-03
4.898E-01 5.522E-02 5.519E-02 2.797E-05 1.18E-03
4.842E-01 5.770E-02 5.767E-02 2.932E-05 1.20E-03
4.786E-01 6.027E-02 6.023E-02 3.073E-05 1.23E-03
4.732E-01 6.292E-02 6.288E-02 3.221E-05 1.25E-03
4.677E-01 6.565E-02 6.562E-02 3.376E-05 1.28E-03
4.624E-01 6.847E-02 6.844E-02 3.539E-05 1.30E-03
4.571E-01 7.138E-02 7.134E-02 3.711E-05 1.33E-03
4.519E-01 7.438E-02 7.434E-02 3.891E-05 1.36E-03
4.467E-01 7.746E-02 7.742E-02 4.080E-05 1.38E-03
4.416E-01 8.064E-02 8.060E-02 4.280E-05 1.41E-03
4.365E-01 8.391E-02 8.387E-02 4.489E-05 1.44E-03
4.315E-01 8.728E-02 8.723E-02 4.707E-05 1.46E-03
4.266E-01 9.074E-02 9.069E-02 4.936E-05 1.49E-03
4.217E-01 9.429E-02 9.424E-02 5.176E-05 1.52E-03
4.169E-01 9.795E-02 9.789E-02 5.428E-05 1.54E-03
4.121E-01 1.017E-01 1.016E-01 5.693E-05 1.57E-03
4.074E-01 1.055E-01 1.055E-01 5.971E-05 1.60E-03
4.027E-01 1.095E-01 1.094E-01 6.263E-05 1.62E-03
3.981E-01 1.135E-01 1.135E-01 6.570E-05 1.65E-03
3.935E-01 1.177E-01 1.176E-01 6.891E-05 1.68E-03
3.890E-01 1.219E-01 1.219E-01 7.228E-05 1.71E-03
3.846E-01 1.263E-01 1.262E-01 7.583E-05 1.74E-03
3.802E-01 1.307E-01 1.307E-01 7.955E-05 1.76E-03
3.758E-01 1.353E-01 1.352E-01 8.349E-05 1.79E-03
3.715E-01 1.400E-01 1.399E-01 8.765E-05 1.82E-03
3.673E-01 1.447E-01 1.446E-01 9.205E-05 1.85E-03
3.631E-01 1.496E-01 1.495E-01 9.671E-05 1.88E-03
3.589E-01 1.546E-01 1.545E-01 1.017E-04 1.91E-03
3.548E-01 1.597E-01 1.596E-01 1.069E-04 1.94E-03
3.508E-01 1.649E-01 1.647E-01 1.125E-04 1.96E-03
3.467E-01 1.702E-01 1.700E-01 1.184E-04 1.99E-03
3.428E-01 1.756E-01 1.754E-01 1.248E-04 2.01E-03
3.388E-01 1.811E-01 1.810E-01 1.315E-04 2.04E-03
3.350E-01 1.867E-01 1.866E-01 1.387E-04 2.05E-03
3.311E-01 1.925E-01 1.923E-01 1.464E-04 2.07E-03
3.273E-01 1.983E-01 1.981E-01 1.547E-04 2.08E-03
3.236E-01 2.043E-01 2.041E-01 1.635E-04 2.08E-03
3.199E-01 2.103E-01 2.101E-01 1.730E-04 2.07E-03
3.162E-01 2.165E-01 2.163E-01 1.831E-04 2.06E-03
3.126E-01 2.228E-01 2.226E-01 1.939E-04 2.04E-03
3.090E-01 2.292E-01 2.290E-01 2.054E-04 2.01E-03
3.055E-01 2.357E-01 2.355E-01 2.177E-04 1.98E-03
3.020E-01 2.416E-01 2.414E-01 2.308E-04 1.93E-03
2.985E-01 2.460E-01 2.458E-01 2.448E-04 1.87E-03
2.951E-01 2.508E-01 2.505E-01 2.600E-04 1.80E-03
2.917E-01 2.560E-01 2.557E-01 2.763E-04 1.71E-03
2.884E-01 2.617E-01 2.614E-01 2.942E-04 1.61E-03
2.851E-01 2.680E-01 2.677E-01 3.136E-04 1.50E-03
2.818E-01 2.749E-01 2.745E-01 3.361E-04 1.34E-03
2.786E-01 2.825E-01 2.821E-01 3.602E-04 1.18E-03
2.754E-01 2.909E-01 2.905E-01 3.861E-04 1.02E-03
2.723E-01 3.002E-01 2.998E-01 4.145E-04 8.58E-04
2.692E-01 3.106E-01 3.102E-01 4.457E-04 7.05E-04
2.661E-01 3.223E-01 3.218E-01 4.804E-04 5.65E-04
2.630E-01 3.353E-01 3.348E-01 5.192E-04 4.38E-04
2.600E-01 3.500E-01 3.494E-01 5.634E-04 3.29E-04
2.570E-01 3.665E-01 3.659E-01 6.132E-04 2.44E-04
2.541E-01 3.851E-01 3.845E-01 6.678E-04 1.88E-04
2.512E-01 4.061E-01 4.054E-01 7.296E-04 1.55E-04
2.483E-01 4.298E-01 4.290E-01 8.000E-04 1.44E-04
2.455E-01 4.565E-01 4.556E-01 8.805E-04 1.54E-04
2.427E-01 4.864E-01 4.854E-01 9.733E-04 1.87E-04
2.399E-01 5.196E-01 5.185E-01 1.080E-03 2.44E-04
2.371E-01 5.560E-01 5.548E-01 1.197E-03 3.29E-04
2.344E-01 5.951E-01 5.937E-01 1.321E-03 4.31E-04
2.317E-01 6.359E-01 6.345E-01 1.451E-03 5.41E-04
2.291E-01 6.770E-01 6.754E-01 1.583E-03 6.56E-04
2.265E-01 7.158E-01 7.141E-01 1.717E-03 7.75E-04
2.239E-01 7.497E-01 7.479E-01 1.858E-03 9.00E-04
2.213E-01 7.755E-01 7.735E-01 2.002E-03 1.03E-03
2.188E-01 7.902E-01 7.881E-01 2.113E-03 1.18E-03
2.163E-01 7.921E-01 7.900E-01 2.160E-03 1.35E-03
2.138E-01 7.811E-01 7.790E-01 2.145E-03 1.53E-03
2.113E-01 7.587E-01 7.566E-01 2.089E-03 1.71E-03
2.089E-01 7.276E-01 7.256E-01 2.002E-03 1.90E-03
2.065E-01 6.909E-01 6.890E-01 1.890E-03 2.09E-03
2.042E-01 6.516E-01 6.499E-01 1.758E-03 2.28E-03
2.018E-01 6.122E-01 6.106E-01 1.615E-03 2.48E-03
1.995E-01 5.743E-01 5.729E-01 1.468E-03 2.69E-03
1.972E-01 5.390E-01 5.377E-01 1.325E-03 2.90E-03
1.950E-01 5.068E-01 5.056E-01 1.190E-03 3.12E-03
1.928E-01 4.778E-01 4.768E-01 1.066E-03 3.34E-03
1.905E-01 4.521E-01 4.511E-01 9.551E-04 3.56E-03
1.884E-01 4.293E-01 4.285E-01 8.539E-04 3.80E-03
1.862E-01 4.093E-01 4.085E-01 7.663E-04 4.05E-03
1.841E-01 3.917E-01 3.910E-01 6.917E-04 4.31E-03
1.820E-01 3.763E-01 3.757E-01 6.283E-04 4.58E-03
1.799E-01 3.628E-01 3.622E-01 5.747E-04 4.85E-03
1.778E-01 3.510E-01 3.504E-01 5.310E-04 5.14E-03
1.758E-01 3.406E-01 3.401E-01 4.949E-04 5.43E-03
1.738E-01 3.314E-01 3.310E-01 4.657E-04 5.73E-03
1.718E-01 3.234E-01 3.230E-01 4.427E-04 6.03E-03
1.698E-01 3.163E-01 3.159E-01 4.258E-04 6.33E-03
1.679E-01 3.102E-01 3.098E-01 4.148E-04 6.65E-03
1.660E-01 3.051E-01 3.047E-01 4.097E-04 6.95E-03
1.641E-01 3.010E-01 3.006E-01 4.109E-04 7.26E-03
1.622E-01 2.978E-01 2.974E-01 4.181E-04 7.57E-03
1.603E-01 2.954E-01 2.950E-01 4.312E-04 7.88E-03
1.585E-01 2.939E-01 2.935E-01 4.507E-04 8.19E-03
1.567E-01 2.932E-01 2.927E-01 4.757E-04 8.50E-03
1.549E-01 2.932E-01 2.927E-01 5.065E-04 8.82E-03
1.531E-01 2.940E-01 2.934E-01 5.427E-04 9.15E-03
1.514E-01 2.955E-01 2.949E-01 5.853E-04 9.49E-03
1.496E-01 2.978E-01 2.972E-01 6.347E-04 9.83E-03
1.479E-01 3.008E-01 3.001E-01 6.918E-04 1.02E-02
1.462E-01 3.046E-01 3.038E-01 7.572E-04 1.05E-02
1.445E-01 3.091E-01 3.083E-01 8.324E-04 1.09E-02
1.429E-01 3.144E-01 3.135E-01 9.173E-04 1.12E-02
1.413E-01 3.205E-01 3.195E-01 1.012E-03 1.16E-02
1.396E-01 3.274E-01 3.263E-01 1.116E-03 1.20E-02
1.380E-01 3.351E-01 3.339E-01 1.230E-03 1.23E-02
1.365E-01 3.437E-01 3.423E-01 1.356E-03 1.27E-02
1.349E-01 3.531E-01 3.516E-01 1.498E-03 1.32E-02
1.334E-01 3.635E-01 3.618E-01 1.656E-03 1.36E-02
1.318E-01 3.747E-01 3.729E-01 1.832E-03 1.41E-02
1.303E-01 3.870E-01 3.850E-01 2.029E-03 1.46E-02
1.288E-01 4.079E-01 4.057E-01 2.248E-03 1.52E-02
1.274E-01 4.239E-01 4.215E-01 2.491E-03 1.58E-02
1.259E-01 4.407E-01 4.380E-01 2.759E-03 1.64E-02
1.245E-01 4.583E-01 4.553E-01 3.057E-03 1.71E-02
1.230E-01 4.766E-01 4.732E-01 3.385E-03 1.78E-02
1.216E-01 4.957E-01 4.919E-01 3.745E-03 1.85E-02
1.202E-01 5.155E-01 5.113E-01 4.140E-03 1.91E-02
1.189E-01 5.360E-01 5.314E-01 4.575E-03 1.98E-02
1.175E-01 5.571E-01 5.521E-01 5.047E-03 2.04E-02
1.161E-01 5.789E-01 5.733E-01 5.571E-03 2.09E-02
1.148E-01 6.014E-01 5.952E-01 6.179E-03 2.14E-02
1.135E-01 6.246E-01 6.176E-01 7.003E-03 2.18E-02
1.122E-01 6.485E-01 6.406E-01 7.880E-03 2.16E-02
1.109E-01 6.729E-01 6.640E-01 8.843E-03 2.07E-02
1.096E-01 6.980E-01 6.881E-01 9.908E-03 1.87E-02
1.084E-01 7.238E-01 7.126E-01 1.122E-02 1.67E-02
1.072E-01 7.502E-01 7.375E-01 1.273E-02 1.54E-02
1.059E-01 7.769E-01 7.628E-01 1.419E-02 1.51E-02
1.047E-01 8.039E-01 7.883E-01 1.557E-02 1.53E-02
1.035E-01 8.308E-01 8.139E-01 1.689E-02 1.54E-02
1.023E-01 8.578E-01 8.396E-01 1.815E-02 1.55E-02
1.012E-01 8.849E-01 8.653E-01 1.956E-02 1.52E-02
1.000E-01 9.153E-01 8.942E-01 2.116E-02 1.49E-02
9.886E-02 9.376E-01 9.143E-01 2.326E-02 1.43E-02
9.772E-02 9.612E-01 9.356E-01 2.565E-02 1.37E-02
9.661E-02 9.858E-01 9.579E-01 2.792E-02 1.34E-02
9.550E-02 1.011E+00 9.814E-01 2.994E-02 1.33E-02
9.441E-02 1.037E+00 1.006E+00 3.137E-02 1.34E-02
9.333E-02 1.064E+00 1.032E+00 3.249E-02 1.36E-02
9.226E-02 1.093E+00 1.059E+00 3.374E-02 1.38E-02
9.120E-02 1.124E+00 1.089E+00 3.492E-02 1.41E-02
9.016E-02 1.156E+00 1.120E+00 3.554E-02 1.46E-02
8.913E-02 1.190E+00 1.154E+00 3.631E-02 1.50E-02
8.810E-02 1.229E+00 1.191E+00 3.781E-02 1.51E-02
8.710E-02 1.272E+00 1.231E+00 4.033E-02 1.49E-02
8.610E-02 1.319E+00 1.276E+00 4.335E-02 1.46E-02
8.511E-02 1.372E+00 1.325E+00 4.687E-02 1.43E-02
8.414E-02 1.430E+00 1.379E+00 5.093E-02 1.40E-02
8.318E-02 1.495E+00 1.440E+00 5.553E-02 1.37E-02
8.222E-02 1.568E+00 1.508E+00 6.043E-02 1.36E-02
8.128E-02 1.649E+00 1.583E+00 6.542E-02 1.38E-02
8.035E-02 1.739E+00 1.668E+00 7.066E-02 1.40E-02
7.943E-02 1.839E+00 1.763E+00 7.597E-02 1.44E-02
7.852E-02 1.948E+00 1.867E+00 8.106E-02 1.49E-02
7.762E-02 2.066E+00 1.980E+00 8.553E-02 1.55E-02
7.674E-02 2.189E+00 2.100E+00 8.944E-02 1.62E-02
7.586E-02 2.314E+00 2.222E+00 9.282E-02 1.70E-02
7.499E-02 2.434E+00 2.339E+00 9.553E-02 1.78E-02
7.413E-02 2.539E+00 2.442E+00 9.749E-02 1.87E-02
7.328E-02 2.619E+00 2.520E+00 9.868E-02 1.96E-02
7.244E-02 2.665E+00 2.566E+00 9.964E-02 2.05E-02
7.161E-02 2.673E+00 2.573E+00 1.002E-01 2.15E-02
7.079E-02 2.644E+00 2.544E+00 9.994E-02 2.25E-02
6.998E-02 2.584E+00 2.485E+00 9.887E-02 2.35E-02
6.918E-02 2.503E+00 2.406E+00 9.702E-02 2.46E-02
6.839E-02 2.410E+00 2.317E+00 9.356E-02 2.57E-02
6.761E-02 2.316E+00 2.226E+00 8.925E-02 2.69E-02
6.683E-02 2.225E+00 2.141E+00 8.484E-02 2.81E-02
6.607E-02 2.144E+00 2.063E+00 8.040E-02 2.93E-02
6.531E-02 2.054E+00 1.978E+00 7.600E-02 3.05E-02
6.457E-02 1.965E+00 1.893E+00 7.283E-02 3.17E-02
6.383E-02 1.876E+00 1.806E+00 7.016E-02 3.28E-02
6.310E-02 1.786E+00 1.718E+00 6.788E-02 3.39E-02
6.237E-02 1.696E+00 1.630E+00 6.597E-02 3.50E-02
6.166E-02 1.605E+00 1.541E+00 6.459E-02 3.62E-02
6.095E-02 1.514E+00 1.450E+00 6.357E-02 3.74E-02
6.026E-02 1.422E+00 1.359E+00 6.269E-02 3.86E-02
5.957E-02 1.328E+00 1.266E+00 6.197E-02 3.98E-02
5.888E-02 1.234E+00 1.173E+00 6.131E-02 4.10E-02
5.821E-02 1.139E+00 1.078E+00 6.027E-02 4.22E-02
5.754E-02 8.809E-01 8.217E-01 5.917E-02 4.35E-02
5.689E-02 8.499E-01 7.919E-01 5.801E-02 4.47E-02
5.623E-02 8.177E-01 7.609E-01 5.672E-02 4.60E-02
5.559E-02 7.838E-01 7.287E-01 5.516E-02 4.73E-02
5.495E-02 7.510E-01 6.975E-01 5.358E-02 4.87E-02
5.433E-02 7.192E-01 6.672E-01 5.198E-02 5.01E-02
5.370E-02 6.897E-01 6.393E-01 5.043E-02 5.14E-02
5.309E-02 6.648E-01 6.157E-01 4.906E-02 5.29E-02
5.248E-02 6.416E-01 5.938E-01 4.778E-02 5.43E-02
5.188E-02 6.201E-01 5.736E-01 4.656E-02 5.58E-02
5.129E-02 5.996E-01 5.541E-01 4.544E-02 5.73E-02
5.070E-02 5.797E-01 5.352E-01 4.443E-02 5.88E-02
5.012E-02 5.607E-01 5.172E-01 4.348E-02 6.04E-02
4.955E-02 5.426E-01 5.001E-01 4.259E-02 6.20E-02
4.898E-02 5.257E-01 4.839E-01 4.176E-02 6.37E-02
4.842E-02 5.091E-01 4.682E-01 4.093E-02 6.53E-02
4.786E-02 4.929E-01 4.528E-01 4.009E-02 6.71E-02
4.732E-02 4.758E-01 4.366E-01 3.915E-02 6.88E-02
4.677E-02 4.586E-01 4.205E-01 3.817E-02 7.06E-02
4.624E-02 4.422E-01 4.050E-01 3.720E-02 7.24E-02
4.571E-02 4.277E-01 3.914E-01 3.631E-02 7.43E-02
4.519E-02 4.157E-01 3.802E-01 3.552E-02 7.63E-02
4.467E-02 4.041E-01 3.694E-01 3.471E-02 7.82E-02
4.416E-02 3.920E-01 3.581E-01 3.384E-02 8.03E-02
4.365E-02 3.769E-01 3.441E-01 3.282E-02 8.23E-02
4.315E-02 3.625E-01 3.307E-01 3.178E-02 8.45E-02
4.266E-02 3.496E-01 3.189E-01 3.071E-02 8.66E-02
4.217E-02 3.413E-01 3.117E-01 2.966E-02 8.89E-02
4.169E-02 3.349E-01 3.062E-01 2.866E-02 9.12E-02
4.121E-02 3.301E-01 3.023E-01 2.776E-02 9.36E-02
4.074E-02 3.256E-01 2.985E-01 2.703E-02 9.60E-02
4.027E-02 3.220E-01 2.956E-01 2.640E-02 9.85E-02
3.981E-02 3.195E-01 2.937E-01 2.585E-02 1.01E-01
3.935E-02 3.179E-01 2.925E-01 2.535E-02 1.04E-01
3.890E-02 3.175E-01 2.925E-01 2.495E-02 1.06E-01
3.846E-02 3.184E-01 2.938E-01 2.461E-02 1.09E-01
3.802E-02 3.210E-01 2.966E-01 2.445E-02 1.12E-01
3.758E-02 3.254E-01 3.009E-01 2.455E-02 1.15E-01
3.715E-02 3.348E-01 3.095E-01 2.531E-02 1.18E-01
3.673E-02 3.429E-01 3.166E-01 2.627E-02 1.21E-01
3.631E-02 3.465E-01 3.193E-01 2.726E-02 1.24E-01
3.589E-02 3.425E-01 3.146E-01 2.792E-02 1.27E-01
3.548E-02 3.355E-01 3.071E-01 2.843E-02 1.30E-01
3.508E-02 3.293E-01 3.007E-01 2.866E-02 1.33E-01
3.467E-02 3.234E-01 2.946E-01 2.872E-02 1.36E-01
3.428E-02 3.174E-01 2.887E-01 2.871E-02 1.40E-01
3.388E-02 3.115E-01 2.828E-01 2.872E-02 1.43E-01
3.350E-02 3.058E-01 2.771E-01 2.870E-02 1.46E-01
3.311E-02 3.001E-01 2.714E-01 2.866E-02 1.50E-01
3.273E-02 2.945E-01 2.659E-01 2.859E-02 1.54E-01
3.236E-02 2.890E-01 2.604E-01 2.851E-02 1.57E-01
3.199E-02 2.835E-01 2.551E-01 2.841E-02 1.61E-01
3.162E-02 2.781E-01 2.498E-01 2.830E-02 1.65E-01
3.126E-02 2.728E-01 2.446E-01 2.817E-02 1.69E-01
3.090E-02 2.676E-01 2.395E-01 2.804E-02 1.73E-01
3.055E-02 2.625E-01 2.346E-01 2.790E-02 1.77E-01
3.020E-02 2.574E-01 2.296E-01 2.775E-02 1.82E-01
2.985E-02 2.524E-01 2.248E-01 2.759E-02 1.86E-01
2.951E-02 2.474E-01 2.200E-01 2.742E-02 1.90E-01
2.917E-02 2.426E-01 2.154E-01 2.724E-02 1.95E-01
2.884E-02 2.379E-01 2.108E-01 2.705E-02 2.00E-01
2.851E-02 2.333E-01 2.064E-01 2.686E-02 2.04E-01
2.818E-02 2.287E-01 2.021E-01 2.666E-02 2.09E-01
2.786E-02 2.243E-01 1.978E-01 2.646E-02 2.14E-01
2.754E-02 2.199E-01 1.937E-01 2.626E-02 2.19E-01
2.723E-02 2.156E-01 1.896E-01 2.605E-02 2.24E-01
2.692E-02 2.115E-01 1.856E-01 2.584E-02 2.30E-01
2.661E-02 2.073E-01 1.817E-01 2.563E-02 2.35E-01
2.630E-02 2.033E-01 1.779E-01 2.541E-02 2.41E-01
2.600E-02 1.993E-01 1.741E-01 2.518E-02 2.46E-01
2.570E-02 1.953E-01 1.704E-01 2.495E-02 2.52E-01
2.541E-02 1.915E-01 1.668E-01 2.471E-02 2.58E-01
2.512E-02 1.876E-01 1.632E-01 2.447E-02 2.64E-01
2.483E-02 1.839E-01 1.597E-01 2.422E-02 2.70E-01
2.455E-02 1.802E-01 1.563E-01 2.397E-02 2.76E-01
2.427E-02 1.766E-01 1.529E-01 2.372E-02 2.82E-01
2.399E-02 1.731E-01 1.496E-01 2.347E-02 2.89E-01
2.371E-02 1.697E-01 1.464E-01 2.322E-02 2.95E-01
2.344E-02 1.663E-01 1.433E-01 2.297E-02 3.02E-01
2.317E-02 1.629E-01 1.402E-01 2.271E-02 3.09E-01
2.291E-02 1.597E-01 1.372E-01 2.245E-02 3.16E-01
2.265E-02 1.564E-01 1.342E-01 2.219E-02 3.23E-01
2.239E-02 1.533E-01 1.313E-01 2.193E-02 3.30E-01
2.213E-02 1.502E-01 1.285E-01 2.166E-02 3.37E-01
2.188E-02 1.471E-01 1.257E-01 2.139E-02 3.45E-01
2.163E-02 1.441E-01 1.230E-01 2.112E-02 3.52E-01
2.138E-02 1.412E-01 1.204E-01 2.085E-02 3.60E-01
2.113E-02 1.383E-01 1.178E-01 2.058E-02 3.68E-01
2.089E-02 1.355E-01 1.152E-01 2.031E-02 3.76E-01
2.065E-02 1.327E-01 1.126E-01 2.003E-02 3.84E-01
2.042E-02 1.300E-01 1.102E-01 1.976E-02 3.92E-01
2.018E-02 1.273E-01 1.079E-01 1.949E-02 4.00E-01
1.995E-02 1.247E-01 1.055E-01 1.921E-02 4.08E-01
1.972E-02 1.221E-01 1.032E-01 1.893E-02 4.17E-01
1.950E-02 1.195E-01 1.008E-01 1.865E-02 4.25E-01
1.928E-02 1.169E-01 9.857E-02 1.837E-02 4.34E-01
1.905E-02 1.144E-01 9.635E-02 1.808E-02 4.43E-01
1.884E-02 1.120E-01 9.421E-02 1.780E-02 4.52E-01
1.862E-02 1.096E-01 9.211E-02 1.752E-02 4.61E-01
1.841E-02 1.073E-01 9.004E-02 1.724E-02 4.70E-01
1.820E-02 1.050E-01 8.801E-02 1.696E-02 4.79E-01
1.799E-02 1.027E-01 8.604E-02 1.668E-02 4.88E-01
1.778E-02 1.005E-01 8.413E-02 1.641E-02 4.97E-01
1.758E-02 9.838E-02 8.225E-02 1.614E-02 5.07E-01
1.738E-02 9.625E-02 8.038E-02 1.586E-02 5.16E-01
1.718E-02 9.414E-02 7.855E-02 1.559E-02 5.25E-01
1.698E-02 9.207E-02 7.675E-02 1.532E-02 5.35E-01
1.679E-02 9.005E-02 7.500E-02 1.505E-02 5.44E-01
1.660E-02 8.808E-02 7.329E-02 1.479E-02 5.54E-01
1.641E-02 8.615E-02 7.162E-02 1.453E-02 5.63E-01
1.622E-02 8.424E-02 6.998E-02 1.427E-02 5.72E-01
1.603E-02 8.236E-02 6.836E-02 1.401E-02 5.82E-01
1.585E-02 8.052E-02 6.677E-02 1.375E-02 5.91E-01
1.567E-02 7.872E-02 6.522E-02 1.349E-02 6.00E-01
1.549E-02 7.696E-02 6.372E-02 1.324E-02 6.09E-01
1.531E-02 7.523E-02 6.223E-02 1.300E-02 6.18E-01
1.514E-02 7.351E-02 6.076E-02 1.275E-02 6.27E-01
1.496E-02 7.183E-02 5.932E-02 1.251E-02 6.36E-01
1.479E-02 7.019E-02 5.792E-02 1.227E-02 6.45E-01
1.462E-02 6.859E-02 5.655E-02 1.204E-02 6.53E-01
1.445E-02 6.703E-02 5.522E-02 1.181E-02 6.62E-01
1.429E-02 6.549E-02 5.391E-02 1.158E-02 6.70E-01
1.413E-02 6.398E-02 5.262E-02 1.136E-02 6.78E-01
1.396E-02 6.251E-02 5.137E-02 1.114E-02 6.86E-01
1.380E-02 6.108E-02 5.016E-02 1.092E-02 6.93E-01
1.365E-02 5.967E-02 4.896E-02 1.071E-02 7.00E-01
1.349E-02 5.829E-02 4.779E-02 1.050E-02 7.07E-01
1.334E-02 5.693E-02 4.663E-02 1.030E-02 7.14E-01
1.318E-02 5.560E-02 4.551E-02 1.009E-02 7.21E-01
1.303E-02 5.431E-02 4.441E-02 9.899E-03 7.27E-01
1.288E-02 5.307E-02 4.336E-02 9.709E-03 7.33E-01
1.274E-02 5.183E-02 4.231E-02 9.521E-03 7.39E-01
1.259E-02 5.061E-02 4.127E-02 9.335E-03 7.44E-01
1.245E-02 4.940E-02 4.025E-02 9.152E-03 7.49E-01
1.230E-02 4.827E-02 3.929E-02 8.979E-03 7.54E-01
1.216E-02 4.718E-02 3.836E-02 8.811E-03 7.58E-01
1.202E-02 4.608E-02 3.744E-02 8.644E-03 7.63E-01
1.189E-02 4.500E-02 3.652E-02 8.477E-03 7.67E-01
1.175E-02 4.393E-02 3.562E-02 8.311E-03 7.70E-01
1.161E-02 4.287E-02 3.473E-02 8.147E-03 7.74E-01
1.148E-02 4.183E-02 3.385E-02 7.985E-03 7.77E-01
1.135E-02 4.081E-02 3.299E-02 7.826E-03 7.80E-01
1.122E-02 3.983E-02 3.216E-02 7.671E-03 7.83E-01
1.109E-02 3.888E-02 3.136E-02 7.520E-03 7.86E-01
1.096E-02 3.795E-02 3.058E-02 7.370E-03 7.89E-01
1.084E-02 3.703E-02 2.981E-02 7.223E-03 7.91E-01
1.072E-02 3.613E-02 2.906E-02 7.077E-03 7.94E-01
1.059E-02 3.526E-02 2.833E-02 6.934E-03 7.96E-01
1.047E-02 3.442E-02 2.762E-02 6.794E-03 7.99E-01
1.035E-02 3.361E-02 2.695E-02 6.658E-03 8.01E-01
1.023E-02 3.280E-02 2.628E-02 6.523E-03 8.03E-01
1.012E-02 3.200E-02 2.561E-02 6.388E-03 8.06E-01
1.000E-02 3.122E-02 2.496E-02 6.254E-03 8.08E-01
9.886E-03 3.045E-02 2.433E-02 6.122E-03 8.10E-01
9.772E-03 2.970E-02 2.371E-02 5.992E-03 8.13E-01
9.661E-03 2.898E-02 2.311E-02 5.864E-03 8.16E-01
9.550E-03 2.828E-02 2.254E-02 5.739E-03 8.18E-01
9.441E-03 2.758E-02 2.197E-02 5.614E-03 8.21E-01
9.333E-03 2.690E-02 2.141E-02 5.489E-03 8.24E-01
9.226E-03 2.622E-02 2.086E-02 5.365E-03 8.27E-01
9.120E-03 2.557E-02 2.032E-02 5.243E-03 8.30E-01
9.016E-03 2.493E-02 1.980E-02 5.122E-03 8.34E-01
8.913E-03 2.431E-02 1.930E-02 5.004E-03 8.37E-01
8.810E-03 2.370E-02 1.882E-02 4.887E-03 8.40E-01
8.710E-03 2.310E-02 1.833E-02 4.771E-03 8.44E-01
8.610E-03 2.252E-02 1.786E-02 4.655E-03 8.47E-01
8.511E-03 2.194E-02 1.740E-02 4.542E-03 8.51E-01
8.414E-03 2.138E-02 1.695E-02 4.430E-03 8.55E-01
8.318E-03 2.083E-02 1.652E-02 4.320E-03 8.58E-01
8.222E-03 2.030E-02 1.609E-02 4.212E-03 8.61E-01
8.128E-03 1.978E-02 1.568E-02 4.105E-03 8.65E-01
8.035E-03 1.927E-02 1.527E-02 4.000E-03 8.68E-01
7.943E-03 1.876E-02 1.487E-02 3.896E-03 8.71E-01
7.852E-03 1.827E-02 1.448E-02 3.795E-03 8.74E-01
7.762E-03 1.780E-02 1.410E-02 3.696E-03 8.77E-01
7.674E-03 1.733E-02 1.373E-02 3.597E-03 8.80E-01
7.586E-03 1.687E-02 1.337E-02 3.501E-03 8.82E-01
7.499E-03 1.642E-02 1.301E-02 3.406E-03 8.85E-01
7.413E-03 1.598E-02 1.267E-02 3.314E-03 8.87E-01
7.328E-03 1.557E-02 1.234E-02 3.224E-03 8.89E-01
7.244E-03 1.516E-02 1.202E-02 3.136E-03 8.91E-01
7.161E-03 1.476E-02 1.171E-02 3.049E-03 8.92E-01
7.079E-03 1.437E-02 1.140E-02 2.963E-03 8.94E-01
6.998E-03 1.398E-02 1.110E-02 2.879E-03 8.95E-01
6.918E-03 1.360E-02 1.081E-02 2.796E-03 8.97E-01
6.839E-03 1.324E-02 1.052E-02 2.714E-03 8.98E-01
6.761E-03 1.288E-02 1.025E-02 2.634E-03 9.00E-01
6.683E-03 1.253E-02 9.975E-03 2.554E-03 9.01E-01
6.607E-03 1.218E-02 9.708E-03 2.474E-03 9.02E-01
6.531E-03 1.184E-02 9.447E-03 2.395E-03 9.04E-01
6.457E-03 1.152E-02 9.199E-03 2.319E-03 9.05E-01
6.383E-03 1.120E-02 8.955E-03 2.244E-03 9.07E-01
6.310E-03 1.088E-02 8.714E-03 2.168E-03 9.08E-01
6.237E-03 1.057E-02 8.477E-03 2.093E-03 9.10E-01
6.166E-03 1.027E-02 8.254E-03 2.020E-03 9.12E-01
6.095E-03 9.992E-03 8.042E-03 1.950E-03 9.14E-01
6.026E-03 9.710E-03 7.831E-03 1.879E-03 9.15E-01
5.957E-03 9.431E-03 7.623E-03 1.808E-03 9.17E-01
5.888E-03 9.153E-03 7.417E-03 1.736E-03 9.19E-01
5.821E-03 8.879E-03 7.215E-03 1.664E-03 9.21E-01
5.754E-03 8.609E-03 7.016E-03 1.593E-03 9.23E-01
5.689E-03 8.343E-03 6.822E-03 1.521E-03 9.25E-01
5.623E-03 8.085E-03 6.634E-03 1.451E-03 9.27E-01
5.559E-03 7.838E-03 6.454E-03 1.384E-03 9.28E-01
5.495E-03 7.595E-03 6.278E-03 1.316E-03 9.30E-01
5.433E-03 7.354E-03 6.106E-03 1.247E-03 9.31E-01
5.370E-03 7.117E-03 5.939E-03 1.178E-03 9.32E-01
5.309E-03 6.885E-03 5.777E-03 1.108E-03 9.34E-01
5.248E-03 6.658E-03 5.620E-03 1.038E-03 9.35E-01
5.188E-03 6.438E-03 5.470E-03 9.682E-04 9.36E-01
5.129E-03 6.245E-03 5.322E-03 9.223E-04 9.37E-01
5.070E-03 6.054E-03 5.176E-03 8.781E-04 9.37E-01
5.012E-03 5.852E-03 5.033E-03 8.187E-04 9.38E-01
4.955E-03 5.639E-03 4.894E-03 7.448E-04 9.39E-01
4.898E-03 5.418E-03 4.760E-03 6.579E-04 9.40E-01
4.842E-03 5.191E-03 4.631E-03 5.601E-04 9.41E-01
4.786E-03 4.963E-03 4.508E-03 4.546E-04 9.42E-01
4.732E-03 4.696E-03 4.385E-03 3.111E-04 9.43E-01
4.677E-03 4.425E-03 4.262E-03 1.624E-04 9.44E-01
4.624E-03 4.195E-03 4.145E-03 4.998E-05 9.46E-01
4.571E-03 4.038E-03 4.032E-03 6.064E-06 9.47E-01
4.519E-03 3.996E-03 3.924E-03 7.163E-05 9.48E-01
4.467E-03 4.120E-03 3.822E-03 2.978E-04 9.49E-01
4.416E-03 8.334E-02 8.121E-02 2.135E-03 9.51E-01
4.365E-03 8.148E-02 7.959E-02 1.887E-03 9.52E-01
4.315E-03 7.968E-02 7.799E-02 1.694E-03 9.53E-01
4.266E-03 7.804E-02 7.640E-02 1.646E-03 9.54E-01
4.217E-03 7.652E-02 7.482E-02 1.703E-03 9.55E-01
4.169E-03 7.508E-02 7.325E-02 1.827E-03 9.55E-01
4.121E-03 7.367E-02 7.171E-02 1.961E-03 9.56E-01
4.074E-03 7.224E-02 7.021E-02 2.033E-03 9.57E-01
4.027E-03 7.081E-02 6.872E-02 2.089E-03 9.57E-01
3.981E-03 6.937E-02 6.725E-02 2.121E-03 9.58E-01
3.935E-03 6.791E-02 6.579E-02 2.120E-03 9.59E-01
3.890E-03 6.644E-02 6.436E-02 2.081E-03 9.59E-01
3.846E-03 6.500E-02 6.294E-02 2.061E-03 9.60E-01
3.802E-03 6.361E-02 6.154E-02 2.066E-03 9.61E-01
3.758E-03 6.222E-02 6.015E-02 2.067E-03 9.62E-01
3.715E-03 6.085E-02 5.879E-02 2.063E-03 9.63E-01
3.673E-03 5.950E-02 5.744E-02 2.054E-03 9.63E-01
3.631E-03 5.817E-02 5.612E-02 2.041E-03 9.64E-01
3.589E-03 5.685E-02 5.482E-02 2.030E-03 9.65E-01
3.548E-03 5.555E-02 5.354E-02 2.018E-03 9.66E-01
3.508E-03 5.427E-02 5.227E-02 2.003E-03 9.66E-01
3.467E-03 5.302E-02 5.103E-02 1.986E-03 9.67E-01
3.428E-03 5.178E-02 4.981E-02 1.967E-03 9.68E-01
3.388E-03 5.056E-02 4.861E-02 1.948E-03 9.68E-01
3.350E-03 4.936E-02 4.743E-02 1.928E-03 9.69E-01
3.311E-03 4.817E-02 4.626E-02 1.906E-03 9.69E-01
3.273E-03 4.701E-02 4.513E-02 1.883E-03 9.70E-01
3.236E-03 4.589E-02 4.403E-02 1.859E-03 9.70E-01
3.199E-03 4.478E-02 4.294E-02 1.835E-03 9.71E-01
3.162E-03 4.367E-02 4.186E-02 1.810E-03 9.71E-01
3.126E-03 4.258E-02 4.079E-02 1.786E-03 9.72E-01
3.090E-03 4.152E-02 3.976E-02 1.761E-03 9.73E-01
3.055E-03 4.055E-02 3.881E-02 1.736E-03 9.73E-01
3.020E-03 3.957E-02 3.786E-02 1.711E-03 9.74E-01
2.985E-03 3.859E-02 3.691E-02 1.685E-03 9.74E-01
2.951E-03 3.762E-02 3.596E-02 1.660E-03 9.75E-01
2.917E-03 3.665E-02 3.502E-02 1.634E-03 9.75E-01
2.884E-03 3.569E-02 3.409E-02 1.608E-03 9.76E-01
2.851E-03 3.474E-02 3.316E-02 1.582E-03 9.76E-01
2.818E-03 3.381E-02 3.225E-02 1.556E-03 9.76E-01
2.786E-03 3.288E-02 3.135E-02 1.530E-03 9.77E-01
2.754E-03 3.198E-02 3.048E-02 1.503E-03 9.77E-01
2.723E-03 3.113E-02 2.966E-02 1.477E-03 9.78E-01
2.692E-03 3.030E-02 2.885E-02 1.450E-03 9.78E-01
2.661E-03 2.947E-02 2.805E-02 1.423E-03 9.79E-01
2.630E-03 2.867E-02 2.727E-02 1.396E-03 9.79E-01
2.600E-03 2.788E-02 2.651E-02 1.370E-03 9.80E-01
2.570E-03 2.711E-02 2.577E-02 1.343E-03 9.80E-01
2.541E-03 2.637E-02 2.505E-02 1.316E-03 9.80E-01
2.512E-03 2.565E-02 2.436E-02 1.290E-03 9.81E-01
2.483E-03 2.497E-02 2.370E-02 1.264E-03 9.81E-01
2.455E-03 2.428E-02 2.305E-02 1.239E-03 9.81E-01
2.427E-03 2.361E-02 2.239E-02 1.214E-03 9.82E-01
2.399E-03 2.294E-02 2.175E-02 1.189E-03 9.82E-01
2.371E-03 2.229E-02 2.113E-02 1.165E-03 9.82E-01
2.344E-03 2.166E-02 2.052E-02 1.141E-03 9.83E-01
2.317E-03 2.105E-02 1.993E-02 1.117E-03 9.83E-01
2.291E-03 2.046E-02 1.936E-02 1.094E-03 9.84E-01
2.265E-03 1.989E-02 1.882E-02 1.071E-03 9.84E-01
2.239E-03 1.934E-02 1.829E-02 1.049E-03 9.84E-01
2.213E-03 1.878E-02 1.776E-02 1.027E-03 9.84E-01
2.188E-03 1.824E-02 1.724E-02 1.005E-03 9.85E-01
2.163E-03 1.771E-02 1.673E-02 9.829E-04 9.85E-01
2.138E-03 1.720E-02 1.624E-02 9.616E-04 9.85E-01
2.113E-03 1.670E-02 1.576E-02 9.407E-04 9.86E-01
2.089E-03 1.622E-02 1.530E-02 9.202E-04 9.86E-01
2.065E-03 1.576E-02 1.486E-02 9.003E-04 9.86E-01
2.042E-03 1.531E-02 1.443E-02 8.807E-04 9.86E-01
2.018E-03 1.486E-02 1.400E-02 8.613E-04 9.87E-01
1.995E-03 1.442E-02 1.358E-02 8.422E-04 9.87E-01
1.972E-03 1.399E-02 1.317E-02 8.235E-04 9.87E-01
1.950E-03 1.358E-02 1.278E-02 8.052E-04 9.87E-01
1.928E-03 1.318E-02 1.240E-02 7.872E-04 9.88E-01
1.905E-03 1.280E-02 1.203E-02 7.698E-04 9.88E-01
1.884E-03 1.242E-02 1.167E-02 7.525E-04 9.88E-01
1.862E-03 1.205E-02 1.132E-02 7.354E-04 9.88E-01
1.841E-03 1.169E-02 1.097E-02 7.186E-04 9.89E-01
1.820E-03 1.134E-02 1.064E-02 7.021E-04 9.89E-01
1.799E-03 1.100E-02 1.031E-02 6.860E-04 9.89E-01
1.778E-03 1.067E-02 1.000E-02 6.703E-04 9.89E-01
1.758E-03 1.035E-02 9.699E-03 6.549E-04 9.89E-01
1.738E-03 1.004E-02 9.402E-03 6.397E-04 9.90E-01
1.718E-03 9.738E-03 9.113E-03 6.248E-04 9.90E-01
1.698E-03 9.442E-03 8.832E-03 6.102E-04 9.90E-01
1.679E-03 9.156E-03 8.560E-03 5.960E-04 9.90E-01
1.660E-03 8.881E-03 8.299E-03 5.821E-04 9.90E-01
1.641E-03 8.614E-03 8.045E-03 5.686E-04 9.91E-01
1.622E-03 8.351E-03 7.796E-03 5.554E-04 9.91E-01
1.603E-03 8.095E-03 7.553E-03 5.424E-04 9.91E-01
1.585E-03 7.846E-03 7.317E-03 5.296E-04 9.91E-01
1.567E-03 7.606E-03 7.089E-03 5.172E-04 9.91E-01
1.549E-03 7.376E-03 6.871E-03 5.052E-04 9.92E-01
1.531E-03 7.150E-03 6.657E-03 4.933E-04 9.92E-01
1.514E-03 6.930E-03 6.448E-03 4.817E-04 9.92E-01
1.496E-03 6.716E-03 6.246E-03 4.702E-04 9.92E-01
1.479E-03 6.509E-03 6.050E-03 4.590E-04 9.92E-01
1.462E-03 6.309E-03 5.861E-03 4.482E-04 9.92E-01
1.445E-03 6.115E-03 5.677E-03 4.376E-04 9.93E-01
1.429E-03 5.925E-03 5.498E-03 4.272E-04 9.93E-01
1.413E-03 5.740E-03 5.323E-03 4.171E-04 9.93E-01
1.396E-03 5.561E-03 5.154E-03 4.072E-04 9.93E-01
1.380E-03 5.389E-03 4.991E-03 3.976E-04 9.93E-01
1.365E-03 5.222E-03 4.834E-03 3.882E-04 9.93E-01
1.349E-03 5.059E-03 4.680E-03 3.790E-04 9.93E-01
1.334E-03 4.901E-03 4.531E-03 3.699E-04 9.93E-01
1.318E-03 4.749E-03 4.387E-03 3.611E-04 9.94E-01
1.303E-03 4.602E-03 4.250E-03 3.525E-04 9.94E-01
1.288E-03 4.461E-03 4.117E-03 3.442E-04 9.94E-01
1.274E-03 4.322E-03 3.986E-03 3.359E-04 9.94E-01
1.259E-03 4.186E-03 3.858E-03 3.278E-04 9.94E-01
1.245E-03 4.052E-03 3.733E-03 3.198E-04 9.94E-01
1.230E-03 3.929E-03 3.617E-03 3.123E-04 9.94E-01
1.216E-03 3.810E-03 3.505E-03 3.051E-04 9.94E-01
1.202E-03 3.693E-03 3.395E-03 2.980E-04 9.95E-01
1.189E-03 3.577E-03 3.286E-03 2.909E-04 9.95E-01
1.175E-03 3.464E-03 3.180E-03 2.840E-04 9.95E-01
1.161E-03 3.352E-03 3.075E-03 2.771E-04 9.95E-01
1.148E-03 3.243E-03 2.973E-03 2.703E-04 9.95E-01
1.135E-03 3.138E-03 2.874E-03 2.637E-04 9.95E-01
1.122E-03 3.037E-03 2.779E-03 2.574E-04 9.95E-01
1.109E-03 2.940E-03 2.689E-03 2.512E-04 9.95E-01
1.096E-03 2.846E-03 2.601E-03 2.451E-04 9.95E-01
1.084E-03 2.754E-03 2.515E-03 2.391E-04 9.95E-01
1.072E-03 2.666E-03 2.433E-03 2.333E-04 9.96E-01
1.059E-03 2.581E-03 2.353E-03 2.277E-04 9.96E-01
1.047E-03 2.499E-03 2.277E-03 2.222E-04 9.96E-01
1.035E-03 2.422E-03 2.205E-03 2.170E-04 9.96E-01
1.023E-03 2.346E-03 2.134E-03 2.117E-04 9.96E-01
1.012E-03 2.271E-03 2.064E-03 2.066E-04 9.96E-01
