w(micron)   Q_ext     Q_abs     Q_sca    g=<cos>
1.000E+03 1.558E-08 1.558E-08 1.041E-18 0.00E+00
9.886E+02 1.593E-08 1.593E-08 1.090E-18 0.00E+00
9.772E+02 1.629E-08 1.629E-08 1.141E-18 0.00E+00
9.661E+02 1.665E-08 1.665E-08 1.195E-18 0.00E+00
9.550E+02 1.702E-08 1.702E-08 1.251E-18 0.00E+00
9.441E+02 1.740E-08 1.740E-08 1.310E-18 0.00E+00
9.333E+02 1.778E-08 1.778E-08 1.372E-18 0.00E+00
9.226E+02 1.818E-08 1.818E-08 1.437E-18 0.00E+00
9.120E+02 1.858E-08 1.858E-08 1.504E-18 0.00E+00
9.016E+02 1.900E-08 1.900E-08 1.575E-18 0.00E+00
8.913E+02 1.942E-08 1.942E-08 1.649E-18 0.00E+00
8.810E+02 1.985E-08 1.985E-08 1.727E-18 0.00E+00
8.710E+02 2.030E-08 2.030E-08 1.808E-18 0.00E+00
8.610E+02 2.075E-08 2.075E-08 1.893E-18 0.00E+00
8.511E+02 2.121E-08 2.121E-08 1.982E-18 0.00E+00
8.414E+02 2.168E-08 2.168E-08 2.076E-18 0.00E+00
8.318E+02 2.216E-08 2.216E-08 2.174E-18 0.00E+00
8.222E+02 2.266E-08 2.266E-08 2.276E-18 0.00E+00
8.128E+02 2.316E-08 2.316E-08 2.383E-18 0.00E+00
8.035E+02 2.368E-08 2.368E-08 2.495E-18 0.00E+00
7.943E+02 2.420E-08 2.420E-08 2.613E-18 0.00E+00
7.852E+02 2.474E-08 2.474E-08 2.736E-18 0.00E+00
7.762E+02 2.529E-08 2.529E-08 2.865E-18 0.00E+00
7.674E+02 2.586E-08 2.586E-08 3.000E-18 0.00E+00
7.586E+02 2.643E-08 2.643E-08 3.141E-18 0.00E+00
7.499E+02 2.702E-08 2.702E-08 3.289E-18 0.00E+00
7.413E+02 2.762E-08 2.762E-08 3.444E-18 0.00E+00
7.328E+02 2.824E-08 2.824E-08 3.606E-18 0.00E+00
7.244E+02 2.887E-08 2.887E-08 3.776E-18 0.00E+00
7.161E+02 2.951E-08 2.951E-08 3.953E-18 0.00E+00
7.079E+02 3.017E-08 3.017E-08 4.139E-18 0.00E+00
6.998E+02 3.085E-08 3.085E-08 4.334E-18 0.00E+00
6.918E+02 3.153E-08 3.153E-08 4.538E-18 0.00E+00
6.839E+02 3.224E-08 3.224E-08 4.752E-18 0.00E+00
6.761E+02 3.296E-08 3.296E-08 4.976E-18 0.00E+00
6.683E+02 3.369E-08 3.369E-08 5.210E-18 0.00E+00
6.607E+02 3.445E-08 3.445E-08 5.456E-18 0.00E+00
6.531E+02 3.522E-08 3.522E-08 5.712E-18 0.00E+00
6.457E+02 3.600E-08 3.600E-08 5.981E-18 0.00E+00
6.383E+02 3.681E-08 3.681E-08 6.263E-18 0.00E+00
6.310E+02 3.763E-08 3.763E-08 6.558E-18 0.00E+00
6.237E+02 3.848E-08 3.848E-08 6.867E-18 0.00E+00
6.166E+02 3.934E-08 3.934E-08 7.190E-18 0.00E+00
6.095E+02 4.022E-08 4.022E-08 7.529E-18 0.00E+00
6.026E+02 4.112E-08 4.112E-08 7.883E-18 0.00E+00
5.957E+02 4.204E-08 4.204E-08 8.255E-18 0.00E+00
5.888E+02 4.298E-08 4.298E-08 8.643E-18 0.00E+00
5.821E+02 4.395E-08 4.395E-08 9.050E-18 0.00E+00
5.754E+02 4.493E-08 4.493E-08 9.476E-18 0.00E+00
5.689E+02 4.594E-08 4.594E-08 9.923E-18 0.00E+00
5.623E+02 4.698E-08 4.698E-08 1.039E-17 0.00E+00
5.559E+02 4.803E-08 4.803E-08 1.088E-17 0.00E+00
5.495E+02 4.911E-08 4.911E-08 1.139E-17 0.00E+00
5.433E+02 5.021E-08 5.021E-08 1.193E-17 0.00E+00
5.370E+02 5.134E-08 5.134E-08 1.249E-17 0.00E+00
5.309E+02 5.250E-08 5.250E-08 1.308E-17 0.00E+00
5.248E+02 5.368E-08 5.368E-08 1.369E-17 0.00E+00
5.188E+02 5.489E-08 5.489E-08 1.434E-17 0.00E+00
5.129E+02 5.613E-08 5.613E-08 1.501E-17 0.00E+00
5.070E+02 5.739E-08 5.739E-08 1.572E-17 0.00E+00
5.012E+02 5.869E-08 5.869E-08 1.646E-17 0.00E+00
4.955E+02 6.001E-08 6.001E-08 1.724E-17 0.00E+00
4.898E+02 6.137E-08 6.137E-08 1.805E-17 0.00E+00
4.842E+02 6.275E-08 6.275E-08 1.890E-17 0.00E+00
4.786E+02 6.417E-08 6.417E-08 1.979E-17 0.00E+00
4.732E+02 6.562E-08 6.562E-08 2.072E-17 0.00E+00
4.677E+02 6.711E-08 6.711E-08 2.170E-17 0.00E+00
4.624E+02 6.862E-08 6.862E-08 2.272E-17 0.00E+00
4.571E+02 7.018E-08 7.018E-08 2.379E-17 0.00E+00
4.519E+02 7.177E-08 7.177E-08 2.491E-17 0.00E+00
4.467E+02 7.339E-08 7.339E-08 2.608E-17 0.00E+00
4.416E+02 7.506E-08 7.506E-08 2.731E-17 0.00E+00
4.365E+02 7.676E-08 7.676E-08 2.859E-17 0.00E+00
4.315E+02 7.850E-08 7.850E-08 2.994E-17 0.00E+00
4.266E+02 8.028E-08 8.028E-08 3.135E-17 0.00E+00
4.217E+02 8.211E-08 8.211E-08 3.283E-17 0.00E+00
4.169E+02 8.397E-08 8.397E-08 3.437E-17 0.00E+00
4.121E+02 8.588E-08 8.588E-08 3.599E-17 0.00E+00
4.074E+02 8.784E-08 8.784E-08 3.769E-17 0.00E+00
4.027E+02 8.984E-08 8.984E-08 3.946E-17 0.00E+00
3.981E+02 9.188E-08 9.188E-08 4.132E-17 0.00E+00
3.936E+02 9.398E-08 9.398E-08 4.326E-17 0.00E+00
3.890E+02 9.612E-08 9.612E-08 4.530E-17 0.00E+00
3.846E+02 9.831E-08 9.831E-08 4.743E-17 0.00E+00
3.802E+02 1.006E-07 1.006E-07 4.967E-17 0.00E+00
3.758E+02 1.028E-07 1.028E-07 5.201E-17 0.00E+00
3.715E+02 1.052E-07 1.052E-07 5.446E-17 0.00E+00
3.673E+02 1.076E-07 1.076E-07 5.702E-17 0.00E+00
3.631E+02 1.101E-07 1.101E-07 5.971E-17 0.00E+00
3.589E+02 1.126E-07 1.126E-07 6.252E-17 0.00E+00
3.548E+02 1.152E-07 1.152E-07 6.546E-17 0.00E+00
3.508E+02 1.178E-07 1.178E-07 6.854E-17 0.00E+00
3.467E+02 1.205E-07 1.205E-07 7.177E-17 0.00E+00
3.428E+02 1.232E-07 1.232E-07 7.515E-17 0.00E+00
3.388E+02 1.261E-07 1.261E-07 7.869E-17 0.00E+00
3.350E+02 1.290E-07 1.290E-07 8.239E-17 0.00E+00
3.311E+02 1.319E-07 1.319E-07 8.627E-17 0.00E+00
3.273E+02 1.350E-07 1.350E-07 9.034E-17 0.00E+00
3.236E+02 1.381E-07 1.381E-07 9.459E-17 0.00E+00
3.199E+02 1.412E-07 1.412E-07 9.904E-17 0.00E+00
3.162E+02 1.445E-07 1.445E-07 1.037E-16 0.00E+00
3.126E+02 1.478E-07 1.478E-07 1.086E-16 0.00E+00
3.090E+02 1.512E-07 1.512E-07 1.137E-16 0.00E+00
3.055E+02 1.547E-07 1.547E-07 1.191E-16 0.00E+00
3.020E+02 1.582E-07 1.582E-07 1.247E-16 0.00E+00
2.985E+02 1.619E-07 1.619E-07 1.305E-16 0.00E+00
2.951E+02 1.656E-07 1.656E-07 1.367E-16 0.00E+00
2.917E+02 1.694E-07 1.694E-07 1.431E-16 0.00E+00
2.884E+02 1.734E-07 1.734E-07 1.498E-16 0.00E+00
2.851E+02 1.774E-07 1.774E-07 1.569E-16 0.00E+00
2.818E+02 1.815E-07 1.815E-07 1.643E-16 0.00E+00
2.786E+02 1.856E-07 1.856E-07 1.720E-16 0.00E+00
2.754E+02 1.899E-07 1.899E-07 1.801E-16 0.00E+00
2.723E+02 1.943E-07 1.943E-07 1.886E-16 0.00E+00
2.692E+02 1.988E-07 1.988E-07 1.975E-16 0.00E+00
2.661E+02 2.034E-07 2.034E-07 2.068E-16 0.00E+00
2.630E+02 2.081E-07 2.081E-07 2.165E-16 0.00E+00
2.600E+02 2.130E-07 2.130E-07 2.267E-16 0.00E+00
2.570E+02 2.179E-07 2.179E-07 2.374E-16 0.00E+00
2.541E+02 2.230E-07 2.230E-07 2.486E-16 0.00E+00
2.512E+02 2.281E-07 2.281E-07 2.603E-16 0.00E+00
2.483E+02 2.334E-07 2.334E-07 2.725E-16 0.00E+00
2.455E+02 2.389E-07 2.389E-07 2.853E-16 0.00E+00
2.427E+02 2.444E-07 2.444E-07 2.988E-16 0.00E+00
2.399E+02 2.501E-07 2.501E-07 3.128E-16 0.00E+00
2.371E+02 2.559E-07 2.559E-07 3.275E-16 0.00E+00
2.344E+02 2.619E-07 2.619E-07 3.430E-16 0.00E+00
2.317E+02 2.680E-07 2.680E-07 3.591E-16 0.00E+00
2.291E+02 2.742E-07 2.742E-07 3.760E-16 0.00E+00
2.265E+02 2.806E-07 2.806E-07 3.937E-16 0.00E+00
2.239E+02 2.871E-07 2.871E-07 4.122E-16 0.00E+00
2.213E+02 2.938E-07 2.938E-07 4.316E-16 0.00E+00
2.188E+02 3.007E-07 3.007E-07 4.519E-16 0.00E+00
2.163E+02 3.077E-07 3.077E-07 4.732E-16 0.00E+00
2.138E+02 3.149E-07 3.149E-07 4.955E-16 0.00E+00
2.113E+02 3.222E-07 3.222E-07 5.188E-16 0.00E+00
2.089E+02 3.298E-07 3.298E-07 5.432E-16 0.00E+00
2.065E+02 3.375E-07 3.375E-07 5.687E-16 0.00E+00
2.042E+02 3.454E-07 3.454E-07 5.955E-16 0.00E+00
2.018E+02 3.535E-07 3.535E-07 6.235E-16 0.00E+00
1.995E+02 3.618E-07 3.618E-07 6.528E-16 0.00E+00
1.972E+02 3.702E-07 3.702E-07 6.836E-16 0.00E+00
1.950E+02 3.789E-07 3.789E-07 7.157E-16 0.00E+00
1.928E+02 3.878E-07 3.878E-07 7.494E-16 0.00E+00
1.905E+02 3.969E-07 3.969E-07 7.846E-16 0.00E+00
1.884E+02 4.062E-07 4.062E-07 8.215E-16 0.00E+00
1.862E+02 4.158E-07 4.158E-07 8.602E-16 0.00E+00
1.841E+02 4.256E-07 4.256E-07 9.006E-16 0.00E+00
1.820E+02 4.356E-07 4.356E-07 9.430E-16 0.00E+00
1.799E+02 4.458E-07 4.458E-07 9.873E-16 0.00E+00
1.778E+02 4.563E-07 4.563E-07 1.034E-15 0.00E+00
1.758E+02 4.671E-07 4.671E-07 1.082E-15 0.00E+00
1.738E+02 4.781E-07 4.781E-07 1.133E-15 0.00E+00
1.718E+02 4.894E-07 4.894E-07 1.187E-15 0.00E+00
1.698E+02 5.010E-07 5.010E-07 1.242E-15 0.00E+00
1.679E+02 5.128E-07 5.128E-07 1.301E-15 0.00E+00
1.660E+02 5.249E-07 5.249E-07 1.362E-15 0.00E+00
1.641E+02 5.373E-07 5.373E-07 1.426E-15 0.00E+00
1.622E+02 5.501E-07 5.501E-07 1.493E-15 0.00E+00
1.603E+02 5.631E-07 5.631E-07 1.563E-15 0.00E+00
1.585E+02 5.764E-07 5.764E-07 1.637E-15 0.00E+00
1.567E+02 5.901E-07 5.901E-07 1.713E-15 0.00E+00
1.549E+02 6.041E-07 6.041E-07 1.794E-15 0.00E+00
1.531E+02 6.185E-07 6.185E-07 1.878E-15 0.00E+00
1.514E+02 6.332E-07 6.332E-07 1.967E-15 0.00E+00
1.496E+02 6.482E-07 6.482E-07 2.059E-15 0.00E+00
1.479E+02 6.637E-07 6.637E-07 2.156E-15 0.00E+00
1.462E+02 6.795E-07 6.795E-07 2.257E-15 0.00E+00
1.445E+02 6.957E-07 6.957E-07 2.363E-15 0.00E+00
1.429E+02 7.123E-07 7.123E-07 2.474E-15 0.00E+00
1.413E+02 7.293E-07 7.293E-07 2.590E-15 0.00E+00
1.396E+02 7.467E-07 7.467E-07 2.712E-15 0.00E+00
1.380E+02 7.645E-07 7.645E-07 2.839E-15 0.00E+00
1.365E+02 7.828E-07 7.828E-07 2.972E-15 0.00E+00
1.349E+02 8.016E-07 8.016E-07 3.112E-15 0.00E+00
1.334E+02 8.208E-07 8.208E-07 3.258E-15 0.00E+00
1.318E+02 8.405E-07 8.405E-07 3.411E-15 0.00E+00
1.303E+02 8.607E-07 8.607E-07 3.571E-15 0.00E+00
1.288E+02 8.814E-07 8.814E-07 3.738E-15 0.00E+00
1.274E+02 9.026E-07 9.026E-07 3.914E-15 0.00E+00
1.259E+02 9.243E-07 9.243E-07 4.097E-15 0.00E+00
1.245E+02 9.466E-07 9.466E-07 4.289E-15 0.00E+00
1.230E+02 9.694E-07 9.694E-07 4.491E-15 0.00E+00
1.216E+02 9.929E-07 9.929E-07 4.701E-15 0.00E+00
1.202E+02 1.017E-06 1.017E-06 4.921E-15 0.00E+00
1.189E+02 1.041E-06 1.041E-06 5.152E-15 0.00E+00
1.175E+02 1.067E-06 1.067E-06 5.394E-15 0.00E+00
1.161E+02 1.093E-06 1.093E-06 5.646E-15 0.00E+00
1.148E+02 1.119E-06 1.119E-06 5.911E-15 0.00E+00
1.135E+02 1.146E-06 1.146E-06 6.188E-15 0.00E+00
1.122E+02 1.174E-06 1.174E-06 6.477E-15 0.00E+00
1.109E+02 1.203E-06 1.203E-06 6.781E-15 0.00E+00
1.096E+02 1.232E-06 1.232E-06 7.098E-15 0.00E+00
1.084E+02 1.262E-06 1.262E-06 7.430E-15 0.00E+00
1.072E+02 1.293E-06 1.293E-06 7.778E-15 0.00E+00
1.059E+02 1.325E-06 1.325E-06 8.142E-15 0.00E+00
1.047E+02 1.357E-06 1.357E-06 8.522E-15 0.00E+00
1.035E+02 1.390E-06 1.390E-06 8.921E-15 0.00E+00
1.023E+02 1.424E-06 1.424E-06 9.338E-15 0.00E+00
1.012E+02 1.459E-06 1.459E-06 9.774E-15 0.00E+00
1.000E+02 1.495E-06 1.495E-06 1.023E-14 0.00E+00
9.886E+01 1.532E-06 1.532E-06 1.071E-14 0.00E+00
9.772E+01 1.570E-06 1.570E-06 1.121E-14 0.00E+00
9.661E+01 1.608E-06 1.608E-06 1.173E-14 0.00E+00
9.550E+01 1.648E-06 1.648E-06 1.228E-14 0.00E+00
9.441E+01 1.689E-06 1.689E-06 1.285E-14 0.00E+00
9.333E+01 1.730E-06 1.730E-06 1.345E-14 0.00E+00
9.226E+01 1.773E-06 1.773E-06 1.408E-14 0.00E+00
9.120E+01 1.817E-06 1.817E-06 1.473E-14 0.00E+00
9.016E+01 1.862E-06 1.862E-06 1.542E-14 0.00E+00
8.913E+01 1.908E-06 1.908E-06 1.614E-14 0.00E+00
8.810E+01 1.956E-06 1.956E-06 1.689E-14 0.00E+00
8.710E+01 2.004E-06 2.004E-06 1.767E-14 0.00E+00
8.610E+01 2.054E-06 2.054E-06 1.849E-14 0.00E+00
8.511E+01 2.106E-06 2.106E-06 1.935E-14 0.00E+00
8.414E+01 2.158E-06 2.158E-06 2.025E-14 0.00E+00
8.318E+01 2.212E-06 2.212E-06 2.119E-14 0.00E+00
8.222E+01 2.268E-06 2.268E-06 2.218E-14 0.00E+00
8.128E+01 2.324E-06 2.324E-06 2.321E-14 0.00E+00
8.035E+01 2.383E-06 2.383E-06 2.428E-14 0.00E+00
7.943E+01 2.443E-06 2.443E-06 2.541E-14 0.00E+00
7.852E+01 2.504E-06 2.504E-06 2.658E-14 0.00E+00
7.762E+01 2.567E-06 2.567E-06 2.782E-14 0.00E+00
7.674E+01 2.632E-06 2.632E-06 2.910E-14 0.00E+00
7.586E+01 2.699E-06 2.699E-06 3.045E-14 0.00E+00
7.499E+01 2.767E-06 2.767E-06 3.186E-14 0.00E+00
7.413E+01 2.837E-06 2.837E-06 3.333E-14 0.00E+00
7.328E+01 2.909E-06 2.909E-06 3.487E-14 0.00E+00
7.244E+01 2.983E-06 2.983E-06 3.648E-14 0.00E+00
7.161E+01 3.059E-06 3.059E-06 3.816E-14 0.00E+00
7.079E+01 3.137E-06 3.137E-06 3.991E-14 0.00E+00
6.998E+01 3.217E-06 3.217E-06 4.175E-14 0.00E+00
6.918E+01 3.300E-06 3.300E-06 4.367E-14 0.00E+00
6.839E+01 3.384E-06 3.384E-06 4.568E-14 0.00E+00
6.761E+01 3.471E-06 3.471E-06 4.778E-14 0.00E+00
6.683E+01 3.561E-06 3.561E-06 4.997E-14 0.00E+00
6.607E+01 3.653E-06 3.653E-06 5.227E-14 0.00E+00
6.531E+01 3.747E-06 3.747E-06 5.466E-14 0.00E+00
6.457E+01 3.844E-06 3.844E-06 5.716E-14 0.00E+00
6.383E+01 3.943E-06 3.943E-06 5.978E-14 0.00E+00
6.310E+01 4.046E-06 4.046E-06 6.251E-14 0.00E+00
6.237E+01 4.151E-06 4.151E-06 6.537E-14 0.00E+00
6.166E+01 4.259E-06 4.259E-06 6.835E-14 0.00E+00
6.095E+01 4.371E-06 4.371E-06 7.147E-14 0.00E+00
6.026E+01 4.485E-06 4.485E-06 7.472E-14 0.00E+00
5.957E+01 4.603E-06 4.603E-06 7.812E-14 0.00E+00
5.888E+01 4.724E-06 4.724E-06 8.167E-14 0.00E+00
5.821E+01 4.849E-06 4.849E-06 8.538E-14 0.00E+00
5.754E+01 4.977E-06 4.977E-06 8.925E-14 0.00E+00
5.689E+01 5.108E-06 5.108E-06 9.330E-14 0.00E+00
5.623E+01 5.244E-06 5.244E-06 9.752E-14 0.00E+00
5.559E+01 5.384E-06 5.384E-06 1.019E-13 0.00E+00
5.495E+01 5.527E-06 5.527E-06 1.065E-13 0.00E+00
5.433E+01 5.675E-06 5.675E-06 1.113E-13 0.00E+00
5.370E+01 5.827E-06 5.827E-06 1.164E-13 0.00E+00
5.309E+01 5.984E-06 5.984E-06 1.216E-13 0.00E+00
5.248E+01 6.145E-06 6.145E-06 1.271E-13 0.00E+00
5.188E+01 6.312E-06 6.312E-06 1.328E-13 0.00E+00
5.129E+01 6.483E-06 6.483E-06 1.387E-13 0.00E+00
5.070E+01 6.659E-06 6.659E-06 1.449E-13 0.00E+00
5.012E+01 6.841E-06 6.841E-06 1.514E-13 0.00E+00
4.955E+01 7.028E-06 7.028E-06 1.582E-13 0.00E+00
4.898E+01 7.222E-06 7.222E-06 1.652E-13 0.00E+00
4.842E+01 7.421E-06 7.421E-06 1.726E-13 0.00E+00
4.786E+01 7.626E-06 7.626E-06 1.802E-13 0.00E+00
4.732E+01 7.837E-06 7.837E-06 1.883E-13 0.00E+00
4.677E+01 8.056E-06 8.056E-06 1.966E-13 0.00E+00
4.624E+01 8.281E-06 8.281E-06 2.053E-13 0.00E+00
4.571E+01 8.513E-06 8.513E-06 2.144E-13 0.00E+00
4.519E+01 8.752E-06 8.752E-06 2.239E-13 0.00E+00
4.467E+01 8.999E-06 8.999E-06 2.337E-13 0.00E+00
4.416E+01 9.254E-06 9.254E-06 2.440E-13 0.00E+00
4.365E+01 9.518E-06 9.518E-06 2.548E-13 0.00E+00
4.315E+01 9.789E-06 9.789E-06 2.660E-13 0.00E+00
4.266E+01 1.007E-05 1.007E-05 2.777E-13 0.00E+00
4.217E+01 1.036E-05 1.036E-05 2.898E-13 0.00E+00
4.169E+01 1.066E-05 1.066E-05 3.025E-13 0.00E+00
4.121E+01 1.097E-05 1.097E-05 3.157E-13 0.00E+00
4.074E+01 1.128E-05 1.128E-05 3.295E-13 0.00E+00
4.027E+01 1.161E-05 1.161E-05 3.439E-13 0.00E+00
3.981E+01 1.195E-05 1.195E-05 3.589E-13 0.00E+00
3.936E+01 1.230E-05 1.230E-05 3.746E-13 0.00E+00
3.890E+01 1.266E-05 1.266E-05 3.909E-13 0.00E+00
3.846E+01 1.303E-05 1.303E-05 4.079E-13 0.00E+00
3.802E+01 1.342E-05 1.342E-05 4.256E-13 0.00E+00
3.758E+01 1.381E-05 1.381E-05 4.441E-13 0.00E+00
3.715E+01 1.422E-05 1.422E-05 4.634E-13 0.00E+00
3.673E+01 1.464E-05 1.464E-05 4.836E-13 0.00E+00
3.631E+01 1.507E-05 1.507E-05 5.046E-13 0.00E+00
3.589E+01 1.552E-05 1.552E-05 5.265E-13 0.00E+00
3.548E+01 1.597E-05 1.597E-05 5.493E-13 0.00E+00
3.508E+01 1.644E-05 1.644E-05 5.732E-13 0.00E+00
3.467E+01 1.692E-05 1.692E-05 5.981E-13 0.00E+00
3.428E+01 1.741E-05 1.741E-05 6.241E-13 0.00E+00
3.388E+01 1.791E-05 1.791E-05 6.512E-13 0.00E+00
3.350E+01 1.842E-05 1.842E-05 6.795E-13 0.00E+00
3.311E+01 1.894E-05 1.894E-05 7.091E-13 0.00E+00
3.273E+01 1.946E-05 1.946E-05 7.399E-13 0.00E+00
3.236E+01 2.000E-05 2.000E-05 7.722E-13 0.00E+00
3.199E+01 2.054E-05 2.054E-05 8.058E-13 0.00E+00
3.162E+01 2.108E-05 2.108E-05 8.410E-13 0.00E+00
3.126E+01 2.162E-05 2.162E-05 8.778E-13 0.00E+00
3.090E+01 2.217E-05 2.217E-05 9.162E-13 0.00E+00
3.055E+01 2.271E-05 2.271E-05 9.563E-13 0.00E+00
3.020E+01 2.325E-05 2.325E-05 9.982E-13 0.00E+00
2.985E+01 2.378E-05 2.378E-05 1.042E-12 0.00E+00
2.951E+01 2.431E-05 2.431E-05 1.088E-12 0.00E+00
2.917E+01 2.483E-05 2.483E-05 1.136E-12 0.00E+00
2.884E+01 2.533E-05 2.533E-05 1.186E-12 0.00E+00
2.851E+01 2.583E-05 2.583E-05 1.239E-12 0.00E+00
2.818E+01 2.631E-05 2.631E-05 1.293E-12 0.00E+00
2.786E+01 2.678E-05 2.678E-05 1.351E-12 0.00E+00
2.754E+01 2.724E-05 2.724E-05 1.411E-12 0.00E+00
2.723E+01 2.770E-05 2.770E-05 1.474E-12 0.00E+00
2.692E+01 2.816E-05 2.816E-05 1.540E-12 0.00E+00
2.661E+01 2.864E-05 2.864E-05 1.608E-12 0.00E+00
2.630E+01 2.914E-05 2.914E-05 1.681E-12 0.00E+00
2.600E+01 2.970E-05 2.970E-05 1.756E-12 0.00E+00
2.570E+01 3.035E-05 3.035E-05 1.835E-12 0.00E+00
2.541E+01 3.115E-05 3.115E-05 1.918E-12 0.00E+00
2.512E+01 3.219E-05 3.219E-05 2.004E-12 0.00E+00
2.483E+01 3.362E-05 3.362E-05 2.095E-12-1.12E-06
2.455E+01 3.572E-05 3.572E-05 2.190E-12-1.08E-06
2.427E+01 3.899E-05 3.899E-05 2.289E-12-1.04E-06
2.399E+01 4.440E-05 4.440E-05 2.393E-12-1.01E-06
2.371E+01 5.382E-05 5.382E-05 2.502E-12-9.88E-07
2.344E+01 6.935E-05 6.935E-05 2.616E-12-9.68E-07
2.317E+01 8.518E-05 8.518E-05 2.735E-12-9.48E-07
2.291E+01 8.280E-05 8.280E-05 2.861E-12-9.29E-07
2.265E+01 7.076E-05 7.076E-05 2.992E-12-9.09E-07
2.239E+01 6.594E-05 6.594E-05 3.130E-12-8.89E-07
2.213E+01 7.143E-05 7.143E-05 3.274E-12-8.68E-07
2.188E+01 9.079E-05 9.079E-05 3.425E-12-8.46E-07
2.163E+01 1.352E-04 1.352E-04 3.583E-12-8.22E-07
2.138E+01 2.143E-04 2.143E-04 3.748E-12-7.97E-07
2.113E+01 2.442E-04 2.442E-04 3.922E-12-7.71E-07
2.089E+01 1.658E-04 1.658E-04 4.105E-12-7.42E-07
2.065E+01 1.013E-04 1.013E-04 4.295E-12-7.12E-07
2.042E+01 6.844E-05 6.844E-05 4.495E-12-6.79E-07
2.018E+01 5.153E-05 5.153E-05 4.704E-12-6.43E-07
1.995E+01 4.220E-05 4.220E-05 4.923E-12-6.00E-07
1.972E+01 3.682E-05 3.682E-05 5.152E-12-5.50E-07
1.950E+01 3.390E-05 3.390E-05 5.392E-12-5.01E-07
1.928E+01 3.294E-05 3.294E-05 5.644E-12-4.57E-07
1.905E+01 3.439E-05 3.439E-05 5.907E-12-4.16E-07
1.884E+01 4.050E-05 4.050E-05 6.184E-12-3.78E-07
1.862E+01 6.054E-05 6.054E-05 6.474E-12-3.41E-07
1.841E+01 1.409E-04 1.409E-04 6.777E-12-3.05E-07
1.820E+01 2.261E-04 2.261E-04 7.095E-12-2.68E-07
1.799E+01 8.442E-05 8.442E-05 7.428E-12-2.32E-07
1.778E+01 4.420E-05 4.420E-05 7.778E-12-1.95E-07
1.758E+01 3.183E-05 3.183E-05 8.143E-12-1.58E-07
1.738E+01 2.701E-05 2.701E-05 8.527E-12-1.21E-07
1.718E+01 2.540E-05 2.540E-05 8.928E-12-8.28E-08
1.698E+01 2.647E-05 2.647E-05 9.349E-12-4.38E-08
1.679E+01 3.312E-05 3.312E-05 9.789E-12-4.22E-09
1.660E+01 6.800E-05 6.800E-05 1.025E-11 3.53E-08
1.641E+01 3.628E-04 3.628E-04 1.073E-11 7.55E-08
1.622E+01 7.262E-05 7.262E-05 1.124E-11 1.16E-07
1.603E+01 3.193E-05 3.193E-05 1.177E-11 1.58E-07
1.585E+01 2.332E-05 2.332E-05 1.233E-11 1.99E-07
1.567E+01 2.024E-05 2.024E-05 1.291E-11 2.39E-07
1.549E+01 1.887E-05 1.887E-05 1.352E-11 2.78E-07
1.531E+01 1.825E-05 1.825E-05 1.416E-11 3.18E-07
1.514E+01 1.805E-05 1.805E-05 1.483E-11 3.57E-07
1.496E+01 1.813E-05 1.813E-05 1.553E-11 3.97E-07
1.479E+01 1.847E-05 1.847E-05 1.627E-11 4.38E-07
1.462E+01 1.904E-05 1.904E-05 1.704E-11 4.80E-07
1.445E+01 1.990E-05 1.990E-05 1.785E-11 5.23E-07
1.429E+01 2.108E-05 2.108E-05 1.869E-11 5.67E-07
1.413E+01 2.270E-05 2.270E-05 1.957E-11 6.12E-07
1.396E+01 2.490E-05 2.490E-05 2.050E-11 6.58E-07
1.380E+01 2.795E-05 2.795E-05 2.147E-11 7.06E-07
1.365E+01 3.223E-05 3.223E-05 2.249E-11 7.56E-07
1.349E+01 3.842E-05 3.842E-05 2.355E-11 8.07E-07
1.334E+01 4.762E-05 4.762E-05 2.467E-11 8.61E-07
1.318E+01 6.155E-05 6.155E-05 2.583E-11 9.17E-07
1.303E+01 8.216E-05 8.216E-05 2.706E-11 9.75E-07
1.288E+01 1.083E-04 1.083E-04 2.833E-11 1.04E-06
1.274E+01 1.280E-04 1.280E-04 2.968E-11 1.10E-06
1.259E+01 1.248E-04 1.248E-04 3.108E-11 1.16E-06
1.245E+01 1.070E-04 1.070E-04 3.256E-11 1.24E-06
1.230E+01 9.421E-05 9.421E-05 3.410E-11 1.31E-06
1.216E+01 9.770E-05 9.770E-05 3.571E-11 1.38E-06
1.202E+01 1.339E-04 1.339E-04 3.740E-11 1.45E-06
1.189E+01 1.836E-04 1.836E-04 3.921E-11 1.52E-06
1.175E+01 1.521E-04 1.521E-04 4.115E-11 1.58E-06
1.161E+01 1.712E-04 1.712E-04 4.329E-11 1.65E-06
1.148E+01 2.689E-04 2.689E-04 4.405E-11 1.72E-06
1.135E+01 4.282E-04 4.282E-04 4.681E-11 1.78E-06
1.122E+01 3.910E-04 3.910E-04 4.912E-11 1.85E-06
1.109E+01 2.242E-04 2.242E-04 5.151E-11 1.93E-06
1.096E+01 1.299E-04 1.299E-04 5.398E-11 2.00E-06
1.084E+01 8.506E-05 8.506E-05 5.655E-11 2.07E-06
1.072E+01 6.203E-05 6.203E-05 5.924E-11 2.15E-06
1.059E+01 4.913E-05 4.913E-05 6.204E-11 2.22E-06
1.047E+01 4.144E-05 4.144E-05 6.495E-11 2.30E-06
1.035E+01 3.668E-05 3.668E-05 6.801E-11 2.37E-06
1.023E+01 3.374E-05 3.374E-05 7.122E-11 2.45E-06
1.012E+01 3.202E-05 3.202E-05 7.458E-11 2.53E-06
1.000E+01 3.119E-05 3.119E-05 7.810E-11 2.62E-06
9.886E+00 3.107E-05 3.107E-05 8.179E-11 2.70E-06
9.772E+00 3.158E-05 3.158E-05 8.565E-11 2.78E-06
9.661E+00 3.270E-05 3.270E-05 8.970E-11 2.86E-06
9.550E+00 3.449E-05 3.449E-05 9.393E-11 2.95E-06
9.441E+00 3.707E-05 3.707E-05 9.835E-11 3.04E-06
9.333E+00 4.065E-05 4.065E-05 1.030E-10 3.12E-06
9.226E+00 4.564E-05 4.564E-05 1.078E-10 3.21E-06
9.120E+00 5.274E-05 5.274E-05 1.129E-10 3.31E-06
9.016E+00 6.330E-05 6.330E-05 1.182E-10 3.40E-06
8.913E+00 7.990E-05 7.990E-05 1.238E-10 3.50E-06
8.810E+00 1.072E-04 1.072E-04 1.296E-10 3.60E-06
8.710E+00 1.489E-04 1.489E-04 1.357E-10 3.70E-06
8.610E+00 1.848E-04 1.848E-04 1.421E-10 3.80E-06
8.511E+00 1.762E-04 1.762E-04 1.488E-10 3.91E-06
8.414E+00 1.540E-04 1.540E-04 1.558E-10 4.02E-06
8.318E+00 1.486E-04 1.486E-04 1.631E-10 4.13E-06
8.222E+00 1.605E-04 1.605E-04 1.708E-10 4.25E-06
8.128E+00 1.873E-04 1.873E-04 1.788E-10 4.37E-06
8.035E+00 2.285E-04 2.285E-04 1.872E-10 4.50E-06
7.943E+00 2.832E-04 2.832E-04 1.959E-10 4.64E-06
7.852E+00 3.442E-04 3.442E-04 2.051E-10 4.78E-06
7.762E+00 3.918E-04 3.918E-04 2.147E-10 4.92E-06
7.674E+00 4.007E-04 4.007E-04 2.248E-10 5.06E-06
7.586E+00 3.647E-04 3.647E-04 2.354E-10 5.19E-06
7.499E+00 3.043E-04 3.043E-04 2.464E-10 5.33E-06
7.413E+00 2.432E-04 2.432E-04 2.580E-10 5.47E-06
7.328E+00 1.927E-04 1.927E-04 2.701E-10 5.61E-06
7.244E+00 1.542E-04 1.542E-04 2.827E-10 5.76E-06
7.161E+00 1.260E-04 1.260E-04 2.960E-10 5.90E-06
7.079E+00 1.056E-04 1.056E-04 3.099E-10 6.05E-06
6.998E+00 9.101E-05 9.101E-05 3.244E-10 6.20E-06
6.918E+00 8.085E-05 8.085E-05 3.396E-10 6.36E-06
6.839E+00 7.430E-05 7.430E-05 3.555E-10 6.52E-06
6.761E+00 7.102E-05 7.102E-05 3.721E-10 6.68E-06
6.683E+00 7.115E-05 7.115E-05 3.895E-10 6.84E-06
6.607E+00 7.550E-05 7.550E-05 4.078E-10 7.01E-06
6.531E+00 8.604E-05 8.604E-05 4.269E-10 7.19E-06
6.457E+00 1.069E-04 1.069E-04 4.468E-10 7.37E-06
6.383E+00 1.459E-04 1.459E-04 4.677E-10 7.57E-06
6.310E+00 2.133E-04 2.133E-04 4.895E-10 7.94E-06
6.237E+00 2.926E-04 2.926E-04 5.126E-10 7.82E-06
6.166E+00 2.934E-04 2.934E-04 5.365E-10 8.04E-06
6.095E+00 2.121E-04 2.121E-04 5.616E-10 8.24E-06
6.026E+00 1.399E-04 1.399E-04 5.878E-10 8.43E-06
5.957E+00 9.610E-05 9.610E-05 6.153E-10 8.63E-06
5.888E+00 7.056E-05 7.056E-05 6.440E-10 8.83E-06
5.821E+00 5.500E-05 5.500E-05 6.741E-10 9.03E-06
5.754E+00 4.496E-05 4.496E-05 7.056E-10 9.24E-06
5.689E+00 3.813E-05 3.813E-05 7.385E-10 9.46E-06
5.623E+00 3.329E-05 3.329E-05 7.730E-10 9.68E-06
5.559E+00 2.973E-05 2.973E-05 8.090E-10 9.90E-06
5.495E+00 2.703E-05 2.703E-05 8.468E-10 1.01E-05
5.433E+00 2.494E-05 2.493E-05 8.863E-10 1.04E-05
5.370E+00 2.328E-05 2.328E-05 9.276E-10 1.06E-05
5.309E+00 2.195E-05 2.195E-05 9.708E-10 1.08E-05
5.248E+00 2.087E-05 2.087E-05 1.016E-09 1.11E-05
5.188E+00 1.998E-05 1.998E-05 1.063E-09 1.13E-05
5.129E+00 1.925E-05 1.925E-05 1.113E-09 1.16E-05
5.070E+00 1.864E-05 1.864E-05 1.165E-09 1.19E-05
5.012E+00 1.813E-05 1.813E-05 1.219E-09 1.22E-05
4.955E+00 1.770E-05 1.770E-05 1.275E-09 1.24E-05
4.898E+00 1.734E-05 1.734E-05 1.335E-09 1.27E-05
4.842E+00 1.705E-05 1.705E-05 1.397E-09 1.30E-05
4.786E+00 1.681E-05 1.681E-05 1.462E-09 1.33E-05
4.732E+00 1.661E-05 1.661E-05 1.530E-09 1.36E-05
4.677E+00 1.646E-05 1.645E-05 1.601E-09 1.39E-05
4.624E+00 1.634E-05 1.634E-05 1.676E-09 1.42E-05
4.571E+00 1.625E-05 1.625E-05 1.754E-09 1.45E-05
4.519E+00 1.619E-05 1.619E-05 1.836E-09 1.49E-05
4.467E+00 1.616E-05 1.616E-05 1.921E-09 1.52E-05
4.416E+00 1.615E-05 1.615E-05 2.010E-09 1.55E-05
4.365E+00 1.617E-05 1.617E-05 2.104E-09 1.59E-05
4.315E+00 1.621E-05 1.621E-05 2.201E-09 1.62E-05
4.266E+00 1.627E-05 1.627E-05 2.304E-09 1.66E-05
4.217E+00 1.635E-05 1.634E-05 2.411E-09 1.70E-05
4.169E+00 1.645E-05 1.644E-05 2.523E-09 1.73E-05
4.121E+00 1.656E-05 1.656E-05 2.640E-09 1.77E-05
4.074E+00 1.670E-05 1.670E-05 2.762E-09 1.81E-05
4.027E+00 1.686E-05 1.685E-05 2.891E-09 1.85E-05
3.981E+00 1.703E-05 1.703E-05 3.025E-09 1.89E-05
3.936E+00 1.724E-05 1.723E-05 3.165E-09 1.93E-05
3.890E+00 1.746E-05 1.746E-05 3.312E-09 1.97E-05
3.846E+00 1.772E-05 1.772E-05 3.466E-09 2.01E-05
3.802E+00 1.802E-05 1.801E-05 3.627E-09 2.05E-05
3.758E+00 1.836E-05 1.835E-05 3.795E-09 2.10E-05
3.715E+00 1.876E-05 1.876E-05 3.972E-09 2.14E-05
3.673E+00 1.925E-05 1.924E-05 4.156E-09 2.19E-05
3.631E+00 1.986E-05 1.985E-05 4.349E-09 2.23E-05
3.589E+00 2.066E-05 2.065E-05 4.551E-09 2.28E-05
3.548E+00 2.176E-05 2.176E-05 4.762E-09 2.32E-05
3.508E+00 2.342E-05 2.341E-05 4.983E-09 2.37E-05
3.467E+00 2.617E-05 2.617E-05 5.214E-09 2.42E-05
3.428E+00 3.148E-05 3.147E-05 5.456E-09 2.47E-05
3.388E+00 4.430E-05 4.430E-05 5.709E-09 2.52E-05
3.350E+00 9.051E-05 9.051E-05 5.973E-09 2.57E-05
3.311E+00 4.005E-04 4.005E-04 6.250E-09 2.63E-05
3.273E+00 2.005E-04 2.005E-04 6.540E-09 2.68E-05
3.236E+00 6.416E-05 6.415E-05 6.844E-09 2.74E-05
3.199E+00 3.900E-05 3.900E-05 7.160E-09 2.79E-05
3.162E+00 3.087E-05 3.086E-05 7.491E-09 2.85E-05
3.126E+00 2.748E-05 2.747E-05 7.838E-09 2.91E-05
3.090E+00 2.583E-05 2.582E-05 8.201E-09 2.97E-05
3.055E+00 2.499E-05 2.498E-05 8.581E-09 3.03E-05
3.020E+00 2.458E-05 2.457E-05 8.979E-09 3.09E-05
2.985E+00 2.443E-05 2.442E-05 9.394E-09 3.16E-05
2.951E+00 2.442E-05 2.441E-05 9.829E-09 3.22E-05
2.917E+00 2.452E-05 2.451E-05 1.028E-08 3.29E-05
2.884E+00 2.469E-05 2.468E-05 1.076E-08 3.35E-05
2.851E+00 2.492E-05 2.491E-05 1.126E-08 3.42E-05
2.818E+00 2.519E-05 2.518E-05 1.178E-08 3.49E-05
2.786E+00 2.549E-05 2.547E-05 1.232E-08 3.56E-05
2.754E+00 2.581E-05 2.580E-05 1.289E-08 3.64E-05
2.723E+00 2.616E-05 2.615E-05 1.349E-08 3.71E-05
2.692E+00 2.653E-05 2.651E-05 1.411E-08 3.79E-05
2.661E+00 2.691E-05 2.689E-05 1.476E-08 3.86E-05
2.630E+00 2.731E-05 2.729E-05 1.545E-08 3.94E-05
2.600E+00 2.771E-05 2.770E-05 1.616E-08 4.03E-05
2.570E+00 2.813E-05 2.811E-05 1.690E-08 4.11E-05
2.541E+00 2.856E-05 2.854E-05 1.768E-08 4.20E-05
2.512E+00 2.900E-05 2.898E-05 1.850E-08 4.28E-05
2.483E+00 2.946E-05 2.944E-05 1.935E-08 4.37E-05
2.455E+00 2.992E-05 2.990E-05 2.025E-08 4.46E-05
2.427E+00 3.040E-05 3.038E-05 2.118E-08 4.55E-05
2.399E+00 3.090E-05 3.087E-05 2.216E-08 4.65E-05
2.371E+00 3.140E-05 3.138E-05 2.318E-08 4.74E-05
2.344E+00 3.191E-05 3.189E-05 2.425E-08 4.84E-05
2.317E+00 3.244E-05 3.242E-05 2.537E-08 4.94E-05
2.291E+00 3.298E-05 3.295E-05 2.654E-08 5.04E-05
2.265E+00 3.353E-05 3.350E-05 2.777E-08 5.14E-05
2.239E+00 3.409E-05 3.407E-05 2.905E-08 5.24E-05
2.213E+00 3.467E-05 3.464E-05 3.040E-08 5.34E-05
2.188E+00 3.526E-05 3.523E-05 3.180E-08 5.45E-05
2.163E+00 3.586E-05 3.583E-05 3.327E-08 5.56E-05
2.138E+00 3.647E-05 3.644E-05 3.480E-08 5.67E-05
2.113E+00 3.709E-05 3.706E-05 3.641E-08 5.78E-05
2.089E+00 3.772E-05 3.768E-05 3.809E-08 5.90E-05
2.065E+00 3.836E-05 3.832E-05 3.984E-08 6.02E-05
2.042E+00 3.901E-05 3.897E-05 4.168E-08 6.14E-05
2.018E+00 3.968E-05 3.964E-05 4.360E-08 6.26E-05
1.995E+00 4.036E-05 4.031E-05 4.561E-08 6.39E-05
1.972E+00 4.105E-05 4.101E-05 4.771E-08 6.52E-05
1.950E+00 4.176E-05 4.171E-05 4.992E-08 6.65E-05
1.928E+00 4.248E-05 4.243E-05 5.222E-08 6.78E-05
1.905E+00 4.322E-05 4.317E-05 5.462E-08 6.91E-05
1.884E+00 4.397E-05 4.392E-05 5.715E-08 7.05E-05
1.862E+00 4.474E-05 4.468E-05 5.978E-08 7.19E-05
1.841E+00 4.553E-05 4.546E-05 6.254E-08 7.33E-05
1.820E+00 4.633E-05 4.626E-05 6.543E-08 7.47E-05
1.799E+00 4.714E-05 4.707E-05 6.844E-08 7.62E-05
1.778E+00 4.797E-05 4.790E-05 7.160E-08 7.77E-05
1.758E+00 4.882E-05 4.875E-05 7.490E-08 7.92E-05
1.738E+00 4.969E-05 4.961E-05 7.835E-08 8.08E-05
1.718E+00 5.057E-05 5.048E-05 8.196E-08 8.23E-05
1.698E+00 5.146E-05 5.138E-05 8.574E-08 8.40E-05
1.679E+00 5.237E-05 5.228E-05 8.969E-08 8.56E-05
1.660E+00 5.330E-05 5.321E-05 9.381E-08 8.73E-05
1.641E+00 5.424E-05 5.414E-05 9.813E-08 8.91E-05
1.622E+00 5.518E-05 5.508E-05 1.026E-07 9.09E-05
1.603E+00 5.614E-05 5.604E-05 1.074E-07 9.27E-05
1.585E+00 5.712E-05 5.701E-05 1.123E-07 9.45E-05
1.567E+00 5.812E-05 5.800E-05 1.175E-07 9.65E-05
1.549E+00 5.913E-05 5.901E-05 1.229E-07 9.84E-05
1.531E+00 6.017E-05 6.004E-05 1.286E-07 1.00E-04
1.514E+00 6.123E-05 6.110E-05 1.345E-07 1.02E-04
1.496E+00 6.232E-05 6.218E-05 1.407E-07 1.04E-04
1.479E+00 6.344E-05 6.329E-05 1.472E-07 1.06E-04
1.462E+00 6.458E-05 6.442E-05 1.540E-07 1.08E-04
1.445E+00 6.576E-05 6.560E-05 1.611E-07 1.10E-04
1.429E+00 6.697E-05 6.680E-05 1.686E-07 1.13E-04
1.413E+00 6.821E-05 6.804E-05 1.763E-07 1.15E-04
1.396E+00 6.949E-05 6.930E-05 1.845E-07 1.17E-04
1.380E+00 7.080E-05 7.061E-05 1.930E-07 1.19E-04
1.365E+00 7.214E-05 7.194E-05 2.019E-07 1.21E-04
1.349E+00 7.352E-05 7.331E-05 2.112E-07 1.24E-04
1.334E+00 7.493E-05 7.471E-05 2.209E-07 1.26E-04
1.318E+00 7.639E-05 7.616E-05 2.311E-07 1.28E-04
1.303E+00 7.790E-05 7.766E-05 2.417E-07 1.31E-04
1.288E+00 7.946E-05 7.921E-05 2.528E-07 1.33E-04
1.274E+00 8.108E-05 8.082E-05 2.644E-07 1.36E-04
1.259E+00 8.278E-05 8.250E-05 2.766E-07 1.39E-04
1.245E+00 8.455E-05 8.427E-05 2.893E-07 1.41E-04
1.230E+00 8.642E-05 8.612E-05 3.026E-07 1.44E-04
1.216E+00 8.843E-05 8.811E-05 3.166E-07 1.47E-04
1.202E+00 9.059E-05 9.026E-05 3.312E-07 1.50E-04
1.189E+00 9.297E-05 9.262E-05 3.465E-07 1.53E-04
1.175E+00 9.561E-05 9.525E-05 3.624E-07 1.56E-04
1.161E+00 9.859E-05 9.821E-05 3.791E-07 1.59E-04
1.148E+00 1.020E-04 1.016E-04 3.966E-07 1.62E-04
1.135E+00 1.060E-04 1.056E-04 4.149E-07 1.65E-04
1.122E+00 1.109E-04 1.105E-04 4.340E-07 1.68E-04
1.109E+00 1.168E-04 1.164E-04 4.540E-07 1.71E-04
1.096E+00 1.243E-04 1.238E-04 4.749E-07 1.74E-04
1.084E+00 1.339E-04 1.334E-04 4.967E-07 1.78E-04
1.072E+00 1.466E-04 1.461E-04 5.196E-07 1.81E-04
1.059E+00 1.637E-04 1.631E-04 5.435E-07 1.85E-04
1.047E+00 1.869E-04 1.863E-04 5.684E-07 1.88E-04
1.035E+00 2.185E-04 2.179E-04 5.946E-07 1.92E-04
1.023E+00 2.609E-04 2.602E-04 6.219E-07 1.95E-04
1.012E+00 3.151E-04 3.145E-04 6.504E-07 1.99E-04
1.000E+00 3.799E-04 3.792E-04 6.803E-07 2.03E-04
9.886E-01 4.511E-04 4.504E-04 7.115E-07 2.07E-04
9.772E-01 5.237E-04 5.230E-04 7.442E-07 2.11E-04
9.661E-01 5.944E-04 5.936E-04 7.783E-07 2.15E-04
9.550E-01 6.615E-04 6.607E-04 8.140E-07 2.19E-04
9.441E-01 7.251E-04 7.242E-04 8.513E-07 2.23E-04
9.333E-01 7.865E-04 7.856E-04 8.903E-07 2.28E-04
9.226E-01 8.479E-04 8.470E-04 9.310E-07 2.32E-04
9.120E-01 9.129E-04 9.119E-04 9.736E-07 2.37E-04
9.016E-01 9.863E-04 9.853E-04 1.018E-06 2.41E-04
8.913E-01 1.075E-03 1.074E-03 1.065E-06 2.46E-04
8.810E-01 1.187E-03 1.186E-03 1.113E-06 2.51E-04
8.710E-01 1.335E-03 1.333E-03 1.164E-06 2.56E-04
8.610E-01 1.527E-03 1.526E-03 1.217E-06 2.61E-04
8.511E-01 1.772E-03 1.770E-03 1.273E-06 2.66E-04
8.414E-01 2.064E-03 2.063E-03 1.331E-06 2.72E-04
8.318E-01 2.388E-03 2.386E-03 1.392E-06 2.77E-04
8.222E-01 2.725E-03 2.724E-03 1.455E-06 2.83E-04
8.128E-01 3.065E-03 3.063E-03 1.521E-06 2.89E-04
8.035E-01 3.404E-03 3.403E-03 1.591E-06 2.95E-04
7.943E-01 3.745E-03 3.744E-03 1.663E-06 3.01E-04
7.852E-01 4.091E-03 4.089E-03 1.739E-06 3.07E-04
7.762E-01 4.445E-03 4.443E-03 1.818E-06 3.14E-04
7.674E-01 4.810E-03 4.808E-03 1.901E-06 3.20E-04
7.586E-01 5.189E-03 5.187E-03 1.987E-06 3.27E-04
7.499E-01 5.584E-03 5.582E-03 2.078E-06 3.34E-04
7.413E-01 5.997E-03 5.995E-03 2.172E-06 3.41E-04
7.328E-01 6.430E-03 6.428E-03 2.271E-06 3.48E-04
7.244E-01 6.884E-03 6.882E-03 2.375E-06 3.55E-04
7.161E-01 7.361E-03 7.358E-03 2.483E-06 3.63E-04
7.079E-01 7.861E-03 7.859E-03 2.596E-06 3.71E-04
6.998E-01 8.387E-03 8.385E-03 2.714E-06 3.79E-04
6.918E-01 8.940E-03 8.937E-03 2.838E-06 3.87E-04
6.839E-01 9.520E-03 9.517E-03 2.967E-06 3.95E-04
6.761E-01 1.013E-02 1.013E-02 3.103E-06 4.04E-04
6.683E-01 1.077E-02 1.077E-02 3.244E-06 4.13E-04
6.607E-01 1.144E-02 1.144E-02 3.393E-06 4.22E-04
6.531E-01 1.214E-02 1.214E-02 3.548E-06 4.31E-04
6.457E-01 1.288E-02 1.288E-02 3.711E-06 4.41E-04
6.383E-01 1.365E-02 1.365E-02 3.881E-06 4.51E-04
6.310E-01 1.446E-02 1.446E-02 4.059E-06 4.61E-04
6.237E-01 1.531E-02 1.530E-02 4.246E-06 4.71E-04
6.166E-01 1.619E-02 1.619E-02 4.441E-06 4.82E-04
6.095E-01 1.712E-02 1.711E-02 4.646E-06 4.92E-04
6.026E-01 1.808E-02 1.808E-02 4.860E-06 5.03E-04
5.957E-01 1.909E-02 1.908E-02 5.085E-06 5.14E-04
5.888E-01 2.014E-02 2.013E-02 5.320E-06 5.26E-04
5.821E-01 2.124E-02 2.123E-02 5.567E-06 5.38E-04
5.754E-01 2.238E-02 2.237E-02 5.825E-06 5.49E-04
5.689E-01 2.357E-02 2.356E-02 6.096E-06 5.62E-04
5.623E-01 2.481E-02 2.480E-02 6.381E-06 5.74E-04
5.559E-01 2.610E-02 2.609E-02 6.679E-06 5.87E-04
5.495E-01 2.743E-02 2.743E-02 6.991E-06 6.00E-04
5.433E-01 2.883E-02 2.882E-02 7.320E-06 6.13E-04
5.370E-01 3.027E-02 3.026E-02 7.665E-06 6.26E-04
5.309E-01 3.177E-02 3.176E-02 8.027E-06 6.40E-04
5.248E-01 3.333E-02 3.332E-02 8.407E-06 6.54E-04
5.188E-01 3.494E-02 3.493E-02 8.806E-06 6.68E-04
5.129E-01 3.661E-02 3.660E-02 9.225E-06 6.83E-04
5.070E-01 3.834E-02 3.833E-02 9.665E-06 6.98E-04
5.012E-01 4.014E-02 4.013E-02 1.013E-05 7.13E-04
4.955E-01 4.199E-02 4.198E-02 1.061E-05 7.28E-04
4.898E-01 4.391E-02 4.390E-02 1.112E-05 7.44E-04
4.842E-01 4.589E-02 4.588E-02 1.166E-05 7.59E-04
4.786E-01 4.794E-02 4.792E-02 1.222E-05 7.75E-04
4.732E-01 5.005E-02 5.004E-02 1.280E-05 7.91E-04
4.677E-01 5.223E-02 5.222E-02 1.342E-05 8.08E-04
4.624E-01 5.448E-02 5.447E-02 1.407E-05 8.24E-04
4.571E-01 5.680E-02 5.679E-02 1.475E-05 8.41E-04
4.519E-01 5.919E-02 5.918E-02 1.547E-05 8.57E-04
4.467E-01 6.166E-02 6.164E-02 1.622E-05 8.74E-04
4.416E-01 6.419E-02 6.417E-02 1.701E-05 8.91E-04
4.365E-01 6.680E-02 6.678E-02 1.784E-05 9.08E-04
4.315E-01 6.949E-02 6.947E-02 1.871E-05 9.25E-04
4.266E-01 7.224E-02 7.223E-02 1.962E-05 9.41E-04
4.217E-01 7.508E-02 7.506E-02 2.057E-05 9.58E-04
4.169E-01 7.799E-02 7.797E-02 2.157E-05 9.75E-04
4.121E-01 8.098E-02 8.096E-02 2.263E-05 9.92E-04
4.074E-01 8.405E-02 8.403E-02 2.373E-05 1.01E-03
4.027E-01 8.720E-02 8.718E-02 2.489E-05 1.03E-03
3.981E-01 9.043E-02 9.040E-02 2.610E-05 1.04E-03
3.935E-01 9.374E-02 9.371E-02 2.738E-05 1.06E-03
3.890E-01 9.713E-02 9.710E-02 2.872E-05 1.08E-03
3.846E-01 1.006E-01 1.006E-01 3.013E-05 1.10E-03
3.802E-01 1.042E-01 1.041E-01 3.160E-05 1.11E-03
3.758E-01 1.078E-01 1.078E-01 3.317E-05 1.13E-03
3.715E-01 1.115E-01 1.115E-01 3.482E-05 1.15E-03
3.673E-01 1.153E-01 1.153E-01 3.656E-05 1.17E-03
3.631E-01 1.192E-01 1.192E-01 3.841E-05 1.19E-03
3.589E-01 1.232E-01 1.231E-01 4.038E-05 1.21E-03
3.548E-01 1.272E-01 1.272E-01 4.246E-05 1.22E-03
3.508E-01 1.314E-01 1.313E-01 4.468E-05 1.24E-03
3.467E-01 1.356E-01 1.356E-01 4.703E-05 1.26E-03
3.428E-01 1.399E-01 1.399E-01 4.954E-05 1.27E-03
3.388E-01 1.443E-01 1.443E-01 5.222E-05 1.29E-03
3.350E-01 1.488E-01 1.488E-01 5.508E-05 1.30E-03
3.311E-01 1.534E-01 1.533E-01 5.813E-05 1.31E-03
3.273E-01 1.580E-01 1.580E-01 6.139E-05 1.32E-03
3.236E-01 1.628E-01 1.627E-01 6.491E-05 1.32E-03
3.199E-01 1.676E-01 1.676E-01 6.866E-05 1.31E-03
3.162E-01 1.725E-01 1.725E-01 7.267E-05 1.31E-03
3.126E-01 1.776E-01 1.775E-01 7.694E-05 1.29E-03
3.090E-01 1.827E-01 1.826E-01 8.150E-05 1.28E-03
3.055E-01 1.878E-01 1.877E-01 8.635E-05 1.25E-03
3.020E-01 1.925E-01 1.924E-01 9.154E-05 1.22E-03
2.985E-01 1.960E-01 1.959E-01 9.711E-05 1.19E-03
2.951E-01 1.998E-01 1.997E-01 1.031E-04 1.14E-03
2.917E-01 2.040E-01 2.039E-01 1.096E-04 1.09E-03
2.884E-01 2.085E-01 2.084E-01 1.166E-04 1.03E-03
2.851E-01 2.135E-01 2.134E-01 1.243E-04 9.54E-04
2.818E-01 2.190E-01 2.188E-01 1.332E-04 8.54E-04
2.786E-01 2.250E-01 2.249E-01 1.427E-04 7.52E-04
2.754E-01 2.317E-01 2.316E-01 1.530E-04 6.50E-04
2.723E-01 2.391E-01 2.390E-01 1.642E-04 5.49E-04
2.692E-01 2.474E-01 2.472E-01 1.765E-04 4.51E-04
2.661E-01 2.567E-01 2.565E-01 1.902E-04 3.61E-04
2.630E-01 2.671E-01 2.669E-01 2.055E-04 2.81E-04
2.600E-01 2.787E-01 2.785E-01 2.229E-04 2.11E-04
2.570E-01 2.919E-01 2.916E-01 2.426E-04 1.56E-04
2.541E-01 3.067E-01 3.064E-01 2.641E-04 1.19E-04
2.512E-01 3.234E-01 3.231E-01 2.884E-04 9.74E-05
2.483E-01 3.422E-01 3.419E-01 3.162E-04 8.96E-05
2.455E-01 3.635E-01 3.631E-01 3.479E-04 9.51E-05
2.427E-01 3.872E-01 3.868E-01 3.844E-04 1.15E-04
2.399E-01 4.136E-01 4.131E-01 4.266E-04 1.51E-04
2.371E-01 4.425E-01 4.420E-01 4.726E-04 2.04E-04
2.344E-01 4.735E-01 4.730E-01 5.215E-04 2.69E-04
2.317E-01 5.060E-01 5.054E-01 5.728E-04 3.38E-04
2.291E-01 5.386E-01 5.379E-01 6.250E-04 4.10E-04
2.265E-01 5.694E-01 5.687E-01 6.783E-04 4.85E-04
2.239E-01 5.962E-01 5.955E-01 7.345E-04 5.64E-04
2.213E-01 6.166E-01 6.158E-01 7.920E-04 6.48E-04
2.188E-01 6.281E-01 6.273E-01 8.371E-04 7.43E-04
2.163E-01 6.295E-01 6.286E-01 8.571E-04 8.50E-04
2.138E-01 6.206E-01 6.197E-01 8.525E-04 9.63E-04
2.113E-01 6.027E-01 6.018E-01 8.320E-04 1.08E-03
2.089E-01 5.779E-01 5.771E-01 7.986E-04 1.19E-03
2.065E-01 5.487E-01 5.479E-01 7.550E-04 1.31E-03
2.042E-01 5.175E-01 5.168E-01 7.031E-04 1.43E-03
2.018E-01 4.861E-01 4.855E-01 6.465E-04 1.56E-03
1.995E-01 4.561E-01 4.555E-01 5.884E-04 1.69E-03
1.972E-01 4.281E-01 4.275E-01 5.312E-04 1.82E-03
1.950E-01 4.025E-01 4.020E-01 4.773E-04 1.96E-03
1.928E-01 3.796E-01 3.792E-01 4.277E-04 2.10E-03
1.905E-01 3.592E-01 3.588E-01 3.831E-04 2.24E-03
1.884E-01 3.412E-01 3.408E-01 3.424E-04 2.39E-03
1.862E-01 3.253E-01 3.250E-01 3.072E-04 2.55E-03
1.841E-01 3.114E-01 3.112E-01 2.771E-04 2.71E-03
1.820E-01 2.993E-01 2.990E-01 2.516E-04 2.88E-03
1.799E-01 2.886E-01 2.883E-01 2.300E-04 3.06E-03
1.778E-01 2.792E-01 2.790E-01 2.124E-04 3.24E-03
1.758E-01 2.710E-01 2.708E-01 1.978E-04 3.42E-03
1.738E-01 2.638E-01 2.636E-01 1.860E-04 3.61E-03
1.718E-01 2.574E-01 2.573E-01 1.767E-04 3.80E-03
1.698E-01 2.518E-01 2.517E-01 1.699E-04 3.99E-03
1.679E-01 2.470E-01 2.468E-01 1.654E-04 4.19E-03
1.660E-01 2.430E-01 2.428E-01 1.632E-04 4.39E-03
1.641E-01 2.397E-01 2.396E-01 1.636E-04 4.58E-03
1.622E-01 2.372E-01 2.370E-01 1.664E-04 4.77E-03
1.603E-01 2.354E-01 2.352E-01 1.716E-04 4.97E-03
1.585E-01 2.342E-01 2.340E-01 1.793E-04 5.17E-03
1.567E-01 2.336E-01 2.334E-01 1.891E-04 5.36E-03
1.549E-01 2.336E-01 2.334E-01 2.013E-04 5.57E-03
1.531E-01 2.343E-01 2.341E-01 2.156E-04 5.78E-03
1.514E-01 2.355E-01 2.353E-01 2.324E-04 5.99E-03
1.496E-01 2.373E-01 2.371E-01 2.520E-04 6.21E-03
1.479E-01 2.398E-01 2.395E-01 2.745E-04 6.43E-03
1.462E-01 2.428E-01 2.425E-01 3.004E-04 6.64E-03
1.445E-01 2.464E-01 2.461E-01 3.301E-04 6.86E-03
1.429E-01 2.506E-01 2.502E-01 3.637E-04 7.09E-03
1.413E-01 2.555E-01 2.550E-01 4.011E-04 7.32E-03
1.396E-01 2.609E-01 2.605E-01 4.423E-04 7.55E-03
1.380E-01 2.671E-01 2.666E-01 4.871E-04 7.79E-03
1.365E-01 2.739E-01 2.733E-01 5.369E-04 8.04E-03
1.349E-01 2.813E-01 2.808E-01 5.929E-04 8.32E-03
1.334E-01 2.895E-01 2.889E-01 6.553E-04 8.61E-03
1.318E-01 2.985E-01 2.978E-01 7.247E-04 8.92E-03
1.303E-01 3.082E-01 3.074E-01 8.019E-04 9.25E-03
1.288E-01 3.248E-01 3.239E-01 8.880E-04 9.60E-03
1.274E-01 3.375E-01 3.365E-01 9.834E-04 9.98E-03
1.259E-01 3.508E-01 3.497E-01 1.089E-03 1.04E-02
1.245E-01 3.647E-01 3.635E-01 1.206E-03 1.08E-02
1.230E-01 3.792E-01 3.779E-01 1.334E-03 1.12E-02
1.216E-01 3.942E-01 3.928E-01 1.475E-03 1.17E-02
1.202E-01 4.099E-01 4.082E-01 1.629E-03 1.21E-02
1.189E-01 4.260E-01 4.242E-01 1.799E-03 1.25E-02
1.175E-01 4.427E-01 4.407E-01 1.983E-03 1.29E-02
1.161E-01 4.598E-01 4.577E-01 2.187E-03 1.32E-02
1.148E-01 4.775E-01 4.751E-01 2.424E-03 1.35E-02
1.135E-01 4.957E-01 4.929E-01 2.743E-03 1.38E-02
1.122E-01 5.143E-01 5.112E-01 3.083E-03 1.38E-02
1.109E-01 5.333E-01 5.299E-01 3.456E-03 1.33E-02
1.096E-01 5.528E-01 5.489E-01 3.869E-03 1.20E-02
1.084E-01 5.727E-01 5.683E-01 4.377E-03 1.07E-02
1.072E-01 5.930E-01 5.880E-01 4.965E-03 9.86E-03
1.059E-01 6.135E-01 6.080E-01 5.533E-03 9.66E-03
1.047E-01 6.342E-01 6.281E-01 6.074E-03 9.75E-03
1.035E-01 6.550E-01 6.484E-01 6.594E-03 9.80E-03
1.023E-01 6.758E-01 6.687E-01 7.093E-03 9.83E-03
1.012E-01 6.966E-01 6.890E-01 7.646E-03 9.70E-03
1.000E-01 7.201E-01 7.118E-01 8.274E-03 9.46E-03
9.886E-02 7.368E-01 7.277E-01 9.102E-03 9.06E-03
9.772E-02 7.544E-01 7.443E-01 1.005E-02 8.67E-03
9.661E-02 7.728E-01 7.618E-01 1.096E-02 8.46E-03
9.550E-02 7.921E-01 7.803E-01 1.179E-02 8.40E-03
9.441E-02 8.121E-01 7.997E-01 1.239E-02 8.46E-03
9.333E-02 8.330E-01 8.202E-01 1.286E-02 8.58E-03
9.226E-02 8.554E-01 8.420E-01 1.338E-02 8.70E-03
9.120E-02 8.793E-01 8.654E-01 1.388E-02 8.87E-03
9.016E-02 9.046E-01 8.904E-01 1.416E-02 9.17E-03
8.913E-02 9.319E-01 9.174E-01 1.449E-02 9.42E-03
8.810E-02 9.619E-01 9.468E-01 1.510E-02 9.50E-03
8.710E-02 9.950E-01 9.789E-01 1.609E-02 9.36E-03
8.610E-02 1.032E+00 1.014E+00 1.728E-02 9.16E-03
8.511E-02 1.072E+00 1.053E+00 1.868E-02 8.94E-03
8.414E-02 1.117E+00 1.097E+00 2.030E-02 8.72E-03
8.318E-02 1.167E+00 1.145E+00 2.215E-02 8.53E-03
8.222E-02 1.223E+00 1.199E+00 2.416E-02 8.44E-03
8.128E-02 1.285E+00 1.259E+00 2.625E-02 8.49E-03
8.035E-02 1.355E+00 1.327E+00 2.850E-02 8.60E-03
7.943E-02 1.433E+00 1.402E+00 3.084E-02 8.80E-03
7.852E-02 1.518E+00 1.485E+00 3.316E-02 9.08E-03
7.762E-02 1.611E+00 1.575E+00 3.532E-02 9.47E-03
7.674E-02 1.708E+00 1.671E+00 3.726E-02 9.88E-03
7.586E-02 1.807E+00 1.768E+00 3.901E-02 1.03E-02
7.499E-02 1.902E+00 1.862E+00 4.049E-02 1.08E-02
7.413E-02 1.986E+00 1.944E+00 4.167E-02 1.13E-02
7.328E-02 2.050E+00 2.007E+00 4.251E-02 1.19E-02
7.244E-02 2.087E+00 2.044E+00 4.326E-02 1.24E-02
7.161E-02 2.094E+00 2.050E+00 4.385E-02 1.29E-02
7.079E-02 2.071E+00 2.027E+00 4.406E-02 1.35E-02
6.998E-02 2.024E+00 1.980E+00 4.388E-02 1.41E-02
6.918E-02 1.960E+00 1.917E+00 4.331E-02 1.48E-02
6.839E-02 1.888E+00 1.846E+00 4.195E-02 1.55E-02
6.761E-02 1.814E+00 1.774E+00 4.016E-02 1.62E-02
6.683E-02 1.744E+00 1.706E+00 3.827E-02 1.69E-02
6.607E-02 1.681E+00 1.644E+00 3.633E-02 1.76E-02
6.531E-02 1.611E+00 1.577E+00 3.438E-02 1.84E-02
6.457E-02 1.541E+00 1.508E+00 3.298E-02 1.91E-02
6.383E-02 1.471E+00 1.439E+00 3.180E-02 1.97E-02
6.310E-02 1.400E+00 1.370E+00 3.080E-02 2.04E-02
6.237E-02 1.329E+00 1.299E+00 2.996E-02 2.11E-02
6.166E-02 1.257E+00 1.228E+00 2.936E-02 2.18E-02
6.095E-02 1.184E+00 1.155E+00 2.893E-02 2.25E-02
6.026E-02 1.111E+00 1.082E+00 2.855E-02 2.33E-02
5.957E-02 1.037E+00 1.009E+00 2.824E-02 2.40E-02
5.888E-02 9.620E-01 9.340E-01 2.796E-02 2.48E-02
5.821E-02 8.859E-01 8.584E-01 2.750E-02 2.55E-02
5.754E-02 7.389E-01 7.119E-01 2.700E-02 2.63E-02
5.689E-02 7.123E-01 6.858E-01 2.648E-02 2.71E-02
5.623E-02 6.847E-01 6.588E-01 2.590E-02 2.79E-02
5.559E-02 6.557E-01 6.305E-01 2.519E-02 2.87E-02
5.495E-02 6.275E-01 6.030E-01 2.448E-02 2.95E-02
5.433E-02 6.001E-01 5.764E-01 2.375E-02 3.04E-02
5.370E-02 5.747E-01 5.517E-01 2.304E-02 3.12E-02
5.309E-02 5.532E-01 5.308E-01 2.242E-02 3.21E-02
5.248E-02 5.332E-01 5.113E-01 2.183E-02 3.30E-02
5.188E-02 5.147E-01 4.934E-01 2.128E-02 3.39E-02
5.129E-02 4.970E-01 4.762E-01 2.077E-02 3.48E-02
5.070E-02 4.799E-01 4.596E-01 2.031E-02 3.58E-02
5.012E-02 4.636E-01 4.437E-01 1.989E-02 3.68E-02
4.955E-02 4.481E-01 4.286E-01 1.949E-02 3.78E-02
4.898E-02 4.336E-01 4.145E-01 1.912E-02 3.88E-02
4.842E-02 4.194E-01 4.007E-01 1.874E-02 3.98E-02
4.786E-02 4.055E-01 3.872E-01 1.837E-02 4.09E-02
4.732E-02 3.909E-01 3.730E-01 1.794E-02 4.20E-02
4.677E-02 3.763E-01 3.588E-01 1.750E-02 4.31E-02
4.624E-02 3.623E-01 3.452E-01 1.706E-02 4.42E-02
4.571E-02 3.500E-01 3.333E-01 1.666E-02 4.54E-02
4.519E-02 3.398E-01 3.235E-01 1.630E-02 4.66E-02
4.467E-02 3.301E-01 3.141E-01 1.594E-02 4.78E-02
4.416E-02 3.198E-01 3.042E-01 1.555E-02 4.91E-02
4.365E-02 3.071E-01 2.920E-01 1.509E-02 5.04E-02
4.315E-02 2.950E-01 2.803E-01 1.461E-02 5.17E-02
4.266E-02 2.841E-01 2.700E-01 1.413E-02 5.30E-02
4.217E-02 2.773E-01 2.636E-01 1.365E-02 5.44E-02
4.169E-02 2.720E-01 2.588E-01 1.320E-02 5.59E-02
4.121E-02 2.680E-01 2.552E-01 1.280E-02 5.73E-02
4.074E-02 2.643E-01 2.518E-01 1.248E-02 5.88E-02
4.027E-02 2.614E-01 2.492E-01 1.221E-02 6.04E-02
3.981E-02 2.594E-01 2.474E-01 1.197E-02 6.19E-02
3.935E-02 2.580E-01 2.463E-01 1.176E-02 6.35E-02
3.890E-02 2.578E-01 2.462E-01 1.159E-02 6.52E-02
3.846E-02 2.586E-01 2.471E-01 1.145E-02 6.69E-02
3.802E-02 2.608E-01 2.494E-01 1.141E-02 6.86E-02
3.758E-02 2.645E-01 2.530E-01 1.148E-02 7.03E-02
3.715E-02 2.722E-01 2.604E-01 1.187E-02 7.21E-02
3.673E-02 2.790E-01 2.667E-01 1.236E-02 7.39E-02
3.631E-02 2.819E-01 2.691E-01 1.287E-02 7.58E-02
3.589E-02 2.785E-01 2.652E-01 1.322E-02 7.76E-02
3.548E-02 2.725E-01 2.590E-01 1.349E-02 7.95E-02
3.508E-02 2.671E-01 2.535E-01 1.363E-02 8.14E-02
3.467E-02 2.620E-01 2.483E-01 1.369E-02 8.34E-02
3.428E-02 2.569E-01 2.432E-01 1.371E-02 8.55E-02
3.388E-02 2.519E-01 2.381E-01 1.375E-02 8.76E-02
3.350E-02 2.470E-01 2.332E-01 1.377E-02 8.98E-02
3.311E-02 2.421E-01 2.283E-01 1.378E-02 9.20E-02
3.273E-02 2.373E-01 2.236E-01 1.378E-02 9.43E-02
3.236E-02 2.326E-01 2.189E-01 1.377E-02 9.66E-02
3.199E-02 2.280E-01 2.142E-01 1.375E-02 9.90E-02
3.162E-02 2.234E-01 2.097E-01 1.373E-02 1.01E-01
3.126E-02 2.189E-01 2.052E-01 1.370E-02 1.04E-01
3.090E-02 2.144E-01 2.008E-01 1.366E-02 1.06E-01
3.055E-02 2.101E-01 1.965E-01 1.363E-02 1.09E-01
3.020E-02 2.058E-01 1.922E-01 1.358E-02 1.12E-01
2.985E-02 2.016E-01 1.880E-01 1.354E-02 1.15E-01
2.951E-02 1.974E-01 1.839E-01 1.348E-02 1.17E-01
2.917E-02 1.933E-01 1.799E-01 1.343E-02 1.20E-01
2.884E-02 1.893E-01 1.760E-01 1.337E-02 1.23E-01
2.851E-02 1.854E-01 1.721E-01 1.330E-02 1.26E-01
2.818E-02 1.816E-01 1.684E-01 1.324E-02 1.29E-01
2.786E-02 1.779E-01 1.647E-01 1.317E-02 1.32E-01
2.754E-02 1.742E-01 1.611E-01 1.310E-02 1.36E-01
2.723E-02 1.706E-01 1.576E-01 1.303E-02 1.39E-01
2.692E-02 1.672E-01 1.542E-01 1.296E-02 1.42E-01
2.661E-02 1.637E-01 1.508E-01 1.289E-02 1.46E-01
2.630E-02 1.603E-01 1.475E-01 1.281E-02 1.49E-01
2.600E-02 1.570E-01 1.443E-01 1.273E-02 1.53E-01
2.570E-02 1.537E-01 1.411E-01 1.265E-02 1.57E-01
2.541E-02 1.505E-01 1.380E-01 1.256E-02 1.60E-01
2.512E-02 1.474E-01 1.349E-01 1.247E-02 1.64E-01
2.483E-02 1.443E-01 1.319E-01 1.238E-02 1.68E-01
2.455E-02 1.412E-01 1.289E-01 1.229E-02 1.72E-01
2.427E-02 1.383E-01 1.261E-01 1.220E-02 1.77E-01
2.399E-02 1.354E-01 1.233E-01 1.210E-02 1.81E-01
2.371E-02 1.325E-01 1.205E-01 1.201E-02 1.85E-01
2.344E-02 1.298E-01 1.179E-01 1.191E-02 1.90E-01
2.317E-02 1.270E-01 1.152E-01 1.182E-02 1.94E-01
2.291E-02 1.244E-01 1.127E-01 1.172E-02 1.99E-01
2.265E-02 1.218E-01 1.101E-01 1.162E-02 2.03E-01
2.239E-02 1.192E-01 1.077E-01 1.151E-02 2.08E-01
2.213E-02 1.167E-01 1.053E-01 1.141E-02 2.13E-01
2.188E-02 1.142E-01 1.029E-01 1.130E-02 2.18E-01
2.163E-02 1.118E-01 1.006E-01 1.119E-02 2.24E-01
2.138E-02 1.094E-01 9.836E-02 1.109E-02 2.29E-01
2.113E-02 1.071E-01 9.616E-02 1.098E-02 2.34E-01
2.089E-02 1.049E-01 9.399E-02 1.087E-02 2.40E-01
2.065E-02 1.026E-01 9.185E-02 1.075E-02 2.45E-01
2.042E-02 1.005E-01 8.983E-02 1.065E-02 2.51E-01
2.018E-02 9.836E-02 8.783E-02 1.053E-02 2.57E-01
1.995E-02 9.626E-02 8.584E-02 1.042E-02 2.63E-01
1.972E-02 9.418E-02 8.388E-02 1.030E-02 2.69E-01
1.950E-02 9.213E-02 8.195E-02 1.018E-02 2.75E-01
1.928E-02 9.011E-02 8.005E-02 1.006E-02 2.82E-01
1.905E-02 8.813E-02 7.820E-02 9.933E-03 2.88E-01
1.884E-02 8.623E-02 7.642E-02 9.812E-03 2.95E-01
1.862E-02 8.435E-02 7.467E-02 9.689E-03 3.01E-01
1.841E-02 8.251E-02 7.295E-02 9.564E-03 3.08E-01
1.820E-02 8.071E-02 7.127E-02 9.439E-03 3.15E-01
1.799E-02 7.895E-02 6.963E-02 9.315E-03 3.22E-01
1.778E-02 7.724E-02 6.805E-02 9.190E-03 3.30E-01
1.758E-02 7.556E-02 6.650E-02 9.066E-03 3.37E-01
1.738E-02 7.390E-02 6.496E-02 8.940E-03 3.45E-01
1.718E-02 7.226E-02 6.345E-02 8.813E-03 3.52E-01
1.698E-02 7.066E-02 6.197E-02 8.686E-03 3.60E-01
1.679E-02 6.909E-02 6.053E-02 8.559E-03 3.68E-01
1.660E-02 6.757E-02 5.913E-02 8.433E-03 3.76E-01
1.641E-02 6.607E-02 5.777E-02 8.307E-03 3.84E-01
1.622E-02 6.460E-02 5.642E-02 8.179E-03 3.92E-01
1.603E-02 6.314E-02 5.509E-02 8.051E-03 4.01E-01
1.585E-02 6.172E-02 5.380E-02 7.922E-03 4.09E-01
1.567E-02 6.033E-02 5.254E-02 7.795E-03 4.18E-01
1.549E-02 5.898E-02 5.131E-02 7.669E-03 4.27E-01
1.531E-02 5.764E-02 5.010E-02 7.542E-03 4.36E-01
1.514E-02 5.632E-02 4.891E-02 7.415E-03 4.44E-01
1.496E-02 5.503E-02 4.774E-02 7.289E-03 4.53E-01
1.479E-02 5.376E-02 4.660E-02 7.163E-03 4.63E-01
1.462E-02 5.253E-02 4.549E-02 7.039E-03 4.72E-01
1.445E-02 5.133E-02 4.441E-02 6.915E-03 4.81E-01
1.429E-02 5.014E-02 4.335E-02 6.792E-03 4.90E-01
1.413E-02 4.898E-02 4.231E-02 6.669E-03 5.00E-01
1.396E-02 4.785E-02 4.130E-02 6.547E-03 5.09E-01
1.380E-02 4.675E-02 4.032E-02 6.426E-03 5.19E-01
1.365E-02 4.566E-02 3.935E-02 6.306E-03 5.28E-01
1.349E-02 4.459E-02 3.840E-02 6.186E-03 5.38E-01
1.334E-02 4.354E-02 3.747E-02 6.068E-03 5.47E-01
1.318E-02 4.252E-02 3.656E-02 5.951E-03 5.57E-01
1.303E-02 4.152E-02 3.568E-02 5.836E-03 5.66E-01
1.288E-02 4.055E-02 3.483E-02 5.724E-03 5.76E-01
1.274E-02 3.960E-02 3.398E-02 5.612E-03 5.85E-01
1.259E-02 3.865E-02 3.315E-02 5.500E-03 5.95E-01
1.245E-02 3.771E-02 3.233E-02 5.390E-03 6.04E-01
1.230E-02 3.684E-02 3.155E-02 5.285E-03 6.13E-01
1.216E-02 3.599E-02 3.080E-02 5.182E-03 6.22E-01
1.202E-02 3.514E-02 3.006E-02 5.079E-03 6.31E-01
1.189E-02 3.430E-02 2.932E-02 4.977E-03 6.40E-01
1.175E-02 3.346E-02 2.859E-02 4.875E-03 6.48E-01
1.161E-02 3.264E-02 2.787E-02 4.773E-03 6.57E-01
1.148E-02 3.183E-02 2.716E-02 4.673E-03 6.65E-01
1.135E-02 3.104E-02 2.647E-02 4.574E-03 6.73E-01
1.122E-02 3.027E-02 2.580E-02 4.478E-03 6.81E-01
1.109E-02 2.954E-02 2.515E-02 4.385E-03 6.89E-01
1.096E-02 2.881E-02 2.452E-02 4.293E-03 6.96E-01
1.084E-02 2.810E-02 2.390E-02 4.202E-03 7.03E-01
1.072E-02 2.740E-02 2.329E-02 4.114E-03 7.10E-01
1.059E-02 2.673E-02 2.270E-02 4.027E-03 7.17E-01
1.047E-02 2.607E-02 2.213E-02 3.942E-03 7.23E-01
1.035E-02 2.544E-02 2.158E-02 3.861E-03 7.29E-01
1.023E-02 2.482E-02 2.104E-02 3.780E-03 7.35E-01
1.012E-02 2.420E-02 2.050E-02 3.701E-03 7.40E-01
1.000E-02 2.360E-02 1.998E-02 3.622E-03 7.45E-01
9.886E-03 2.301E-02 1.946E-02 3.546E-03 7.50E-01
9.772E-03 2.244E-02 1.896E-02 3.471E-03 7.55E-01
9.661E-03 2.188E-02 1.848E-02 3.398E-03 7.59E-01
9.550E-03 2.134E-02 1.802E-02 3.327E-03 7.63E-01
9.441E-03 2.081E-02 1.756E-02 3.257E-03 7.67E-01
9.333E-03 2.029E-02 1.710E-02 3.188E-03 7.70E-01
9.226E-03 1.978E-02 1.666E-02 3.119E-03 7.74E-01
9.120E-03 1.928E-02 1.623E-02 3.052E-03 7.77E-01
9.016E-03 1.880E-02 1.581E-02 2.987E-03 7.80E-01
8.913E-03 1.833E-02 1.541E-02 2.922E-03 7.83E-01
8.810E-03 1.787E-02 1.501E-02 2.860E-03 7.85E-01
8.710E-03 1.742E-02 1.463E-02 2.797E-03 7.88E-01
8.610E-03 1.698E-02 1.425E-02 2.735E-03 7.90E-01
8.511E-03 1.655E-02 1.388E-02 2.674E-03 7.93E-01
8.414E-03 1.613E-02 1.352E-02 2.613E-03 7.95E-01
8.318E-03 1.572E-02 1.317E-02 2.554E-03 7.98E-01
8.222E-03 1.532E-02 1.283E-02 2.496E-03 8.00E-01
8.128E-03 1.493E-02 1.249E-02 2.438E-03 8.02E-01
8.035E-03 1.455E-02 1.217E-02 2.380E-03 8.05E-01
7.943E-03 1.417E-02 1.185E-02 2.323E-03 8.07E-01
7.852E-03 1.380E-02 1.154E-02 2.267E-03 8.10E-01
7.762E-03 1.345E-02 1.124E-02 2.212E-03 8.12E-01
7.674E-03 1.310E-02 1.094E-02 2.156E-03 8.15E-01
7.586E-03 1.275E-02 1.065E-02 2.101E-03 8.18E-01
7.499E-03 1.241E-02 1.037E-02 2.047E-03 8.21E-01
7.413E-03 1.209E-02 1.009E-02 1.994E-03 8.24E-01
7.328E-03 1.177E-02 9.833E-03 1.942E-03 8.27E-01
7.244E-03 1.147E-02 9.577E-03 1.890E-03 8.30E-01
7.161E-03 1.116E-02 9.324E-03 1.838E-03 8.34E-01
7.079E-03 1.087E-02 9.081E-03 1.788E-03 8.37E-01
6.998E-03 1.058E-02 8.842E-03 1.738E-03 8.41E-01
6.918E-03 1.029E-02 8.607E-03 1.688E-03 8.44E-01
6.839E-03 1.002E-02 8.381E-03 1.639E-03 8.48E-01
6.761E-03 9.750E-03 8.160E-03 1.590E-03 8.51E-01
6.683E-03 9.484E-03 7.943E-03 1.542E-03 8.55E-01
6.607E-03 9.223E-03 7.729E-03 1.494E-03 8.58E-01
6.531E-03 8.967E-03 7.521E-03 1.446E-03 8.62E-01
6.457E-03 8.724E-03 7.323E-03 1.401E-03 8.65E-01
6.383E-03 8.483E-03 7.128E-03 1.355E-03 8.68E-01
6.310E-03 8.245E-03 6.936E-03 1.310E-03 8.72E-01
6.237E-03 8.011E-03 6.747E-03 1.265E-03 8.75E-01
6.166E-03 7.789E-03 6.568E-03 1.221E-03 8.77E-01
6.095E-03 7.578E-03 6.399E-03 1.179E-03 8.80E-01
6.026E-03 7.368E-03 6.231E-03 1.137E-03 8.82E-01
5.957E-03 7.160E-03 6.065E-03 1.095E-03 8.85E-01
5.888E-03 6.953E-03 5.901E-03 1.052E-03 8.87E-01
5.821E-03 6.749E-03 5.739E-03 1.010E-03 8.89E-01
5.754E-03 6.548E-03 5.581E-03 9.672E-04 8.91E-01
5.689E-03 6.351E-03 5.426E-03 9.248E-04 8.92E-01
5.623E-03 6.159E-03 5.276E-03 8.830E-04 8.94E-01
5.559E-03 5.976E-03 5.133E-03 8.431E-04 8.95E-01
5.495E-03 5.796E-03 4.993E-03 8.025E-04 8.97E-01
5.433E-03 5.617E-03 4.856E-03 7.613E-04 8.98E-01
5.370E-03 5.442E-03 4.723E-03 7.197E-04 8.99E-01
5.309E-03 5.271E-03 4.593E-03 6.776E-04 9.01E-01
5.248E-03 5.104E-03 4.469E-03 6.353E-04 9.02E-01
5.188E-03 4.942E-03 4.349E-03 5.928E-04 9.03E-01
5.129E-03 4.797E-03 4.232E-03 5.650E-04 9.05E-01
5.070E-03 4.654E-03 4.115E-03 5.382E-04 9.07E-01
5.012E-03 4.504E-03 4.002E-03 5.020E-04 9.08E-01
4.955E-03 4.348E-03 3.891E-03 4.569E-04 9.10E-01
4.898E-03 4.188E-03 3.784E-03 4.037E-04 9.12E-01
4.842E-03 4.025E-03 3.682E-03 3.438E-04 9.14E-01
4.786E-03 3.863E-03 3.584E-03 2.791E-04 9.15E-01
4.732E-03 3.676E-03 3.485E-03 1.910E-04 9.17E-01
4.677E-03 3.488E-03 3.388E-03 9.977E-05 9.19E-01
4.624E-03 3.325E-03 3.294E-03 3.072E-05 9.21E-01
4.571E-03 3.208E-03 3.204E-03 3.728E-06 9.23E-01
4.519E-03 3.162E-03 3.118E-03 4.405E-05 9.25E-01
4.467E-03 3.220E-03 3.037E-03 1.832E-04 9.27E-01
4.416E-03 6.647E-02 6.514E-02 1.328E-03 9.29E-01
4.365E-03 6.501E-02 6.384E-02 1.174E-03 9.30E-01
4.315E-03 6.360E-02 6.255E-02 1.054E-03 9.32E-01
4.266E-03 6.228E-02 6.126E-02 1.024E-03 9.33E-01
4.217E-03 6.104E-02 5.998E-02 1.060E-03 9.34E-01
4.169E-03 5.986E-02 5.872E-02 1.138E-03 9.35E-01
4.121E-03 5.870E-02 5.748E-02 1.221E-03 9.36E-01
4.074E-03 5.753E-02 5.626E-02 1.266E-03 9.37E-01
4.027E-03 5.636E-02 5.506E-02 1.302E-03 9.38E-01
3.981E-03 5.519E-02 5.387E-02 1.322E-03 9.39E-01
3.935E-03 5.401E-02 5.269E-02 1.322E-03 9.40E-01
3.890E-03 5.283E-02 5.153E-02 1.298E-03 9.40E-01
3.846E-03 5.168E-02 5.039E-02 1.286E-03 9.41E-01
3.802E-03 5.055E-02 4.926E-02 1.289E-03 9.42E-01
3.758E-03 4.943E-02 4.814E-02 1.290E-03 9.44E-01
3.715E-03 4.833E-02 4.704E-02 1.288E-03 9.45E-01
3.673E-03 4.724E-02 4.596E-02 1.282E-03 9.46E-01
3.631E-03 4.617E-02 4.490E-02 1.274E-03 9.47E-01
3.589E-03 4.511E-02 4.385E-02 1.268E-03 9.48E-01
3.548E-03 4.407E-02 4.281E-02 1.260E-03 9.49E-01
3.508E-03 4.304E-02 4.179E-02 1.251E-03 9.51E-01
3.467E-03 4.203E-02 4.079E-02 1.240E-03 9.52E-01
3.428E-03 4.104E-02 3.982E-02 1.228E-03 9.53E-01
3.388E-03 4.007E-02 3.885E-02 1.216E-03 9.54E-01
3.350E-03 3.910E-02 3.790E-02 1.204E-03 9.55E-01
3.311E-03 3.815E-02 3.696E-02 1.191E-03 9.55E-01
3.273E-03 3.723E-02 3.605E-02 1.177E-03 9.56E-01
3.236E-03 3.633E-02 3.517E-02 1.162E-03 9.57E-01
3.199E-03 3.544E-02 3.429E-02 1.147E-03 9.57E-01
3.162E-03 3.456E-02 3.343E-02 1.132E-03 9.58E-01
3.126E-03 3.368E-02 3.257E-02 1.117E-03 9.59E-01
3.090E-03 3.284E-02 3.174E-02 1.101E-03 9.59E-01
3.055E-03 3.206E-02 3.098E-02 1.086E-03 9.60E-01
3.020E-03 3.128E-02 3.021E-02 1.070E-03 9.61E-01
2.985E-03 3.051E-02 2.945E-02 1.055E-03 9.62E-01
2.951E-03 2.973E-02 2.869E-02 1.039E-03 9.62E-01
2.917E-03 2.896E-02 2.794E-02 1.023E-03 9.63E-01
2.884E-03 2.820E-02 2.719E-02 1.007E-03 9.64E-01
2.851E-03 2.744E-02 2.645E-02 9.902E-04 9.65E-01
2.818E-03 2.669E-02 2.572E-02 9.739E-04 9.66E-01
2.786E-03 2.596E-02 2.500E-02 9.575E-04 9.66E-01
2.754E-03 2.524E-02 2.430E-02 9.411E-04 9.67E-01
2.723E-03 2.457E-02 2.364E-02 9.245E-04 9.68E-01
2.692E-03 2.390E-02 2.299E-02 9.079E-04 9.68E-01
2.661E-03 2.325E-02 2.236E-02 8.913E-04 9.69E-01
2.630E-03 2.261E-02 2.173E-02 8.747E-04 9.69E-01
2.600E-03 2.198E-02 2.112E-02 8.582E-04 9.70E-01
2.570E-03 2.137E-02 2.053E-02 8.416E-04 9.70E-01
2.541E-03 2.078E-02 1.996E-02 8.250E-04 9.71E-01
2.512E-03 2.022E-02 1.941E-02 8.085E-04 9.71E-01
2.483E-03 1.968E-02 1.888E-02 7.921E-04 9.72E-01
2.455E-03 1.913E-02 1.836E-02 7.764E-04 9.73E-01
2.427E-03 1.860E-02 1.784E-02 7.608E-04 9.73E-01
2.399E-03 1.807E-02 1.733E-02 7.454E-04 9.74E-01
2.371E-03 1.756E-02 1.683E-02 7.302E-04 9.74E-01
2.344E-03 1.706E-02 1.634E-02 7.153E-04 9.75E-01
2.317E-03 1.657E-02 1.587E-02 7.005E-04 9.75E-01
2.291E-03 1.610E-02 1.542E-02 6.860E-04 9.76E-01
2.265E-03 1.566E-02 1.498E-02 6.718E-04 9.76E-01
2.239E-03 1.522E-02 1.456E-02 6.579E-04 9.76E-01
2.213E-03 1.478E-02 1.414E-02 6.440E-04 9.77E-01
2.188E-03 1.435E-02 1.372E-02 6.302E-04 9.77E-01
2.163E-03 1.393E-02 1.332E-02 6.167E-04 9.78E-01
2.138E-03 1.353E-02 1.292E-02 6.034E-04 9.78E-01
2.113E-03 1.313E-02 1.254E-02 5.903E-04 9.79E-01
2.089E-03 1.276E-02 1.218E-02 5.775E-04 9.79E-01
2.065E-03 1.239E-02 1.183E-02 5.650E-04 9.80E-01
2.042E-03 1.203E-02 1.148E-02 5.527E-04 9.80E-01
2.018E-03 1.168E-02 1.114E-02 5.406E-04 9.80E-01
1.995E-03 1.133E-02 1.080E-02 5.287E-04 9.81E-01
1.972E-03 1.100E-02 1.048E-02 5.170E-04 9.81E-01
1.950E-03 1.067E-02 1.016E-02 5.056E-04 9.81E-01
1.928E-03 1.036E-02 9.861E-03 4.943E-04 9.82E-01
1.905E-03 1.005E-02 9.571E-03 4.834E-04 9.82E-01
1.884E-03 9.755E-03 9.283E-03 4.726E-04 9.82E-01
1.862E-03 9.463E-03 9.001E-03 4.618E-04 9.83E-01
1.841E-03 9.177E-03 8.726E-03 4.513E-04 9.83E-01
1.820E-03 8.900E-03 8.459E-03 4.410E-04 9.84E-01
1.799E-03 8.632E-03 8.201E-03 4.309E-04 9.84E-01
1.778E-03 8.375E-03 7.954E-03 4.211E-04 9.84E-01
1.758E-03 8.125E-03 7.713E-03 4.115E-04 9.84E-01
1.738E-03 7.879E-03 7.477E-03 4.020E-04 9.85E-01
1.718E-03 7.639E-03 7.246E-03 3.926E-04 9.85E-01
1.698E-03 7.406E-03 7.023E-03 3.835E-04 9.85E-01
1.679E-03 7.181E-03 6.806E-03 3.746E-04 9.86E-01
1.660E-03 6.965E-03 6.599E-03 3.659E-04 9.86E-01
1.641E-03 6.754E-03 6.397E-03 3.574E-04 9.86E-01
1.622E-03 6.547E-03 6.198E-03 3.491E-04 9.86E-01
1.603E-03 6.346E-03 6.005E-03 3.409E-04 9.87E-01
1.585E-03 6.150E-03 5.817E-03 3.329E-04 9.87E-01
1.567E-03 5.961E-03 5.636E-03 3.252E-04 9.87E-01
1.549E-03 5.780E-03 5.462E-03 3.176E-04 9.87E-01
1.531E-03 5.602E-03 5.292E-03 3.102E-04 9.88E-01
1.514E-03 5.429E-03 5.126E-03 3.028E-04 9.88E-01
1.496E-03 5.260E-03 4.965E-03 2.957E-04 9.88E-01
1.479E-03 5.097E-03 4.809E-03 2.887E-04 9.88E-01
1.462E-03 4.941E-03 4.659E-03 2.819E-04 9.89E-01
1.445E-03 4.788E-03 4.513E-03 2.752E-04 9.89E-01
1.429E-03 4.639E-03 4.370E-03 2.687E-04 9.89E-01
1.413E-03 4.493E-03 4.231E-03 2.624E-04 9.89E-01
1.396E-03 4.353E-03 4.096E-03 2.562E-04 9.89E-01
1.380E-03 4.217E-03 3.967E-03 2.501E-04 9.90E-01
1.365E-03 4.086E-03 3.842E-03 2.442E-04 9.90E-01
1.349E-03 3.958E-03 3.720E-03 2.384E-04 9.90E-01
1.334E-03 3.834E-03 3.601E-03 2.327E-04 9.90E-01
1.318E-03 3.714E-03 3.487E-03 2.272E-04 9.90E-01
1.303E-03 3.599E-03 3.377E-03 2.218E-04 9.91E-01
1.288E-03 3.488E-03 3.272E-03 2.166E-04 9.91E-01
1.274E-03 3.379E-03 3.168E-03 2.114E-04 9.91E-01
1.259E-03 3.272E-03 3.066E-03 2.063E-04 9.91E-01
1.245E-03 3.168E-03 2.966E-03 2.013E-04 9.91E-01
1.230E-03 3.071E-03 2.874E-03 1.966E-04 9.92E-01
1.216E-03 2.978E-03 2.786E-03 1.921E-04 9.92E-01
1.202E-03 2.886E-03 2.698E-03 1.876E-04 9.92E-01
1.189E-03 2.795E-03 2.612E-03 1.831E-04 9.92E-01
1.175E-03 2.705E-03 2.527E-03 1.787E-04 9.92E-01
1.161E-03 2.618E-03 2.444E-03 1.744E-04 9.92E-01
1.148E-03 2.533E-03 2.362E-03 1.702E-04 9.92E-01
1.135E-03 2.450E-03 2.284E-03 1.660E-04 9.93E-01
1.122E-03 2.370E-03 2.208E-03 1.620E-04 9.93E-01
1.109E-03 2.295E-03 2.137E-03 1.582E-04 9.93E-01
1.096E-03 2.221E-03 2.067E-03 1.543E-04 9.93E-01
1.084E-03 2.149E-03 1.999E-03 1.506E-04 9.93E-01
1.072E-03 2.080E-03 1.933E-03 1.469E-04 9.93E-01
1.059E-03 2.013E-03 1.870E-03 1.434E-04 9.93E-01
1.047E-03 1.949E-03 1.809E-03 1.399E-04 9.94E-01
1.035E-03 1.889E-03 1.752E-03 1.366E-04 9.94E-01
1.023E-03 1.829E-03 1.695E-03 1.333E-04 9.94E-01
1.012E-03 1.770E-03 1.640E-03 1.301E-04 9.94E-01
