w(micron)   Q_ext     Q_abs     Q_sca    g=<cos>
1.000E+03 7.242E-09 7.242E-09 4.135E-20 0.00E+00
9.886E+02 7.401E-09 7.401E-09 4.330E-20 0.00E+00
9.772E+02 7.563E-09 7.563E-09 4.534E-20 0.00E+00
9.661E+02 7.730E-09 7.730E-09 4.747E-20 0.00E+00
9.550E+02 7.900E-09 7.900E-09 4.971E-20 0.00E+00
9.441E+02 8.074E-09 8.074E-09 5.205E-20 0.00E+00
9.333E+02 8.251E-09 8.251E-09 5.450E-20 0.00E+00
9.226E+02 8.433E-09 8.433E-09 5.707E-20 0.00E+00
9.120E+02 8.620E-09 8.620E-09 5.976E-20 0.00E+00
9.016E+02 8.810E-09 8.810E-09 6.257E-20 0.00E+00
8.913E+02 9.005E-09 9.005E-09 6.552E-20 0.00E+00
8.810E+02 9.204E-09 9.204E-09 6.861E-20 0.00E+00
8.710E+02 9.408E-09 9.408E-09 7.184E-20 0.00E+00
8.610E+02 9.616E-09 9.616E-09 7.522E-20 0.00E+00
8.511E+02 9.829E-09 9.829E-09 7.876E-20 0.00E+00
8.414E+02 1.005E-08 1.005E-08 8.247E-20 0.00E+00
8.318E+02 1.027E-08 1.027E-08 8.636E-20 0.00E+00
8.222E+02 1.050E-08 1.050E-08 9.043E-20 0.00E+00
8.128E+02 1.073E-08 1.073E-08 9.469E-20 0.00E+00
8.035E+02 1.097E-08 1.097E-08 9.915E-20 0.00E+00
7.943E+02 1.122E-08 1.122E-08 1.038E-19 0.00E+00
7.852E+02 1.147E-08 1.147E-08 1.087E-19 0.00E+00
7.762E+02 1.172E-08 1.172E-08 1.138E-19 0.00E+00
7.674E+02 1.198E-08 1.198E-08 1.192E-19 0.00E+00
7.586E+02 1.225E-08 1.225E-08 1.248E-19 0.00E+00
7.499E+02 1.252E-08 1.252E-08 1.307E-19 0.00E+00
7.413E+02 1.280E-08 1.280E-08 1.368E-19 0.00E+00
7.328E+02 1.309E-08 1.309E-08 1.433E-19 0.00E+00
7.244E+02 1.339E-08 1.339E-08 1.500E-19 0.00E+00
7.161E+02 1.369E-08 1.369E-08 1.571E-19 0.00E+00
7.079E+02 1.399E-08 1.399E-08 1.645E-19 0.00E+00
6.998E+02 1.431E-08 1.431E-08 1.722E-19 0.00E+00
6.918E+02 1.463E-08 1.463E-08 1.804E-19 0.00E+00
6.839E+02 1.496E-08 1.496E-08 1.889E-19 0.00E+00
6.761E+02 1.529E-08 1.529E-08 1.977E-19 0.00E+00
6.683E+02 1.564E-08 1.564E-08 2.071E-19 0.00E+00
6.607E+02 1.599E-08 1.599E-08 2.168E-19 0.00E+00
6.531E+02 1.635E-08 1.635E-08 2.270E-19 0.00E+00
6.457E+02 1.672E-08 1.672E-08 2.377E-19 0.00E+00
6.383E+02 1.710E-08 1.710E-08 2.489E-19 0.00E+00
6.310E+02 1.748E-08 1.748E-08 2.606E-19 0.00E+00
6.237E+02 1.788E-08 1.788E-08 2.729E-19 0.00E+00
6.166E+02 1.828E-08 1.828E-08 2.858E-19 0.00E+00
6.095E+02 1.869E-08 1.869E-08 2.992E-19 0.00E+00
6.026E+02 1.912E-08 1.912E-08 3.133E-19 0.00E+00
5.957E+02 1.955E-08 1.955E-08 3.281E-19 0.00E+00
5.888E+02 1.999E-08 1.999E-08 3.435E-19 0.00E+00
5.821E+02 2.045E-08 2.045E-08 3.597E-19 0.00E+00
5.754E+02 2.091E-08 2.091E-08 3.767E-19 0.00E+00
5.689E+02 2.139E-08 2.139E-08 3.944E-19 0.00E+00
5.623E+02 2.187E-08 2.187E-08 4.130E-19 0.00E+00
5.559E+02 2.237E-08 2.237E-08 4.324E-19 0.00E+00
5.495E+02 2.288E-08 2.288E-08 4.528E-19 0.00E+00
5.433E+02 2.340E-08 2.340E-08 4.741E-19 0.00E+00
5.370E+02 2.393E-08 2.393E-08 4.965E-19 0.00E+00
5.309E+02 2.447E-08 2.447E-08 5.198E-19 0.00E+00
5.248E+02 2.503E-08 2.503E-08 5.443E-19 0.00E+00
5.188E+02 2.560E-08 2.560E-08 5.700E-19 0.00E+00
5.129E+02 2.619E-08 2.619E-08 5.968E-19 0.00E+00
5.070E+02 2.678E-08 2.678E-08 6.249E-19 0.00E+00
5.012E+02 2.740E-08 2.740E-08 6.543E-19 0.00E+00
4.955E+02 2.802E-08 2.802E-08 6.851E-19 0.00E+00
4.898E+02 2.866E-08 2.866E-08 7.174E-19 0.00E+00
4.842E+02 2.932E-08 2.932E-08 7.512E-19 0.00E+00
4.786E+02 2.999E-08 2.999E-08 7.866E-19 0.00E+00
4.732E+02 3.067E-08 3.067E-08 8.236E-19 0.00E+00
4.677E+02 3.137E-08 3.137E-08 8.624E-19 0.00E+00
4.624E+02 3.209E-08 3.209E-08 9.030E-19 0.00E+00
4.571E+02 3.283E-08 3.283E-08 9.455E-19 0.00E+00
4.519E+02 3.358E-08 3.358E-08 9.901E-19 0.00E+00
4.467E+02 3.435E-08 3.435E-08 1.037E-18 0.00E+00
4.416E+02 3.514E-08 3.514E-08 1.086E-18 0.00E+00
4.365E+02 3.594E-08 3.594E-08 1.137E-18 0.00E+00
4.315E+02 3.677E-08 3.677E-08 1.190E-18 0.00E+00
4.266E+02 3.761E-08 3.761E-08 1.246E-18 0.00E+00
4.217E+02 3.847E-08 3.847E-08 1.305E-18 0.00E+00
4.169E+02 3.936E-08 3.936E-08 1.366E-18 0.00E+00
4.121E+02 4.026E-08 4.026E-08 1.431E-18 0.00E+00
4.074E+02 4.119E-08 4.119E-08 1.498E-18 0.00E+00
4.027E+02 4.213E-08 4.213E-08 1.569E-18 0.00E+00
3.981E+02 4.310E-08 4.310E-08 1.642E-18 0.00E+00
3.936E+02 4.409E-08 4.409E-08 1.720E-18 0.00E+00
3.890E+02 4.511E-08 4.511E-08 1.801E-18 0.00E+00
3.846E+02 4.615E-08 4.615E-08 1.885E-18 0.00E+00
3.802E+02 4.721E-08 4.721E-08 1.974E-18 0.00E+00
3.758E+02 4.830E-08 4.830E-08 2.067E-18 0.00E+00
3.715E+02 4.941E-08 4.941E-08 2.165E-18 0.00E+00
3.673E+02 5.055E-08 5.055E-08 2.266E-18 0.00E+00
3.631E+02 5.172E-08 5.172E-08 2.373E-18 0.00E+00
3.589E+02 5.291E-08 5.291E-08 2.485E-18 0.00E+00
3.548E+02 5.413E-08 5.413E-08 2.602E-18 0.00E+00
3.508E+02 5.538E-08 5.538E-08 2.724E-18 0.00E+00
3.467E+02 5.666E-08 5.666E-08 2.852E-18 0.00E+00
3.428E+02 5.797E-08 5.797E-08 2.987E-18 0.00E+00
3.388E+02 5.930E-08 5.930E-08 3.127E-18 0.00E+00
3.350E+02 6.067E-08 6.067E-08 3.275E-18 0.00E+00
3.311E+02 6.208E-08 6.208E-08 3.429E-18 0.00E+00
3.273E+02 6.351E-08 6.351E-08 3.590E-18 0.00E+00
3.236E+02 6.498E-08 6.498E-08 3.759E-18 0.00E+00
3.199E+02 6.648E-08 6.648E-08 3.936E-18 0.00E+00
3.162E+02 6.802E-08 6.802E-08 4.121E-18 0.00E+00
3.126E+02 6.960E-08 6.960E-08 4.315E-18 0.00E+00
3.090E+02 7.121E-08 7.121E-08 4.518E-18 0.00E+00
3.055E+02 7.286E-08 7.286E-08 4.731E-18 0.00E+00
3.020E+02 7.454E-08 7.454E-08 4.953E-18 0.00E+00
2.985E+02 7.627E-08 7.627E-08 5.186E-18 0.00E+00
2.951E+02 7.804E-08 7.804E-08 5.431E-18 0.00E+00
2.917E+02 7.985E-08 7.985E-08 5.686E-18 0.00E+00
2.884E+02 8.170E-08 8.170E-08 5.954E-18 0.00E+00
2.851E+02 8.359E-08 8.359E-08 6.234E-18 0.00E+00
2.818E+02 8.553E-08 8.553E-08 6.527E-18 0.00E+00
2.786E+02 8.751E-08 8.751E-08 6.834E-18 0.00E+00
2.754E+02 8.955E-08 8.955E-08 7.155E-18 0.00E+00
2.723E+02 9.162E-08 9.162E-08 7.492E-18 0.00E+00
2.692E+02 9.375E-08 9.375E-08 7.844E-18 0.00E+00
2.661E+02 9.593E-08 9.593E-08 8.213E-18 0.00E+00
2.630E+02 9.816E-08 9.816E-08 8.600E-18 0.00E+00
2.600E+02 1.004E-07 1.004E-07 9.004E-18 0.00E+00
2.570E+02 1.028E-07 1.028E-07 9.428E-18 0.00E+00
2.541E+02 1.052E-07 1.052E-07 9.871E-18 0.00E+00
2.512E+02 1.076E-07 1.076E-07 1.034E-17 0.00E+00
2.483E+02 1.101E-07 1.101E-07 1.082E-17 0.00E+00
2.455E+02 1.127E-07 1.127E-07 1.133E-17 0.00E+00
2.427E+02 1.153E-07 1.153E-07 1.186E-17 0.00E+00
2.399E+02 1.180E-07 1.180E-07 1.242E-17 0.00E+00
2.371E+02 1.207E-07 1.207E-07 1.300E-17 0.00E+00
2.344E+02 1.235E-07 1.235E-07 1.362E-17 0.00E+00
2.317E+02 1.264E-07 1.264E-07 1.426E-17 0.00E+00
2.291E+02 1.293E-07 1.293E-07 1.493E-17 0.00E+00
2.265E+02 1.324E-07 1.324E-07 1.563E-17 0.00E+00
2.239E+02 1.354E-07 1.354E-07 1.636E-17 0.00E+00
2.213E+02 1.386E-07 1.386E-07 1.713E-17 0.00E+00
2.188E+02 1.418E-07 1.418E-07 1.794E-17 0.00E+00
2.163E+02 1.451E-07 1.451E-07 1.878E-17 0.00E+00
2.138E+02 1.485E-07 1.485E-07 1.966E-17 0.00E+00
2.113E+02 1.520E-07 1.520E-07 2.059E-17 0.00E+00
2.089E+02 1.555E-07 1.555E-07 2.155E-17 0.00E+00
2.065E+02 1.592E-07 1.592E-07 2.256E-17 0.00E+00
2.042E+02 1.629E-07 1.629E-07 2.362E-17 0.00E+00
2.018E+02 1.667E-07 1.667E-07 2.473E-17 0.00E+00
1.995E+02 1.706E-07 1.706E-07 2.590E-17 0.00E+00
1.972E+02 1.745E-07 1.745E-07 2.711E-17 0.00E+00
1.950E+02 1.786E-07 1.786E-07 2.839E-17 0.00E+00
1.928E+02 1.828E-07 1.828E-07 2.972E-17 0.00E+00
1.905E+02 1.871E-07 1.871E-07 3.111E-17 0.00E+00
1.884E+02 1.914E-07 1.914E-07 3.257E-17 0.00E+00
1.862E+02 1.959E-07 1.959E-07 3.410E-17 0.00E+00
1.841E+02 2.005E-07 2.005E-07 3.570E-17 0.00E+00
1.820E+02 2.052E-07 2.052E-07 3.738E-17 0.00E+00
1.799E+02 2.100E-07 2.100E-07 3.913E-17 0.00E+00
1.778E+02 2.149E-07 2.149E-07 4.097E-17 0.00E+00
1.758E+02 2.200E-07 2.200E-07 4.289E-17 0.00E+00
1.738E+02 2.251E-07 2.251E-07 4.491E-17 0.00E+00
1.718E+02 2.304E-07 2.304E-07 4.701E-17 0.00E+00
1.698E+02 2.358E-07 2.358E-07 4.922E-17 0.00E+00
1.679E+02 2.413E-07 2.413E-07 5.153E-17 0.00E+00
1.660E+02 2.470E-07 2.470E-07 5.394E-17 0.00E+00
1.641E+02 2.528E-07 2.528E-07 5.647E-17 0.00E+00
1.622E+02 2.587E-07 2.587E-07 5.912E-17 0.00E+00
1.603E+02 2.648E-07 2.648E-07 6.189E-17 0.00E+00
1.585E+02 2.710E-07 2.710E-07 6.479E-17 0.00E+00
1.567E+02 2.773E-07 2.773E-07 6.783E-17 0.00E+00
1.549E+02 2.839E-07 2.839E-07 7.101E-17 0.00E+00
1.531E+02 2.905E-07 2.905E-07 7.434E-17 0.00E+00
1.514E+02 2.974E-07 2.974E-07 7.782E-17 0.00E+00
1.496E+02 3.044E-07 3.044E-07 8.146E-17 0.00E+00
1.479E+02 3.115E-07 3.115E-07 8.528E-17 0.00E+00
1.462E+02 3.189E-07 3.189E-07 8.927E-17 0.00E+00
1.445E+02 3.264E-07 3.264E-07 9.345E-17 0.00E+00
1.429E+02 3.341E-07 3.341E-07 9.783E-17 0.00E+00
1.413E+02 3.419E-07 3.419E-07 1.024E-16 0.00E+00
1.396E+02 3.500E-07 3.500E-07 1.072E-16 0.00E+00
1.380E+02 3.582E-07 3.582E-07 1.122E-16 0.00E+00
1.365E+02 3.667E-07 3.667E-07 1.175E-16 0.00E+00
1.349E+02 3.753E-07 3.753E-07 1.230E-16 0.00E+00
1.334E+02 3.842E-07 3.842E-07 1.287E-16 0.00E+00
1.318E+02 3.933E-07 3.933E-07 1.347E-16 0.00E+00
1.303E+02 4.026E-07 4.026E-07 1.410E-16 0.00E+00
1.288E+02 4.121E-07 4.121E-07 1.476E-16 0.00E+00
1.274E+02 4.219E-07 4.219E-07 1.545E-16 0.00E+00
1.259E+02 4.319E-07 4.319E-07 1.617E-16 0.00E+00
1.245E+02 4.421E-07 4.421E-07 1.693E-16 0.00E+00
1.230E+02 4.526E-07 4.526E-07 1.772E-16 0.00E+00
1.216E+02 4.633E-07 4.633E-07 1.855E-16 0.00E+00
1.202E+02 4.743E-07 4.743E-07 1.941E-16 0.00E+00
1.189E+02 4.855E-07 4.855E-07 2.032E-16 0.00E+00
1.175E+02 4.971E-07 4.971E-07 2.127E-16 0.00E+00
1.161E+02 5.089E-07 5.089E-07 2.226E-16 0.00E+00
1.148E+02 5.210E-07 5.210E-07 2.330E-16 0.00E+00
1.135E+02 5.334E-07 5.334E-07 2.438E-16 0.00E+00
1.122E+02 5.461E-07 5.461E-07 2.552E-16 0.00E+00
1.109E+02 5.591E-07 5.591E-07 2.671E-16 0.00E+00
1.096E+02 5.724E-07 5.724E-07 2.795E-16 0.00E+00
1.084E+02 5.861E-07 5.861E-07 2.925E-16 0.00E+00
1.072E+02 6.000E-07 6.000E-07 3.061E-16 0.00E+00
1.059E+02 6.144E-07 6.144E-07 3.204E-16 0.00E+00
1.047E+02 6.290E-07 6.290E-07 3.353E-16 0.00E+00
1.035E+02 6.441E-07 6.441E-07 3.509E-16 0.00E+00
1.023E+02 6.595E-07 6.595E-07 3.672E-16 0.00E+00
1.012E+02 6.752E-07 6.752E-07 3.842E-16 0.00E+00
1.000E+02 6.914E-07 6.914E-07 4.021E-16 0.00E+00
9.886E+01 7.080E-07 7.080E-07 4.208E-16 0.00E+00
9.772E+01 7.249E-07 7.249E-07 4.403E-16 0.00E+00
9.661E+01 7.423E-07 7.423E-07 4.607E-16 0.00E+00
9.550E+01 7.601E-07 7.601E-07 4.821E-16 0.00E+00
9.441E+01 7.783E-07 7.783E-07 5.044E-16 0.00E+00
9.333E+01 7.970E-07 7.970E-07 5.278E-16 0.00E+00
9.226E+01 8.161E-07 8.161E-07 5.522E-16 0.00E+00
9.120E+01 8.357E-07 8.357E-07 5.778E-16 0.00E+00
9.016E+01 8.558E-07 8.558E-07 6.045E-16 0.00E+00
8.913E+01 8.763E-07 8.763E-07 6.325E-16 0.00E+00
8.810E+01 8.974E-07 8.974E-07 6.617E-16 0.00E+00
8.710E+01 9.190E-07 9.190E-07 6.923E-16 0.00E+00
8.610E+01 9.412E-07 9.412E-07 7.242E-16 0.00E+00
8.511E+01 9.638E-07 9.638E-07 7.577E-16 0.00E+00
8.414E+01 9.871E-07 9.871E-07 7.926E-16 0.00E+00
8.318E+01 1.011E-06 1.011E-06 8.292E-16 0.00E+00
8.222E+01 1.035E-06 1.035E-06 8.674E-16 0.00E+00
8.128E+01 1.060E-06 1.060E-06 9.074E-16 0.00E+00
8.035E+01 1.086E-06 1.086E-06 9.491E-16 0.00E+00
7.943E+01 1.112E-06 1.112E-06 9.928E-16 0.00E+00
7.852E+01 1.139E-06 1.139E-06 1.038E-15 0.00E+00
7.762E+01 1.167E-06 1.167E-06 1.086E-15 0.00E+00
7.674E+01 1.196E-06 1.196E-06 1.136E-15 0.00E+00
7.586E+01 1.225E-06 1.225E-06 1.188E-15 0.00E+00
7.499E+01 1.254E-06 1.254E-06 1.243E-15 0.00E+00
7.413E+01 1.285E-06 1.285E-06 1.300E-15 0.00E+00
7.328E+01 1.316E-06 1.316E-06 1.359E-15 0.00E+00
7.244E+01 1.349E-06 1.349E-06 1.422E-15 0.00E+00
7.161E+01 1.382E-06 1.382E-06 1.487E-15 0.00E+00
7.079E+01 1.416E-06 1.416E-06 1.555E-15 0.00E+00
6.998E+01 1.450E-06 1.450E-06 1.626E-15 0.00E+00
6.918E+01 1.486E-06 1.486E-06 1.700E-15 0.00E+00
6.839E+01 1.522E-06 1.522E-06 1.777E-15 0.00E+00
6.761E+01 1.560E-06 1.560E-06 1.858E-15 0.00E+00
6.683E+01 1.599E-06 1.599E-06 1.943E-15 0.00E+00
6.607E+01 1.638E-06 1.638E-06 2.032E-15 0.00E+00
6.531E+01 1.679E-06 1.679E-06 2.124E-15 0.00E+00
6.457E+01 1.720E-06 1.720E-06 2.221E-15 0.00E+00
6.383E+01 1.763E-06 1.763E-06 2.322E-15 0.00E+00
6.310E+01 1.807E-06 1.807E-06 2.427E-15 0.00E+00
6.237E+01 1.852E-06 1.852E-06 2.537E-15 0.00E+00
6.166E+01 1.898E-06 1.898E-06 2.652E-15 0.00E+00
6.095E+01 1.946E-06 1.946E-06 2.772E-15 0.00E+00
6.026E+01 1.995E-06 1.995E-06 2.898E-15 0.00E+00
5.957E+01 2.045E-06 2.045E-06 3.029E-15 0.00E+00
5.888E+01 2.097E-06 2.097E-06 3.165E-15 0.00E+00
5.821E+01 2.150E-06 2.150E-06 3.308E-15 0.00E+00
5.754E+01 2.204E-06 2.204E-06 3.458E-15 0.00E+00
5.689E+01 2.261E-06 2.261E-06 3.613E-15 0.00E+00
5.623E+01 2.318E-06 2.318E-06 3.776E-15 0.00E+00
5.559E+01 2.378E-06 2.378E-06 3.946E-15 0.00E+00
5.495E+01 2.439E-06 2.439E-06 4.123E-15 0.00E+00
5.433E+01 2.502E-06 2.502E-06 4.309E-15 0.00E+00
5.370E+01 2.566E-06 2.566E-06 4.502E-15 0.00E+00
5.309E+01 2.633E-06 2.633E-06 4.704E-15 0.00E+00
5.248E+01 2.701E-06 2.701E-06 4.915E-15 0.00E+00
5.188E+01 2.772E-06 2.772E-06 5.135E-15 0.00E+00
5.129E+01 2.845E-06 2.845E-06 5.365E-15 0.00E+00
5.070E+01 2.920E-06 2.920E-06 5.604E-15 0.00E+00
5.012E+01 2.997E-06 2.997E-06 5.855E-15 0.00E+00
4.955E+01 3.077E-06 3.077E-06 6.116E-15 0.00E+00
4.898E+01 3.159E-06 3.159E-06 6.389E-15 0.00E+00
4.842E+01 3.244E-06 3.244E-06 6.674E-15 0.00E+00
4.786E+01 3.331E-06 3.331E-06 6.971E-15 0.00E+00
4.732E+01 3.421E-06 3.421E-06 7.281E-15 0.00E+00
4.677E+01 3.514E-06 3.514E-06 7.605E-15 0.00E+00
4.624E+01 3.611E-06 3.611E-06 7.943E-15 0.00E+00
4.571E+01 3.710E-06 3.710E-06 8.296E-15 0.00E+00
4.519E+01 3.812E-06 3.812E-06 8.664E-15 0.00E+00
4.467E+01 3.918E-06 3.918E-06 9.048E-15 0.00E+00
4.416E+01 4.027E-06 4.027E-06 9.449E-15 0.00E+00
4.365E+01 4.140E-06 4.140E-06 9.867E-15 0.00E+00
4.315E+01 4.257E-06 4.257E-06 1.030E-14 0.00E+00
4.266E+01 4.378E-06 4.378E-06 1.076E-14 0.00E+00
4.217E+01 4.503E-06 4.503E-06 1.124E-14 0.00E+00
4.169E+01 4.632E-06 4.632E-06 1.173E-14 0.00E+00
4.121E+01 4.765E-06 4.765E-06 1.225E-14 0.00E+00
4.074E+01 4.903E-06 4.903E-06 1.279E-14 0.00E+00
4.027E+01 5.045E-06 5.045E-06 1.336E-14 0.00E+00
3.981E+01 5.192E-06 5.192E-06 1.395E-14 0.00E+00
3.936E+01 5.344E-06 5.344E-06 1.456E-14 0.00E+00
3.890E+01 5.502E-06 5.502E-06 1.520E-14 0.00E+00
3.846E+01 5.664E-06 5.664E-06 1.587E-14 0.00E+00
3.802E+01 5.832E-06 5.832E-06 1.658E-14 0.00E+00
3.758E+01 6.005E-06 6.005E-06 1.731E-14 0.00E+00
3.715E+01 6.184E-06 6.184E-06 1.807E-14 0.00E+00
3.673E+01 6.368E-06 6.368E-06 1.887E-14 0.00E+00
3.631E+01 6.558E-06 6.558E-06 1.970E-14 0.00E+00
3.589E+01 6.753E-06 6.753E-06 2.057E-14 0.00E+00
3.548E+01 6.954E-06 6.954E-06 2.148E-14 0.00E+00
3.508E+01 7.161E-06 7.161E-06 2.243E-14 0.00E+00
3.467E+01 7.373E-06 7.373E-06 2.342E-14 0.00E+00
3.428E+01 7.590E-06 7.590E-06 2.446E-14 0.00E+00
3.388E+01 7.812E-06 7.812E-06 2.554E-14 0.00E+00
3.350E+01 8.038E-06 8.038E-06 2.668E-14 0.00E+00
3.311E+01 8.269E-06 8.269E-06 2.786E-14 0.00E+00
3.273E+01 8.504E-06 8.504E-06 2.910E-14 0.00E+00
3.236E+01 8.742E-06 8.742E-06 3.039E-14 0.00E+00
3.199E+01 8.982E-06 8.982E-06 3.174E-14 0.00E+00
3.162E+01 9.225E-06 9.225E-06 3.315E-14 0.00E+00
3.126E+01 9.469E-06 9.469E-06 3.463E-14 0.00E+00
3.090E+01 9.713E-06 9.713E-06 3.617E-14 0.00E+00
3.055E+01 9.956E-06 9.956E-06 3.778E-14 0.00E+00
3.020E+01 1.020E-05 1.020E-05 3.947E-14 0.00E+00
2.985E+01 1.044E-05 1.044E-05 4.124E-14 0.00E+00
2.951E+01 1.068E-05 1.068E-05 4.308E-14 0.00E+00
2.917E+01 1.091E-05 1.091E-05 4.501E-14 0.00E+00
2.884E+01 1.114E-05 1.114E-05 4.704E-14 0.00E+00
2.851E+01 1.136E-05 1.136E-05 4.915E-14 0.00E+00
2.818E+01 1.158E-05 1.158E-05 5.136E-14 0.00E+00
2.786E+01 1.179E-05 1.179E-05 5.367E-14 0.00E+00
2.754E+01 1.200E-05 1.200E-05 5.609E-14 0.00E+00
2.723E+01 1.221E-05 1.221E-05 5.863E-14 0.00E+00
2.692E+01 1.242E-05 1.242E-05 6.128E-14 0.00E+00
2.661E+01 1.264E-05 1.264E-05 6.405E-14 0.00E+00
2.630E+01 1.286E-05 1.286E-05 6.696E-14 0.00E+00
2.600E+01 1.312E-05 1.312E-05 6.999E-14 0.00E+00
2.570E+01 1.341E-05 1.341E-05 7.318E-14 0.00E+00
2.541E+01 1.377E-05 1.377E-05 7.650E-14 0.00E+00
2.512E+01 1.424E-05 1.424E-05 7.999E-14 0.00E+00
2.483E+01 1.489E-05 1.489E-05 8.363E-14 0.00E+00
2.455E+01 1.583E-05 1.583E-05 8.744E-14 0.00E+00
2.427E+01 1.729E-05 1.729E-05 9.143E-14 0.00E+00
2.399E+01 1.972E-05 1.972E-05 9.561E-14 0.00E+00
2.371E+01 2.393E-05 2.393E-05 9.999E-14 0.00E+00
2.344E+01 3.087E-05 3.087E-05 1.046E-13 0.00E+00
2.317E+01 3.795E-05 3.795E-05 1.094E-13 0.00E+00
2.291E+01 3.689E-05 3.689E-05 1.144E-13 0.00E+00
2.265E+01 3.152E-05 3.152E-05 1.197E-13 0.00E+00
2.239E+01 2.936E-05 2.936E-05 1.252E-13 0.00E+00
2.213E+01 3.182E-05 3.182E-05 1.310E-13 0.00E+00
2.188E+01 4.048E-05 4.048E-05 1.370E-13 0.00E+00
2.163E+01 6.034E-05 6.034E-05 1.433E-13 0.00E+00
2.138E+01 9.567E-05 9.567E-05 1.500E-13 0.00E+00
2.113E+01 1.090E-04 1.090E-04 1.570E-13 0.00E+00
2.089E+01 7.399E-05 7.399E-05 1.642E-13 0.00E+00
2.065E+01 4.520E-05 4.520E-05 1.719E-13 0.00E+00
2.042E+01 3.052E-05 3.052E-05 1.799E-13 0.00E+00
2.018E+01 2.297E-05 2.297E-05 1.882E-13 0.00E+00
1.995E+01 1.880E-05 1.880E-05 1.970E-13 0.00E+00
1.972E+01 1.641E-05 1.641E-05 2.061E-13 0.00E+00
1.950E+01 1.510E-05 1.510E-05 2.157E-13 0.00E+00
1.928E+01 1.468E-05 1.468E-05 2.258E-13 0.00E+00
1.905E+01 1.533E-05 1.533E-05 2.363E-13 0.00E+00
1.884E+01 1.806E-05 1.806E-05 2.473E-13 0.00E+00
1.862E+01 2.702E-05 2.702E-05 2.589E-13 0.00E+00
1.841E+01 6.294E-05 6.294E-05 2.710E-13 0.00E+00
1.820E+01 1.010E-04 1.010E-04 2.837E-13 0.00E+00
1.799E+01 3.769E-05 3.769E-05 2.970E-13 0.00E+00
1.778E+01 1.973E-05 1.973E-05 3.109E-13 0.00E+00
1.758E+01 1.421E-05 1.421E-05 3.255E-13 0.00E+00
1.738E+01 1.206E-05 1.206E-05 3.407E-13 0.00E+00
1.718E+01 1.134E-05 1.134E-05 3.567E-13 0.00E+00
1.698E+01 1.182E-05 1.182E-05 3.735E-13 0.00E+00
1.679E+01 1.479E-05 1.479E-05 3.910E-13 0.00E+00
1.660E+01 3.038E-05 3.038E-05 4.094E-13 0.00E+00
1.641E+01 1.621E-04 1.621E-04 4.287E-13 0.00E+00
1.622E+01 3.244E-05 3.244E-05 4.489E-13 0.00E+00
1.603E+01 1.427E-05 1.427E-05 4.700E-13 0.00E+00
1.585E+01 1.042E-05 1.042E-05 4.921E-13 0.00E+00
1.567E+01 9.049E-06 9.049E-06 5.153E-13 0.00E+00
1.549E+01 8.440E-06 8.440E-06 5.396E-13 0.00E+00
1.531E+01 8.164E-06 8.164E-06 5.650E-13 0.00E+00
1.514E+01 8.075E-06 8.075E-06 5.917E-13 0.00E+00
1.496E+01 8.114E-06 8.114E-06 6.196E-13 0.00E+00
1.479E+01 8.264E-06 8.264E-06 6.489E-13 0.00E+00
1.462E+01 8.523E-06 8.523E-06 6.796E-13 0.00E+00
1.445E+01 8.905E-06 8.905E-06 7.116E-13 0.00E+00
1.429E+01 9.435E-06 9.435E-06 7.452E-13 0.00E+00
1.413E+01 1.016E-05 1.016E-05 7.804E-13 0.00E+00
1.396E+01 1.114E-05 1.114E-05 8.172E-13 0.00E+00
1.380E+01 1.251E-05 1.251E-05 8.558E-13 0.00E+00
1.365E+01 1.442E-05 1.442E-05 8.962E-13 0.00E+00
1.349E+01 1.719E-05 1.719E-05 9.385E-13 0.00E+00
1.334E+01 2.130E-05 2.130E-05 9.829E-13 0.00E+00
1.318E+01 2.752E-05 2.752E-05 1.029E-12 0.00E+00
1.303E+01 3.673E-05 3.673E-05 1.078E-12 0.00E+00
1.288E+01 4.843E-05 4.843E-05 1.129E-12 0.00E+00
1.274E+01 5.721E-05 5.721E-05 1.182E-12 0.00E+00
1.259E+01 5.579E-05 5.579E-05 1.238E-12 0.00E+00
1.245E+01 4.784E-05 4.784E-05 1.297E-12 0.00E+00
1.230E+01 4.211E-05 4.211E-05 1.358E-12 0.00E+00
1.216E+01 4.367E-05 4.367E-05 1.422E-12 0.00E+00
1.202E+01 5.987E-05 5.987E-05 1.489E-12 0.00E+00
1.189E+01 8.205E-05 8.205E-05 1.561E-12 0.00E+00
1.175E+01 6.798E-05 6.798E-05 1.638E-12 0.00E+00
1.161E+01 7.651E-05 7.651E-05 1.723E-12 0.00E+00
1.148E+01 1.202E-04 1.202E-04 1.754E-12 0.00E+00
1.135E+01 1.914E-04 1.914E-04 1.864E-12 0.00E+00
1.122E+01 1.747E-04 1.747E-04 1.955E-12 0.00E+00
1.109E+01 1.002E-04 1.002E-04 2.050E-12 4.49E-07
1.096E+01 5.807E-05 5.807E-05 2.148E-12 4.63E-07
1.084E+01 3.802E-05 3.802E-05 2.251E-12 4.78E-07
1.072E+01 2.773E-05 2.773E-05 2.358E-12 4.92E-07
1.059E+01 2.197E-05 2.197E-05 2.469E-12 5.07E-07
1.047E+01 1.853E-05 1.853E-05 2.585E-12 5.23E-07
1.035E+01 1.640E-05 1.640E-05 2.706E-12 5.38E-07
1.023E+01 1.509E-05 1.509E-05 2.834E-12 5.53E-07
1.012E+01 1.432E-05 1.432E-05 2.968E-12 5.70E-07
1.000E+01 1.394E-05 1.394E-05 3.108E-12 5.86E-07
9.886E+00 1.389E-05 1.389E-05 3.254E-12 6.02E-07
9.772E+00 1.412E-05 1.412E-05 3.408E-12 6.19E-07
9.661E+00 1.462E-05 1.462E-05 3.569E-12 6.35E-07
9.550E+00 1.542E-05 1.542E-05 3.737E-12 6.52E-07
9.441E+00 1.657E-05 1.657E-05 3.913E-12 6.69E-07
9.333E+00 1.817E-05 1.817E-05 4.097E-12 6.87E-07
9.226E+00 2.039E-05 2.039E-05 4.290E-12 7.04E-07
9.120E+00 2.357E-05 2.357E-05 4.492E-12 7.22E-07
9.016E+00 2.829E-05 2.829E-05 4.704E-12 7.40E-07
8.913E+00 3.570E-05 3.570E-05 4.925E-12 7.59E-07
8.810E+00 4.790E-05 4.790E-05 5.157E-12 7.79E-07
8.710E+00 6.655E-05 6.655E-05 5.399E-12 7.99E-07
8.610E+00 8.256E-05 8.256E-05 5.653E-12 8.20E-07
8.511E+00 7.871E-05 7.871E-05 5.919E-12 8.41E-07
8.414E+00 6.880E-05 6.880E-05 6.197E-12 8.63E-07
8.318E+00 6.640E-05 6.640E-05 6.488E-12 8.85E-07
8.222E+00 7.171E-05 7.171E-05 6.793E-12 9.08E-07
8.128E+00 8.366E-05 8.366E-05 7.112E-12 9.33E-07
8.035E+00 1.021E-04 1.021E-04 7.445E-12 9.58E-07
7.943E+00 1.265E-04 1.265E-04 7.795E-12 9.84E-07
7.852E+00 1.537E-04 1.537E-04 8.160E-12 1.01E-06
7.762E+00 1.750E-04 1.750E-04 8.543E-12 1.04E-06
7.674E+00 1.790E-04 1.790E-04 8.943E-12 1.07E-06
7.586E+00 1.629E-04 1.629E-04 9.363E-12 1.09E-06
7.499E+00 1.359E-04 1.359E-04 9.802E-12 1.12E-06
7.413E+00 1.086E-04 1.086E-04 1.026E-11 1.15E-06
7.328E+00 8.605E-05 8.605E-05 1.074E-11 1.18E-06
7.244E+00 6.889E-05 6.889E-05 1.125E-11 1.20E-06
7.161E+00 5.629E-05 5.629E-05 1.178E-11 1.23E-06
7.079E+00 4.717E-05 4.717E-05 1.233E-11 1.26E-06
6.998E+00 4.064E-05 4.064E-05 1.291E-11 1.29E-06
6.918E+00 3.610E-05 3.610E-05 1.351E-11 1.32E-06
6.839E+00 3.318E-05 3.318E-05 1.414E-11 1.35E-06
6.761E+00 3.171E-05 3.171E-05 1.481E-11 1.39E-06
6.683E+00 3.177E-05 3.177E-05 1.550E-11 1.42E-06
6.607E+00 3.371E-05 3.371E-05 1.622E-11 1.45E-06
6.531E+00 3.842E-05 3.842E-05 1.698E-11 1.49E-06
6.457E+00 4.772E-05 4.772E-05 1.778E-11 1.52E-06
6.383E+00 6.516E-05 6.516E-05 1.861E-11 1.56E-06
6.310E+00 9.527E-05 9.527E-05 1.948E-11 1.63E-06
6.237E+00 1.307E-04 1.307E-04 2.040E-11 1.61E-06
6.166E+00 1.310E-04 1.310E-04 2.135E-11 1.65E-06
6.095E+00 9.474E-05 9.474E-05 2.235E-11 1.69E-06
6.026E+00 6.247E-05 6.247E-05 2.339E-11 1.73E-06
5.957E+00 4.291E-05 4.291E-05 2.448E-11 1.77E-06
5.888E+00 3.150E-05 3.150E-05 2.563E-11 1.81E-06
5.821E+00 2.455E-05 2.455E-05 2.682E-11 1.85E-06
5.754E+00 2.006E-05 2.006E-05 2.808E-11 1.89E-06
5.689E+00 1.701E-05 1.701E-05 2.939E-11 1.93E-06
5.623E+00 1.485E-05 1.485E-05 3.076E-11 1.98E-06
5.559E+00 1.326E-05 1.326E-05 3.220E-11 2.02E-06
5.495E+00 1.205E-05 1.205E-05 3.370E-11 2.06E-06
5.433E+00 1.111E-05 1.111E-05 3.527E-11 2.11E-06
5.370E+00 1.037E-05 1.037E-05 3.692E-11 2.16E-06
5.309E+00 9.780E-06 9.780E-06 3.864E-11 2.20E-06
5.248E+00 9.296E-06 9.296E-06 4.044E-11 2.25E-06
5.188E+00 8.899E-06 8.899E-06 4.232E-11 2.31E-06
5.129E+00 8.571E-06 8.571E-06 4.429E-11 2.36E-06
5.070E+00 8.298E-06 8.298E-06 4.635E-11 2.41E-06
5.012E+00 8.070E-06 8.070E-06 4.851E-11 2.47E-06
4.955E+00 7.879E-06 7.879E-06 5.077E-11 2.52E-06
4.898E+00 7.720E-06 7.720E-06 5.313E-11 2.58E-06
4.842E+00 7.588E-06 7.588E-06 5.561E-11 2.63E-06
4.786E+00 7.479E-06 7.479E-06 5.820E-11 2.69E-06
4.732E+00 7.391E-06 7.391E-06 6.091E-11 2.75E-06
4.677E+00 7.322E-06 7.322E-06 6.374E-11 2.81E-06
4.624E+00 7.268E-06 7.268E-06 6.671E-11 2.87E-06
4.571E+00 7.229E-06 7.229E-06 6.982E-11 2.94E-06
4.519E+00 7.203E-06 7.203E-06 7.307E-11 3.00E-06
4.467E+00 7.189E-06 7.189E-06 7.646E-11 3.07E-06
4.416E+00 7.186E-06 7.186E-06 8.002E-11 3.13E-06
4.365E+00 7.193E-06 7.193E-06 8.374E-11 3.20E-06
4.315E+00 7.210E-06 7.210E-06 8.763E-11 3.27E-06
4.266E+00 7.236E-06 7.236E-06 9.170E-11 3.34E-06
4.217E+00 7.271E-06 7.271E-06 9.597E-11 3.41E-06
4.169E+00 7.315E-06 7.315E-06 1.004E-10 3.49E-06
4.121E+00 7.367E-06 7.367E-06 1.051E-10 3.56E-06
4.074E+00 7.428E-06 7.428E-06 1.100E-10 3.64E-06
4.027E+00 7.498E-06 7.498E-06 1.151E-10 3.72E-06
3.981E+00 7.577E-06 7.577E-06 1.204E-10 3.80E-06
3.936E+00 7.667E-06 7.667E-06 1.260E-10 3.88E-06
3.890E+00 7.769E-06 7.769E-06 1.319E-10 3.96E-06
3.846E+00 7.884E-06 7.884E-06 1.380E-10 4.04E-06
3.802E+00 8.016E-06 8.016E-06 1.444E-10 4.13E-06
3.758E+00 8.168E-06 8.168E-06 1.511E-10 4.21E-06
3.715E+00 8.348E-06 8.348E-06 1.581E-10 4.30E-06
3.673E+00 8.566E-06 8.566E-06 1.655E-10 4.39E-06
3.631E+00 8.838E-06 8.838E-06 1.731E-10 4.48E-06
3.589E+00 9.194E-06 9.194E-06 1.812E-10 4.57E-06
3.548E+00 9.688E-06 9.688E-06 1.896E-10 4.66E-06
3.508E+00 1.043E-05 1.043E-05 1.984E-10 4.76E-06
3.467E+00 1.166E-05 1.166E-05 2.076E-10 4.86E-06
3.428E+00 1.403E-05 1.403E-05 2.172E-10 4.96E-06
3.388E+00 1.976E-05 1.976E-05 2.273E-10 5.06E-06
3.350E+00 4.041E-05 4.041E-05 2.378E-10 5.16E-06
3.311E+00 1.789E-04 1.789E-04 2.488E-10 5.26E-06
3.273E+00 8.956E-05 8.956E-05 2.604E-10 5.37E-06
3.236E+00 2.863E-05 2.863E-05 2.725E-10 5.48E-06
3.199E+00 1.739E-05 1.739E-05 2.851E-10 5.60E-06
3.162E+00 1.376E-05 1.376E-05 2.982E-10 5.71E-06
3.126E+00 1.224E-05 1.224E-05 3.121E-10 5.83E-06
3.090E+00 1.150E-05 1.150E-05 3.265E-10 5.95E-06
3.055E+00 1.113E-05 1.113E-05 3.417E-10 6.07E-06
3.020E+00 1.095E-05 1.095E-05 3.575E-10 6.19E-06
2.985E+00 1.088E-05 1.088E-05 3.740E-10 6.32E-06
2.951E+00 1.087E-05 1.087E-05 3.913E-10 6.45E-06
2.917E+00 1.092E-05 1.092E-05 4.095E-10 6.58E-06
2.884E+00 1.100E-05 1.100E-05 4.284E-10 6.71E-06
2.851E+00 1.110E-05 1.110E-05 4.483E-10 6.84E-06
2.818E+00 1.122E-05 1.122E-05 4.690E-10 6.98E-06
2.786E+00 1.135E-05 1.135E-05 4.906E-10 7.13E-06
2.754E+00 1.149E-05 1.149E-05 5.133E-10 7.27E-06
2.723E+00 1.165E-05 1.165E-05 5.370E-10 7.42E-06
2.692E+00 1.181E-05 1.181E-05 5.618E-10 7.57E-06
2.661E+00 1.198E-05 1.198E-05 5.878E-10 7.73E-06
2.630E+00 1.216E-05 1.216E-05 6.149E-10 7.88E-06
2.600E+00 1.234E-05 1.234E-05 6.433E-10 8.05E-06
2.570E+00 1.253E-05 1.253E-05 6.730E-10 8.22E-06
2.541E+00 1.272E-05 1.272E-05 7.040E-10 8.39E-06
2.512E+00 1.292E-05 1.292E-05 7.365E-10 8.56E-06
2.483E+00 1.312E-05 1.312E-05 7.705E-10 8.74E-06
2.455E+00 1.333E-05 1.333E-05 8.061E-10 8.92E-06
2.427E+00 1.354E-05 1.354E-05 8.433E-10 9.10E-06
2.399E+00 1.376E-05 1.376E-05 8.822E-10 9.29E-06
2.371E+00 1.399E-05 1.398E-05 9.229E-10 9.48E-06
2.344E+00 1.421E-05 1.421E-05 9.655E-10 9.67E-06
2.317E+00 1.445E-05 1.445E-05 1.010E-09 9.86E-06
2.291E+00 1.469E-05 1.469E-05 1.057E-09 1.01E-05
2.265E+00 1.494E-05 1.493E-05 1.106E-09 1.03E-05
2.239E+00 1.519E-05 1.519E-05 1.157E-09 1.05E-05
2.213E+00 1.544E-05 1.544E-05 1.210E-09 1.07E-05
2.188E+00 1.571E-05 1.570E-05 1.266E-09 1.09E-05
2.163E+00 1.597E-05 1.597E-05 1.324E-09 1.11E-05
2.138E+00 1.625E-05 1.624E-05 1.386E-09 1.13E-05
2.113E+00 1.652E-05 1.652E-05 1.449E-09 1.16E-05
2.089E+00 1.680E-05 1.680E-05 1.516E-09 1.18E-05
2.065E+00 1.709E-05 1.709E-05 1.586E-09 1.20E-05
2.042E+00 1.738E-05 1.738E-05 1.659E-09 1.23E-05
2.018E+00 1.767E-05 1.767E-05 1.736E-09 1.25E-05
1.995E+00 1.798E-05 1.798E-05 1.816E-09 1.28E-05
1.972E+00 1.829E-05 1.828E-05 1.900E-09 1.30E-05
1.950E+00 1.860E-05 1.860E-05 1.987E-09 1.33E-05
1.928E+00 1.892E-05 1.892E-05 2.079E-09 1.35E-05
1.905E+00 1.925E-05 1.925E-05 2.175E-09 1.38E-05
1.884E+00 1.959E-05 1.958E-05 2.275E-09 1.41E-05
1.862E+00 1.993E-05 1.992E-05 2.380E-09 1.44E-05
1.841E+00 2.028E-05 2.027E-05 2.490E-09 1.46E-05
1.820E+00 2.063E-05 2.063E-05 2.605E-09 1.49E-05
1.799E+00 2.099E-05 2.099E-05 2.725E-09 1.52E-05
1.778E+00 2.136E-05 2.136E-05 2.850E-09 1.55E-05
1.758E+00 2.174E-05 2.174E-05 2.982E-09 1.58E-05
1.738E+00 2.213E-05 2.212E-05 3.119E-09 1.61E-05
1.718E+00 2.252E-05 2.251E-05 3.263E-09 1.64E-05
1.698E+00 2.291E-05 2.291E-05 3.413E-09 1.68E-05
1.679E+00 2.332E-05 2.332E-05 3.570E-09 1.71E-05
1.660E+00 2.373E-05 2.373E-05 3.735E-09 1.74E-05
1.641E+00 2.415E-05 2.414E-05 3.906E-09 1.78E-05
1.622E+00 2.457E-05 2.456E-05 4.086E-09 1.81E-05
1.603E+00 2.499E-05 2.499E-05 4.274E-09 1.85E-05
1.585E+00 2.543E-05 2.542E-05 4.471E-09 1.89E-05
1.567E+00 2.587E-05 2.586E-05 4.676E-09 1.93E-05
1.549E+00 2.632E-05 2.631E-05 4.891E-09 1.96E-05
1.531E+00 2.678E-05 2.677E-05 5.117E-09 2.00E-05
1.514E+00 2.725E-05 2.724E-05 5.354E-09 2.04E-05
1.496E+00 2.773E-05 2.772E-05 5.601E-09 2.08E-05
1.479E+00 2.822E-05 2.822E-05 5.860E-09 2.12E-05
1.462E+00 2.873E-05 2.872E-05 6.130E-09 2.16E-05
1.445E+00 2.925E-05 2.924E-05 6.413E-09 2.20E-05
1.429E+00 2.978E-05 2.977E-05 6.709E-09 2.25E-05
1.413E+00 3.033E-05 3.032E-05 7.019E-09 2.29E-05
1.396E+00 3.089E-05 3.088E-05 7.342E-09 2.33E-05
1.380E+00 3.146E-05 3.145E-05 7.681E-09 2.38E-05
1.365E+00 3.204E-05 3.204E-05 8.035E-09 2.42E-05
1.349E+00 3.264E-05 3.263E-05 8.405E-09 2.47E-05
1.334E+00 3.325E-05 3.325E-05 8.792E-09 2.52E-05
1.318E+00 3.388E-05 3.387E-05 9.197E-09 2.56E-05
1.303E+00 3.453E-05 3.452E-05 9.620E-09 2.61E-05
1.288E+00 3.519E-05 3.518E-05 1.006E-08 2.67E-05
1.274E+00 3.586E-05 3.585E-05 1.052E-08 2.72E-05
1.259E+00 3.656E-05 3.655E-05 1.101E-08 2.77E-05
1.245E+00 3.728E-05 3.727E-05 1.151E-08 2.82E-05
1.230E+00 3.802E-05 3.801E-05 1.205E-08 2.88E-05
1.216E+00 3.880E-05 3.879E-05 1.260E-08 2.93E-05
1.202E+00 3.961E-05 3.960E-05 1.318E-08 2.99E-05
1.189E+00 4.047E-05 4.045E-05 1.379E-08 3.05E-05
1.175E+00 4.137E-05 4.136E-05 1.443E-08 3.11E-05
1.161E+00 4.235E-05 4.233E-05 1.509E-08 3.17E-05
1.148E+00 4.339E-05 4.338E-05 1.578E-08 3.23E-05
1.135E+00 4.454E-05 4.452E-05 1.651E-08 3.29E-05
1.122E+00 4.580E-05 4.578E-05 1.727E-08 3.35E-05
1.109E+00 4.721E-05 4.719E-05 1.807E-08 3.42E-05
1.096E+00 4.881E-05 4.880E-05 1.890E-08 3.48E-05
1.084E+00 5.066E-05 5.064E-05 1.977E-08 3.55E-05
1.072E+00 5.282E-05 5.280E-05 2.068E-08 3.62E-05
1.059E+00 5.541E-05 5.539E-05 2.163E-08 3.69E-05
1.047E+00 5.856E-05 5.854E-05 2.262E-08 3.76E-05
1.035E+00 6.250E-05 6.247E-05 2.366E-08 3.83E-05
1.023E+00 6.751E-05 6.748E-05 2.475E-08 3.90E-05
1.012E+00 7.402E-05 7.399E-05 2.588E-08 3.97E-05
1.000E+00 8.265E-05 8.263E-05 2.707E-08 4.05E-05
9.886E-01 9.430E-05 9.427E-05 2.831E-08 4.13E-05
9.772E-01 1.102E-04 1.102E-04 2.961E-08 4.21E-05
9.661E-01 1.320E-04 1.320E-04 3.097E-08 4.29E-05
9.550E-01 1.614E-04 1.614E-04 3.239E-08 4.37E-05
9.441E-01 1.996E-04 1.996E-04 3.387E-08 4.46E-05
9.333E-01 2.462E-04 2.462E-04 3.543E-08 4.54E-05
9.226E-01 2.983E-04 2.983E-04 3.705E-08 4.63E-05
9.120E-01 3.521E-04 3.521E-04 3.874E-08 4.72E-05
9.016E-01 4.044E-04 4.044E-04 4.051E-08 4.82E-05
8.913E-01 4.536E-04 4.535E-04 4.236E-08 4.91E-05
8.810E-01 4.994E-04 4.994E-04 4.430E-08 5.01E-05
8.710E-01 5.427E-04 5.426E-04 4.632E-08 5.11E-05
8.610E-01 5.848E-04 5.847E-04 4.843E-08 5.22E-05
8.511E-01 6.281E-04 6.281E-04 5.064E-08 5.32E-05
8.414E-01 6.759E-04 6.759E-04 5.295E-08 5.43E-05
8.318E-01 7.326E-04 7.325E-04 5.536E-08 5.54E-05
8.222E-01 8.039E-04 8.038E-04 5.789E-08 5.65E-05
8.128E-01 8.969E-04 8.968E-04 6.052E-08 5.77E-05
8.035E-01 1.019E-03 1.019E-03 6.328E-08 5.89E-05
7.943E-01 1.177E-03 1.177E-03 6.616E-08 6.01E-05
7.852E-01 1.369E-03 1.368E-03 6.917E-08 6.13E-05
7.762E-01 1.585E-03 1.585E-03 7.232E-08 6.26E-05
7.674E-01 1.813E-03 1.813E-03 7.561E-08 6.39E-05
7.586E-01 2.042E-03 2.041E-03 7.906E-08 6.53E-05
7.499E-01 2.268E-03 2.268E-03 8.265E-08 6.66E-05
7.413E-01 2.493E-03 2.492E-03 8.642E-08 6.80E-05
7.328E-01 2.717E-03 2.717E-03 9.035E-08 6.95E-05
7.244E-01 2.945E-03 2.945E-03 9.446E-08 7.10E-05
7.161E-01 3.177E-03 3.177E-03 9.876E-08 7.25E-05
7.079E-01 3.417E-03 3.417E-03 1.033E-07 7.40E-05
6.998E-01 3.664E-03 3.664E-03 1.080E-07 7.56E-05
6.918E-01 3.921E-03 3.921E-03 1.129E-07 7.73E-05
6.839E-01 4.189E-03 4.189E-03 1.180E-07 7.90E-05
6.761E-01 4.468E-03 4.468E-03 1.234E-07 8.07E-05
6.683E-01 4.760E-03 4.759E-03 1.290E-07 8.25E-05
6.607E-01 5.064E-03 5.064E-03 1.349E-07 8.43E-05
6.531E-01 5.382E-03 5.382E-03 1.411E-07 8.61E-05
6.457E-01 5.715E-03 5.715E-03 1.476E-07 8.81E-05
6.383E-01 6.063E-03 6.063E-03 1.543E-07 9.00E-05
6.310E-01 6.427E-03 6.427E-03 1.614E-07 9.20E-05
6.237E-01 6.807E-03 6.807E-03 1.688E-07 9.41E-05
6.166E-01 7.204E-03 7.204E-03 1.766E-07 9.62E-05
6.095E-01 7.619E-03 7.619E-03 1.847E-07 9.83E-05
6.026E-01 8.052E-03 8.052E-03 1.933E-07 1.01E-04
5.957E-01 8.503E-03 8.503E-03 2.022E-07 1.03E-04
5.888E-01 8.974E-03 8.974E-03 2.115E-07 1.05E-04
5.821E-01 9.465E-03 9.465E-03 2.213E-07 1.07E-04
5.754E-01 9.976E-03 9.976E-03 2.316E-07 1.10E-04
5.689E-01 1.051E-02 1.051E-02 2.424E-07 1.12E-04
5.623E-01 1.106E-02 1.106E-02 2.537E-07 1.15E-04
5.559E-01 1.164E-02 1.164E-02 2.655E-07 1.17E-04
5.495E-01 1.224E-02 1.224E-02 2.780E-07 1.20E-04
5.433E-01 1.286E-02 1.286E-02 2.910E-07 1.22E-04
5.370E-01 1.351E-02 1.351E-02 3.047E-07 1.25E-04
5.309E-01 1.418E-02 1.418E-02 3.191E-07 1.28E-04
5.248E-01 1.487E-02 1.487E-02 3.342E-07 1.31E-04
5.188E-01 1.559E-02 1.559E-02 3.500E-07 1.34E-04
5.129E-01 1.634E-02 1.634E-02 3.667E-07 1.36E-04
5.070E-01 1.711E-02 1.711E-02 3.841E-07 1.39E-04
5.012E-01 1.791E-02 1.791E-02 4.025E-07 1.42E-04
4.955E-01 1.874E-02 1.874E-02 4.218E-07 1.45E-04
4.898E-01 1.960E-02 1.960E-02 4.420E-07 1.49E-04
4.842E-01 2.048E-02 2.048E-02 4.633E-07 1.52E-04
4.786E-01 2.140E-02 2.140E-02 4.855E-07 1.55E-04
4.732E-01 2.234E-02 2.234E-02 5.088E-07 1.58E-04
4.677E-01 2.332E-02 2.332E-02 5.333E-07 1.61E-04
4.624E-01 2.432E-02 2.432E-02 5.590E-07 1.65E-04
4.571E-01 2.536E-02 2.536E-02 5.861E-07 1.68E-04
4.519E-01 2.643E-02 2.643E-02 6.145E-07 1.71E-04
4.467E-01 2.753E-02 2.753E-02 6.444E-07 1.75E-04
4.416E-01 2.866E-02 2.866E-02 6.758E-07 1.78E-04
4.365E-01 2.982E-02 2.982E-02 7.088E-07 1.82E-04
4.315E-01 3.102E-02 3.102E-02 7.432E-07 1.85E-04
4.266E-01 3.226E-02 3.225E-02 7.792E-07 1.88E-04
4.217E-01 3.352E-02 3.352E-02 8.171E-07 1.92E-04
4.169E-01 3.482E-02 3.482E-02 8.568E-07 1.95E-04
4.121E-01 3.616E-02 3.616E-02 8.985E-07 1.98E-04
4.074E-01 3.753E-02 3.753E-02 9.423E-07 2.02E-04
4.027E-01 3.893E-02 3.893E-02 9.883E-07 2.05E-04
3.981E-01 4.038E-02 4.038E-02 1.037E-06 2.09E-04
3.935E-01 4.185E-02 4.185E-02 1.087E-06 2.12E-04
3.890E-01 4.337E-02 4.337E-02 1.140E-06 2.16E-04
3.846E-01 4.492E-02 4.492E-02 1.196E-06 2.19E-04
3.802E-01 4.650E-02 4.650E-02 1.255E-06 2.23E-04
3.758E-01 4.813E-02 4.813E-02 1.316E-06 2.27E-04
3.715E-01 4.979E-02 4.979E-02 1.382E-06 2.30E-04
3.673E-01 5.149E-02 5.149E-02 1.451E-06 2.34E-04
3.631E-01 5.322E-02 5.322E-02 1.524E-06 2.37E-04
3.589E-01 5.500E-02 5.500E-02 1.602E-06 2.41E-04
3.548E-01 5.681E-02 5.681E-02 1.685E-06 2.45E-04
3.508E-01 5.866E-02 5.866E-02 1.773E-06 2.49E-04
3.467E-01 6.055E-02 6.054E-02 1.866E-06 2.52E-04
3.428E-01 6.247E-02 6.247E-02 1.965E-06 2.55E-04
3.388E-01 6.444E-02 6.444E-02 2.071E-06 2.58E-04
3.350E-01 6.644E-02 6.644E-02 2.184E-06 2.61E-04
3.311E-01 6.848E-02 6.848E-02 2.305E-06 2.62E-04
3.273E-01 7.056E-02 7.056E-02 2.434E-06 2.64E-04
3.236E-01 7.268E-02 7.268E-02 2.573E-06 2.64E-04
3.199E-01 7.484E-02 7.484E-02 2.722E-06 2.64E-04
3.162E-01 7.704E-02 7.703E-02 2.880E-06 2.62E-04
3.126E-01 7.927E-02 7.927E-02 3.049E-06 2.60E-04
3.090E-01 8.155E-02 8.154E-02 3.229E-06 2.57E-04
3.055E-01 8.386E-02 8.386E-02 3.421E-06 2.52E-04
3.020E-01 8.596E-02 8.596E-02 3.626E-06 2.46E-04
2.985E-01 8.752E-02 8.752E-02 3.846E-06 2.39E-04
2.951E-01 8.922E-02 8.921E-02 4.083E-06 2.30E-04
2.917E-01 9.107E-02 9.106E-02 4.338E-06 2.20E-04
2.884E-01 9.309E-02 9.309E-02 4.617E-06 2.07E-04
2.851E-01 9.531E-02 9.530E-02 4.920E-06 1.93E-04
2.818E-01 9.775E-02 9.775E-02 5.271E-06 1.73E-04
2.786E-01 1.004E-01 1.004E-01 5.646E-06 1.52E-04
2.754E-01 1.034E-01 1.034E-01 6.049E-06 1.32E-04
2.723E-01 1.067E-01 1.067E-01 6.489E-06 1.12E-04
2.692E-01 1.104E-01 1.104E-01 6.975E-06 9.19E-05
2.661E-01 1.146E-01 1.146E-01 7.513E-06 7.37E-05
2.630E-01 1.192E-01 1.192E-01 8.115E-06 5.73E-05
2.600E-01 1.244E-01 1.244E-01 8.800E-06 4.30E-05
2.570E-01 1.303E-01 1.303E-01 9.570E-06 3.17E-05
2.541E-01 1.369E-01 1.369E-01 1.041E-05 2.40E-05
2.512E-01 1.443E-01 1.443E-01 1.137E-05 1.95E-05
2.483E-01 1.527E-01 1.527E-01 1.246E-05 1.77E-05
2.455E-01 1.622E-01 1.622E-01 1.370E-05 1.86E-05
2.427E-01 1.728E-01 1.728E-01 1.513E-05 2.25E-05
2.399E-01 1.845E-01 1.845E-01 1.678E-05 2.95E-05
2.371E-01 1.974E-01 1.974E-01 1.859E-05 4.00E-05
2.344E-01 2.113E-01 2.113E-01 2.051E-05 5.28E-05
2.317E-01 2.258E-01 2.257E-01 2.252E-05 6.66E-05
2.291E-01 2.403E-01 2.403E-01 2.458E-05 8.11E-05
2.265E-01 2.541E-01 2.540E-01 2.669E-05 9.60E-05
2.239E-01 2.660E-01 2.660E-01 2.892E-05 1.12E-04
2.213E-01 2.751E-01 2.750E-01 3.122E-05 1.28E-04
2.188E-01 2.802E-01 2.802E-01 3.305E-05 1.47E-04
2.163E-01 2.808E-01 2.808E-01 3.391E-05 1.69E-04
2.138E-01 2.768E-01 2.768E-01 3.381E-05 1.91E-04
2.113E-01 2.688E-01 2.688E-01 3.308E-05 2.14E-04
2.089E-01 2.578E-01 2.578E-01 3.182E-05 2.37E-04
2.065E-01 2.448E-01 2.447E-01 3.015E-05 2.60E-04
2.042E-01 2.309E-01 2.308E-01 2.812E-05 2.85E-04
2.018E-01 2.169E-01 2.169E-01 2.590E-05 3.10E-04
1.995E-01 2.035E-01 2.035E-01 2.360E-05 3.35E-04
1.972E-01 1.910E-01 1.910E-01 2.133E-05 3.62E-04
1.950E-01 1.796E-01 1.796E-01 1.917E-05 3.89E-04
1.928E-01 1.694E-01 1.694E-01 1.719E-05 4.17E-04
1.905E-01 1.603E-01 1.603E-01 1.539E-05 4.45E-04
1.884E-01 1.523E-01 1.523E-01 1.376E-05 4.75E-04
1.862E-01 1.452E-01 1.452E-01 1.233E-05 5.07E-04
1.841E-01 1.390E-01 1.390E-01 1.112E-05 5.39E-04
1.820E-01 1.336E-01 1.336E-01 1.009E-05 5.73E-04
1.799E-01 1.288E-01 1.288E-01 9.217E-06 6.08E-04
1.778E-01 1.246E-01 1.246E-01 8.504E-06 6.44E-04
1.758E-01 1.210E-01 1.210E-01 7.915E-06 6.81E-04
1.738E-01 1.177E-01 1.177E-01 7.436E-06 7.19E-04
1.718E-01 1.149E-01 1.149E-01 7.060E-06 7.57E-04
1.698E-01 1.124E-01 1.124E-01 6.779E-06 7.96E-04
1.679E-01 1.103E-01 1.103E-01 6.595E-06 8.35E-04
1.660E-01 1.085E-01 1.085E-01 6.504E-06 8.75E-04
1.641E-01 1.070E-01 1.070E-01 6.516E-06 9.14E-04
1.622E-01 1.059E-01 1.059E-01 6.623E-06 9.53E-04
1.603E-01 1.051E-01 1.051E-01 6.824E-06 9.92E-04
1.585E-01 1.045E-01 1.045E-01 7.125E-06 1.03E-03
1.567E-01 1.043E-01 1.043E-01 7.514E-06 1.07E-03
1.549E-01 1.043E-01 1.043E-01 7.991E-06 1.11E-03
1.531E-01 1.046E-01 1.046E-01 8.555E-06 1.15E-03
1.514E-01 1.051E-01 1.051E-01 9.218E-06 1.20E-03
1.496E-01 1.059E-01 1.059E-01 9.989E-06 1.24E-03
1.479E-01 1.070E-01 1.070E-01 1.088E-05 1.28E-03
1.462E-01 1.083E-01 1.083E-01 1.190E-05 1.33E-03
1.445E-01 1.099E-01 1.099E-01 1.307E-05 1.37E-03
1.429E-01 1.118E-01 1.118E-01 1.439E-05 1.42E-03
1.413E-01 1.139E-01 1.139E-01 1.587E-05 1.46E-03
1.396E-01 1.164E-01 1.164E-01 1.749E-05 1.51E-03
1.380E-01 1.191E-01 1.191E-01 1.925E-05 1.56E-03
1.365E-01 1.221E-01 1.221E-01 2.121E-05 1.61E-03
1.349E-01 1.254E-01 1.254E-01 2.340E-05 1.66E-03
1.334E-01 1.291E-01 1.290E-01 2.586E-05 1.72E-03
1.318E-01 1.330E-01 1.330E-01 2.857E-05 1.78E-03
1.303E-01 1.373E-01 1.373E-01 3.160E-05 1.85E-03
1.288E-01 1.447E-01 1.447E-01 3.496E-05 1.92E-03
1.274E-01 1.504E-01 1.503E-01 3.869E-05 1.99E-03
1.259E-01 1.562E-01 1.562E-01 4.280E-05 2.07E-03
1.245E-01 1.624E-01 1.624E-01 4.734E-05 2.16E-03
1.230E-01 1.688E-01 1.688E-01 5.234E-05 2.24E-03
1.216E-01 1.755E-01 1.754E-01 5.781E-05 2.33E-03
1.202E-01 1.824E-01 1.823E-01 6.379E-05 2.42E-03
1.189E-01 1.895E-01 1.895E-01 7.036E-05 2.50E-03
1.175E-01 1.969E-01 1.968E-01 7.748E-05 2.58E-03
1.161E-01 2.045E-01 2.044E-01 8.535E-05 2.65E-03
1.148E-01 2.123E-01 2.122E-01 9.446E-05 2.71E-03
1.135E-01 2.203E-01 2.201E-01 1.067E-04 2.79E-03
1.122E-01 2.284E-01 2.283E-01 1.197E-04 2.79E-03
1.109E-01 2.368E-01 2.366E-01 1.339E-04 2.70E-03
1.096E-01 2.453E-01 2.451E-01 1.497E-04 2.47E-03
1.084E-01 2.540E-01 2.538E-01 1.691E-04 2.20E-03
1.072E-01 2.628E-01 2.626E-01 1.915E-04 2.02E-03
1.059E-01 2.717E-01 2.715E-01 2.132E-04 1.97E-03
1.047E-01 2.807E-01 2.805E-01 2.341E-04 1.98E-03
1.035E-01 2.898E-01 2.895E-01 2.542E-04 1.99E-03
1.023E-01 2.989E-01 2.986E-01 2.736E-04 1.99E-03
1.012E-01 3.079E-01 3.076E-01 2.950E-04 1.97E-03
1.000E-01 3.182E-01 3.178E-01 3.192E-04 1.92E-03
9.886E-02 3.253E-01 3.249E-01 3.511E-04 1.84E-03
9.772E-02 3.327E-01 3.323E-01 3.877E-04 1.76E-03
9.661E-02 3.406E-01 3.401E-01 4.237E-04 1.71E-03
9.550E-02 3.488E-01 3.484E-01 4.571E-04 1.69E-03
9.441E-02 3.575E-01 3.571E-01 4.817E-04 1.70E-03
9.333E-02 3.667E-01 3.662E-01 5.014E-04 1.72E-03
9.226E-02 3.765E-01 3.760E-01 5.234E-04 1.74E-03
9.120E-02 3.870E-01 3.864E-01 5.444E-04 1.77E-03
9.016E-02 3.982E-01 3.976E-01 5.570E-04 1.83E-03
8.913E-02 4.102E-01 4.097E-01 5.712E-04 1.88E-03
8.810E-02 4.234E-01 4.228E-01 5.950E-04 1.89E-03
8.710E-02 4.378E-01 4.371E-01 6.330E-04 1.87E-03
8.610E-02 4.536E-01 4.529E-01 6.785E-04 1.83E-03
8.511E-02 4.711E-01 4.703E-01 7.321E-04 1.78E-03
8.414E-02 4.904E-01 4.896E-01 7.945E-04 1.73E-03
8.318E-02 5.121E-01 5.112E-01 8.662E-04 1.69E-03
8.222E-02 5.362E-01 5.353E-01 9.453E-04 1.66E-03
8.128E-02 5.633E-01 5.623E-01 1.030E-03 1.66E-03
8.035E-02 5.936E-01 5.925E-01 1.123E-03 1.68E-03
7.943E-02 6.273E-01 6.261E-01 1.223E-03 1.71E-03
7.852E-02 6.646E-01 6.632E-01 1.326E-03 1.76E-03
7.762E-02 7.050E-01 7.036E-01 1.428E-03 1.82E-03
7.674E-02 7.478E-01 7.463E-01 1.522E-03 1.90E-03
7.586E-02 7.915E-01 7.898E-01 1.612E-03 1.98E-03
7.499E-02 8.334E-01 8.317E-01 1.693E-03 2.07E-03
7.413E-02 8.704E-01 8.686E-01 1.763E-03 2.16E-03
7.328E-02 8.986E-01 8.968E-01 1.819E-03 2.26E-03
7.244E-02 9.150E-01 9.132E-01 1.874E-03 2.35E-03
7.161E-02 9.179E-01 9.160E-01 1.922E-03 2.45E-03
7.079E-02 9.077E-01 9.058E-01 1.955E-03 2.55E-03
6.998E-02 8.868E-01 8.849E-01 1.969E-03 2.66E-03
6.918E-02 8.588E-01 8.568E-01 1.964E-03 2.78E-03
6.839E-02 8.272E-01 8.252E-01 1.919E-03 2.90E-03
6.761E-02 7.950E-01 7.931E-01 1.850E-03 3.04E-03
6.683E-02 7.644E-01 7.626E-01 1.774E-03 3.17E-03
6.607E-02 7.368E-01 7.351E-01 1.692E-03 3.31E-03
6.531E-02 7.065E-01 7.049E-01 1.607E-03 3.45E-03
6.457E-02 6.759E-01 6.743E-01 1.546E-03 3.58E-03
6.383E-02 6.450E-01 6.435E-01 1.494E-03 3.71E-03
6.310E-02 6.137E-01 6.123E-01 1.451E-03 3.83E-03
6.237E-02 5.821E-01 5.807E-01 1.414E-03 3.96E-03
6.166E-02 5.502E-01 5.488E-01 1.389E-03 4.09E-03
6.095E-02 5.180E-01 5.166E-01 1.373E-03 4.23E-03
6.026E-02 4.853E-01 4.840E-01 1.358E-03 4.37E-03
5.957E-02 4.523E-01 4.510E-01 1.347E-03 4.51E-03
5.888E-02 4.190E-01 4.176E-01 1.336E-03 4.65E-03
5.821E-02 3.852E-01 3.839E-01 1.315E-03 4.79E-03
5.754E-02 3.598E-01 3.586E-01 1.293E-03 4.94E-03
5.689E-02 3.468E-01 3.455E-01 1.269E-03 5.09E-03
5.623E-02 3.333E-01 3.321E-01 1.243E-03 5.24E-03
5.559E-02 3.190E-01 3.177E-01 1.210E-03 5.39E-03
5.495E-02 3.050E-01 3.038E-01 1.177E-03 5.55E-03
5.433E-02 2.914E-01 2.902E-01 1.143E-03 5.71E-03
5.370E-02 2.787E-01 2.776E-01 1.110E-03 5.88E-03
5.309E-02 2.679E-01 2.668E-01 1.081E-03 6.05E-03
5.248E-02 2.579E-01 2.568E-01 1.053E-03 6.22E-03
5.188E-02 2.485E-01 2.475E-01 1.027E-03 6.40E-03
5.129E-02 2.397E-01 2.387E-01 1.003E-03 6.57E-03
5.070E-02 2.311E-01 2.301E-01 9.818E-04 6.76E-03
5.012E-02 2.230E-01 2.220E-01 9.619E-04 6.94E-03
4.955E-02 2.153E-01 2.143E-01 9.436E-04 7.13E-03
4.898E-02 2.080E-01 2.071E-01 9.265E-04 7.33E-03
4.842E-02 2.009E-01 2.000E-01 9.094E-04 7.52E-03
4.786E-02 1.940E-01 1.931E-01 8.921E-04 7.73E-03
4.732E-02 1.868E-01 1.859E-01 8.720E-04 7.94E-03
4.677E-02 1.795E-01 1.786E-01 8.511E-04 8.15E-03
4.624E-02 1.725E-01 1.717E-01 8.304E-04 8.37E-03
4.571E-02 1.664E-01 1.656E-01 8.116E-04 8.60E-03
4.519E-02 1.614E-01 1.606E-01 7.953E-04 8.82E-03
4.467E-02 1.566E-01 1.558E-01 7.785E-04 9.06E-03
4.416E-02 1.515E-01 1.507E-01 7.601E-04 9.30E-03
4.365E-02 1.452E-01 1.445E-01 7.381E-04 9.55E-03
4.315E-02 1.393E-01 1.385E-01 7.155E-04 9.80E-03
4.266E-02 1.339E-01 1.333E-01 6.923E-04 1.01E-02
4.217E-02 1.306E-01 1.299E-01 6.697E-04 1.03E-02
4.169E-02 1.280E-01 1.274E-01 6.485E-04 1.06E-02
4.121E-02 1.261E-01 1.255E-01 6.295E-04 1.09E-02
4.074E-02 1.243E-01 1.237E-01 6.149E-04 1.12E-02
4.027E-02 1.229E-01 1.223E-01 6.026E-04 1.15E-02
3.981E-02 1.219E-01 1.213E-01 5.921E-04 1.18E-02
3.935E-02 1.213E-01 1.207E-01 5.829E-04 1.21E-02
3.890E-02 1.212E-01 1.206E-01 5.761E-04 1.24E-02
3.846E-02 1.216E-01 1.210E-01 5.709E-04 1.27E-02
3.802E-02 1.226E-01 1.220E-01 5.703E-04 1.30E-02
3.758E-02 1.244E-01 1.238E-01 5.759E-04 1.33E-02
3.715E-02 1.282E-01 1.276E-01 5.983E-04 1.37E-02
3.673E-02 1.315E-01 1.309E-01 6.263E-04 1.40E-02
3.631E-02 1.330E-01 1.323E-01 6.553E-04 1.43E-02
3.589E-02 1.313E-01 1.307E-01 6.765E-04 1.47E-02
3.548E-02 1.284E-01 1.277E-01 6.938E-04 1.50E-02
3.508E-02 1.258E-01 1.251E-01 7.038E-04 1.54E-02
3.467E-02 1.233E-01 1.226E-01 7.098E-04 1.58E-02
3.428E-02 1.207E-01 1.200E-01 7.136E-04 1.61E-02
3.388E-02 1.183E-01 1.175E-01 7.182E-04 1.65E-02
3.350E-02 1.158E-01 1.151E-01 7.221E-04 1.69E-02
3.311E-02 1.134E-01 1.127E-01 7.255E-04 1.74E-02
3.273E-02 1.111E-01 1.103E-01 7.285E-04 1.78E-02
3.236E-02 1.087E-01 1.080E-01 7.309E-04 1.82E-02
3.199E-02 1.064E-01 1.057E-01 7.329E-04 1.87E-02
3.162E-02 1.041E-01 1.034E-01 7.347E-04 1.91E-02
3.126E-02 1.019E-01 1.012E-01 7.362E-04 1.96E-02
3.090E-02 9.970E-02 9.897E-02 7.374E-04 2.01E-02
3.055E-02 9.754E-02 9.680E-02 7.386E-04 2.06E-02
3.020E-02 9.541E-02 9.467E-02 7.395E-04 2.11E-02
2.985E-02 9.330E-02 9.256E-02 7.401E-04 2.16E-02
2.951E-02 9.123E-02 9.049E-02 7.406E-04 2.21E-02
2.917E-02 8.922E-02 8.848E-02 7.408E-04 2.26E-02
2.884E-02 8.724E-02 8.650E-02 7.409E-04 2.32E-02
2.851E-02 8.530E-02 8.456E-02 7.408E-04 2.38E-02
2.818E-02 8.341E-02 8.266E-02 7.406E-04 2.44E-02
2.786E-02 8.156E-02 8.082E-02 7.406E-04 2.49E-02
2.754E-02 7.975E-02 7.901E-02 7.404E-04 2.56E-02
2.723E-02 7.797E-02 7.723E-02 7.402E-04 2.62E-02
2.692E-02 7.625E-02 7.551E-02 7.399E-04 2.68E-02
2.661E-02 7.454E-02 7.380E-02 7.395E-04 2.75E-02
2.630E-02 7.286E-02 7.213E-02 7.389E-04 2.81E-02
2.600E-02 7.122E-02 7.048E-02 7.382E-04 2.88E-02
2.570E-02 6.962E-02 6.888E-02 7.375E-04 2.95E-02
2.541E-02 6.804E-02 6.730E-02 7.365E-04 3.03E-02
2.512E-02 6.648E-02 6.575E-02 7.354E-04 3.10E-02
2.483E-02 6.496E-02 6.423E-02 7.342E-04 3.17E-02
2.455E-02 6.347E-02 6.274E-02 7.331E-04 3.25E-02
2.427E-02 6.202E-02 6.129E-02 7.319E-04 3.33E-02
2.399E-02 6.060E-02 5.987E-02 7.307E-04 3.41E-02
2.371E-02 5.922E-02 5.849E-02 7.295E-04 3.50E-02
2.344E-02 5.787E-02 5.714E-02 7.282E-04 3.58E-02
2.317E-02 5.654E-02 5.581E-02 7.268E-04 3.67E-02
2.291E-02 5.524E-02 5.452E-02 7.254E-04 3.76E-02
2.265E-02 5.397E-02 5.325E-02 7.239E-04 3.85E-02
2.239E-02 5.272E-02 5.200E-02 7.224E-04 3.94E-02
2.213E-02 5.151E-02 5.079E-02 7.208E-04 4.04E-02
2.188E-02 5.032E-02 4.960E-02 7.191E-04 4.13E-02
2.163E-02 4.915E-02 4.843E-02 7.173E-04 4.23E-02
2.138E-02 4.803E-02 4.731E-02 7.156E-04 4.34E-02
2.113E-02 4.692E-02 4.620E-02 7.138E-04 4.44E-02
2.089E-02 4.582E-02 4.511E-02 7.119E-04 4.55E-02
2.065E-02 4.474E-02 4.404E-02 7.098E-04 4.66E-02
2.042E-02 4.373E-02 4.302E-02 7.081E-04 4.77E-02
2.018E-02 4.273E-02 4.202E-02 7.062E-04 4.89E-02
1.995E-02 4.173E-02 4.102E-02 7.041E-04 5.01E-02
1.972E-02 4.075E-02 4.004E-02 7.017E-04 5.13E-02
1.950E-02 3.978E-02 3.908E-02 6.993E-04 5.25E-02
1.928E-02 3.883E-02 3.813E-02 6.967E-04 5.38E-02
1.905E-02 3.790E-02 3.720E-02 6.940E-04 5.51E-02
1.884E-02 3.701E-02 3.632E-02 6.915E-04 5.64E-02
1.862E-02 3.613E-02 3.544E-02 6.889E-04 5.78E-02
1.841E-02 3.528E-02 3.459E-02 6.861E-04 5.92E-02
1.820E-02 3.444E-02 3.375E-02 6.834E-04 6.06E-02
1.799E-02 3.362E-02 3.294E-02 6.805E-04 6.21E-02
1.778E-02 3.284E-02 3.216E-02 6.778E-04 6.36E-02
1.758E-02 3.207E-02 3.139E-02 6.750E-04 6.51E-02
1.738E-02 3.130E-02 3.063E-02 6.721E-04 6.67E-02
1.718E-02 3.055E-02 2.988E-02 6.690E-04 6.83E-02
1.698E-02 2.982E-02 2.916E-02 6.659E-04 7.00E-02
1.679E-02 2.911E-02 2.845E-02 6.628E-04 7.16E-02
1.660E-02 2.842E-02 2.776E-02 6.597E-04 7.34E-02
1.641E-02 2.774E-02 2.709E-02 6.565E-04 7.51E-02
1.622E-02 2.708E-02 2.643E-02 6.531E-04 7.70E-02
1.603E-02 2.643E-02 2.578E-02 6.497E-04 7.88E-02
1.585E-02 2.579E-02 2.515E-02 6.461E-04 8.07E-02
1.567E-02 2.517E-02 2.453E-02 6.426E-04 8.27E-02
1.549E-02 2.457E-02 2.394E-02 6.391E-04 8.47E-02
1.531E-02 2.398E-02 2.335E-02 6.355E-04 8.67E-02
1.514E-02 2.340E-02 2.277E-02 6.317E-04 8.88E-02
1.496E-02 2.283E-02 2.220E-02 6.279E-04 9.09E-02
1.479E-02 2.227E-02 2.165E-02 6.240E-04 9.31E-02
1.462E-02 2.173E-02 2.111E-02 6.202E-04 9.54E-02
1.445E-02 2.121E-02 2.059E-02 6.163E-04 9.77E-02
1.429E-02 2.070E-02 2.008E-02 6.122E-04 1.00E-01
1.413E-02 2.019E-02 1.959E-02 6.081E-04 1.02E-01
1.396E-02 1.970E-02 1.910E-02 6.039E-04 1.05E-01
1.380E-02 1.923E-02 1.863E-02 5.997E-04 1.07E-01
1.365E-02 1.876E-02 1.817E-02 5.954E-04 1.10E-01
1.349E-02 1.831E-02 1.771E-02 5.910E-04 1.13E-01
1.334E-02 1.786E-02 1.727E-02 5.865E-04 1.15E-01
1.318E-02 1.742E-02 1.684E-02 5.819E-04 1.18E-01
1.303E-02 1.700E-02 1.642E-02 5.774E-04 1.21E-01
1.288E-02 1.659E-02 1.602E-02 5.730E-04 1.24E-01
1.274E-02 1.618E-02 1.562E-02 5.684E-04 1.27E-01
1.259E-02 1.579E-02 1.522E-02 5.636E-04 1.30E-01
1.245E-02 1.539E-02 1.483E-02 5.586E-04 1.33E-01
1.230E-02 1.502E-02 1.447E-02 5.541E-04 1.36E-01
1.216E-02 1.467E-02 1.412E-02 5.496E-04 1.40E-01
1.202E-02 1.431E-02 1.377E-02 5.448E-04 1.43E-01
1.189E-02 1.396E-02 1.342E-02 5.398E-04 1.46E-01
1.175E-02 1.361E-02 1.308E-02 5.347E-04 1.50E-01
1.161E-02 1.327E-02 1.274E-02 5.293E-04 1.54E-01
1.148E-02 1.293E-02 1.241E-02 5.238E-04 1.57E-01
1.135E-02 1.261E-02 1.209E-02 5.183E-04 1.61E-01
1.122E-02 1.229E-02 1.178E-02 5.128E-04 1.65E-01
1.109E-02 1.198E-02 1.148E-02 5.073E-04 1.69E-01
1.096E-02 1.168E-02 1.118E-02 5.017E-04 1.73E-01
1.084E-02 1.139E-02 1.089E-02 4.960E-04 1.77E-01
1.072E-02 1.110E-02 1.061E-02 4.903E-04 1.81E-01
1.059E-02 1.082E-02 1.034E-02 4.845E-04 1.86E-01
1.047E-02 1.055E-02 1.008E-02 4.788E-04 1.90E-01
1.035E-02 1.030E-02 9.822E-03 4.731E-04 1.95E-01
1.023E-02 1.004E-02 9.572E-03 4.674E-04 1.99E-01
1.012E-02 9.786E-03 9.324E-03 4.615E-04 2.04E-01
1.000E-02 9.537E-03 9.082E-03 4.555E-04 2.09E-01
9.886E-03 9.295E-03 8.845E-03 4.494E-04 2.14E-01
9.772E-03 9.059E-03 8.615E-03 4.434E-04 2.19E-01
9.661E-03 8.830E-03 8.393E-03 4.373E-04 2.24E-01
9.550E-03 8.610E-03 8.179E-03 4.314E-04 2.29E-01
9.441E-03 8.393E-03 7.968E-03 4.253E-04 2.35E-01
9.333E-03 8.179E-03 7.760E-03 4.190E-04 2.40E-01
9.226E-03 7.970E-03 7.557E-03 4.128E-04 2.46E-01
9.120E-03 7.765E-03 7.359E-03 4.064E-04 2.52E-01
9.016E-03 7.567E-03 7.167E-03 4.001E-04 2.58E-01
8.913E-03 7.375E-03 6.982E-03 3.938E-04 2.64E-01
8.810E-03 7.189E-03 6.802E-03 3.875E-04 2.70E-01
8.710E-03 7.005E-03 6.624E-03 3.811E-04 2.76E-01
8.610E-03 6.825E-03 6.450E-03 3.746E-04 2.83E-01
8.511E-03 6.648E-03 6.280E-03 3.681E-04 2.89E-01
8.414E-03 6.477E-03 6.115E-03 3.616E-04 2.96E-01
8.318E-03 6.311E-03 5.956E-03 3.551E-04 3.03E-01
8.222E-03 6.150E-03 5.801E-03 3.486E-04 3.10E-01
8.128E-03 5.990E-03 5.648E-03 3.420E-04 3.17E-01
8.035E-03 5.834E-03 5.499E-03 3.354E-04 3.24E-01
7.943E-03 5.682E-03 5.353E-03 3.288E-04 3.32E-01
7.852E-03 5.534E-03 5.211E-03 3.222E-04 3.39E-01
7.762E-03 5.390E-03 5.075E-03 3.157E-04 3.47E-01
7.674E-03 5.248E-03 4.939E-03 3.090E-04 3.55E-01
7.586E-03 5.108E-03 4.806E-03 3.023E-04 3.63E-01
7.499E-03 4.972E-03 4.677E-03 2.957E-04 3.71E-01
7.413E-03 4.842E-03 4.553E-03 2.891E-04 3.79E-01
7.328E-03 4.717E-03 4.434E-03 2.827E-04 3.87E-01
7.244E-03 4.593E-03 4.317E-03 2.762E-04 3.96E-01
7.161E-03 4.472E-03 4.203E-03 2.696E-04 4.04E-01
7.079E-03 4.355E-03 4.092E-03 2.631E-04 4.13E-01
6.998E-03 4.240E-03 3.983E-03 2.566E-04 4.22E-01
6.918E-03 4.127E-03 3.876E-03 2.502E-04 4.31E-01
6.839E-03 4.017E-03 3.774E-03 2.437E-04 4.40E-01
6.761E-03 3.911E-03 3.673E-03 2.373E-04 4.49E-01
6.683E-03 3.806E-03 3.575E-03 2.308E-04 4.58E-01
6.607E-03 3.702E-03 3.478E-03 2.243E-04 4.67E-01
6.531E-03 3.601E-03 3.384E-03 2.178E-04 4.77E-01
6.457E-03 3.505E-03 3.294E-03 2.115E-04 4.86E-01
6.383E-03 3.411E-03 3.206E-03 2.052E-04 4.96E-01
6.310E-03 3.317E-03 3.119E-03 1.989E-04 5.05E-01
6.237E-03 3.225E-03 3.033E-03 1.925E-04 5.15E-01
6.166E-03 3.139E-03 2.952E-03 1.863E-04 5.24E-01
6.095E-03 3.056E-03 2.876E-03 1.803E-04 5.34E-01
6.026E-03 2.974E-03 2.800E-03 1.742E-04 5.44E-01
5.957E-03 2.893E-03 2.725E-03 1.680E-04 5.53E-01
5.888E-03 2.812E-03 2.651E-03 1.618E-04 5.63E-01
5.821E-03 2.733E-03 2.578E-03 1.555E-04 5.73E-01
5.754E-03 2.655E-03 2.506E-03 1.492E-04 5.82E-01
5.689E-03 2.579E-03 2.436E-03 1.429E-04 5.92E-01
5.623E-03 2.505E-03 2.368E-03 1.366E-04 6.01E-01
5.559E-03 2.434E-03 2.304E-03 1.306E-04 6.10E-01
5.495E-03 2.365E-03 2.241E-03 1.245E-04 6.19E-01
5.433E-03 2.297E-03 2.179E-03 1.182E-04 6.28E-01
5.370E-03 2.230E-03 2.118E-03 1.119E-04 6.37E-01
5.309E-03 2.166E-03 2.060E-03 1.055E-04 6.46E-01
5.248E-03 2.103E-03 2.004E-03 9.909E-05 6.54E-01
5.188E-03 2.043E-03 1.950E-03 9.260E-05 6.63E-01
5.129E-03 1.985E-03 1.897E-03 8.841E-05 6.71E-01
5.070E-03 1.929E-03 1.845E-03 8.437E-05 6.78E-01
5.012E-03 1.872E-03 1.793E-03 7.884E-05 6.86E-01
4.955E-03 1.815E-03 1.744E-03 7.191E-05 6.93E-01
4.898E-03 1.759E-03 1.695E-03 6.367E-05 7.01E-01
4.842E-03 1.703E-03 1.649E-03 5.435E-05 7.07E-01
4.786E-03 1.649E-03 1.605E-03 4.424E-05 7.14E-01
4.732E-03 1.591E-03 1.560E-03 3.036E-05 7.20E-01
4.677E-03 1.532E-03 1.516E-03 1.590E-05 7.26E-01
4.624E-03 1.478E-03 1.474E-03 4.907E-06 7.32E-01
4.571E-03 1.433E-03 1.433E-03 5.974E-07 7.37E-01
4.519E-03 1.401E-03 1.394E-03 7.080E-06 7.42E-01
4.467E-03 1.386E-03 1.357E-03 2.954E-05 7.47E-01
4.416E-03 2.994E-02 2.972E-02 2.199E-04 7.52E-01
4.365E-03 2.932E-02 2.912E-02 1.950E-04 7.56E-01
4.315E-03 2.871E-02 2.853E-02 1.756E-04 7.60E-01
4.266E-03 2.811E-02 2.794E-02 1.712E-04 7.64E-01
4.217E-03 2.754E-02 2.736E-02 1.777E-04 7.67E-01
4.169E-03 2.697E-02 2.678E-02 1.914E-04 7.71E-01
4.121E-03 2.641E-02 2.620E-02 2.060E-04 7.74E-01
4.074E-03 2.586E-02 2.564E-02 2.143E-04 7.77E-01
4.027E-03 2.531E-02 2.508E-02 2.209E-04 7.80E-01
3.981E-03 2.476E-02 2.453E-02 2.251E-04 7.82E-01
3.935E-03 2.421E-02 2.399E-02 2.257E-04 7.85E-01
3.890E-03 2.367E-02 2.345E-02 2.223E-04 7.87E-01
3.846E-03 2.314E-02 2.292E-02 2.209E-04 7.90E-01
3.802E-03 2.262E-02 2.240E-02 2.221E-04 7.92E-01
3.758E-03 2.210E-02 2.188E-02 2.230E-04 7.95E-01
3.715E-03 2.159E-02 2.137E-02 2.233E-04 7.97E-01
3.673E-03 2.109E-02 2.087E-02 2.230E-04 7.99E-01
3.631E-03 2.060E-02 2.038E-02 2.223E-04 8.02E-01
3.589E-03 2.012E-02 1.990E-02 2.218E-04 8.04E-01
3.548E-03 1.964E-02 1.942E-02 2.211E-04 8.07E-01
3.508E-03 1.917E-02 1.895E-02 2.201E-04 8.10E-01
3.467E-03 1.871E-02 1.849E-02 2.187E-04 8.12E-01
3.428E-03 1.826E-02 1.804E-02 2.172E-04 8.15E-01
3.388E-03 1.781E-02 1.760E-02 2.156E-04 8.18E-01
3.350E-03 1.737E-02 1.716E-02 2.139E-04 8.21E-01
3.311E-03 1.694E-02 1.673E-02 2.120E-04 8.24E-01
3.273E-03 1.652E-02 1.631E-02 2.099E-04 8.28E-01
3.236E-03 1.611E-02 1.591E-02 2.076E-04 8.31E-01
3.199E-03 1.571E-02 1.551E-02 2.052E-04 8.34E-01
3.162E-03 1.531E-02 1.511E-02 2.028E-04 8.38E-01
3.126E-03 1.492E-02 1.472E-02 2.004E-04 8.41E-01
3.090E-03 1.454E-02 1.434E-02 1.979E-04 8.45E-01
3.055E-03 1.419E-02 1.399E-02 1.954E-04 8.49E-01
3.020E-03 1.384E-02 1.364E-02 1.929E-04 8.52E-01
2.985E-03 1.349E-02 1.330E-02 1.903E-04 8.56E-01
2.951E-03 1.314E-02 1.295E-02 1.877E-04 8.59E-01
2.917E-03 1.279E-02 1.261E-02 1.850E-04 8.62E-01
2.884E-03 1.245E-02 1.226E-02 1.823E-04 8.66E-01
2.851E-03 1.211E-02 1.193E-02 1.796E-04 8.69E-01
2.818E-03 1.177E-02 1.159E-02 1.768E-04 8.72E-01
2.786E-03 1.144E-02 1.127E-02 1.741E-04 8.75E-01
2.754E-03 1.112E-02 1.095E-02 1.713E-04 8.78E-01
2.723E-03 1.082E-02 1.065E-02 1.685E-04 8.80E-01
2.692E-03 1.052E-02 1.036E-02 1.657E-04 8.83E-01
2.661E-03 1.023E-02 1.007E-02 1.629E-04 8.85E-01
2.630E-03 9.943E-03 9.783E-03 1.601E-04 8.87E-01
2.600E-03 9.664E-03 9.507E-03 1.573E-04 8.89E-01
2.570E-03 9.393E-03 9.238E-03 1.545E-04 8.91E-01
2.541E-03 9.131E-03 8.979E-03 1.517E-04 8.92E-01
2.512E-03 8.878E-03 8.730E-03 1.489E-04 8.94E-01
2.483E-03 8.638E-03 8.491E-03 1.461E-04 8.95E-01
2.455E-03 8.397E-03 8.253E-03 1.435E-04 8.97E-01
2.427E-03 8.158E-03 8.018E-03 1.408E-04 8.98E-01
2.399E-03 7.925E-03 7.786E-03 1.382E-04 8.99E-01
2.371E-03 7.696E-03 7.561E-03 1.356E-04 9.01E-01
2.344E-03 7.474E-03 7.341E-03 1.330E-04 9.02E-01
2.317E-03 7.259E-03 7.129E-03 1.304E-04 9.03E-01
2.291E-03 7.052E-03 6.924E-03 1.279E-04 9.05E-01
2.265E-03 6.854E-03 6.728E-03 1.254E-04 9.07E-01
2.239E-03 6.660E-03 6.537E-03 1.230E-04 9.08E-01
2.213E-03 6.466E-03 6.346E-03 1.205E-04 9.10E-01
2.188E-03 6.277E-03 6.159E-03 1.181E-04 9.12E-01
2.163E-03 6.092E-03 5.976E-03 1.156E-04 9.14E-01
2.138E-03 5.912E-03 5.799E-03 1.133E-04 9.16E-01
2.113E-03 5.738E-03 5.628E-03 1.109E-04 9.17E-01
2.089E-03 5.571E-03 5.463E-03 1.086E-04 9.19E-01
2.065E-03 5.411E-03 5.305E-03 1.063E-04 9.21E-01
2.042E-03 5.252E-03 5.148E-03 1.041E-04 9.23E-01
2.018E-03 5.096E-03 4.994E-03 1.019E-04 9.25E-01
1.995E-03 4.943E-03 4.844E-03 9.975E-05 9.27E-01
1.972E-03 4.795E-03 4.697E-03 9.762E-05 9.28E-01
1.950E-03 4.652E-03 4.556E-03 9.554E-05 9.30E-01
1.928E-03 4.513E-03 4.420E-03 9.350E-05 9.31E-01
1.905E-03 4.381E-03 4.289E-03 9.152E-05 9.32E-01
1.884E-03 4.249E-03 4.160E-03 8.956E-05 9.34E-01
1.862E-03 4.121E-03 4.033E-03 8.762E-05 9.35E-01
1.841E-03 3.995E-03 3.910E-03 8.571E-05 9.36E-01
1.820E-03 3.873E-03 3.790E-03 8.384E-05 9.36E-01
1.799E-03 3.756E-03 3.674E-03 8.200E-05 9.37E-01
1.778E-03 3.643E-03 3.563E-03 8.021E-05 9.38E-01
1.758E-03 3.533E-03 3.455E-03 7.845E-05 9.39E-01
1.738E-03 3.425E-03 3.348E-03 7.671E-05 9.40E-01
1.718E-03 3.320E-03 3.245E-03 7.499E-05 9.41E-01
1.698E-03 3.218E-03 3.144E-03 7.331E-05 9.42E-01
1.679E-03 3.119E-03 3.047E-03 7.166E-05 9.43E-01
1.660E-03 3.024E-03 2.954E-03 7.004E-05 9.44E-01
1.641E-03 2.932E-03 2.864E-03 6.847E-05 9.46E-01
1.622E-03 2.841E-03 2.775E-03 6.692E-05 9.47E-01
1.603E-03 2.753E-03 2.688E-03 6.539E-05 9.48E-01
1.585E-03 2.667E-03 2.604E-03 6.390E-05 9.49E-01
1.567E-03 2.585E-03 2.522E-03 6.244E-05 9.50E-01
1.549E-03 2.505E-03 2.444E-03 6.103E-05 9.52E-01
1.531E-03 2.428E-03 2.368E-03 5.963E-05 9.53E-01
1.514E-03 2.352E-03 2.294E-03 5.827E-05 9.54E-01
1.496E-03 2.278E-03 2.221E-03 5.692E-05 9.54E-01
1.479E-03 2.207E-03 2.152E-03 5.561E-05 9.55E-01
1.462E-03 2.139E-03 2.084E-03 5.434E-05 9.56E-01
1.445E-03 2.072E-03 2.019E-03 5.310E-05 9.57E-01
1.429E-03 2.007E-03 1.955E-03 5.188E-05 9.57E-01
1.413E-03 1.943E-03 1.893E-03 5.068E-05 9.58E-01
1.396E-03 1.882E-03 1.832E-03 4.952E-05 9.58E-01
1.380E-03 1.823E-03 1.774E-03 4.838E-05 9.59E-01
1.365E-03 1.766E-03 1.718E-03 4.727E-05 9.60E-01
1.349E-03 1.710E-03 1.664E-03 4.617E-05 9.61E-01
1.334E-03 1.656E-03 1.611E-03 4.510E-05 9.62E-01
1.318E-03 1.603E-03 1.559E-03 4.404E-05 9.62E-01
1.303E-03 1.553E-03 1.510E-03 4.302E-05 9.63E-01
1.288E-03 1.505E-03 1.463E-03 4.202E-05 9.64E-01
1.274E-03 1.458E-03 1.417E-03 4.103E-05 9.65E-01
1.259E-03 1.411E-03 1.371E-03 4.006E-05 9.66E-01
1.245E-03 1.365E-03 1.326E-03 3.911E-05 9.66E-01
1.230E-03 1.323E-03 1.285E-03 3.821E-05 9.67E-01
1.216E-03 1.283E-03 1.245E-03 3.735E-05 9.68E-01
1.202E-03 1.243E-03 1.206E-03 3.650E-05 9.68E-01
1.189E-03 1.203E-03 1.168E-03 3.565E-05 9.69E-01
1.175E-03 1.164E-03 1.130E-03 3.482E-05 9.69E-01
1.161E-03 1.126E-03 1.092E-03 3.399E-05 9.69E-01
1.148E-03 1.089E-03 1.056E-03 3.318E-05 9.70E-01
1.135E-03 1.053E-03 1.021E-03 3.239E-05 9.71E-01
1.122E-03 1.019E-03 9.871E-04 3.162E-05 9.71E-01
1.109E-03 9.859E-04 9.551E-04 3.087E-05 9.72E-01
1.096E-03 9.539E-04 9.238E-04 3.014E-05 9.73E-01
1.084E-03 9.228E-04 8.933E-04 2.942E-05 9.73E-01
1.072E-03 8.926E-04 8.639E-04 2.871E-05 9.74E-01
1.059E-03 8.637E-04 8.356E-04 2.803E-05 9.74E-01
1.047E-03 8.360E-04 8.086E-04 2.736E-05 9.75E-01
1.035E-03 8.097E-04 7.830E-04 2.673E-05 9.75E-01
1.023E-03 7.838E-04 7.577E-04 2.610E-05 9.76E-01
1.012E-03 7.584E-04 7.329E-04 2.548E-05 9.76E-01
