w(micron)   Q_ext     Q_abs     Q_sca    g=<cos>
1.000E+03 6.505E-09 6.505E-09 2.608E-20 0.00E+00
9.886E+02 6.648E-09 6.648E-09 2.731E-20 0.00E+00
9.772E+02 6.795E-09 6.795E-09 2.860E-20 0.00E+00
9.661E+02 6.944E-09 6.944E-09 2.995E-20 0.00E+00
9.550E+02 7.097E-09 7.097E-09 3.136E-20 0.00E+00
9.441E+02 7.254E-09 7.254E-09 3.283E-20 0.00E+00
9.333E+02 7.414E-09 7.414E-09 3.438E-20 0.00E+00
9.226E+02 7.578E-09 7.578E-09 3.600E-20 0.00E+00
9.120E+02 7.746E-09 7.746E-09 3.770E-20 0.00E+00
9.016E+02 7.918E-09 7.918E-09 3.947E-20 0.00E+00
8.913E+02 8.093E-09 8.093E-09 4.133E-20 0.00E+00
8.810E+02 8.273E-09 8.273E-09 4.328E-20 0.00E+00
8.710E+02 8.457E-09 8.457E-09 4.532E-20 0.00E+00
8.610E+02 8.644E-09 8.644E-09 4.745E-20 0.00E+00
8.511E+02 8.837E-09 8.837E-09 4.969E-20 0.00E+00
8.414E+02 9.033E-09 9.033E-09 5.203E-20 0.00E+00
8.318E+02 9.235E-09 9.235E-09 5.448E-20 0.00E+00
8.222E+02 9.441E-09 9.441E-09 5.704E-20 0.00E+00
8.128E+02 9.651E-09 9.651E-09 5.973E-20 0.00E+00
8.035E+02 9.867E-09 9.867E-09 6.254E-20 0.00E+00
7.943E+02 1.009E-08 1.009E-08 6.549E-20 0.00E+00
7.852E+02 1.031E-08 1.031E-08 6.858E-20 0.00E+00
7.762E+02 1.054E-08 1.054E-08 7.181E-20 0.00E+00
7.674E+02 1.078E-08 1.078E-08 7.519E-20 0.00E+00
7.586E+02 1.102E-08 1.102E-08 7.873E-20 0.00E+00
7.499E+02 1.127E-08 1.127E-08 8.244E-20 0.00E+00
7.413E+02 1.152E-08 1.152E-08 8.632E-20 0.00E+00
7.328E+02 1.178E-08 1.178E-08 9.039E-20 0.00E+00
7.244E+02 1.204E-08 1.204E-08 9.464E-20 0.00E+00
7.161E+02 1.232E-08 1.232E-08 9.910E-20 0.00E+00
7.079E+02 1.259E-08 1.259E-08 1.038E-19 0.00E+00
6.998E+02 1.288E-08 1.288E-08 1.087E-19 0.00E+00
6.918E+02 1.317E-08 1.317E-08 1.138E-19 0.00E+00
6.839E+02 1.346E-08 1.346E-08 1.191E-19 0.00E+00
6.761E+02 1.377E-08 1.377E-08 1.247E-19 0.00E+00
6.683E+02 1.408E-08 1.408E-08 1.306E-19 0.00E+00
6.607E+02 1.440E-08 1.440E-08 1.368E-19 0.00E+00
6.531E+02 1.472E-08 1.472E-08 1.432E-19 0.00E+00
6.457E+02 1.505E-08 1.505E-08 1.500E-19 0.00E+00
6.383E+02 1.539E-08 1.539E-08 1.570E-19 0.00E+00
6.310E+02 1.574E-08 1.574E-08 1.644E-19 0.00E+00
6.237E+02 1.610E-08 1.610E-08 1.722E-19 0.00E+00
6.166E+02 1.646E-08 1.646E-08 1.803E-19 0.00E+00
6.095E+02 1.684E-08 1.684E-08 1.888E-19 0.00E+00
6.026E+02 1.722E-08 1.722E-08 1.977E-19 0.00E+00
5.957E+02 1.761E-08 1.761E-08 2.070E-19 0.00E+00
5.888E+02 1.801E-08 1.801E-08 2.167E-19 0.00E+00
5.821E+02 1.842E-08 1.842E-08 2.269E-19 0.00E+00
5.754E+02 1.884E-08 1.884E-08 2.376E-19 0.00E+00
5.689E+02 1.927E-08 1.927E-08 2.488E-19 0.00E+00
5.623E+02 1.971E-08 1.971E-08 2.605E-19 0.00E+00
5.559E+02 2.015E-08 2.015E-08 2.728E-19 0.00E+00
5.495E+02 2.061E-08 2.061E-08 2.856E-19 0.00E+00
5.433E+02 2.108E-08 2.108E-08 2.991E-19 0.00E+00
5.370E+02 2.156E-08 2.156E-08 3.132E-19 0.00E+00
5.309E+02 2.206E-08 2.206E-08 3.279E-19 0.00E+00
5.248E+02 2.256E-08 2.256E-08 3.434E-19 0.00E+00
5.188E+02 2.308E-08 2.308E-08 3.595E-19 0.00E+00
5.129E+02 2.360E-08 2.360E-08 3.765E-19 0.00E+00
5.070E+02 2.414E-08 2.414E-08 3.942E-19 0.00E+00
5.012E+02 2.469E-08 2.469E-08 4.128E-19 0.00E+00
4.955E+02 2.526E-08 2.526E-08 4.322E-19 0.00E+00
4.898E+02 2.584E-08 2.584E-08 4.526E-19 0.00E+00
4.842E+02 2.643E-08 2.643E-08 4.739E-19 0.00E+00
4.786E+02 2.703E-08 2.703E-08 4.962E-19 0.00E+00
4.732E+02 2.765E-08 2.765E-08 5.196E-19 0.00E+00
4.677E+02 2.829E-08 2.829E-08 5.440E-19 0.00E+00
4.624E+02 2.893E-08 2.893E-08 5.696E-19 0.00E+00
4.571E+02 2.960E-08 2.960E-08 5.965E-19 0.00E+00
4.519E+02 3.028E-08 3.028E-08 6.246E-19 0.00E+00
4.467E+02 3.097E-08 3.097E-08 6.540E-19 0.00E+00
4.416E+02 3.168E-08 3.168E-08 6.848E-19 0.00E+00
4.365E+02 3.241E-08 3.241E-08 7.170E-19 0.00E+00
4.315E+02 3.315E-08 3.315E-08 7.508E-19 0.00E+00
4.266E+02 3.392E-08 3.392E-08 7.861E-19 0.00E+00
4.217E+02 3.470E-08 3.470E-08 8.231E-19 0.00E+00
4.169E+02 3.549E-08 3.549E-08 8.619E-19 0.00E+00
4.121E+02 3.631E-08 3.631E-08 9.025E-19 0.00E+00
4.074E+02 3.715E-08 3.715E-08 9.450E-19 0.00E+00
4.027E+02 3.800E-08 3.800E-08 9.894E-19 0.00E+00
3.981E+02 3.888E-08 3.888E-08 1.036E-18 0.00E+00
3.936E+02 3.977E-08 3.977E-08 1.085E-18 0.00E+00
3.890E+02 4.069E-08 4.069E-08 1.136E-18 0.00E+00
3.846E+02 4.163E-08 4.163E-08 1.189E-18 0.00E+00
3.802E+02 4.258E-08 4.258E-08 1.245E-18 0.00E+00
3.758E+02 4.357E-08 4.357E-08 1.304E-18 0.00E+00
3.715E+02 4.457E-08 4.457E-08 1.365E-18 0.00E+00
3.673E+02 4.560E-08 4.560E-08 1.430E-18 0.00E+00
3.631E+02 4.665E-08 4.665E-08 1.497E-18 0.00E+00
3.589E+02 4.773E-08 4.773E-08 1.567E-18 0.00E+00
3.548E+02 4.883E-08 4.883E-08 1.641E-18 0.00E+00
3.508E+02 4.996E-08 4.996E-08 1.718E-18 0.00E+00
3.467E+02 5.111E-08 5.111E-08 1.799E-18 0.00E+00
3.428E+02 5.229E-08 5.229E-08 1.884E-18 0.00E+00
3.388E+02 5.350E-08 5.350E-08 1.973E-18 0.00E+00
3.350E+02 5.474E-08 5.474E-08 2.065E-18 0.00E+00
3.311E+02 5.600E-08 5.600E-08 2.163E-18 0.00E+00
3.273E+02 5.730E-08 5.730E-08 2.264E-18 0.00E+00
3.236E+02 5.862E-08 5.862E-08 2.371E-18 0.00E+00
3.199E+02 5.998E-08 5.998E-08 2.483E-18 0.00E+00
3.162E+02 6.137E-08 6.137E-08 2.599E-18 0.00E+00
3.126E+02 6.279E-08 6.279E-08 2.722E-18 0.00E+00
3.090E+02 6.424E-08 6.424E-08 2.850E-18 0.00E+00
3.055E+02 6.573E-08 6.573E-08 2.984E-18 0.00E+00
3.020E+02 6.725E-08 6.725E-08 3.124E-18 0.00E+00
2.985E+02 6.881E-08 6.881E-08 3.271E-18 0.00E+00
2.951E+02 7.041E-08 7.041E-08 3.425E-18 0.00E+00
2.917E+02 7.204E-08 7.204E-08 3.586E-18 0.00E+00
2.884E+02 7.371E-08 7.371E-08 3.755E-18 0.00E+00
2.851E+02 7.542E-08 7.542E-08 3.931E-18 0.00E+00
2.818E+02 7.716E-08 7.716E-08 4.116E-18 0.00E+00
2.786E+02 7.895E-08 7.895E-08 4.310E-18 0.00E+00
2.754E+02 8.079E-08 8.079E-08 4.513E-18 0.00E+00
2.723E+02 8.266E-08 8.266E-08 4.725E-18 0.00E+00
2.692E+02 8.458E-08 8.458E-08 4.947E-18 0.00E+00
2.661E+02 8.654E-08 8.654E-08 5.180E-18 0.00E+00
2.630E+02 8.855E-08 8.855E-08 5.423E-18 0.00E+00
2.600E+02 9.061E-08 9.061E-08 5.678E-18 0.00E+00
2.570E+02 9.271E-08 9.271E-08 5.945E-18 0.00E+00
2.541E+02 9.486E-08 9.486E-08 6.225E-18 0.00E+00
2.512E+02 9.707E-08 9.707E-08 6.518E-18 0.00E+00
2.483E+02 9.932E-08 9.932E-08 6.824E-18 0.00E+00
2.455E+02 1.016E-07 1.016E-07 7.145E-18 0.00E+00
2.427E+02 1.040E-07 1.040E-07 7.481E-18 0.00E+00
2.399E+02 1.064E-07 1.064E-07 7.832E-18 0.00E+00
2.371E+02 1.089E-07 1.089E-07 8.200E-18 0.00E+00
2.344E+02 1.114E-07 1.114E-07 8.586E-18 0.00E+00
2.317E+02 1.140E-07 1.140E-07 8.989E-18 0.00E+00
2.291E+02 1.167E-07 1.167E-07 9.412E-18 0.00E+00
2.265E+02 1.194E-07 1.194E-07 9.854E-18 0.00E+00
2.239E+02 1.222E-07 1.222E-07 1.032E-17 0.00E+00
2.213E+02 1.250E-07 1.250E-07 1.080E-17 0.00E+00
2.188E+02 1.279E-07 1.279E-07 1.131E-17 0.00E+00
2.163E+02 1.309E-07 1.309E-07 1.184E-17 0.00E+00
2.138E+02 1.339E-07 1.339E-07 1.240E-17 0.00E+00
2.113E+02 1.371E-07 1.371E-07 1.298E-17 0.00E+00
2.089E+02 1.402E-07 1.402E-07 1.359E-17 0.00E+00
2.065E+02 1.435E-07 1.435E-07 1.423E-17 0.00E+00
2.042E+02 1.469E-07 1.469E-07 1.489E-17 0.00E+00
2.018E+02 1.503E-07 1.503E-07 1.559E-17 0.00E+00
1.995E+02 1.538E-07 1.538E-07 1.633E-17 0.00E+00
1.972E+02 1.574E-07 1.574E-07 1.709E-17 0.00E+00
1.950E+02 1.610E-07 1.610E-07 1.789E-17 0.00E+00
1.928E+02 1.648E-07 1.648E-07 1.873E-17 0.00E+00
1.905E+02 1.686E-07 1.686E-07 1.961E-17 0.00E+00
1.884E+02 1.726E-07 1.726E-07 2.053E-17 0.00E+00
1.862E+02 1.766E-07 1.766E-07 2.150E-17 0.00E+00
1.841E+02 1.807E-07 1.807E-07 2.251E-17 0.00E+00
1.820E+02 1.850E-07 1.850E-07 2.356E-17 0.00E+00
1.799E+02 1.893E-07 1.893E-07 2.467E-17 0.00E+00
1.778E+02 1.937E-07 1.937E-07 2.582E-17 0.00E+00
1.758E+02 1.982E-07 1.982E-07 2.704E-17 0.00E+00
1.738E+02 2.029E-07 2.029E-07 2.830E-17 0.00E+00
1.718E+02 2.076E-07 2.076E-07 2.963E-17 0.00E+00
1.698E+02 2.125E-07 2.125E-07 3.102E-17 0.00E+00
1.679E+02 2.174E-07 2.174E-07 3.247E-17 0.00E+00
1.660E+02 2.225E-07 2.225E-07 3.400E-17 0.00E+00
1.641E+02 2.277E-07 2.277E-07 3.559E-17 0.00E+00
1.622E+02 2.330E-07 2.330E-07 3.726E-17 0.00E+00
1.603E+02 2.385E-07 2.385E-07 3.900E-17 0.00E+00
1.585E+02 2.441E-07 2.441E-07 4.083E-17 0.00E+00
1.567E+02 2.498E-07 2.498E-07 4.274E-17 0.00E+00
1.549E+02 2.557E-07 2.557E-07 4.474E-17 0.00E+00
1.531E+02 2.616E-07 2.616E-07 4.684E-17 0.00E+00
1.514E+02 2.678E-07 2.678E-07 4.903E-17 0.00E+00
1.496E+02 2.741E-07 2.741E-07 5.133E-17 0.00E+00
1.479E+02 2.805E-07 2.805E-07 5.373E-17 0.00E+00
1.462E+02 2.871E-07 2.871E-07 5.624E-17 0.00E+00
1.445E+02 2.938E-07 2.938E-07 5.888E-17 0.00E+00
1.429E+02 3.007E-07 3.007E-07 6.163E-17 0.00E+00
1.413E+02 3.078E-07 3.078E-07 6.451E-17 0.00E+00
1.396E+02 3.150E-07 3.150E-07 6.753E-17 0.00E+00
1.380E+02 3.224E-07 3.224E-07 7.069E-17 0.00E+00
1.365E+02 3.300E-07 3.300E-07 7.399E-17 0.00E+00
1.349E+02 3.377E-07 3.377E-07 7.745E-17 0.00E+00
1.334E+02 3.457E-07 3.457E-07 8.107E-17 0.00E+00
1.318E+02 3.538E-07 3.538E-07 8.486E-17 0.00E+00
1.303E+02 3.621E-07 3.621E-07 8.882E-17 0.00E+00
1.288E+02 3.707E-07 3.707E-07 9.297E-17 0.00E+00
1.274E+02 3.794E-07 3.794E-07 9.731E-17 0.00E+00
1.259E+02 3.884E-07 3.884E-07 1.019E-16 0.00E+00
1.245E+02 3.975E-07 3.975E-07 1.066E-16 0.00E+00
1.230E+02 4.069E-07 4.069E-07 1.116E-16 0.00E+00
1.216E+02 4.165E-07 4.165E-07 1.168E-16 0.00E+00
1.202E+02 4.263E-07 4.263E-07 1.222E-16 0.00E+00
1.189E+02 4.364E-07 4.364E-07 1.279E-16 0.00E+00
1.175E+02 4.467E-07 4.467E-07 1.339E-16 0.00E+00
1.161E+02 4.573E-07 4.573E-07 1.401E-16 0.00E+00
1.148E+02 4.681E-07 4.681E-07 1.467E-16 0.00E+00
1.135E+02 4.792E-07 4.792E-07 1.535E-16 0.00E+00
1.122E+02 4.905E-07 4.905E-07 1.606E-16 0.00E+00
1.109E+02 5.021E-07 5.021E-07 1.681E-16 0.00E+00
1.096E+02 5.140E-07 5.140E-07 1.759E-16 0.00E+00
1.084E+02 5.262E-07 5.262E-07 1.841E-16 0.00E+00
1.072E+02 5.387E-07 5.387E-07 1.927E-16 0.00E+00
1.059E+02 5.515E-07 5.515E-07 2.016E-16 0.00E+00
1.047E+02 5.646E-07 5.646E-07 2.110E-16 0.00E+00
1.035E+02 5.780E-07 5.780E-07 2.208E-16 0.00E+00
1.023E+02 5.917E-07 5.917E-07 2.310E-16 0.00E+00
1.012E+02 6.058E-07 6.058E-07 2.418E-16 0.00E+00
1.000E+02 6.202E-07 6.202E-07 2.530E-16 0.00E+00
9.886E+01 6.350E-07 6.350E-07 2.647E-16 0.00E+00
9.772E+01 6.501E-07 6.501E-07 2.770E-16 0.00E+00
9.661E+01 6.656E-07 6.656E-07 2.898E-16 0.00E+00
9.550E+01 6.814E-07 6.814E-07 3.032E-16 0.00E+00
9.441E+01 6.976E-07 6.976E-07 3.173E-16 0.00E+00
9.333E+01 7.143E-07 7.143E-07 3.319E-16 0.00E+00
9.226E+01 7.313E-07 7.313E-07 3.473E-16 0.00E+00
9.120E+01 7.487E-07 7.487E-07 3.633E-16 0.00E+00
9.016E+01 7.666E-07 7.666E-07 3.801E-16 0.00E+00
8.913E+01 7.849E-07 7.849E-07 3.977E-16 0.00E+00
8.810E+01 8.036E-07 8.036E-07 4.160E-16 0.00E+00
8.710E+01 8.228E-07 8.228E-07 4.352E-16 0.00E+00
8.610E+01 8.425E-07 8.425E-07 4.553E-16 0.00E+00
8.511E+01 8.626E-07 8.626E-07 4.763E-16 0.00E+00
8.414E+01 8.833E-07 8.833E-07 4.983E-16 0.00E+00
8.318E+01 9.045E-07 9.045E-07 5.212E-16 0.00E+00
8.222E+01 9.262E-07 9.262E-07 5.452E-16 0.00E+00
8.128E+01 9.484E-07 9.484E-07 5.703E-16 0.00E+00
8.035E+01 9.712E-07 9.712E-07 5.965E-16 0.00E+00
7.943E+01 9.945E-07 9.945E-07 6.239E-16 0.00E+00
7.852E+01 1.018E-06 1.018E-06 6.526E-16 0.00E+00
7.762E+01 1.043E-06 1.043E-06 6.825E-16 0.00E+00
7.674E+01 1.068E-06 1.068E-06 7.138E-16 0.00E+00
7.586E+01 1.094E-06 1.094E-06 7.466E-16 0.00E+00
7.499E+01 1.120E-06 1.120E-06 7.808E-16 0.00E+00
7.413E+01 1.147E-06 1.147E-06 8.165E-16 0.00E+00
7.328E+01 1.175E-06 1.175E-06 8.539E-16 0.00E+00
7.244E+01 1.204E-06 1.204E-06 8.929E-16 0.00E+00
7.161E+01 1.233E-06 1.233E-06 9.337E-16 0.00E+00
7.079E+01 1.263E-06 1.263E-06 9.763E-16 0.00E+00
6.998E+01 1.294E-06 1.294E-06 1.021E-15 0.00E+00
6.918E+01 1.325E-06 1.325E-06 1.067E-15 0.00E+00
6.839E+01 1.358E-06 1.358E-06 1.116E-15 0.00E+00
6.761E+01 1.391E-06 1.391E-06 1.167E-15 0.00E+00
6.683E+01 1.425E-06 1.425E-06 1.220E-15 0.00E+00
6.607E+01 1.460E-06 1.460E-06 1.276E-15 0.00E+00
6.531E+01 1.496E-06 1.496E-06 1.334E-15 0.00E+00
6.457E+01 1.532E-06 1.532E-06 1.394E-15 0.00E+00
6.383E+01 1.570E-06 1.570E-06 1.457E-15 0.00E+00
6.310E+01 1.609E-06 1.609E-06 1.523E-15 0.00E+00
6.237E+01 1.649E-06 1.649E-06 1.592E-15 0.00E+00
6.166E+01 1.690E-06 1.690E-06 1.665E-15 0.00E+00
6.095E+01 1.732E-06 1.732E-06 1.740E-15 0.00E+00
6.026E+01 1.775E-06 1.775E-06 1.819E-15 0.00E+00
5.957E+01 1.819E-06 1.819E-06 1.901E-15 0.00E+00
5.888E+01 1.865E-06 1.865E-06 1.987E-15 0.00E+00
5.821E+01 1.912E-06 1.912E-06 2.076E-15 0.00E+00
5.754E+01 1.960E-06 1.960E-06 2.170E-15 0.00E+00
5.689E+01 2.009E-06 2.009E-06 2.267E-15 0.00E+00
5.623E+01 2.060E-06 2.060E-06 2.370E-15 0.00E+00
5.559E+01 2.113E-06 2.113E-06 2.476E-15 0.00E+00
5.495E+01 2.166E-06 2.166E-06 2.587E-15 0.00E+00
5.433E+01 2.222E-06 2.222E-06 2.704E-15 0.00E+00
5.370E+01 2.279E-06 2.279E-06 2.825E-15 0.00E+00
5.309E+01 2.338E-06 2.338E-06 2.952E-15 0.00E+00
5.248E+01 2.398E-06 2.398E-06 3.084E-15 0.00E+00
5.188E+01 2.461E-06 2.461E-06 3.222E-15 0.00E+00
5.129E+01 2.525E-06 2.525E-06 3.366E-15 0.00E+00
5.070E+01 2.591E-06 2.591E-06 3.517E-15 0.00E+00
5.012E+01 2.659E-06 2.659E-06 3.674E-15 0.00E+00
4.955E+01 2.730E-06 2.730E-06 3.838E-15 0.00E+00
4.898E+01 2.802E-06 2.802E-06 4.009E-15 0.00E+00
4.842E+01 2.877E-06 2.877E-06 4.188E-15 0.00E+00
4.786E+01 2.954E-06 2.954E-06 4.374E-15 0.00E+00
4.732E+01 3.034E-06 3.034E-06 4.569E-15 0.00E+00
4.677E+01 3.116E-06 3.116E-06 4.773E-15 0.00E+00
4.624E+01 3.201E-06 3.201E-06 4.985E-15 0.00E+00
4.571E+01 3.289E-06 3.289E-06 5.207E-15 0.00E+00
4.519E+01 3.379E-06 3.379E-06 5.438E-15 0.00E+00
4.467E+01 3.473E-06 3.473E-06 5.679E-15 0.00E+00
4.416E+01 3.570E-06 3.570E-06 5.931E-15 0.00E+00
4.365E+01 3.670E-06 3.670E-06 6.194E-15 0.00E+00
4.315E+01 3.773E-06 3.773E-06 6.469E-15 0.00E+00
4.266E+01 3.880E-06 3.880E-06 6.756E-15 0.00E+00
4.217E+01 3.990E-06 3.990E-06 7.055E-15 0.00E+00
4.169E+01 4.105E-06 4.105E-06 7.367E-15 0.00E+00
4.121E+01 4.223E-06 4.223E-06 7.694E-15 0.00E+00
4.074E+01 4.345E-06 4.345E-06 8.034E-15 0.00E+00
4.027E+01 4.471E-06 4.471E-06 8.390E-15 0.00E+00
3.981E+01 4.602E-06 4.602E-06 8.761E-15 0.00E+00
3.936E+01 4.737E-06 4.737E-06 9.149E-15 0.00E+00
3.890E+01 4.876E-06 4.876E-06 9.554E-15 0.00E+00
3.846E+01 5.021E-06 5.021E-06 9.976E-15 0.00E+00
3.802E+01 5.170E-06 5.170E-06 1.042E-14 0.00E+00
3.758E+01 5.324E-06 5.324E-06 1.088E-14 0.00E+00
3.715E+01 5.482E-06 5.482E-06 1.136E-14 0.00E+00
3.673E+01 5.646E-06 5.646E-06 1.186E-14 0.00E+00
3.631E+01 5.815E-06 5.815E-06 1.239E-14 0.00E+00
3.589E+01 5.989E-06 5.989E-06 1.294E-14 0.00E+00
3.548E+01 6.167E-06 6.167E-06 1.351E-14 0.00E+00
3.508E+01 6.351E-06 6.351E-06 1.411E-14 0.00E+00
3.467E+01 6.540E-06 6.540E-06 1.474E-14 0.00E+00
3.428E+01 6.733E-06 6.733E-06 1.539E-14 0.00E+00
3.388E+01 6.930E-06 6.930E-06 1.608E-14 0.00E+00
3.350E+01 7.132E-06 7.132E-06 1.679E-14 0.00E+00
3.311E+01 7.338E-06 7.338E-06 1.754E-14 0.00E+00
3.273E+01 7.547E-06 7.547E-06 1.832E-14 0.00E+00
3.236E+01 7.759E-06 7.759E-06 1.914E-14 0.00E+00
3.199E+01 7.973E-06 7.973E-06 1.999E-14 0.00E+00
3.162E+01 8.189E-06 8.189E-06 2.088E-14 0.00E+00
3.126E+01 8.407E-06 8.407E-06 2.181E-14 0.00E+00
3.090E+01 8.624E-06 8.624E-06 2.279E-14 0.00E+00
3.055E+01 8.842E-06 8.842E-06 2.381E-14 0.00E+00
3.020E+01 9.058E-06 9.058E-06 2.488E-14 0.00E+00
2.985E+01 9.272E-06 9.272E-06 2.599E-14 0.00E+00
2.951E+01 9.483E-06 9.483E-06 2.716E-14 0.00E+00
2.917E+01 9.691E-06 9.691E-06 2.838E-14 0.00E+00
2.884E+01 9.895E-06 9.895E-06 2.966E-14 0.00E+00
2.851E+01 1.009E-05 1.009E-05 3.099E-14 0.00E+00
2.818E+01 1.029E-05 1.029E-05 3.239E-14 0.00E+00
2.786E+01 1.048E-05 1.048E-05 3.386E-14 0.00E+00
2.754E+01 1.067E-05 1.067E-05 3.539E-14 0.00E+00
2.723E+01 1.085E-05 1.085E-05 3.699E-14 0.00E+00
2.692E+01 1.104E-05 1.104E-05 3.866E-14 0.00E+00
2.661E+01 1.123E-05 1.123E-05 4.042E-14 0.00E+00
2.630E+01 1.144E-05 1.144E-05 4.225E-14 0.00E+00
2.600E+01 1.166E-05 1.166E-05 4.418E-14 0.00E+00
2.570E+01 1.193E-05 1.193E-05 4.619E-14 0.00E+00
2.541E+01 1.225E-05 1.225E-05 4.829E-14 0.00E+00
2.512E+01 1.267E-05 1.267E-05 5.049E-14 0.00E+00
2.483E+01 1.325E-05 1.325E-05 5.280E-14 0.00E+00
2.455E+01 1.409E-05 1.409E-05 5.521E-14 0.00E+00
2.427E+01 1.539E-05 1.539E-05 5.773E-14 0.00E+00
2.399E+01 1.755E-05 1.755E-05 6.037E-14 0.00E+00
2.371E+01 2.130E-05 2.130E-05 6.314E-14 0.00E+00
2.344E+01 2.749E-05 2.749E-05 6.604E-14 0.00E+00
2.317E+01 3.380E-05 3.380E-05 6.907E-14 0.00E+00
2.291E+01 3.285E-05 3.285E-05 7.225E-14 0.00E+00
2.265E+01 2.807E-05 2.807E-05 7.558E-14 0.00E+00
2.239E+01 2.615E-05 2.615E-05 7.907E-14 0.00E+00
2.213E+01 2.835E-05 2.835E-05 8.272E-14 0.00E+00
2.188E+01 3.606E-05 3.606E-05 8.654E-14 0.00E+00
2.163E+01 5.376E-05 5.376E-05 9.054E-14 0.00E+00
2.138E+01 8.524E-05 8.524E-05 9.474E-14 0.00E+00
2.113E+01 9.714E-05 9.714E-05 9.914E-14 0.00E+00
2.089E+01 6.593E-05 6.593E-05 1.037E-13 0.00E+00
2.065E+01 4.027E-05 4.027E-05 1.086E-13 0.00E+00
2.042E+01 2.719E-05 2.719E-05 1.136E-13 0.00E+00
2.018E+01 2.046E-05 2.046E-05 1.189E-13 0.00E+00
1.995E+01 1.675E-05 1.675E-05 1.244E-13 0.00E+00
1.972E+01 1.461E-05 1.461E-05 1.302E-13 0.00E+00
1.950E+01 1.345E-05 1.345E-05 1.362E-13 0.00E+00
1.928E+01 1.308E-05 1.308E-05 1.426E-13 0.00E+00
1.905E+01 1.366E-05 1.366E-05 1.492E-13 0.00E+00
1.884E+01 1.609E-05 1.609E-05 1.562E-13 0.00E+00
1.862E+01 2.407E-05 2.407E-05 1.635E-13 0.00E+00
1.841E+01 5.608E-05 5.608E-05 1.712E-13 0.00E+00
1.820E+01 8.997E-05 8.997E-05 1.792E-13 0.00E+00
1.799E+01 3.359E-05 3.359E-05 1.876E-13 0.00E+00
1.778E+01 1.758E-05 1.758E-05 1.963E-13 0.00E+00
1.758E+01 1.266E-05 1.266E-05 2.055E-13 0.00E+00
1.738E+01 1.074E-05 1.074E-05 2.152E-13 0.00E+00
1.718E+01 1.010E-05 1.010E-05 2.253E-13 0.00E+00
1.698E+01 1.053E-05 1.053E-05 2.359E-13 0.00E+00
1.679E+01 1.318E-05 1.318E-05 2.469E-13 0.00E+00
1.660E+01 2.707E-05 2.707E-05 2.585E-13 0.00E+00
1.641E+01 1.444E-04 1.444E-04 2.707E-13 0.00E+00
1.622E+01 2.891E-05 2.891E-05 2.834E-13 0.00E+00
1.603E+01 1.271E-05 1.271E-05 2.968E-13 0.00E+00
1.585E+01 9.290E-06 9.290E-06 3.107E-13 0.00E+00
1.567E+01 8.065E-06 8.065E-06 3.254E-13 0.00E+00
1.549E+01 7.523E-06 7.523E-06 3.407E-13 0.00E+00
1.531E+01 7.277E-06 7.277E-06 3.567E-13 0.00E+00
1.514E+01 7.198E-06 7.198E-06 3.736E-13 0.00E+00
1.496E+01 7.234E-06 7.234E-06 3.912E-13 0.00E+00
1.479E+01 7.367E-06 7.367E-06 4.097E-13 0.00E+00
1.462E+01 7.599E-06 7.599E-06 4.290E-13 0.00E+00
1.445E+01 7.939E-06 7.939E-06 4.493E-13 0.00E+00
1.429E+01 8.412E-06 8.412E-06 4.704E-13 0.00E+00
1.413E+01 9.057E-06 9.057E-06 4.926E-13 0.00E+00
1.396E+01 9.936E-06 9.936E-06 5.159E-13 0.00E+00
1.380E+01 1.115E-05 1.115E-05 5.402E-13 0.00E+00
1.365E+01 1.286E-05 1.286E-05 5.657E-13 0.00E+00
1.349E+01 1.532E-05 1.532E-05 5.924E-13 0.00E+00
1.334E+01 1.899E-05 1.899E-05 6.204E-13 0.00E+00
1.318E+01 2.453E-05 2.453E-05 6.497E-13 0.00E+00
1.303E+01 3.274E-05 3.274E-05 6.803E-13 0.00E+00
1.288E+01 4.317E-05 4.317E-05 7.124E-13 0.00E+00
1.274E+01 5.100E-05 5.100E-05 7.461E-13 0.00E+00
1.259E+01 4.973E-05 4.973E-05 7.813E-13 0.00E+00
1.245E+01 4.265E-05 4.265E-05 8.183E-13 0.00E+00
1.230E+01 3.754E-05 3.754E-05 8.570E-13 0.00E+00
1.216E+01 3.893E-05 3.893E-05 8.975E-13 0.00E+00
1.202E+01 5.337E-05 5.337E-05 9.399E-13 0.00E+00
1.189E+01 7.314E-05 7.314E-05 9.853E-13 0.00E+00
1.175E+01 6.060E-05 6.060E-05 1.034E-12 0.00E+00
1.161E+01 6.820E-05 6.820E-05 1.087E-12 0.00E+00
1.148E+01 1.071E-04 1.071E-04 1.107E-12 0.00E+00
1.135E+01 1.706E-04 1.706E-04 1.176E-12 0.00E+00
1.122E+01 1.558E-04 1.558E-04 1.234E-12 0.00E+00
1.109E+01 8.933E-05 8.933E-05 1.294E-12 0.00E+00
1.096E+01 5.177E-05 5.177E-05 1.356E-12 0.00E+00
1.084E+01 3.389E-05 3.389E-05 1.420E-12 0.00E+00
1.072E+01 2.472E-05 2.472E-05 1.488E-12 0.00E+00
1.059E+01 1.958E-05 1.958E-05 1.558E-12 0.00E+00
1.047E+01 1.652E-05 1.652E-05 1.631E-12 0.00E+00
1.035E+01 1.462E-05 1.462E-05 1.708E-12 0.00E+00
1.023E+01 1.345E-05 1.345E-05 1.788E-12 0.00E+00
1.012E+01 1.276E-05 1.276E-05 1.872E-12 0.00E+00
1.000E+01 1.243E-05 1.243E-05 1.961E-12 0.00E+00
9.886E+00 1.238E-05 1.238E-05 2.053E-12 4.85E-07
9.772E+00 1.259E-05 1.259E-05 2.150E-12 4.98E-07
9.661E+00 1.303E-05 1.303E-05 2.252E-12 5.11E-07
9.550E+00 1.375E-05 1.375E-05 2.358E-12 5.25E-07
9.441E+00 1.477E-05 1.477E-05 2.469E-12 5.39E-07
9.333E+00 1.619E-05 1.619E-05 2.585E-12 5.52E-07
9.226E+00 1.818E-05 1.818E-05 2.707E-12 5.66E-07
9.120E+00 2.101E-05 2.101E-05 2.834E-12 5.81E-07
9.016E+00 2.521E-05 2.521E-05 2.968E-12 5.96E-07
8.913E+00 3.182E-05 3.182E-05 3.107E-12 6.11E-07
8.810E+00 4.269E-05 4.269E-05 3.253E-12 6.26E-07
8.710E+00 5.932E-05 5.932E-05 3.407E-12 6.42E-07
8.610E+00 7.359E-05 7.359E-05 3.567E-12 6.58E-07
8.511E+00 7.016E-05 7.016E-05 3.734E-12 6.75E-07
8.414E+00 6.132E-05 6.132E-05 3.910E-12 6.93E-07
8.318E+00 5.918E-05 5.918E-05 4.093E-12 7.10E-07
8.222E+00 6.392E-05 6.392E-05 4.286E-12 7.29E-07
8.128E+00 7.457E-05 7.457E-05 4.487E-12 7.48E-07
8.035E+00 9.098E-05 9.098E-05 4.697E-12 7.68E-07
7.943E+00 1.128E-04 1.128E-04 4.918E-12 7.89E-07
7.852E+00 1.370E-04 1.370E-04 5.148E-12 8.11E-07
7.762E+00 1.560E-04 1.560E-04 5.389E-12 8.33E-07
7.674E+00 1.595E-04 1.595E-04 5.642E-12 8.56E-07
7.586E+00 1.452E-04 1.452E-04 5.907E-12 8.77E-07
7.499E+00 1.211E-04 1.211E-04 6.184E-12 8.99E-07
7.413E+00 9.682E-05 9.682E-05 6.474E-12 9.20E-07
7.328E+00 7.669E-05 7.669E-05 6.778E-12 9.42E-07
7.244E+00 6.139E-05 6.139E-05 7.096E-12 9.64E-07
7.161E+00 5.017E-05 5.017E-05 7.429E-12 9.87E-07
7.079E+00 4.204E-05 4.204E-05 7.777E-12 1.01E-06
6.998E+00 3.622E-05 3.622E-05 8.141E-12 1.03E-06
6.918E+00 3.217E-05 3.217E-05 8.523E-12 1.06E-06
6.839E+00 2.957E-05 2.957E-05 8.922E-12 1.08E-06
6.761E+00 2.826E-05 2.826E-05 9.340E-12 1.11E-06
6.683E+00 2.831E-05 2.831E-05 9.778E-12 1.13E-06
6.607E+00 3.004E-05 3.004E-05 1.024E-11 1.16E-06
6.531E+00 3.424E-05 3.424E-05 1.071E-11 1.19E-06
6.457E+00 4.253E-05 4.253E-05 1.122E-11 1.22E-06
6.383E+00 5.807E-05 5.807E-05 1.174E-11 1.25E-06
6.310E+00 8.491E-05 8.491E-05 1.229E-11 1.31E-06
6.237E+00 1.164E-04 1.164E-04 1.287E-11 1.29E-06
6.166E+00 1.168E-04 1.168E-04 1.347E-11 1.32E-06
6.095E+00 8.444E-05 8.443E-05 1.410E-11 1.35E-06
6.026E+00 5.567E-05 5.567E-05 1.476E-11 1.38E-06
5.957E+00 3.824E-05 3.824E-05 1.545E-11 1.41E-06
5.888E+00 2.807E-05 2.807E-05 1.617E-11 1.44E-06
5.821E+00 2.187E-05 2.187E-05 1.692E-11 1.48E-06
5.754E+00 1.788E-05 1.788E-05 1.771E-11 1.51E-06
5.689E+00 1.516E-05 1.516E-05 1.854E-11 1.54E-06
5.623E+00 1.323E-05 1.323E-05 1.941E-11 1.58E-06
5.559E+00 1.181E-05 1.181E-05 2.031E-11 1.61E-06
5.495E+00 1.074E-05 1.074E-05 2.126E-11 1.65E-06
5.433E+00 9.903E-06 9.903E-06 2.225E-11 1.68E-06
5.370E+00 9.243E-06 9.243E-06 2.329E-11 1.72E-06
5.309E+00 8.714E-06 8.714E-06 2.438E-11 1.76E-06
5.248E+00 8.283E-06 8.283E-06 2.551E-11 1.80E-06
5.188E+00 7.929E-06 7.929E-06 2.670E-11 1.84E-06
5.129E+00 7.636E-06 7.636E-06 2.794E-11 1.88E-06
5.070E+00 7.392E-06 7.392E-06 2.924E-11 1.92E-06
5.012E+00 7.189E-06 7.189E-06 3.060E-11 1.97E-06
4.955E+00 7.019E-06 7.019E-06 3.203E-11 2.01E-06
4.898E+00 6.877E-06 6.877E-06 3.352E-11 2.05E-06
4.842E+00 6.759E-06 6.759E-06 3.508E-11 2.10E-06
4.786E+00 6.662E-06 6.662E-06 3.672E-11 2.15E-06
4.732E+00 6.584E-06 6.584E-06 3.843E-11 2.19E-06
4.677E+00 6.522E-06 6.522E-06 4.022E-11 2.24E-06
4.624E+00 6.474E-06 6.474E-06 4.209E-11 2.29E-06
4.571E+00 6.439E-06 6.439E-06 4.405E-11 2.34E-06
4.519E+00 6.416E-06 6.416E-06 4.610E-11 2.39E-06
4.467E+00 6.403E-06 6.403E-06 4.824E-11 2.44E-06
4.416E+00 6.401E-06 6.400E-06 5.049E-11 2.50E-06
4.365E+00 6.407E-06 6.407E-06 5.283E-11 2.55E-06
4.315E+00 6.422E-06 6.422E-06 5.529E-11 2.61E-06
4.266E+00 6.445E-06 6.445E-06 5.786E-11 2.66E-06
4.217E+00 6.476E-06 6.476E-06 6.055E-11 2.72E-06
4.169E+00 6.515E-06 6.515E-06 6.336E-11 2.78E-06
4.121E+00 6.562E-06 6.561E-06 6.630E-11 2.84E-06
4.074E+00 6.616E-06 6.616E-06 6.938E-11 2.90E-06
4.027E+00 6.678E-06 6.678E-06 7.260E-11 2.96E-06
3.981E+00 6.749E-06 6.749E-06 7.597E-11 3.02E-06
3.936E+00 6.829E-06 6.829E-06 7.950E-11 3.09E-06
3.890E+00 6.919E-06 6.919E-06 8.319E-11 3.15E-06
3.846E+00 7.022E-06 7.022E-06 8.705E-11 3.22E-06
3.802E+00 7.139E-06 7.139E-06 9.110E-11 3.28E-06
3.758E+00 7.275E-06 7.275E-06 9.533E-11 3.35E-06
3.715E+00 7.436E-06 7.436E-06 9.976E-11 3.42E-06
3.673E+00 7.629E-06 7.629E-06 1.044E-10 3.49E-06
3.631E+00 7.872E-06 7.872E-06 1.092E-10 3.56E-06
3.589E+00 8.190E-06 8.190E-06 1.143E-10 3.64E-06
3.548E+00 8.630E-06 8.630E-06 1.196E-10 3.71E-06
3.508E+00 9.289E-06 9.289E-06 1.252E-10 3.79E-06
3.467E+00 1.039E-05 1.039E-05 1.310E-10 3.86E-06
3.428E+00 1.250E-05 1.250E-05 1.370E-10 3.94E-06
3.388E+00 1.761E-05 1.761E-05 1.434E-10 4.02E-06
3.350E+00 3.601E-05 3.601E-05 1.500E-10 4.10E-06
3.311E+00 1.595E-04 1.595E-04 1.570E-10 4.19E-06
3.273E+00 7.983E-05 7.983E-05 1.643E-10 4.27E-06
3.236E+00 2.551E-05 2.551E-05 1.719E-10 4.36E-06
3.199E+00 1.550E-05 1.550E-05 1.799E-10 4.45E-06
3.162E+00 1.226E-05 1.226E-05 1.882E-10 4.54E-06
3.126E+00 1.091E-05 1.091E-05 1.969E-10 4.64E-06
3.090E+00 1.025E-05 1.025E-05 2.060E-10 4.73E-06
3.055E+00 9.914E-06 9.914E-06 2.156E-10 4.83E-06
3.020E+00 9.751E-06 9.751E-06 2.255E-10 4.92E-06
2.985E+00 9.689E-06 9.689E-06 2.360E-10 5.02E-06
2.951E+00 9.686E-06 9.686E-06 2.469E-10 5.13E-06
2.917E+00 9.727E-06 9.726E-06 2.584E-10 5.23E-06
2.884E+00 9.795E-06 9.795E-06 2.703E-10 5.33E-06
2.851E+00 9.885E-06 9.885E-06 2.828E-10 5.44E-06
2.818E+00 9.992E-06 9.991E-06 2.959E-10 5.55E-06
2.786E+00 1.011E-05 1.011E-05 3.096E-10 5.66E-06
2.754E+00 1.024E-05 1.024E-05 3.239E-10 5.78E-06
2.723E+00 1.038E-05 1.038E-05 3.388E-10 5.90E-06
2.692E+00 1.052E-05 1.052E-05 3.545E-10 6.02E-06
2.661E+00 1.067E-05 1.067E-05 3.709E-10 6.14E-06
2.630E+00 1.083E-05 1.083E-05 3.880E-10 6.27E-06
2.600E+00 1.100E-05 1.099E-05 4.059E-10 6.40E-06
2.570E+00 1.116E-05 1.116E-05 4.246E-10 6.53E-06
2.541E+00 1.133E-05 1.133E-05 4.442E-10 6.67E-06
2.512E+00 1.151E-05 1.151E-05 4.647E-10 6.81E-06
2.483E+00 1.169E-05 1.169E-05 4.862E-10 6.95E-06
2.455E+00 1.187E-05 1.187E-05 5.086E-10 7.09E-06
2.427E+00 1.206E-05 1.206E-05 5.321E-10 7.23E-06
2.399E+00 1.226E-05 1.226E-05 5.566E-10 7.38E-06
2.371E+00 1.246E-05 1.246E-05 5.823E-10 7.53E-06
2.344E+00 1.266E-05 1.266E-05 6.092E-10 7.68E-06
2.317E+00 1.287E-05 1.287E-05 6.373E-10 7.84E-06
2.291E+00 1.309E-05 1.309E-05 6.668E-10 8.00E-06
2.265E+00 1.331E-05 1.331E-05 6.976E-10 8.15E-06
2.239E+00 1.353E-05 1.353E-05 7.298E-10 8.32E-06
2.213E+00 1.376E-05 1.376E-05 7.635E-10 8.48E-06
2.188E+00 1.399E-05 1.399E-05 7.988E-10 8.65E-06
2.163E+00 1.423E-05 1.423E-05 8.357E-10 8.82E-06
2.138E+00 1.447E-05 1.447E-05 8.742E-10 9.00E-06
2.113E+00 1.472E-05 1.472E-05 9.145E-10 9.18E-06
2.089E+00 1.497E-05 1.497E-05 9.567E-10 9.36E-06
2.065E+00 1.522E-05 1.522E-05 1.001E-09 9.55E-06
2.042E+00 1.548E-05 1.548E-05 1.047E-09 9.74E-06
2.018E+00 1.575E-05 1.575E-05 1.095E-09 9.94E-06
1.995E+00 1.602E-05 1.602E-05 1.146E-09 1.01E-05
1.972E+00 1.629E-05 1.629E-05 1.199E-09 1.03E-05
1.950E+00 1.657E-05 1.657E-05 1.254E-09 1.05E-05
1.928E+00 1.686E-05 1.686E-05 1.312E-09 1.08E-05
1.905E+00 1.715E-05 1.715E-05 1.372E-09 1.10E-05
1.884E+00 1.745E-05 1.745E-05 1.435E-09 1.12E-05
1.862E+00 1.775E-05 1.775E-05 1.502E-09 1.14E-05
1.841E+00 1.807E-05 1.806E-05 1.571E-09 1.16E-05
1.820E+00 1.838E-05 1.838E-05 1.643E-09 1.19E-05
1.799E+00 1.871E-05 1.870E-05 1.719E-09 1.21E-05
1.778E+00 1.904E-05 1.903E-05 1.799E-09 1.23E-05
1.758E+00 1.937E-05 1.937E-05 1.881E-09 1.26E-05
1.738E+00 1.971E-05 1.971E-05 1.968E-09 1.28E-05
1.718E+00 2.006E-05 2.006E-05 2.059E-09 1.31E-05
1.698E+00 2.042E-05 2.041E-05 2.154E-09 1.33E-05
1.679E+00 2.078E-05 2.078E-05 2.253E-09 1.36E-05
1.660E+00 2.114E-05 2.114E-05 2.356E-09 1.39E-05
1.641E+00 2.151E-05 2.151E-05 2.465E-09 1.41E-05
1.622E+00 2.189E-05 2.189E-05 2.578E-09 1.44E-05
1.603E+00 2.227E-05 2.227E-05 2.697E-09 1.47E-05
1.585E+00 2.266E-05 2.265E-05 2.821E-09 1.50E-05
1.567E+00 2.305E-05 2.305E-05 2.951E-09 1.53E-05
1.549E+00 2.345E-05 2.345E-05 3.086E-09 1.56E-05
1.531E+00 2.386E-05 2.386E-05 3.229E-09 1.59E-05
1.514E+00 2.428E-05 2.427E-05 3.378E-09 1.62E-05
1.496E+00 2.471E-05 2.470E-05 3.534E-09 1.65E-05
1.479E+00 2.515E-05 2.514E-05 3.697E-09 1.69E-05
1.462E+00 2.559E-05 2.559E-05 3.868E-09 1.72E-05
1.445E+00 2.606E-05 2.605E-05 4.047E-09 1.75E-05
1.429E+00 2.653E-05 2.653E-05 4.233E-09 1.78E-05
1.413E+00 2.702E-05 2.701E-05 4.429E-09 1.82E-05
1.396E+00 2.752E-05 2.751E-05 4.633E-09 1.85E-05
1.380E+00 2.803E-05 2.802E-05 4.846E-09 1.89E-05
1.365E+00 2.855E-05 2.854E-05 5.070E-09 1.92E-05
1.349E+00 2.908E-05 2.907E-05 5.303E-09 1.96E-05
1.334E+00 2.962E-05 2.962E-05 5.548E-09 2.00E-05
1.318E+00 3.018E-05 3.017E-05 5.803E-09 2.04E-05
1.303E+00 3.075E-05 3.074E-05 6.070E-09 2.08E-05
1.288E+00 3.133E-05 3.132E-05 6.349E-09 2.12E-05
1.274E+00 3.193E-05 3.192E-05 6.640E-09 2.16E-05
1.259E+00 3.255E-05 3.254E-05 6.946E-09 2.20E-05
1.245E+00 3.318E-05 3.317E-05 7.265E-09 2.24E-05
1.230E+00 3.383E-05 3.382E-05 7.600E-09 2.29E-05
1.216E+00 3.450E-05 3.450E-05 7.951E-09 2.33E-05
1.202E+00 3.521E-05 3.520E-05 8.317E-09 2.38E-05
1.189E+00 3.595E-05 3.594E-05 8.701E-09 2.42E-05
1.175E+00 3.673E-05 3.672E-05 9.102E-09 2.47E-05
1.161E+00 3.756E-05 3.755E-05 9.521E-09 2.52E-05
1.148E+00 3.844E-05 3.843E-05 9.959E-09 2.57E-05
1.135E+00 3.940E-05 3.939E-05 1.042E-08 2.61E-05
1.122E+00 4.044E-05 4.043E-05 1.090E-08 2.66E-05
1.109E+00 4.159E-05 4.157E-05 1.140E-08 2.72E-05
1.096E+00 4.286E-05 4.285E-05 1.192E-08 2.77E-05
1.084E+00 4.430E-05 4.429E-05 1.247E-08 2.82E-05
1.072E+00 4.596E-05 4.594E-05 1.305E-08 2.87E-05
1.059E+00 4.788E-05 4.787E-05 1.365E-08 2.93E-05
1.047E+00 5.017E-05 5.016E-05 1.427E-08 2.98E-05
1.035E+00 5.294E-05 5.293E-05 1.493E-08 3.04E-05
1.023E+00 5.637E-05 5.636E-05 1.561E-08 3.10E-05
1.012E+00 6.070E-05 6.068E-05 1.633E-08 3.16E-05
1.000E+00 6.627E-05 6.625E-05 1.708E-08 3.22E-05
9.886E-01 7.359E-05 7.357E-05 1.787E-08 3.28E-05
9.772E-01 8.338E-05 8.336E-05 1.868E-08 3.34E-05
9.661E-01 9.667E-05 9.665E-05 1.954E-08 3.41E-05
9.550E-01 1.149E-04 1.149E-04 2.044E-08 3.47E-05
9.441E-01 1.398E-04 1.397E-04 2.137E-08 3.54E-05
9.333E-01 1.730E-04 1.729E-04 2.235E-08 3.61E-05
9.226E-01 2.151E-04 2.151E-04 2.337E-08 3.68E-05
9.120E-01 2.649E-04 2.649E-04 2.444E-08 3.75E-05
9.016E-01 3.187E-04 3.187E-04 2.556E-08 3.83E-05
8.913E-01 3.726E-04 3.726E-04 2.673E-08 3.90E-05
8.810E-01 4.241E-04 4.241E-04 2.795E-08 3.98E-05
8.710E-01 4.720E-04 4.720E-04 2.922E-08 4.06E-05
8.610E-01 5.166E-04 5.166E-04 3.056E-08 4.14E-05
8.511E-01 5.589E-04 5.589E-04 3.195E-08 4.23E-05
8.414E-01 6.008E-04 6.007E-04 3.341E-08 4.31E-05
8.318E-01 6.449E-04 6.448E-04 3.493E-08 4.40E-05
8.222E-01 6.948E-04 6.948E-04 3.652E-08 4.49E-05
8.128E-01 7.556E-04 7.556E-04 3.819E-08 4.58E-05
8.035E-01 8.335E-04 8.334E-04 3.993E-08 4.68E-05
7.943E-01 9.358E-04 9.358E-04 4.174E-08 4.77E-05
7.852E-01 1.070E-03 1.070E-03 4.364E-08 4.87E-05
7.762E-01 1.240E-03 1.240E-03 4.563E-08 4.97E-05
7.674E-01 1.440E-03 1.440E-03 4.771E-08 5.08E-05
7.586E-01 1.660E-03 1.660E-03 4.988E-08 5.18E-05
7.499E-01 1.886E-03 1.886E-03 5.215E-08 5.29E-05
7.413E-01 2.111E-03 2.111E-03 5.452E-08 5.40E-05
7.328E-01 2.332E-03 2.332E-03 5.700E-08 5.52E-05
7.244E-01 2.552E-03 2.552E-03 5.960E-08 5.64E-05
7.161E-01 2.773E-03 2.773E-03 6.231E-08 5.76E-05
7.079E-01 2.996E-03 2.996E-03 6.515E-08 5.88E-05
6.998E-01 3.225E-03 3.225E-03 6.812E-08 6.01E-05
6.918E-01 3.460E-03 3.460E-03 7.122E-08 6.14E-05
6.839E-01 3.704E-03 3.704E-03 7.447E-08 6.27E-05
6.761E-01 3.957E-03 3.957E-03 7.786E-08 6.41E-05
6.683E-01 4.220E-03 4.220E-03 8.142E-08 6.55E-05
6.607E-01 4.494E-03 4.494E-03 8.513E-08 6.69E-05
6.531E-01 4.780E-03 4.780E-03 8.903E-08 6.84E-05
6.457E-01 5.078E-03 5.078E-03 9.311E-08 7.00E-05
6.383E-01 5.390E-03 5.390E-03 9.738E-08 7.15E-05
6.310E-01 5.716E-03 5.716E-03 1.018E-07 7.31E-05
6.237E-01 6.056E-03 6.055E-03 1.065E-07 7.48E-05
6.166E-01 6.410E-03 6.410E-03 1.114E-07 7.64E-05
6.095E-01 6.781E-03 6.781E-03 1.166E-07 7.81E-05
6.026E-01 7.167E-03 7.167E-03 1.219E-07 7.99E-05
5.957E-01 7.570E-03 7.570E-03 1.276E-07 8.16E-05
5.888E-01 7.991E-03 7.991E-03 1.335E-07 8.34E-05
5.821E-01 8.429E-03 8.428E-03 1.397E-07 8.53E-05
5.754E-01 8.885E-03 8.885E-03 1.461E-07 8.72E-05
5.689E-01 9.359E-03 9.359E-03 1.529E-07 8.91E-05
5.623E-01 9.853E-03 9.853E-03 1.601E-07 9.11E-05
5.559E-01 1.037E-02 1.037E-02 1.675E-07 9.31E-05
5.495E-01 1.090E-02 1.090E-02 1.754E-07 9.51E-05
5.433E-01 1.146E-02 1.146E-02 1.836E-07 9.72E-05
5.370E-01 1.203E-02 1.203E-02 1.923E-07 9.94E-05
5.309E-01 1.263E-02 1.263E-02 2.013E-07 1.02E-04
5.248E-01 1.325E-02 1.325E-02 2.109E-07 1.04E-04
5.188E-01 1.389E-02 1.389E-02 2.208E-07 1.06E-04
5.129E-01 1.456E-02 1.456E-02 2.313E-07 1.08E-04
5.070E-01 1.525E-02 1.525E-02 2.424E-07 1.11E-04
5.012E-01 1.596E-02 1.596E-02 2.539E-07 1.13E-04
4.955E-01 1.670E-02 1.670E-02 2.661E-07 1.16E-04
4.898E-01 1.746E-02 1.746E-02 2.789E-07 1.18E-04
4.842E-01 1.825E-02 1.825E-02 2.923E-07 1.21E-04
4.786E-01 1.907E-02 1.907E-02 3.063E-07 1.23E-04
4.732E-01 1.991E-02 1.991E-02 3.210E-07 1.26E-04
4.677E-01 2.078E-02 2.078E-02 3.365E-07 1.28E-04
4.624E-01 2.167E-02 2.167E-02 3.527E-07 1.31E-04
4.571E-01 2.260E-02 2.260E-02 3.698E-07 1.33E-04
4.519E-01 2.355E-02 2.355E-02 3.877E-07 1.36E-04
4.467E-01 2.453E-02 2.453E-02 4.065E-07 1.39E-04
4.416E-01 2.554E-02 2.554E-02 4.264E-07 1.42E-04
4.365E-01 2.658E-02 2.658E-02 4.471E-07 1.44E-04
4.315E-01 2.765E-02 2.765E-02 4.689E-07 1.47E-04
4.266E-01 2.874E-02 2.874E-02 4.916E-07 1.50E-04
4.217E-01 2.987E-02 2.987E-02 5.155E-07 1.52E-04
4.169E-01 3.103E-02 3.103E-02 5.406E-07 1.55E-04
4.121E-01 3.222E-02 3.222E-02 5.669E-07 1.58E-04
4.074E-01 3.344E-02 3.344E-02 5.945E-07 1.60E-04
4.027E-01 3.470E-02 3.470E-02 6.235E-07 1.63E-04
3.981E-01 3.598E-02 3.598E-02 6.539E-07 1.66E-04
3.935E-01 3.730E-02 3.730E-02 6.858E-07 1.69E-04
3.890E-01 3.865E-02 3.865E-02 7.193E-07 1.72E-04
3.846E-01 4.003E-02 4.003E-02 7.545E-07 1.74E-04
3.802E-01 4.144E-02 4.144E-02 7.915E-07 1.77E-04
3.758E-01 4.289E-02 4.289E-02 8.305E-07 1.80E-04
3.715E-01 4.437E-02 4.437E-02 8.718E-07 1.83E-04
3.673E-01 4.588E-02 4.588E-02 9.154E-07 1.86E-04
3.631E-01 4.743E-02 4.743E-02 9.617E-07 1.89E-04
3.589E-01 4.901E-02 4.901E-02 1.011E-06 1.92E-04
3.548E-01 5.063E-02 5.063E-02 1.063E-06 1.95E-04
3.508E-01 5.228E-02 5.227E-02 1.118E-06 1.98E-04
3.467E-01 5.396E-02 5.396E-02 1.177E-06 2.00E-04
3.428E-01 5.567E-02 5.567E-02 1.240E-06 2.03E-04
3.388E-01 5.743E-02 5.742E-02 1.307E-06 2.05E-04
3.350E-01 5.921E-02 5.921E-02 1.378E-06 2.07E-04
3.311E-01 6.103E-02 6.103E-02 1.454E-06 2.09E-04
3.273E-01 6.288E-02 6.288E-02 1.536E-06 2.10E-04
3.236E-01 6.477E-02 6.477E-02 1.623E-06 2.10E-04
3.199E-01 6.670E-02 6.670E-02 1.717E-06 2.10E-04
3.162E-01 6.865E-02 6.865E-02 1.817E-06 2.09E-04
3.126E-01 7.065E-02 7.064E-02 1.923E-06 2.07E-04
3.090E-01 7.267E-02 7.267E-02 2.037E-06 2.04E-04
3.055E-01 7.473E-02 7.473E-02 2.158E-06 2.00E-04
3.020E-01 7.661E-02 7.660E-02 2.287E-06 1.96E-04
2.985E-01 7.800E-02 7.800E-02 2.426E-06 1.90E-04
2.951E-01 7.951E-02 7.951E-02 2.575E-06 1.83E-04
2.917E-01 8.116E-02 8.116E-02 2.736E-06 1.75E-04
2.884E-01 8.296E-02 8.296E-02 2.912E-06 1.65E-04
2.851E-01 8.494E-02 8.494E-02 3.103E-06 1.53E-04
2.818E-01 8.711E-02 8.711E-02 3.325E-06 1.37E-04
2.786E-01 8.952E-02 8.951E-02 3.561E-06 1.21E-04
2.754E-01 9.218E-02 9.217E-02 3.815E-06 1.05E-04
2.723E-01 9.513E-02 9.513E-02 4.093E-06 8.87E-05
2.692E-01 9.842E-02 9.842E-02 4.399E-06 7.31E-05
2.661E-01 1.021E-01 1.021E-01 4.738E-06 5.86E-05
2.630E-01 1.062E-01 1.062E-01 5.118E-06 4.56E-05
2.600E-01 1.109E-01 1.109E-01 5.550E-06 3.42E-05
2.570E-01 1.161E-01 1.161E-01 6.036E-06 2.52E-05
2.541E-01 1.220E-01 1.220E-01 6.568E-06 1.91E-05
2.512E-01 1.286E-01 1.286E-01 7.170E-06 1.55E-05
2.483E-01 1.361E-01 1.361E-01 7.856E-06 1.40E-05
2.455E-01 1.445E-01 1.445E-01 8.639E-06 1.47E-05
2.427E-01 1.540E-01 1.540E-01 9.540E-06 1.78E-05
2.399E-01 1.645E-01 1.645E-01 1.058E-05 2.34E-05
2.371E-01 1.760E-01 1.759E-01 1.172E-05 3.17E-05
2.344E-01 1.883E-01 1.883E-01 1.293E-05 4.19E-05
2.317E-01 2.012E-01 2.012E-01 1.420E-05 5.29E-05
2.291E-01 2.141E-01 2.141E-01 1.550E-05 6.44E-05
2.265E-01 2.264E-01 2.264E-01 1.683E-05 7.62E-05
2.239E-01 2.371E-01 2.370E-01 1.823E-05 8.87E-05
2.213E-01 2.451E-01 2.451E-01 1.968E-05 1.02E-04
2.188E-01 2.497E-01 2.497E-01 2.084E-05 1.17E-04
2.163E-01 2.502E-01 2.502E-01 2.139E-05 1.34E-04
2.138E-01 2.467E-01 2.467E-01 2.133E-05 1.52E-04
2.113E-01 2.396E-01 2.396E-01 2.087E-05 1.70E-04
2.089E-01 2.297E-01 2.297E-01 2.008E-05 1.88E-04
2.065E-01 2.181E-01 2.181E-01 1.902E-05 2.07E-04
2.042E-01 2.057E-01 2.057E-01 1.775E-05 2.26E-04
2.018E-01 1.933E-01 1.933E-01 1.635E-05 2.46E-04
1.995E-01 1.813E-01 1.813E-01 1.490E-05 2.66E-04
1.972E-01 1.702E-01 1.702E-01 1.346E-05 2.87E-04
1.950E-01 1.601E-01 1.601E-01 1.210E-05 3.09E-04
1.928E-01 1.510E-01 1.509E-01 1.085E-05 3.31E-04
1.905E-01 1.429E-01 1.428E-01 9.717E-06 3.54E-04
1.884E-01 1.357E-01 1.357E-01 8.683E-06 3.77E-04
1.862E-01 1.294E-01 1.294E-01 7.786E-06 4.02E-04
1.841E-01 1.239E-01 1.239E-01 7.020E-06 4.28E-04
1.820E-01 1.190E-01 1.190E-01 6.369E-06 4.55E-04
1.799E-01 1.148E-01 1.148E-01 5.818E-06 4.83E-04
1.778E-01 1.111E-01 1.111E-01 5.367E-06 5.11E-04
1.758E-01 1.078E-01 1.078E-01 4.995E-06 5.41E-04
1.738E-01 1.049E-01 1.049E-01 4.693E-06 5.71E-04
1.718E-01 1.024E-01 1.024E-01 4.455E-06 6.01E-04
1.698E-01 1.002E-01 1.002E-01 4.278E-06 6.32E-04
1.679E-01 9.827E-02 9.826E-02 4.161E-06 6.63E-04
1.660E-01 9.667E-02 9.666E-02 4.104E-06 6.95E-04
1.641E-01 9.537E-02 9.537E-02 4.111E-06 7.26E-04
1.622E-01 9.436E-02 9.436E-02 4.179E-06 7.57E-04
1.603E-01 9.363E-02 9.362E-02 4.305E-06 7.88E-04
1.585E-01 9.315E-02 9.314E-02 4.495E-06 8.19E-04
1.567E-01 9.292E-02 9.291E-02 4.740E-06 8.51E-04
1.549E-01 9.293E-02 9.293E-02 5.041E-06 8.83E-04
1.531E-01 9.318E-02 9.318E-02 5.397E-06 9.16E-04
1.514E-01 9.367E-02 9.366E-02 5.815E-06 9.50E-04
1.496E-01 9.439E-02 9.438E-02 6.301E-06 9.85E-04
1.479E-01 9.534E-02 9.533E-02 6.862E-06 1.02E-03
1.462E-01 9.653E-02 9.652E-02 7.505E-06 1.05E-03
1.445E-01 9.795E-02 9.795E-02 8.244E-06 1.09E-03
1.429E-01 9.962E-02 9.961E-02 9.078E-06 1.12E-03
1.413E-01 1.015E-01 1.015E-01 1.001E-05 1.16E-03
1.396E-01 1.037E-01 1.037E-01 1.103E-05 1.20E-03
1.380E-01 1.061E-01 1.061E-01 1.214E-05 1.24E-03
1.365E-01 1.088E-01 1.088E-01 1.338E-05 1.28E-03
1.349E-01 1.118E-01 1.118E-01 1.476E-05 1.32E-03
1.334E-01 1.150E-01 1.150E-01 1.631E-05 1.37E-03
1.318E-01 1.185E-01 1.185E-01 1.802E-05 1.42E-03
1.303E-01 1.224E-01 1.224E-01 1.992E-05 1.47E-03
1.288E-01 1.290E-01 1.289E-01 2.205E-05 1.52E-03
1.274E-01 1.340E-01 1.340E-01 2.439E-05 1.58E-03
1.259E-01 1.392E-01 1.392E-01 2.698E-05 1.65E-03
1.245E-01 1.447E-01 1.447E-01 2.985E-05 1.71E-03
1.230E-01 1.504E-01 1.504E-01 3.300E-05 1.78E-03
1.216E-01 1.564E-01 1.563E-01 3.645E-05 1.85E-03
1.202E-01 1.625E-01 1.625E-01 4.021E-05 1.92E-03
1.189E-01 1.689E-01 1.689E-01 4.435E-05 1.98E-03
1.175E-01 1.755E-01 1.754E-01 4.884E-05 2.05E-03
1.161E-01 1.822E-01 1.822E-01 5.379E-05 2.11E-03
1.148E-01 1.892E-01 1.891E-01 5.953E-05 2.16E-03
1.135E-01 1.963E-01 1.962E-01 6.723E-05 2.22E-03
1.122E-01 2.035E-01 2.035E-01 7.539E-05 2.22E-03
1.109E-01 2.110E-01 2.109E-01 8.434E-05 2.15E-03
1.096E-01 2.186E-01 2.185E-01 9.428E-05 1.96E-03
1.084E-01 2.263E-01 2.262E-01 1.065E-04 1.75E-03
1.072E-01 2.341E-01 2.340E-01 1.206E-04 1.61E-03
1.059E-01 2.421E-01 2.420E-01 1.343E-04 1.57E-03
1.047E-01 2.501E-01 2.500E-01 1.475E-04 1.58E-03
1.035E-01 2.582E-01 2.580E-01 1.601E-04 1.58E-03
1.023E-01 2.663E-01 2.661E-01 1.723E-04 1.59E-03
1.012E-01 2.743E-01 2.742E-01 1.858E-04 1.57E-03
1.000E-01 2.834E-01 2.832E-01 2.010E-04 1.53E-03
9.886E-02 2.898E-01 2.895E-01 2.211E-04 1.46E-03
9.772E-02 2.964E-01 2.962E-01 2.442E-04 1.40E-03
9.661E-02 3.034E-01 3.031E-01 2.668E-04 1.36E-03
9.550E-02 3.108E-01 3.105E-01 2.879E-04 1.34E-03
9.441E-02 3.185E-01 3.182E-01 3.034E-04 1.35E-03
9.333E-02 3.267E-01 3.264E-01 3.159E-04 1.37E-03
9.226E-02 3.354E-01 3.351E-01 3.298E-04 1.38E-03
9.120E-02 3.447E-01 3.444E-01 3.431E-04 1.41E-03
9.016E-02 3.547E-01 3.543E-01 3.511E-04 1.45E-03
8.913E-02 3.654E-01 3.651E-01 3.600E-04 1.49E-03
8.810E-02 3.772E-01 3.768E-01 3.750E-04 1.51E-03
8.710E-02 3.900E-01 3.896E-01 3.989E-04 1.48E-03
8.610E-02 4.041E-01 4.036E-01 4.275E-04 1.45E-03
8.511E-02 4.196E-01 4.191E-01 4.613E-04 1.41E-03
8.414E-02 4.369E-01 4.364E-01 5.005E-04 1.37E-03
8.318E-02 4.561E-01 4.556E-01 5.456E-04 1.34E-03
8.222E-02 4.776E-01 4.770E-01 5.954E-04 1.32E-03
8.128E-02 5.017E-01 5.011E-01 6.488E-04 1.32E-03
8.035E-02 5.287E-01 5.280E-01 7.075E-04 1.33E-03
7.943E-02 5.587E-01 5.580E-01 7.704E-04 1.36E-03
7.852E-02 5.919E-01 5.911E-01 8.357E-04 1.39E-03
7.762E-02 6.279E-01 6.270E-01 9.002E-04 1.45E-03
7.674E-02 6.661E-01 6.651E-01 9.603E-04 1.51E-03
7.586E-02 7.049E-01 7.039E-01 1.017E-03 1.57E-03
7.499E-02 7.423E-01 7.412E-01 1.069E-03 1.64E-03
7.413E-02 7.752E-01 7.741E-01 1.114E-03 1.71E-03
7.328E-02 8.004E-01 7.992E-01 1.150E-03 1.79E-03
7.244E-02 8.150E-01 8.138E-01 1.185E-03 1.87E-03
7.161E-02 8.176E-01 8.164E-01 1.217E-03 1.94E-03
7.079E-02 8.085E-01 8.072E-01 1.238E-03 2.02E-03
6.998E-02 7.899E-01 7.886E-01 1.248E-03 2.11E-03
6.918E-02 7.649E-01 7.636E-01 1.245E-03 2.20E-03
6.839E-02 7.367E-01 7.355E-01 1.218E-03 2.30E-03
6.761E-02 7.080E-01 7.069E-01 1.175E-03 2.41E-03
6.683E-02 6.808E-01 6.797E-01 1.127E-03 2.51E-03
6.607E-02 6.563E-01 6.552E-01 1.075E-03 2.62E-03
6.531E-02 6.292E-01 6.282E-01 1.021E-03 2.73E-03
6.457E-02 6.020E-01 6.010E-01 9.826E-04 2.83E-03
6.383E-02 5.744E-01 5.735E-01 9.501E-04 2.93E-03
6.310E-02 5.466E-01 5.457E-01 9.224E-04 3.04E-03
6.237E-02 5.185E-01 5.176E-01 8.993E-04 3.14E-03
6.166E-02 4.900E-01 4.891E-01 8.837E-04 3.24E-03
6.095E-02 4.613E-01 4.604E-01 8.733E-04 3.35E-03
6.026E-02 4.322E-01 4.313E-01 8.642E-04 3.46E-03
5.957E-02 4.028E-01 4.019E-01 8.569E-04 3.57E-03
5.888E-02 3.731E-01 3.722E-01 8.501E-04 3.68E-03
5.821E-02 3.430E-01 3.421E-01 8.371E-04 3.80E-03
5.754E-02 3.222E-01 3.214E-01 8.232E-04 3.91E-03
5.689E-02 3.106E-01 3.098E-01 8.083E-04 4.03E-03
5.623E-02 2.985E-01 2.977E-01 7.916E-04 4.15E-03
5.559E-02 2.856E-01 2.849E-01 7.708E-04 4.27E-03
5.495E-02 2.731E-01 2.724E-01 7.496E-04 4.40E-03
5.433E-02 2.609E-01 2.602E-01 7.281E-04 4.53E-03
5.370E-02 2.496E-01 2.489E-01 7.069E-04 4.66E-03
5.309E-02 2.399E-01 2.392E-01 6.883E-04 4.79E-03
5.248E-02 2.309E-01 2.302E-01 6.708E-04 4.93E-03
5.188E-02 2.225E-01 2.219E-01 6.542E-04 5.07E-03
5.129E-02 2.146E-01 2.139E-01 6.391E-04 5.21E-03
5.070E-02 2.069E-01 2.063E-01 6.255E-04 5.35E-03
5.012E-02 1.996E-01 1.990E-01 6.129E-04 5.50E-03
4.955E-02 1.927E-01 1.921E-01 6.013E-04 5.65E-03
4.898E-02 1.862E-01 1.856E-01 5.905E-04 5.80E-03
4.842E-02 1.799E-01 1.793E-01 5.796E-04 5.96E-03
4.786E-02 1.737E-01 1.731E-01 5.686E-04 6.12E-03
4.732E-02 1.672E-01 1.666E-01 5.558E-04 6.29E-03
4.677E-02 1.606E-01 1.601E-01 5.425E-04 6.46E-03
4.624E-02 1.544E-01 1.539E-01 5.294E-04 6.63E-03
4.571E-02 1.489E-01 1.484E-01 5.174E-04 6.81E-03
4.519E-02 1.444E-01 1.439E-01 5.071E-04 6.99E-03
4.467E-02 1.401E-01 1.396E-01 4.964E-04 7.18E-03
4.416E-02 1.356E-01 1.351E-01 4.847E-04 7.37E-03
4.365E-02 1.299E-01 1.295E-01 4.707E-04 7.56E-03
4.315E-02 1.246E-01 1.241E-01 4.563E-04 7.77E-03
4.266E-02 1.198E-01 1.194E-01 4.415E-04 7.97E-03
4.217E-02 1.168E-01 1.164E-01 4.271E-04 8.19E-03
4.169E-02 1.145E-01 1.141E-01 4.136E-04 8.41E-03
4.121E-02 1.128E-01 1.124E-01 4.016E-04 8.63E-03
4.074E-02 1.112E-01 1.108E-01 3.923E-04 8.85E-03
4.027E-02 1.100E-01 1.096E-01 3.844E-04 9.08E-03
3.981E-02 1.091E-01 1.087E-01 3.778E-04 9.32E-03
3.935E-02 1.085E-01 1.081E-01 3.720E-04 9.56E-03
3.890E-02 1.084E-01 1.080E-01 3.677E-04 9.80E-03
3.846E-02 1.087E-01 1.084E-01 3.644E-04 1.01E-02
3.802E-02 1.097E-01 1.093E-01 3.641E-04 1.03E-02
3.758E-02 1.113E-01 1.109E-01 3.678E-04 1.06E-02
3.715E-02 1.147E-01 1.143E-01 3.821E-04 1.08E-02
3.673E-02 1.177E-01 1.172E-01 4.001E-04 1.11E-02
3.631E-02 1.190E-01 1.186E-01 4.188E-04 1.13E-02
3.589E-02 1.175E-01 1.171E-01 4.324E-04 1.16E-02
3.548E-02 1.149E-01 1.144E-01 4.436E-04 1.19E-02
3.508E-02 1.125E-01 1.121E-01 4.501E-04 1.22E-02
3.467E-02 1.103E-01 1.098E-01 4.540E-04 1.25E-02
3.428E-02 1.080E-01 1.076E-01 4.566E-04 1.28E-02
3.388E-02 1.058E-01 1.053E-01 4.596E-04 1.31E-02
3.350E-02 1.036E-01 1.032E-01 4.623E-04 1.34E-02
3.311E-02 1.015E-01 1.010E-01 4.646E-04 1.37E-02
3.273E-02 9.936E-02 9.890E-02 4.666E-04 1.41E-02
3.236E-02 9.727E-02 9.680E-02 4.682E-04 1.44E-02
3.199E-02 9.519E-02 9.472E-02 4.697E-04 1.48E-02
3.162E-02 9.316E-02 9.269E-02 4.709E-04 1.51E-02
3.126E-02 9.116E-02 9.068E-02 4.719E-04 1.55E-02
3.090E-02 8.919E-02 8.871E-02 4.729E-04 1.59E-02
3.055E-02 8.725E-02 8.678E-02 4.737E-04 1.63E-02
3.020E-02 8.534E-02 8.486E-02 4.744E-04 1.67E-02
2.985E-02 8.345E-02 8.298E-02 4.750E-04 1.71E-02
2.951E-02 8.160E-02 8.112E-02 4.754E-04 1.75E-02
2.917E-02 7.979E-02 7.931E-02 4.757E-04 1.79E-02
2.884E-02 7.801E-02 7.754E-02 4.759E-04 1.84E-02
2.851E-02 7.628E-02 7.580E-02 4.760E-04 1.88E-02
2.818E-02 7.458E-02 7.411E-02 4.760E-04 1.93E-02
2.786E-02 7.293E-02 7.245E-02 4.761E-04 1.97E-02
2.754E-02 7.130E-02 7.083E-02 4.761E-04 2.02E-02
2.723E-02 6.971E-02 6.924E-02 4.761E-04 2.07E-02
2.692E-02 6.816E-02 6.769E-02 4.761E-04 2.12E-02
2.661E-02 6.663E-02 6.616E-02 4.760E-04 2.17E-02
2.630E-02 6.513E-02 6.466E-02 4.758E-04 2.23E-02
2.600E-02 6.366E-02 6.318E-02 4.755E-04 2.28E-02
2.570E-02 6.222E-02 6.175E-02 4.752E-04 2.34E-02
2.541E-02 6.080E-02 6.033E-02 4.747E-04 2.39E-02
2.512E-02 5.941E-02 5.894E-02 4.742E-04 2.45E-02
2.483E-02 5.805E-02 5.757E-02 4.736E-04 2.51E-02
2.455E-02 5.672E-02 5.624E-02 4.730E-04 2.57E-02
2.427E-02 5.541E-02 5.494E-02 4.724E-04 2.64E-02
2.399E-02 5.414E-02 5.367E-02 4.718E-04 2.70E-02
2.371E-02 5.290E-02 5.243E-02 4.713E-04 2.76E-02
2.344E-02 5.169E-02 5.122E-02 4.706E-04 2.83E-02
2.317E-02 5.050E-02 5.003E-02 4.699E-04 2.90E-02
2.291E-02 4.934E-02 4.887E-02 4.692E-04 2.97E-02
2.265E-02 4.819E-02 4.773E-02 4.684E-04 3.04E-02
2.239E-02 4.708E-02 4.661E-02 4.677E-04 3.12E-02
2.213E-02 4.599E-02 4.552E-02 4.668E-04 3.19E-02
2.188E-02 4.492E-02 4.445E-02 4.659E-04 3.27E-02
2.163E-02 4.387E-02 4.341E-02 4.650E-04 3.35E-02
2.138E-02 4.286E-02 4.240E-02 4.641E-04 3.43E-02
2.113E-02 4.187E-02 4.141E-02 4.632E-04 3.51E-02
2.089E-02 4.089E-02 4.043E-02 4.621E-04 3.60E-02
2.065E-02 3.992E-02 3.946E-02 4.610E-04 3.68E-02
2.042E-02 3.901E-02 3.855E-02 4.602E-04 3.77E-02
2.018E-02 3.811E-02 3.765E-02 4.592E-04 3.86E-02
1.995E-02 3.722E-02 3.676E-02 4.580E-04 3.96E-02
1.972E-02 3.634E-02 3.588E-02 4.568E-04 4.05E-02
1.950E-02 3.547E-02 3.501E-02 4.554E-04 4.15E-02
1.928E-02 3.462E-02 3.416E-02 4.540E-04 4.25E-02
1.905E-02 3.379E-02 3.333E-02 4.525E-04 4.35E-02
1.884E-02 3.299E-02 3.254E-02 4.511E-04 4.46E-02
1.862E-02 3.220E-02 3.175E-02 4.497E-04 4.57E-02
1.841E-02 3.144E-02 3.099E-02 4.482E-04 4.68E-02
1.820E-02 3.069E-02 3.024E-02 4.466E-04 4.79E-02
1.799E-02 2.996E-02 2.951E-02 4.451E-04 4.91E-02
1.778E-02 2.925E-02 2.881E-02 4.436E-04 5.02E-02
1.758E-02 2.856E-02 2.812E-02 4.421E-04 5.15E-02
1.738E-02 2.788E-02 2.744E-02 4.404E-04 5.27E-02
1.718E-02 2.721E-02 2.677E-02 4.388E-04 5.40E-02
1.698E-02 2.655E-02 2.611E-02 4.370E-04 5.53E-02
1.679E-02 2.591E-02 2.548E-02 4.353E-04 5.66E-02
1.660E-02 2.529E-02 2.486E-02 4.336E-04 5.80E-02
1.641E-02 2.469E-02 2.426E-02 4.318E-04 5.94E-02
1.622E-02 2.410E-02 2.367E-02 4.300E-04 6.08E-02
1.603E-02 2.351E-02 2.308E-02 4.280E-04 6.22E-02
1.585E-02 2.294E-02 2.252E-02 4.260E-04 6.37E-02
1.567E-02 2.239E-02 2.196E-02 4.241E-04 6.53E-02
1.549E-02 2.185E-02 2.143E-02 4.221E-04 6.69E-02
1.531E-02 2.132E-02 2.090E-02 4.201E-04 6.85E-02
1.514E-02 2.080E-02 2.038E-02 4.180E-04 7.01E-02
1.496E-02 2.029E-02 1.987E-02 4.158E-04 7.18E-02
1.479E-02 1.979E-02 1.938E-02 4.136E-04 7.35E-02
1.462E-02 1.931E-02 1.890E-02 4.115E-04 7.53E-02
1.445E-02 1.884E-02 1.843E-02 4.093E-04 7.71E-02
1.429E-02 1.838E-02 1.798E-02 4.070E-04 7.90E-02
1.413E-02 1.793E-02 1.753E-02 4.046E-04 8.09E-02
1.396E-02 1.749E-02 1.709E-02 4.023E-04 8.28E-02
1.380E-02 1.707E-02 1.667E-02 3.999E-04 8.48E-02
1.365E-02 1.665E-02 1.626E-02 3.974E-04 8.68E-02
1.349E-02 1.625E-02 1.585E-02 3.949E-04 8.89E-02
1.334E-02 1.585E-02 1.545E-02 3.923E-04 9.11E-02
1.318E-02 1.546E-02 1.507E-02 3.897E-04 9.33E-02
1.303E-02 1.508E-02 1.469E-02 3.871E-04 9.55E-02
1.288E-02 1.471E-02 1.433E-02 3.846E-04 9.78E-02
1.274E-02 1.435E-02 1.397E-02 3.820E-04 1.00E-01
1.259E-02 1.399E-02 1.361E-02 3.792E-04 1.03E-01
1.245E-02 1.364E-02 1.327E-02 3.764E-04 1.05E-01
1.230E-02 1.331E-02 1.294E-02 3.738E-04 1.08E-01
1.216E-02 1.300E-02 1.262E-02 3.712E-04 1.10E-01
1.202E-02 1.268E-02 1.231E-02 3.685E-04 1.13E-01
1.189E-02 1.237E-02 1.200E-02 3.656E-04 1.16E-01
1.175E-02 1.206E-02 1.169E-02 3.626E-04 1.18E-01
1.161E-02 1.175E-02 1.139E-02 3.595E-04 1.21E-01
1.148E-02 1.145E-02 1.110E-02 3.562E-04 1.24E-01
1.135E-02 1.116E-02 1.081E-02 3.530E-04 1.27E-01
1.122E-02 1.088E-02 1.053E-02 3.497E-04 1.30E-01
1.109E-02 1.060E-02 1.026E-02 3.465E-04 1.33E-01
1.096E-02 1.034E-02 9.994E-03 3.432E-04 1.36E-01
1.084E-02 1.007E-02 9.735E-03 3.398E-04 1.40E-01
1.072E-02 9.820E-03 9.483E-03 3.364E-04 1.43E-01
1.059E-02 9.572E-03 9.239E-03 3.330E-04 1.47E-01
1.047E-02 9.332E-03 9.003E-03 3.296E-04 1.50E-01
1.035E-02 9.102E-03 8.776E-03 3.262E-04 1.54E-01
1.023E-02 8.875E-03 8.552E-03 3.228E-04 1.57E-01
1.012E-02 8.649E-03 8.330E-03 3.193E-04 1.61E-01
1.000E-02 8.429E-03 8.113E-03 3.156E-04 1.65E-01
9.886E-03 8.213E-03 7.901E-03 3.120E-04 1.69E-01
9.772E-03 8.004E-03 7.695E-03 3.083E-04 1.73E-01
9.661E-03 7.801E-03 7.496E-03 3.047E-04 1.77E-01
9.550E-03 7.606E-03 7.305E-03 3.011E-04 1.81E-01
9.441E-03 7.413E-03 7.116E-03 2.974E-04 1.86E-01
9.333E-03 7.224E-03 6.930E-03 2.936E-04 1.90E-01
9.226E-03 7.038E-03 6.748E-03 2.897E-04 1.95E-01
9.120E-03 6.857E-03 6.571E-03 2.858E-04 1.99E-01
9.016E-03 6.681E-03 6.399E-03 2.819E-04 2.04E-01
8.913E-03 6.511E-03 6.233E-03 2.780E-04 2.09E-01
8.810E-03 6.346E-03 6.072E-03 2.741E-04 2.14E-01
8.710E-03 6.183E-03 5.913E-03 2.701E-04 2.19E-01
8.610E-03 6.024E-03 5.758E-03 2.661E-04 2.24E-01
8.511E-03 5.868E-03 5.606E-03 2.620E-04 2.30E-01
8.414E-03 5.716E-03 5.458E-03 2.578E-04 2.35E-01
8.318E-03 5.570E-03 5.316E-03 2.537E-04 2.41E-01
8.222E-03 5.427E-03 5.178E-03 2.496E-04 2.46E-01
8.128E-03 5.286E-03 5.041E-03 2.454E-04 2.52E-01
8.035E-03 5.148E-03 4.907E-03 2.412E-04 2.58E-01
7.943E-03 5.014E-03 4.777E-03 2.370E-04 2.64E-01
7.852E-03 4.883E-03 4.650E-03 2.327E-04 2.70E-01
7.762E-03 4.756E-03 4.528E-03 2.284E-04 2.77E-01
7.674E-03 4.631E-03 4.406E-03 2.241E-04 2.83E-01
7.586E-03 4.507E-03 4.288E-03 2.197E-04 2.90E-01
7.499E-03 4.388E-03 4.173E-03 2.154E-04 2.96E-01
7.413E-03 4.273E-03 4.062E-03 2.110E-04 3.03E-01
7.328E-03 4.162E-03 3.956E-03 2.067E-04 3.10E-01
7.244E-03 4.054E-03 3.851E-03 2.024E-04 3.17E-01
7.161E-03 3.947E-03 3.749E-03 1.980E-04 3.25E-01
7.079E-03 3.844E-03 3.650E-03 1.937E-04 3.32E-01
6.998E-03 3.742E-03 3.553E-03 1.893E-04 3.40E-01
6.918E-03 3.643E-03 3.458E-03 1.849E-04 3.47E-01
6.839E-03 3.546E-03 3.366E-03 1.805E-04 3.55E-01
6.761E-03 3.452E-03 3.276E-03 1.761E-04 3.63E-01
6.683E-03 3.360E-03 3.188E-03 1.716E-04 3.71E-01
6.607E-03 3.269E-03 3.102E-03 1.671E-04 3.79E-01
6.531E-03 3.180E-03 3.018E-03 1.626E-04 3.88E-01
6.457E-03 3.096E-03 2.938E-03 1.582E-04 3.96E-01
6.383E-03 3.013E-03 2.859E-03 1.537E-04 4.05E-01
6.310E-03 2.930E-03 2.781E-03 1.492E-04 4.13E-01
6.237E-03 2.850E-03 2.705E-03 1.447E-04 4.22E-01
6.166E-03 2.773E-03 2.633E-03 1.403E-04 4.31E-01
6.095E-03 2.701E-03 2.565E-03 1.360E-04 4.40E-01
6.026E-03 2.628E-03 2.497E-03 1.316E-04 4.49E-01
5.957E-03 2.557E-03 2.430E-03 1.271E-04 4.58E-01
5.888E-03 2.486E-03 2.364E-03 1.225E-04 4.68E-01
5.821E-03 2.416E-03 2.298E-03 1.179E-04 4.77E-01
5.754E-03 2.348E-03 2.235E-03 1.133E-04 4.87E-01
5.689E-03 2.281E-03 2.172E-03 1.086E-04 4.96E-01
5.623E-03 2.216E-03 2.112E-03 1.039E-04 5.06E-01
5.559E-03 2.154E-03 2.054E-03 9.945E-05 5.15E-01
5.495E-03 2.093E-03 1.998E-03 9.486E-05 5.25E-01
5.433E-03 2.033E-03 1.943E-03 9.018E-05 5.35E-01
5.370E-03 1.974E-03 1.889E-03 8.541E-05 5.44E-01
5.309E-03 1.918E-03 1.837E-03 8.057E-05 5.54E-01
5.248E-03 1.862E-03 1.787E-03 7.568E-05 5.63E-01
5.188E-03 1.810E-03 1.739E-03 7.075E-05 5.73E-01
5.129E-03 1.759E-03 1.692E-03 6.756E-05 5.83E-01
5.070E-03 1.709E-03 1.645E-03 6.448E-05 5.92E-01
5.012E-03 1.659E-03 1.599E-03 6.026E-05 6.01E-01
4.955E-03 1.610E-03 1.555E-03 5.495E-05 6.11E-01
4.898E-03 1.560E-03 1.512E-03 4.865E-05 6.20E-01
4.842E-03 1.512E-03 1.470E-03 4.151E-05 6.29E-01
4.786E-03 1.464E-03 1.431E-03 3.377E-05 6.38E-01
4.732E-03 1.414E-03 1.391E-03 2.317E-05 6.46E-01
4.677E-03 1.364E-03 1.352E-03 1.212E-05 6.55E-01
4.624E-03 1.317E-03 1.314E-03 3.740E-06 6.63E-01
4.571E-03 1.277E-03 1.277E-03 4.549E-07 6.72E-01
4.519E-03 1.247E-03 1.242E-03 5.387E-06 6.80E-01
4.467E-03 1.232E-03 1.209E-03 2.246E-05 6.87E-01
4.416E-03 2.670E-02 2.653E-02 1.674E-04 6.96E-01
4.365E-03 2.615E-02 2.600E-02 1.484E-04 7.02E-01
4.315E-03 2.561E-02 2.547E-02 1.335E-04 7.09E-01
4.266E-03 2.508E-02 2.495E-02 1.301E-04 7.15E-01
4.217E-03 2.456E-02 2.443E-02 1.350E-04 7.21E-01
4.169E-03 2.406E-02 2.391E-02 1.453E-04 7.27E-01
4.121E-03 2.356E-02 2.340E-02 1.564E-04 7.32E-01
4.074E-03 2.306E-02 2.290E-02 1.625E-04 7.38E-01
4.027E-03 2.257E-02 2.240E-02 1.675E-04 7.43E-01
3.981E-03 2.208E-02 2.191E-02 1.706E-04 7.47E-01
3.935E-03 2.159E-02 2.142E-02 1.711E-04 7.52E-01
3.890E-03 2.111E-02 2.094E-02 1.684E-04 7.56E-01
3.846E-03 2.063E-02 2.047E-02 1.674E-04 7.60E-01
3.802E-03 2.017E-02 2.000E-02 1.683E-04 7.64E-01
3.758E-03 1.970E-02 1.954E-02 1.690E-04 7.67E-01
3.715E-03 1.925E-02 1.908E-02 1.693E-04 7.71E-01
3.673E-03 1.880E-02 1.863E-02 1.691E-04 7.74E-01
3.631E-03 1.836E-02 1.819E-02 1.687E-04 7.77E-01
3.589E-03 1.793E-02 1.776E-02 1.684E-04 7.79E-01
3.548E-03 1.750E-02 1.733E-02 1.679E-04 7.82E-01
3.508E-03 1.708E-02 1.691E-02 1.673E-04 7.85E-01
3.467E-03 1.667E-02 1.650E-02 1.665E-04 7.87E-01
3.428E-03 1.627E-02 1.610E-02 1.655E-04 7.90E-01
3.388E-03 1.587E-02 1.570E-02 1.644E-04 7.92E-01
3.350E-03 1.548E-02 1.531E-02 1.633E-04 7.94E-01
3.311E-03 1.509E-02 1.493E-02 1.620E-04 7.97E-01
3.273E-03 1.472E-02 1.456E-02 1.606E-04 7.99E-01
3.236E-03 1.435E-02 1.419E-02 1.591E-04 8.02E-01
3.199E-03 1.399E-02 1.384E-02 1.575E-04 8.04E-01
3.162E-03 1.364E-02 1.348E-02 1.559E-04 8.07E-01
3.126E-03 1.329E-02 1.313E-02 1.542E-04 8.09E-01
3.090E-03 1.295E-02 1.279E-02 1.525E-04 8.12E-01
3.055E-03 1.263E-02 1.248E-02 1.508E-04 8.15E-01
3.020E-03 1.232E-02 1.217E-02 1.490E-04 8.18E-01
2.985E-03 1.201E-02 1.186E-02 1.471E-04 8.21E-01
2.951E-03 1.170E-02 1.155E-02 1.452E-04 8.24E-01
2.917E-03 1.139E-02 1.125E-02 1.433E-04 8.27E-01
2.884E-03 1.108E-02 1.094E-02 1.413E-04 8.31E-01
2.851E-03 1.078E-02 1.064E-02 1.393E-04 8.34E-01
2.818E-03 1.048E-02 1.034E-02 1.373E-04 8.38E-01
2.786E-03 1.019E-02 1.005E-02 1.352E-04 8.41E-01
2.754E-03 9.899E-03 9.766E-03 1.331E-04 8.45E-01
2.723E-03 9.631E-03 9.500E-03 1.310E-04 8.48E-01
2.692E-03 9.366E-03 9.237E-03 1.288E-04 8.52E-01
2.661E-03 9.106E-03 8.979E-03 1.266E-04 8.56E-01
2.630E-03 8.851E-03 8.726E-03 1.244E-04 8.59E-01
2.600E-03 8.602E-03 8.480E-03 1.222E-04 8.62E-01
2.570E-03 8.360E-03 8.240E-03 1.200E-04 8.66E-01
2.541E-03 8.126E-03 8.008E-03 1.178E-04 8.69E-01
2.512E-03 7.901E-03 7.786E-03 1.156E-04 8.72E-01
2.483E-03 7.687E-03 7.573E-03 1.134E-04 8.75E-01
2.455E-03 7.472E-03 7.361E-03 1.114E-04 8.78E-01
2.427E-03 7.260E-03 7.150E-03 1.093E-04 8.80E-01
2.399E-03 7.051E-03 6.944E-03 1.073E-04 8.83E-01
2.371E-03 6.848E-03 6.743E-03 1.052E-04 8.85E-01
2.344E-03 6.650E-03 6.547E-03 1.032E-04 8.87E-01
2.317E-03 6.458E-03 6.357E-03 1.013E-04 8.89E-01
2.291E-03 6.274E-03 6.175E-03 9.935E-05 8.91E-01
2.265E-03 6.097E-03 6.000E-03 9.746E-05 8.92E-01
2.239E-03 5.924E-03 5.829E-03 9.560E-05 8.94E-01
2.213E-03 5.752E-03 5.658E-03 9.374E-05 8.95E-01
2.188E-03 5.584E-03 5.492E-03 9.191E-05 8.97E-01
2.163E-03 5.419E-03 5.329E-03 9.009E-05 8.98E-01
2.138E-03 5.259E-03 5.171E-03 8.830E-05 8.99E-01
2.113E-03 5.104E-03 5.018E-03 8.653E-05 9.01E-01
2.089E-03 4.955E-03 4.871E-03 8.479E-05 9.02E-01
2.065E-03 4.813E-03 4.730E-03 8.309E-05 9.03E-01
2.042E-03 4.671E-03 4.590E-03 8.141E-05 9.05E-01
2.018E-03 4.532E-03 4.453E-03 7.973E-05 9.07E-01
1.995E-03 4.397E-03 4.319E-03 7.808E-05 9.08E-01
1.972E-03 4.265E-03 4.188E-03 7.644E-05 9.10E-01
1.950E-03 4.137E-03 4.062E-03 7.483E-05 9.12E-01
1.928E-03 4.014E-03 3.941E-03 7.325E-05 9.14E-01
1.905E-03 3.896E-03 3.824E-03 7.171E-05 9.16E-01
1.884E-03 3.779E-03 3.709E-03 7.017E-05 9.17E-01
1.862E-03 3.664E-03 3.596E-03 6.865E-05 9.19E-01
1.841E-03 3.553E-03 3.485E-03 6.715E-05 9.21E-01
1.820E-03 3.444E-03 3.378E-03 6.568E-05 9.23E-01
1.799E-03 3.339E-03 3.275E-03 6.423E-05 9.25E-01
1.778E-03 3.239E-03 3.176E-03 6.282E-05 9.27E-01
1.758E-03 3.141E-03 3.080E-03 6.144E-05 9.28E-01
1.738E-03 3.045E-03 2.985E-03 6.008E-05 9.30E-01
1.718E-03 2.952E-03 2.893E-03 5.874E-05 9.31E-01
1.698E-03 2.861E-03 2.803E-03 5.744E-05 9.32E-01
1.679E-03 2.773E-03 2.717E-03 5.616E-05 9.34E-01
1.660E-03 2.688E-03 2.634E-03 5.491E-05 9.35E-01
1.641E-03 2.606E-03 2.553E-03 5.370E-05 9.36E-01
1.622E-03 2.526E-03 2.473E-03 5.251E-05 9.36E-01
1.603E-03 2.447E-03 2.396E-03 5.134E-05 9.37E-01
1.585E-03 2.371E-03 2.321E-03 5.019E-05 9.38E-01
1.567E-03 2.298E-03 2.248E-03 4.907E-05 9.39E-01
1.549E-03 2.227E-03 2.179E-03 4.798E-05 9.40E-01
1.531E-03 2.158E-03 2.111E-03 4.690E-05 9.41E-01
1.514E-03 2.090E-03 2.045E-03 4.583E-05 9.42E-01
1.496E-03 2.025E-03 1.980E-03 4.478E-05 9.43E-01
1.479E-03 1.962E-03 1.918E-03 4.376E-05 9.44E-01
1.462E-03 1.901E-03 1.858E-03 4.276E-05 9.46E-01
1.445E-03 1.841E-03 1.800E-03 4.178E-05 9.47E-01
1.429E-03 1.783E-03 1.743E-03 4.082E-05 9.48E-01
1.413E-03 1.727E-03 1.687E-03 3.988E-05 9.49E-01
1.396E-03 1.672E-03 1.633E-03 3.896E-05 9.50E-01
1.380E-03 1.620E-03 1.582E-03 3.807E-05 9.52E-01
1.365E-03 1.569E-03 1.532E-03 3.720E-05 9.53E-01
1.349E-03 1.519E-03 1.483E-03 3.634E-05 9.54E-01
1.334E-03 1.471E-03 1.436E-03 3.550E-05 9.54E-01
1.318E-03 1.425E-03 1.390E-03 3.468E-05 9.55E-01
1.303E-03 1.380E-03 1.346E-03 3.388E-05 9.56E-01
1.288E-03 1.337E-03 1.304E-03 3.311E-05 9.57E-01
1.274E-03 1.295E-03 1.263E-03 3.234E-05 9.57E-01
1.259E-03 1.254E-03 1.222E-03 3.158E-05 9.58E-01
1.245E-03 1.213E-03 1.182E-03 3.084E-05 9.58E-01
1.230E-03 1.176E-03 1.145E-03 3.014E-05 9.59E-01
1.216E-03 1.140E-03 1.110E-03 2.946E-05 9.60E-01
1.202E-03 1.104E-03 1.075E-03 2.879E-05 9.61E-01
1.189E-03 1.069E-03 1.041E-03 2.812E-05 9.62E-01
1.175E-03 1.034E-03 1.007E-03 2.746E-05 9.62E-01
1.161E-03 1.000E-03 9.737E-04 2.681E-05 9.63E-01
1.148E-03 9.675E-04 9.413E-04 2.617E-05 9.64E-01
1.135E-03 9.354E-04 9.099E-04 2.555E-05 9.65E-01
1.122E-03 9.048E-04 8.799E-04 2.495E-05 9.66E-01
1.109E-03 8.756E-04 8.513E-04 2.436E-05 9.66E-01
1.096E-03 8.471E-04 8.234E-04 2.379E-05 9.67E-01
1.084E-03 8.195E-04 7.962E-04 2.322E-05 9.68E-01
1.072E-03 7.927E-04 7.700E-04 2.267E-05 9.68E-01
1.059E-03 7.670E-04 7.448E-04 2.214E-05 9.69E-01
1.047E-03 7.423E-04 7.207E-04 2.161E-05 9.69E-01
1.035E-03 7.190E-04 6.979E-04 2.112E-05 9.69E-01
1.023E-03 6.960E-04 6.754E-04 2.062E-05 9.70E-01
1.012E-03 6.733E-04 6.532E-04 2.013E-05 9.71E-01
