w(micron)   Q_ext     Q_abs     Q_sca    g=<cos>
1.000E+03 4.762E-09 4.762E-09 6.549E-21 0.00E+00
9.886E+02 4.868E-09 4.868E-09 6.857E-21 0.00E+00
9.772E+02 4.976E-09 4.976E-09 7.180E-21 0.00E+00
9.661E+02 5.087E-09 5.087E-09 7.518E-21 0.00E+00
9.550E+02 5.201E-09 5.201E-09 7.872E-21 0.00E+00
9.441E+02 5.317E-09 5.317E-09 8.243E-21 0.00E+00
9.333E+02 5.436E-09 5.436E-09 8.632E-21 0.00E+00
9.226E+02 5.557E-09 5.557E-09 9.038E-21 0.00E+00
9.120E+02 5.682E-09 5.682E-09 9.464E-21 0.00E+00
9.016E+02 5.809E-09 5.809E-09 9.910E-21 0.00E+00
8.913E+02 5.939E-09 5.939E-09 1.038E-20 0.00E+00
8.810E+02 6.072E-09 6.072E-09 1.087E-20 0.00E+00
8.710E+02 6.208E-09 6.208E-09 1.138E-20 0.00E+00
8.610E+02 6.348E-09 6.348E-09 1.191E-20 0.00E+00
8.511E+02 6.491E-09 6.491E-09 1.247E-20 0.00E+00
8.414E+02 6.636E-09 6.636E-09 1.306E-20 0.00E+00
8.318E+02 6.786E-09 6.786E-09 1.368E-20 0.00E+00
8.222E+02 6.939E-09 6.939E-09 1.432E-20 0.00E+00
8.128E+02 7.095E-09 7.095E-09 1.500E-20 0.00E+00
8.035E+02 7.255E-09 7.255E-09 1.570E-20 0.00E+00
7.943E+02 7.419E-09 7.419E-09 1.644E-20 0.00E+00
7.852E+02 7.586E-09 7.586E-09 1.722E-20 0.00E+00
7.762E+02 7.758E-09 7.758E-09 1.803E-20 0.00E+00
7.674E+02 7.933E-09 7.933E-09 1.888E-20 0.00E+00
7.586E+02 8.112E-09 8.112E-09 1.977E-20 0.00E+00
7.499E+02 8.296E-09 8.296E-09 2.070E-20 0.00E+00
7.413E+02 8.484E-09 8.484E-09 2.167E-20 0.00E+00
7.328E+02 8.676E-09 8.676E-09 2.269E-20 0.00E+00
7.244E+02 8.873E-09 8.873E-09 2.376E-20 0.00E+00
7.161E+02 9.074E-09 9.074E-09 2.488E-20 0.00E+00
7.079E+02 9.280E-09 9.280E-09 2.605E-20 0.00E+00
6.998E+02 9.490E-09 9.490E-09 2.728E-20 0.00E+00
6.918E+02 9.706E-09 9.706E-09 2.856E-20 0.00E+00
6.839E+02 9.927E-09 9.927E-09 2.991E-20 0.00E+00
6.761E+02 1.015E-08 1.015E-08 3.132E-20 0.00E+00
6.683E+02 1.038E-08 1.038E-08 3.279E-20 0.00E+00
6.607E+02 1.062E-08 1.062E-08 3.434E-20 0.00E+00
6.531E+02 1.086E-08 1.086E-08 3.596E-20 0.00E+00
6.457E+02 1.111E-08 1.111E-08 3.765E-20 0.00E+00
6.383E+02 1.136E-08 1.136E-08 3.942E-20 0.00E+00
6.310E+02 1.162E-08 1.162E-08 4.128E-20 0.00E+00
6.237E+02 1.189E-08 1.189E-08 4.322E-20 0.00E+00
6.166E+02 1.216E-08 1.216E-08 4.526E-20 0.00E+00
6.095E+02 1.244E-08 1.244E-08 4.739E-20 0.00E+00
6.026E+02 1.272E-08 1.272E-08 4.962E-20 0.00E+00
5.957E+02 1.301E-08 1.301E-08 5.196E-20 0.00E+00
5.888E+02 1.331E-08 1.331E-08 5.441E-20 0.00E+00
5.821E+02 1.361E-08 1.361E-08 5.697E-20 0.00E+00
5.754E+02 1.392E-08 1.392E-08 5.965E-20 0.00E+00
5.689E+02 1.424E-08 1.424E-08 6.246E-20 0.00E+00
5.623E+02 1.457E-08 1.457E-08 6.540E-20 0.00E+00
5.559E+02 1.490E-08 1.490E-08 6.848E-20 0.00E+00
5.495E+02 1.524E-08 1.524E-08 7.171E-20 0.00E+00
5.433E+02 1.559E-08 1.559E-08 7.508E-20 0.00E+00
5.370E+02 1.595E-08 1.595E-08 7.862E-20 0.00E+00
5.309E+02 1.631E-08 1.631E-08 8.232E-20 0.00E+00
5.248E+02 1.669E-08 1.669E-08 8.620E-20 0.00E+00
5.188E+02 1.707E-08 1.707E-08 9.026E-20 0.00E+00
5.129E+02 1.746E-08 1.746E-08 9.451E-20 0.00E+00
5.070E+02 1.786E-08 1.786E-08 9.896E-20 0.00E+00
5.012E+02 1.827E-08 1.827E-08 1.036E-19 0.00E+00
4.955E+02 1.869E-08 1.869E-08 1.085E-19 0.00E+00
4.898E+02 1.912E-08 1.912E-08 1.136E-19 0.00E+00
4.842E+02 1.956E-08 1.956E-08 1.190E-19 0.00E+00
4.786E+02 2.001E-08 2.001E-08 1.246E-19 0.00E+00
4.732E+02 2.047E-08 2.047E-08 1.304E-19 0.00E+00
4.677E+02 2.094E-08 2.094E-08 1.366E-19 0.00E+00
4.624E+02 2.142E-08 2.142E-08 1.430E-19 0.00E+00
4.571E+02 2.192E-08 2.192E-08 1.497E-19 0.00E+00
4.519E+02 2.242E-08 2.242E-08 1.568E-19 0.00E+00
4.467E+02 2.294E-08 2.294E-08 1.641E-19 0.00E+00
4.416E+02 2.347E-08 2.347E-08 1.719E-19 0.00E+00
4.365E+02 2.401E-08 2.401E-08 1.800E-19 0.00E+00
4.315E+02 2.456E-08 2.456E-08 1.884E-19 0.00E+00
4.266E+02 2.513E-08 2.513E-08 1.973E-19 0.00E+00
4.217E+02 2.570E-08 2.570E-08 2.066E-19 0.00E+00
4.169E+02 2.630E-08 2.630E-08 2.163E-19 0.00E+00
4.121E+02 2.690E-08 2.690E-08 2.265E-19 0.00E+00
4.074E+02 2.752E-08 2.752E-08 2.371E-19 0.00E+00
4.027E+02 2.816E-08 2.816E-08 2.483E-19 0.00E+00
3.981E+02 2.881E-08 2.881E-08 2.600E-19 0.00E+00
3.936E+02 2.947E-08 2.947E-08 2.722E-19 0.00E+00
3.890E+02 3.015E-08 3.015E-08 2.850E-19 0.00E+00
3.846E+02 3.085E-08 3.085E-08 2.985E-19 0.00E+00
3.802E+02 3.156E-08 3.156E-08 3.125E-19 0.00E+00
3.758E+02 3.229E-08 3.229E-08 3.272E-19 0.00E+00
3.715E+02 3.303E-08 3.303E-08 3.426E-19 0.00E+00
3.673E+02 3.379E-08 3.379E-08 3.587E-19 0.00E+00
3.631E+02 3.458E-08 3.458E-08 3.756E-19 0.00E+00
3.589E+02 3.537E-08 3.537E-08 3.933E-19 0.00E+00
3.548E+02 3.619E-08 3.619E-08 4.118E-19 0.00E+00
3.508E+02 3.703E-08 3.703E-08 4.311E-19 0.00E+00
3.467E+02 3.788E-08 3.788E-08 4.514E-19 0.00E+00
3.428E+02 3.876E-08 3.876E-08 4.726E-19 0.00E+00
3.388E+02 3.965E-08 3.965E-08 4.949E-19 0.00E+00
3.350E+02 4.057E-08 4.057E-08 5.182E-19 0.00E+00
3.311E+02 4.151E-08 4.151E-08 5.425E-19 0.00E+00
3.273E+02 4.247E-08 4.247E-08 5.680E-19 0.00E+00
3.236E+02 4.345E-08 4.345E-08 5.948E-19 0.00E+00
3.199E+02 4.445E-08 4.445E-08 6.227E-19 0.00E+00
3.162E+02 4.548E-08 4.548E-08 6.520E-19 0.00E+00
3.126E+02 4.653E-08 4.653E-08 6.827E-19 0.00E+00
3.090E+02 4.761E-08 4.761E-08 7.148E-19 0.00E+00
3.055E+02 4.871E-08 4.871E-08 7.484E-19 0.00E+00
3.020E+02 4.984E-08 4.984E-08 7.836E-19 0.00E+00
2.985E+02 5.099E-08 5.099E-08 8.204E-19 0.00E+00
2.951E+02 5.217E-08 5.217E-08 8.590E-19 0.00E+00
2.917E+02 5.337E-08 5.337E-08 8.993E-19 0.00E+00
2.884E+02 5.461E-08 5.461E-08 9.416E-19 0.00E+00
2.851E+02 5.587E-08 5.587E-08 9.859E-19 0.00E+00
2.818E+02 5.717E-08 5.717E-08 1.032E-18 0.00E+00
2.786E+02 5.849E-08 5.849E-08 1.081E-18 0.00E+00
2.754E+02 5.984E-08 5.984E-08 1.132E-18 0.00E+00
2.723E+02 6.123E-08 6.123E-08 1.185E-18 0.00E+00
2.692E+02 6.264E-08 6.264E-08 1.240E-18 0.00E+00
2.661E+02 6.409E-08 6.409E-08 1.299E-18 0.00E+00
2.630E+02 6.558E-08 6.558E-08 1.360E-18 0.00E+00
2.600E+02 6.709E-08 6.709E-08 1.423E-18 0.00E+00
2.570E+02 6.865E-08 6.865E-08 1.490E-18 0.00E+00
2.541E+02 7.024E-08 7.024E-08 1.560E-18 0.00E+00
2.512E+02 7.186E-08 7.186E-08 1.634E-18 0.00E+00
2.483E+02 7.352E-08 7.352E-08 1.710E-18 0.00E+00
2.455E+02 7.523E-08 7.523E-08 1.791E-18 0.00E+00
2.427E+02 7.697E-08 7.697E-08 1.875E-18 0.00E+00
2.399E+02 7.875E-08 7.875E-08 1.963E-18 0.00E+00
2.371E+02 8.057E-08 8.057E-08 2.055E-18 0.00E+00
2.344E+02 8.244E-08 8.244E-08 2.151E-18 0.00E+00
2.317E+02 8.435E-08 8.435E-08 2.252E-18 0.00E+00
2.291E+02 8.630E-08 8.630E-08 2.358E-18 0.00E+00
2.265E+02 8.830E-08 8.830E-08 2.469E-18 0.00E+00
2.239E+02 9.034E-08 9.034E-08 2.585E-18 0.00E+00
2.213E+02 9.243E-08 9.243E-08 2.706E-18 0.00E+00
2.188E+02 9.457E-08 9.457E-08 2.833E-18 0.00E+00
2.163E+02 9.676E-08 9.676E-08 2.966E-18 0.00E+00
2.138E+02 9.900E-08 9.900E-08 3.105E-18 0.00E+00
2.113E+02 1.013E-07 1.013E-07 3.250E-18 0.00E+00
2.089E+02 1.036E-07 1.036E-07 3.403E-18 0.00E+00
2.065E+02 1.060E-07 1.060E-07 3.562E-18 0.00E+00
2.042E+02 1.085E-07 1.085E-07 3.729E-18 0.00E+00
2.018E+02 1.110E-07 1.110E-07 3.904E-18 0.00E+00
1.995E+02 1.136E-07 1.136E-07 4.087E-18 0.00E+00
1.972E+02 1.162E-07 1.162E-07 4.279E-18 0.00E+00
1.950E+02 1.189E-07 1.189E-07 4.479E-18 0.00E+00
1.928E+02 1.216E-07 1.216E-07 4.689E-18 0.00E+00
1.905E+02 1.245E-07 1.245E-07 4.909E-18 0.00E+00
1.884E+02 1.273E-07 1.273E-07 5.139E-18 0.00E+00
1.862E+02 1.303E-07 1.303E-07 5.380E-18 0.00E+00
1.841E+02 1.333E-07 1.333E-07 5.632E-18 0.00E+00
1.820E+02 1.364E-07 1.364E-07 5.895E-18 0.00E+00
1.799E+02 1.395E-07 1.395E-07 6.172E-18 0.00E+00
1.778E+02 1.428E-07 1.428E-07 6.460E-18 0.00E+00
1.758E+02 1.461E-07 1.461E-07 6.763E-18 0.00E+00
1.738E+02 1.495E-07 1.495E-07 7.079E-18 0.00E+00
1.718E+02 1.529E-07 1.529E-07 7.411E-18 0.00E+00
1.698E+02 1.565E-07 1.565E-07 7.757E-18 0.00E+00
1.679E+02 1.601E-07 1.601E-07 8.120E-18 0.00E+00
1.660E+02 1.638E-07 1.638E-07 8.500E-18 0.00E+00
1.641E+02 1.676E-07 1.676E-07 8.897E-18 0.00E+00
1.622E+02 1.714E-07 1.714E-07 9.313E-18 0.00E+00
1.603E+02 1.754E-07 1.754E-07 9.749E-18 0.00E+00
1.585E+02 1.795E-07 1.795E-07 1.020E-17 0.00E+00
1.567E+02 1.836E-07 1.836E-07 1.068E-17 0.00E+00
1.549E+02 1.879E-07 1.879E-07 1.118E-17 0.00E+00
1.531E+02 1.922E-07 1.922E-07 1.170E-17 0.00E+00
1.514E+02 1.967E-07 1.967E-07 1.225E-17 0.00E+00
1.496E+02 2.012E-07 2.012E-07 1.282E-17 0.00E+00
1.479E+02 2.059E-07 2.059E-07 1.342E-17 0.00E+00
1.462E+02 2.106E-07 2.106E-07 1.405E-17 0.00E+00
1.445E+02 2.155E-07 2.155E-07 1.470E-17 0.00E+00
1.429E+02 2.205E-07 2.205E-07 1.539E-17 0.00E+00
1.413E+02 2.256E-07 2.256E-07 1.611E-17 0.00E+00
1.396E+02 2.308E-07 2.308E-07 1.686E-17 0.00E+00
1.380E+02 2.362E-07 2.362E-07 1.764E-17 0.00E+00
1.365E+02 2.416E-07 2.416E-07 1.846E-17 0.00E+00
1.349E+02 2.472E-07 2.472E-07 1.932E-17 0.00E+00
1.334E+02 2.530E-07 2.530E-07 2.023E-17 0.00E+00
1.318E+02 2.588E-07 2.588E-07 2.117E-17 0.00E+00
1.303E+02 2.648E-07 2.648E-07 2.215E-17 0.00E+00
1.288E+02 2.709E-07 2.709E-07 2.318E-17 0.00E+00
1.274E+02 2.772E-07 2.772E-07 2.426E-17 0.00E+00
1.259E+02 2.836E-07 2.836E-07 2.539E-17 0.00E+00
1.245E+02 2.902E-07 2.902E-07 2.657E-17 0.00E+00
1.230E+02 2.969E-07 2.969E-07 2.781E-17 0.00E+00
1.216E+02 3.038E-07 3.038E-07 2.910E-17 0.00E+00
1.202E+02 3.108E-07 3.108E-07 3.045E-17 0.00E+00
1.189E+02 3.180E-07 3.180E-07 3.187E-17 0.00E+00
1.175E+02 3.254E-07 3.254E-07 3.335E-17 0.00E+00
1.161E+02 3.330E-07 3.330E-07 3.490E-17 0.00E+00
1.148E+02 3.407E-07 3.407E-07 3.652E-17 0.00E+00
1.135E+02 3.486E-07 3.486E-07 3.821E-17 0.00E+00
1.122E+02 3.566E-07 3.566E-07 3.998E-17 0.00E+00
1.109E+02 3.649E-07 3.649E-07 4.184E-17 0.00E+00
1.096E+02 3.734E-07 3.734E-07 4.378E-17 0.00E+00
1.084E+02 3.820E-07 3.820E-07 4.580E-17 0.00E+00
1.072E+02 3.909E-07 3.909E-07 4.792E-17 0.00E+00
1.059E+02 4.000E-07 4.000E-07 5.014E-17 0.00E+00
1.047E+02 4.092E-07 4.092E-07 5.246E-17 0.00E+00
1.035E+02 4.187E-07 4.187E-07 5.489E-17 0.00E+00
1.023E+02 4.285E-07 4.285E-07 5.743E-17 0.00E+00
1.012E+02 4.384E-07 4.384E-07 6.008E-17 0.00E+00
1.000E+02 4.486E-07 4.486E-07 6.286E-17 0.00E+00
9.886E+01 4.590E-07 4.590E-07 6.576E-17 0.00E+00
9.772E+01 4.696E-07 4.696E-07 6.879E-17 0.00E+00
9.661E+01 4.805E-07 4.805E-07 7.197E-17 0.00E+00
9.550E+01 4.917E-07 4.917E-07 7.528E-17 0.00E+00
9.441E+01 5.031E-07 5.031E-07 7.875E-17 0.00E+00
9.333E+01 5.148E-07 5.148E-07 8.238E-17 0.00E+00
9.226E+01 5.267E-07 5.267E-07 8.618E-17 0.00E+00
9.120E+01 5.389E-07 5.389E-07 9.014E-17 0.00E+00
9.016E+01 5.514E-07 5.514E-07 9.429E-17 0.00E+00
8.913E+01 5.642E-07 5.642E-07 9.862E-17 0.00E+00
8.810E+01 5.773E-07 5.773E-07 1.032E-16 0.00E+00
8.710E+01 5.907E-07 5.907E-07 1.079E-16 0.00E+00
8.610E+01 6.045E-07 6.045E-07 1.128E-16 0.00E+00
8.511E+01 6.185E-07 6.185E-07 1.180E-16 0.00E+00
8.414E+01 6.329E-07 6.329E-07 1.234E-16 0.00E+00
8.318E+01 6.476E-07 6.476E-07 1.291E-16 0.00E+00
8.222E+01 6.627E-07 6.627E-07 1.350E-16 0.00E+00
8.128E+01 6.782E-07 6.782E-07 1.412E-16 0.00E+00
8.035E+01 6.940E-07 6.940E-07 1.477E-16 0.00E+00
7.943E+01 7.102E-07 7.102E-07 1.544E-16 0.00E+00
7.852E+01 7.268E-07 7.268E-07 1.615E-16 0.00E+00
7.762E+01 7.437E-07 7.437E-07 1.689E-16 0.00E+00
7.674E+01 7.611E-07 7.611E-07 1.766E-16 0.00E+00
7.586E+01 7.790E-07 7.790E-07 1.846E-16 0.00E+00
7.499E+01 7.972E-07 7.972E-07 1.930E-16 0.00E+00
7.413E+01 8.159E-07 8.159E-07 2.018E-16 0.00E+00
7.328E+01 8.351E-07 8.351E-07 2.110E-16 0.00E+00
7.244E+01 8.547E-07 8.547E-07 2.207E-16 0.00E+00
7.161E+01 8.748E-07 8.748E-07 2.307E-16 0.00E+00
7.079E+01 8.954E-07 8.954E-07 2.412E-16 0.00E+00
6.998E+01 9.165E-07 9.165E-07 2.522E-16 0.00E+00
6.918E+01 9.382E-07 9.382E-07 2.636E-16 0.00E+00
6.839E+01 9.604E-07 9.604E-07 2.756E-16 0.00E+00
6.761E+01 9.832E-07 9.832E-07 2.881E-16 0.00E+00
6.683E+01 1.007E-06 1.007E-06 3.011E-16 0.00E+00
6.607E+01 1.030E-06 1.030E-06 3.148E-16 0.00E+00
6.531E+01 1.055E-06 1.055E-06 3.291E-16 0.00E+00
6.457E+01 1.080E-06 1.080E-06 3.440E-16 0.00E+00
6.383E+01 1.106E-06 1.106E-06 3.595E-16 0.00E+00
6.310E+01 1.133E-06 1.133E-06 3.758E-16 0.00E+00
6.237E+01 1.160E-06 1.160E-06 3.928E-16 0.00E+00
6.166E+01 1.188E-06 1.188E-06 4.105E-16 0.00E+00
6.095E+01 1.217E-06 1.217E-06 4.290E-16 0.00E+00
6.026E+01 1.246E-06 1.246E-06 4.484E-16 0.00E+00
5.957E+01 1.276E-06 1.276E-06 4.686E-16 0.00E+00
5.888E+01 1.308E-06 1.308E-06 4.897E-16 0.00E+00
5.821E+01 1.340E-06 1.340E-06 5.118E-16 0.00E+00
5.754E+01 1.373E-06 1.373E-06 5.348E-16 0.00E+00
5.689E+01 1.406E-06 1.406E-06 5.589E-16 0.00E+00
5.623E+01 1.441E-06 1.441E-06 5.840E-16 0.00E+00
5.559E+01 1.477E-06 1.477E-06 6.103E-16 0.00E+00
5.495E+01 1.514E-06 1.514E-06 6.377E-16 0.00E+00
5.433E+01 1.552E-06 1.552E-06 6.663E-16 0.00E+00
5.370E+01 1.591E-06 1.591E-06 6.962E-16 0.00E+00
5.309E+01 1.631E-06 1.631E-06 7.275E-16 0.00E+00
5.248E+01 1.672E-06 1.672E-06 7.601E-16 0.00E+00
5.188E+01 1.715E-06 1.715E-06 7.942E-16 0.00E+00
5.129E+01 1.759E-06 1.759E-06 8.297E-16 0.00E+00
5.070E+01 1.804E-06 1.804E-06 8.669E-16 0.00E+00
5.012E+01 1.851E-06 1.851E-06 9.057E-16 0.00E+00
4.955E+01 1.899E-06 1.899E-06 9.463E-16 0.00E+00
4.898E+01 1.949E-06 1.949E-06 9.886E-16 0.00E+00
4.842E+01 2.001E-06 2.001E-06 1.033E-15 0.00E+00
4.786E+01 2.054E-06 2.054E-06 1.079E-15 0.00E+00
4.732E+01 2.109E-06 2.109E-06 1.127E-15 0.00E+00
4.677E+01 2.165E-06 2.165E-06 1.178E-15 0.00E+00
4.624E+01 2.224E-06 2.224E-06 1.230E-15 0.00E+00
4.571E+01 2.285E-06 2.285E-06 1.285E-15 0.00E+00
4.519E+01 2.347E-06 2.347E-06 1.343E-15 0.00E+00
4.467E+01 2.412E-06 2.412E-06 1.403E-15 0.00E+00
4.416E+01 2.479E-06 2.479E-06 1.465E-15 0.00E+00
4.365E+01 2.548E-06 2.548E-06 1.531E-15 0.00E+00
4.315E+01 2.620E-06 2.620E-06 1.599E-15 0.00E+00
4.266E+01 2.694E-06 2.694E-06 1.670E-15 0.00E+00
4.217E+01 2.770E-06 2.770E-06 1.745E-15 0.00E+00
4.169E+01 2.850E-06 2.850E-06 1.822E-15 0.00E+00
4.121E+01 2.932E-06 2.932E-06 1.904E-15 0.00E+00
4.074E+01 3.017E-06 3.017E-06 1.989E-15 0.00E+00
4.027E+01 3.105E-06 3.105E-06 2.077E-15 0.00E+00
3.981E+01 3.196E-06 3.196E-06 2.170E-15 0.00E+00
3.936E+01 3.291E-06 3.291E-06 2.267E-15 0.00E+00
3.890E+01 3.388E-06 3.388E-06 2.368E-15 0.00E+00
3.846E+01 3.489E-06 3.489E-06 2.474E-15 0.00E+00
3.802E+01 3.594E-06 3.594E-06 2.585E-15 0.00E+00
3.758E+01 3.701E-06 3.701E-06 2.700E-15 0.00E+00
3.715E+01 3.813E-06 3.813E-06 2.821E-15 0.00E+00
3.673E+01 3.928E-06 3.928E-06 2.947E-15 0.00E+00
3.631E+01 4.046E-06 4.046E-06 3.079E-15 0.00E+00
3.589E+01 4.169E-06 4.169E-06 3.217E-15 0.00E+00
3.548E+01 4.295E-06 4.295E-06 3.361E-15 0.00E+00
3.508E+01 4.424E-06 4.424E-06 3.512E-15 0.00E+00
3.467E+01 4.557E-06 4.557E-06 3.669E-15 0.00E+00
3.428E+01 4.693E-06 4.693E-06 3.834E-15 0.00E+00
3.388E+01 4.833E-06 4.833E-06 4.006E-15 0.00E+00
3.350E+01 4.975E-06 4.975E-06 4.186E-15 0.00E+00
3.311E+01 5.120E-06 5.120E-06 4.374E-15 0.00E+00
3.273E+01 5.268E-06 5.268E-06 4.571E-15 0.00E+00
3.236E+01 5.418E-06 5.418E-06 4.777E-15 0.00E+00
3.199E+01 5.570E-06 5.570E-06 4.992E-15 0.00E+00
3.162E+01 5.723E-06 5.723E-06 5.217E-15 0.00E+00
3.126E+01 5.877E-06 5.877E-06 5.453E-15 0.00E+00
3.090E+01 6.031E-06 6.031E-06 5.699E-15 0.00E+00
3.055E+01 6.186E-06 6.186E-06 5.957E-15 0.00E+00
3.020E+01 6.339E-06 6.339E-06 6.226E-15 0.00E+00
2.985E+01 6.491E-06 6.491E-06 6.508E-15 0.00E+00
2.951E+01 6.641E-06 6.641E-06 6.803E-15 0.00E+00
2.917E+01 6.789E-06 6.789E-06 7.112E-15 0.00E+00
2.884E+01 6.934E-06 6.934E-06 7.435E-15 0.00E+00
2.851E+01 7.076E-06 7.076E-06 7.773E-15 0.00E+00
2.818E+01 7.215E-06 7.215E-06 8.126E-15 0.00E+00
2.786E+01 7.351E-06 7.351E-06 8.496E-15 0.00E+00
2.754E+01 7.485E-06 7.485E-06 8.883E-15 0.00E+00
2.723E+01 7.617E-06 7.617E-06 9.288E-15 0.00E+00
2.692E+01 7.751E-06 7.751E-06 9.712E-15 0.00E+00
2.661E+01 7.889E-06 7.889E-06 1.016E-14 0.00E+00
2.630E+01 8.035E-06 8.035E-06 1.062E-14 0.00E+00
2.600E+01 8.197E-06 8.197E-06 1.111E-14 0.00E+00
2.570E+01 8.384E-06 8.384E-06 1.161E-14 0.00E+00
2.541E+01 8.614E-06 8.614E-06 1.215E-14 0.00E+00
2.512E+01 8.912E-06 8.912E-06 1.270E-14 0.00E+00
2.483E+01 9.322E-06 9.322E-06 1.329E-14 0.00E+00
2.455E+01 9.918E-06 9.918E-06 1.390E-14 0.00E+00
2.427E+01 1.084E-05 1.084E-05 1.453E-14 0.00E+00
2.399E+01 1.237E-05 1.237E-05 1.520E-14 0.00E+00
2.371E+01 1.503E-05 1.503E-05 1.590E-14 0.00E+00
2.344E+01 1.942E-05 1.942E-05 1.663E-14 0.00E+00
2.317E+01 2.388E-05 2.388E-05 1.740E-14 0.00E+00
2.291E+01 2.322E-05 2.322E-05 1.820E-14 0.00E+00
2.265E+01 1.983E-05 1.983E-05 1.904E-14 0.00E+00
2.239E+01 1.847E-05 1.847E-05 1.993E-14 0.00E+00
2.213E+01 2.003E-05 2.003E-05 2.085E-14 0.00E+00
2.188E+01 2.549E-05 2.549E-05 2.181E-14 0.00E+00
2.163E+01 3.803E-05 3.803E-05 2.282E-14 0.00E+00
2.138E+01 6.032E-05 6.032E-05 2.388E-14 0.00E+00
2.113E+01 6.875E-05 6.875E-05 2.499E-14 0.00E+00
2.089E+01 4.665E-05 4.665E-05 2.615E-14 0.00E+00
2.065E+01 2.849E-05 2.849E-05 2.737E-14 0.00E+00
2.042E+01 1.922E-05 1.922E-05 2.864E-14 0.00E+00
2.018E+01 1.446E-05 1.446E-05 2.997E-14 0.00E+00
1.995E+01 1.183E-05 1.183E-05 3.136E-14 0.00E+00
1.972E+01 1.032E-05 1.032E-05 3.282E-14 0.00E+00
1.950E+01 9.500E-06 9.500E-06 3.435E-14 0.00E+00
1.928E+01 9.235E-06 9.235E-06 3.595E-14 0.00E+00
1.905E+01 9.648E-06 9.648E-06 3.762E-14 0.00E+00
1.884E+01 1.137E-05 1.137E-05 3.938E-14 0.00E+00
1.862E+01 1.703E-05 1.703E-05 4.122E-14 0.00E+00
1.841E+01 3.969E-05 3.969E-05 4.314E-14 0.00E+00
1.820E+01 6.369E-05 6.369E-05 4.516E-14 0.00E+00
1.799E+01 2.377E-05 2.377E-05 4.727E-14 0.00E+00
1.778E+01 1.243E-05 1.243E-05 4.949E-14 0.00E+00
1.758E+01 8.951E-06 8.951E-06 5.180E-14 0.00E+00
1.738E+01 7.595E-06 7.595E-06 5.423E-14 0.00E+00
1.718E+01 7.144E-06 7.144E-06 5.677E-14 0.00E+00
1.698E+01 7.449E-06 7.449E-06 5.943E-14 0.00E+00
1.679E+01 9.326E-06 9.326E-06 6.222E-14 0.00E+00
1.660E+01 1.916E-05 1.916E-05 6.514E-14 0.00E+00
1.641E+01 1.023E-04 1.023E-04 6.820E-14 0.00E+00
1.622E+01 2.047E-05 2.047E-05 7.140E-14 0.00E+00
1.603E+01 8.999E-06 8.999E-06 7.475E-14 0.00E+00
1.585E+01 6.575E-06 6.575E-06 7.827E-14 0.00E+00
1.567E+01 5.708E-06 5.708E-06 8.195E-14 0.00E+00
1.549E+01 5.325E-06 5.325E-06 8.580E-14 0.00E+00
1.531E+01 5.152E-06 5.152E-06 8.984E-14 0.00E+00
1.514E+01 5.096E-06 5.096E-06 9.406E-14 0.00E+00
1.496E+01 5.122E-06 5.122E-06 9.850E-14 0.00E+00
1.479E+01 5.217E-06 5.217E-06 1.031E-13 0.00E+00
1.462E+01 5.382E-06 5.382E-06 1.080E-13 0.00E+00
1.445E+01 5.623E-06 5.623E-06 1.131E-13 0.00E+00
1.429E+01 5.959E-06 5.959E-06 1.184E-13 0.00E+00
1.413E+01 6.416E-06 6.416E-06 1.240E-13 0.00E+00
1.396E+01 7.038E-06 7.038E-06 1.298E-13 0.00E+00
1.380E+01 7.897E-06 7.897E-06 1.359E-13 0.00E+00
1.365E+01 9.105E-06 9.105E-06 1.423E-13 0.00E+00
1.349E+01 1.085E-05 1.085E-05 1.491E-13 0.00E+00
1.334E+01 1.345E-05 1.345E-05 1.561E-13 0.00E+00
1.318E+01 1.737E-05 1.737E-05 1.634E-13 0.00E+00
1.303E+01 2.318E-05 2.318E-05 1.711E-13 0.00E+00
1.288E+01 3.056E-05 3.056E-05 1.792E-13 0.00E+00
1.274E+01 3.610E-05 3.610E-05 1.877E-13 0.00E+00
1.259E+01 3.521E-05 3.521E-05 1.965E-13 0.00E+00
1.245E+01 3.019E-05 3.019E-05 2.058E-13 0.00E+00
1.230E+01 2.658E-05 2.658E-05 2.155E-13 0.00E+00
1.216E+01 2.756E-05 2.756E-05 2.257E-13 0.00E+00
1.202E+01 3.778E-05 3.778E-05 2.363E-13 0.00E+00
1.189E+01 5.177E-05 5.177E-05 2.477E-13 0.00E+00
1.175E+01 4.290E-05 4.290E-05 2.599E-13 0.00E+00
1.161E+01 4.828E-05 4.828E-05 2.734E-13 0.00E+00
1.148E+01 7.582E-05 7.582E-05 2.783E-13 0.00E+00
1.135E+01 1.207E-04 1.207E-04 2.956E-13 0.00E+00
1.122E+01 1.102E-04 1.102E-04 3.101E-13 0.00E+00
1.109E+01 6.323E-05 6.323E-05 3.252E-13 0.00E+00
1.096E+01 3.665E-05 3.665E-05 3.407E-13 0.00E+00
1.084E+01 2.400E-05 2.400E-05 3.570E-13 0.00E+00
1.072E+01 1.751E-05 1.751E-05 3.739E-13 0.00E+00
1.059E+01 1.387E-05 1.387E-05 3.915E-13 0.00E+00
1.047E+01 1.170E-05 1.170E-05 4.098E-13 0.00E+00
1.035E+01 1.036E-05 1.036E-05 4.291E-13 0.00E+00
1.023E+01 9.532E-06 9.532E-06 4.493E-13 0.00E+00
1.012E+01 9.046E-06 9.046E-06 4.705E-13 0.00E+00
1.000E+01 8.812E-06 8.812E-06 4.927E-13 0.00E+00
9.886E+00 8.778E-06 8.778E-06 5.159E-13 0.00E+00
9.772E+00 8.921E-06 8.921E-06 5.402E-13 0.00E+00
9.661E+00 9.238E-06 9.238E-06 5.657E-13 0.00E+00
9.550E+00 9.741E-06 9.741E-06 5.923E-13 0.00E+00
9.441E+00 1.047E-05 1.047E-05 6.202E-13 0.00E+00
9.333E+00 1.147E-05 1.147E-05 6.494E-13 0.00E+00
9.226E+00 1.288E-05 1.288E-05 6.800E-13 0.00E+00
9.120E+00 1.488E-05 1.488E-05 7.119E-13 0.00E+00
9.016E+00 1.786E-05 1.786E-05 7.454E-13 0.00E+00
8.913E+00 2.254E-05 2.254E-05 7.805E-13 0.00E+00
8.810E+00 3.023E-05 3.023E-05 8.172E-13 0.00E+00
8.710E+00 4.200E-05 4.200E-05 8.556E-13 0.00E+00
8.610E+00 5.210E-05 5.210E-05 8.958E-13 0.00E+00
8.511E+00 4.967E-05 4.967E-05 9.379E-13 0.00E+00
8.414E+00 4.342E-05 4.342E-05 9.819E-13 0.00E+00
8.318E+00 4.191E-05 4.191E-05 1.028E-12 0.00E+00
8.222E+00 4.526E-05 4.526E-05 1.076E-12 0.00E+00
8.128E+00 5.280E-05 5.280E-05 1.127E-12 0.00E+00
8.035E+00 6.443E-05 6.443E-05 1.180E-12 0.00E+00
7.943E+00 7.985E-05 7.985E-05 1.235E-12 0.00E+00
7.852E+00 9.702E-05 9.702E-05 1.293E-12 0.00E+00
7.762E+00 1.104E-04 1.104E-04 1.353E-12 0.00E+00
7.674E+00 1.129E-04 1.129E-04 1.417E-12 0.00E+00
7.586E+00 1.028E-04 1.028E-04 1.483E-12 0.00E+00
7.499E+00 8.578E-05 8.578E-05 1.553E-12 0.00E+00
7.413E+00 6.856E-05 6.856E-05 1.626E-12 0.00E+00
7.328E+00 5.431E-05 5.431E-05 1.702E-12 0.00E+00
7.244E+00 4.348E-05 4.348E-05 1.782E-12 0.00E+00
7.161E+00 3.553E-05 3.553E-05 1.865E-12 0.00E+00
7.079E+00 2.977E-05 2.977E-05 1.953E-12 0.00E+00
6.998E+00 2.565E-05 2.565E-05 2.044E-12 5.29E-07
6.918E+00 2.279E-05 2.279E-05 2.140E-12 5.41E-07
6.839E+00 2.094E-05 2.094E-05 2.240E-12 5.54E-07
6.761E+00 2.001E-05 2.001E-05 2.345E-12 5.66E-07
6.683E+00 2.005E-05 2.005E-05 2.455E-12 5.79E-07
6.607E+00 2.128E-05 2.128E-05 2.570E-12 5.92E-07
6.531E+00 2.425E-05 2.425E-05 2.690E-12 6.06E-07
6.457E+00 3.012E-05 3.012E-05 2.816E-12 6.21E-07
6.383E+00 4.112E-05 4.112E-05 2.948E-12 6.37E-07
6.310E+00 6.012E-05 6.012E-05 3.085E-12 6.65E-07
6.237E+00 8.246E-05 8.246E-05 3.231E-12 6.56E-07
6.166E+00 8.270E-05 8.270E-05 3.382E-12 6.73E-07
6.095E+00 5.979E-05 5.979E-05 3.540E-12 6.89E-07
6.026E+00 3.942E-05 3.942E-05 3.705E-12 7.04E-07
5.957E+00 2.708E-05 2.708E-05 3.878E-12 7.19E-07
5.888E+00 1.988E-05 1.988E-05 4.059E-12 7.35E-07
5.821E+00 1.549E-05 1.549E-05 4.249E-12 7.51E-07
5.754E+00 1.266E-05 1.266E-05 4.448E-12 7.68E-07
5.689E+00 1.073E-05 1.073E-05 4.655E-12 7.85E-07
5.623E+00 9.367E-06 9.367E-06 4.873E-12 8.02E-07
5.559E+00 8.362E-06 8.362E-06 5.100E-12 8.19E-07
5.495E+00 7.600E-06 7.600E-06 5.338E-12 8.37E-07
5.433E+00 7.009E-06 7.009E-06 5.587E-12 8.55E-07
5.370E+00 6.542E-06 6.542E-06 5.848E-12 8.74E-07
5.309E+00 6.167E-06 6.167E-06 6.120E-12 8.92E-07
5.248E+00 5.861E-06 5.861E-06 6.406E-12 9.12E-07
5.188E+00 5.610E-06 5.610E-06 6.704E-12 9.33E-07
5.129E+00 5.403E-06 5.403E-06 7.016E-12 9.54E-07
5.070E+00 5.230E-06 5.230E-06 7.342E-12 9.75E-07
5.012E+00 5.086E-06 5.086E-06 7.684E-12 9.96E-07
4.955E+00 4.965E-06 4.965E-06 8.042E-12 1.02E-06
4.898E+00 4.864E-06 4.864E-06 8.417E-12 1.04E-06
4.842E+00 4.780E-06 4.780E-06 8.809E-12 1.06E-06
4.786E+00 4.712E-06 4.712E-06 9.220E-12 1.09E-06
4.732E+00 4.656E-06 4.656E-06 9.649E-12 1.11E-06
4.677E+00 4.612E-06 4.612E-06 1.010E-11 1.13E-06
4.624E+00 4.578E-06 4.578E-06 1.057E-11 1.16E-06
4.571E+00 4.553E-06 4.553E-06 1.106E-11 1.18E-06
4.519E+00 4.536E-06 4.536E-06 1.158E-11 1.21E-06
4.467E+00 4.527E-06 4.527E-06 1.211E-11 1.24E-06
4.416E+00 4.525E-06 4.525E-06 1.268E-11 1.26E-06
4.365E+00 4.529E-06 4.529E-06 1.327E-11 1.29E-06
4.315E+00 4.539E-06 4.539E-06 1.388E-11 1.32E-06
4.266E+00 4.555E-06 4.555E-06 1.453E-11 1.34E-06
4.217E+00 4.577E-06 4.577E-06 1.520E-11 1.37E-06
4.169E+00 4.604E-06 4.604E-06 1.591E-11 1.40E-06
4.121E+00 4.637E-06 4.637E-06 1.665E-11 1.43E-06
4.074E+00 4.675E-06 4.675E-06 1.742E-11 1.46E-06
4.027E+00 4.719E-06 4.719E-06 1.823E-11 1.49E-06
3.981E+00 4.769E-06 4.769E-06 1.908E-11 1.52E-06
3.936E+00 4.826E-06 4.826E-06 1.997E-11 1.56E-06
3.890E+00 4.889E-06 4.889E-06 2.089E-11 1.59E-06
3.846E+00 4.962E-06 4.962E-06 2.186E-11 1.62E-06
3.802E+00 5.045E-06 5.045E-06 2.288E-11 1.66E-06
3.758E+00 5.141E-06 5.141E-06 2.394E-11 1.69E-06
3.715E+00 5.254E-06 5.254E-06 2.505E-11 1.72E-06
3.673E+00 5.391E-06 5.391E-06 2.622E-11 1.76E-06
3.631E+00 5.563E-06 5.563E-06 2.744E-11 1.80E-06
3.589E+00 5.788E-06 5.788E-06 2.871E-11 1.83E-06
3.548E+00 6.099E-06 6.099E-06 3.004E-11 1.87E-06
3.508E+00 6.566E-06 6.566E-06 3.144E-11 1.91E-06
3.467E+00 7.341E-06 7.341E-06 3.289E-11 1.95E-06
3.428E+00 8.837E-06 8.837E-06 3.442E-11 1.98E-06
3.388E+00 1.245E-05 1.245E-05 3.602E-11 2.02E-06
3.350E+00 2.548E-05 2.548E-05 3.769E-11 2.07E-06
3.311E+00 1.129E-04 1.129E-04 3.943E-11 2.11E-06
3.273E+00 5.649E-05 5.649E-05 4.126E-11 2.15E-06
3.236E+00 1.805E-05 1.805E-05 4.318E-11 2.19E-06
3.199E+00 1.096E-05 1.096E-05 4.518E-11 2.24E-06
3.162E+00 8.665E-06 8.665E-06 4.726E-11 2.29E-06
3.126E+00 7.709E-06 7.709E-06 4.946E-11 2.33E-06
3.090E+00 7.243E-06 7.243E-06 5.175E-11 2.38E-06
3.055E+00 7.007E-06 7.007E-06 5.414E-11 2.43E-06
3.020E+00 6.891E-06 6.891E-06 5.665E-11 2.48E-06
2.985E+00 6.848E-06 6.848E-06 5.927E-11 2.53E-06
2.951E+00 6.846E-06 6.846E-06 6.202E-11 2.58E-06
2.917E+00 6.874E-06 6.874E-06 6.489E-11 2.63E-06
2.884E+00 6.922E-06 6.922E-06 6.790E-11 2.68E-06
2.851E+00 6.986E-06 6.986E-06 7.104E-11 2.73E-06
2.818E+00 7.062E-06 7.062E-06 7.432E-11 2.79E-06
2.786E+00 7.145E-06 7.145E-06 7.776E-11 2.85E-06
2.754E+00 7.236E-06 7.236E-06 8.135E-11 2.90E-06
2.723E+00 7.335E-06 7.335E-06 8.511E-11 2.96E-06
2.692E+00 7.437E-06 7.437E-06 8.903E-11 3.02E-06
2.661E+00 7.545E-06 7.545E-06 9.316E-11 3.08E-06
2.630E+00 7.657E-06 7.657E-06 9.746E-11 3.15E-06
2.600E+00 7.772E-06 7.772E-06 1.020E-10 3.21E-06
2.570E+00 7.889E-06 7.889E-06 1.067E-10 3.28E-06
2.541E+00 8.010E-06 8.010E-06 1.116E-10 3.35E-06
2.512E+00 8.135E-06 8.134E-06 1.167E-10 3.42E-06
2.483E+00 8.263E-06 8.262E-06 1.221E-10 3.49E-06
2.455E+00 8.394E-06 8.394E-06 1.278E-10 3.56E-06
2.427E+00 8.529E-06 8.529E-06 1.336E-10 3.63E-06
2.399E+00 8.667E-06 8.667E-06 1.398E-10 3.71E-06
2.371E+00 8.809E-06 8.809E-06 1.463E-10 3.78E-06
2.344E+00 8.954E-06 8.954E-06 1.530E-10 3.86E-06
2.317E+00 9.102E-06 9.102E-06 1.601E-10 3.93E-06
2.291E+00 9.254E-06 9.253E-06 1.675E-10 4.01E-06
2.265E+00 9.409E-06 9.408E-06 1.752E-10 4.09E-06
2.239E+00 9.567E-06 9.567E-06 1.833E-10 4.17E-06
2.213E+00 9.729E-06 9.728E-06 1.918E-10 4.26E-06
2.188E+00 9.894E-06 9.894E-06 2.007E-10 4.34E-06
2.163E+00 1.006E-05 1.006E-05 2.099E-10 4.43E-06
2.138E+00 1.024E-05 1.024E-05 2.196E-10 4.51E-06
2.113E+00 1.041E-05 1.041E-05 2.297E-10 4.60E-06
2.089E+00 1.059E-05 1.059E-05 2.403E-10 4.70E-06
2.065E+00 1.077E-05 1.077E-05 2.514E-10 4.79E-06
2.042E+00 1.095E-05 1.095E-05 2.630E-10 4.89E-06
2.018E+00 1.114E-05 1.114E-05 2.751E-10 4.99E-06
1.995E+00 1.133E-05 1.133E-05 2.878E-10 5.09E-06
1.972E+00 1.152E-05 1.152E-05 3.011E-10 5.19E-06
1.950E+00 1.172E-05 1.172E-05 3.150E-10 5.29E-06
1.928E+00 1.192E-05 1.192E-05 3.295E-10 5.40E-06
1.905E+00 1.213E-05 1.213E-05 3.447E-10 5.50E-06
1.884E+00 1.234E-05 1.234E-05 3.606E-10 5.61E-06
1.862E+00 1.256E-05 1.256E-05 3.772E-10 5.72E-06
1.841E+00 1.278E-05 1.278E-05 3.946E-10 5.83E-06
1.820E+00 1.300E-05 1.300E-05 4.128E-10 5.95E-06
1.799E+00 1.323E-05 1.323E-05 4.319E-10 6.06E-06
1.778E+00 1.346E-05 1.346E-05 4.518E-10 6.18E-06
1.758E+00 1.370E-05 1.370E-05 4.726E-10 6.30E-06
1.738E+00 1.395E-05 1.394E-05 4.944E-10 6.43E-06
1.718E+00 1.419E-05 1.419E-05 5.172E-10 6.55E-06
1.698E+00 1.444E-05 1.444E-05 5.410E-10 6.68E-06
1.679E+00 1.470E-05 1.470E-05 5.659E-10 6.81E-06
1.660E+00 1.496E-05 1.496E-05 5.919E-10 6.95E-06
1.641E+00 1.522E-05 1.522E-05 6.192E-10 7.08E-06
1.622E+00 1.548E-05 1.548E-05 6.476E-10 7.23E-06
1.603E+00 1.575E-05 1.575E-05 6.774E-10 7.37E-06
1.585E+00 1.603E-05 1.603E-05 7.086E-10 7.52E-06
1.567E+00 1.630E-05 1.630E-05 7.412E-10 7.67E-06
1.549E+00 1.659E-05 1.659E-05 7.753E-10 7.82E-06
1.531E+00 1.688E-05 1.688E-05 8.111E-10 7.98E-06
1.514E+00 1.717E-05 1.717E-05 8.485E-10 8.14E-06
1.496E+00 1.748E-05 1.748E-05 8.877E-10 8.29E-06
1.479E+00 1.779E-05 1.779E-05 9.287E-10 8.45E-06
1.462E+00 1.810E-05 1.810E-05 9.716E-10 8.62E-06
1.445E+00 1.843E-05 1.843E-05 1.016E-09 8.78E-06
1.429E+00 1.877E-05 1.876E-05 1.063E-09 8.95E-06
1.413E+00 1.911E-05 1.911E-05 1.112E-09 9.12E-06
1.396E+00 1.946E-05 1.946E-05 1.164E-09 9.29E-06
1.380E+00 1.982E-05 1.982E-05 1.217E-09 9.47E-06
1.365E+00 2.018E-05 2.018E-05 1.273E-09 9.65E-06
1.349E+00 2.056E-05 2.055E-05 1.332E-09 9.83E-06
1.334E+00 2.094E-05 2.094E-05 1.394E-09 1.00E-05
1.318E+00 2.133E-05 2.132E-05 1.458E-09 1.02E-05
1.303E+00 2.172E-05 2.172E-05 1.525E-09 1.04E-05
1.288E+00 2.213E-05 2.213E-05 1.595E-09 1.06E-05
1.274E+00 2.254E-05 2.254E-05 1.668E-09 1.08E-05
1.259E+00 2.297E-05 2.297E-05 1.745E-09 1.10E-05
1.245E+00 2.340E-05 2.340E-05 1.825E-09 1.12E-05
1.230E+00 2.384E-05 2.384E-05 1.909E-09 1.15E-05
1.216E+00 2.429E-05 2.429E-05 1.997E-09 1.17E-05
1.202E+00 2.476E-05 2.476E-05 2.089E-09 1.19E-05
1.189E+00 2.525E-05 2.525E-05 2.186E-09 1.21E-05
1.175E+00 2.575E-05 2.575E-05 2.286E-09 1.24E-05
1.161E+00 2.628E-05 2.628E-05 2.392E-09 1.26E-05
1.148E+00 2.683E-05 2.682E-05 2.502E-09 1.29E-05
1.135E+00 2.740E-05 2.740E-05 2.617E-09 1.31E-05
1.122E+00 2.801E-05 2.801E-05 2.737E-09 1.34E-05
1.109E+00 2.865E-05 2.865E-05 2.863E-09 1.36E-05
1.096E+00 2.934E-05 2.934E-05 2.995E-09 1.39E-05
1.084E+00 3.007E-05 3.007E-05 3.133E-09 1.41E-05
1.072E+00 3.087E-05 3.086E-05 3.277E-09 1.44E-05
1.059E+00 3.173E-05 3.173E-05 3.428E-09 1.47E-05
1.047E+00 3.268E-05 3.268E-05 3.585E-09 1.50E-05
1.035E+00 3.374E-05 3.374E-05 3.750E-09 1.52E-05
1.023E+00 3.494E-05 3.493E-05 3.922E-09 1.55E-05
1.012E+00 3.630E-05 3.630E-05 4.102E-09 1.58E-05
1.000E+00 3.789E-05 3.789E-05 4.291E-09 1.61E-05
9.886E-01 3.976E-05 3.975E-05 4.487E-09 1.64E-05
9.772E-01 4.200E-05 4.199E-05 4.693E-09 1.68E-05
9.661E-01 4.473E-05 4.472E-05 4.908E-09 1.71E-05
9.550E-01 4.812E-05 4.811E-05 5.133E-09 1.74E-05
9.441E-01 5.240E-05 5.240E-05 5.369E-09 1.77E-05
9.333E-01 5.792E-05 5.791E-05 5.614E-09 1.81E-05
9.226E-01 6.514E-05 6.514E-05 5.871E-09 1.84E-05
9.120E-01 7.477E-05 7.476E-05 6.140E-09 1.88E-05
9.016E-01 8.779E-05 8.778E-05 6.421E-09 1.92E-05
8.913E-01 1.056E-04 1.056E-04 6.714E-09 1.96E-05
8.810E-01 1.300E-04 1.299E-04 7.020E-09 2.00E-05
8.710E-01 1.630E-04 1.630E-04 7.341E-09 2.04E-05
8.610E-01 2.062E-04 2.062E-04 7.676E-09 2.08E-05
8.511E-01 2.595E-04 2.595E-04 8.026E-09 2.12E-05
8.414E-01 3.199E-04 3.198E-04 8.392E-09 2.16E-05
8.318E-01 3.825E-04 3.825E-04 8.774E-09 2.21E-05
8.222E-01 4.431E-04 4.431E-04 9.174E-09 2.25E-05
8.128E-01 4.994E-04 4.994E-04 9.592E-09 2.30E-05
8.035E-01 5.509E-04 5.509E-04 1.003E-08 2.34E-05
7.943E-01 5.983E-04 5.983E-04 1.049E-08 2.39E-05
7.852E-01 6.433E-04 6.433E-04 1.096E-08 2.44E-05
7.762E-01 6.883E-04 6.883E-04 1.146E-08 2.49E-05
7.674E-01 7.367E-04 7.367E-04 1.198E-08 2.55E-05
7.586E-01 7.934E-04 7.934E-04 1.253E-08 2.60E-05
7.499E-01 8.641E-04 8.641E-04 1.310E-08 2.65E-05
7.413E-01 9.564E-04 9.564E-04 1.369E-08 2.71E-05
7.328E-01 1.078E-03 1.078E-03 1.432E-08 2.77E-05
7.244E-01 1.237E-03 1.237E-03 1.497E-08 2.83E-05
7.161E-01 1.433E-03 1.433E-03 1.565E-08 2.89E-05
7.079E-01 1.656E-03 1.656E-03 1.636E-08 2.95E-05
6.998E-01 1.893E-03 1.893E-03 1.711E-08 3.01E-05
6.918E-01 2.130E-03 2.130E-03 1.789E-08 3.08E-05
6.839E-01 2.362E-03 2.362E-03 1.870E-08 3.14E-05
6.761E-01 2.589E-03 2.589E-03 1.956E-08 3.21E-05
6.683E-01 2.813E-03 2.813E-03 2.045E-08 3.28E-05
6.607E-01 3.036E-03 3.036E-03 2.138E-08 3.36E-05
6.531E-01 3.262E-03 3.262E-03 2.236E-08 3.43E-05
6.457E-01 3.492E-03 3.492E-03 2.339E-08 3.51E-05
6.383E-01 3.727E-03 3.727E-03 2.446E-08 3.59E-05
6.310E-01 3.970E-03 3.970E-03 2.558E-08 3.67E-05
6.237E-01 4.220E-03 4.220E-03 2.676E-08 3.75E-05
6.166E-01 4.480E-03 4.480E-03 2.799E-08 3.83E-05
6.095E-01 4.749E-03 4.749E-03 2.928E-08 3.92E-05
6.026E-01 5.028E-03 5.028E-03 3.063E-08 4.00E-05
5.957E-01 5.318E-03 5.318E-03 3.204E-08 4.09E-05
5.888E-01 5.620E-03 5.620E-03 3.352E-08 4.18E-05
5.821E-01 5.933E-03 5.933E-03 3.507E-08 4.28E-05
5.754E-01 6.259E-03 6.259E-03 3.670E-08 4.37E-05
5.689E-01 6.598E-03 6.598E-03 3.841E-08 4.47E-05
5.623E-01 6.951E-03 6.950E-03 4.020E-08 4.57E-05
5.559E-01 7.316E-03 7.316E-03 4.208E-08 4.67E-05
5.495E-01 7.696E-03 7.696E-03 4.404E-08 4.77E-05
5.433E-01 8.091E-03 8.091E-03 4.611E-08 4.87E-05
5.370E-01 8.500E-03 8.500E-03 4.829E-08 4.98E-05
5.309E-01 8.924E-03 8.924E-03 5.056E-08 5.09E-05
5.248E-01 9.365E-03 9.365E-03 5.296E-08 5.20E-05
5.188E-01 9.821E-03 9.821E-03 5.547E-08 5.32E-05
5.129E-01 1.029E-02 1.029E-02 5.810E-08 5.43E-05
5.070E-01 1.078E-02 1.078E-02 6.087E-08 5.55E-05
5.012E-01 1.129E-02 1.129E-02 6.378E-08 5.67E-05
4.955E-01 1.181E-02 1.181E-02 6.683E-08 5.79E-05
4.898E-01 1.235E-02 1.235E-02 7.004E-08 5.92E-05
4.842E-01 1.291E-02 1.291E-02 7.341E-08 6.04E-05
4.786E-01 1.349E-02 1.349E-02 7.693E-08 6.17E-05
4.732E-01 1.409E-02 1.409E-02 8.062E-08 6.30E-05
4.677E-01 1.470E-02 1.470E-02 8.450E-08 6.43E-05
4.624E-01 1.534E-02 1.534E-02 8.858E-08 6.56E-05
4.571E-01 1.599E-02 1.599E-02 9.286E-08 6.69E-05
4.519E-01 1.667E-02 1.667E-02 9.736E-08 6.82E-05
4.467E-01 1.736E-02 1.736E-02 1.021E-07 6.96E-05
4.416E-01 1.808E-02 1.808E-02 1.071E-07 7.10E-05
4.365E-01 1.881E-02 1.881E-02 1.123E-07 7.23E-05
4.315E-01 1.957E-02 1.957E-02 1.178E-07 7.36E-05
4.266E-01 2.035E-02 2.035E-02 1.235E-07 7.49E-05
4.217E-01 2.115E-02 2.115E-02 1.295E-07 7.63E-05
4.169E-01 2.197E-02 2.197E-02 1.357E-07 7.76E-05
4.121E-01 2.281E-02 2.281E-02 1.424E-07 7.90E-05
4.074E-01 2.368E-02 2.368E-02 1.493E-07 8.04E-05
4.027E-01 2.456E-02 2.456E-02 1.566E-07 8.18E-05
3.981E-01 2.547E-02 2.547E-02 1.642E-07 8.31E-05
3.935E-01 2.641E-02 2.640E-02 1.722E-07 8.46E-05
3.890E-01 2.736E-02 2.736E-02 1.806E-07 8.60E-05
3.846E-01 2.834E-02 2.834E-02 1.895E-07 8.74E-05
3.802E-01 2.934E-02 2.934E-02 1.988E-07 8.88E-05
3.758E-01 3.037E-02 3.037E-02 2.086E-07 9.02E-05
3.715E-01 3.141E-02 3.141E-02 2.189E-07 9.17E-05
3.673E-01 3.249E-02 3.249E-02 2.299E-07 9.31E-05
3.631E-01 3.358E-02 3.358E-02 2.415E-07 9.46E-05
3.589E-01 3.470E-02 3.470E-02 2.538E-07 9.61E-05
3.548E-01 3.584E-02 3.584E-02 2.669E-07 9.76E-05
3.508E-01 3.701E-02 3.701E-02 2.808E-07 9.91E-05
3.467E-01 3.820E-02 3.820E-02 2.956E-07 1.00E-04
3.428E-01 3.942E-02 3.942E-02 3.113E-07 1.02E-04
3.388E-01 4.066E-02 4.066E-02 3.281E-07 1.03E-04
3.350E-01 4.192E-02 4.192E-02 3.460E-07 1.04E-04
3.311E-01 4.321E-02 4.321E-02 3.651E-07 1.05E-04
3.273E-01 4.452E-02 4.452E-02 3.856E-07 1.05E-04
3.236E-01 4.586E-02 4.586E-02 4.076E-07 1.05E-04
3.199E-01 4.722E-02 4.722E-02 4.311E-07 1.05E-04
3.162E-01 4.861E-02 4.861E-02 4.562E-07 1.05E-04
3.126E-01 5.002E-02 5.002E-02 4.829E-07 1.04E-04
3.090E-01 5.146E-02 5.145E-02 5.114E-07 1.02E-04
3.055E-01 5.291E-02 5.291E-02 5.418E-07 1.00E-04
3.020E-01 5.424E-02 5.424E-02 5.743E-07 9.81E-05
2.985E-01 5.523E-02 5.523E-02 6.091E-07 9.52E-05
2.951E-01 5.630E-02 5.630E-02 6.466E-07 9.18E-05
2.917E-01 5.747E-02 5.747E-02 6.869E-07 8.76E-05
2.884E-01 5.874E-02 5.874E-02 7.311E-07 8.27E-05
2.851E-01 6.014E-02 6.014E-02 7.791E-07 7.70E-05
2.818E-01 6.168E-02 6.168E-02 8.346E-07 6.90E-05
2.786E-01 6.338E-02 6.338E-02 8.939E-07 6.08E-05
2.754E-01 6.527E-02 6.527E-02 9.576E-07 5.27E-05
2.723E-01 6.736E-02 6.736E-02 1.027E-06 4.46E-05
2.692E-01 6.969E-02 6.969E-02 1.104E-06 3.67E-05
2.661E-01 7.230E-02 7.230E-02 1.189E-06 2.94E-05
2.630E-01 7.522E-02 7.522E-02 1.285E-06 2.29E-05
2.600E-01 7.850E-02 7.850E-02 1.393E-06 1.72E-05
2.570E-01 8.220E-02 8.220E-02 1.515E-06 1.27E-05
2.541E-01 8.637E-02 8.636E-02 1.648E-06 9.59E-06
2.512E-01 9.107E-02 9.107E-02 1.799E-06 7.76E-06
2.483E-01 9.638E-02 9.638E-02 1.971E-06 7.04E-06
2.455E-01 1.023E-01 1.023E-01 2.168E-06 7.38E-06
2.427E-01 1.090E-01 1.090E-01 2.394E-06 8.92E-06
2.399E-01 1.165E-01 1.164E-01 2.655E-06 1.17E-05
2.371E-01 1.246E-01 1.246E-01 2.940E-06 1.59E-05
2.344E-01 1.333E-01 1.333E-01 3.244E-06 2.10E-05
2.317E-01 1.425E-01 1.425E-01 3.562E-06 2.65E-05
2.291E-01 1.516E-01 1.516E-01 3.888E-06 3.22E-05
2.265E-01 1.603E-01 1.603E-01 4.221E-06 3.82E-05
2.239E-01 1.679E-01 1.678E-01 4.574E-06 4.44E-05
2.213E-01 1.736E-01 1.736E-01 4.939E-06 5.11E-05
2.188E-01 1.768E-01 1.768E-01 5.229E-06 5.86E-05
2.163E-01 1.772E-01 1.772E-01 5.368E-06 6.71E-05
2.138E-01 1.747E-01 1.747E-01 5.354E-06 7.61E-05
2.113E-01 1.696E-01 1.696E-01 5.240E-06 8.50E-05
2.089E-01 1.627E-01 1.627E-01 5.042E-06 9.41E-05
2.065E-01 1.544E-01 1.544E-01 4.779E-06 1.03E-04
2.042E-01 1.457E-01 1.457E-01 4.459E-06 1.13E-04
2.018E-01 1.369E-01 1.369E-01 4.108E-06 1.23E-04
1.995E-01 1.284E-01 1.284E-01 3.744E-06 1.33E-04
1.972E-01 1.205E-01 1.205E-01 3.383E-06 1.44E-04
1.950E-01 1.133E-01 1.133E-01 3.042E-06 1.55E-04
1.928E-01 1.069E-01 1.069E-01 2.727E-06 1.66E-04
1.905E-01 1.012E-01 1.011E-01 2.443E-06 1.77E-04
1.884E-01 9.608E-02 9.608E-02 2.183E-06 1.89E-04
1.862E-01 9.163E-02 9.163E-02 1.957E-06 2.02E-04
1.841E-01 8.772E-02 8.772E-02 1.765E-06 2.14E-04
1.820E-01 8.429E-02 8.429E-02 1.601E-06 2.28E-04
1.799E-01 8.128E-02 8.128E-02 1.462E-06 2.42E-04
1.778E-01 7.865E-02 7.865E-02 1.349E-06 2.56E-04
1.758E-01 7.633E-02 7.633E-02 1.255E-06 2.71E-04
1.738E-01 7.430E-02 7.430E-02 1.179E-06 2.86E-04
1.718E-01 7.252E-02 7.252E-02 1.119E-06 3.01E-04
1.698E-01 7.094E-02 7.094E-02 1.075E-06 3.17E-04
1.679E-01 6.958E-02 6.958E-02 1.045E-06 3.32E-04
1.660E-01 6.845E-02 6.845E-02 1.031E-06 3.48E-04
1.641E-01 6.753E-02 6.753E-02 1.033E-06 3.64E-04
1.622E-01 6.682E-02 6.682E-02 1.050E-06 3.79E-04
1.603E-01 6.629E-02 6.629E-02 1.081E-06 3.95E-04
1.585E-01 6.596E-02 6.595E-02 1.129E-06 4.10E-04
1.567E-01 6.579E-02 6.579E-02 1.190E-06 4.26E-04
1.549E-01 6.580E-02 6.580E-02 1.266E-06 4.43E-04
1.531E-01 6.598E-02 6.598E-02 1.355E-06 4.59E-04
1.514E-01 6.632E-02 6.632E-02 1.460E-06 4.76E-04
1.496E-01 6.683E-02 6.683E-02 1.582E-06 4.94E-04
1.479E-01 6.751E-02 6.750E-02 1.723E-06 5.11E-04
1.462E-01 6.835E-02 6.835E-02 1.884E-06 5.28E-04
1.445E-01 6.936E-02 6.935E-02 2.070E-06 5.46E-04
1.429E-01 7.054E-02 7.054E-02 2.279E-06 5.64E-04
1.413E-01 7.189E-02 7.189E-02 2.512E-06 5.82E-04
1.396E-01 7.343E-02 7.342E-02 2.768E-06 6.01E-04
1.380E-01 7.514E-02 7.514E-02 3.048E-06 6.20E-04
1.365E-01 7.704E-02 7.704E-02 3.357E-06 6.40E-04
1.349E-01 7.914E-02 7.913E-02 3.704E-06 6.62E-04
1.334E-01 8.143E-02 8.143E-02 4.092E-06 6.85E-04
1.318E-01 8.393E-02 8.393E-02 4.522E-06 7.10E-04
1.303E-01 8.664E-02 8.664E-02 5.000E-06 7.36E-04
1.288E-01 9.131E-02 9.131E-02 5.531E-06 7.64E-04
1.274E-01 9.486E-02 9.486E-02 6.120E-06 7.94E-04
1.259E-01 9.858E-02 9.857E-02 6.769E-06 8.26E-04
1.245E-01 1.025E-01 1.025E-01 7.487E-06 8.59E-04
1.230E-01 1.065E-01 1.065E-01 8.276E-06 8.94E-04
1.216E-01 1.107E-01 1.107E-01 9.140E-06 9.29E-04
1.202E-01 1.151E-01 1.151E-01 1.008E-05 9.62E-04
1.189E-01 1.196E-01 1.196E-01 1.112E-05 9.95E-04
1.175E-01 1.242E-01 1.242E-01 1.224E-05 1.03E-03
1.161E-01 1.290E-01 1.290E-01 1.348E-05 1.06E-03
1.148E-01 1.339E-01 1.339E-01 1.492E-05 1.08E-03
1.135E-01 1.389E-01 1.389E-01 1.685E-05 1.11E-03
1.122E-01 1.441E-01 1.441E-01 1.889E-05 1.11E-03
1.109E-01 1.493E-01 1.493E-01 2.113E-05 1.08E-03
1.096E-01 1.547E-01 1.547E-01 2.361E-05 9.86E-04
1.084E-01 1.602E-01 1.602E-01 2.666E-05 8.81E-04
1.072E-01 1.657E-01 1.657E-01 3.019E-05 8.07E-04
1.059E-01 1.714E-01 1.713E-01 3.362E-05 7.87E-04
1.047E-01 1.770E-01 1.770E-01 3.691E-05 7.92E-04
1.035E-01 1.827E-01 1.827E-01 4.008E-05 7.95E-04
1.023E-01 1.885E-01 1.884E-01 4.313E-05 7.97E-04
1.012E-01 1.942E-01 1.941E-01 4.650E-05 7.86E-04
1.000E-01 2.006E-01 2.006E-01 5.031E-05 7.67E-04
9.886E-02 2.051E-01 2.050E-01 5.533E-05 7.34E-04
9.772E-02 2.098E-01 2.097E-01 6.109E-05 7.02E-04
9.661E-02 2.147E-01 2.146E-01 6.677E-05 6.83E-04
9.550E-02 2.199E-01 2.198E-01 7.205E-05 6.75E-04
9.441E-02 2.254E-01 2.253E-01 7.597E-05 6.78E-04
9.333E-02 2.312E-01 2.311E-01 7.910E-05 6.87E-04
9.226E-02 2.373E-01 2.373E-01 8.260E-05 6.95E-04
9.120E-02 2.439E-01 2.438E-01 8.594E-05 7.06E-04
9.016E-02 2.510E-01 2.509E-01 8.796E-05 7.30E-04
8.913E-02 2.586E-01 2.585E-01 9.022E-05 7.49E-04
8.810E-02 2.669E-01 2.668E-01 9.399E-05 7.55E-04
8.710E-02 2.759E-01 2.758E-01 9.994E-05 7.44E-04
8.610E-02 2.859E-01 2.858E-01 1.071E-04 7.28E-04
8.511E-02 2.969E-01 2.968E-01 1.155E-04 7.09E-04
8.414E-02 3.091E-01 3.090E-01 1.253E-04 6.90E-04
8.318E-02 3.227E-01 3.226E-01 1.366E-04 6.72E-04
8.222E-02 3.379E-01 3.378E-01 1.490E-04 6.62E-04
8.128E-02 3.550E-01 3.548E-01 1.624E-04 6.62E-04
8.035E-02 3.740E-01 3.739E-01 1.771E-04 6.67E-04
7.943E-02 3.953E-01 3.951E-01 1.929E-04 6.79E-04
7.852E-02 4.187E-01 4.185E-01 2.094E-04 6.98E-04
7.762E-02 4.442E-01 4.440E-01 2.257E-04 7.24E-04
7.674E-02 4.712E-01 4.709E-01 2.410E-04 7.53E-04
7.586E-02 4.987E-01 4.984E-01 2.555E-04 7.85E-04
7.499E-02 5.251E-01 5.249E-01 2.688E-04 8.18E-04
7.413E-02 5.484E-01 5.481E-01 2.804E-04 8.55E-04
7.328E-02 5.662E-01 5.659E-01 2.899E-04 8.94E-04
7.244E-02 5.766E-01 5.763E-01 2.991E-04 9.32E-04
7.161E-02 5.784E-01 5.781E-01 3.074E-04 9.70E-04
7.079E-02 5.719E-01 5.716E-01 3.132E-04 1.01E-03
6.998E-02 5.588E-01 5.584E-01 3.160E-04 1.05E-03
6.918E-02 5.411E-01 5.407E-01 3.157E-04 1.10E-03
6.839E-02 5.211E-01 5.208E-01 3.091E-04 1.15E-03
6.761E-02 5.009E-01 5.006E-01 2.984E-04 1.20E-03
6.683E-02 4.816E-01 4.813E-01 2.864E-04 1.25E-03
6.607E-02 4.642E-01 4.640E-01 2.735E-04 1.31E-03
6.531E-02 4.451E-01 4.449E-01 2.600E-04 1.36E-03
6.457E-02 4.258E-01 4.256E-01 2.502E-04 1.41E-03
6.383E-02 4.063E-01 4.061E-01 2.420E-04 1.46E-03
6.310E-02 3.866E-01 3.864E-01 2.350E-04 1.51E-03
6.237E-02 3.667E-01 3.665E-01 2.292E-04 1.56E-03
6.166E-02 3.466E-01 3.464E-01 2.253E-04 1.62E-03
6.095E-02 3.263E-01 3.260E-01 2.228E-04 1.67E-03
6.026E-02 3.057E-01 3.055E-01 2.205E-04 1.72E-03
5.957E-02 2.849E-01 2.846E-01 2.188E-04 1.78E-03
5.888E-02 2.638E-01 2.636E-01 2.171E-04 1.83E-03
5.821E-02 2.425E-01 2.423E-01 2.138E-04 1.89E-03
5.754E-02 2.302E-01 2.300E-01 2.103E-04 1.95E-03
5.689E-02 2.219E-01 2.217E-01 2.065E-04 2.01E-03
5.623E-02 2.133E-01 2.131E-01 2.023E-04 2.07E-03
5.559E-02 2.041E-01 2.039E-01 1.970E-04 2.13E-03
5.495E-02 1.952E-01 1.950E-01 1.917E-04 2.19E-03
5.433E-02 1.865E-01 1.863E-01 1.862E-04 2.26E-03
5.370E-02 1.784E-01 1.782E-01 1.808E-04 2.32E-03
5.309E-02 1.714E-01 1.713E-01 1.761E-04 2.39E-03
5.248E-02 1.650E-01 1.648E-01 1.716E-04 2.46E-03
5.188E-02 1.590E-01 1.588E-01 1.674E-04 2.52E-03
5.129E-02 1.533E-01 1.531E-01 1.635E-04 2.60E-03
5.070E-02 1.478E-01 1.477E-01 1.601E-04 2.67E-03
5.012E-02 1.426E-01 1.424E-01 1.569E-04 2.74E-03
4.955E-02 1.377E-01 1.375E-01 1.539E-04 2.82E-03
4.898E-02 1.330E-01 1.329E-01 1.512E-04 2.89E-03
4.842E-02 1.285E-01 1.283E-01 1.484E-04 2.97E-03
4.786E-02 1.240E-01 1.239E-01 1.456E-04 3.05E-03
4.732E-02 1.194E-01 1.192E-01 1.424E-04 3.13E-03
4.677E-02 1.147E-01 1.146E-01 1.390E-04 3.22E-03
4.624E-02 1.102E-01 1.101E-01 1.356E-04 3.31E-03
4.571E-02 1.063E-01 1.062E-01 1.326E-04 3.39E-03
4.519E-02 1.031E-01 1.030E-01 1.299E-04 3.48E-03
4.467E-02 1.000E-01 9.988E-02 1.272E-04 3.58E-03
4.416E-02 9.675E-02 9.663E-02 1.242E-04 3.67E-03
4.365E-02 9.273E-02 9.261E-02 1.207E-04 3.77E-03
4.315E-02 8.890E-02 8.879E-02 1.170E-04 3.87E-03
4.266E-02 8.550E-02 8.538E-02 1.132E-04 3.98E-03
4.217E-02 8.335E-02 8.324E-02 1.095E-04 4.08E-03
4.169E-02 8.170E-02 8.160E-02 1.061E-04 4.19E-03
4.121E-02 8.048E-02 8.038E-02 1.030E-04 4.30E-03
4.074E-02 7.932E-02 7.922E-02 1.006E-04 4.41E-03
4.027E-02 7.843E-02 7.833E-02 9.864E-05 4.53E-03
3.981E-02 7.778E-02 7.768E-02 9.696E-05 4.65E-03
3.935E-02 7.737E-02 7.728E-02 9.549E-05 4.77E-03
3.890E-02 7.728E-02 7.718E-02 9.441E-05 4.89E-03
3.846E-02 7.753E-02 7.743E-02 9.360E-05 5.01E-03
3.802E-02 7.820E-02 7.811E-02 9.353E-05 5.14E-03
3.758E-02 7.933E-02 7.924E-02 9.451E-05 5.27E-03
3.715E-02 8.177E-02 8.167E-02 9.825E-05 5.40E-03
3.673E-02 8.391E-02 8.381E-02 1.029E-04 5.53E-03
3.631E-02 8.487E-02 8.476E-02 1.078E-04 5.66E-03
3.589E-02 8.382E-02 8.371E-02 1.114E-04 5.79E-03
3.548E-02 8.196E-02 8.185E-02 1.143E-04 5.92E-03
3.508E-02 8.029E-02 8.018E-02 1.160E-04 6.07E-03
3.467E-02 7.869E-02 7.857E-02 1.171E-04 6.21E-03
3.428E-02 7.707E-02 7.696E-02 1.178E-04 6.37E-03
3.388E-02 7.550E-02 7.538E-02 1.187E-04 6.52E-03
3.350E-02 7.394E-02 7.382E-02 1.194E-04 6.68E-03
3.311E-02 7.241E-02 7.229E-02 1.200E-04 6.84E-03
3.273E-02 7.090E-02 7.078E-02 1.206E-04 7.01E-03
3.236E-02 6.940E-02 6.928E-02 1.211E-04 7.18E-03
3.199E-02 6.792E-02 6.780E-02 1.215E-04 7.36E-03
3.162E-02 6.647E-02 6.635E-02 1.219E-04 7.54E-03
3.126E-02 6.504E-02 6.492E-02 1.222E-04 7.72E-03
3.090E-02 6.363E-02 6.351E-02 1.226E-04 7.91E-03
3.055E-02 6.225E-02 6.212E-02 1.228E-04 8.10E-03
3.020E-02 6.088E-02 6.075E-02 1.231E-04 8.30E-03
2.985E-02 5.953E-02 5.941E-02 1.233E-04 8.50E-03
2.951E-02 5.820E-02 5.808E-02 1.235E-04 8.71E-03
2.917E-02 5.691E-02 5.679E-02 1.236E-04 8.92E-03
2.884E-02 5.564E-02 5.552E-02 1.237E-04 9.14E-03
2.851E-02 5.440E-02 5.427E-02 1.238E-04 9.36E-03
2.818E-02 5.318E-02 5.306E-02 1.239E-04 9.59E-03
2.786E-02 5.200E-02 5.188E-02 1.240E-04 9.82E-03
2.754E-02 5.084E-02 5.072E-02 1.241E-04 1.01E-02
2.723E-02 4.970E-02 4.958E-02 1.242E-04 1.03E-02
2.692E-02 4.859E-02 4.847E-02 1.242E-04 1.06E-02
2.661E-02 4.750E-02 4.737E-02 1.243E-04 1.08E-02
2.630E-02 4.642E-02 4.630E-02 1.243E-04 1.11E-02
2.600E-02 4.537E-02 4.525E-02 1.243E-04 1.13E-02
2.570E-02 4.434E-02 4.422E-02 1.243E-04 1.16E-02
2.541E-02 4.332E-02 4.320E-02 1.243E-04 1.19E-02
2.512E-02 4.233E-02 4.220E-02 1.242E-04 1.22E-02
2.483E-02 4.135E-02 4.123E-02 1.242E-04 1.25E-02
2.455E-02 4.040E-02 4.027E-02 1.241E-04 1.28E-02
2.427E-02 3.946E-02 3.934E-02 1.240E-04 1.31E-02
2.399E-02 3.855E-02 3.843E-02 1.240E-04 1.34E-02
2.371E-02 3.767E-02 3.755E-02 1.239E-04 1.37E-02
2.344E-02 3.680E-02 3.668E-02 1.239E-04 1.41E-02
2.317E-02 3.595E-02 3.582E-02 1.238E-04 1.44E-02
2.291E-02 3.511E-02 3.499E-02 1.237E-04 1.48E-02
2.265E-02 3.430E-02 3.417E-02 1.236E-04 1.51E-02
2.239E-02 3.350E-02 3.337E-02 1.235E-04 1.55E-02
2.213E-02 3.271E-02 3.259E-02 1.234E-04 1.59E-02
2.188E-02 3.195E-02 3.183E-02 1.233E-04 1.62E-02
2.163E-02 3.120E-02 3.108E-02 1.231E-04 1.66E-02
2.138E-02 3.048E-02 3.036E-02 1.230E-04 1.70E-02
2.113E-02 2.977E-02 2.965E-02 1.229E-04 1.74E-02
2.089E-02 2.907E-02 2.894E-02 1.227E-04 1.79E-02
2.065E-02 2.837E-02 2.825E-02 1.225E-04 1.83E-02
2.042E-02 2.772E-02 2.760E-02 1.224E-04 1.87E-02
2.018E-02 2.708E-02 2.695E-02 1.223E-04 1.92E-02
1.995E-02 2.644E-02 2.632E-02 1.221E-04 1.96E-02
1.972E-02 2.581E-02 2.568E-02 1.219E-04 2.01E-02
1.950E-02 2.518E-02 2.506E-02 1.217E-04 2.06E-02
1.928E-02 2.457E-02 2.445E-02 1.215E-04 2.11E-02
1.905E-02 2.398E-02 2.386E-02 1.212E-04 2.16E-02
1.884E-02 2.341E-02 2.329E-02 1.210E-04 2.21E-02
1.862E-02 2.285E-02 2.273E-02 1.207E-04 2.26E-02
1.841E-02 2.230E-02 2.218E-02 1.205E-04 2.32E-02
1.820E-02 2.176E-02 2.164E-02 1.202E-04 2.37E-02
1.799E-02 2.124E-02 2.112E-02 1.200E-04 2.43E-02
1.778E-02 2.073E-02 2.061E-02 1.197E-04 2.49E-02
1.758E-02 2.024E-02 2.012E-02 1.195E-04 2.55E-02
1.738E-02 1.975E-02 1.963E-02 1.192E-04 2.61E-02
1.718E-02 1.927E-02 1.915E-02 1.189E-04 2.67E-02
1.698E-02 1.880E-02 1.868E-02 1.186E-04 2.74E-02
1.679E-02 1.834E-02 1.822E-02 1.183E-04 2.80E-02
1.660E-02 1.790E-02 1.778E-02 1.180E-04 2.87E-02
1.641E-02 1.747E-02 1.735E-02 1.177E-04 2.94E-02
1.622E-02 1.704E-02 1.693E-02 1.174E-04 3.01E-02
1.603E-02 1.663E-02 1.651E-02 1.171E-04 3.08E-02
1.585E-02 1.622E-02 1.610E-02 1.167E-04 3.15E-02
1.567E-02 1.582E-02 1.571E-02 1.164E-04 3.23E-02
1.549E-02 1.544E-02 1.532E-02 1.160E-04 3.31E-02
1.531E-02 1.506E-02 1.494E-02 1.157E-04 3.39E-02
1.514E-02 1.469E-02 1.457E-02 1.153E-04 3.47E-02
1.496E-02 1.432E-02 1.421E-02 1.149E-04 3.55E-02
1.479E-02 1.397E-02 1.385E-02 1.145E-04 3.64E-02
1.462E-02 1.362E-02 1.351E-02 1.141E-04 3.72E-02
1.445E-02 1.329E-02 1.317E-02 1.138E-04 3.81E-02
1.429E-02 1.296E-02 1.285E-02 1.133E-04 3.90E-02
1.413E-02 1.264E-02 1.253E-02 1.129E-04 4.00E-02
1.396E-02 1.233E-02 1.221E-02 1.125E-04 4.09E-02
1.380E-02 1.202E-02 1.191E-02 1.121E-04 4.19E-02
1.365E-02 1.173E-02 1.161E-02 1.116E-04 4.29E-02
1.349E-02 1.143E-02 1.132E-02 1.112E-04 4.39E-02
1.334E-02 1.115E-02 1.104E-02 1.107E-04 4.50E-02
1.318E-02 1.087E-02 1.076E-02 1.102E-04 4.60E-02
1.303E-02 1.060E-02 1.049E-02 1.097E-04 4.71E-02
1.288E-02 1.034E-02 1.023E-02 1.093E-04 4.83E-02
1.274E-02 1.008E-02 9.974E-03 1.088E-04 4.94E-02
1.259E-02 9.829E-03 9.720E-03 1.083E-04 5.06E-02
1.245E-02 9.579E-03 9.471E-03 1.077E-04 5.18E-02
1.230E-02 9.345E-03 9.237E-03 1.073E-04 5.30E-02
1.216E-02 9.118E-03 9.011E-03 1.068E-04 5.43E-02
1.202E-02 8.893E-03 8.786E-03 1.063E-04 5.56E-02
1.189E-02 8.670E-03 8.564E-03 1.058E-04 5.69E-02
1.175E-02 8.449E-03 8.344E-03 1.052E-04 5.83E-02
1.161E-02 8.233E-03 8.128E-03 1.046E-04 5.97E-02
1.148E-02 8.020E-03 7.916E-03 1.040E-04 6.11E-02
1.135E-02 7.811E-03 7.708E-03 1.033E-04 6.26E-02
1.122E-02 7.610E-03 7.508E-03 1.027E-04 6.41E-02
1.109E-02 7.417E-03 7.315E-03 1.021E-04 6.56E-02
1.096E-02 7.228E-03 7.126E-03 1.014E-04 6.72E-02
1.084E-02 7.042E-03 6.941E-03 1.008E-04 6.88E-02
1.072E-02 6.861E-03 6.761E-03 1.001E-04 7.04E-02
1.059E-02 6.685E-03 6.586E-03 9.942E-05 7.21E-02
1.047E-02 6.515E-03 6.417E-03 9.874E-05 7.39E-02
1.035E-02 6.353E-03 6.255E-03 9.808E-05 7.56E-02
1.023E-02 6.191E-03 6.094E-03 9.739E-05 7.74E-02
1.012E-02 6.032E-03 5.935E-03 9.668E-05 7.93E-02
1.000E-02 5.876E-03 5.780E-03 9.595E-05 8.12E-02
9.886E-03 5.724E-03 5.628E-03 9.520E-05 8.31E-02
9.772E-03 5.576E-03 5.481E-03 9.445E-05 8.51E-02
9.661E-03 5.432E-03 5.339E-03 9.370E-05 8.72E-02
9.550E-03 5.295E-03 5.202E-03 9.296E-05 8.92E-02
9.441E-03 5.159E-03 5.067E-03 9.219E-05 9.14E-02
9.333E-03 5.025E-03 4.934E-03 9.139E-05 9.36E-02
9.226E-03 4.894E-03 4.804E-03 9.057E-05 9.58E-02
9.120E-03 4.767E-03 4.677E-03 8.974E-05 9.81E-02
9.016E-03 4.643E-03 4.554E-03 8.891E-05 1.00E-01
8.913E-03 4.524E-03 4.436E-03 8.807E-05 1.03E-01
8.810E-03 4.408E-03 4.321E-03 8.723E-05 1.05E-01
8.710E-03 4.293E-03 4.207E-03 8.635E-05 1.08E-01
8.610E-03 4.181E-03 4.096E-03 8.546E-05 1.10E-01
8.511E-03 4.072E-03 3.987E-03 8.454E-05 1.13E-01
8.414E-03 3.966E-03 3.882E-03 8.362E-05 1.16E-01
8.318E-03 3.863E-03 3.780E-03 8.269E-05 1.19E-01
8.222E-03 3.763E-03 3.681E-03 8.176E-05 1.21E-01
8.128E-03 3.665E-03 3.584E-03 8.080E-05 1.24E-01
8.035E-03 3.568E-03 3.488E-03 7.981E-05 1.27E-01
7.943E-03 3.474E-03 3.395E-03 7.881E-05 1.30E-01
7.852E-03 3.383E-03 3.305E-03 7.780E-05 1.33E-01
7.762E-03 3.294E-03 3.218E-03 7.679E-05 1.37E-01
7.674E-03 3.207E-03 3.131E-03 7.574E-05 1.40E-01
7.586E-03 3.121E-03 3.046E-03 7.467E-05 1.43E-01
7.499E-03 3.038E-03 2.964E-03 7.360E-05 1.47E-01
7.413E-03 2.958E-03 2.885E-03 7.252E-05 1.50E-01
7.328E-03 2.881E-03 2.809E-03 7.146E-05 1.54E-01
7.244E-03 2.805E-03 2.735E-03 7.037E-05 1.58E-01
7.161E-03 2.731E-03 2.662E-03 6.924E-05 1.61E-01
7.079E-03 2.660E-03 2.592E-03 6.811E-05 1.65E-01
6.998E-03 2.589E-03 2.522E-03 6.698E-05 1.69E-01
6.918E-03 2.520E-03 2.455E-03 6.581E-05 1.73E-01
6.839E-03 2.454E-03 2.389E-03 6.463E-05 1.77E-01
6.761E-03 2.389E-03 2.325E-03 6.343E-05 1.82E-01
6.683E-03 2.325E-03 2.263E-03 6.220E-05 1.86E-01
6.607E-03 2.262E-03 2.201E-03 6.094E-05 1.90E-01
6.531E-03 2.201E-03 2.141E-03 5.966E-05 1.95E-01
6.457E-03 2.143E-03 2.084E-03 5.841E-05 2.00E-01
6.383E-03 2.085E-03 2.028E-03 5.712E-05 2.04E-01
6.310E-03 2.029E-03 1.973E-03 5.579E-05 2.09E-01
6.237E-03 1.973E-03 1.919E-03 5.443E-05 2.14E-01
6.166E-03 1.921E-03 1.867E-03 5.311E-05 2.19E-01
6.095E-03 1.871E-03 1.819E-03 5.180E-05 2.25E-01
6.026E-03 1.821E-03 1.771E-03 5.044E-05 2.30E-01
5.957E-03 1.772E-03 1.723E-03 4.903E-05 2.35E-01
5.888E-03 1.724E-03 1.676E-03 4.757E-05 2.41E-01
5.821E-03 1.676E-03 1.630E-03 4.606E-05 2.47E-01
5.754E-03 1.629E-03 1.584E-03 4.451E-05 2.52E-01
5.689E-03 1.583E-03 1.540E-03 4.293E-05 2.58E-01
5.623E-03 1.538E-03 1.497E-03 4.133E-05 2.64E-01
5.559E-03 1.496E-03 1.456E-03 3.979E-05 2.71E-01
5.495E-03 1.454E-03 1.416E-03 3.818E-05 2.77E-01
5.433E-03 1.414E-03 1.377E-03 3.650E-05 2.83E-01
5.370E-03 1.374E-03 1.339E-03 3.477E-05 2.90E-01
5.309E-03 1.335E-03 1.302E-03 3.298E-05 2.97E-01
5.248E-03 1.297E-03 1.266E-03 3.115E-05 3.04E-01
5.188E-03 1.262E-03 1.232E-03 2.928E-05 3.11E-01
5.129E-03 1.227E-03 1.199E-03 2.810E-05 3.18E-01
5.070E-03 1.192E-03 1.166E-03 2.695E-05 3.25E-01
5.012E-03 1.158E-03 1.133E-03 2.531E-05 3.33E-01
4.955E-03 1.125E-03 1.102E-03 2.319E-05 3.40E-01
4.898E-03 1.092E-03 1.071E-03 2.063E-05 3.48E-01
4.842E-03 1.059E-03 1.042E-03 1.768E-05 3.56E-01
4.786E-03 1.028E-03 1.014E-03 1.444E-05 3.64E-01
4.732E-03 9.953E-04 9.854E-04 9.944E-06 3.72E-01
4.677E-03 9.626E-04 9.573E-04 5.223E-06 3.80E-01
4.624E-03 9.318E-04 9.302E-04 1.617E-06 3.88E-01
4.571E-03 9.046E-04 9.044E-04 1.887E-07 4.16E-01
4.519E-03 8.817E-04 8.793E-04 2.343E-06 4.06E-01
4.467E-03 8.655E-04 8.558E-04 9.793E-06 4.15E-01
4.416E-03 1.892E-02 1.885E-02 7.349E-05 4.25E-01
4.365E-03 1.854E-02 1.847E-02 6.529E-05 4.34E-01
4.315E-03 1.816E-02 1.810E-02 5.888E-05 4.42E-01
4.266E-03 1.779E-02 1.773E-02 5.745E-05 4.51E-01
4.217E-03 1.743E-02 1.737E-02 5.971E-05 4.60E-01
4.169E-03 1.706E-02 1.700E-02 6.434E-05 4.70E-01
4.121E-03 1.671E-02 1.664E-02 6.932E-05 4.79E-01
4.074E-03 1.635E-02 1.628E-02 7.211E-05 4.88E-01
4.027E-03 1.600E-02 1.593E-02 7.437E-05 4.98E-01
3.981E-03 1.565E-02 1.558E-02 7.575E-05 5.07E-01
3.935E-03 1.530E-02 1.523E-02 7.597E-05 5.17E-01
3.890E-03 1.496E-02 1.489E-02 7.477E-05 5.26E-01
3.846E-03 1.462E-02 1.455E-02 7.428E-05 5.36E-01
3.802E-03 1.429E-02 1.422E-02 7.467E-05 5.45E-01
3.758E-03 1.396E-02 1.389E-02 7.492E-05 5.55E-01
3.715E-03 1.364E-02 1.356E-02 7.499E-05 5.65E-01
3.673E-03 1.332E-02 1.324E-02 7.486E-05 5.74E-01
3.631E-03 1.301E-02 1.293E-02 7.459E-05 5.83E-01
3.589E-03 1.270E-02 1.262E-02 7.440E-05 5.93E-01
3.548E-03 1.239E-02 1.232E-02 7.413E-05 6.02E-01
3.508E-03 1.209E-02 1.202E-02 7.377E-05 6.11E-01
3.467E-03 1.180E-02 1.173E-02 7.332E-05 6.20E-01
3.428E-03 1.151E-02 1.144E-02 7.280E-05 6.29E-01
3.388E-03 1.123E-02 1.116E-02 7.227E-05 6.38E-01
3.350E-03 1.095E-02 1.088E-02 7.171E-05 6.47E-01
3.311E-03 1.068E-02 1.061E-02 7.109E-05 6.55E-01
3.273E-03 1.041E-02 1.034E-02 7.042E-05 6.63E-01
3.236E-03 1.015E-02 1.008E-02 6.971E-05 6.71E-01
3.199E-03 9.898E-03 9.829E-03 6.898E-05 6.79E-01
3.162E-03 9.645E-03 9.576E-03 6.825E-05 6.87E-01
3.126E-03 9.394E-03 9.326E-03 6.751E-05 6.94E-01
3.090E-03 9.152E-03 9.086E-03 6.676E-05 7.01E-01
3.055E-03 8.930E-03 8.864E-03 6.602E-05 7.08E-01
3.020E-03 8.708E-03 8.643E-03 6.527E-05 7.14E-01
2.985E-03 8.486E-03 8.421E-03 6.451E-05 7.20E-01
2.951E-03 8.265E-03 8.201E-03 6.374E-05 7.26E-01
2.917E-03 8.046E-03 7.983E-03 6.296E-05 7.32E-01
2.884E-03 7.828E-03 7.766E-03 6.218E-05 7.37E-01
2.851E-03 7.613E-03 7.552E-03 6.139E-05 7.42E-01
2.818E-03 7.401E-03 7.340E-03 6.059E-05 7.47E-01
2.786E-03 7.193E-03 7.133E-03 5.979E-05 7.52E-01
2.754E-03 6.989E-03 6.930E-03 5.898E-05 7.56E-01
2.723E-03 6.799E-03 6.740E-03 5.816E-05 7.60E-01
2.692E-03 6.611E-03 6.554E-03 5.734E-05 7.63E-01
2.661E-03 6.427E-03 6.370E-03 5.650E-05 7.67E-01
2.630E-03 6.246E-03 6.190E-03 5.567E-05 7.70E-01
2.600E-03 6.070E-03 6.015E-03 5.483E-05 7.73E-01
2.570E-03 5.898E-03 5.845E-03 5.399E-05 7.76E-01
2.541E-03 5.733E-03 5.680E-03 5.314E-05 7.79E-01
2.512E-03 5.574E-03 5.522E-03 5.229E-05 7.82E-01
2.483E-03 5.422E-03 5.371E-03 5.144E-05 7.84E-01
2.455E-03 5.270E-03 5.220E-03 5.063E-05 7.87E-01
2.427E-03 5.120E-03 5.070E-03 4.982E-05 7.89E-01
2.399E-03 4.973E-03 4.924E-03 4.901E-05 7.92E-01
2.371E-03 4.829E-03 4.781E-03 4.820E-05 7.94E-01
2.344E-03 4.689E-03 4.642E-03 4.740E-05 7.97E-01
2.317E-03 4.554E-03 4.507E-03 4.659E-05 7.99E-01
2.291E-03 4.423E-03 4.377E-03 4.580E-05 8.01E-01
2.265E-03 4.298E-03 4.253E-03 4.501E-05 8.04E-01
2.239E-03 4.176E-03 4.132E-03 4.422E-05 8.06E-01
2.213E-03 4.054E-03 4.011E-03 4.344E-05 8.09E-01
2.188E-03 3.935E-03 3.893E-03 4.265E-05 8.12E-01
2.163E-03 3.819E-03 3.777E-03 4.186E-05 8.15E-01
2.138E-03 3.706E-03 3.665E-03 4.108E-05 8.18E-01
2.113E-03 3.597E-03 3.556E-03 4.031E-05 8.21E-01
2.089E-03 3.492E-03 3.452E-03 3.954E-05 8.24E-01
2.065E-03 3.391E-03 3.352E-03 3.879E-05 8.27E-01
2.042E-03 3.291E-03 3.253E-03 3.804E-05 8.31E-01
2.018E-03 3.193E-03 3.155E-03 3.729E-05 8.34E-01
1.995E-03 3.097E-03 3.060E-03 3.655E-05 8.38E-01
1.972E-03 3.004E-03 2.968E-03 3.582E-05 8.41E-01
1.950E-03 2.913E-03 2.878E-03 3.509E-05 8.45E-01
1.928E-03 2.827E-03 2.792E-03 3.438E-05 8.48E-01
1.905E-03 2.743E-03 2.710E-03 3.369E-05 8.52E-01
1.884E-03 2.661E-03 2.628E-03 3.299E-05 8.56E-01
1.862E-03 2.580E-03 2.548E-03 3.230E-05 8.59E-01
1.841E-03 2.501E-03 2.469E-03 3.162E-05 8.62E-01
1.820E-03 2.425E-03 2.394E-03 3.096E-05 8.66E-01
1.799E-03 2.351E-03 2.320E-03 3.030E-05 8.69E-01
1.778E-03 2.280E-03 2.250E-03 2.966E-05 8.72E-01
1.758E-03 2.211E-03 2.182E-03 2.903E-05 8.75E-01
1.738E-03 2.143E-03 2.115E-03 2.841E-05 8.78E-01
1.718E-03 2.077E-03 2.049E-03 2.781E-05 8.80E-01
1.698E-03 2.013E-03 1.986E-03 2.721E-05 8.83E-01
1.679E-03 1.951E-03 1.924E-03 2.663E-05 8.85E-01
1.660E-03 1.892E-03 1.866E-03 2.606E-05 8.87E-01
1.641E-03 1.834E-03 1.808E-03 2.551E-05 8.89E-01
1.622E-03 1.777E-03 1.752E-03 2.496E-05 8.90E-01
1.603E-03 1.722E-03 1.697E-03 2.443E-05 8.92E-01
1.585E-03 1.668E-03 1.644E-03 2.391E-05 8.94E-01
1.567E-03 1.616E-03 1.593E-03 2.340E-05 8.95E-01
1.549E-03 1.566E-03 1.543E-03 2.290E-05 8.96E-01
1.531E-03 1.518E-03 1.495E-03 2.241E-05 8.98E-01
1.514E-03 1.470E-03 1.448E-03 2.192E-05 8.99E-01
1.496E-03 1.424E-03 1.402E-03 2.145E-05 9.01E-01
1.479E-03 1.379E-03 1.358E-03 2.098E-05 9.02E-01
1.462E-03 1.336E-03 1.316E-03 2.052E-05 9.03E-01
1.445E-03 1.295E-03 1.275E-03 2.007E-05 9.05E-01
1.429E-03 1.254E-03 1.234E-03 1.963E-05 9.06E-01
1.413E-03 1.214E-03 1.195E-03 1.920E-05 9.08E-01
1.396E-03 1.176E-03 1.157E-03 1.877E-05 9.10E-01
1.380E-03 1.139E-03 1.120E-03 1.835E-05 9.12E-01
1.365E-03 1.103E-03 1.085E-03 1.794E-05 9.14E-01
1.349E-03 1.068E-03 1.050E-03 1.754E-05 9.16E-01
1.334E-03 1.034E-03 1.017E-03 1.714E-05 9.17E-01
1.318E-03 1.001E-03 9.843E-04 1.675E-05 9.19E-01
1.303E-03 9.697E-04 9.533E-04 1.638E-05 9.21E-01
1.288E-03 9.395E-04 9.235E-04 1.601E-05 9.23E-01
1.274E-03 9.098E-04 8.942E-04 1.564E-05 9.25E-01
1.259E-03 8.806E-04 8.653E-04 1.528E-05 9.27E-01
1.245E-03 8.521E-04 8.372E-04 1.493E-05 9.28E-01
1.230E-03 8.257E-04 8.111E-04 1.460E-05 9.30E-01
1.216E-03 8.004E-04 7.861E-04 1.428E-05 9.31E-01
1.202E-03 7.753E-04 7.613E-04 1.396E-05 9.32E-01
1.189E-03 7.506E-04 7.369E-04 1.365E-05 9.34E-01
1.175E-03 7.263E-04 7.129E-04 1.334E-05 9.35E-01
1.161E-03 7.025E-04 6.895E-04 1.303E-05 9.36E-01
1.148E-03 6.793E-04 6.665E-04 1.273E-05 9.36E-01
1.135E-03 6.567E-04 6.443E-04 1.244E-05 9.37E-01
1.122E-03 6.352E-04 6.230E-04 1.215E-05 9.38E-01
1.109E-03 6.146E-04 6.028E-04 1.187E-05 9.39E-01
1.096E-03 5.946E-04 5.830E-04 1.160E-05 9.40E-01
1.084E-03 5.751E-04 5.638E-04 1.133E-05 9.41E-01
1.072E-03 5.563E-04 5.452E-04 1.107E-05 9.42E-01
1.059E-03 5.382E-04 5.274E-04 1.081E-05 9.43E-01
1.047E-03 5.209E-04 5.103E-04 1.056E-05 9.44E-01
1.035E-03 5.045E-04 4.941E-04 1.032E-05 9.46E-01
1.023E-03 4.883E-04 4.782E-04 1.008E-05 9.47E-01
1.012E-03 4.724E-04 4.625E-04 9.847E-06 9.48E-01
