w(micron)   Q_ext     Q_abs     Q_sca    g=<cos>
1.000E+03 1.397E-08 1.397E-08 6.566E-19 0.00E+00
9.886E+02 1.428E-08 1.428E-08 6.875E-19 0.00E+00
9.772E+02 1.460E-08 1.460E-08 7.199E-19 0.00E+00
9.661E+02 1.492E-08 1.492E-08 7.538E-19 0.00E+00
9.550E+02 1.525E-08 1.525E-08 7.893E-19 0.00E+00
9.441E+02 1.559E-08 1.559E-08 8.264E-19 0.00E+00
9.333E+02 1.594E-08 1.594E-08 8.653E-19 0.00E+00
9.226E+02 1.629E-08 1.629E-08 9.061E-19 0.00E+00
9.120E+02 1.665E-08 1.665E-08 9.488E-19 0.00E+00
9.016E+02 1.702E-08 1.702E-08 9.934E-19 0.00E+00
8.913E+02 1.740E-08 1.740E-08 1.040E-18 0.00E+00
8.810E+02 1.778E-08 1.778E-08 1.089E-18 0.00E+00
8.710E+02 1.817E-08 1.817E-08 1.140E-18 0.00E+00
8.610E+02 1.858E-08 1.858E-08 1.194E-18 0.00E+00
8.511E+02 1.899E-08 1.899E-08 1.250E-18 0.00E+00
8.414E+02 1.941E-08 1.941E-08 1.309E-18 0.00E+00
8.318E+02 1.984E-08 1.984E-08 1.371E-18 0.00E+00
8.222E+02 2.028E-08 2.028E-08 1.436E-18 0.00E+00
8.128E+02 2.073E-08 2.073E-08 1.503E-18 0.00E+00
8.035E+02 2.119E-08 2.119E-08 1.574E-18 0.00E+00
7.943E+02 2.166E-08 2.166E-08 1.648E-18 0.00E+00
7.852E+02 2.214E-08 2.214E-08 1.726E-18 0.00E+00
7.762E+02 2.263E-08 2.263E-08 1.807E-18 0.00E+00
7.674E+02 2.314E-08 2.314E-08 1.892E-18 0.00E+00
7.586E+02 2.365E-08 2.365E-08 1.981E-18 0.00E+00
7.499E+02 2.418E-08 2.418E-08 2.074E-18 0.00E+00
7.413E+02 2.471E-08 2.471E-08 2.172E-18 0.00E+00
7.328E+02 2.526E-08 2.526E-08 2.274E-18 0.00E+00
7.244E+02 2.583E-08 2.583E-08 2.381E-18 0.00E+00
7.161E+02 2.640E-08 2.640E-08 2.494E-18 0.00E+00
7.079E+02 2.699E-08 2.699E-08 2.611E-18 0.00E+00
6.998E+02 2.759E-08 2.759E-08 2.734E-18 0.00E+00
6.918E+02 2.821E-08 2.821E-08 2.863E-18 0.00E+00
6.839E+02 2.883E-08 2.883E-08 2.997E-18 0.00E+00
6.761E+02 2.948E-08 2.948E-08 3.139E-18 0.00E+00
6.683E+02 3.013E-08 3.013E-08 3.286E-18 0.00E+00
6.607E+02 3.081E-08 3.081E-08 3.441E-18 0.00E+00
6.531E+02 3.150E-08 3.150E-08 3.603E-18 0.00E+00
6.457E+02 3.220E-08 3.220E-08 3.773E-18 0.00E+00
6.383E+02 3.292E-08 3.292E-08 3.951E-18 0.00E+00
6.310E+02 3.365E-08 3.365E-08 4.137E-18 0.00E+00
6.237E+02 3.441E-08 3.441E-08 4.331E-18 0.00E+00
6.166E+02 3.518E-08 3.518E-08 4.535E-18 0.00E+00
6.095E+02 3.596E-08 3.596E-08 4.749E-18 0.00E+00
6.026E+02 3.677E-08 3.677E-08 4.973E-18 0.00E+00
5.957E+02 3.759E-08 3.759E-08 5.207E-18 0.00E+00
5.888E+02 3.844E-08 3.844E-08 5.452E-18 0.00E+00
5.821E+02 3.930E-08 3.930E-08 5.709E-18 0.00E+00
5.754E+02 4.018E-08 4.018E-08 5.978E-18 0.00E+00
5.689E+02 4.108E-08 4.108E-08 6.259E-18 0.00E+00
5.623E+02 4.201E-08 4.201E-08 6.554E-18 0.00E+00
5.559E+02 4.295E-08 4.295E-08 6.862E-18 0.00E+00
5.495E+02 4.392E-08 4.392E-08 7.186E-18 0.00E+00
5.433E+02 4.490E-08 4.490E-08 7.524E-18 0.00E+00
5.370E+02 4.591E-08 4.591E-08 7.878E-18 0.00E+00
5.309E+02 4.695E-08 4.695E-08 8.249E-18 0.00E+00
5.248E+02 4.801E-08 4.801E-08 8.638E-18 0.00E+00
5.188E+02 4.909E-08 4.909E-08 9.045E-18 0.00E+00
5.129E+02 5.020E-08 5.020E-08 9.470E-18 0.00E+00
5.070E+02 5.133E-08 5.133E-08 9.916E-18 0.00E+00
5.012E+02 5.249E-08 5.249E-08 1.038E-17 0.00E+00
4.955E+02 5.367E-08 5.367E-08 1.087E-17 0.00E+00
4.898E+02 5.488E-08 5.488E-08 1.138E-17 0.00E+00
4.842E+02 5.613E-08 5.613E-08 1.192E-17 0.00E+00
4.786E+02 5.740E-08 5.740E-08 1.248E-17 0.00E+00
4.732E+02 5.869E-08 5.869E-08 1.307E-17 0.00E+00
4.677E+02 6.002E-08 6.002E-08 1.369E-17 0.00E+00
4.624E+02 6.138E-08 6.138E-08 1.433E-17 0.00E+00
4.571E+02 6.277E-08 6.277E-08 1.500E-17 0.00E+00
4.519E+02 6.420E-08 6.420E-08 1.571E-17 0.00E+00
4.467E+02 6.565E-08 6.565E-08 1.645E-17 0.00E+00
4.416E+02 6.714E-08 6.714E-08 1.723E-17 0.00E+00
4.365E+02 6.867E-08 6.867E-08 1.804E-17 0.00E+00
4.315E+02 7.023E-08 7.023E-08 1.889E-17 0.00E+00
4.266E+02 7.183E-08 7.183E-08 1.978E-17 0.00E+00
4.217E+02 7.346E-08 7.346E-08 2.071E-17 0.00E+00
4.169E+02 7.513E-08 7.513E-08 2.168E-17 0.00E+00
4.121E+02 7.684E-08 7.684E-08 2.270E-17 0.00E+00
4.074E+02 7.859E-08 7.859E-08 2.377E-17 0.00E+00
4.027E+02 8.038E-08 8.038E-08 2.489E-17 0.00E+00
3.981E+02 8.222E-08 8.222E-08 2.606E-17 0.00E+00
3.936E+02 8.409E-08 8.409E-08 2.729E-17 0.00E+00
3.890E+02 8.601E-08 8.601E-08 2.858E-17 0.00E+00
3.846E+02 8.798E-08 8.798E-08 2.992E-17 0.00E+00
3.802E+02 8.999E-08 8.999E-08 3.133E-17 0.00E+00
3.758E+02 9.204E-08 9.204E-08 3.281E-17 0.00E+00
3.715E+02 9.415E-08 9.415E-08 3.435E-17 0.00E+00
3.673E+02 9.630E-08 9.630E-08 3.597E-17 0.00E+00
3.631E+02 9.851E-08 9.851E-08 3.766E-17 0.00E+00
3.589E+02 1.008E-07 1.008E-07 3.944E-17 0.00E+00
3.548E+02 1.031E-07 1.031E-07 4.129E-17 0.00E+00
3.508E+02 1.054E-07 1.054E-07 4.324E-17 0.00E+00
3.467E+02 1.079E-07 1.079E-07 4.527E-17 0.00E+00
3.428E+02 1.103E-07 1.103E-07 4.741E-17 0.00E+00
3.388E+02 1.129E-07 1.129E-07 4.964E-17 0.00E+00
3.350E+02 1.155E-07 1.155E-07 5.198E-17 0.00E+00
3.311E+02 1.181E-07 1.181E-07 5.442E-17 0.00E+00
3.273E+02 1.208E-07 1.208E-07 5.699E-17 0.00E+00
3.236E+02 1.236E-07 1.236E-07 5.967E-17 0.00E+00
3.199E+02 1.264E-07 1.264E-07 6.248E-17 0.00E+00
3.162E+02 1.294E-07 1.294E-07 6.542E-17 0.00E+00
3.126E+02 1.323E-07 1.323E-07 6.850E-17 0.00E+00
3.090E+02 1.354E-07 1.354E-07 7.173E-17 0.00E+00
3.055E+02 1.385E-07 1.385E-07 7.510E-17 0.00E+00
3.020E+02 1.417E-07 1.417E-07 7.864E-17 0.00E+00
2.985E+02 1.450E-07 1.450E-07 8.234E-17 0.00E+00
2.951E+02 1.483E-07 1.483E-07 8.622E-17 0.00E+00
2.917E+02 1.517E-07 1.517E-07 9.028E-17 0.00E+00
2.884E+02 1.552E-07 1.552E-07 9.453E-17 0.00E+00
2.851E+02 1.588E-07 1.588E-07 9.898E-17 0.00E+00
2.818E+02 1.625E-07 1.625E-07 1.036E-16 0.00E+00
2.786E+02 1.663E-07 1.663E-07 1.085E-16 0.00E+00
2.754E+02 1.701E-07 1.701E-07 1.136E-16 0.00E+00
2.723E+02 1.740E-07 1.740E-07 1.190E-16 0.00E+00
2.692E+02 1.781E-07 1.781E-07 1.246E-16 0.00E+00
2.661E+02 1.822E-07 1.822E-07 1.304E-16 0.00E+00
2.630E+02 1.864E-07 1.864E-07 1.366E-16 0.00E+00
2.600E+02 1.908E-07 1.908E-07 1.430E-16 0.00E+00
2.570E+02 1.952E-07 1.952E-07 1.497E-16 0.00E+00
2.541E+02 1.997E-07 1.997E-07 1.568E-16 0.00E+00
2.512E+02 2.043E-07 2.043E-07 1.642E-16 0.00E+00
2.483E+02 2.091E-07 2.091E-07 1.719E-16 0.00E+00
2.455E+02 2.140E-07 2.140E-07 1.800E-16 0.00E+00
2.427E+02 2.189E-07 2.189E-07 1.885E-16 0.00E+00
2.399E+02 2.240E-07 2.240E-07 1.973E-16 0.00E+00
2.371E+02 2.292E-07 2.292E-07 2.066E-16 0.00E+00
2.344E+02 2.346E-07 2.346E-07 2.163E-16 0.00E+00
2.317E+02 2.400E-07 2.400E-07 2.265E-16 0.00E+00
2.291E+02 2.456E-07 2.456E-07 2.372E-16 0.00E+00
2.265E+02 2.514E-07 2.514E-07 2.483E-16 0.00E+00
2.239E+02 2.572E-07 2.572E-07 2.600E-16 0.00E+00
2.213E+02 2.632E-07 2.632E-07 2.722E-16 0.00E+00
2.188E+02 2.694E-07 2.694E-07 2.851E-16 0.00E+00
2.163E+02 2.757E-07 2.757E-07 2.985E-16 0.00E+00
2.138E+02 2.821E-07 2.821E-07 3.125E-16 0.00E+00
2.113E+02 2.887E-07 2.887E-07 3.272E-16 0.00E+00
2.089E+02 2.955E-07 2.955E-07 3.426E-16 0.00E+00
2.065E+02 3.024E-07 3.024E-07 3.587E-16 0.00E+00
2.042E+02 3.094E-07 3.094E-07 3.756E-16 0.00E+00
2.018E+02 3.167E-07 3.167E-07 3.933E-16 0.00E+00
1.995E+02 3.241E-07 3.241E-07 4.118E-16 0.00E+00
1.972E+02 3.317E-07 3.317E-07 4.311E-16 0.00E+00
1.950E+02 3.395E-07 3.395E-07 4.514E-16 0.00E+00
1.928E+02 3.475E-07 3.475E-07 4.726E-16 0.00E+00
1.905E+02 3.556E-07 3.556E-07 4.949E-16 0.00E+00
1.884E+02 3.640E-07 3.640E-07 5.181E-16 0.00E+00
1.862E+02 3.725E-07 3.725E-07 5.425E-16 0.00E+00
1.841E+02 3.813E-07 3.813E-07 5.680E-16 0.00E+00
1.820E+02 3.903E-07 3.903E-07 5.947E-16 0.00E+00
1.799E+02 3.994E-07 3.994E-07 6.227E-16 0.00E+00
1.778E+02 4.088E-07 4.088E-07 6.520E-16 0.00E+00
1.758E+02 4.185E-07 4.185E-07 6.826E-16 0.00E+00
1.738E+02 4.283E-07 4.283E-07 7.147E-16 0.00E+00
1.718E+02 4.385E-07 4.385E-07 7.483E-16 0.00E+00
1.698E+02 4.488E-07 4.488E-07 7.835E-16 0.00E+00
1.679E+02 4.594E-07 4.594E-07 8.203E-16 0.00E+00
1.660E+02 4.703E-07 4.703E-07 8.589E-16 0.00E+00
1.641E+02 4.814E-07 4.814E-07 8.992E-16 0.00E+00
1.622E+02 4.928E-07 4.928E-07 9.415E-16 0.00E+00
1.603E+02 5.044E-07 5.044E-07 9.857E-16 0.00E+00
1.585E+02 5.164E-07 5.164E-07 1.032E-15 0.00E+00
1.567E+02 5.286E-07 5.286E-07 1.081E-15 0.00E+00
1.549E+02 5.412E-07 5.412E-07 1.131E-15 0.00E+00
1.531E+02 5.540E-07 5.540E-07 1.184E-15 0.00E+00
1.514E+02 5.672E-07 5.672E-07 1.240E-15 0.00E+00
1.496E+02 5.807E-07 5.807E-07 1.298E-15 0.00E+00
1.479E+02 5.945E-07 5.945E-07 1.359E-15 0.00E+00
1.462E+02 6.086E-07 6.086E-07 1.423E-15 0.00E+00
1.445E+02 6.231E-07 6.231E-07 1.490E-15 0.00E+00
1.429E+02 6.380E-07 6.380E-07 1.560E-15 0.00E+00
1.413E+02 6.532E-07 6.532E-07 1.633E-15 0.00E+00
1.396E+02 6.688E-07 6.688E-07 1.710E-15 0.00E+00
1.380E+02 6.848E-07 6.848E-07 1.790E-15 0.00E+00
1.365E+02 7.011E-07 7.011E-07 1.874E-15 0.00E+00
1.349E+02 7.179E-07 7.179E-07 1.962E-15 0.00E+00
1.334E+02 7.351E-07 7.351E-07 2.054E-15 0.00E+00
1.318E+02 7.527E-07 7.527E-07 2.150E-15 0.00E+00
1.303E+02 7.708E-07 7.708E-07 2.251E-15 0.00E+00
1.288E+02 7.893E-07 7.893E-07 2.357E-15 0.00E+00
1.274E+02 8.082E-07 8.082E-07 2.467E-15 0.00E+00
1.259E+02 8.277E-07 8.277E-07 2.583E-15 0.00E+00
1.245E+02 8.476E-07 8.476E-07 2.704E-15 0.00E+00
1.230E+02 8.680E-07 8.680E-07 2.831E-15 0.00E+00
1.216E+02 8.890E-07 8.890E-07 2.964E-15 0.00E+00
1.202E+02 9.104E-07 9.104E-07 3.102E-15 0.00E+00
1.189E+02 9.324E-07 9.324E-07 3.248E-15 0.00E+00
1.175E+02 9.550E-07 9.550E-07 3.400E-15 0.00E+00
1.161E+02 9.781E-07 9.781E-07 3.559E-15 0.00E+00
1.148E+02 1.002E-06 1.002E-06 3.726E-15 0.00E+00
1.135E+02 1.026E-06 1.026E-06 3.900E-15 0.00E+00
1.122E+02 1.051E-06 1.051E-06 4.083E-15 0.00E+00
1.109E+02 1.077E-06 1.077E-06 4.274E-15 0.00E+00
1.096E+02 1.103E-06 1.103E-06 4.474E-15 0.00E+00
1.084E+02 1.130E-06 1.130E-06 4.683E-15 0.00E+00
1.072E+02 1.157E-06 1.157E-06 4.902E-15 0.00E+00
1.059E+02 1.185E-06 1.185E-06 5.131E-15 0.00E+00
1.047E+02 1.214E-06 1.214E-06 5.371E-15 0.00E+00
1.035E+02 1.244E-06 1.244E-06 5.622E-15 0.00E+00
1.023E+02 1.274E-06 1.274E-06 5.885E-15 0.00E+00
1.012E+02 1.306E-06 1.306E-06 6.159E-15 0.00E+00
1.000E+02 1.338E-06 1.338E-06 6.447E-15 0.00E+00
9.886E+01 1.370E-06 1.370E-06 6.748E-15 0.00E+00
9.772E+01 1.404E-06 1.404E-06 7.062E-15 0.00E+00
9.661E+01 1.439E-06 1.439E-06 7.392E-15 0.00E+00
9.550E+01 1.474E-06 1.474E-06 7.736E-15 0.00E+00
9.441E+01 1.510E-06 1.510E-06 8.097E-15 0.00E+00
9.333E+01 1.548E-06 1.548E-06 8.474E-15 0.00E+00
9.226E+01 1.586E-06 1.586E-06 8.869E-15 0.00E+00
9.120E+01 1.625E-06 1.625E-06 9.281E-15 0.00E+00
9.016E+01 1.665E-06 1.665E-06 9.713E-15 0.00E+00
8.913E+01 1.706E-06 1.706E-06 1.017E-14 0.00E+00
8.810E+01 1.748E-06 1.748E-06 1.064E-14 0.00E+00
8.710E+01 1.792E-06 1.792E-06 1.113E-14 0.00E+00
8.610E+01 1.836E-06 1.836E-06 1.165E-14 0.00E+00
8.511E+01 1.882E-06 1.882E-06 1.219E-14 0.00E+00
8.414E+01 1.929E-06 1.929E-06 1.276E-14 0.00E+00
8.318E+01 1.977E-06 1.977E-06 1.335E-14 0.00E+00
8.222E+01 2.026E-06 2.026E-06 1.397E-14 0.00E+00
8.128E+01 2.077E-06 2.077E-06 1.462E-14 0.00E+00
8.035E+01 2.129E-06 2.129E-06 1.529E-14 0.00E+00
7.943E+01 2.182E-06 2.182E-06 1.600E-14 0.00E+00
7.852E+01 2.237E-06 2.237E-06 1.674E-14 0.00E+00
7.762E+01 2.293E-06 2.293E-06 1.752E-14 0.00E+00
7.674E+01 2.351E-06 2.351E-06 1.833E-14 0.00E+00
7.586E+01 2.410E-06 2.410E-06 1.917E-14 0.00E+00
7.499E+01 2.471E-06 2.471E-06 2.006E-14 0.00E+00
7.413E+01 2.533E-06 2.533E-06 2.098E-14 0.00E+00
7.328E+01 2.597E-06 2.597E-06 2.195E-14 0.00E+00
7.244E+01 2.663E-06 2.663E-06 2.296E-14 0.00E+00
7.161E+01 2.731E-06 2.731E-06 2.402E-14 0.00E+00
7.079E+01 2.800E-06 2.800E-06 2.513E-14 0.00E+00
6.998E+01 2.871E-06 2.871E-06 2.628E-14 0.00E+00
6.918E+01 2.944E-06 2.944E-06 2.749E-14 0.00E+00
6.839E+01 3.020E-06 3.020E-06 2.876E-14 0.00E+00
6.761E+01 3.097E-06 3.097E-06 3.008E-14 0.00E+00
6.683E+01 3.176E-06 3.176E-06 3.145E-14 0.00E+00
6.607E+01 3.258E-06 3.258E-06 3.290E-14 0.00E+00
6.531E+01 3.342E-06 3.342E-06 3.440E-14 0.00E+00
6.457E+01 3.428E-06 3.428E-06 3.598E-14 0.00E+00
6.383E+01 3.516E-06 3.516E-06 3.762E-14 0.00E+00
6.310E+01 3.607E-06 3.607E-06 3.934E-14 0.00E+00
6.237E+01 3.701E-06 3.701E-06 4.114E-14 0.00E+00
6.166E+01 3.797E-06 3.797E-06 4.301E-14 0.00E+00
6.095E+01 3.895E-06 3.895E-06 4.497E-14 0.00E+00
6.026E+01 3.997E-06 3.997E-06 4.702E-14 0.00E+00
5.957E+01 4.101E-06 4.101E-06 4.915E-14 0.00E+00
5.888E+01 4.209E-06 4.209E-06 5.139E-14 0.00E+00
5.821E+01 4.319E-06 4.319E-06 5.372E-14 0.00E+00
5.754E+01 4.433E-06 4.433E-06 5.615E-14 0.00E+00
5.689E+01 4.550E-06 4.550E-06 5.870E-14 0.00E+00
5.623E+01 4.670E-06 4.670E-06 6.135E-14 0.00E+00
5.559E+01 4.794E-06 4.794E-06 6.412E-14 0.00E+00
5.495E+01 4.921E-06 4.921E-06 6.702E-14 0.00E+00
5.433E+01 5.052E-06 5.052E-06 7.004E-14 0.00E+00
5.370E+01 5.187E-06 5.187E-06 7.319E-14 0.00E+00
5.309E+01 5.326E-06 5.326E-06 7.648E-14 0.00E+00
5.248E+01 5.469E-06 5.469E-06 7.992E-14 0.00E+00
5.188E+01 5.617E-06 5.617E-06 8.350E-14 0.00E+00
5.129E+01 5.768E-06 5.768E-06 8.724E-14 0.00E+00
5.070E+01 5.925E-06 5.925E-06 9.115E-14 0.00E+00
5.012E+01 6.086E-06 6.086E-06 9.522E-14 0.00E+00
4.955E+01 6.252E-06 6.252E-06 9.947E-14 0.00E+00
4.898E+01 6.423E-06 6.423E-06 1.039E-13 0.00E+00
4.842E+01 6.600E-06 6.600E-06 1.085E-13 0.00E+00
4.786E+01 6.782E-06 6.782E-06 1.134E-13 0.00E+00
4.732E+01 6.969E-06 6.969E-06 1.184E-13 0.00E+00
4.677E+01 7.163E-06 7.163E-06 1.237E-13 0.00E+00
4.624E+01 7.362E-06 7.362E-06 1.291E-13 0.00E+00
4.571E+01 7.568E-06 7.568E-06 1.348E-13 0.00E+00
4.519E+01 7.781E-06 7.781E-06 1.408E-13 0.00E+00
4.467E+01 8.000E-06 8.000E-06 1.470E-13 0.00E+00
4.416E+01 8.226E-06 8.226E-06 1.535E-13 0.00E+00
4.365E+01 8.460E-06 8.460E-06 1.603E-13 0.00E+00
4.315E+01 8.701E-06 8.701E-06 1.673E-13 0.00E+00
4.266E+01 8.949E-06 8.949E-06 1.747E-13 0.00E+00
4.217E+01 9.206E-06 9.206E-06 1.823E-13 0.00E+00
4.169E+01 9.471E-06 9.471E-06 1.903E-13 0.00E+00
4.121E+01 9.745E-06 9.745E-06 1.986E-13 0.00E+00
4.074E+01 1.003E-05 1.003E-05 2.073E-13 0.00E+00
4.027E+01 1.032E-05 1.032E-05 2.164E-13 0.00E+00
3.981E+01 1.062E-05 1.062E-05 2.258E-13 0.00E+00
3.936E+01 1.093E-05 1.093E-05 2.357E-13 0.00E+00
3.890E+01 1.125E-05 1.125E-05 2.460E-13 0.00E+00
3.846E+01 1.158E-05 1.158E-05 2.567E-13 0.00E+00
3.802E+01 1.192E-05 1.192E-05 2.679E-13 0.00E+00
3.758E+01 1.228E-05 1.228E-05 2.795E-13 0.00E+00
3.715E+01 1.264E-05 1.264E-05 2.917E-13 0.00E+00
3.673E+01 1.301E-05 1.301E-05 3.044E-13 0.00E+00
3.631E+01 1.340E-05 1.340E-05 3.176E-13 0.00E+00
3.589E+01 1.379E-05 1.379E-05 3.315E-13 0.00E+00
3.548E+01 1.420E-05 1.420E-05 3.459E-13 0.00E+00
3.508E+01 1.461E-05 1.461E-05 3.609E-13 0.00E+00
3.467E+01 1.504E-05 1.504E-05 3.766E-13 0.00E+00
3.428E+01 1.547E-05 1.547E-05 3.930E-13 0.00E+00
3.388E+01 1.592E-05 1.592E-05 4.101E-13 0.00E+00
3.350E+01 1.637E-05 1.637E-05 4.280E-13 0.00E+00
3.311E+01 1.684E-05 1.684E-05 4.467E-13 0.00E+00
3.273E+01 1.731E-05 1.731E-05 4.662E-13 0.00E+00
3.236E+01 1.778E-05 1.778E-05 4.865E-13 0.00E+00
3.199E+01 1.826E-05 1.826E-05 5.078E-13 0.00E+00
3.162E+01 1.874E-05 1.874E-05 5.300E-13 0.00E+00
3.126E+01 1.923E-05 1.923E-05 5.532E-13 0.00E+00
3.090E+01 1.972E-05 1.972E-05 5.775E-13 0.00E+00
3.055E+01 2.020E-05 2.020E-05 6.028E-13 0.00E+00
3.020E+01 2.068E-05 2.068E-05 6.293E-13 0.00E+00
2.985E+01 2.116E-05 2.116E-05 6.570E-13 0.00E+00
2.951E+01 2.163E-05 2.163E-05 6.860E-13 0.00E+00
2.917E+01 2.209E-05 2.209E-05 7.163E-13 0.00E+00
2.884E+01 2.254E-05 2.254E-05 7.480E-13 0.00E+00
2.851E+01 2.298E-05 2.298E-05 7.811E-13 0.00E+00
2.818E+01 2.341E-05 2.341E-05 8.158E-13 0.00E+00
2.786E+01 2.383E-05 2.383E-05 8.521E-13 0.00E+00
2.754E+01 2.424E-05 2.424E-05 8.900E-13 0.00E+00
2.723E+01 2.465E-05 2.465E-05 9.298E-13 0.00E+00
2.692E+01 2.506E-05 2.506E-05 9.713E-13 0.00E+00
2.661E+01 2.549E-05 2.549E-05 1.015E-12 0.00E+00
2.630E+01 2.594E-05 2.594E-05 1.060E-12 0.00E+00
2.600E+01 2.644E-05 2.644E-05 1.108E-12 0.00E+00
2.570E+01 2.702E-05 2.702E-05 1.158E-12 0.00E+00
2.541E+01 2.773E-05 2.773E-05 1.210E-12 0.00E+00
2.512E+01 2.866E-05 2.866E-05 1.265E-12 0.00E+00
2.483E+01 2.994E-05 2.994E-05 1.322E-12 0.00E+00
2.455E+01 3.181E-05 3.181E-05 1.382E-12 0.00E+00
2.427E+01 3.472E-05 3.472E-05 1.445E-12 0.00E+00
2.399E+01 3.955E-05 3.955E-05 1.510E-12 0.00E+00
2.371E+01 4.794E-05 4.794E-05 1.579E-12 0.00E+00
2.344E+01 6.178E-05 6.178E-05 1.651E-12 0.00E+00
2.317E+01 7.590E-05 7.590E-05 1.727E-12 0.00E+00
2.291E+01 7.377E-05 7.377E-05 1.806E-12 0.00E+00
2.265E+01 6.305E-05 6.305E-05 1.889E-12 0.00E+00
2.239E+01 5.875E-05 5.875E-05 1.976E-12 0.00E+00
2.213E+01 6.365E-05 6.365E-05 2.067E-12-6.56E-07
2.188E+01 8.090E-05 8.090E-05 2.162E-12-6.38E-07
2.163E+01 1.205E-04 1.205E-04 2.262E-12-6.19E-07
2.138E+01 1.910E-04 1.910E-04 2.366E-12-5.98E-07
2.113E+01 2.176E-04 2.176E-04 2.476E-12-5.77E-07
2.089E+01 1.477E-04 1.477E-04 2.591E-12-5.54E-07
2.065E+01 9.030E-05 9.030E-05 2.711E-12-5.29E-07
2.042E+01 6.099E-05 6.099E-05 2.837E-12-5.03E-07
2.018E+01 4.592E-05 4.592E-05 2.969E-12-4.74E-07
1.995E+01 3.760E-05 3.760E-05 3.107E-12-4.40E-07
1.972E+01 3.281E-05 3.281E-05 3.252E-12-4.00E-07
1.950E+01 3.020E-05 3.020E-05 3.404E-12-3.62E-07
1.928E+01 2.935E-05 2.935E-05 3.562E-12-3.25E-07
1.905E+01 3.065E-05 3.065E-05 3.729E-12-2.93E-07
1.884E+01 3.609E-05 3.609E-05 3.903E-12-2.63E-07
1.862E+01 5.395E-05 5.395E-05 4.086E-12-2.33E-07
1.841E+01 1.256E-04 1.256E-04 4.278E-12-2.04E-07
1.820E+01 2.015E-04 2.015E-04 4.478E-12-1.75E-07
1.799E+01 7.524E-05 7.524E-05 4.689E-12-1.46E-07
1.778E+01 3.939E-05 3.939E-05 4.909E-12-1.17E-07
1.758E+01 2.837E-05 2.837E-05 5.140E-12-8.73E-08
1.738E+01 2.407E-05 2.407E-05 5.382E-12-5.74E-08
1.718E+01 2.264E-05 2.264E-05 5.635E-12-2.70E-08
1.698E+01 2.359E-05 2.359E-05 5.900E-12 3.99E-09
1.679E+01 2.952E-05 2.952E-05 6.178E-12 3.52E-08
1.660E+01 6.061E-05 6.061E-05 6.470E-12 6.70E-08
1.641E+01 3.234E-04 3.234E-04 6.775E-12 9.88E-08
1.622E+01 6.472E-05 6.472E-05 7.094E-12 1.31E-07
1.603E+01 2.846E-05 2.846E-05 7.429E-12 1.64E-07
1.585E+01 2.078E-05 2.078E-05 7.780E-12 1.97E-07
1.567E+01 1.804E-05 1.804E-05 8.147E-12 2.29E-07
1.549E+01 1.682E-05 1.682E-05 8.532E-12 2.60E-07
1.531E+01 1.627E-05 1.627E-05 8.936E-12 2.91E-07
1.514E+01 1.609E-05 1.609E-05 9.358E-12 3.22E-07
1.496E+01 1.616E-05 1.616E-05 9.801E-12 3.55E-07
1.479E+01 1.646E-05 1.646E-05 1.027E-11 3.87E-07
1.462E+01 1.698E-05 1.698E-05 1.075E-11 4.20E-07
1.445E+01 1.774E-05 1.774E-05 1.126E-11 4.54E-07
1.429E+01 1.879E-05 1.879E-05 1.179E-11 4.89E-07
1.413E+01 2.023E-05 2.023E-05 1.235E-11 5.25E-07
1.396E+01 2.220E-05 2.220E-05 1.294E-11 5.62E-07
1.380E+01 2.491E-05 2.491E-05 1.355E-11 6.00E-07
1.365E+01 2.873E-05 2.873E-05 1.419E-11 6.39E-07
1.349E+01 3.425E-05 3.425E-05 1.486E-11 6.79E-07
1.334E+01 4.245E-05 4.245E-05 1.556E-11 7.22E-07
1.318E+01 5.486E-05 5.486E-05 1.630E-11 7.67E-07
1.303E+01 7.323E-05 7.323E-05 1.707E-11 8.13E-07
1.288E+01 9.657E-05 9.657E-05 1.788E-11 8.60E-07
1.274E+01 1.141E-04 1.141E-04 1.872E-11 9.10E-07
1.259E+01 1.112E-04 1.112E-04 1.961E-11 9.62E-07
1.245E+01 9.539E-05 9.539E-05 2.054E-11 1.02E-06
1.230E+01 8.397E-05 8.397E-05 2.151E-11 1.08E-06
1.216E+01 8.708E-05 8.708E-05 2.253E-11 1.13E-06
1.202E+01 1.194E-04 1.194E-04 2.360E-11 1.19E-06
1.189E+01 1.636E-04 1.636E-04 2.474E-11 1.24E-06
1.175E+01 1.356E-04 1.356E-04 2.596E-11 1.29E-06
1.161E+01 1.526E-04 1.526E-04 2.731E-11 1.35E-06
1.148E+01 2.397E-04 2.397E-04 2.779E-11 1.40E-06
1.135E+01 3.817E-04 3.817E-04 2.954E-11 1.45E-06
1.122E+01 3.485E-04 3.485E-04 3.099E-11 1.51E-06
1.109E+01 1.999E-04 1.999E-04 3.250E-11 1.56E-06
1.096E+01 1.158E-04 1.158E-04 3.405E-11 1.62E-06
1.084E+01 7.581E-05 7.581E-05 3.568E-11 1.68E-06
1.072E+01 5.529E-05 5.529E-05 3.737E-11 1.74E-06
1.059E+01 4.379E-05 4.379E-05 3.914E-11 1.80E-06
1.047E+01 3.693E-05 3.693E-05 4.098E-11 1.86E-06
1.035E+01 3.269E-05 3.269E-05 4.291E-11 1.92E-06
1.023E+01 3.007E-05 3.007E-05 4.493E-11 1.98E-06
1.012E+01 2.854E-05 2.854E-05 4.705E-11 2.05E-06
1.000E+01 2.779E-05 2.779E-05 4.928E-11 2.11E-06
9.886E+00 2.769E-05 2.769E-05 5.160E-11 2.18E-06
9.772E+00 2.814E-05 2.814E-05 5.404E-11 2.24E-06
9.661E+00 2.915E-05 2.915E-05 5.659E-11 2.31E-06
9.550E+00 3.074E-05 3.074E-05 5.926E-11 2.38E-06
9.441E+00 3.303E-05 3.303E-05 6.205E-11 2.44E-06
9.333E+00 3.623E-05 3.623E-05 6.498E-11 2.51E-06
9.226E+00 4.067E-05 4.067E-05 6.804E-11 2.58E-06
9.120E+00 4.701E-05 4.701E-05 7.124E-11 2.66E-06
9.016E+00 5.642E-05 5.642E-05 7.460E-11 2.73E-06
8.913E+00 7.121E-05 7.121E-05 7.811E-11 2.81E-06
8.810E+00 9.554E-05 9.554E-05 8.178E-11 2.89E-06
8.710E+00 1.328E-04 1.328E-04 8.563E-11 2.97E-06
8.610E+00 1.647E-04 1.647E-04 8.966E-11 3.05E-06
8.511E+00 1.570E-04 1.570E-04 9.387E-11 3.13E-06
8.414E+00 1.373E-04 1.373E-04 9.829E-11 3.22E-06
8.318E+00 1.325E-04 1.325E-04 1.029E-10 3.31E-06
8.222E+00 1.431E-04 1.431E-04 1.077E-10 3.40E-06
8.128E+00 1.669E-04 1.669E-04 1.128E-10 3.50E-06
8.035E+00 2.037E-04 2.037E-04 1.181E-10 3.60E-06
7.943E+00 2.524E-04 2.524E-04 1.236E-10 3.71E-06
7.852E+00 3.067E-04 3.067E-04 1.294E-10 3.82E-06
7.762E+00 3.492E-04 3.492E-04 1.355E-10 3.93E-06
7.674E+00 3.571E-04 3.571E-04 1.418E-10 4.04E-06
7.586E+00 3.250E-04 3.250E-04 1.485E-10 4.15E-06
7.499E+00 2.712E-04 2.712E-04 1.555E-10 4.26E-06
7.413E+00 2.168E-04 2.168E-04 1.628E-10 4.37E-06
7.328E+00 1.717E-04 1.717E-04 1.704E-10 4.48E-06
7.244E+00 1.375E-04 1.375E-04 1.784E-10 4.60E-06
7.161E+00 1.123E-04 1.123E-04 1.867E-10 4.71E-06
7.079E+00 9.413E-05 9.413E-05 1.955E-10 4.83E-06
6.998E+00 8.111E-05 8.111E-05 2.047E-10 4.95E-06
6.918E+00 7.205E-05 7.205E-05 2.142E-10 5.07E-06
6.839E+00 6.622E-05 6.622E-05 2.243E-10 5.20E-06
6.761E+00 6.329E-05 6.329E-05 2.348E-10 5.33E-06
6.683E+00 6.341E-05 6.341E-05 2.458E-10 5.46E-06
6.607E+00 6.729E-05 6.729E-05 2.573E-10 5.59E-06
6.531E+00 7.668E-05 7.668E-05 2.693E-10 5.73E-06
6.457E+00 9.524E-05 9.524E-05 2.819E-10 5.87E-06
6.383E+00 1.300E-04 1.300E-04 2.951E-10 6.04E-06
6.310E+00 1.901E-04 1.901E-04 3.088E-10 6.32E-06
6.237E+00 2.607E-04 2.607E-04 3.234E-10 6.23E-06
6.166E+00 2.615E-04 2.615E-04 3.385E-10 6.40E-06
6.095E+00 1.891E-04 1.891E-04 3.543E-10 6.56E-06
6.026E+00 1.247E-04 1.247E-04 3.709E-10 6.72E-06
5.957E+00 8.564E-05 8.564E-05 3.882E-10 6.87E-06
5.888E+00 6.288E-05 6.288E-05 4.063E-10 7.03E-06
5.821E+00 4.901E-05 4.901E-05 4.253E-10 7.19E-06
5.754E+00 4.006E-05 4.006E-05 4.452E-10 7.36E-06
5.689E+00 3.398E-05 3.398E-05 4.660E-10 7.53E-06
5.623E+00 2.966E-05 2.966E-05 4.877E-10 7.70E-06
5.559E+00 2.649E-05 2.649E-05 5.105E-10 7.88E-06
5.495E+00 2.408E-05 2.408E-05 5.343E-10 8.06E-06
5.433E+00 2.222E-05 2.222E-05 5.592E-10 8.24E-06
5.370E+00 2.074E-05 2.074E-05 5.853E-10 8.43E-06
5.309E+00 1.956E-05 1.956E-05 6.125E-10 8.62E-06
5.248E+00 1.859E-05 1.859E-05 6.411E-10 8.82E-06
5.188E+00 1.780E-05 1.780E-05 6.709E-10 9.03E-06
5.129E+00 1.715E-05 1.715E-05 7.021E-10 9.24E-06
5.070E+00 1.660E-05 1.660E-05 7.348E-10 9.45E-06
5.012E+00 1.615E-05 1.615E-05 7.690E-10 9.67E-06
4.955E+00 1.577E-05 1.577E-05 8.048E-10 9.89E-06
4.898E+00 1.545E-05 1.545E-05 8.423E-10 1.01E-05
4.842E+00 1.519E-05 1.519E-05 8.815E-10 1.03E-05
4.786E+00 1.497E-05 1.497E-05 9.226E-10 1.06E-05
4.732E+00 1.480E-05 1.480E-05 9.655E-10 1.08E-05
4.677E+00 1.466E-05 1.466E-05 1.010E-09 1.11E-05
4.624E+00 1.455E-05 1.455E-05 1.057E-09 1.13E-05
4.571E+00 1.448E-05 1.447E-05 1.107E-09 1.16E-05
4.519E+00 1.442E-05 1.442E-05 1.158E-09 1.18E-05
4.467E+00 1.440E-05 1.439E-05 1.212E-09 1.21E-05
4.416E+00 1.439E-05 1.439E-05 1.268E-09 1.23E-05
4.365E+00 1.441E-05 1.440E-05 1.327E-09 1.26E-05
4.315E+00 1.444E-05 1.444E-05 1.389E-09 1.29E-05
4.266E+00 1.449E-05 1.449E-05 1.454E-09 1.32E-05
4.217E+00 1.456E-05 1.456E-05 1.521E-09 1.35E-05
4.169E+00 1.465E-05 1.465E-05 1.592E-09 1.38E-05
4.121E+00 1.475E-05 1.475E-05 1.666E-09 1.41E-05
4.074E+00 1.488E-05 1.487E-05 1.743E-09 1.44E-05
4.027E+00 1.502E-05 1.501E-05 1.824E-09 1.47E-05
3.981E+00 1.517E-05 1.517E-05 1.909E-09 1.50E-05
3.936E+00 1.535E-05 1.535E-05 1.997E-09 1.53E-05
3.890E+00 1.556E-05 1.555E-05 2.090E-09 1.57E-05
3.846E+00 1.579E-05 1.578E-05 2.187E-09 1.60E-05
3.802E+00 1.605E-05 1.605E-05 2.288E-09 1.63E-05
3.758E+00 1.635E-05 1.635E-05 2.395E-09 1.67E-05
3.715E+00 1.671E-05 1.671E-05 2.506E-09 1.70E-05
3.673E+00 1.715E-05 1.714E-05 2.622E-09 1.74E-05
3.631E+00 1.769E-05 1.769E-05 2.744E-09 1.77E-05
3.589E+00 1.840E-05 1.840E-05 2.871E-09 1.81E-05
3.548E+00 1.939E-05 1.938E-05 3.005E-09 1.85E-05
3.508E+00 2.086E-05 2.086E-05 3.144E-09 1.89E-05
3.467E+00 2.332E-05 2.331E-05 3.290E-09 1.92E-05
3.428E+00 2.804E-05 2.804E-05 3.442E-09 1.96E-05
3.388E+00 3.948E-05 3.947E-05 3.602E-09 2.00E-05
3.350E+00 8.067E-05 8.066E-05 3.769E-09 2.05E-05
3.311E+00 3.570E-04 3.570E-04 3.944E-09 2.09E-05
3.273E+00 1.787E-04 1.787E-04 4.126E-09 2.13E-05
3.236E+00 5.717E-05 5.717E-05 4.318E-09 2.17E-05
3.199E+00 3.475E-05 3.475E-05 4.518E-09 2.22E-05
3.162E+00 2.750E-05 2.750E-05 4.726E-09 2.27E-05
3.126E+00 2.448E-05 2.448E-05 4.946E-09 2.31E-05
3.090E+00 2.301E-05 2.301E-05 5.175E-09 2.36E-05
3.055E+00 2.226E-05 2.226E-05 5.415E-09 2.41E-05
3.020E+00 2.190E-05 2.189E-05 5.665E-09 2.46E-05
2.985E+00 2.176E-05 2.176E-05 5.927E-09 2.51E-05
2.951E+00 2.175E-05 2.175E-05 6.202E-09 2.56E-05
2.917E+00 2.184E-05 2.184E-05 6.489E-09 2.61E-05
2.884E+00 2.200E-05 2.199E-05 6.790E-09 2.66E-05
2.851E+00 2.220E-05 2.219E-05 7.104E-09 2.72E-05
2.818E+00 2.244E-05 2.243E-05 7.432E-09 2.77E-05
2.786E+00 2.270E-05 2.270E-05 7.776E-09 2.83E-05
2.754E+00 2.299E-05 2.298E-05 8.135E-09 2.89E-05
2.723E+00 2.330E-05 2.330E-05 8.510E-09 2.95E-05
2.692E+00 2.363E-05 2.362E-05 8.903E-09 3.01E-05
2.661E+00 2.397E-05 2.396E-05 9.316E-09 3.07E-05
2.630E+00 2.432E-05 2.432E-05 9.745E-09 3.13E-05
2.600E+00 2.469E-05 2.468E-05 1.019E-08 3.20E-05
2.570E+00 2.506E-05 2.505E-05 1.067E-08 3.27E-05
2.541E+00 2.544E-05 2.543E-05 1.116E-08 3.33E-05
2.512E+00 2.584E-05 2.582E-05 1.167E-08 3.40E-05
2.483E+00 2.624E-05 2.623E-05 1.221E-08 3.47E-05
2.455E+00 2.666E-05 2.664E-05 1.277E-08 3.55E-05
2.427E+00 2.708E-05 2.707E-05 1.336E-08 3.62E-05
2.399E+00 2.752E-05 2.751E-05 1.398E-08 3.69E-05
2.371E+00 2.797E-05 2.795E-05 1.463E-08 3.77E-05
2.344E+00 2.843E-05 2.841E-05 1.530E-08 3.84E-05
2.317E+00 2.890E-05 2.888E-05 1.601E-08 3.92E-05
2.291E+00 2.938E-05 2.936E-05 1.675E-08 4.00E-05
2.265E+00 2.987E-05 2.985E-05 1.752E-08 4.08E-05
2.239E+00 3.037E-05 3.035E-05 1.833E-08 4.16E-05
2.213E+00 3.088E-05 3.086E-05 1.918E-08 4.24E-05
2.188E+00 3.141E-05 3.139E-05 2.006E-08 4.33E-05
2.163E+00 3.194E-05 3.192E-05 2.099E-08 4.41E-05
2.138E+00 3.249E-05 3.247E-05 2.196E-08 4.50E-05
2.113E+00 3.304E-05 3.302E-05 2.297E-08 4.59E-05
2.089E+00 3.360E-05 3.357E-05 2.403E-08 4.69E-05
2.065E+00 3.417E-05 3.414E-05 2.514E-08 4.78E-05
2.042E+00 3.475E-05 3.472E-05 2.630E-08 4.88E-05
2.018E+00 3.534E-05 3.532E-05 2.751E-08 4.98E-05
1.995E+00 3.595E-05 3.592E-05 2.878E-08 5.08E-05
1.972E+00 3.657E-05 3.654E-05 3.011E-08 5.18E-05
1.950E+00 3.720E-05 3.716E-05 3.149E-08 5.28E-05
1.928E+00 3.784E-05 3.781E-05 3.295E-08 5.39E-05
1.905E+00 3.849E-05 3.846E-05 3.447E-08 5.49E-05
1.884E+00 3.916E-05 3.913E-05 3.606E-08 5.60E-05
1.862E+00 3.985E-05 3.981E-05 3.772E-08 5.71E-05
1.841E+00 4.055E-05 4.051E-05 3.946E-08 5.82E-05
1.820E+00 4.126E-05 4.122E-05 4.128E-08 5.94E-05
1.799E+00 4.198E-05 4.194E-05 4.318E-08 6.05E-05
1.778E+00 4.272E-05 4.268E-05 4.518E-08 6.17E-05
1.758E+00 4.348E-05 4.343E-05 4.726E-08 6.29E-05
1.738E+00 4.425E-05 4.420E-05 4.944E-08 6.42E-05
1.718E+00 4.503E-05 4.498E-05 5.171E-08 6.54E-05
1.698E+00 4.583E-05 4.577E-05 5.410E-08 6.67E-05
1.679E+00 4.664E-05 4.658E-05 5.659E-08 6.80E-05
1.660E+00 4.746E-05 4.740E-05 5.919E-08 6.94E-05
1.641E+00 4.830E-05 4.823E-05 6.191E-08 7.08E-05
1.622E+00 4.914E-05 4.907E-05 6.476E-08 7.22E-05
1.603E+00 4.999E-05 4.993E-05 6.774E-08 7.36E-05
1.585E+00 5.086E-05 5.079E-05 7.086E-08 7.51E-05
1.567E+00 5.175E-05 5.167E-05 7.412E-08 7.66E-05
1.549E+00 5.265E-05 5.257E-05 7.753E-08 7.82E-05
1.531E+00 5.357E-05 5.349E-05 8.111E-08 7.97E-05
1.514E+00 5.452E-05 5.443E-05 8.485E-08 8.13E-05
1.496E+00 5.549E-05 5.540E-05 8.877E-08 8.29E-05
1.479E+00 5.648E-05 5.639E-05 9.287E-08 8.45E-05
1.462E+00 5.749E-05 5.740E-05 9.717E-08 8.61E-05
1.445E+00 5.854E-05 5.844E-05 1.017E-07 8.77E-05
1.429E+00 5.962E-05 5.951E-05 1.063E-07 8.94E-05
1.413E+00 6.072E-05 6.061E-05 1.112E-07 9.11E-05
1.396E+00 6.186E-05 6.174E-05 1.164E-07 9.28E-05
1.380E+00 6.302E-05 6.290E-05 1.217E-07 9.46E-05
1.365E+00 6.421E-05 6.408E-05 1.274E-07 9.64E-05
1.349E+00 6.543E-05 6.530E-05 1.332E-07 9.82E-05
1.334E+00 6.669E-05 6.655E-05 1.394E-07 1.00E-04
1.318E+00 6.798E-05 6.783E-05 1.458E-07 1.02E-04
1.303E+00 6.931E-05 6.916E-05 1.525E-07 1.04E-04
1.288E+00 7.069E-05 7.053E-05 1.595E-07 1.06E-04
1.274E+00 7.213E-05 7.196E-05 1.668E-07 1.08E-04
1.259E+00 7.362E-05 7.345E-05 1.745E-07 1.10E-04
1.245E+00 7.518E-05 7.500E-05 1.825E-07 1.12E-04
1.230E+00 7.682E-05 7.663E-05 1.909E-07 1.15E-04
1.216E+00 7.857E-05 7.837E-05 1.997E-07 1.17E-04
1.202E+00 8.046E-05 8.025E-05 2.090E-07 1.19E-04
1.189E+00 8.252E-05 8.230E-05 2.186E-07 1.21E-04
1.175E+00 8.480E-05 8.457E-05 2.287E-07 1.24E-04
1.161E+00 8.735E-05 8.711E-05 2.392E-07 1.26E-04
1.148E+00 9.027E-05 9.002E-05 2.502E-07 1.28E-04
1.135E+00 9.367E-05 9.341E-05 2.617E-07 1.31E-04
1.122E+00 9.771E-05 9.744E-05 2.738E-07 1.33E-04
1.109E+00 1.026E-04 1.023E-04 2.864E-07 1.36E-04
1.096E+00 1.088E-04 1.085E-04 2.996E-07 1.39E-04
1.084E+00 1.166E-04 1.162E-04 3.134E-07 1.41E-04
1.072E+00 1.267E-04 1.264E-04 3.278E-07 1.44E-04
1.059E+00 1.403E-04 1.400E-04 3.429E-07 1.47E-04
1.047E+00 1.587E-04 1.583E-04 3.586E-07 1.49E-04
1.035E+00 1.838E-04 1.834E-04 3.751E-07 1.52E-04
1.023E+00 2.178E-04 2.174E-04 3.923E-07 1.55E-04
1.012E+00 2.625E-04 2.621E-04 4.104E-07 1.58E-04
1.000E+00 3.181E-04 3.176E-04 4.292E-07 1.61E-04
9.886E-01 3.818E-04 3.814E-04 4.489E-07 1.64E-04
9.772E-01 4.493E-04 4.488E-04 4.695E-07 1.67E-04
9.661E-01 5.162E-04 5.157E-04 4.910E-07 1.71E-04
9.550E-01 5.803E-04 5.798E-04 5.135E-07 1.74E-04
9.441E-01 6.409E-04 6.404E-04 5.370E-07 1.77E-04
9.333E-01 6.987E-04 6.981E-04 5.616E-07 1.81E-04
9.226E-01 7.551E-04 7.546E-04 5.874E-07 1.84E-04
9.120E-01 8.130E-04 8.124E-04 6.142E-07 1.88E-04
9.016E-01 8.761E-04 8.754E-04 6.423E-07 1.92E-04
8.913E-01 9.497E-04 9.491E-04 6.717E-07 1.95E-04
8.810E-01 1.041E-03 1.040E-03 7.023E-07 1.99E-04
8.710E-01 1.159E-03 1.158E-03 7.344E-07 2.03E-04
8.610E-01 1.314E-03 1.313E-03 7.679E-07 2.08E-04
8.511E-01 1.515E-03 1.514E-03 8.029E-07 2.12E-04
8.414E-01 1.763E-03 1.762E-03 8.396E-07 2.16E-04
8.318E-01 2.050E-03 2.049E-03 8.778E-07 2.20E-04
8.222E-01 2.357E-03 2.356E-03 9.178E-07 2.25E-04
8.128E-01 2.670E-03 2.669E-03 9.597E-07 2.30E-04
8.035E-01 2.983E-03 2.982E-03 1.003E-06 2.34E-04
7.943E-01 3.296E-03 3.295E-03 1.049E-06 2.39E-04
7.852E-01 3.612E-03 3.611E-03 1.097E-06 2.44E-04
7.762E-01 3.933E-03 3.932E-03 1.147E-06 2.49E-04
7.674E-01 4.263E-03 4.262E-03 1.199E-06 2.54E-04
7.586E-01 4.605E-03 4.604E-03 1.254E-06 2.60E-04
7.499E-01 4.960E-03 4.959E-03 1.311E-06 2.65E-04
7.413E-01 5.330E-03 5.329E-03 1.370E-06 2.71E-04
7.328E-01 5.718E-03 5.717E-03 1.433E-06 2.76E-04
7.244E-01 6.124E-03 6.123E-03 1.498E-06 2.82E-04
7.161E-01 6.550E-03 6.549E-03 1.566E-06 2.88E-04
7.079E-01 6.998E-03 6.996E-03 1.638E-06 2.95E-04
6.998E-01 7.467E-03 7.465E-03 1.712E-06 3.01E-04
6.918E-01 7.960E-03 7.958E-03 1.790E-06 3.07E-04
6.839E-01 8.478E-03 8.476E-03 1.872E-06 3.14E-04
6.761E-01 9.022E-03 9.020E-03 1.957E-06 3.21E-04
6.683E-01 9.592E-03 9.590E-03 2.047E-06 3.28E-04
6.607E-01 1.019E-02 1.019E-02 2.140E-06 3.35E-04
6.531E-01 1.082E-02 1.082E-02 2.238E-06 3.43E-04
6.457E-01 1.147E-02 1.147E-02 2.341E-06 3.50E-04
6.383E-01 1.216E-02 1.216E-02 2.448E-06 3.58E-04
6.310E-01 1.288E-02 1.288E-02 2.560E-06 3.66E-04
6.237E-01 1.364E-02 1.363E-02 2.678E-06 3.74E-04
6.166E-01 1.443E-02 1.442E-02 2.801E-06 3.83E-04
6.095E-01 1.525E-02 1.525E-02 2.930E-06 3.91E-04
6.026E-01 1.611E-02 1.611E-02 3.066E-06 4.00E-04
5.957E-01 1.701E-02 1.701E-02 3.207E-06 4.09E-04
5.888E-01 1.795E-02 1.794E-02 3.356E-06 4.18E-04
5.821E-01 1.892E-02 1.892E-02 3.511E-06 4.27E-04
5.754E-01 1.994E-02 1.994E-02 3.674E-06 4.37E-04
5.689E-01 2.100E-02 2.100E-02 3.845E-06 4.46E-04
5.623E-01 2.211E-02 2.210E-02 4.024E-06 4.56E-04
5.559E-01 2.325E-02 2.325E-02 4.212E-06 4.66E-04
5.495E-01 2.445E-02 2.444E-02 4.410E-06 4.76E-04
5.433E-01 2.569E-02 2.568E-02 4.617E-06 4.87E-04
5.370E-01 2.698E-02 2.697E-02 4.835E-06 4.98E-04
5.309E-01 2.831E-02 2.831E-02 5.063E-06 5.09E-04
5.248E-01 2.970E-02 2.969E-02 5.303E-06 5.20E-04
5.188E-01 3.114E-02 3.113E-02 5.554E-06 5.31E-04
5.129E-01 3.263E-02 3.262E-02 5.818E-06 5.43E-04
5.070E-01 3.417E-02 3.416E-02 6.096E-06 5.54E-04
5.012E-01 3.577E-02 3.576E-02 6.387E-06 5.66E-04
4.955E-01 3.742E-02 3.741E-02 6.693E-06 5.78E-04
4.898E-01 3.913E-02 3.912E-02 7.015E-06 5.91E-04
4.842E-01 4.089E-02 4.089E-02 7.352E-06 6.03E-04
4.786E-01 4.272E-02 4.271E-02 7.705E-06 6.16E-04
4.732E-01 4.460E-02 4.459E-02 8.075E-06 6.29E-04
4.677E-01 4.655E-02 4.654E-02 8.464E-06 6.42E-04
4.624E-01 4.855E-02 4.854E-02 8.873E-06 6.55E-04
4.571E-01 5.062E-02 5.061E-02 9.302E-06 6.68E-04
4.519E-01 5.275E-02 5.274E-02 9.754E-06 6.81E-04
4.467E-01 5.495E-02 5.493E-02 1.023E-05 6.95E-04
4.416E-01 5.720E-02 5.719E-02 1.073E-05 7.08E-04
4.365E-01 5.953E-02 5.952E-02 1.125E-05 7.22E-04
4.315E-01 6.192E-02 6.191E-02 1.180E-05 7.35E-04
4.266E-01 6.438E-02 6.437E-02 1.237E-05 7.48E-04
4.217E-01 6.691E-02 6.690E-02 1.297E-05 7.61E-04
4.169E-01 6.950E-02 6.949E-02 1.360E-05 7.75E-04
4.121E-01 7.217E-02 7.216E-02 1.427E-05 7.88E-04
4.074E-01 7.490E-02 7.489E-02 1.496E-05 8.02E-04
4.027E-01 7.771E-02 7.769E-02 1.569E-05 8.16E-04
3.981E-01 8.059E-02 8.057E-02 1.646E-05 8.30E-04
3.935E-01 8.354E-02 8.352E-02 1.726E-05 8.44E-04
3.890E-01 8.656E-02 8.654E-02 1.811E-05 8.58E-04
3.846E-01 8.965E-02 8.963E-02 1.899E-05 8.72E-04
3.802E-01 9.282E-02 9.280E-02 1.993E-05 8.86E-04
3.758E-01 9.606E-02 9.604E-02 2.091E-05 9.00E-04
3.715E-01 9.937E-02 9.935E-02 2.195E-05 9.14E-04
3.673E-01 1.028E-01 1.027E-01 2.305E-05 9.28E-04
3.631E-01 1.062E-01 1.062E-01 2.422E-05 9.43E-04
3.589E-01 1.098E-01 1.097E-01 2.546E-05 9.59E-04
3.548E-01 1.134E-01 1.134E-01 2.677E-05 9.73E-04
3.508E-01 1.171E-01 1.170E-01 2.817E-05 9.88E-04
3.467E-01 1.208E-01 1.208E-01 2.965E-05 1.00E-03
3.428E-01 1.247E-01 1.247E-01 3.123E-05 1.01E-03
3.388E-01 1.286E-01 1.286E-01 3.292E-05 1.02E-03
3.350E-01 1.326E-01 1.326E-01 3.472E-05 1.03E-03
3.311E-01 1.367E-01 1.366E-01 3.664E-05 1.04E-03
3.273E-01 1.408E-01 1.408E-01 3.870E-05 1.05E-03
3.236E-01 1.451E-01 1.450E-01 4.091E-05 1.05E-03
3.199E-01 1.494E-01 1.493E-01 4.328E-05 1.05E-03
3.162E-01 1.538E-01 1.537E-01 4.580E-05 1.04E-03
3.126E-01 1.582E-01 1.582E-01 4.849E-05 1.03E-03
3.090E-01 1.628E-01 1.627E-01 5.136E-05 1.02E-03
3.055E-01 1.674E-01 1.673E-01 5.441E-05 9.97E-04
3.020E-01 1.716E-01 1.715E-01 5.769E-05 9.74E-04
2.985E-01 1.747E-01 1.746E-01 6.119E-05 9.45E-04
2.951E-01 1.781E-01 1.780E-01 6.497E-05 9.09E-04
2.917E-01 1.818E-01 1.817E-01 6.904E-05 8.68E-04
2.884E-01 1.858E-01 1.857E-01 7.348E-05 8.18E-04
2.851E-01 1.902E-01 1.902E-01 7.833E-05 7.61E-04
2.818E-01 1.951E-01 1.950E-01 8.393E-05 6.81E-04
2.786E-01 2.005E-01 2.004E-01 8.991E-05 6.00E-04
2.754E-01 2.065E-01 2.064E-01 9.635E-05 5.19E-04
2.723E-01 2.131E-01 2.130E-01 1.034E-04 4.38E-04
2.692E-01 2.205E-01 2.204E-01 1.112E-04 3.60E-04
2.661E-01 2.287E-01 2.286E-01 1.198E-04 2.89E-04
2.630E-01 2.380E-01 2.378E-01 1.294E-04 2.24E-04
2.600E-01 2.483E-01 2.482E-01 1.404E-04 1.68E-04
2.570E-01 2.601E-01 2.599E-01 1.527E-04 1.24E-04
2.541E-01 2.732E-01 2.731E-01 1.662E-04 9.47E-05
2.512E-01 2.881E-01 2.880E-01 1.815E-04 7.73E-05
2.483E-01 3.049E-01 3.047E-01 1.990E-04 7.09E-05
2.455E-01 3.238E-01 3.236E-01 2.189E-04 7.50E-05
2.427E-01 3.450E-01 3.447E-01 2.418E-04 9.11E-05
2.399E-01 3.685E-01 3.682E-01 2.684E-04 1.19E-04
2.371E-01 3.942E-01 3.939E-01 2.973E-04 1.61E-04
2.344E-01 4.219E-01 4.216E-01 3.281E-04 2.13E-04
2.317E-01 4.508E-01 4.505E-01 3.603E-04 2.68E-04
2.291E-01 4.798E-01 4.794E-01 3.932E-04 3.25E-04
2.265E-01 5.073E-01 5.069E-01 4.268E-04 3.85E-04
2.239E-01 5.312E-01 5.307E-01 4.622E-04 4.47E-04
2.213E-01 5.493E-01 5.488E-01 4.985E-04 5.14E-04
2.188E-01 5.596E-01 5.590E-01 5.271E-04 5.89E-04
2.163E-01 5.608E-01 5.602E-01 5.400E-04 6.74E-04
2.138E-01 5.529E-01 5.523E-01 5.375E-04 7.64E-04
2.113E-01 5.369E-01 5.364E-01 5.249E-04 8.53E-04
2.089E-01 5.148E-01 5.143E-01 5.041E-04 9.45E-04
2.065E-01 4.888E-01 4.883E-01 4.768E-04 1.04E-03
2.042E-01 4.610E-01 4.606E-01 4.442E-04 1.14E-03
2.018E-01 4.331E-01 4.327E-01 4.086E-04 1.24E-03
1.995E-01 4.063E-01 4.059E-01 3.720E-04 1.34E-03
1.972E-01 3.814E-01 3.810E-01 3.359E-04 1.45E-03
1.950E-01 3.586E-01 3.583E-01 3.019E-04 1.55E-03
1.928E-01 3.382E-01 3.379E-01 2.706E-04 1.66E-03
1.905E-01 3.200E-01 3.198E-01 2.423E-04 1.78E-03
1.884E-01 3.040E-01 3.038E-01 2.166E-04 1.90E-03
1.862E-01 2.899E-01 2.897E-01 1.943E-04 2.02E-03
1.841E-01 2.775E-01 2.773E-01 1.752E-04 2.15E-03
1.820E-01 2.666E-01 2.665E-01 1.591E-04 2.29E-03
1.799E-01 2.571E-01 2.570E-01 1.454E-04 2.43E-03
1.778E-01 2.488E-01 2.487E-01 1.342E-04 2.57E-03
1.758E-01 2.415E-01 2.413E-01 1.250E-04 2.72E-03
1.738E-01 2.350E-01 2.349E-01 1.175E-04 2.87E-03
1.718E-01 2.294E-01 2.293E-01 1.116E-04 3.02E-03
1.698E-01 2.244E-01 2.243E-01 1.073E-04 3.17E-03
1.679E-01 2.201E-01 2.200E-01 1.044E-04 3.33E-03
1.660E-01 2.165E-01 2.164E-01 1.030E-04 3.48E-03
1.641E-01 2.136E-01 2.135E-01 1.033E-04 3.64E-03
1.622E-01 2.114E-01 2.113E-01 1.050E-04 3.79E-03
1.603E-01 2.097E-01 2.096E-01 1.082E-04 3.95E-03
1.585E-01 2.086E-01 2.085E-01 1.131E-04 4.10E-03
1.567E-01 2.081E-01 2.080E-01 1.193E-04 4.26E-03
1.549E-01 2.082E-01 2.081E-01 1.269E-04 4.42E-03
1.531E-01 2.087E-01 2.086E-01 1.359E-04 4.59E-03
1.514E-01 2.098E-01 2.097E-01 1.465E-04 4.76E-03
1.496E-01 2.115E-01 2.113E-01 1.588E-04 4.93E-03
1.479E-01 2.136E-01 2.134E-01 1.730E-04 5.11E-03
1.462E-01 2.163E-01 2.161E-01 1.893E-04 5.28E-03
1.445E-01 2.195E-01 2.193E-01 2.080E-04 5.45E-03
1.429E-01 2.233E-01 2.230E-01 2.291E-04 5.63E-03
1.413E-01 2.276E-01 2.273E-01 2.527E-04 5.81E-03
1.396E-01 2.324E-01 2.322E-01 2.786E-04 6.00E-03
1.380E-01 2.379E-01 2.376E-01 3.068E-04 6.19E-03
1.365E-01 2.439E-01 2.436E-01 3.381E-04 6.39E-03
1.349E-01 2.506E-01 2.502E-01 3.733E-04 6.61E-03
1.334E-01 2.579E-01 2.575E-01 4.126E-04 6.84E-03
1.318E-01 2.658E-01 2.654E-01 4.561E-04 7.09E-03
1.303E-01 2.745E-01 2.739E-01 5.047E-04 7.35E-03
1.288E-01 2.893E-01 2.887E-01 5.587E-04 7.63E-03
1.274E-01 3.005E-01 2.999E-01 6.187E-04 7.93E-03
1.259E-01 3.124E-01 3.117E-01 6.848E-04 8.24E-03
1.245E-01 3.247E-01 3.240E-01 7.580E-04 8.58E-03
1.230E-01 3.376E-01 3.368E-01 8.387E-04 8.92E-03
1.216E-01 3.510E-01 3.500E-01 9.271E-04 9.27E-03
1.202E-01 3.648E-01 3.638E-01 1.024E-03 9.60E-03
1.189E-01 3.792E-01 3.781E-01 1.130E-03 9.92E-03
1.175E-01 3.940E-01 3.928E-01 1.245E-03 1.02E-02
1.161E-01 4.092E-01 4.079E-01 1.373E-03 1.05E-02
1.148E-01 4.249E-01 4.234E-01 1.521E-03 1.08E-02
1.135E-01 4.410E-01 4.393E-01 1.721E-03 1.10E-02
1.122E-01 4.575E-01 4.556E-01 1.933E-03 1.10E-02
1.109E-01 4.744E-01 4.722E-01 2.166E-03 1.06E-02
1.096E-01 4.916E-01 4.892E-01 2.424E-03 9.62E-03
1.084E-01 5.092E-01 5.065E-01 2.741E-03 8.58E-03
1.072E-01 5.272E-01 5.240E-01 3.109E-03 7.88E-03
1.059E-01 5.453E-01 5.418E-01 3.464E-03 7.71E-03
1.047E-01 5.636E-01 5.598E-01 3.803E-03 7.78E-03
1.035E-01 5.819E-01 5.778E-01 4.129E-03 7.82E-03
1.023E-01 6.004E-01 5.959E-01 4.442E-03 7.84E-03
1.012E-01 6.188E-01 6.140E-01 4.789E-03 7.73E-03
1.000E-01 6.395E-01 6.343E-01 5.183E-03 7.54E-03
9.886E-02 6.542E-01 6.485E-01 5.702E-03 7.22E-03
9.772E-02 6.696E-01 6.633E-01 6.295E-03 6.91E-03
9.661E-02 6.858E-01 6.789E-01 6.872E-03 6.74E-03
9.550E-02 7.028E-01 6.954E-01 7.397E-03 6.68E-03
9.441E-02 7.204E-01 7.126E-01 7.779E-03 6.72E-03
9.333E-02 7.390E-01 7.309E-01 8.081E-03 6.82E-03
9.226E-02 7.588E-01 7.504E-01 8.419E-03 6.91E-03
9.120E-02 7.800E-01 7.712E-01 8.740E-03 7.04E-03
9.016E-02 8.024E-01 7.935E-01 8.924E-03 7.28E-03
8.913E-02 8.267E-01 8.176E-01 9.137E-03 7.48E-03
8.810E-02 8.533E-01 8.438E-01 9.518E-03 7.54E-03
8.710E-02 8.826E-01 8.724E-01 1.014E-02 7.42E-03
8.610E-02 9.148E-01 9.039E-01 1.089E-02 7.26E-03
8.511E-02 9.504E-01 9.386E-01 1.176E-02 7.08E-03
8.414E-02 9.900E-01 9.772E-01 1.278E-02 6.91E-03
8.318E-02 1.034E+00 1.020E+00 1.395E-02 6.75E-03
8.222E-02 1.084E+00 1.068E+00 1.522E-02 6.67E-03
8.128E-02 1.139E+00 1.122E+00 1.655E-02 6.70E-03
8.035E-02 1.200E+00 1.182E+00 1.799E-02 6.78E-03
7.943E-02 1.269E+00 1.249E+00 1.951E-02 6.93E-03
7.852E-02 1.345E+00 1.324E+00 2.103E-02 7.15E-03
7.762E-02 1.426E+00 1.404E+00 2.247E-02 7.44E-03
7.674E-02 1.513E+00 1.489E+00 2.377E-02 7.76E-03
7.586E-02 1.601E+00 1.576E+00 2.496E-02 8.11E-03
7.499E-02 1.685E+00 1.659E+00 2.599E-02 8.48E-03
7.413E-02 1.760E+00 1.733E+00 2.683E-02 8.87E-03
7.328E-02 1.816E+00 1.789E+00 2.745E-02 9.30E-03
7.244E-02 1.850E+00 1.822E+00 2.802E-02 9.71E-03
7.161E-02 1.856E+00 1.827E+00 2.849E-02 1.01E-02
7.079E-02 1.835E+00 1.807E+00 2.871E-02 1.06E-02
6.998E-02 1.793E+00 1.765E+00 2.867E-02 1.11E-02
6.918E-02 1.737E+00 1.709E+00 2.836E-02 1.15E-02
6.839E-02 1.673E+00 1.646E+00 2.753E-02 1.21E-02
6.761E-02 1.608E+00 1.582E+00 2.639E-02 1.26E-02
6.683E-02 1.546E+00 1.521E+00 2.518E-02 1.32E-02
6.607E-02 1.490E+00 1.466E+00 2.393E-02 1.38E-02
6.531E-02 1.428E+00 1.406E+00 2.266E-02 1.44E-02
6.457E-02 1.366E+00 1.345E+00 2.175E-02 1.49E-02
6.383E-02 1.304E+00 1.283E+00 2.098E-02 1.54E-02
6.310E-02 1.241E+00 1.221E+00 2.033E-02 1.60E-02
6.237E-02 1.178E+00 1.158E+00 1.978E-02 1.65E-02
6.166E-02 1.114E+00 1.094E+00 1.940E-02 1.71E-02
6.095E-02 1.049E+00 1.030E+00 1.912E-02 1.76E-02
6.026E-02 9.839E-01 9.650E-01 1.888E-02 1.82E-02
5.957E-02 9.179E-01 8.992E-01 1.869E-02 1.88E-02
5.888E-02 8.511E-01 8.326E-01 1.851E-02 1.94E-02
5.821E-02 7.835E-01 7.653E-01 1.820E-02 2.00E-02
5.754E-02 6.725E-01 6.546E-01 1.788E-02 2.06E-02
5.689E-02 6.482E-01 6.306E-01 1.754E-02 2.12E-02
5.623E-02 6.229E-01 6.058E-01 1.716E-02 2.18E-02
5.559E-02 5.963E-01 5.797E-01 1.669E-02 2.24E-02
5.495E-02 5.705E-01 5.543E-01 1.622E-02 2.31E-02
5.433E-02 5.454E-01 5.297E-01 1.574E-02 2.38E-02
5.370E-02 5.221E-01 5.069E-01 1.527E-02 2.44E-02
5.309E-02 5.023E-01 4.875E-01 1.486E-02 2.51E-02
5.248E-02 4.840E-01 4.695E-01 1.447E-02 2.58E-02
5.188E-02 4.670E-01 4.529E-01 1.411E-02 2.66E-02
5.129E-02 4.507E-01 4.370E-01 1.377E-02 2.73E-02
5.070E-02 4.350E-01 4.216E-01 1.347E-02 2.80E-02
5.012E-02 4.201E-01 4.069E-01 1.319E-02 2.88E-02
4.955E-02 4.059E-01 3.930E-01 1.293E-02 2.96E-02
4.898E-02 3.926E-01 3.799E-01 1.268E-02 3.04E-02
4.842E-02 3.796E-01 3.672E-01 1.244E-02 3.12E-02
4.786E-02 3.669E-01 3.547E-01 1.219E-02 3.20E-02
4.732E-02 3.535E-01 3.416E-01 1.191E-02 3.29E-02
4.677E-02 3.402E-01 3.285E-01 1.162E-02 3.38E-02
4.624E-02 3.273E-01 3.160E-01 1.133E-02 3.47E-02
4.571E-02 3.161E-01 3.050E-01 1.106E-02 3.56E-02
4.519E-02 3.068E-01 2.960E-01 1.083E-02 3.65E-02
4.467E-02 2.979E-01 2.873E-01 1.059E-02 3.75E-02
4.416E-02 2.885E-01 2.782E-01 1.034E-02 3.85E-02
4.365E-02 2.769E-01 2.669E-01 1.003E-02 3.95E-02
4.315E-02 2.659E-01 2.561E-01 9.715E-03 4.06E-02
4.266E-02 2.560E-01 2.466E-01 9.394E-03 4.16E-02
4.217E-02 2.498E-01 2.407E-01 9.081E-03 4.27E-02
4.169E-02 2.450E-01 2.362E-01 8.786E-03 4.39E-02
4.121E-02 2.414E-01 2.329E-01 8.520E-03 4.50E-02
4.074E-02 2.380E-01 2.297E-01 8.311E-03 4.62E-02
4.027E-02 2.354E-01 2.273E-01 8.132E-03 4.74E-02
3.981E-02 2.335E-01 2.256E-01 7.978E-03 4.86E-02
3.935E-02 2.324E-01 2.245E-01 7.841E-03 4.99E-02
3.890E-02 2.321E-01 2.244E-01 7.734E-03 5.12E-02
3.846E-02 2.329E-01 2.252E-01 7.649E-03 5.25E-02
3.802E-02 2.349E-01 2.272E-01 7.623E-03 5.38E-02
3.758E-02 2.382E-01 2.305E-01 7.679E-03 5.52E-02
3.715E-02 2.453E-01 2.373E-01 7.950E-03 5.66E-02
3.673E-02 2.514E-01 2.431E-01 8.290E-03 5.80E-02
3.631E-02 2.541E-01 2.455E-01 8.640E-03 5.94E-02
3.589E-02 2.509E-01 2.420E-01 8.886E-03 6.09E-02
3.548E-02 2.454E-01 2.363E-01 9.080E-03 6.23E-02
3.508E-02 2.405E-01 2.313E-01 9.181E-03 6.39E-02
3.467E-02 2.358E-01 2.266E-01 9.231E-03 6.54E-02
3.428E-02 2.311E-01 2.219E-01 9.253E-03 6.71E-02
3.388E-02 2.266E-01 2.173E-01 9.284E-03 6.87E-02
3.350E-02 2.221E-01 2.127E-01 9.306E-03 7.04E-02
3.311E-02 2.176E-01 2.083E-01 9.322E-03 7.22E-02
3.273E-02 2.133E-01 2.039E-01 9.331E-03 7.39E-02
3.236E-02 2.089E-01 1.996E-01 9.332E-03 7.58E-02
3.199E-02 2.047E-01 1.953E-01 9.329E-03 7.76E-02
3.162E-02 2.005E-01 1.912E-01 9.321E-03 7.96E-02
3.126E-02 1.964E-01 1.870E-01 9.310E-03 8.15E-02
3.090E-02 1.923E-01 1.830E-01 9.296E-03 8.35E-02
3.055E-02 1.883E-01 1.790E-01 9.279E-03 8.56E-02
3.020E-02 1.844E-01 1.751E-01 9.259E-03 8.77E-02
2.985E-02 1.805E-01 1.713E-01 9.236E-03 8.99E-02
2.951E-02 1.767E-01 1.675E-01 9.209E-03 9.21E-02
2.917E-02 1.730E-01 1.638E-01 9.180E-03 9.44E-02
2.884E-02 1.693E-01 1.602E-01 9.148E-03 9.67E-02
2.851E-02 1.658E-01 1.566E-01 9.114E-03 9.91E-02
2.818E-02 1.623E-01 1.532E-01 9.078E-03 1.01E-01
2.786E-02 1.589E-01 1.498E-01 9.043E-03 1.04E-01
2.754E-02 1.555E-01 1.465E-01 9.007E-03 1.07E-01
2.723E-02 1.523E-01 1.433E-01 8.969E-03 1.09E-01
2.692E-02 1.491E-01 1.402E-01 8.930E-03 1.12E-01
2.661E-02 1.459E-01 1.371E-01 8.889E-03 1.15E-01
2.630E-02 1.429E-01 1.340E-01 8.846E-03 1.17E-01
2.600E-02 1.398E-01 1.310E-01 8.801E-03 1.20E-01
2.570E-02 1.369E-01 1.281E-01 8.754E-03 1.23E-01
2.541E-02 1.339E-01 1.252E-01 8.705E-03 1.26E-01
2.512E-02 1.311E-01 1.224E-01 8.654E-03 1.29E-01
2.483E-02 1.282E-01 1.196E-01 8.601E-03 1.32E-01
2.455E-02 1.255E-01 1.169E-01 8.548E-03 1.36E-01
2.427E-02 1.228E-01 1.143E-01 8.495E-03 1.39E-01
2.399E-02 1.202E-01 1.117E-01 8.441E-03 1.42E-01
2.371E-02 1.176E-01 1.092E-01 8.387E-03 1.46E-01
2.344E-02 1.151E-01 1.068E-01 8.331E-03 1.49E-01
2.317E-02 1.126E-01 1.044E-01 8.273E-03 1.53E-01
2.291E-02 1.102E-01 1.020E-01 8.215E-03 1.57E-01
2.265E-02 1.078E-01 9.969E-02 8.155E-03 1.60E-01
2.239E-02 1.055E-01 9.742E-02 8.095E-03 1.64E-01
2.213E-02 1.032E-01 9.521E-02 8.034E-03 1.68E-01
2.188E-02 1.010E-01 9.305E-02 7.971E-03 1.72E-01
2.163E-02 9.884E-02 9.093E-02 7.906E-03 1.76E-01
2.138E-02 9.673E-02 8.889E-02 7.843E-03 1.81E-01
2.113E-02 9.465E-02 8.687E-02 7.778E-03 1.85E-01
2.089E-02 9.259E-02 8.488E-02 7.710E-03 1.89E-01
2.065E-02 9.056E-02 8.292E-02 7.641E-03 1.94E-01
2.042E-02 8.865E-02 8.108E-02 7.577E-03 1.99E-01
2.018E-02 8.676E-02 7.925E-02 7.509E-03 2.03E-01
1.995E-02 8.487E-02 7.743E-02 7.439E-03 2.08E-01
1.972E-02 8.301E-02 7.564E-02 7.366E-03 2.13E-01
1.950E-02 8.117E-02 7.388E-02 7.292E-03 2.18E-01
1.928E-02 7.936E-02 7.214E-02 7.217E-03 2.23E-01
1.905E-02 7.759E-02 7.045E-02 7.140E-03 2.29E-01
1.884E-02 7.589E-02 6.883E-02 7.065E-03 2.34E-01
1.862E-02 7.422E-02 6.723E-02 6.989E-03 2.40E-01
1.841E-02 7.258E-02 6.567E-02 6.911E-03 2.45E-01
1.820E-02 7.097E-02 6.414E-02 6.833E-03 2.51E-01
1.799E-02 6.940E-02 6.265E-02 6.754E-03 2.57E-01
1.778E-02 6.788E-02 6.121E-02 6.676E-03 2.63E-01
1.758E-02 6.639E-02 5.980E-02 6.598E-03 2.69E-01
1.738E-02 6.492E-02 5.840E-02 6.518E-03 2.75E-01
1.718E-02 6.346E-02 5.703E-02 6.437E-03 2.82E-01
1.698E-02 6.204E-02 5.568E-02 6.356E-03 2.88E-01
1.679E-02 6.065E-02 5.437E-02 6.274E-03 2.95E-01
1.660E-02 5.930E-02 5.311E-02 6.193E-03 3.02E-01
1.641E-02 5.798E-02 5.187E-02 6.112E-03 3.08E-01
1.622E-02 5.667E-02 5.065E-02 6.028E-03 3.16E-01
1.603E-02 5.539E-02 4.945E-02 5.945E-03 3.23E-01
1.585E-02 5.413E-02 4.827E-02 5.860E-03 3.30E-01
1.567E-02 5.291E-02 4.713E-02 5.777E-03 3.37E-01
1.549E-02 5.172E-02 4.603E-02 5.693E-03 3.45E-01
1.531E-02 5.054E-02 4.493E-02 5.609E-03 3.53E-01
1.514E-02 4.938E-02 4.385E-02 5.525E-03 3.60E-01
1.496E-02 4.824E-02 4.280E-02 5.440E-03 3.68E-01
1.479E-02 4.712E-02 4.177E-02 5.355E-03 3.76E-01
1.462E-02 4.604E-02 4.077E-02 5.271E-03 3.85E-01
1.445E-02 4.498E-02 3.980E-02 5.188E-03 3.93E-01
1.429E-02 4.394E-02 3.884E-02 5.103E-03 4.01E-01
1.413E-02 4.292E-02 3.790E-02 5.019E-03 4.10E-01
1.396E-02 4.193E-02 3.699E-02 4.934E-03 4.19E-01
1.380E-02 4.096E-02 3.611E-02 4.851E-03 4.27E-01
1.365E-02 4.001E-02 3.524E-02 4.767E-03 4.36E-01
1.349E-02 3.907E-02 3.439E-02 4.684E-03 4.45E-01
1.334E-02 3.815E-02 3.355E-02 4.600E-03 4.54E-01
1.318E-02 3.725E-02 3.273E-02 4.517E-03 4.64E-01
1.303E-02 3.638E-02 3.194E-02 4.435E-03 4.73E-01
1.288E-02 3.553E-02 3.118E-02 4.356E-03 4.82E-01
1.274E-02 3.469E-02 3.042E-02 4.275E-03 4.91E-01
1.259E-02 3.386E-02 2.967E-02 4.194E-03 5.01E-01
1.245E-02 3.304E-02 2.893E-02 4.114E-03 5.10E-01
1.230E-02 3.227E-02 2.824E-02 4.037E-03 5.20E-01
1.216E-02 3.153E-02 2.757E-02 3.962E-03 5.29E-01
1.202E-02 3.078E-02 2.690E-02 3.886E-03 5.39E-01
1.189E-02 3.005E-02 2.624E-02 3.810E-03 5.49E-01
1.175E-02 2.932E-02 2.558E-02 3.734E-03 5.58E-01
1.161E-02 2.859E-02 2.494E-02 3.658E-03 5.68E-01
1.148E-02 2.788E-02 2.430E-02 3.582E-03 5.77E-01
1.135E-02 2.719E-02 2.368E-02 3.507E-03 5.87E-01
1.122E-02 2.651E-02 2.308E-02 3.434E-03 5.96E-01
1.109E-02 2.586E-02 2.250E-02 3.363E-03 6.05E-01
1.096E-02 2.523E-02 2.193E-02 3.292E-03 6.14E-01
1.084E-02 2.460E-02 2.138E-02 3.223E-03 6.23E-01
1.072E-02 2.399E-02 2.083E-02 3.154E-03 6.32E-01
1.059E-02 2.339E-02 2.031E-02 3.086E-03 6.41E-01
1.047E-02 2.282E-02 1.980E-02 3.021E-03 6.50E-01
1.035E-02 2.226E-02 1.931E-02 2.957E-03 6.58E-01
1.023E-02 2.171E-02 1.882E-02 2.894E-03 6.66E-01
1.012E-02 2.117E-02 1.834E-02 2.831E-03 6.74E-01
1.000E-02 2.064E-02 1.787E-02 2.770E-03 6.82E-01
9.886E-03 2.012E-02 1.741E-02 2.709E-03 6.90E-01
9.772E-03 1.961E-02 1.696E-02 2.650E-03 6.97E-01
9.661E-03 1.912E-02 1.653E-02 2.593E-03 7.04E-01
9.550E-03 1.865E-02 1.611E-02 2.537E-03 7.11E-01
9.441E-03 1.818E-02 1.570E-02 2.482E-03 7.17E-01
9.333E-03 1.772E-02 1.529E-02 2.427E-03 7.24E-01
9.226E-03 1.727E-02 1.490E-02 2.374E-03 7.30E-01
9.120E-03 1.683E-02 1.451E-02 2.321E-03 7.35E-01
9.016E-03 1.640E-02 1.413E-02 2.270E-03 7.41E-01
8.913E-03 1.599E-02 1.377E-02 2.220E-03 7.46E-01
8.810E-03 1.559E-02 1.342E-02 2.171E-03 7.50E-01
8.710E-03 1.519E-02 1.307E-02 2.123E-03 7.55E-01
8.610E-03 1.481E-02 1.273E-02 2.075E-03 7.59E-01
8.511E-03 1.443E-02 1.240E-02 2.028E-03 7.63E-01
8.414E-03 1.406E-02 1.207E-02 1.983E-03 7.67E-01
8.318E-03 1.370E-02 1.176E-02 1.938E-03 7.70E-01
8.222E-03 1.335E-02 1.146E-02 1.894E-03 7.74E-01
8.128E-03 1.301E-02 1.116E-02 1.850E-03 7.77E-01
8.035E-03 1.267E-02 1.087E-02 1.807E-03 7.80E-01
7.943E-03 1.234E-02 1.058E-02 1.765E-03 7.82E-01
7.852E-03 1.202E-02 1.030E-02 1.723E-03 7.85E-01
7.762E-03 1.172E-02 1.003E-02 1.683E-03 7.88E-01
7.674E-03 1.141E-02 9.766E-03 1.642E-03 7.90E-01
7.586E-03 1.111E-02 9.505E-03 1.602E-03 7.93E-01
7.499E-03 1.081E-02 9.252E-03 1.562E-03 7.95E-01
7.413E-03 1.053E-02 9.008E-03 1.523E-03 7.97E-01
7.328E-03 1.026E-02 8.775E-03 1.485E-03 8.00E-01
7.244E-03 9.993E-03 8.546E-03 1.447E-03 8.02E-01
7.161E-03 9.730E-03 8.320E-03 1.410E-03 8.04E-01
7.079E-03 9.475E-03 8.103E-03 1.373E-03 8.07E-01
6.998E-03 9.225E-03 7.889E-03 1.336E-03 8.10E-01
6.918E-03 8.978E-03 7.679E-03 1.299E-03 8.12E-01
6.839E-03 8.740E-03 7.477E-03 1.263E-03 8.15E-01
6.761E-03 8.507E-03 7.280E-03 1.227E-03 8.18E-01
6.683E-03 8.277E-03 7.085E-03 1.191E-03 8.21E-01
6.607E-03 8.051E-03 6.895E-03 1.155E-03 8.24E-01
6.531E-03 7.829E-03 6.709E-03 1.120E-03 8.27E-01
6.457E-03 7.618E-03 6.532E-03 1.085E-03 8.30E-01
6.383E-03 7.409E-03 6.358E-03 1.051E-03 8.34E-01
6.310E-03 7.203E-03 6.187E-03 1.016E-03 8.37E-01
6.237E-03 7.000E-03 6.018E-03 9.819E-04 8.41E-01
6.166E-03 6.808E-03 5.859E-03 9.486E-04 8.44E-01
6.095E-03 6.624E-03 5.708E-03 9.163E-04 8.48E-01
6.026E-03 6.442E-03 5.558E-03 8.837E-04 8.52E-01
5.957E-03 6.261E-03 5.410E-03 8.509E-04 8.55E-01
5.888E-03 6.081E-03 5.263E-03 8.178E-04 8.59E-01
5.821E-03 5.904E-03 5.119E-03 7.847E-04 8.62E-01
5.754E-03 5.729E-03 4.978E-03 7.515E-04 8.65E-01
5.689E-03 5.558E-03 4.840E-03 7.183E-04 8.69E-01
5.623E-03 5.392E-03 4.706E-03 6.858E-04 8.72E-01
5.559E-03 5.233E-03 4.578E-03 6.546E-04 8.75E-01
5.495E-03 5.076E-03 4.453E-03 6.229E-04 8.77E-01
5.433E-03 4.922E-03 4.331E-03 5.909E-04 8.80E-01
5.370E-03 4.770E-03 4.212E-03 5.585E-04 8.82E-01
5.309E-03 4.622E-03 4.096E-03 5.259E-04 8.85E-01
5.248E-03 4.478E-03 3.985E-03 4.931E-04 8.87E-01
5.188E-03 4.339E-03 3.878E-03 4.602E-04 8.89E-01
5.129E-03 4.212E-03 3.774E-03 4.388E-04 8.91E-01
5.070E-03 4.088E-03 3.670E-03 4.181E-04 8.92E-01
5.012E-03 3.958E-03 3.568E-03 3.902E-04 8.94E-01
4.955E-03 3.825E-03 3.469E-03 3.553E-04 8.95E-01
4.898E-03 3.688E-03 3.374E-03 3.142E-04 8.97E-01
4.842E-03 3.550E-03 3.282E-03 2.677E-04 8.98E-01
4.786E-03 3.412E-03 3.195E-03 2.175E-04 8.99E-01
4.732E-03 3.256E-03 3.107E-03 1.490E-04 9.01E-01
4.677E-03 3.098E-03 3.020E-03 7.789E-05 9.02E-01
4.624E-03 2.960E-03 2.936E-03 2.400E-05 9.03E-01
4.571E-03 2.859E-03 2.856E-03 2.915E-06 9.05E-01
4.519E-03 2.814E-03 2.779E-03 3.446E-05 9.07E-01
4.467E-03 2.851E-03 2.707E-03 1.434E-04 9.08E-01
4.416E-03 5.934E-02 5.830E-02 1.044E-03 9.11E-01
4.365E-03 5.805E-02 5.713E-02 9.232E-04 9.12E-01
4.315E-03 5.680E-02 5.597E-02 8.290E-04 9.14E-01
4.266E-03 5.562E-02 5.482E-02 8.054E-04 9.16E-01
4.217E-03 5.451E-02 5.367E-02 8.337E-04 9.18E-01
4.169E-03 5.343E-02 5.254E-02 8.948E-04 9.20E-01
4.121E-03 5.238E-02 5.142E-02 9.605E-04 9.22E-01
4.074E-03 5.133E-02 5.033E-02 9.956E-04 9.24E-01
4.027E-03 5.028E-02 4.926E-02 1.023E-03 9.25E-01
3.981E-03 4.923E-02 4.819E-02 1.039E-03 9.27E-01
3.935E-03 4.817E-02 4.713E-02 1.039E-03 9.29E-01
3.890E-03 4.711E-02 4.609E-02 1.020E-03 9.30E-01
3.846E-03 4.608E-02 4.507E-02 1.010E-03 9.31E-01
3.802E-03 4.506E-02 4.405E-02 1.013E-03 9.33E-01
3.758E-03 4.406E-02 4.305E-02 1.014E-03 9.34E-01
3.715E-03 4.307E-02 4.206E-02 1.013E-03 9.35E-01
3.673E-03 4.210E-02 4.109E-02 1.009E-03 9.36E-01
3.631E-03 4.114E-02 4.013E-02 1.003E-03 9.37E-01
3.589E-03 4.019E-02 3.919E-02 9.980E-04 9.38E-01
3.548E-03 3.926E-02 3.826E-02 9.923E-04 9.39E-01
3.508E-03 3.834E-02 3.735E-02 9.854E-04 9.39E-01
3.467E-03 3.743E-02 3.646E-02 9.773E-04 9.40E-01
3.428E-03 3.655E-02 3.558E-02 9.683E-04 9.41E-01
3.388E-03 3.567E-02 3.471E-02 9.592E-04 9.42E-01
3.350E-03 3.481E-02 3.386E-02 9.495E-04 9.43E-01
3.311E-03 3.396E-02 3.302E-02 9.392E-04 9.45E-01
3.273E-03 3.313E-02 3.221E-02 9.281E-04 9.46E-01
3.236E-03 3.233E-02 3.142E-02 9.164E-04 9.47E-01
3.199E-03 3.154E-02 3.063E-02 9.045E-04 9.48E-01
3.162E-03 3.075E-02 2.986E-02 8.925E-04 9.49E-01
3.126E-03 2.997E-02 2.909E-02 8.804E-04 9.51E-01
3.090E-03 2.922E-02 2.835E-02 8.683E-04 9.52E-01
3.055E-03 2.852E-02 2.767E-02 8.562E-04 9.53E-01
3.020E-03 2.783E-02 2.698E-02 8.440E-04 9.54E-01
2.985E-03 2.713E-02 2.630E-02 8.317E-04 9.55E-01
2.951E-03 2.644E-02 2.562E-02 8.193E-04 9.55E-01
2.917E-03 2.575E-02 2.495E-02 8.069E-04 9.56E-01
2.884E-03 2.507E-02 2.428E-02 7.943E-04 9.57E-01
2.851E-03 2.440E-02 2.362E-02 7.817E-04 9.57E-01
2.818E-03 2.373E-02 2.296E-02 7.690E-04 9.58E-01
2.786E-03 2.308E-02 2.232E-02 7.562E-04 9.59E-01
2.754E-03 2.243E-02 2.169E-02 7.433E-04 9.59E-01
2.723E-03 2.183E-02 2.110E-02 7.303E-04 9.60E-01
2.692E-03 2.124E-02 2.053E-02 7.172E-04 9.61E-01
2.661E-03 2.066E-02 1.996E-02 7.041E-04 9.62E-01
2.630E-03 2.009E-02 1.940E-02 6.910E-04 9.62E-01
2.600E-03 1.953E-02 1.885E-02 6.779E-04 9.63E-01
2.570E-03 1.899E-02 1.832E-02 6.647E-04 9.64E-01
2.541E-03 1.846E-02 1.781E-02 6.517E-04 9.65E-01
2.512E-03 1.796E-02 1.732E-02 6.387E-04 9.66E-01
2.483E-03 1.748E-02 1.685E-02 6.258E-04 9.66E-01
2.455E-03 1.699E-02 1.638E-02 6.134E-04 9.67E-01
2.427E-03 1.652E-02 1.592E-02 6.013E-04 9.68E-01
2.399E-03 1.605E-02 1.546E-02 5.892E-04 9.68E-01
2.371E-03 1.559E-02 1.501E-02 5.773E-04 9.69E-01
2.344E-03 1.515E-02 1.458E-02 5.655E-04 9.69E-01
2.317E-03 1.471E-02 1.416E-02 5.539E-04 9.70E-01
2.291E-03 1.430E-02 1.375E-02 5.425E-04 9.70E-01
2.265E-03 1.390E-02 1.337E-02 5.313E-04 9.71E-01
2.239E-03 1.351E-02 1.299E-02 5.203E-04 9.71E-01
2.213E-03 1.312E-02 1.261E-02 5.093E-04 9.72E-01
2.188E-03 1.274E-02 1.224E-02 4.984E-04 9.73E-01
2.163E-03 1.237E-02 1.188E-02 4.877E-04 9.73E-01
2.138E-03 1.201E-02 1.153E-02 4.772E-04 9.74E-01
2.113E-03 1.166E-02 1.119E-02 4.669E-04 9.74E-01
2.089E-03 1.132E-02 1.086E-02 4.568E-04 9.75E-01
2.065E-03 1.100E-02 1.055E-02 4.470E-04 9.75E-01
2.042E-03 1.068E-02 1.024E-02 4.374E-04 9.76E-01
2.018E-03 1.036E-02 9.933E-03 4.278E-04 9.76E-01
1.995E-03 1.005E-02 9.635E-03 4.184E-04 9.76E-01
1.972E-03 9.754E-03 9.345E-03 4.092E-04 9.77E-01
1.950E-03 9.465E-03 9.064E-03 4.001E-04 9.77E-01
1.928E-03 9.186E-03 8.794E-03 3.913E-04 9.78E-01
1.905E-03 8.918E-03 8.536E-03 3.826E-04 9.78E-01
1.884E-03 8.652E-03 8.278E-03 3.741E-04 9.79E-01
1.862E-03 8.392E-03 8.027E-03 3.656E-04 9.79E-01
1.841E-03 8.139E-03 7.781E-03 3.573E-04 9.80E-01
1.820E-03 7.892E-03 7.543E-03 3.492E-04 9.80E-01
1.799E-03 7.654E-03 7.313E-03 3.412E-04 9.80E-01
1.778E-03 7.426E-03 7.092E-03 3.334E-04 9.81E-01
1.758E-03 7.204E-03 6.878E-03 3.258E-04 9.81E-01
1.738E-03 6.985E-03 6.667E-03 3.183E-04 9.81E-01
1.718E-03 6.772E-03 6.461E-03 3.109E-04 9.82E-01
1.698E-03 6.566E-03 6.262E-03 3.037E-04 9.82E-01
1.679E-03 6.366E-03 6.069E-03 2.967E-04 9.82E-01
1.660E-03 6.173E-03 5.884E-03 2.898E-04 9.83E-01
1.641E-03 5.987E-03 5.703E-03 2.831E-04 9.83E-01
1.622E-03 5.803E-03 5.526E-03 2.765E-04 9.84E-01
1.603E-03 5.624E-03 5.354E-03 2.701E-04 9.84E-01
1.585E-03 5.450E-03 5.186E-03 2.637E-04 9.84E-01
1.567E-03 5.282E-03 5.025E-03 2.576E-04 9.84E-01
1.549E-03 5.121E-03 4.870E-03 2.517E-04 9.85E-01
1.531E-03 4.964E-03 4.718E-03 2.457E-04 9.85E-01
1.514E-03 4.810E-03 4.570E-03 2.400E-04 9.85E-01
1.496E-03 4.660E-03 4.426E-03 2.343E-04 9.86E-01
1.479E-03 4.516E-03 4.287E-03 2.287E-04 9.86E-01
1.462E-03 4.377E-03 4.154E-03 2.234E-04 9.86E-01
1.445E-03 4.241E-03 4.023E-03 2.181E-04 9.86E-01
1.429E-03 4.109E-03 3.896E-03 2.130E-04 9.87E-01
1.413E-03 3.980E-03 3.772E-03 2.079E-04 9.87E-01
1.396E-03 3.855E-03 3.652E-03 2.030E-04 9.87E-01
1.380E-03 3.735E-03 3.537E-03 1.982E-04 9.87E-01
1.365E-03 3.619E-03 3.425E-03 1.936E-04 9.88E-01
1.349E-03 3.505E-03 3.316E-03 1.890E-04 9.88E-01
1.334E-03 3.395E-03 3.210E-03 1.845E-04 9.88E-01
1.318E-03 3.288E-03 3.108E-03 1.801E-04 9.88E-01
1.303E-03 3.187E-03 3.011E-03 1.758E-04 9.89E-01
1.288E-03 3.088E-03 2.917E-03 1.717E-04 9.89E-01
1.274E-03 2.992E-03 2.824E-03 1.676E-04 9.89E-01
1.259E-03 2.897E-03 2.733E-03 1.636E-04 9.89E-01
1.245E-03 2.804E-03 2.644E-03 1.596E-04 9.89E-01
1.230E-03 2.718E-03 2.562E-03 1.559E-04 9.90E-01
1.216E-03 2.635E-03 2.483E-03 1.523E-04 9.90E-01
1.202E-03 2.554E-03 2.405E-03 1.487E-04 9.90E-01
1.189E-03 2.473E-03 2.328E-03 1.452E-04 9.90E-01
1.175E-03 2.394E-03 2.252E-03 1.417E-04 9.90E-01
1.161E-03 2.316E-03 2.178E-03 1.383E-04 9.91E-01
1.148E-03 2.241E-03 2.106E-03 1.349E-04 9.91E-01
1.135E-03 2.167E-03 2.035E-03 1.317E-04 9.91E-01
1.122E-03 2.097E-03 1.968E-03 1.285E-04 9.91E-01
1.109E-03 2.030E-03 1.904E-03 1.254E-04 9.91E-01
1.096E-03 1.964E-03 1.842E-03 1.224E-04 9.92E-01
1.084E-03 1.901E-03 1.781E-03 1.194E-04 9.92E-01
1.072E-03 1.839E-03 1.723E-03 1.165E-04 9.92E-01
1.059E-03 1.780E-03 1.666E-03 1.137E-04 9.92E-01
1.047E-03 1.724E-03 1.613E-03 1.110E-04 9.92E-01
1.035E-03 1.670E-03 1.562E-03 1.084E-04 9.92E-01
1.023E-03 1.617E-03 1.511E-03 1.058E-04 9.92E-01
1.012E-03 1.565E-03 1.462E-03 1.032E-04 9.93E-01
