w(micron)   Q_ext     Q_abs     Q_sca    g=<cos>
1.000E+03 5.274E-09 5.274E-09 1.038E-20 0.00E+00
9.886E+02 5.391E-09 5.391E-09 1.087E-20 0.00E+00
9.772E+02 5.511E-09 5.511E-09 1.138E-20 0.00E+00
9.661E+02 5.633E-09 5.633E-09 1.192E-20 0.00E+00
9.550E+02 5.758E-09 5.758E-09 1.248E-20 0.00E+00
9.441E+02 5.886E-09 5.886E-09 1.307E-20 0.00E+00
9.333E+02 6.017E-09 6.017E-09 1.368E-20 0.00E+00
9.226E+02 6.151E-09 6.151E-09 1.433E-20 0.00E+00
9.120E+02 6.288E-09 6.288E-09 1.500E-20 0.00E+00
9.016E+02 6.429E-09 6.429E-09 1.571E-20 0.00E+00
8.913E+02 6.572E-09 6.572E-09 1.645E-20 0.00E+00
8.810E+02 6.719E-09 6.719E-09 1.722E-20 0.00E+00
8.710E+02 6.869E-09 6.869E-09 1.803E-20 0.00E+00
8.610E+02 7.023E-09 7.023E-09 1.888E-20 0.00E+00
8.511E+02 7.180E-09 7.180E-09 1.977E-20 0.00E+00
8.414E+02 7.341E-09 7.341E-09 2.071E-20 0.00E+00
8.318E+02 7.506E-09 7.506E-09 2.168E-20 0.00E+00
8.222E+02 7.674E-09 7.674E-09 2.270E-20 0.00E+00
8.128E+02 7.847E-09 7.847E-09 2.377E-20 0.00E+00
8.035E+02 8.023E-09 8.023E-09 2.489E-20 0.00E+00
7.943E+02 8.203E-09 8.203E-09 2.606E-20 0.00E+00
7.852E+02 8.388E-09 8.388E-09 2.729E-20 0.00E+00
7.762E+02 8.577E-09 8.577E-09 2.858E-20 0.00E+00
7.674E+02 8.770E-09 8.770E-09 2.992E-20 0.00E+00
7.586E+02 8.968E-09 8.968E-09 3.133E-20 0.00E+00
7.499E+02 9.170E-09 9.170E-09 3.281E-20 0.00E+00
7.413E+02 9.377E-09 9.377E-09 3.435E-20 0.00E+00
7.328E+02 9.589E-09 9.589E-09 3.597E-20 0.00E+00
7.244E+02 9.806E-09 9.806E-09 3.767E-20 0.00E+00
7.161E+02 1.003E-08 1.003E-08 3.944E-20 0.00E+00
7.079E+02 1.025E-08 1.025E-08 4.130E-20 0.00E+00
6.998E+02 1.049E-08 1.049E-08 4.324E-20 0.00E+00
6.918E+02 1.072E-08 1.072E-08 4.528E-20 0.00E+00
6.839E+02 1.097E-08 1.097E-08 4.741E-20 0.00E+00
6.761E+02 1.122E-08 1.122E-08 4.965E-20 0.00E+00
6.683E+02 1.147E-08 1.147E-08 5.198E-20 0.00E+00
6.607E+02 1.173E-08 1.173E-08 5.443E-20 0.00E+00
6.531E+02 1.200E-08 1.200E-08 5.700E-20 0.00E+00
6.457E+02 1.227E-08 1.227E-08 5.968E-20 0.00E+00
6.383E+02 1.255E-08 1.255E-08 6.249E-20 0.00E+00
6.310E+02 1.284E-08 1.284E-08 6.544E-20 0.00E+00
6.237E+02 1.313E-08 1.313E-08 6.852E-20 0.00E+00
6.166E+02 1.343E-08 1.343E-08 7.174E-20 0.00E+00
6.095E+02 1.373E-08 1.373E-08 7.512E-20 0.00E+00
6.026E+02 1.405E-08 1.405E-08 7.866E-20 0.00E+00
5.957E+02 1.437E-08 1.437E-08 8.237E-20 0.00E+00
5.888E+02 1.469E-08 1.469E-08 8.625E-20 0.00E+00
5.821E+02 1.503E-08 1.503E-08 9.031E-20 0.00E+00
5.754E+02 1.537E-08 1.537E-08 9.456E-20 0.00E+00
5.689E+02 1.572E-08 1.572E-08 9.901E-20 0.00E+00
5.623E+02 1.608E-08 1.608E-08 1.037E-19 0.00E+00
5.559E+02 1.645E-08 1.645E-08 1.086E-19 0.00E+00
5.495E+02 1.683E-08 1.683E-08 1.137E-19 0.00E+00
5.433E+02 1.721E-08 1.721E-08 1.190E-19 0.00E+00
5.370E+02 1.760E-08 1.760E-08 1.246E-19 0.00E+00
5.309E+02 1.801E-08 1.801E-08 1.305E-19 0.00E+00
5.248E+02 1.842E-08 1.842E-08 1.366E-19 0.00E+00
5.188E+02 1.884E-08 1.884E-08 1.431E-19 0.00E+00
5.129E+02 1.927E-08 1.927E-08 1.498E-19 0.00E+00
5.070E+02 1.972E-08 1.972E-08 1.569E-19 0.00E+00
5.012E+02 2.017E-08 2.017E-08 1.643E-19 0.00E+00
4.955E+02 2.063E-08 2.063E-08 1.720E-19 0.00E+00
4.898E+02 2.110E-08 2.110E-08 1.801E-19 0.00E+00
4.842E+02 2.159E-08 2.159E-08 1.886E-19 0.00E+00
4.786E+02 2.208E-08 2.208E-08 1.975E-19 0.00E+00
4.732E+02 2.259E-08 2.259E-08 2.067E-19 0.00E+00
4.677E+02 2.311E-08 2.311E-08 2.165E-19 0.00E+00
4.624E+02 2.364E-08 2.364E-08 2.267E-19 0.00E+00
4.571E+02 2.419E-08 2.419E-08 2.373E-19 0.00E+00
4.519E+02 2.474E-08 2.474E-08 2.485E-19 0.00E+00
4.467E+02 2.531E-08 2.531E-08 2.602E-19 0.00E+00
4.416E+02 2.589E-08 2.589E-08 2.725E-19 0.00E+00
4.365E+02 2.649E-08 2.649E-08 2.853E-19 0.00E+00
4.315E+02 2.710E-08 2.710E-08 2.987E-19 0.00E+00
4.266E+02 2.772E-08 2.772E-08 3.128E-19 0.00E+00
4.217E+02 2.836E-08 2.836E-08 3.275E-19 0.00E+00
4.169E+02 2.901E-08 2.901E-08 3.429E-19 0.00E+00
4.121E+02 2.968E-08 2.968E-08 3.591E-19 0.00E+00
4.074E+02 3.037E-08 3.037E-08 3.760E-19 0.00E+00
4.027E+02 3.107E-08 3.107E-08 3.937E-19 0.00E+00
3.981E+02 3.178E-08 3.178E-08 4.122E-19 0.00E+00
3.936E+02 3.252E-08 3.252E-08 4.316E-19 0.00E+00
3.890E+02 3.327E-08 3.327E-08 4.519E-19 0.00E+00
3.846E+02 3.403E-08 3.403E-08 4.732E-19 0.00E+00
3.802E+02 3.482E-08 3.482E-08 4.955E-19 0.00E+00
3.758E+02 3.562E-08 3.562E-08 5.188E-19 0.00E+00
3.715E+02 3.644E-08 3.644E-08 5.432E-19 0.00E+00
3.673E+02 3.729E-08 3.729E-08 5.688E-19 0.00E+00
3.631E+02 3.815E-08 3.815E-08 5.955E-19 0.00E+00
3.589E+02 3.903E-08 3.903E-08 6.235E-19 0.00E+00
3.548E+02 3.993E-08 3.993E-08 6.529E-19 0.00E+00
3.508E+02 4.085E-08 4.085E-08 6.836E-19 0.00E+00
3.467E+02 4.180E-08 4.180E-08 7.158E-19 0.00E+00
3.428E+02 4.276E-08 4.276E-08 7.494E-19 0.00E+00
3.388E+02 4.375E-08 4.375E-08 7.847E-19 0.00E+00
3.350E+02 4.476E-08 4.476E-08 8.216E-19 0.00E+00
3.311E+02 4.580E-08 4.580E-08 8.603E-19 0.00E+00
3.273E+02 4.685E-08 4.685E-08 9.007E-19 0.00E+00
3.236E+02 4.794E-08 4.794E-08 9.431E-19 0.00E+00
3.199E+02 4.905E-08 4.905E-08 9.875E-19 0.00E+00
3.162E+02 5.018E-08 5.018E-08 1.034E-18 0.00E+00
3.126E+02 5.134E-08 5.134E-08 1.083E-18 0.00E+00
3.090E+02 5.253E-08 5.253E-08 1.133E-18 0.00E+00
3.055E+02 5.375E-08 5.375E-08 1.187E-18 0.00E+00
3.020E+02 5.499E-08 5.499E-08 1.243E-18 0.00E+00
2.985E+02 5.626E-08 5.626E-08 1.301E-18 0.00E+00
2.951E+02 5.757E-08 5.757E-08 1.362E-18 0.00E+00
2.917E+02 5.890E-08 5.890E-08 1.426E-18 0.00E+00
2.884E+02 6.026E-08 6.026E-08 1.493E-18 0.00E+00
2.851E+02 6.166E-08 6.166E-08 1.564E-18 0.00E+00
2.818E+02 6.309E-08 6.309E-08 1.637E-18 0.00E+00
2.786E+02 6.455E-08 6.455E-08 1.714E-18 0.00E+00
2.754E+02 6.604E-08 6.604E-08 1.795E-18 0.00E+00
2.723E+02 6.757E-08 6.757E-08 1.879E-18 0.00E+00
2.692E+02 6.914E-08 6.914E-08 1.967E-18 0.00E+00
2.661E+02 7.074E-08 7.074E-08 2.060E-18 0.00E+00
2.630E+02 7.238E-08 7.238E-08 2.156E-18 0.00E+00
2.600E+02 7.406E-08 7.406E-08 2.258E-18 0.00E+00
2.570E+02 7.578E-08 7.578E-08 2.364E-18 0.00E+00
2.541E+02 7.753E-08 7.753E-08 2.475E-18 0.00E+00
2.512E+02 7.933E-08 7.933E-08 2.591E-18 0.00E+00
2.483E+02 8.117E-08 8.117E-08 2.713E-18 0.00E+00
2.455E+02 8.305E-08 8.305E-08 2.840E-18 0.00E+00
2.427E+02 8.498E-08 8.498E-08 2.974E-18 0.00E+00
2.399E+02 8.695E-08 8.695E-08 3.114E-18 0.00E+00
2.371E+02 8.896E-08 8.896E-08 3.260E-18 0.00E+00
2.344E+02 9.103E-08 9.103E-08 3.413E-18 0.00E+00
2.317E+02 9.314E-08 9.314E-08 3.573E-18 0.00E+00
2.291E+02 9.530E-08 9.530E-08 3.741E-18 0.00E+00
2.265E+02 9.751E-08 9.751E-08 3.917E-18 0.00E+00
2.239E+02 9.977E-08 9.977E-08 4.100E-18 0.00E+00
2.213E+02 1.021E-07 1.021E-07 4.293E-18 0.00E+00
2.188E+02 1.045E-07 1.045E-07 4.494E-18 0.00E+00
2.163E+02 1.069E-07 1.069E-07 4.705E-18 0.00E+00
2.138E+02 1.094E-07 1.094E-07 4.926E-18 0.00E+00
2.113E+02 1.119E-07 1.119E-07 5.157E-18 0.00E+00
2.089E+02 1.145E-07 1.145E-07 5.399E-18 0.00E+00
2.065E+02 1.172E-07 1.172E-07 5.653E-18 0.00E+00
2.042E+02 1.199E-07 1.199E-07 5.918E-18 0.00E+00
2.018E+02 1.227E-07 1.227E-07 6.196E-18 0.00E+00
1.995E+02 1.255E-07 1.255E-07 6.486E-18 0.00E+00
1.972E+02 1.284E-07 1.284E-07 6.790E-18 0.00E+00
1.950E+02 1.314E-07 1.314E-07 7.109E-18 0.00E+00
1.928E+02 1.344E-07 1.344E-07 7.442E-18 0.00E+00
1.905E+02 1.376E-07 1.376E-07 7.791E-18 0.00E+00
1.884E+02 1.408E-07 1.408E-07 8.156E-18 0.00E+00
1.862E+02 1.440E-07 1.440E-07 8.539E-18 0.00E+00
1.841E+02 1.474E-07 1.474E-07 8.939E-18 0.00E+00
1.820E+02 1.508E-07 1.508E-07 9.358E-18 0.00E+00
1.799E+02 1.543E-07 1.543E-07 9.796E-18 0.00E+00
1.778E+02 1.579E-07 1.579E-07 1.025E-17 0.00E+00
1.758E+02 1.616E-07 1.616E-07 1.074E-17 0.00E+00
1.738E+02 1.653E-07 1.653E-07 1.124E-17 0.00E+00
1.718E+02 1.691E-07 1.691E-07 1.176E-17 0.00E+00
1.698E+02 1.731E-07 1.731E-07 1.232E-17 0.00E+00
1.679E+02 1.771E-07 1.771E-07 1.289E-17 0.00E+00
1.660E+02 1.812E-07 1.812E-07 1.350E-17 0.00E+00
1.641E+02 1.854E-07 1.854E-07 1.413E-17 0.00E+00
1.622E+02 1.897E-07 1.897E-07 1.479E-17 0.00E+00
1.603E+02 1.942E-07 1.942E-07 1.548E-17 0.00E+00
1.585E+02 1.987E-07 1.987E-07 1.620E-17 0.00E+00
1.567E+02 2.033E-07 2.033E-07 1.696E-17 0.00E+00
1.549E+02 2.080E-07 2.080E-07 1.775E-17 0.00E+00
1.531E+02 2.129E-07 2.129E-07 1.859E-17 0.00E+00
1.514E+02 2.178E-07 2.178E-07 1.945E-17 0.00E+00
1.496E+02 2.229E-07 2.229E-07 2.036E-17 0.00E+00
1.479E+02 2.281E-07 2.281E-07 2.131E-17 0.00E+00
1.462E+02 2.334E-07 2.334E-07 2.231E-17 0.00E+00
1.445E+02 2.388E-07 2.388E-07 2.335E-17 0.00E+00
1.429E+02 2.443E-07 2.443E-07 2.444E-17 0.00E+00
1.413E+02 2.500E-07 2.500E-07 2.558E-17 0.00E+00
1.396E+02 2.559E-07 2.559E-07 2.678E-17 0.00E+00
1.380E+02 2.618E-07 2.618E-07 2.803E-17 0.00E+00
1.365E+02 2.679E-07 2.679E-07 2.934E-17 0.00E+00
1.349E+02 2.741E-07 2.741E-07 3.071E-17 0.00E+00
1.334E+02 2.805E-07 2.805E-07 3.214E-17 0.00E+00
1.318E+02 2.871E-07 2.871E-07 3.364E-17 0.00E+00
1.303E+02 2.938E-07 2.938E-07 3.520E-17 0.00E+00
1.288E+02 3.006E-07 3.006E-07 3.684E-17 0.00E+00
1.274E+02 3.076E-07 3.076E-07 3.856E-17 0.00E+00
1.259E+02 3.148E-07 3.148E-07 4.036E-17 0.00E+00
1.245E+02 3.221E-07 3.221E-07 4.224E-17 0.00E+00
1.230E+02 3.296E-07 3.296E-07 4.420E-17 0.00E+00
1.216E+02 3.373E-07 3.373E-07 4.626E-17 0.00E+00
1.202E+02 3.452E-07 3.452E-07 4.841E-17 0.00E+00
1.189E+02 3.533E-07 3.533E-07 5.067E-17 0.00E+00
1.175E+02 3.615E-07 3.615E-07 5.302E-17 0.00E+00
1.161E+02 3.699E-07 3.699E-07 5.549E-17 0.00E+00
1.148E+02 3.786E-07 3.786E-07 5.807E-17 0.00E+00
1.135E+02 3.874E-07 3.874E-07 6.076E-17 0.00E+00
1.122E+02 3.965E-07 3.965E-07 6.359E-17 0.00E+00
1.109E+02 4.057E-07 4.057E-07 6.654E-17 0.00E+00
1.096E+02 4.152E-07 4.152E-07 6.963E-17 0.00E+00
1.084E+02 4.249E-07 4.249E-07 7.286E-17 0.00E+00
1.072E+02 4.349E-07 4.349E-07 7.623E-17 0.00E+00
1.059E+02 4.451E-07 4.451E-07 7.977E-17 0.00E+00
1.047E+02 4.555E-07 4.555E-07 8.347E-17 0.00E+00
1.035E+02 4.661E-07 4.661E-07 8.733E-17 0.00E+00
1.023E+02 4.771E-07 4.771E-07 9.138E-17 0.00E+00
1.012E+02 4.882E-07 4.882E-07 9.560E-17 0.00E+00
1.000E+02 4.997E-07 4.997E-07 1.000E-16 0.00E+00
9.886E+01 5.114E-07 5.114E-07 1.047E-16 0.00E+00
9.772E+01 5.234E-07 5.234E-07 1.095E-16 0.00E+00
9.661E+01 5.356E-07 5.356E-07 1.145E-16 0.00E+00
9.550E+01 5.482E-07 5.482E-07 1.198E-16 0.00E+00
9.441E+01 5.610E-07 5.610E-07 1.254E-16 0.00E+00
9.333E+01 5.741E-07 5.741E-07 1.312E-16 0.00E+00
9.226E+01 5.876E-07 5.876E-07 1.372E-16 0.00E+00
9.120E+01 6.014E-07 6.014E-07 1.435E-16 0.00E+00
9.016E+01 6.155E-07 6.155E-07 1.501E-16 0.00E+00
8.913E+01 6.299E-07 6.299E-07 1.570E-16 0.00E+00
8.810E+01 6.447E-07 6.447E-07 1.643E-16 0.00E+00
8.710E+01 6.598E-07 6.598E-07 1.718E-16 0.00E+00
8.610E+01 6.753E-07 6.753E-07 1.797E-16 0.00E+00
8.511E+01 6.912E-07 6.912E-07 1.880E-16 0.00E+00
8.414E+01 7.074E-07 7.074E-07 1.966E-16 0.00E+00
8.318E+01 7.241E-07 7.241E-07 2.057E-16 0.00E+00
8.222E+01 7.411E-07 7.411E-07 2.151E-16 0.00E+00
8.128E+01 7.586E-07 7.586E-07 2.250E-16 0.00E+00
8.035E+01 7.765E-07 7.765E-07 2.353E-16 0.00E+00
7.943E+01 7.948E-07 7.948E-07 2.461E-16 0.00E+00
7.852E+01 8.136E-07 8.136E-07 2.573E-16 0.00E+00
7.762E+01 8.328E-07 8.328E-07 2.691E-16 0.00E+00
7.674E+01 8.525E-07 8.525E-07 2.814E-16 0.00E+00
7.586E+01 8.727E-07 8.727E-07 2.943E-16 0.00E+00
7.499E+01 8.934E-07 8.934E-07 3.077E-16 0.00E+00
7.413E+01 9.146E-07 9.146E-07 3.218E-16 0.00E+00
7.328E+01 9.363E-07 9.363E-07 3.365E-16 0.00E+00
7.244E+01 9.585E-07 9.585E-07 3.518E-16 0.00E+00
7.161E+01 9.813E-07 9.813E-07 3.678E-16 0.00E+00
7.079E+01 1.005E-06 1.005E-06 3.846E-16 0.00E+00
6.998E+01 1.029E-06 1.029E-06 4.021E-16 0.00E+00
6.918E+01 1.053E-06 1.053E-06 4.204E-16 0.00E+00
6.839E+01 1.078E-06 1.078E-06 4.395E-16 0.00E+00
6.761E+01 1.104E-06 1.104E-06 4.595E-16 0.00E+00
6.683E+01 1.131E-06 1.131E-06 4.803E-16 0.00E+00
6.607E+01 1.158E-06 1.158E-06 5.021E-16 0.00E+00
6.531E+01 1.186E-06 1.186E-06 5.249E-16 0.00E+00
6.457E+01 1.215E-06 1.215E-06 5.487E-16 0.00E+00
6.383E+01 1.244E-06 1.244E-06 5.735E-16 0.00E+00
6.310E+01 1.274E-06 1.274E-06 5.995E-16 0.00E+00
6.237E+01 1.305E-06 1.305E-06 6.266E-16 0.00E+00
6.166E+01 1.337E-06 1.337E-06 6.549E-16 0.00E+00
6.095E+01 1.370E-06 1.370E-06 6.845E-16 0.00E+00
6.026E+01 1.403E-06 1.403E-06 7.154E-16 0.00E+00
5.957E+01 1.438E-06 1.438E-06 7.477E-16 0.00E+00
5.888E+01 1.473E-06 1.473E-06 7.814E-16 0.00E+00
5.821E+01 1.509E-06 1.509E-06 8.166E-16 0.00E+00
5.754E+01 1.547E-06 1.547E-06 8.533E-16 0.00E+00
5.689E+01 1.585E-06 1.585E-06 8.917E-16 0.00E+00
5.623E+01 1.625E-06 1.625E-06 9.318E-16 0.00E+00
5.559E+01 1.665E-06 1.665E-06 9.737E-16 0.00E+00
5.495E+01 1.707E-06 1.707E-06 1.017E-15 0.00E+00
5.433E+01 1.750E-06 1.750E-06 1.063E-15 0.00E+00
5.370E+01 1.795E-06 1.795E-06 1.111E-15 0.00E+00
5.309E+01 1.840E-06 1.840E-06 1.161E-15 0.00E+00
5.248E+01 1.887E-06 1.887E-06 1.213E-15 0.00E+00
5.188E+01 1.936E-06 1.936E-06 1.267E-15 0.00E+00
5.129E+01 1.986E-06 1.986E-06 1.324E-15 0.00E+00
5.070E+01 2.037E-06 2.037E-06 1.383E-15 0.00E+00
5.012E+01 2.090E-06 2.090E-06 1.445E-15 0.00E+00
4.955E+01 2.145E-06 2.145E-06 1.510E-15 0.00E+00
4.898E+01 2.202E-06 2.202E-06 1.577E-15 0.00E+00
4.842E+01 2.260E-06 2.260E-06 1.647E-15 0.00E+00
4.786E+01 2.320E-06 2.320E-06 1.721E-15 0.00E+00
4.732E+01 2.382E-06 2.382E-06 1.798E-15 0.00E+00
4.677E+01 2.447E-06 2.447E-06 1.878E-15 0.00E+00
4.624E+01 2.513E-06 2.513E-06 1.962E-15 0.00E+00
4.571E+01 2.581E-06 2.581E-06 2.049E-15 0.00E+00
4.519E+01 2.652E-06 2.652E-06 2.141E-15 0.00E+00
4.467E+01 2.725E-06 2.725E-06 2.236E-15 0.00E+00
4.416E+01 2.801E-06 2.801E-06 2.336E-15 0.00E+00
4.365E+01 2.879E-06 2.879E-06 2.440E-15 0.00E+00
4.315E+01 2.960E-06 2.960E-06 2.548E-15 0.00E+00
4.266E+01 3.044E-06 3.044E-06 2.662E-15 0.00E+00
4.217E+01 3.131E-06 3.131E-06 2.780E-15 0.00E+00
4.169E+01 3.220E-06 3.220E-06 2.904E-15 0.00E+00
4.121E+01 3.313E-06 3.313E-06 3.033E-15 0.00E+00
4.074E+01 3.409E-06 3.409E-06 3.168E-15 0.00E+00
4.027E+01 3.509E-06 3.509E-06 3.309E-15 0.00E+00
3.981E+01 3.611E-06 3.611E-06 3.456E-15 0.00E+00
3.936E+01 3.718E-06 3.718E-06 3.610E-15 0.00E+00
3.890E+01 3.828E-06 3.828E-06 3.771E-15 0.00E+00
3.846E+01 3.941E-06 3.941E-06 3.938E-15 0.00E+00
3.802E+01 4.059E-06 4.059E-06 4.114E-15 0.00E+00
3.758E+01 4.180E-06 4.180E-06 4.297E-15 0.00E+00
3.715E+01 4.306E-06 4.306E-06 4.489E-15 0.00E+00
3.673E+01 4.435E-06 4.435E-06 4.689E-15 0.00E+00
3.631E+01 4.568E-06 4.568E-06 4.898E-15 0.00E+00
3.589E+01 4.706E-06 4.706E-06 5.116E-15 0.00E+00
3.548E+01 4.847E-06 4.847E-06 5.345E-15 0.00E+00
3.508E+01 4.993E-06 4.993E-06 5.583E-15 0.00E+00
3.467E+01 5.142E-06 5.142E-06 5.833E-15 0.00E+00
3.428E+01 5.295E-06 5.295E-06 6.094E-15 0.00E+00
3.388E+01 5.452E-06 5.452E-06 6.366E-15 0.00E+00
3.350E+01 5.612E-06 5.612E-06 6.651E-15 0.00E+00
3.311E+01 5.775E-06 5.775E-06 6.949E-15 0.00E+00
3.273E+01 5.941E-06 5.941E-06 7.261E-15 0.00E+00
3.236E+01 6.109E-06 6.109E-06 7.587E-15 0.00E+00
3.199E+01 6.280E-06 6.280E-06 7.928E-15 0.00E+00
3.162E+01 6.452E-06 6.452E-06 8.284E-15 0.00E+00
3.126E+01 6.624E-06 6.624E-06 8.657E-15 0.00E+00
3.090E+01 6.798E-06 6.798E-06 9.046E-15 0.00E+00
3.055E+01 6.970E-06 6.970E-06 9.454E-15 0.00E+00
3.020E+01 7.142E-06 7.142E-06 9.880E-15 0.00E+00
2.985E+01 7.313E-06 7.313E-06 1.033E-14 0.00E+00
2.951E+01 7.481E-06 7.481E-06 1.079E-14 0.00E+00
2.917E+01 7.647E-06 7.647E-06 1.128E-14 0.00E+00
2.884E+01 7.810E-06 7.810E-06 1.179E-14 0.00E+00
2.851E+01 7.969E-06 7.969E-06 1.233E-14 0.00E+00
2.818E+01 8.124E-06 8.124E-06 1.288E-14 0.00E+00
2.786E+01 8.276E-06 8.276E-06 1.347E-14 0.00E+00
2.754E+01 8.426E-06 8.426E-06 1.408E-14 0.00E+00
2.723E+01 8.574E-06 8.574E-06 1.472E-14 0.00E+00
2.692E+01 8.724E-06 8.724E-06 1.539E-14 0.00E+00
2.661E+01 8.878E-06 8.878E-06 1.609E-14 0.00E+00
2.630E+01 9.042E-06 9.042E-06 1.683E-14 0.00E+00
2.600E+01 9.223E-06 9.223E-06 1.760E-14 0.00E+00
2.570E+01 9.433E-06 9.433E-06 1.840E-14 0.00E+00
2.541E+01 9.691E-06 9.691E-06 1.924E-14 0.00E+00
2.512E+01 1.002E-05 1.002E-05 2.012E-14 0.00E+00
2.483E+01 1.048E-05 1.048E-05 2.104E-14 0.00E+00
2.455E+01 1.115E-05 1.115E-05 2.201E-14 0.00E+00
2.427E+01 1.219E-05 1.219E-05 2.302E-14 0.00E+00
2.399E+01 1.391E-05 1.391E-05 2.407E-14 0.00E+00
2.371E+01 1.689E-05 1.689E-05 2.518E-14 0.00E+00
2.344E+01 2.181E-05 2.181E-05 2.634E-14 0.00E+00
2.317E+01 2.682E-05 2.682E-05 2.755E-14 0.00E+00
2.291E+01 2.607E-05 2.607E-05 2.882E-14 0.00E+00
2.265E+01 2.227E-05 2.227E-05 3.015E-14 0.00E+00
2.239E+01 2.075E-05 2.075E-05 3.154E-14 0.00E+00
2.213E+01 2.249E-05 2.249E-05 3.300E-14 0.00E+00
2.188E+01 2.862E-05 2.862E-05 3.453E-14 0.00E+00
2.163E+01 4.269E-05 4.269E-05 3.613E-14 0.00E+00
2.138E+01 6.771E-05 6.771E-05 3.780E-14 0.00E+00
2.113E+01 7.716E-05 7.716E-05 3.956E-14 0.00E+00
2.089E+01 5.236E-05 5.236E-05 4.140E-14 0.00E+00
2.065E+01 3.198E-05 3.198E-05 4.332E-14 0.00E+00
2.042E+01 2.158E-05 2.158E-05 4.533E-14 0.00E+00
2.018E+01 1.624E-05 1.624E-05 4.744E-14 0.00E+00
1.995E+01 1.329E-05 1.329E-05 4.965E-14 0.00E+00
1.972E+01 1.159E-05 1.159E-05 5.195E-14 0.00E+00
1.950E+01 1.067E-05 1.067E-05 5.437E-14 0.00E+00
1.928E+01 1.037E-05 1.037E-05 5.690E-14 0.00E+00
1.905E+01 1.084E-05 1.084E-05 5.955E-14 0.00E+00
1.884E+01 1.277E-05 1.277E-05 6.233E-14 0.00E+00
1.862E+01 1.911E-05 1.911E-05 6.524E-14 0.00E+00
1.841E+01 4.455E-05 4.455E-05 6.829E-14 0.00E+00
1.820E+01 7.148E-05 7.148E-05 7.149E-14 0.00E+00
1.799E+01 2.668E-05 2.668E-05 7.483E-14 0.00E+00
1.778E+01 1.396E-05 1.396E-05 7.833E-14 0.00E+00
1.758E+01 1.005E-05 1.005E-05 8.200E-14 0.00E+00
1.738E+01 8.528E-06 8.528E-06 8.585E-14 0.00E+00
1.718E+01 8.022E-06 8.022E-06 8.987E-14 0.00E+00
1.698E+01 8.364E-06 8.364E-06 9.409E-14 0.00E+00
1.679E+01 1.047E-05 1.047E-05 9.850E-14 0.00E+00
1.660E+01 2.151E-05 2.151E-05 1.031E-13 0.00E+00
1.641E+01 1.148E-04 1.148E-04 1.080E-13 0.00E+00
1.622E+01 2.297E-05 2.297E-05 1.130E-13 0.00E+00
1.603E+01 1.010E-05 1.010E-05 1.184E-13 0.00E+00
1.585E+01 7.381E-06 7.381E-06 1.239E-13 0.00E+00
1.567E+01 6.409E-06 6.409E-06 1.297E-13 0.00E+00
1.549E+01 5.979E-06 5.979E-06 1.359E-13 0.00E+00
1.531E+01 5.785E-06 5.785E-06 1.422E-13 0.00E+00
1.514E+01 5.722E-06 5.722E-06 1.489E-13 0.00E+00
1.496E+01 5.752E-06 5.752E-06 1.560E-13 0.00E+00
1.479E+01 5.859E-06 5.859E-06 1.633E-13 0.00E+00
1.462E+01 6.044E-06 6.044E-06 1.710E-13 0.00E+00
1.445E+01 6.315E-06 6.315E-06 1.791E-13 0.00E+00
1.429E+01 6.692E-06 6.692E-06 1.875E-13 0.00E+00
1.413E+01 7.206E-06 7.206E-06 1.964E-13 0.00E+00
1.396E+01 7.906E-06 7.906E-06 2.056E-13 0.00E+00
1.380E+01 8.871E-06 8.871E-06 2.153E-13 0.00E+00
1.365E+01 1.023E-05 1.023E-05 2.255E-13 0.00E+00
1.349E+01 1.219E-05 1.219E-05 2.361E-13 0.00E+00
1.334E+01 1.511E-05 1.511E-05 2.472E-13 0.00E+00
1.318E+01 1.953E-05 1.953E-05 2.589E-13 0.00E+00
1.303E+01 2.606E-05 2.606E-05 2.711E-13 0.00E+00
1.288E+01 3.436E-05 3.436E-05 2.839E-13 0.00E+00
1.274E+01 4.059E-05 4.059E-05 2.973E-13 0.00E+00
1.259E+01 3.958E-05 3.958E-05 3.113E-13 0.00E+00
1.245E+01 3.394E-05 3.394E-05 3.260E-13 0.00E+00
1.230E+01 2.988E-05 2.988E-05 3.414E-13 0.00E+00
1.216E+01 3.099E-05 3.099E-05 3.575E-13 0.00E+00
1.202E+01 4.247E-05 4.247E-05 3.744E-13 0.00E+00
1.189E+01 5.821E-05 5.821E-05 3.925E-13 0.00E+00
1.175E+01 4.823E-05 4.823E-05 4.118E-13 0.00E+00
1.161E+01 5.428E-05 5.428E-05 4.331E-13 0.00E+00
1.148E+01 8.525E-05 8.525E-05 4.409E-13 0.00E+00
1.135E+01 1.357E-04 1.357E-04 4.684E-13 0.00E+00
1.122E+01 1.240E-04 1.240E-04 4.914E-13 0.00E+00
1.109E+01 7.109E-05 7.109E-05 5.152E-13 0.00E+00
1.096E+01 4.120E-05 4.120E-05 5.399E-13 0.00E+00
1.084E+01 2.698E-05 2.698E-05 5.656E-13 0.00E+00
1.072E+01 1.968E-05 1.968E-05 5.924E-13 0.00E+00
1.059E+01 1.559E-05 1.559E-05 6.203E-13 0.00E+00
1.047E+01 1.315E-05 1.315E-05 6.494E-13 0.00E+00
1.035E+01 1.164E-05 1.164E-05 6.799E-13 0.00E+00
1.023E+01 1.070E-05 1.070E-05 7.120E-13 0.00E+00
1.012E+01 1.016E-05 1.016E-05 7.455E-13 0.00E+00
1.000E+01 9.892E-06 9.892E-06 7.807E-13 0.00E+00
9.886E+00 9.854E-06 9.854E-06 8.175E-13 0.00E+00
9.772E+00 1.001E-05 1.001E-05 8.560E-13 0.00E+00
9.661E+00 1.037E-05 1.037E-05 8.965E-13 0.00E+00
9.550E+00 1.093E-05 1.093E-05 9.387E-13 0.00E+00
9.441E+00 1.175E-05 1.175E-05 9.829E-13 0.00E+00
9.333E+00 1.288E-05 1.288E-05 1.029E-12 0.00E+00
9.226E+00 1.446E-05 1.446E-05 1.078E-12 0.00E+00
9.120E+00 1.671E-05 1.671E-05 1.128E-12 0.00E+00
9.016E+00 2.005E-05 2.005E-05 1.181E-12 0.00E+00
8.913E+00 2.531E-05 2.531E-05 1.237E-12 0.00E+00
8.810E+00 3.396E-05 3.396E-05 1.295E-12 0.00E+00
8.710E+00 4.719E-05 4.719E-05 1.356E-12 0.00E+00
8.610E+00 5.854E-05 5.854E-05 1.420E-12 0.00E+00
8.511E+00 5.580E-05 5.580E-05 1.486E-12 0.00E+00
8.414E+00 4.876E-05 4.876E-05 1.556E-12 0.00E+00
8.318E+00 4.705E-05 4.705E-05 1.629E-12 0.00E+00
8.222E+00 5.080E-05 5.080E-05 1.706E-12 0.00E+00
8.128E+00 5.926E-05 5.926E-05 1.786E-12 0.00E+00
8.035E+00 7.230E-05 7.230E-05 1.870E-12 0.00E+00
7.943E+00 8.960E-05 8.960E-05 1.957E-12 0.00E+00
7.852E+00 1.089E-04 1.089E-04 2.049E-12 5.20E-07
7.762E+00 1.239E-04 1.239E-04 2.145E-12 5.35E-07
7.674E+00 1.267E-04 1.267E-04 2.246E-12 5.49E-07
7.586E+00 1.154E-04 1.154E-04 2.351E-12 5.62E-07
7.499E+00 9.625E-05 9.625E-05 2.461E-12 5.76E-07
7.413E+00 7.693E-05 7.693E-05 2.577E-12 5.90E-07
7.328E+00 6.094E-05 6.094E-05 2.698E-12 6.03E-07
7.244E+00 4.879E-05 4.879E-05 2.824E-12 6.18E-07
7.161E+00 3.987E-05 3.987E-05 2.957E-12 6.32E-07
7.079E+00 3.340E-05 3.340E-05 3.095E-12 6.46E-07
6.998E+00 2.878E-05 2.878E-05 3.240E-12 6.61E-07
6.918E+00 2.557E-05 2.557E-05 3.392E-12 6.77E-07
6.839E+00 2.350E-05 2.350E-05 3.551E-12 6.92E-07
6.761E+00 2.246E-05 2.246E-05 3.717E-12 7.09E-07
6.683E+00 2.250E-05 2.250E-05 3.891E-12 7.25E-07
6.607E+00 2.387E-05 2.387E-05 4.074E-12 7.42E-07
6.531E+00 2.721E-05 2.721E-05 4.264E-12 7.59E-07
6.457E+00 3.379E-05 3.379E-05 4.464E-12 7.77E-07
6.383E+00 4.614E-05 4.614E-05 4.672E-12 7.97E-07
6.310E+00 6.747E-05 6.747E-05 4.890E-12 8.33E-07
6.237E+00 9.252E-05 9.252E-05 5.121E-12 8.21E-07
6.166E+00 9.279E-05 9.279E-05 5.360E-12 8.43E-07
6.095E+00 6.709E-05 6.709E-05 5.611E-12 8.62E-07
6.026E+00 4.423E-05 4.423E-05 5.873E-12 8.81E-07
5.957E+00 3.038E-05 3.038E-05 6.147E-12 9.01E-07
5.888E+00 2.230E-05 2.230E-05 6.435E-12 9.21E-07
5.821E+00 1.738E-05 1.738E-05 6.735E-12 9.41E-07
5.754E+00 1.420E-05 1.420E-05 7.050E-12 9.62E-07
5.689E+00 1.204E-05 1.204E-05 7.379E-12 9.83E-07
5.623E+00 1.051E-05 1.051E-05 7.724E-12 1.00E-06
5.559E+00 9.383E-06 9.383E-06 8.084E-12 1.03E-06
5.495E+00 8.529E-06 8.529E-06 8.461E-12 1.05E-06
5.433E+00 7.866E-06 7.866E-06 8.856E-12 1.07E-06
5.370E+00 7.342E-06 7.342E-06 9.269E-12 1.10E-06
5.309E+00 6.920E-06 6.920E-06 9.702E-12 1.12E-06
5.248E+00 6.578E-06 6.578E-06 1.015E-11 1.14E-06
5.188E+00 6.296E-06 6.296E-06 1.063E-11 1.17E-06
5.129E+00 6.063E-06 6.063E-06 1.112E-11 1.20E-06
5.070E+00 5.870E-06 5.870E-06 1.164E-11 1.22E-06
5.012E+00 5.708E-06 5.708E-06 1.218E-11 1.25E-06
4.955E+00 5.573E-06 5.573E-06 1.275E-11 1.28E-06
4.898E+00 5.459E-06 5.459E-06 1.334E-11 1.31E-06
4.842E+00 5.366E-06 5.366E-06 1.396E-11 1.33E-06
4.786E+00 5.289E-06 5.289E-06 1.461E-11 1.36E-06
4.732E+00 5.226E-06 5.226E-06 1.530E-11 1.39E-06
4.677E+00 5.177E-06 5.177E-06 1.601E-11 1.42E-06
4.624E+00 5.138E-06 5.138E-06 1.675E-11 1.45E-06
4.571E+00 5.111E-06 5.110E-06 1.753E-11 1.49E-06
4.519E+00 5.092E-06 5.092E-06 1.835E-11 1.52E-06
4.467E+00 5.082E-06 5.082E-06 1.920E-11 1.55E-06
4.416E+00 5.079E-06 5.079E-06 2.009E-11 1.58E-06
4.365E+00 5.084E-06 5.084E-06 2.103E-11 1.62E-06
4.315E+00 5.096E-06 5.096E-06 2.201E-11 1.65E-06
4.266E+00 5.114E-06 5.114E-06 2.303E-11 1.69E-06
4.217E+00 5.139E-06 5.139E-06 2.410E-11 1.72E-06
4.169E+00 5.169E-06 5.169E-06 2.522E-11 1.76E-06
4.121E+00 5.206E-06 5.206E-06 2.639E-11 1.80E-06
4.074E+00 5.249E-06 5.249E-06 2.762E-11 1.84E-06
4.027E+00 5.299E-06 5.299E-06 2.890E-11 1.88E-06
3.981E+00 5.355E-06 5.355E-06 3.024E-11 1.91E-06
3.936E+00 5.418E-06 5.418E-06 3.165E-11 1.96E-06
3.890E+00 5.490E-06 5.490E-06 3.311E-11 2.00E-06
3.846E+00 5.571E-06 5.571E-06 3.465E-11 2.04E-06
3.802E+00 5.665E-06 5.665E-06 3.626E-11 2.08E-06
3.758E+00 5.773E-06 5.773E-06 3.795E-11 2.12E-06
3.715E+00 5.900E-06 5.900E-06 3.971E-11 2.17E-06
3.673E+00 6.054E-06 6.054E-06 4.155E-11 2.21E-06
3.631E+00 6.247E-06 6.247E-06 4.349E-11 2.26E-06
3.589E+00 6.499E-06 6.499E-06 4.550E-11 2.30E-06
3.548E+00 6.850E-06 6.850E-06 4.762E-11 2.35E-06
3.508E+00 7.374E-06 7.374E-06 4.983E-11 2.40E-06
3.467E+00 8.246E-06 8.246E-06 5.214E-11 2.44E-06
3.428E+00 9.928E-06 9.928E-06 5.456E-11 2.49E-06
3.388E+00 1.399E-05 1.399E-05 5.709E-11 2.54E-06
3.350E+00 2.864E-05 2.864E-05 5.973E-11 2.60E-06
3.311E+00 1.269E-04 1.269E-04 6.250E-11 2.65E-06
3.273E+00 6.351E-05 6.351E-05 6.539E-11 2.70E-06
3.236E+00 2.029E-05 2.028E-05 6.844E-11 2.76E-06
3.199E+00 1.231E-05 1.231E-05 7.160E-11 2.81E-06
3.162E+00 9.733E-06 9.733E-06 7.491E-11 2.87E-06
3.126E+00 8.659E-06 8.659E-06 7.838E-11 2.93E-06
3.090E+00 8.135E-06 8.135E-06 8.202E-11 2.99E-06
3.055E+00 7.869E-06 7.869E-06 8.582E-11 3.05E-06
3.020E+00 7.738E-06 7.738E-06 8.979E-11 3.11E-06
2.985E+00 7.689E-06 7.689E-06 9.395E-11 3.18E-06
2.951E+00 7.687E-06 7.686E-06 9.829E-11 3.24E-06
2.917E+00 7.718E-06 7.718E-06 1.028E-10 3.31E-06
2.884E+00 7.773E-06 7.772E-06 1.076E-10 3.37E-06
2.851E+00 7.844E-06 7.844E-06 1.126E-10 3.44E-06
2.818E+00 7.929E-06 7.928E-06 1.178E-10 3.51E-06
2.786E+00 8.022E-06 8.022E-06 1.232E-10 3.58E-06
2.754E+00 8.124E-06 8.124E-06 1.289E-10 3.65E-06
2.723E+00 8.235E-06 8.235E-06 1.349E-10 3.73E-06
2.692E+00 8.350E-06 8.350E-06 1.411E-10 3.80E-06
2.661E+00 8.470E-06 8.470E-06 1.477E-10 3.88E-06
2.630E+00 8.597E-06 8.596E-06 1.545E-10 3.96E-06
2.600E+00 8.725E-06 8.725E-06 1.616E-10 4.04E-06
2.570E+00 8.857E-06 8.857E-06 1.690E-10 4.13E-06
2.541E+00 8.992E-06 8.992E-06 1.768E-10 4.21E-06
2.512E+00 9.132E-06 9.132E-06 1.850E-10 4.30E-06
2.483E+00 9.276E-06 9.276E-06 1.935E-10 4.39E-06
2.455E+00 9.423E-06 9.423E-06 2.025E-10 4.48E-06
2.427E+00 9.575E-06 9.574E-06 2.118E-10 4.57E-06
2.399E+00 9.730E-06 9.729E-06 2.216E-10 4.66E-06
2.371E+00 9.889E-06 9.888E-06 2.318E-10 4.76E-06
2.344E+00 1.005E-05 1.005E-05 2.425E-10 4.85E-06
2.317E+00 1.022E-05 1.022E-05 2.537E-10 4.95E-06
2.291E+00 1.039E-05 1.039E-05 2.655E-10 5.05E-06
2.265E+00 1.056E-05 1.056E-05 2.777E-10 5.15E-06
2.239E+00 1.074E-05 1.074E-05 2.905E-10 5.25E-06
2.213E+00 1.092E-05 1.092E-05 3.040E-10 5.36E-06
2.188E+00 1.111E-05 1.111E-05 3.180E-10 5.46E-06
2.163E+00 1.130E-05 1.130E-05 3.327E-10 5.57E-06
2.138E+00 1.149E-05 1.149E-05 3.480E-10 5.68E-06
2.113E+00 1.169E-05 1.168E-05 3.641E-10 5.79E-06
2.089E+00 1.188E-05 1.188E-05 3.809E-10 5.91E-06
2.065E+00 1.208E-05 1.208E-05 3.984E-10 6.03E-06
2.042E+00 1.229E-05 1.229E-05 4.168E-10 6.15E-06
2.018E+00 1.250E-05 1.250E-05 4.360E-10 6.28E-06
1.995E+00 1.271E-05 1.271E-05 4.561E-10 6.40E-06
1.972E+00 1.293E-05 1.293E-05 4.772E-10 6.53E-06
1.950E+00 1.316E-05 1.316E-05 4.992E-10 6.66E-06
1.928E+00 1.338E-05 1.338E-05 5.222E-10 6.79E-06
1.905E+00 1.362E-05 1.362E-05 5.463E-10 6.93E-06
1.884E+00 1.385E-05 1.385E-05 5.715E-10 7.06E-06
1.862E+00 1.410E-05 1.409E-05 5.978E-10 7.20E-06
1.841E+00 1.434E-05 1.434E-05 6.254E-10 7.34E-06
1.820E+00 1.459E-05 1.459E-05 6.543E-10 7.49E-06
1.799E+00 1.485E-05 1.485E-05 6.845E-10 7.63E-06
1.778E+00 1.511E-05 1.511E-05 7.160E-10 7.78E-06
1.758E+00 1.538E-05 1.538E-05 7.490E-10 7.93E-06
1.738E+00 1.565E-05 1.565E-05 7.836E-10 8.09E-06
1.718E+00 1.593E-05 1.593E-05 8.196E-10 8.25E-06
1.698E+00 1.621E-05 1.621E-05 8.574E-10 8.41E-06
1.679E+00 1.650E-05 1.650E-05 8.968E-10 8.57E-06
1.660E+00 1.679E-05 1.679E-05 9.381E-10 8.74E-06
1.641E+00 1.708E-05 1.708E-05 9.813E-10 8.92E-06
1.622E+00 1.738E-05 1.738E-05 1.026E-09 9.10E-06
1.603E+00 1.768E-05 1.768E-05 1.074E-09 9.28E-06
1.585E+00 1.799E-05 1.799E-05 1.123E-09 9.47E-06
1.567E+00 1.830E-05 1.830E-05 1.175E-09 9.66E-06
1.549E+00 1.862E-05 1.862E-05 1.229E-09 9.85E-06
1.531E+00 1.894E-05 1.894E-05 1.285E-09 1.00E-05
1.514E+00 1.927E-05 1.927E-05 1.345E-09 1.02E-05
1.496E+00 1.961E-05 1.961E-05 1.407E-09 1.04E-05
1.479E+00 1.996E-05 1.996E-05 1.472E-09 1.06E-05
1.462E+00 2.032E-05 2.032E-05 1.540E-09 1.08E-05
1.445E+00 2.069E-05 2.068E-05 1.611E-09 1.11E-05
1.429E+00 2.106E-05 2.106E-05 1.685E-09 1.13E-05
1.413E+00 2.145E-05 2.145E-05 1.763E-09 1.15E-05
1.396E+00 2.184E-05 2.184E-05 1.844E-09 1.17E-05
1.380E+00 2.224E-05 2.224E-05 1.929E-09 1.19E-05
1.365E+00 2.266E-05 2.265E-05 2.018E-09 1.21E-05
1.349E+00 2.307E-05 2.307E-05 2.111E-09 1.24E-05
1.334E+00 2.350E-05 2.350E-05 2.209E-09 1.26E-05
1.318E+00 2.394E-05 2.394E-05 2.310E-09 1.29E-05
1.303E+00 2.439E-05 2.439E-05 2.417E-09 1.31E-05
1.288E+00 2.485E-05 2.484E-05 2.528E-09 1.34E-05
1.274E+00 2.531E-05 2.531E-05 2.644E-09 1.36E-05
1.259E+00 2.580E-05 2.579E-05 2.765E-09 1.39E-05
1.245E+00 2.629E-05 2.628E-05 2.892E-09 1.42E-05
1.230E+00 2.679E-05 2.678E-05 3.026E-09 1.44E-05
1.216E+00 2.730E-05 2.730E-05 3.165E-09 1.47E-05
1.202E+00 2.784E-05 2.784E-05 3.311E-09 1.50E-05
1.189E+00 2.840E-05 2.839E-05 3.464E-09 1.53E-05
1.175E+00 2.898E-05 2.898E-05 3.623E-09 1.56E-05
1.161E+00 2.959E-05 2.958E-05 3.790E-09 1.59E-05
1.148E+00 3.023E-05 3.022E-05 3.965E-09 1.62E-05
1.135E+00 3.090E-05 3.090E-05 4.147E-09 1.65E-05
1.122E+00 3.162E-05 3.162E-05 4.338E-09 1.68E-05
1.109E+00 3.240E-05 3.239E-05 4.538E-09 1.71E-05
1.096E+00 3.323E-05 3.322E-05 4.747E-09 1.75E-05
1.084E+00 3.414E-05 3.413E-05 4.965E-09 1.78E-05
1.072E+00 3.513E-05 3.513E-05 5.194E-09 1.81E-05
1.059E+00 3.624E-05 3.624E-05 5.433E-09 1.85E-05
1.047E+00 3.749E-05 3.748E-05 5.682E-09 1.88E-05
1.035E+00 3.892E-05 3.891E-05 5.943E-09 1.92E-05
1.023E+00 4.058E-05 4.057E-05 6.216E-09 1.96E-05
1.012E+00 4.254E-05 4.253E-05 6.502E-09 1.99E-05
1.000E+00 4.489E-05 4.488E-05 6.800E-09 2.03E-05
9.886E-01 4.777E-05 4.776E-05 7.112E-09 2.07E-05
9.772E-01 5.136E-05 5.135E-05 7.438E-09 2.11E-05
9.661E-01 5.592E-05 5.591E-05 7.779E-09 2.15E-05
9.550E-01 6.182E-05 6.181E-05 8.136E-09 2.19E-05
9.441E-01 6.961E-05 6.960E-05 8.509E-09 2.23E-05
9.333E-01 8.006E-05 8.006E-05 8.898E-09 2.28E-05
9.226E-01 9.428E-05 9.427E-05 9.305E-09 2.32E-05
9.120E-01 1.138E-04 1.137E-04 9.731E-09 2.37E-05
9.016E-01 1.404E-04 1.404E-04 1.018E-08 2.41E-05
8.913E-01 1.759E-04 1.759E-04 1.064E-08 2.46E-05
8.810E-01 2.212E-04 2.212E-04 1.113E-08 2.51E-05
8.710E-01 2.747E-04 2.747E-04 1.163E-08 2.56E-05
8.610E-01 3.327E-04 3.327E-04 1.217E-08 2.61E-05
8.511E-01 3.908E-04 3.908E-04 1.272E-08 2.67E-05
8.414E-01 4.458E-04 4.458E-04 1.330E-08 2.72E-05
8.318E-01 4.967E-04 4.967E-04 1.391E-08 2.78E-05
8.222E-01 5.435E-04 5.435E-04 1.454E-08 2.83E-05
8.128E-01 5.875E-04 5.875E-04 1.520E-08 2.89E-05
8.035E-01 6.304E-04 6.304E-04 1.589E-08 2.95E-05
7.943E-01 6.752E-04 6.752E-04 1.662E-08 3.01E-05
7.852E-01 7.256E-04 7.256E-04 1.737E-08 3.07E-05
7.762E-01 7.867E-04 7.867E-04 1.817E-08 3.14E-05
7.674E-01 8.650E-04 8.650E-04 1.899E-08 3.20E-05
7.586E-01 9.681E-04 9.681E-04 1.986E-08 3.27E-05
7.499E-01 1.104E-03 1.104E-03 2.076E-08 3.34E-05
7.413E-01 1.275E-03 1.275E-03 2.170E-08 3.41E-05
7.328E-01 1.480E-03 1.480E-03 2.269E-08 3.48E-05
7.244E-01 1.704E-03 1.704E-03 2.373E-08 3.56E-05
7.161E-01 1.934E-03 1.934E-03 2.481E-08 3.63E-05
7.079E-01 2.162E-03 2.162E-03 2.594E-08 3.71E-05
6.998E-01 2.385E-03 2.385E-03 2.712E-08 3.79E-05
6.918E-01 2.605E-03 2.605E-03 2.835E-08 3.87E-05
6.839E-01 2.824E-03 2.824E-03 2.964E-08 3.96E-05
6.761E-01 3.045E-03 3.045E-03 3.100E-08 4.05E-05
6.683E-01 3.270E-03 3.270E-03 3.241E-08 4.13E-05
6.607E-01 3.500E-03 3.500E-03 3.389E-08 4.22E-05
6.531E-01 3.737E-03 3.737E-03 3.544E-08 4.32E-05
6.457E-01 3.983E-03 3.983E-03 3.706E-08 4.41E-05
6.383E-01 4.237E-03 4.237E-03 3.876E-08 4.51E-05
6.310E-01 4.501E-03 4.501E-03 4.054E-08 4.61E-05
6.237E-01 4.776E-03 4.776E-03 4.241E-08 4.72E-05
6.166E-01 5.062E-03 5.062E-03 4.436E-08 4.82E-05
6.095E-01 5.359E-03 5.359E-03 4.640E-08 4.93E-05
6.026E-01 5.669E-03 5.669E-03 4.854E-08 5.04E-05
5.957E-01 5.992E-03 5.992E-03 5.078E-08 5.15E-05
5.888E-01 6.328E-03 6.328E-03 5.313E-08 5.27E-05
5.821E-01 6.678E-03 6.677E-03 5.559E-08 5.38E-05
5.754E-01 7.041E-03 7.041E-03 5.817E-08 5.50E-05
5.689E-01 7.420E-03 7.420E-03 6.088E-08 5.62E-05
5.623E-01 7.814E-03 7.814E-03 6.371E-08 5.75E-05
5.559E-01 8.223E-03 8.223E-03 6.669E-08 5.87E-05
5.495E-01 8.648E-03 8.648E-03 6.981E-08 6.00E-05
5.433E-01 9.090E-03 9.090E-03 7.309E-08 6.14E-05
5.370E-01 9.548E-03 9.548E-03 7.653E-08 6.27E-05
5.309E-01 1.002E-02 1.002E-02 8.014E-08 6.41E-05
5.248E-01 1.052E-02 1.052E-02 8.393E-08 6.55E-05
5.188E-01 1.103E-02 1.103E-02 8.791E-08 6.69E-05
5.129E-01 1.156E-02 1.156E-02 9.209E-08 6.84E-05
5.070E-01 1.211E-02 1.211E-02 9.648E-08 6.99E-05
5.012E-01 1.267E-02 1.267E-02 1.011E-07 7.14E-05
4.955E-01 1.326E-02 1.326E-02 1.059E-07 7.29E-05
4.898E-01 1.387E-02 1.387E-02 1.110E-07 7.45E-05
4.842E-01 1.450E-02 1.450E-02 1.164E-07 7.61E-05
4.786E-01 1.514E-02 1.514E-02 1.219E-07 7.77E-05
4.732E-01 1.581E-02 1.581E-02 1.278E-07 7.93E-05
4.677E-01 1.650E-02 1.650E-02 1.339E-07 8.09E-05
4.624E-01 1.721E-02 1.721E-02 1.404E-07 8.26E-05
4.571E-01 1.795E-02 1.795E-02 1.472E-07 8.42E-05
4.519E-01 1.871E-02 1.871E-02 1.543E-07 8.59E-05
4.467E-01 1.948E-02 1.948E-02 1.618E-07 8.76E-05
4.416E-01 2.029E-02 2.029E-02 1.697E-07 8.93E-05
4.365E-01 2.111E-02 2.111E-02 1.780E-07 9.10E-05
4.315E-01 2.196E-02 2.196E-02 1.866E-07 9.27E-05
4.266E-01 2.283E-02 2.283E-02 1.957E-07 9.43E-05
4.217E-01 2.373E-02 2.373E-02 2.052E-07 9.60E-05
4.169E-01 2.465E-02 2.465E-02 2.152E-07 9.77E-05
4.121E-01 2.560E-02 2.560E-02 2.256E-07 9.94E-05
4.074E-01 2.657E-02 2.657E-02 2.366E-07 1.01E-04
4.027E-01 2.756E-02 2.756E-02 2.482E-07 1.03E-04
3.981E-01 2.859E-02 2.859E-02 2.603E-07 1.05E-04
3.935E-01 2.963E-02 2.963E-02 2.730E-07 1.06E-04
3.890E-01 3.070E-02 3.070E-02 2.863E-07 1.08E-04
3.846E-01 3.180E-02 3.180E-02 3.003E-07 1.10E-04
3.802E-01 3.293E-02 3.293E-02 3.150E-07 1.12E-04
3.758E-01 3.408E-02 3.408E-02 3.306E-07 1.14E-04
3.715E-01 3.525E-02 3.525E-02 3.470E-07 1.15E-04
3.673E-01 3.646E-02 3.645E-02 3.644E-07 1.17E-04
3.631E-01 3.768E-02 3.768E-02 3.828E-07 1.19E-04
3.589E-01 3.894E-02 3.894E-02 4.023E-07 1.21E-04
3.548E-01 4.022E-02 4.022E-02 4.230E-07 1.23E-04
3.508E-01 4.153E-02 4.153E-02 4.451E-07 1.25E-04
3.467E-01 4.287E-02 4.287E-02 4.685E-07 1.26E-04
3.428E-01 4.423E-02 4.423E-02 4.934E-07 1.28E-04
3.388E-01 4.562E-02 4.562E-02 5.201E-07 1.29E-04
3.350E-01 4.704E-02 4.704E-02 5.485E-07 1.31E-04
3.311E-01 4.849E-02 4.849E-02 5.788E-07 1.32E-04
3.273E-01 4.996E-02 4.996E-02 6.111E-07 1.32E-04
3.236E-01 5.146E-02 5.146E-02 6.460E-07 1.33E-04
3.199E-01 5.299E-02 5.299E-02 6.833E-07 1.32E-04
3.162E-01 5.455E-02 5.455E-02 7.230E-07 1.32E-04
3.126E-01 5.613E-02 5.613E-02 7.654E-07 1.30E-04
3.090E-01 5.774E-02 5.774E-02 8.107E-07 1.29E-04
3.055E-01 5.938E-02 5.938E-02 8.588E-07 1.26E-04
3.020E-01 6.087E-02 6.087E-02 9.103E-07 1.24E-04
2.985E-01 6.197E-02 6.197E-02 9.655E-07 1.20E-04
2.951E-01 6.317E-02 6.317E-02 1.025E-06 1.15E-04
2.917E-01 6.448E-02 6.448E-02 1.089E-06 1.10E-04
2.884E-01 6.592E-02 6.592E-02 1.159E-06 1.04E-04
2.851E-01 6.749E-02 6.749E-02 1.235E-06 9.68E-05
2.818E-01 6.922E-02 6.922E-02 1.323E-06 8.68E-05
2.786E-01 7.112E-02 7.112E-02 1.417E-06 7.65E-05
2.754E-01 7.324E-02 7.324E-02 1.518E-06 6.63E-05
2.723E-01 7.558E-02 7.558E-02 1.629E-06 5.61E-05
2.692E-01 7.820E-02 7.820E-02 1.750E-06 4.62E-05
2.661E-01 8.112E-02 8.112E-02 1.885E-06 3.70E-05
2.630E-01 8.440E-02 8.440E-02 2.036E-06 2.88E-05
2.600E-01 8.809E-02 8.808E-02 2.208E-06 2.16E-05
2.570E-01 9.223E-02 9.223E-02 2.401E-06 1.59E-05
2.541E-01 9.691E-02 9.691E-02 2.613E-06 1.21E-05
2.512E-01 1.022E-01 1.022E-01 2.852E-06 9.77E-06
2.483E-01 1.081E-01 1.081E-01 3.125E-06 8.86E-06
2.455E-01 1.148E-01 1.148E-01 3.436E-06 9.29E-06
2.427E-01 1.223E-01 1.223E-01 3.795E-06 1.12E-05
2.399E-01 1.307E-01 1.307E-01 4.209E-06 1.47E-05
2.371E-01 1.398E-01 1.398E-01 4.661E-06 2.00E-05
2.344E-01 1.496E-01 1.496E-01 5.143E-06 2.64E-05
2.317E-01 1.599E-01 1.599E-01 5.647E-06 3.33E-05
2.291E-01 1.701E-01 1.701E-01 6.164E-06 4.06E-05
2.265E-01 1.799E-01 1.799E-01 6.693E-06 4.81E-05
2.239E-01 1.884E-01 1.883E-01 7.252E-06 5.60E-05
2.213E-01 1.948E-01 1.947E-01 7.830E-06 6.43E-05
2.188E-01 1.984E-01 1.984E-01 8.290E-06 7.38E-05
2.163E-01 1.988E-01 1.988E-01 8.509E-06 8.45E-05
2.138E-01 1.960E-01 1.960E-01 8.487E-06 9.58E-05
2.113E-01 1.904E-01 1.904E-01 8.305E-06 1.07E-04
2.089E-01 1.825E-01 1.825E-01 7.992E-06 1.18E-04
2.065E-01 1.733E-01 1.733E-01 7.573E-06 1.30E-04
2.042E-01 1.635E-01 1.635E-01 7.067E-06 1.43E-04
2.018E-01 1.536E-01 1.536E-01 6.509E-06 1.55E-04
1.995E-01 1.441E-01 1.441E-01 5.933E-06 1.68E-04
1.972E-01 1.352E-01 1.352E-01 5.361E-06 1.81E-04
1.950E-01 1.272E-01 1.272E-01 4.820E-06 1.95E-04
1.928E-01 1.199E-01 1.199E-01 4.321E-06 2.09E-04
1.905E-01 1.135E-01 1.135E-01 3.871E-06 2.23E-04
1.884E-01 1.078E-01 1.078E-01 3.459E-06 2.38E-04
1.862E-01 1.028E-01 1.028E-01 3.101E-06 2.54E-04
1.841E-01 9.843E-02 9.843E-02 2.796E-06 2.70E-04
1.820E-01 9.458E-02 9.458E-02 2.537E-06 2.87E-04
1.799E-01 9.121E-02 9.121E-02 2.317E-06 3.05E-04
1.778E-01 8.825E-02 8.825E-02 2.138E-06 3.23E-04
1.758E-01 8.566E-02 8.565E-02 1.989E-06 3.41E-04
1.738E-01 8.338E-02 8.337E-02 1.869E-06 3.60E-04
1.718E-01 8.137E-02 8.137E-02 1.774E-06 3.79E-04
1.698E-01 7.961E-02 7.961E-02 1.703E-06 3.99E-04
1.679E-01 7.808E-02 7.808E-02 1.657E-06 4.19E-04
1.660E-01 7.681E-02 7.681E-02 1.634E-06 4.38E-04
1.641E-01 7.578E-02 7.578E-02 1.637E-06 4.58E-04
1.622E-01 7.498E-02 7.498E-02 1.663E-06 4.77E-04
1.603E-01 7.439E-02 7.439E-02 1.714E-06 4.97E-04
1.585E-01 7.401E-02 7.401E-02 1.789E-06 5.17E-04
1.567E-01 7.383E-02 7.383E-02 1.887E-06 5.37E-04
1.549E-01 7.384E-02 7.384E-02 2.007E-06 5.57E-04
1.531E-01 7.404E-02 7.404E-02 2.148E-06 5.78E-04
1.514E-01 7.442E-02 7.442E-02 2.314E-06 6.00E-04
1.496E-01 7.499E-02 7.499E-02 2.508E-06 6.21E-04
1.479E-01 7.575E-02 7.575E-02 2.731E-06 6.43E-04
1.462E-01 7.669E-02 7.669E-02 2.987E-06 6.65E-04
1.445E-01 7.783E-02 7.782E-02 3.281E-06 6.87E-04
1.429E-01 7.915E-02 7.915E-02 3.612E-06 7.09E-04
1.413E-01 8.067E-02 8.067E-02 3.982E-06 7.33E-04
1.396E-01 8.239E-02 8.239E-02 4.388E-06 7.56E-04
1.380E-01 8.432E-02 8.431E-02 4.831E-06 7.80E-04
1.365E-01 8.645E-02 8.645E-02 5.322E-06 8.06E-04
1.349E-01 8.880E-02 8.880E-02 5.873E-06 8.33E-04
1.334E-01 9.138E-02 9.137E-02 6.487E-06 8.62E-04
1.318E-01 9.418E-02 9.417E-02 7.168E-06 8.93E-04
1.303E-01 9.723E-02 9.722E-02 7.926E-06 9.26E-04
1.288E-01 1.025E-01 1.025E-01 8.769E-06 9.62E-04
1.274E-01 1.064E-01 1.064E-01 9.703E-06 1.00E-03
1.259E-01 1.106E-01 1.106E-01 1.073E-05 1.04E-03
1.245E-01 1.150E-01 1.150E-01 1.187E-05 1.08E-03
1.230E-01 1.195E-01 1.195E-01 1.312E-05 1.13E-03
1.216E-01 1.242E-01 1.242E-01 1.449E-05 1.17E-03
1.202E-01 1.291E-01 1.291E-01 1.599E-05 1.21E-03
1.189E-01 1.342E-01 1.342E-01 1.763E-05 1.25E-03
1.175E-01 1.394E-01 1.394E-01 1.941E-05 1.29E-03
1.161E-01 1.448E-01 1.447E-01 2.138E-05 1.33E-03
1.148E-01 1.503E-01 1.502E-01 2.366E-05 1.36E-03
1.135E-01 1.559E-01 1.559E-01 2.672E-05 1.40E-03
1.122E-01 1.617E-01 1.617E-01 2.996E-05 1.40E-03
1.109E-01 1.676E-01 1.676E-01 3.351E-05 1.36E-03
1.096E-01 1.736E-01 1.736E-01 3.745E-05 1.24E-03
1.084E-01 1.798E-01 1.797E-01 4.230E-05 1.11E-03
1.072E-01 1.860E-01 1.859E-01 4.790E-05 1.02E-03
1.059E-01 1.923E-01 1.922E-01 5.333E-05 9.91E-04
1.047E-01 1.987E-01 1.986E-01 5.855E-05 9.96E-04
1.035E-01 2.051E-01 2.050E-01 6.358E-05 1.00E-03
1.023E-01 2.115E-01 2.114E-01 6.843E-05 1.00E-03
1.012E-01 2.179E-01 2.178E-01 7.377E-05 9.89E-04
1.000E-01 2.251E-01 2.251E-01 7.981E-05 9.65E-04
9.886E-02 2.301E-01 2.301E-01 8.779E-05 9.24E-04
9.772E-02 2.354E-01 2.353E-01 9.692E-05 8.83E-04
9.661E-02 2.410E-01 2.409E-01 1.059E-04 8.59E-04
9.550E-02 2.468E-01 2.467E-01 1.143E-04 8.49E-04
9.441E-02 2.529E-01 2.528E-01 1.205E-04 8.54E-04
9.333E-02 2.594E-01 2.593E-01 1.255E-04 8.65E-04
9.226E-02 2.664E-01 2.662E-01 1.310E-04 8.75E-04
9.120E-02 2.738E-01 2.736E-01 1.363E-04 8.89E-04
9.016E-02 2.817E-01 2.815E-01 1.395E-04 9.18E-04
8.913E-02 2.902E-01 2.901E-01 1.431E-04 9.43E-04
8.810E-02 2.995E-01 2.994E-01 1.491E-04 9.51E-04
8.710E-02 3.097E-01 3.095E-01 1.585E-04 9.37E-04
8.610E-02 3.209E-01 3.207E-01 1.698E-04 9.16E-04
8.511E-02 3.332E-01 3.330E-01 1.832E-04 8.92E-04
8.414E-02 3.469E-01 3.467E-01 1.988E-04 8.68E-04
8.318E-02 3.622E-01 3.620E-01 2.166E-04 8.45E-04
8.222E-02 3.793E-01 3.790E-01 2.364E-04 8.33E-04
8.128E-02 3.984E-01 3.981E-01 2.576E-04 8.33E-04
8.035E-02 4.198E-01 4.195E-01 2.809E-04 8.40E-04
7.943E-02 4.436E-01 4.433E-01 3.060E-04 8.55E-04
7.852E-02 4.700E-01 4.696E-01 3.321E-04 8.79E-04
7.762E-02 4.986E-01 4.982E-01 3.579E-04 9.12E-04
7.674E-02 5.288E-01 5.285E-01 3.821E-04 9.49E-04
7.586E-02 5.597E-01 5.593E-01 4.050E-04 9.88E-04
7.499E-02 5.894E-01 5.889E-01 4.259E-04 1.03E-03
7.413E-02 6.155E-01 6.151E-01 4.442E-04 1.08E-03
7.328E-02 6.355E-01 6.350E-01 4.591E-04 1.13E-03
7.244E-02 6.471E-01 6.466E-01 4.735E-04 1.17E-03
7.161E-02 6.491E-01 6.487E-01 4.866E-04 1.22E-03
7.079E-02 6.419E-01 6.414E-01 4.956E-04 1.27E-03
6.998E-02 6.271E-01 6.266E-01 4.999E-04 1.33E-03
6.918E-02 6.073E-01 6.068E-01 4.993E-04 1.38E-03
6.839E-02 5.849E-01 5.844E-01 4.886E-04 1.45E-03
6.761E-02 5.621E-01 5.617E-01 4.716E-04 1.51E-03
6.683E-02 5.405E-01 5.401E-01 4.525E-04 1.58E-03
6.607E-02 5.210E-01 5.206E-01 4.320E-04 1.65E-03
6.531E-02 4.996E-01 4.992E-01 4.106E-04 1.72E-03
6.457E-02 4.779E-01 4.775E-01 3.952E-04 1.78E-03
6.383E-02 4.561E-01 4.557E-01 3.822E-04 1.84E-03
6.310E-02 4.340E-01 4.336E-01 3.712E-04 1.91E-03
6.237E-02 4.116E-01 4.113E-01 3.620E-04 1.97E-03
6.166E-02 3.890E-01 3.887E-01 3.558E-04 2.04E-03
6.095E-02 3.662E-01 3.658E-01 3.517E-04 2.10E-03
6.026E-02 3.431E-01 3.428E-01 3.481E-04 2.17E-03
5.957E-02 3.197E-01 3.194E-01 3.453E-04 2.24E-03
5.888E-02 2.961E-01 2.958E-01 3.426E-04 2.31E-03
5.821E-02 2.722E-01 2.719E-01 3.374E-04 2.38E-03
5.754E-02 2.577E-01 2.574E-01 3.318E-04 2.46E-03
5.689E-02 2.484E-01 2.481E-01 3.259E-04 2.53E-03
5.623E-02 2.387E-01 2.384E-01 3.192E-04 2.61E-03
5.559E-02 2.285E-01 2.281E-01 3.109E-04 2.68E-03
5.495E-02 2.185E-01 2.182E-01 3.024E-04 2.76E-03
5.433E-02 2.087E-01 2.084E-01 2.937E-04 2.84E-03
5.370E-02 1.996E-01 1.994E-01 2.852E-04 2.93E-03
5.309E-02 1.919E-01 1.916E-01 2.777E-04 3.01E-03
5.248E-02 1.847E-01 1.844E-01 2.707E-04 3.10E-03
5.188E-02 1.780E-01 1.777E-01 2.640E-04 3.18E-03
5.129E-02 1.716E-01 1.713E-01 2.580E-04 3.27E-03
5.070E-02 1.655E-01 1.652E-01 2.525E-04 3.36E-03
5.012E-02 1.596E-01 1.594E-01 2.474E-04 3.46E-03
4.955E-02 1.541E-01 1.538E-01 2.427E-04 3.55E-03
4.898E-02 1.489E-01 1.486E-01 2.384E-04 3.65E-03
4.842E-02 1.438E-01 1.436E-01 2.340E-04 3.75E-03
4.786E-02 1.389E-01 1.386E-01 2.296E-04 3.85E-03
4.732E-02 1.336E-01 1.334E-01 2.245E-04 3.95E-03
4.677E-02 1.284E-01 1.282E-01 2.191E-04 4.06E-03
4.624E-02 1.234E-01 1.232E-01 2.138E-04 4.17E-03
4.571E-02 1.190E-01 1.188E-01 2.090E-04 4.28E-03
4.519E-02 1.154E-01 1.152E-01 2.049E-04 4.39E-03
4.467E-02 1.120E-01 1.118E-01 2.006E-04 4.51E-03
4.416E-02 1.083E-01 1.081E-01 1.959E-04 4.63E-03
4.365E-02 1.038E-01 1.036E-01 1.902E-04 4.75E-03
4.315E-02 9.954E-02 9.936E-02 1.844E-04 4.88E-03
4.266E-02 9.573E-02 9.555E-02 1.785E-04 5.01E-03
4.217E-02 9.333E-02 9.316E-02 1.727E-04 5.15E-03
4.169E-02 9.149E-02 9.132E-02 1.672E-04 5.28E-03
4.121E-02 9.012E-02 8.996E-02 1.624E-04 5.42E-03
4.074E-02 8.883E-02 8.867E-02 1.586E-04 5.57E-03
4.027E-02 8.782E-02 8.767E-02 1.555E-04 5.71E-03
3.981E-02 8.710E-02 8.695E-02 1.528E-04 5.86E-03
3.935E-02 8.664E-02 8.649E-02 1.505E-04 6.01E-03
3.890E-02 8.654E-02 8.639E-02 1.488E-04 6.16E-03
3.846E-02 8.682E-02 8.667E-02 1.475E-04 6.32E-03
3.802E-02 8.757E-02 8.743E-02 1.474E-04 6.48E-03
3.758E-02 8.884E-02 8.870E-02 1.489E-04 6.64E-03
3.715E-02 9.157E-02 9.141E-02 1.548E-04 6.80E-03
3.673E-02 9.396E-02 9.380E-02 1.621E-04 6.97E-03
3.631E-02 9.503E-02 9.486E-02 1.697E-04 7.13E-03
3.589E-02 9.386E-02 9.368E-02 1.754E-04 7.30E-03
3.548E-02 9.177E-02 9.159E-02 1.800E-04 7.47E-03
3.508E-02 8.990E-02 8.972E-02 1.827E-04 7.65E-03
3.467E-02 8.811E-02 8.792E-02 1.843E-04 7.84E-03
3.428E-02 8.630E-02 8.611E-02 1.854E-04 8.03E-03
3.388E-02 8.453E-02 8.435E-02 1.867E-04 8.22E-03
3.350E-02 8.279E-02 8.260E-02 1.879E-04 8.42E-03
3.311E-02 8.107E-02 8.088E-02 1.889E-04 8.63E-03
3.273E-02 7.938E-02 7.919E-02 1.897E-04 8.84E-03
3.236E-02 7.770E-02 7.751E-02 1.905E-04 9.05E-03
3.199E-02 7.605E-02 7.586E-02 1.911E-04 9.28E-03
3.162E-02 7.442E-02 7.423E-02 1.917E-04 9.50E-03
3.126E-02 7.282E-02 7.263E-02 1.922E-04 9.73E-03
3.090E-02 7.124E-02 7.105E-02 1.927E-04 9.97E-03
3.055E-02 6.969E-02 6.950E-02 1.931E-04 1.02E-02
3.020E-02 6.816E-02 6.797E-02 1.934E-04 1.05E-02
2.985E-02 6.665E-02 6.646E-02 1.937E-04 1.07E-02
2.951E-02 6.517E-02 6.498E-02 1.940E-04 1.10E-02
2.917E-02 6.372E-02 6.353E-02 1.942E-04 1.13E-02
2.884E-02 6.230E-02 6.211E-02 1.943E-04 1.15E-02
2.851E-02 6.091E-02 6.072E-02 1.945E-04 1.18E-02
2.818E-02 5.955E-02 5.936E-02 1.946E-04 1.21E-02
2.786E-02 5.823E-02 5.803E-02 1.947E-04 1.24E-02
2.754E-02 5.693E-02 5.673E-02 1.948E-04 1.27E-02
2.723E-02 5.566E-02 5.546E-02 1.949E-04 1.30E-02
2.692E-02 5.442E-02 5.422E-02 1.949E-04 1.33E-02
2.661E-02 5.319E-02 5.300E-02 1.950E-04 1.36E-02
2.630E-02 5.199E-02 5.179E-02 1.950E-04 1.40E-02
2.600E-02 5.081E-02 5.061E-02 1.950E-04 1.43E-02
2.570E-02 4.966E-02 4.946E-02 1.949E-04 1.47E-02
2.541E-02 4.852E-02 4.833E-02 1.948E-04 1.50E-02
2.512E-02 4.741E-02 4.721E-02 1.947E-04 1.54E-02
2.483E-02 4.631E-02 4.612E-02 1.946E-04 1.58E-02
2.455E-02 4.525E-02 4.505E-02 1.945E-04 1.61E-02
2.427E-02 4.420E-02 4.401E-02 1.943E-04 1.65E-02
2.399E-02 4.318E-02 4.299E-02 1.942E-04 1.69E-02
2.371E-02 4.219E-02 4.200E-02 1.941E-04 1.73E-02
2.344E-02 4.122E-02 4.103E-02 1.939E-04 1.78E-02
2.317E-02 4.027E-02 4.007E-02 1.937E-04 1.82E-02
2.291E-02 3.934E-02 3.914E-02 1.936E-04 1.86E-02
2.265E-02 3.842E-02 3.823E-02 1.934E-04 1.91E-02
2.239E-02 3.753E-02 3.733E-02 1.932E-04 1.95E-02
2.213E-02 3.665E-02 3.646E-02 1.930E-04 2.00E-02
2.188E-02 3.580E-02 3.560E-02 1.927E-04 2.05E-02
2.163E-02 3.496E-02 3.477E-02 1.925E-04 2.10E-02
2.138E-02 3.415E-02 3.396E-02 1.922E-04 2.15E-02
2.113E-02 3.336E-02 3.316E-02 1.920E-04 2.20E-02
2.089E-02 3.257E-02 3.238E-02 1.917E-04 2.25E-02
2.065E-02 3.180E-02 3.160E-02 1.913E-04 2.31E-02
2.042E-02 3.107E-02 3.088E-02 1.911E-04 2.36E-02
2.018E-02 3.035E-02 3.015E-02 1.909E-04 2.42E-02
1.995E-02 2.963E-02 2.944E-02 1.906E-04 2.48E-02
1.972E-02 2.892E-02 2.873E-02 1.902E-04 2.54E-02
1.950E-02 2.823E-02 2.804E-02 1.898E-04 2.60E-02
1.928E-02 2.755E-02 2.736E-02 1.893E-04 2.66E-02
1.905E-02 2.688E-02 2.669E-02 1.889E-04 2.73E-02
1.884E-02 2.624E-02 2.605E-02 1.885E-04 2.79E-02
1.862E-02 2.561E-02 2.542E-02 1.880E-04 2.86E-02
1.841E-02 2.500E-02 2.481E-02 1.876E-04 2.93E-02
1.820E-02 2.440E-02 2.421E-02 1.871E-04 3.00E-02
1.799E-02 2.381E-02 2.363E-02 1.866E-04 3.07E-02
1.778E-02 2.325E-02 2.306E-02 1.862E-04 3.14E-02
1.758E-02 2.269E-02 2.251E-02 1.857E-04 3.22E-02
1.738E-02 2.215E-02 2.196E-02 1.852E-04 3.30E-02
1.718E-02 2.161E-02 2.142E-02 1.847E-04 3.38E-02
1.698E-02 2.108E-02 2.090E-02 1.842E-04 3.46E-02
1.679E-02 2.057E-02 2.039E-02 1.837E-04 3.54E-02
1.660E-02 2.008E-02 1.990E-02 1.832E-04 3.62E-02
1.641E-02 1.960E-02 1.941E-02 1.826E-04 3.71E-02
1.622E-02 1.912E-02 1.894E-02 1.820E-04 3.80E-02
1.603E-02 1.865E-02 1.847E-02 1.814E-04 3.89E-02
1.585E-02 1.820E-02 1.802E-02 1.808E-04 3.99E-02
1.567E-02 1.775E-02 1.757E-02 1.802E-04 4.08E-02
1.549E-02 1.733E-02 1.715E-02 1.796E-04 4.18E-02
1.531E-02 1.690E-02 1.672E-02 1.789E-04 4.28E-02
1.514E-02 1.648E-02 1.631E-02 1.783E-04 4.38E-02
1.496E-02 1.608E-02 1.590E-02 1.776E-04 4.49E-02
1.479E-02 1.568E-02 1.550E-02 1.769E-04 4.59E-02
1.462E-02 1.529E-02 1.512E-02 1.762E-04 4.70E-02
1.445E-02 1.492E-02 1.474E-02 1.756E-04 4.82E-02
1.429E-02 1.455E-02 1.438E-02 1.748E-04 4.93E-02
1.413E-02 1.419E-02 1.402E-02 1.741E-04 5.05E-02
1.396E-02 1.384E-02 1.367E-02 1.733E-04 5.17E-02
1.380E-02 1.350E-02 1.333E-02 1.726E-04 5.30E-02
1.365E-02 1.317E-02 1.300E-02 1.718E-04 5.42E-02
1.349E-02 1.284E-02 1.267E-02 1.710E-04 5.55E-02
1.334E-02 1.252E-02 1.235E-02 1.701E-04 5.68E-02
1.318E-02 1.221E-02 1.204E-02 1.693E-04 5.82E-02
1.303E-02 1.191E-02 1.174E-02 1.685E-04 5.96E-02
1.288E-02 1.162E-02 1.145E-02 1.677E-04 6.10E-02
1.274E-02 1.133E-02 1.116E-02 1.668E-04 6.25E-02
1.259E-02 1.105E-02 1.088E-02 1.659E-04 6.40E-02
1.245E-02 1.077E-02 1.060E-02 1.650E-04 6.55E-02
1.230E-02 1.050E-02 1.034E-02 1.641E-04 6.71E-02
1.216E-02 1.025E-02 1.009E-02 1.633E-04 6.87E-02
1.202E-02 9.998E-03 9.836E-03 1.625E-04 7.03E-02
1.189E-02 9.748E-03 9.587E-03 1.615E-04 7.20E-02
1.175E-02 9.502E-03 9.341E-03 1.605E-04 7.38E-02
1.161E-02 9.259E-03 9.099E-03 1.595E-04 7.55E-02
1.148E-02 9.020E-03 8.862E-03 1.584E-04 7.73E-02
1.135E-02 8.786E-03 8.629E-03 1.573E-04 7.92E-02
1.122E-02 8.562E-03 8.405E-03 1.562E-04 8.11E-02
1.109E-02 8.345E-03 8.190E-03 1.551E-04 8.30E-02
1.096E-02 8.133E-03 7.979E-03 1.540E-04 8.50E-02
1.084E-02 7.924E-03 7.772E-03 1.528E-04 8.71E-02
1.072E-02 7.722E-03 7.570E-03 1.517E-04 8.92E-02
1.059E-02 7.525E-03 7.374E-03 1.505E-04 9.13E-02
1.047E-02 7.334E-03 7.185E-03 1.493E-04 9.35E-02
1.035E-02 7.152E-03 7.004E-03 1.482E-04 9.57E-02
1.023E-02 6.971E-03 6.824E-03 1.470E-04 9.80E-02
1.012E-02 6.792E-03 6.647E-03 1.458E-04 1.00E-01
1.000E-02 6.617E-03 6.473E-03 1.445E-04 1.03E-01
9.886E-03 6.447E-03 6.303E-03 1.432E-04 1.05E-01
9.772E-03 6.280E-03 6.139E-03 1.420E-04 1.08E-01
9.661E-03 6.120E-03 5.979E-03 1.407E-04 1.10E-01
9.550E-03 5.965E-03 5.826E-03 1.394E-04 1.13E-01
9.441E-03 5.813E-03 5.675E-03 1.381E-04 1.16E-01
9.333E-03 5.663E-03 5.526E-03 1.368E-04 1.19E-01
9.226E-03 5.516E-03 5.381E-03 1.354E-04 1.21E-01
9.120E-03 5.373E-03 5.239E-03 1.340E-04 1.24E-01
9.016E-03 5.234E-03 5.101E-03 1.326E-04 1.27E-01
8.913E-03 5.100E-03 4.969E-03 1.312E-04 1.30E-01
8.810E-03 4.970E-03 4.840E-03 1.297E-04 1.33E-01
8.710E-03 4.841E-03 4.713E-03 1.283E-04 1.37E-01
8.610E-03 4.715E-03 4.588E-03 1.268E-04 1.40E-01
8.511E-03 4.592E-03 4.467E-03 1.252E-04 1.43E-01
8.414E-03 4.473E-03 4.349E-03 1.237E-04 1.47E-01
8.318E-03 4.357E-03 4.235E-03 1.222E-04 1.50E-01
8.222E-03 4.245E-03 4.125E-03 1.206E-04 1.54E-01
8.128E-03 4.134E-03 4.015E-03 1.190E-04 1.58E-01
8.035E-03 4.026E-03 3.909E-03 1.174E-04 1.61E-01
7.943E-03 3.920E-03 3.804E-03 1.158E-04 1.65E-01
7.852E-03 3.817E-03 3.703E-03 1.141E-04 1.69E-01
7.762E-03 3.718E-03 3.606E-03 1.124E-04 1.73E-01
7.674E-03 3.619E-03 3.509E-03 1.107E-04 1.77E-01
7.586E-03 3.523E-03 3.414E-03 1.090E-04 1.82E-01
7.499E-03 3.429E-03 3.322E-03 1.073E-04 1.86E-01
7.413E-03 3.339E-03 3.233E-03 1.055E-04 1.90E-01
7.328E-03 3.252E-03 3.149E-03 1.038E-04 1.95E-01
7.244E-03 3.168E-03 3.066E-03 1.020E-04 2.00E-01
7.161E-03 3.084E-03 2.984E-03 1.002E-04 2.04E-01
7.079E-03 3.003E-03 2.905E-03 9.842E-05 2.09E-01
6.998E-03 2.924E-03 2.827E-03 9.660E-05 2.14E-01
6.918E-03 2.846E-03 2.751E-03 9.475E-05 2.19E-01
6.839E-03 2.771E-03 2.678E-03 9.288E-05 2.24E-01
6.761E-03 2.698E-03 2.607E-03 9.099E-05 2.30E-01
6.683E-03 2.626E-03 2.537E-03 8.905E-05 2.35E-01
6.607E-03 2.555E-03 2.468E-03 8.709E-05 2.41E-01
6.531E-03 2.486E-03 2.401E-03 8.509E-05 2.46E-01
6.457E-03 2.420E-03 2.337E-03 8.314E-05 2.52E-01
6.383E-03 2.355E-03 2.274E-03 8.115E-05 2.58E-01
6.310E-03 2.291E-03 2.212E-03 7.911E-05 2.64E-01
6.237E-03 2.228E-03 2.151E-03 7.703E-05 2.71E-01
6.166E-03 2.169E-03 2.094E-03 7.500E-05 2.77E-01
6.095E-03 2.112E-03 2.039E-03 7.300E-05 2.83E-01
6.026E-03 2.056E-03 1.986E-03 7.094E-05 2.90E-01
5.957E-03 2.001E-03 1.932E-03 6.881E-05 2.97E-01
5.888E-03 1.946E-03 1.879E-03 6.661E-05 3.03E-01
5.821E-03 1.892E-03 1.828E-03 6.437E-05 3.11E-01
5.754E-03 1.839E-03 1.777E-03 6.207E-05 3.18E-01
5.689E-03 1.787E-03 1.727E-03 5.973E-05 3.25E-01
5.623E-03 1.736E-03 1.679E-03 5.739E-05 3.32E-01
5.559E-03 1.688E-03 1.633E-03 5.513E-05 3.40E-01
5.495E-03 1.641E-03 1.588E-03 5.278E-05 3.48E-01
5.433E-03 1.595E-03 1.544E-03 5.036E-05 3.55E-01
5.370E-03 1.550E-03 1.502E-03 4.786E-05 3.63E-01
5.309E-03 1.506E-03 1.460E-03 4.531E-05 3.71E-01
5.248E-03 1.463E-03 1.420E-03 4.270E-05 3.80E-01
5.188E-03 1.422E-03 1.382E-03 4.004E-05 3.88E-01
5.129E-03 1.383E-03 1.345E-03 3.835E-05 3.97E-01
5.070E-03 1.344E-03 1.307E-03 3.671E-05 4.05E-01
5.012E-03 1.305E-03 1.271E-03 3.440E-05 4.14E-01
4.955E-03 1.267E-03 1.236E-03 3.145E-05 4.23E-01
4.898E-03 1.229E-03 1.201E-03 2.791E-05 4.32E-01
4.842E-03 1.192E-03 1.169E-03 2.387E-05 4.41E-01
4.786E-03 1.157E-03 1.137E-03 1.946E-05 4.50E-01
4.732E-03 1.119E-03 1.105E-03 1.338E-05 4.59E-01
4.677E-03 1.081E-03 1.074E-03 7.012E-06 4.69E-01
4.624E-03 1.046E-03 1.044E-03 2.166E-06 4.78E-01
4.571E-03 1.015E-03 1.015E-03 2.616E-07 4.80E-01
4.519E-03 9.897E-04 9.866E-04 3.128E-06 4.98E-01
4.467E-03 9.733E-04 9.602E-04 1.305E-05 5.07E-01
4.416E-03 2.123E-02 2.113E-02 9.761E-05 5.18E-01
4.365E-03 2.079E-02 2.071E-02 8.657E-05 5.28E-01
4.315E-03 2.037E-02 2.029E-02 7.796E-05 5.37E-01
4.266E-03 1.995E-02 1.988E-02 7.597E-05 5.46E-01
4.217E-03 1.954E-02 1.946E-02 7.885E-05 5.56E-01
4.169E-03 1.914E-02 1.905E-02 8.485E-05 5.65E-01
4.121E-03 1.874E-02 1.864E-02 9.131E-05 5.75E-01
4.074E-03 1.834E-02 1.825E-02 9.487E-05 5.84E-01
4.027E-03 1.795E-02 1.785E-02 9.774E-05 5.93E-01
3.981E-03 1.756E-02 1.746E-02 9.947E-05 6.02E-01
3.935E-03 1.717E-02 1.707E-02 9.966E-05 6.12E-01
3.890E-03 1.678E-02 1.668E-02 9.802E-05 6.21E-01
3.846E-03 1.640E-02 1.631E-02 9.731E-05 6.30E-01
3.802E-03 1.603E-02 1.593E-02 9.777E-05 6.38E-01
3.758E-03 1.566E-02 1.556E-02 9.805E-05 6.47E-01
3.715E-03 1.530E-02 1.520E-02 9.811E-05 6.55E-01
3.673E-03 1.494E-02 1.484E-02 9.791E-05 6.63E-01
3.631E-03 1.459E-02 1.449E-02 9.754E-05 6.71E-01
3.589E-03 1.425E-02 1.415E-02 9.728E-05 6.79E-01
3.548E-03 1.390E-02 1.381E-02 9.693E-05 6.87E-01
3.508E-03 1.357E-02 1.347E-02 9.647E-05 6.94E-01
3.467E-03 1.324E-02 1.315E-02 9.590E-05 7.01E-01
3.428E-03 1.292E-02 1.282E-02 9.524E-05 7.08E-01
3.388E-03 1.260E-02 1.251E-02 9.459E-05 7.14E-01
3.350E-03 1.229E-02 1.220E-02 9.389E-05 7.20E-01
3.311E-03 1.198E-02 1.189E-02 9.313E-05 7.26E-01
3.273E-03 1.168E-02 1.159E-02 9.231E-05 7.32E-01
3.236E-03 1.139E-02 1.130E-02 9.142E-05 7.37E-01
3.199E-03 1.111E-02 1.102E-02 9.053E-05 7.42E-01
3.162E-03 1.082E-02 1.073E-02 8.963E-05 7.47E-01
3.126E-03 1.054E-02 1.045E-02 8.871E-05 7.52E-01
3.090E-03 1.027E-02 1.018E-02 8.780E-05 7.56E-01
3.055E-03 1.002E-02 9.936E-03 8.688E-05 7.60E-01
3.020E-03 9.774E-03 9.688E-03 8.595E-05 7.64E-01
2.985E-03 9.525E-03 9.440E-03 8.501E-05 7.67E-01
2.951E-03 9.278E-03 9.194E-03 8.404E-05 7.70E-01
2.917E-03 9.032E-03 8.949E-03 8.307E-05 7.73E-01
2.884E-03 8.788E-03 8.706E-03 8.207E-05 7.76E-01
2.851E-03 8.547E-03 8.466E-03 8.107E-05 7.79E-01
2.818E-03 8.309E-03 8.229E-03 8.004E-05 7.82E-01
2.786E-03 8.076E-03 7.997E-03 7.900E-05 7.85E-01
2.754E-03 7.847E-03 7.769E-03 7.795E-05 7.87E-01
2.723E-03 7.634E-03 7.557E-03 7.687E-05 7.89E-01
2.692E-03 7.424E-03 7.348E-03 7.578E-05 7.92E-01
2.661E-03 7.217E-03 7.142E-03 7.466E-05 7.94E-01
2.630E-03 7.014E-03 6.941E-03 7.354E-05 7.97E-01
2.600E-03 6.817E-03 6.744E-03 7.240E-05 7.99E-01
2.570E-03 6.625E-03 6.553E-03 7.125E-05 8.01E-01
2.541E-03 6.439E-03 6.369E-03 7.009E-05 8.04E-01
2.512E-03 6.261E-03 6.192E-03 6.892E-05 8.07E-01
2.483E-03 6.090E-03 6.023E-03 6.774E-05 8.09E-01
2.455E-03 5.920E-03 5.853E-03 6.661E-05 8.12E-01
2.427E-03 5.751E-03 5.686E-03 6.547E-05 8.15E-01
2.399E-03 5.586E-03 5.522E-03 6.433E-05 8.18E-01
2.371E-03 5.425E-03 5.362E-03 6.319E-05 8.21E-01
2.344E-03 5.268E-03 5.206E-03 6.206E-05 8.24E-01
2.317E-03 5.116E-03 5.055E-03 6.092E-05 8.27E-01
2.291E-03 4.969E-03 4.909E-03 5.980E-05 8.31E-01
2.265E-03 4.829E-03 4.770E-03 5.869E-05 8.34E-01
2.239E-03 4.692E-03 4.634E-03 5.759E-05 8.38E-01
2.213E-03 4.555E-03 4.499E-03 5.649E-05 8.41E-01
2.188E-03 4.421E-03 4.366E-03 5.539E-05 8.45E-01
2.163E-03 4.291E-03 4.236E-03 5.430E-05 8.48E-01
2.138E-03 4.164E-03 4.111E-03 5.322E-05 8.52E-01
2.113E-03 4.041E-03 3.989E-03 5.216E-05 8.56E-01
2.089E-03 3.923E-03 3.872E-03 5.112E-05 8.59E-01
2.065E-03 3.810E-03 3.760E-03 5.010E-05 8.62E-01
2.042E-03 3.698E-03 3.649E-03 4.909E-05 8.66E-01
2.018E-03 3.587E-03 3.539E-03 4.809E-05 8.69E-01
1.995E-03 3.480E-03 3.433E-03 4.711E-05 8.72E-01
1.972E-03 3.375E-03 3.329E-03 4.614E-05 8.75E-01
1.950E-03 3.274E-03 3.229E-03 4.520E-05 8.78E-01
1.928E-03 3.176E-03 3.132E-03 4.427E-05 8.80E-01
1.905E-03 3.083E-03 3.040E-03 4.337E-05 8.83E-01
1.884E-03 2.990E-03 2.948E-03 4.248E-05 8.85E-01
1.862E-03 2.899E-03 2.858E-03 4.159E-05 8.87E-01
1.841E-03 2.811E-03 2.770E-03 4.072E-05 8.89E-01
1.820E-03 2.725E-03 2.685E-03 3.987E-05 8.90E-01
1.799E-03 2.642E-03 2.603E-03 3.903E-05 8.92E-01
1.778E-03 2.562E-03 2.524E-03 3.822E-05 8.94E-01
1.758E-03 2.485E-03 2.448E-03 3.742E-05 8.95E-01
1.738E-03 2.409E-03 2.372E-03 3.662E-05 8.96E-01
1.718E-03 2.335E-03 2.299E-03 3.584E-05 8.98E-01
1.698E-03 2.263E-03 2.228E-03 3.507E-05 8.99E-01
1.679E-03 2.193E-03 2.159E-03 3.432E-05 9.01E-01
1.660E-03 2.126E-03 2.093E-03 3.359E-05 9.02E-01
1.641E-03 2.061E-03 2.029E-03 3.287E-05 9.03E-01
1.622E-03 1.998E-03 1.965E-03 3.215E-05 9.05E-01
1.603E-03 1.935E-03 1.904E-03 3.145E-05 9.07E-01
1.585E-03 1.875E-03 1.844E-03 3.076E-05 9.08E-01
1.567E-03 1.817E-03 1.787E-03 3.009E-05 9.10E-01
1.549E-03 1.761E-03 1.731E-03 2.943E-05 9.12E-01
1.531E-03 1.706E-03 1.677E-03 2.877E-05 9.14E-01
1.514E-03 1.653E-03 1.625E-03 2.813E-05 9.16E-01
1.496E-03 1.601E-03 1.573E-03 2.749E-05 9.17E-01
1.479E-03 1.551E-03 1.524E-03 2.687E-05 9.19E-01
1.462E-03 1.503E-03 1.476E-03 2.627E-05 9.21E-01
1.445E-03 1.456E-03 1.430E-03 2.568E-05 9.23E-01
1.429E-03 1.410E-03 1.385E-03 2.510E-05 9.25E-01
1.413E-03 1.365E-03 1.340E-03 2.453E-05 9.27E-01
1.396E-03 1.322E-03 1.298E-03 2.397E-05 9.28E-01
1.380E-03 1.280E-03 1.257E-03 2.344E-05 9.30E-01
1.365E-03 1.240E-03 1.217E-03 2.291E-05 9.31E-01
1.349E-03 1.201E-03 1.178E-03 2.239E-05 9.32E-01
1.334E-03 1.162E-03 1.141E-03 2.188E-05 9.34E-01
1.318E-03 1.126E-03 1.104E-03 2.139E-05 9.35E-01
1.303E-03 1.090E-03 1.070E-03 2.091E-05 9.36E-01
1.288E-03 1.057E-03 1.036E-03 2.044E-05 9.36E-01
1.274E-03 1.023E-03 1.003E-03 1.997E-05 9.37E-01
1.259E-03 9.904E-04 9.708E-04 1.951E-05 9.38E-01
1.245E-03 9.583E-04 9.392E-04 1.906E-05 9.39E-01
1.230E-03 9.287E-04 9.100E-04 1.864E-05 9.40E-01
1.216E-03 9.002E-04 8.819E-04 1.823E-05 9.41E-01
1.202E-03 8.720E-04 8.542E-04 1.782E-05 9.42E-01
1.189E-03 8.442E-04 8.268E-04 1.741E-05 9.43E-01
1.175E-03 8.169E-04 7.999E-04 1.701E-05 9.44E-01
1.161E-03 7.901E-04 7.735E-04 1.661E-05 9.46E-01
1.148E-03 7.640E-04 7.478E-04 1.622E-05 9.47E-01
1.135E-03 7.387E-04 7.228E-04 1.584E-05 9.48E-01
1.122E-03 7.145E-04 6.990E-04 1.547E-05 9.49E-01
1.109E-03 6.914E-04 6.763E-04 1.511E-05 9.50E-01
1.096E-03 6.689E-04 6.541E-04 1.476E-05 9.52E-01
1.084E-03 6.470E-04 6.326E-04 1.441E-05 9.53E-01
1.072E-03 6.258E-04 6.117E-04 1.407E-05 9.54E-01
1.059E-03 6.054E-04 5.917E-04 1.374E-05 9.54E-01
1.047E-03 5.860E-04 5.726E-04 1.342E-05 9.55E-01
1.035E-03 5.675E-04 5.544E-04 1.312E-05 9.56E-01
1.023E-03 5.493E-04 5.365E-04 1.281E-05 9.57E-01
1.012E-03 5.314E-04 5.189E-04 1.252E-05 9.57E-01
