w(micron)   Q_ext     Q_abs     Q_sca    g=<cos>
1.000E+03 9.004E-09 9.004E-09 1.039E-19 0.00E+00
9.886E+02 9.201E-09 9.201E-09 1.088E-19 0.00E+00
9.772E+02 9.402E-09 9.402E-09 1.139E-19 0.00E+00
9.661E+02 9.609E-09 9.609E-09 1.193E-19 0.00E+00
9.550E+02 9.819E-09 9.819E-09 1.249E-19 0.00E+00
9.441E+02 1.003E-08 1.003E-08 1.308E-19 0.00E+00
9.333E+02 1.026E-08 1.026E-08 1.370E-19 0.00E+00
9.226E+02 1.048E-08 1.048E-08 1.434E-19 0.00E+00
9.120E+02 1.071E-08 1.071E-08 1.502E-19 0.00E+00
9.016E+02 1.095E-08 1.095E-08 1.573E-19 0.00E+00
8.913E+02 1.119E-08 1.119E-08 1.647E-19 0.00E+00
8.810E+02 1.143E-08 1.143E-08 1.724E-19 0.00E+00
8.710E+02 1.169E-08 1.169E-08 1.805E-19 0.00E+00
8.610E+02 1.194E-08 1.194E-08 1.890E-19 0.00E+00
8.511E+02 1.221E-08 1.221E-08 1.979E-19 0.00E+00
8.414E+02 1.248E-08 1.248E-08 2.073E-19 0.00E+00
8.318E+02 1.275E-08 1.275E-08 2.170E-19 0.00E+00
8.222E+02 1.304E-08 1.304E-08 2.272E-19 0.00E+00
8.128E+02 1.332E-08 1.332E-08 2.379E-19 0.00E+00
8.035E+02 1.362E-08 1.362E-08 2.492E-19 0.00E+00
7.943E+02 1.392E-08 1.392E-08 2.609E-19 0.00E+00
7.852E+02 1.423E-08 1.423E-08 2.732E-19 0.00E+00
7.762E+02 1.455E-08 1.455E-08 2.860E-19 0.00E+00
7.674E+02 1.487E-08 1.487E-08 2.995E-19 0.00E+00
7.586E+02 1.520E-08 1.520E-08 3.136E-19 0.00E+00
7.499E+02 1.554E-08 1.554E-08 3.284E-19 0.00E+00
7.413E+02 1.588E-08 1.588E-08 3.439E-19 0.00E+00
7.328E+02 1.624E-08 1.624E-08 3.601E-19 0.00E+00
7.244E+02 1.660E-08 1.660E-08 3.770E-19 0.00E+00
7.161E+02 1.697E-08 1.697E-08 3.948E-19 0.00E+00
7.079E+02 1.735E-08 1.735E-08 4.134E-19 0.00E+00
6.998E+02 1.774E-08 1.774E-08 4.328E-19 0.00E+00
6.918E+02 1.813E-08 1.813E-08 4.532E-19 0.00E+00
6.839E+02 1.854E-08 1.854E-08 4.746E-19 0.00E+00
6.761E+02 1.895E-08 1.895E-08 4.969E-19 0.00E+00
6.683E+02 1.938E-08 1.938E-08 5.203E-19 0.00E+00
6.607E+02 1.981E-08 1.981E-08 5.448E-19 0.00E+00
6.531E+02 2.026E-08 2.026E-08 5.705E-19 0.00E+00
6.457E+02 2.071E-08 2.071E-08 5.974E-19 0.00E+00
6.383E+02 2.118E-08 2.118E-08 6.255E-19 0.00E+00
6.310E+02 2.165E-08 2.165E-08 6.550E-19 0.00E+00
6.237E+02 2.214E-08 2.214E-08 6.858E-19 0.00E+00
6.166E+02 2.264E-08 2.264E-08 7.181E-19 0.00E+00
6.095E+02 2.315E-08 2.315E-08 7.519E-19 0.00E+00
6.026E+02 2.367E-08 2.367E-08 7.873E-19 0.00E+00
5.957E+02 2.420E-08 2.420E-08 8.244E-19 0.00E+00
5.888E+02 2.475E-08 2.475E-08 8.633E-19 0.00E+00
5.821E+02 2.531E-08 2.531E-08 9.039E-19 0.00E+00
5.754E+02 2.588E-08 2.588E-08 9.465E-19 0.00E+00
5.689E+02 2.646E-08 2.646E-08 9.911E-19 0.00E+00
5.623E+02 2.706E-08 2.706E-08 1.038E-18 0.00E+00
5.559E+02 2.767E-08 2.767E-08 1.087E-18 0.00E+00
5.495E+02 2.830E-08 2.830E-08 1.138E-18 0.00E+00
5.433E+02 2.894E-08 2.894E-08 1.191E-18 0.00E+00
5.370E+02 2.960E-08 2.960E-08 1.247E-18 0.00E+00
5.309E+02 3.027E-08 3.027E-08 1.306E-18 0.00E+00
5.248E+02 3.095E-08 3.095E-08 1.368E-18 0.00E+00
5.188E+02 3.166E-08 3.166E-08 1.432E-18 0.00E+00
5.129E+02 3.237E-08 3.237E-08 1.500E-18 0.00E+00
5.070E+02 3.311E-08 3.311E-08 1.570E-18 0.00E+00
5.012E+02 3.386E-08 3.386E-08 1.644E-18 0.00E+00
4.955E+02 3.463E-08 3.463E-08 1.722E-18 0.00E+00
4.898E+02 3.542E-08 3.542E-08 1.803E-18 0.00E+00
4.842E+02 3.623E-08 3.623E-08 1.888E-18 0.00E+00
4.786E+02 3.705E-08 3.705E-08 1.977E-18 0.00E+00
4.732E+02 3.790E-08 3.790E-08 2.070E-18 0.00E+00
4.677E+02 3.876E-08 3.876E-08 2.167E-18 0.00E+00
4.624E+02 3.964E-08 3.964E-08 2.269E-18 0.00E+00
4.571E+02 4.055E-08 4.055E-08 2.376E-18 0.00E+00
4.519E+02 4.148E-08 4.148E-08 2.488E-18 0.00E+00
4.467E+02 4.242E-08 4.242E-08 2.605E-18 0.00E+00
4.416E+02 4.339E-08 4.339E-08 2.728E-18 0.00E+00
4.365E+02 4.438E-08 4.438E-08 2.856E-18 0.00E+00
4.315E+02 4.540E-08 4.540E-08 2.991E-18 0.00E+00
4.266E+02 4.644E-08 4.644E-08 3.132E-18 0.00E+00
4.217E+02 4.750E-08 4.750E-08 3.279E-18 0.00E+00
4.169E+02 4.859E-08 4.859E-08 3.434E-18 0.00E+00
4.121E+02 4.970E-08 4.970E-08 3.595E-18 0.00E+00
4.074E+02 5.084E-08 5.084E-08 3.764E-18 0.00E+00
4.027E+02 5.201E-08 5.201E-08 3.942E-18 0.00E+00
3.981E+02 5.320E-08 5.320E-08 4.127E-18 0.00E+00
3.936E+02 5.442E-08 5.442E-08 4.322E-18 0.00E+00
3.890E+02 5.567E-08 5.567E-08 4.525E-18 0.00E+00
3.846E+02 5.695E-08 5.695E-08 4.738E-18 0.00E+00
3.802E+02 5.826E-08 5.826E-08 4.961E-18 0.00E+00
3.758E+02 5.960E-08 5.960E-08 5.195E-18 0.00E+00
3.715E+02 6.097E-08 6.097E-08 5.440E-18 0.00E+00
3.673E+02 6.237E-08 6.237E-08 5.696E-18 0.00E+00
3.631E+02 6.381E-08 6.381E-08 5.964E-18 0.00E+00
3.589E+02 6.528E-08 6.528E-08 6.245E-18 0.00E+00
3.548E+02 6.678E-08 6.678E-08 6.539E-18 0.00E+00
3.508E+02 6.832E-08 6.832E-08 6.847E-18 0.00E+00
3.467E+02 6.989E-08 6.989E-08 7.169E-18 0.00E+00
3.428E+02 7.150E-08 7.150E-08 7.506E-18 0.00E+00
3.388E+02 7.315E-08 7.315E-08 7.860E-18 0.00E+00
3.350E+02 7.484E-08 7.484E-08 8.230E-18 0.00E+00
3.311E+02 7.657E-08 7.657E-08 8.617E-18 0.00E+00
3.273E+02 7.834E-08 7.834E-08 9.023E-18 0.00E+00
3.236E+02 8.015E-08 8.015E-08 9.448E-18 0.00E+00
3.199E+02 8.200E-08 8.200E-08 9.893E-18 0.00E+00
3.162E+02 8.389E-08 8.389E-08 1.036E-17 0.00E+00
3.126E+02 8.583E-08 8.583E-08 1.085E-17 0.00E+00
3.090E+02 8.782E-08 8.782E-08 1.136E-17 0.00E+00
3.055E+02 8.985E-08 8.985E-08 1.189E-17 0.00E+00
3.020E+02 9.193E-08 9.193E-08 1.245E-17 0.00E+00
2.985E+02 9.406E-08 9.406E-08 1.304E-17 0.00E+00
2.951E+02 9.624E-08 9.624E-08 1.365E-17 0.00E+00
2.917E+02 9.846E-08 9.846E-08 1.429E-17 0.00E+00
2.884E+02 1.007E-07 1.007E-07 1.497E-17 0.00E+00
2.851E+02 1.031E-07 1.031E-07 1.567E-17 0.00E+00
2.818E+02 1.055E-07 1.055E-07 1.641E-17 0.00E+00
2.786E+02 1.079E-07 1.079E-07 1.718E-17 0.00E+00
2.754E+02 1.104E-07 1.104E-07 1.799E-17 0.00E+00
2.723E+02 1.130E-07 1.130E-07 1.883E-17 0.00E+00
2.692E+02 1.156E-07 1.156E-07 1.972E-17 0.00E+00
2.661E+02 1.183E-07 1.183E-07 2.065E-17 0.00E+00
2.630E+02 1.210E-07 1.210E-07 2.162E-17 0.00E+00
2.600E+02 1.239E-07 1.239E-07 2.264E-17 0.00E+00
2.570E+02 1.267E-07 1.267E-07 2.370E-17 0.00E+00
2.541E+02 1.297E-07 1.297E-07 2.482E-17 0.00E+00
2.512E+02 1.327E-07 1.327E-07 2.598E-17 0.00E+00
2.483E+02 1.358E-07 1.358E-07 2.721E-17 0.00E+00
2.455E+02 1.389E-07 1.389E-07 2.849E-17 0.00E+00
2.427E+02 1.422E-07 1.422E-07 2.983E-17 0.00E+00
2.399E+02 1.455E-07 1.455E-07 3.123E-17 0.00E+00
2.371E+02 1.489E-07 1.489E-07 3.270E-17 0.00E+00
2.344E+02 1.523E-07 1.523E-07 3.424E-17 0.00E+00
2.317E+02 1.559E-07 1.559E-07 3.585E-17 0.00E+00
2.291E+02 1.595E-07 1.595E-07 3.753E-17 0.00E+00
2.265E+02 1.632E-07 1.632E-07 3.930E-17 0.00E+00
2.239E+02 1.671E-07 1.671E-07 4.115E-17 0.00E+00
2.213E+02 1.710E-07 1.710E-07 4.308E-17 0.00E+00
2.188E+02 1.749E-07 1.749E-07 4.511E-17 0.00E+00
2.163E+02 1.790E-07 1.790E-07 4.723E-17 0.00E+00
2.138E+02 1.832E-07 1.832E-07 4.945E-17 0.00E+00
2.113E+02 1.875E-07 1.875E-07 5.177E-17 0.00E+00
2.089E+02 1.919E-07 1.919E-07 5.420E-17 0.00E+00
2.065E+02 1.964E-07 1.964E-07 5.675E-17 0.00E+00
2.042E+02 2.010E-07 2.010E-07 5.942E-17 0.00E+00
2.018E+02 2.057E-07 2.057E-07 6.221E-17 0.00E+00
1.995E+02 2.105E-07 2.105E-07 6.514E-17 0.00E+00
1.972E+02 2.154E-07 2.154E-07 6.820E-17 0.00E+00
1.950E+02 2.204E-07 2.204E-07 7.140E-17 0.00E+00
1.928E+02 2.256E-07 2.256E-07 7.476E-17 0.00E+00
1.905E+02 2.309E-07 2.309E-07 7.827E-17 0.00E+00
1.884E+02 2.363E-07 2.363E-07 8.195E-17 0.00E+00
1.862E+02 2.418E-07 2.418E-07 8.580E-17 0.00E+00
1.841E+02 2.475E-07 2.475E-07 8.983E-17 0.00E+00
1.820E+02 2.533E-07 2.533E-07 9.405E-17 0.00E+00
1.799E+02 2.593E-07 2.593E-07 9.847E-17 0.00E+00
1.778E+02 2.654E-07 2.654E-07 1.031E-16 0.00E+00
1.758E+02 2.716E-07 2.716E-07 1.079E-16 0.00E+00
1.738E+02 2.780E-07 2.780E-07 1.130E-16 0.00E+00
1.718E+02 2.845E-07 2.845E-07 1.183E-16 0.00E+00
1.698E+02 2.912E-07 2.912E-07 1.239E-16 0.00E+00
1.679E+02 2.981E-07 2.981E-07 1.297E-16 0.00E+00
1.660E+02 3.051E-07 3.051E-07 1.358E-16 0.00E+00
1.641E+02 3.123E-07 3.123E-07 1.421E-16 0.00E+00
1.622E+02 3.196E-07 3.196E-07 1.488E-16 0.00E+00
1.603E+02 3.272E-07 3.272E-07 1.558E-16 0.00E+00
1.585E+02 3.349E-07 3.349E-07 1.631E-16 0.00E+00
1.567E+02 3.428E-07 3.428E-07 1.707E-16 0.00E+00
1.549E+02 3.509E-07 3.509E-07 1.788E-16 0.00E+00
1.531E+02 3.591E-07 3.591E-07 1.871E-16 0.00E+00
1.514E+02 3.676E-07 3.676E-07 1.959E-16 0.00E+00
1.496E+02 3.763E-07 3.763E-07 2.051E-16 0.00E+00
1.479E+02 3.852E-07 3.852E-07 2.147E-16 0.00E+00
1.462E+02 3.943E-07 3.943E-07 2.248E-16 0.00E+00
1.445E+02 4.037E-07 4.037E-07 2.353E-16 0.00E+00
1.429E+02 4.132E-07 4.132E-07 2.464E-16 0.00E+00
1.413E+02 4.230E-07 4.230E-07 2.579E-16 0.00E+00
1.396E+02 4.330E-07 4.330E-07 2.700E-16 0.00E+00
1.380E+02 4.433E-07 4.433E-07 2.826E-16 0.00E+00
1.365E+02 4.538E-07 4.538E-07 2.959E-16 0.00E+00
1.349E+02 4.646E-07 4.646E-07 3.097E-16 0.00E+00
1.334E+02 4.757E-07 4.757E-07 3.242E-16 0.00E+00
1.318E+02 4.870E-07 4.870E-07 3.394E-16 0.00E+00
1.303E+02 4.986E-07 4.986E-07 3.553E-16 0.00E+00
1.288E+02 5.104E-07 5.104E-07 3.719E-16 0.00E+00
1.274E+02 5.226E-07 5.226E-07 3.894E-16 0.00E+00
1.259E+02 5.351E-07 5.351E-07 4.076E-16 0.00E+00
1.245E+02 5.478E-07 5.478E-07 4.266E-16 0.00E+00
1.230E+02 5.609E-07 5.609E-07 4.466E-16 0.00E+00
1.216E+02 5.743E-07 5.743E-07 4.675E-16 0.00E+00
1.202E+02 5.880E-07 5.880E-07 4.893E-16 0.00E+00
1.189E+02 6.021E-07 6.021E-07 5.122E-16 0.00E+00
1.175E+02 6.165E-07 6.165E-07 5.361E-16 0.00E+00
1.161E+02 6.313E-07 6.313E-07 5.612E-16 0.00E+00
1.148E+02 6.464E-07 6.464E-07 5.874E-16 0.00E+00
1.135E+02 6.619E-07 6.619E-07 6.148E-16 0.00E+00
1.122E+02 6.778E-07 6.778E-07 6.435E-16 0.00E+00
1.109E+02 6.941E-07 6.941E-07 6.736E-16 0.00E+00
1.096E+02 7.108E-07 7.108E-07 7.050E-16 0.00E+00
1.084E+02 7.279E-07 7.279E-07 7.379E-16 0.00E+00
1.072E+02 7.454E-07 7.454E-07 7.723E-16 0.00E+00
1.059E+02 7.634E-07 7.634E-07 8.083E-16 0.00E+00
1.047E+02 7.818E-07 7.818E-07 8.460E-16 0.00E+00
1.035E+02 8.006E-07 8.006E-07 8.854E-16 0.00E+00
1.023E+02 8.200E-07 8.200E-07 9.266E-16 0.00E+00
1.012E+02 8.398E-07 8.398E-07 9.697E-16 0.00E+00
1.000E+02 8.601E-07 8.601E-07 1.015E-15 0.00E+00
9.886E+01 8.809E-07 8.809E-07 1.062E-15 0.00E+00
9.772E+01 9.022E-07 9.022E-07 1.111E-15 0.00E+00
9.661E+01 9.241E-07 9.241E-07 1.163E-15 0.00E+00
9.550E+01 9.465E-07 9.465E-07 1.217E-15 0.00E+00
9.441E+01 9.694E-07 9.694E-07 1.274E-15 0.00E+00
9.333E+01 9.930E-07 9.930E-07 1.333E-15 0.00E+00
9.226E+01 1.017E-06 1.017E-06 1.395E-15 0.00E+00
9.120E+01 1.042E-06 1.042E-06 1.459E-15 0.00E+00
9.016E+01 1.067E-06 1.067E-06 1.527E-15 0.00E+00
8.913E+01 1.093E-06 1.093E-06 1.598E-15 0.00E+00
8.810E+01 1.120E-06 1.120E-06 1.672E-15 0.00E+00
8.710E+01 1.147E-06 1.147E-06 1.749E-15 0.00E+00
8.610E+01 1.175E-06 1.175E-06 1.830E-15 0.00E+00
8.511E+01 1.204E-06 1.204E-06 1.915E-15 0.00E+00
8.414E+01 1.233E-06 1.233E-06 2.004E-15 0.00E+00
8.318E+01 1.263E-06 1.263E-06 2.096E-15 0.00E+00
8.222E+01 1.294E-06 1.294E-06 2.193E-15 0.00E+00
8.128E+01 1.326E-06 1.326E-06 2.294E-15 0.00E+00
8.035E+01 1.358E-06 1.358E-06 2.400E-15 0.00E+00
7.943E+01 1.392E-06 1.392E-06 2.511E-15 0.00E+00
7.852E+01 1.426E-06 1.426E-06 2.627E-15 0.00E+00
7.762E+01 1.461E-06 1.461E-06 2.748E-15 0.00E+00
7.674E+01 1.497E-06 1.497E-06 2.874E-15 0.00E+00
7.586E+01 1.534E-06 1.534E-06 3.007E-15 0.00E+00
7.499E+01 1.572E-06 1.572E-06 3.145E-15 0.00E+00
7.413E+01 1.611E-06 1.611E-06 3.289E-15 0.00E+00
7.328E+01 1.651E-06 1.651E-06 3.441E-15 0.00E+00
7.244E+01 1.692E-06 1.692E-06 3.598E-15 0.00E+00
7.161E+01 1.734E-06 1.734E-06 3.764E-15 0.00E+00
7.079E+01 1.777E-06 1.777E-06 3.936E-15 0.00E+00
6.998E+01 1.821E-06 1.821E-06 4.116E-15 0.00E+00
6.918E+01 1.867E-06 1.867E-06 4.305E-15 0.00E+00
6.839E+01 1.913E-06 1.913E-06 4.502E-15 0.00E+00
6.761E+01 1.961E-06 1.961E-06 4.708E-15 0.00E+00
6.683E+01 2.010E-06 2.010E-06 4.923E-15 0.00E+00
6.607E+01 2.061E-06 2.061E-06 5.147E-15 0.00E+00
6.531E+01 2.113E-06 2.113E-06 5.382E-15 0.00E+00
6.457E+01 2.166E-06 2.166E-06 5.627E-15 0.00E+00
6.383E+01 2.221E-06 2.221E-06 5.884E-15 0.00E+00
6.310E+01 2.277E-06 2.277E-06 6.151E-15 0.00E+00
6.237E+01 2.334E-06 2.334E-06 6.431E-15 0.00E+00
6.166E+01 2.394E-06 2.394E-06 6.723E-15 0.00E+00
6.095E+01 2.455E-06 2.455E-06 7.028E-15 0.00E+00
6.026E+01 2.517E-06 2.517E-06 7.347E-15 0.00E+00
5.957E+01 2.582E-06 2.582E-06 7.679E-15 0.00E+00
5.888E+01 2.648E-06 2.648E-06 8.027E-15 0.00E+00
5.821E+01 2.716E-06 2.716E-06 8.390E-15 0.00E+00
5.754E+01 2.786E-06 2.786E-06 8.769E-15 0.00E+00
5.689E+01 2.857E-06 2.857E-06 9.165E-15 0.00E+00
5.623E+01 2.931E-06 2.931E-06 9.578E-15 0.00E+00
5.559E+01 3.007E-06 3.007E-06 1.001E-14 0.00E+00
5.495E+01 3.086E-06 3.086E-06 1.046E-14 0.00E+00
5.433E+01 3.166E-06 3.166E-06 1.093E-14 0.00E+00
5.370E+01 3.249E-06 3.249E-06 1.142E-14 0.00E+00
5.309E+01 3.334E-06 3.334E-06 1.193E-14 0.00E+00
5.248E+01 3.422E-06 3.422E-06 1.247E-14 0.00E+00
5.188E+01 3.513E-06 3.513E-06 1.303E-14 0.00E+00
5.129E+01 3.606E-06 3.606E-06 1.361E-14 0.00E+00
5.070E+01 3.702E-06 3.702E-06 1.422E-14 0.00E+00
5.012E+01 3.801E-06 3.801E-06 1.485E-14 0.00E+00
4.955E+01 3.903E-06 3.903E-06 1.552E-14 0.00E+00
4.898E+01 4.008E-06 4.008E-06 1.621E-14 0.00E+00
4.842E+01 4.117E-06 4.117E-06 1.693E-14 0.00E+00
4.786E+01 4.228E-06 4.228E-06 1.768E-14 0.00E+00
4.732E+01 4.344E-06 4.344E-06 1.847E-14 0.00E+00
4.677E+01 4.463E-06 4.463E-06 1.929E-14 0.00E+00
4.624E+01 4.586E-06 4.586E-06 2.015E-14 0.00E+00
4.571E+01 4.712E-06 4.712E-06 2.104E-14 0.00E+00
4.519E+01 4.843E-06 4.843E-06 2.197E-14 0.00E+00
4.467E+01 4.978E-06 4.978E-06 2.294E-14 0.00E+00
4.416E+01 5.118E-06 5.118E-06 2.396E-14 0.00E+00
4.365E+01 5.262E-06 5.262E-06 2.502E-14 0.00E+00
4.315E+01 5.411E-06 5.411E-06 2.612E-14 0.00E+00
4.266E+01 5.565E-06 5.565E-06 2.727E-14 0.00E+00
4.217E+01 5.724E-06 5.724E-06 2.847E-14 0.00E+00
4.169E+01 5.888E-06 5.888E-06 2.973E-14 0.00E+00
4.121E+01 6.057E-06 6.057E-06 3.104E-14 0.00E+00
4.074E+01 6.232E-06 6.232E-06 3.240E-14 0.00E+00
4.027E+01 6.414E-06 6.414E-06 3.383E-14 0.00E+00
3.981E+01 6.601E-06 6.601E-06 3.531E-14 0.00E+00
3.936E+01 6.794E-06 6.794E-06 3.687E-14 0.00E+00
3.890E+01 6.993E-06 6.993E-06 3.848E-14 0.00E+00
3.846E+01 7.199E-06 7.199E-06 4.017E-14 0.00E+00
3.802E+01 7.412E-06 7.412E-06 4.194E-14 0.00E+00
3.758E+01 7.631E-06 7.631E-06 4.378E-14 0.00E+00
3.715E+01 7.858E-06 7.858E-06 4.570E-14 0.00E+00
3.673E+01 8.091E-06 8.091E-06 4.771E-14 0.00E+00
3.631E+01 8.331E-06 8.331E-06 4.980E-14 0.00E+00
3.589E+01 8.578E-06 8.578E-06 5.199E-14 0.00E+00
3.548E+01 8.832E-06 8.832E-06 5.428E-14 0.00E+00
3.508E+01 9.093E-06 9.093E-06 5.666E-14 0.00E+00
3.467E+01 9.361E-06 9.361E-06 5.915E-14 0.00E+00
3.428E+01 9.634E-06 9.634E-06 6.175E-14 0.00E+00
3.388E+01 9.914E-06 9.914E-06 6.447E-14 0.00E+00
3.350E+01 1.020E-05 1.020E-05 6.731E-14 0.00E+00
3.311E+01 1.049E-05 1.049E-05 7.028E-14 0.00E+00
3.273E+01 1.079E-05 1.079E-05 7.338E-14 0.00E+00
3.236E+01 1.109E-05 1.109E-05 7.661E-14 0.00E+00
3.199E+01 1.139E-05 1.139E-05 8.000E-14 0.00E+00
3.162E+01 1.169E-05 1.169E-05 8.354E-14 0.00E+00
3.126E+01 1.200E-05 1.200E-05 8.723E-14 0.00E+00
3.090E+01 1.231E-05 1.231E-05 9.110E-14 0.00E+00
3.055E+01 1.261E-05 1.261E-05 9.514E-14 0.00E+00
3.020E+01 1.292E-05 1.292E-05 9.936E-14 0.00E+00
2.985E+01 1.322E-05 1.322E-05 1.038E-13 0.00E+00
2.951E+01 1.352E-05 1.352E-05 1.084E-13 0.00E+00
2.917E+01 1.381E-05 1.381E-05 1.132E-13 0.00E+00
2.884E+01 1.410E-05 1.410E-05 1.183E-13 0.00E+00
2.851E+01 1.438E-05 1.438E-05 1.236E-13 0.00E+00
2.818E+01 1.465E-05 1.465E-05 1.291E-13 0.00E+00
2.786E+01 1.492E-05 1.492E-05 1.349E-13 0.00E+00
2.754E+01 1.518E-05 1.518E-05 1.410E-13 0.00E+00
2.723E+01 1.544E-05 1.544E-05 1.473E-13 0.00E+00
2.692E+01 1.570E-05 1.570E-05 1.539E-13 0.00E+00
2.661E+01 1.597E-05 1.597E-05 1.609E-13 0.00E+00
2.630E+01 1.626E-05 1.626E-05 1.681E-13 0.00E+00
2.600E+01 1.658E-05 1.658E-05 1.757E-13 0.00E+00
2.570E+01 1.695E-05 1.695E-05 1.837E-13 0.00E+00
2.541E+01 1.740E-05 1.740E-05 1.920E-13 0.00E+00
2.512E+01 1.799E-05 1.799E-05 2.007E-13 0.00E+00
2.483E+01 1.880E-05 1.880E-05 2.099E-13 0.00E+00
2.455E+01 1.998E-05 1.998E-05 2.194E-13 0.00E+00
2.427E+01 2.182E-05 2.182E-05 2.294E-13 0.00E+00
2.399E+01 2.487E-05 2.487E-05 2.398E-13 0.00E+00
2.371E+01 3.017E-05 3.017E-05 2.508E-13 0.00E+00
2.344E+01 3.891E-05 3.891E-05 2.623E-13 0.00E+00
2.317E+01 4.781E-05 4.781E-05 2.743E-13 0.00E+00
2.291E+01 4.648E-05 4.648E-05 2.869E-13 0.00E+00
2.265E+01 3.972E-05 3.972E-05 3.001E-13 0.00E+00
2.239E+01 3.701E-05 3.701E-05 3.139E-13 0.00E+00
2.213E+01 4.010E-05 4.010E-05 3.284E-13 0.00E+00
2.188E+01 5.099E-05 5.099E-05 3.435E-13 0.00E+00
2.163E+01 7.599E-05 7.599E-05 3.594E-13 0.00E+00
2.138E+01 1.205E-04 1.205E-04 3.761E-13 0.00E+00
2.113E+01 1.373E-04 1.373E-04 3.935E-13 0.00E+00
2.089E+01 9.317E-05 9.317E-05 4.118E-13 0.00E+00
2.065E+01 5.693E-05 5.693E-05 4.309E-13 0.00E+00
2.042E+01 3.844E-05 3.844E-05 4.509E-13 0.00E+00
2.018E+01 2.894E-05 2.894E-05 4.719E-13 0.00E+00
1.995E+01 2.369E-05 2.369E-05 4.938E-13 0.00E+00
1.972E+01 2.067E-05 2.067E-05 5.168E-13 0.00E+00
1.950E+01 1.903E-05 1.903E-05 5.408E-13 0.00E+00
1.928E+01 1.850E-05 1.850E-05 5.660E-13 0.00E+00
1.905E+01 1.932E-05 1.932E-05 5.925E-13 0.00E+00
1.884E+01 2.275E-05 2.275E-05 6.201E-13 0.00E+00
1.862E+01 3.402E-05 3.402E-05 6.491E-13 0.00E+00
1.841E+01 7.924E-05 7.924E-05 6.795E-13 0.00E+00
1.820E+01 1.271E-04 1.271E-04 7.114E-13 0.00E+00
1.799E+01 4.746E-05 4.746E-05 7.447E-13 0.00E+00
1.778E+01 2.485E-05 2.485E-05 7.797E-13 0.00E+00
1.758E+01 1.789E-05 1.789E-05 8.163E-13 0.00E+00
1.738E+01 1.518E-05 1.518E-05 8.546E-13 0.00E+00
1.718E+01 1.428E-05 1.428E-05 8.948E-13 0.00E+00
1.698E+01 1.488E-05 1.488E-05 9.368E-13 0.00E+00
1.679E+01 1.862E-05 1.862E-05 9.809E-13 0.00E+00
1.660E+01 3.824E-05 3.824E-05 1.027E-12 0.00E+00
1.641E+01 2.040E-04 2.040E-04 1.075E-12 0.00E+00
1.622E+01 4.084E-05 4.084E-05 1.126E-12 0.00E+00
1.603E+01 1.796E-05 1.796E-05 1.179E-12 0.00E+00
1.585E+01 1.312E-05 1.312E-05 1.235E-12 0.00E+00
1.567E+01 1.139E-05 1.139E-05 1.293E-12 0.00E+00
1.549E+01 1.062E-05 1.062E-05 1.354E-12 0.00E+00
1.531E+01 1.027E-05 1.027E-05 1.418E-12 0.00E+00
1.514E+01 1.016E-05 1.016E-05 1.485E-12 0.00E+00
1.496E+01 1.021E-05 1.021E-05 1.555E-12 0.00E+00
1.479E+01 1.039E-05 1.039E-05 1.629E-12 0.00E+00
1.462E+01 1.072E-05 1.072E-05 1.706E-12 0.00E+00
1.445E+01 1.120E-05 1.120E-05 1.786E-12 0.00E+00
1.429E+01 1.187E-05 1.187E-05 1.870E-12 0.00E+00
1.413E+01 1.278E-05 1.278E-05 1.959E-12 0.00E+00
1.396E+01 1.402E-05 1.402E-05 2.051E-12 2.82E-07
1.380E+01 1.573E-05 1.573E-05 2.148E-12 2.98E-07
1.365E+01 1.814E-05 1.814E-05 2.250E-12 3.13E-07
1.349E+01 2.162E-05 2.162E-05 2.356E-12 3.29E-07
1.334E+01 2.679E-05 2.679E-05 2.468E-12 3.47E-07
1.318E+01 3.462E-05 3.462E-05 2.584E-12 3.65E-07
1.303E+01 4.620E-05 4.620E-05 2.706E-12 3.83E-07
1.288E+01 6.092E-05 6.092E-05 2.834E-12 4.02E-07
1.274E+01 7.197E-05 7.197E-05 2.968E-12 4.22E-07
1.259E+01 7.018E-05 7.018E-05 3.109E-12 4.43E-07
1.245E+01 6.018E-05 6.018E-05 3.256E-12 4.66E-07
1.230E+01 5.298E-05 5.298E-05 3.410E-12 4.90E-07
1.216E+01 5.494E-05 5.494E-05 3.571E-12 5.12E-07
1.202E+01 7.532E-05 7.532E-05 3.740E-12 5.33E-07
1.189E+01 1.032E-04 1.032E-04 3.921E-12 5.54E-07
1.175E+01 8.552E-05 8.552E-05 4.115E-12 5.75E-07
1.161E+01 9.625E-05 9.625E-05 4.328E-12 5.96E-07
1.148E+01 1.512E-04 1.512E-04 4.405E-12 6.20E-07
1.135E+01 2.407E-04 2.407E-04 4.681E-12 6.39E-07
1.122E+01 2.198E-04 2.198E-04 4.910E-12 6.61E-07
1.109E+01 1.261E-04 1.261E-04 5.149E-12 6.83E-07
1.096E+01 7.305E-05 7.305E-05 5.396E-12 7.06E-07
1.084E+01 4.783E-05 4.783E-05 5.654E-12 7.29E-07
1.072E+01 3.488E-05 3.488E-05 5.922E-12 7.52E-07
1.059E+01 2.763E-05 2.763E-05 6.202E-12 7.76E-07
1.047E+01 2.330E-05 2.330E-05 6.493E-12 8.00E-07
1.035E+01 2.063E-05 2.063E-05 6.798E-12 8.24E-07
1.023E+01 1.898E-05 1.898E-05 7.119E-12 8.49E-07
1.012E+01 1.801E-05 1.801E-05 7.455E-12 8.74E-07
1.000E+01 1.754E-05 1.754E-05 7.807E-12 9.00E-07
9.886E+00 1.747E-05 1.747E-05 8.175E-12 9.26E-07
9.772E+00 1.776E-05 1.776E-05 8.561E-12 9.51E-07
9.661E+00 1.839E-05 1.839E-05 8.966E-12 9.77E-07
9.550E+00 1.940E-05 1.940E-05 9.388E-12 1.00E-06
9.441E+00 2.084E-05 2.084E-05 9.831E-12 1.03E-06
9.333E+00 2.286E-05 2.286E-05 1.029E-11 1.06E-06
9.226E+00 2.566E-05 2.566E-05 1.078E-11 1.09E-06
9.120E+00 2.966E-05 2.966E-05 1.129E-11 1.11E-06
9.016E+00 3.559E-05 3.559E-05 1.182E-11 1.14E-06
8.913E+00 4.492E-05 4.492E-05 1.237E-11 1.17E-06
8.810E+00 6.027E-05 6.027E-05 1.296E-11 1.21E-06
8.710E+00 8.374E-05 8.374E-05 1.357E-11 1.24E-06
8.610E+00 1.039E-04 1.039E-04 1.420E-11 1.27E-06
8.511E+00 9.904E-05 9.904E-05 1.487E-11 1.30E-06
8.414E+00 8.658E-05 8.658E-05 1.557E-11 1.34E-06
8.318E+00 8.356E-05 8.356E-05 1.630E-11 1.37E-06
8.222E+00 9.026E-05 9.026E-05 1.707E-11 1.41E-06
8.128E+00 1.053E-04 1.053E-04 1.787E-11 1.45E-06
8.035E+00 1.285E-04 1.285E-04 1.871E-11 1.49E-06
7.943E+00 1.593E-04 1.593E-04 1.958E-11 1.53E-06
7.852E+00 1.935E-04 1.935E-04 2.050E-11 1.57E-06
7.762E+00 2.203E-04 2.203E-04 2.146E-11 1.62E-06
7.674E+00 2.253E-04 2.253E-04 2.247E-11 1.66E-06
7.586E+00 2.050E-04 2.050E-04 2.353E-11 1.70E-06
7.499E+00 1.711E-04 1.711E-04 2.463E-11 1.75E-06
7.413E+00 1.367E-04 1.367E-04 2.578E-11 1.79E-06
7.328E+00 1.083E-04 1.083E-04 2.699E-11 1.83E-06
7.244E+00 8.672E-05 8.672E-05 2.826E-11 1.88E-06
7.161E+00 7.086E-05 7.086E-05 2.959E-11 1.92E-06
7.079E+00 5.938E-05 5.938E-05 3.097E-11 1.97E-06
6.998E+00 5.116E-05 5.116E-05 3.242E-11 2.02E-06
6.918E+00 4.545E-05 4.545E-05 3.394E-11 2.07E-06
6.839E+00 4.177E-05 4.177E-05 3.553E-11 2.12E-06
6.761E+00 3.992E-05 3.992E-05 3.720E-11 2.17E-06
6.683E+00 3.999E-05 3.999E-05 3.894E-11 2.22E-06
6.607E+00 4.244E-05 4.244E-05 4.076E-11 2.27E-06
6.531E+00 4.836E-05 4.836E-05 4.267E-11 2.33E-06
6.457E+00 6.007E-05 6.007E-05 4.467E-11 2.38E-06
6.383E+00 8.202E-05 8.202E-05 4.675E-11 2.45E-06
6.310E+00 1.199E-04 1.199E-04 4.893E-11 2.56E-06
6.237E+00 1.645E-04 1.645E-04 5.125E-11 2.52E-06
6.166E+00 1.650E-04 1.650E-04 5.364E-11 2.59E-06
6.095E+00 1.193E-04 1.193E-04 5.614E-11 2.66E-06
6.026E+00 7.864E-05 7.864E-05 5.877E-11 2.72E-06
5.957E+00 5.402E-05 5.402E-05 6.151E-11 2.78E-06
5.888E+00 3.966E-05 3.966E-05 6.439E-11 2.84E-06
5.821E+00 3.090E-05 3.090E-05 6.739E-11 2.90E-06
5.754E+00 2.526E-05 2.526E-05 7.054E-11 2.97E-06
5.689E+00 2.142E-05 2.142E-05 7.383E-11 3.04E-06
5.623E+00 1.870E-05 1.870E-05 7.728E-11 3.11E-06
5.559E+00 1.669E-05 1.669E-05 8.089E-11 3.18E-06
5.495E+00 1.518E-05 1.518E-05 8.466E-11 3.25E-06
5.433E+00 1.400E-05 1.400E-05 8.861E-11 3.32E-06
5.370E+00 1.307E-05 1.307E-05 9.274E-11 3.39E-06
5.309E+00 1.232E-05 1.232E-05 9.707E-11 3.47E-06
5.248E+00 1.171E-05 1.171E-05 1.016E-10 3.55E-06
5.188E+00 1.121E-05 1.121E-05 1.063E-10 3.63E-06
5.129E+00 1.080E-05 1.080E-05 1.113E-10 3.71E-06
5.070E+00 1.046E-05 1.046E-05 1.164E-10 3.80E-06
5.012E+00 1.017E-05 1.017E-05 1.219E-10 3.88E-06
4.955E+00 9.929E-06 9.928E-06 1.275E-10 3.97E-06
4.898E+00 9.728E-06 9.728E-06 1.335E-10 4.06E-06
4.842E+00 9.562E-06 9.562E-06 1.397E-10 4.15E-06
4.786E+00 9.426E-06 9.426E-06 1.462E-10 4.24E-06
4.732E+00 9.315E-06 9.315E-06 1.530E-10 4.34E-06
4.677E+00 9.228E-06 9.228E-06 1.601E-10 4.43E-06
4.624E+00 9.161E-06 9.161E-06 1.676E-10 4.53E-06
4.571E+00 9.112E-06 9.112E-06 1.754E-10 4.63E-06
4.519E+00 9.079E-06 9.079E-06 1.835E-10 4.73E-06
4.467E+00 9.062E-06 9.061E-06 1.921E-10 4.84E-06
4.416E+00 9.058E-06 9.058E-06 2.010E-10 4.95E-06
4.365E+00 9.067E-06 9.067E-06 2.104E-10 5.05E-06
4.315E+00 9.089E-06 9.088E-06 2.201E-10 5.16E-06
4.266E+00 9.122E-06 9.121E-06 2.304E-10 5.28E-06
4.217E+00 9.166E-06 9.165E-06 2.411E-10 5.39E-06
4.169E+00 9.221E-06 9.220E-06 2.523E-10 5.51E-06
4.121E+00 9.286E-06 9.286E-06 2.640E-10 5.63E-06
4.074E+00 9.363E-06 9.363E-06 2.762E-10 5.75E-06
4.027E+00 9.451E-06 9.451E-06 2.891E-10 5.87E-06
3.981E+00 9.552E-06 9.551E-06 3.025E-10 6.00E-06
3.936E+00 9.665E-06 9.664E-06 3.165E-10 6.13E-06
3.890E+00 9.793E-06 9.792E-06 3.312E-10 6.26E-06
3.846E+00 9.938E-06 9.937E-06 3.466E-10 6.39E-06
3.802E+00 1.010E-05 1.010E-05 3.627E-10 6.52E-06
3.758E+00 1.030E-05 1.030E-05 3.795E-10 6.66E-06
3.715E+00 1.052E-05 1.052E-05 3.972E-10 6.80E-06
3.673E+00 1.080E-05 1.080E-05 4.156E-10 6.94E-06
3.631E+00 1.114E-05 1.114E-05 4.349E-10 7.08E-06
3.589E+00 1.159E-05 1.159E-05 4.551E-10 7.23E-06
3.548E+00 1.221E-05 1.221E-05 4.762E-10 7.38E-06
3.508E+00 1.314E-05 1.314E-05 4.983E-10 7.53E-06
3.467E+00 1.469E-05 1.469E-05 5.214E-10 7.68E-06
3.428E+00 1.767E-05 1.767E-05 5.456E-10 7.84E-06
3.388E+00 2.488E-05 2.488E-05 5.709E-10 8.00E-06
3.350E+00 5.086E-05 5.086E-05 5.974E-10 8.16E-06
3.311E+00 2.251E-04 2.251E-04 6.251E-10 8.33E-06
3.273E+00 1.127E-04 1.127E-04 6.540E-10 8.50E-06
3.236E+00 3.604E-05 3.604E-05 6.844E-10 8.67E-06
3.199E+00 2.190E-05 2.190E-05 7.161E-10 8.86E-06
3.162E+00 1.733E-05 1.733E-05 7.491E-10 9.04E-06
3.126E+00 1.542E-05 1.542E-05 7.839E-10 9.23E-06
3.090E+00 1.449E-05 1.449E-05 8.202E-10 9.42E-06
3.055E+00 1.402E-05 1.402E-05 8.582E-10 9.61E-06
3.020E+00 1.379E-05 1.379E-05 8.979E-10 9.80E-06
2.985E+00 1.371E-05 1.371E-05 9.395E-10 1.00E-05
2.951E+00 1.370E-05 1.370E-05 9.830E-10 1.02E-05
2.917E+00 1.376E-05 1.376E-05 1.029E-09 1.04E-05
2.884E+00 1.386E-05 1.385E-05 1.076E-09 1.06E-05
2.851E+00 1.398E-05 1.398E-05 1.126E-09 1.08E-05
2.818E+00 1.413E-05 1.413E-05 1.178E-09 1.11E-05
2.786E+00 1.430E-05 1.430E-05 1.232E-09 1.13E-05
2.754E+00 1.448E-05 1.448E-05 1.289E-09 1.15E-05
2.723E+00 1.468E-05 1.468E-05 1.349E-09 1.17E-05
2.692E+00 1.488E-05 1.488E-05 1.411E-09 1.20E-05
2.661E+00 1.510E-05 1.510E-05 1.477E-09 1.22E-05
2.630E+00 1.532E-05 1.532E-05 1.545E-09 1.25E-05
2.600E+00 1.555E-05 1.555E-05 1.616E-09 1.27E-05
2.570E+00 1.578E-05 1.578E-05 1.690E-09 1.30E-05
2.541E+00 1.603E-05 1.602E-05 1.768E-09 1.33E-05
2.512E+00 1.627E-05 1.627E-05 1.850E-09 1.36E-05
2.483E+00 1.653E-05 1.653E-05 1.935E-09 1.38E-05
2.455E+00 1.679E-05 1.679E-05 2.025E-09 1.41E-05
2.427E+00 1.706E-05 1.706E-05 2.118E-09 1.44E-05
2.399E+00 1.734E-05 1.733E-05 2.216E-09 1.47E-05
2.371E+00 1.762E-05 1.762E-05 2.318E-09 1.50E-05
2.344E+00 1.791E-05 1.791E-05 2.425E-09 1.53E-05
2.317E+00 1.820E-05 1.820E-05 2.537E-09 1.56E-05
2.291E+00 1.851E-05 1.850E-05 2.654E-09 1.59E-05
2.265E+00 1.882E-05 1.881E-05 2.777E-09 1.63E-05
2.239E+00 1.913E-05 1.913E-05 2.905E-09 1.66E-05
2.213E+00 1.945E-05 1.945E-05 3.040E-09 1.69E-05
2.188E+00 1.978E-05 1.978E-05 3.180E-09 1.72E-05
2.163E+00 2.012E-05 2.012E-05 3.327E-09 1.76E-05
2.138E+00 2.047E-05 2.046E-05 3.480E-09 1.79E-05
2.113E+00 2.081E-05 2.081E-05 3.641E-09 1.83E-05
2.089E+00 2.117E-05 2.116E-05 3.809E-09 1.87E-05
2.065E+00 2.152E-05 2.152E-05 3.984E-09 1.90E-05
2.042E+00 2.189E-05 2.189E-05 4.168E-09 1.94E-05
2.018E+00 2.226E-05 2.226E-05 4.360E-09 1.98E-05
1.995E+00 2.265E-05 2.264E-05 4.561E-09 2.02E-05
1.972E+00 2.303E-05 2.303E-05 4.771E-09 2.06E-05
1.950E+00 2.343E-05 2.343E-05 4.991E-09 2.10E-05
1.928E+00 2.384E-05 2.383E-05 5.222E-09 2.15E-05
1.905E+00 2.425E-05 2.424E-05 5.462E-09 2.19E-05
1.884E+00 2.467E-05 2.466E-05 5.714E-09 2.23E-05
1.862E+00 2.510E-05 2.509E-05 5.978E-09 2.27E-05
1.841E+00 2.554E-05 2.553E-05 6.254E-09 2.32E-05
1.820E+00 2.599E-05 2.598E-05 6.542E-09 2.36E-05
1.799E+00 2.644E-05 2.644E-05 6.844E-09 2.41E-05
1.778E+00 2.691E-05 2.690E-05 7.160E-09 2.46E-05
1.758E+00 2.738E-05 2.738E-05 7.490E-09 2.51E-05
1.738E+00 2.787E-05 2.786E-05 7.835E-09 2.56E-05
1.718E+00 2.836E-05 2.835E-05 8.196E-09 2.61E-05
1.698E+00 2.886E-05 2.885E-05 8.573E-09 2.66E-05
1.679E+00 2.937E-05 2.936E-05 8.968E-09 2.71E-05
1.660E+00 2.989E-05 2.988E-05 9.381E-09 2.76E-05
1.641E+00 3.041E-05 3.040E-05 9.812E-09 2.82E-05
1.622E+00 3.094E-05 3.093E-05 1.026E-08 2.87E-05
1.603E+00 3.148E-05 3.147E-05 1.074E-08 2.93E-05
1.585E+00 3.203E-05 3.202E-05 1.123E-08 2.99E-05
1.567E+00 3.258E-05 3.257E-05 1.175E-08 3.05E-05
1.549E+00 3.315E-05 3.314E-05 1.229E-08 3.11E-05
1.531E+00 3.373E-05 3.372E-05 1.285E-08 3.17E-05
1.514E+00 3.432E-05 3.431E-05 1.345E-08 3.24E-05
1.496E+00 3.493E-05 3.492E-05 1.407E-08 3.30E-05
1.479E+00 3.555E-05 3.554E-05 1.472E-08 3.36E-05
1.462E+00 3.619E-05 3.617E-05 1.540E-08 3.43E-05
1.445E+00 3.685E-05 3.683E-05 1.611E-08 3.49E-05
1.429E+00 3.752E-05 3.750E-05 1.685E-08 3.56E-05
1.413E+00 3.821E-05 3.819E-05 1.763E-08 3.63E-05
1.396E+00 3.892E-05 3.890E-05 1.844E-08 3.70E-05
1.380E+00 3.964E-05 3.962E-05 1.929E-08 3.77E-05
1.365E+00 4.038E-05 4.036E-05 2.018E-08 3.84E-05
1.349E+00 4.114E-05 4.112E-05 2.111E-08 3.91E-05
1.334E+00 4.192E-05 4.190E-05 2.209E-08 3.99E-05
1.318E+00 4.272E-05 4.269E-05 2.310E-08 4.06E-05
1.303E+00 4.354E-05 4.351E-05 2.417E-08 4.14E-05
1.288E+00 4.438E-05 4.436E-05 2.528E-08 4.22E-05
1.274E+00 4.525E-05 4.523E-05 2.644E-08 4.31E-05
1.259E+00 4.615E-05 4.613E-05 2.765E-08 4.39E-05
1.245E+00 4.709E-05 4.706E-05 2.892E-08 4.48E-05
1.230E+00 4.805E-05 4.802E-05 3.026E-08 4.56E-05
1.216E+00 4.907E-05 4.904E-05 3.165E-08 4.65E-05
1.202E+00 5.014E-05 5.011E-05 3.311E-08 4.74E-05
1.189E+00 5.129E-05 5.126E-05 3.464E-08 4.83E-05
1.175E+00 5.253E-05 5.249E-05 3.623E-08 4.93E-05
1.161E+00 5.388E-05 5.384E-05 3.790E-08 5.02E-05
1.148E+00 5.536E-05 5.532E-05 3.965E-08 5.12E-05
1.135E+00 5.701E-05 5.697E-05 4.148E-08 5.22E-05
1.122E+00 5.888E-05 5.884E-05 4.339E-08 5.32E-05
1.109E+00 6.105E-05 6.100E-05 4.538E-08 5.42E-05
1.096E+00 6.359E-05 6.355E-05 4.747E-08 5.52E-05
1.084E+00 6.664E-05 6.659E-05 4.966E-08 5.62E-05
1.072E+00 7.037E-05 7.032E-05 5.194E-08 5.73E-05
1.059E+00 7.505E-05 7.499E-05 5.433E-08 5.84E-05
1.047E+00 8.103E-05 8.097E-05 5.683E-08 5.95E-05
1.035E+00 8.886E-05 8.880E-05 5.944E-08 6.06E-05
1.023E+00 9.932E-05 9.925E-05 6.217E-08 6.18E-05
1.012E+00 1.135E-04 1.134E-04 6.502E-08 6.30E-05
1.000E+00 1.329E-04 1.328E-04 6.801E-08 6.42E-05
9.886E-01 1.593E-04 1.592E-04 7.113E-08 6.54E-05
9.772E-01 1.944E-04 1.943E-04 7.439E-08 6.67E-05
9.661E-01 2.385E-04 2.384E-04 7.780E-08 6.80E-05
9.550E-01 2.898E-04 2.897E-04 8.137E-08 6.93E-05
9.441E-01 3.448E-04 3.447E-04 8.509E-08 7.06E-05
9.333E-01 3.997E-04 3.996E-04 8.899E-08 7.20E-05
9.226E-01 4.522E-04 4.521E-04 9.306E-08 7.34E-05
9.120E-01 5.015E-04 5.014E-04 9.732E-08 7.49E-05
9.016E-01 5.479E-04 5.478E-04 1.018E-07 7.63E-05
8.913E-01 5.927E-04 5.925E-04 1.064E-07 7.79E-05
8.810E-01 6.377E-04 6.376E-04 1.113E-07 7.94E-05
8.710E-01 6.860E-04 6.859E-04 1.164E-07 8.10E-05
8.610E-01 7.416E-04 7.415E-04 1.217E-07 8.26E-05
8.511E-01 8.098E-04 8.097E-04 1.272E-07 8.43E-05
8.414E-01 8.976E-04 8.974E-04 1.330E-07 8.60E-05
8.318E-01 1.013E-03 1.013E-03 1.391E-07 8.78E-05
8.222E-01 1.163E-03 1.163E-03 1.454E-07 8.96E-05
8.128E-01 1.351E-03 1.351E-03 1.520E-07 9.14E-05
8.035E-01 1.572E-03 1.571E-03 1.590E-07 9.33E-05
7.943E-01 1.810E-03 1.810E-03 1.662E-07 9.52E-05
7.852E-01 2.055E-03 2.054E-03 1.738E-07 9.72E-05
7.762E-01 2.298E-03 2.298E-03 1.817E-07 9.92E-05
7.674E-01 2.540E-03 2.540E-03 1.900E-07 1.01E-04
7.586E-01 2.783E-03 2.783E-03 1.986E-07 1.03E-04
7.499E-01 3.028E-03 3.028E-03 2.076E-07 1.06E-04
7.413E-01 3.278E-03 3.278E-03 2.171E-07 1.08E-04
7.328E-01 3.536E-03 3.535E-03 2.270E-07 1.10E-04
7.244E-01 3.802E-03 3.802E-03 2.373E-07 1.12E-04
7.161E-01 4.079E-03 4.079E-03 2.481E-07 1.15E-04
7.079E-01 4.368E-03 4.368E-03 2.594E-07 1.17E-04
6.998E-01 4.670E-03 4.670E-03 2.712E-07 1.20E-04
6.918E-01 4.986E-03 4.985E-03 2.836E-07 1.22E-04
6.839E-01 5.316E-03 5.316E-03 2.965E-07 1.25E-04
6.761E-01 5.662E-03 5.662E-03 3.100E-07 1.28E-04
6.683E-01 6.025E-03 6.025E-03 3.242E-07 1.31E-04
6.607E-01 6.405E-03 6.404E-03 3.390E-07 1.34E-04
6.531E-01 6.802E-03 6.802E-03 3.545E-07 1.37E-04
6.457E-01 7.219E-03 7.218E-03 3.707E-07 1.40E-04
6.383E-01 7.654E-03 7.654E-03 3.877E-07 1.43E-04
6.310E-01 8.110E-03 8.110E-03 4.055E-07 1.46E-04
6.237E-01 8.587E-03 8.587E-03 4.242E-07 1.49E-04
6.166E-01 9.086E-03 9.085E-03 4.437E-07 1.52E-04
6.095E-01 9.606E-03 9.606E-03 4.641E-07 1.56E-04
6.026E-01 1.015E-02 1.015E-02 4.855E-07 1.59E-04
5.957E-01 1.072E-02 1.072E-02 5.080E-07 1.63E-04
5.888E-01 1.131E-02 1.131E-02 5.315E-07 1.66E-04
5.821E-01 1.193E-02 1.193E-02 5.561E-07 1.70E-04
5.754E-01 1.257E-02 1.257E-02 5.819E-07 1.74E-04
5.689E-01 1.324E-02 1.324E-02 6.090E-07 1.78E-04
5.623E-01 1.394E-02 1.393E-02 6.373E-07 1.82E-04
5.559E-01 1.466E-02 1.466E-02 6.671E-07 1.86E-04
5.495E-01 1.541E-02 1.541E-02 6.983E-07 1.90E-04
5.433E-01 1.620E-02 1.620E-02 7.312E-07 1.94E-04
5.370E-01 1.701E-02 1.701E-02 7.656E-07 1.98E-04
5.309E-01 1.785E-02 1.785E-02 8.017E-07 2.03E-04
5.248E-01 1.873E-02 1.873E-02 8.397E-07 2.07E-04
5.188E-01 1.963E-02 1.963E-02 8.795E-07 2.12E-04
5.129E-01 2.057E-02 2.057E-02 9.213E-07 2.16E-04
5.070E-01 2.155E-02 2.155E-02 9.652E-07 2.21E-04
5.012E-01 2.256E-02 2.256E-02 1.011E-06 2.26E-04
4.955E-01 2.360E-02 2.360E-02 1.060E-06 2.30E-04
4.898E-01 2.468E-02 2.468E-02 1.111E-06 2.35E-04
4.842E-01 2.579E-02 2.579E-02 1.164E-06 2.40E-04
4.786E-01 2.694E-02 2.694E-02 1.220E-06 2.45E-04
4.732E-01 2.813E-02 2.813E-02 1.278E-06 2.51E-04
4.677E-01 2.936E-02 2.936E-02 1.340E-06 2.56E-04
4.624E-01 3.062E-02 3.062E-02 1.405E-06 2.61E-04
4.571E-01 3.193E-02 3.193E-02 1.473E-06 2.66E-04
4.519E-01 3.327E-02 3.327E-02 1.544E-06 2.72E-04
4.467E-01 3.466E-02 3.465E-02 1.619E-06 2.77E-04
4.416E-01 3.608E-02 3.608E-02 1.698E-06 2.82E-04
4.365E-01 3.755E-02 3.755E-02 1.781E-06 2.88E-04
4.315E-01 3.906E-02 3.905E-02 1.867E-06 2.93E-04
4.266E-01 4.061E-02 4.061E-02 1.958E-06 2.98E-04
4.217E-01 4.220E-02 4.220E-02 2.053E-06 3.03E-04
4.169E-01 4.384E-02 4.384E-02 2.153E-06 3.09E-04
4.121E-01 4.552E-02 4.552E-02 2.258E-06 3.14E-04
4.074E-01 4.725E-02 4.724E-02 2.368E-06 3.20E-04
4.027E-01 4.902E-02 4.901E-02 2.483E-06 3.25E-04
3.981E-01 5.083E-02 5.083E-02 2.605E-06 3.31E-04
3.935E-01 5.269E-02 5.269E-02 2.732E-06 3.36E-04
3.890E-01 5.460E-02 5.459E-02 2.865E-06 3.42E-04
3.846E-01 5.655E-02 5.654E-02 3.005E-06 3.48E-04
3.802E-01 5.855E-02 5.854E-02 3.153E-06 3.53E-04
3.758E-01 6.059E-02 6.059E-02 3.308E-06 3.59E-04
3.715E-01 6.268E-02 6.268E-02 3.473E-06 3.65E-04
3.673E-01 6.482E-02 6.482E-02 3.647E-06 3.70E-04
3.631E-01 6.700E-02 6.700E-02 3.831E-06 3.76E-04
3.589E-01 6.924E-02 6.923E-02 4.027E-06 3.82E-04
3.548E-01 7.152E-02 7.151E-02 4.234E-06 3.88E-04
3.508E-01 7.385E-02 7.384E-02 4.455E-06 3.94E-04
3.467E-01 7.622E-02 7.622E-02 4.689E-06 3.99E-04
3.428E-01 7.865E-02 7.864E-02 4.939E-06 4.05E-04
3.388E-01 8.112E-02 8.111E-02 5.206E-06 4.09E-04
3.350E-01 8.364E-02 8.364E-02 5.490E-06 4.13E-04
3.311E-01 8.621E-02 8.621E-02 5.794E-06 4.16E-04
3.273E-01 8.883E-02 8.883E-02 6.118E-06 4.18E-04
3.236E-01 9.150E-02 9.149E-02 6.468E-06 4.18E-04
3.199E-01 9.422E-02 9.421E-02 6.841E-06 4.18E-04
3.162E-01 9.698E-02 9.697E-02 7.239E-06 4.16E-04
3.126E-01 9.980E-02 9.979E-02 7.664E-06 4.12E-04
3.090E-01 1.027E-01 1.027E-01 8.117E-06 4.06E-04
3.055E-01 1.056E-01 1.056E-01 8.599E-06 3.99E-04
3.020E-01 1.082E-01 1.082E-01 9.115E-06 3.90E-04
2.985E-01 1.102E-01 1.102E-01 9.669E-06 3.78E-04
2.951E-01 1.123E-01 1.123E-01 1.026E-05 3.64E-04
2.917E-01 1.146E-01 1.146E-01 1.091E-05 3.48E-04
2.884E-01 1.172E-01 1.172E-01 1.161E-05 3.28E-04
2.851E-01 1.200E-01 1.200E-01 1.237E-05 3.05E-04
2.818E-01 1.231E-01 1.230E-01 1.325E-05 2.73E-04
2.786E-01 1.265E-01 1.264E-01 1.419E-05 2.41E-04
2.754E-01 1.302E-01 1.302E-01 1.521E-05 2.09E-04
2.723E-01 1.344E-01 1.344E-01 1.632E-05 1.76E-04
2.692E-01 1.390E-01 1.390E-01 1.754E-05 1.45E-04
2.661E-01 1.442E-01 1.442E-01 1.889E-05 1.16E-04
2.630E-01 1.501E-01 1.500E-01 2.041E-05 9.05E-05
2.600E-01 1.566E-01 1.566E-01 2.213E-05 6.79E-05
2.570E-01 1.640E-01 1.640E-01 2.407E-05 5.00E-05
2.541E-01 1.723E-01 1.723E-01 2.620E-05 3.80E-05
2.512E-01 1.817E-01 1.817E-01 2.860E-05 3.08E-05
2.483E-01 1.923E-01 1.922E-01 3.134E-05 2.81E-05
2.455E-01 2.042E-01 2.042E-01 3.447E-05 2.95E-05
2.427E-01 2.175E-01 2.175E-01 3.807E-05 3.57E-05
2.399E-01 2.323E-01 2.323E-01 4.223E-05 4.68E-05
2.371E-01 2.486E-01 2.485E-01 4.677E-05 6.35E-05
2.344E-01 2.660E-01 2.660E-01 5.161E-05 8.39E-05
2.317E-01 2.842E-01 2.842E-01 5.667E-05 1.06E-04
2.291E-01 3.025E-01 3.025E-01 6.186E-05 1.29E-04
2.265E-01 3.198E-01 3.198E-01 6.716E-05 1.52E-04
2.239E-01 3.349E-01 3.348E-01 7.276E-05 1.77E-04
2.213E-01 3.463E-01 3.462E-01 7.853E-05 2.04E-04
2.188E-01 3.528E-01 3.527E-01 8.312E-05 2.34E-04
2.163E-01 3.535E-01 3.534E-01 8.526E-05 2.67E-04
2.138E-01 3.485E-01 3.484E-01 8.498E-05 3.03E-04
2.113E-01 3.385E-01 3.384E-01 8.311E-05 3.39E-04
2.089E-01 3.245E-01 3.245E-01 7.993E-05 3.75E-04
2.065E-01 3.082E-01 3.081E-01 7.570E-05 4.13E-04
2.042E-01 2.906E-01 2.906E-01 7.061E-05 4.51E-04
2.018E-01 2.731E-01 2.730E-01 6.500E-05 4.91E-04
1.995E-01 2.562E-01 2.561E-01 5.922E-05 5.32E-04
1.972E-01 2.405E-01 2.404E-01 5.351E-05 5.74E-04
1.950E-01 2.261E-01 2.261E-01 4.810E-05 6.17E-04
1.928E-01 2.132E-01 2.132E-01 4.312E-05 6.61E-04
1.905E-01 2.018E-01 2.018E-01 3.862E-05 7.06E-04
1.884E-01 1.917E-01 1.917E-01 3.451E-05 7.54E-04
1.862E-01 1.828E-01 1.828E-01 3.095E-05 8.03E-04
1.841E-01 1.750E-01 1.750E-01 2.791E-05 8.55E-04
1.820E-01 1.682E-01 1.681E-01 2.532E-05 9.08E-04
1.799E-01 1.622E-01 1.621E-01 2.313E-05 9.64E-04
1.778E-01 1.569E-01 1.569E-01 2.134E-05 1.02E-03
1.758E-01 1.523E-01 1.523E-01 1.987E-05 1.08E-03
1.738E-01 1.482E-01 1.482E-01 1.867E-05 1.14E-03
1.718E-01 1.447E-01 1.447E-01 1.773E-05 1.20E-03
1.698E-01 1.415E-01 1.415E-01 1.702E-05 1.26E-03
1.679E-01 1.388E-01 1.388E-01 1.656E-05 1.32E-03
1.660E-01 1.366E-01 1.365E-01 1.634E-05 1.39E-03
1.641E-01 1.347E-01 1.347E-01 1.637E-05 1.45E-03
1.622E-01 1.333E-01 1.333E-01 1.664E-05 1.51E-03
1.603E-01 1.323E-01 1.322E-01 1.714E-05 1.57E-03
1.585E-01 1.316E-01 1.316E-01 1.790E-05 1.63E-03
1.567E-01 1.313E-01 1.312E-01 1.888E-05 1.70E-03
1.549E-01 1.313E-01 1.313E-01 2.008E-05 1.76E-03
1.531E-01 1.316E-01 1.316E-01 2.150E-05 1.83E-03
1.514E-01 1.323E-01 1.323E-01 2.317E-05 1.90E-03
1.496E-01 1.333E-01 1.333E-01 2.511E-05 1.96E-03
1.479E-01 1.347E-01 1.347E-01 2.734E-05 2.03E-03
1.462E-01 1.364E-01 1.363E-01 2.991E-05 2.10E-03
1.445E-01 1.384E-01 1.383E-01 3.286E-05 2.17E-03
1.429E-01 1.407E-01 1.407E-01 3.618E-05 2.24E-03
1.413E-01 1.434E-01 1.434E-01 3.989E-05 2.32E-03
1.396E-01 1.465E-01 1.465E-01 4.397E-05 2.39E-03
1.380E-01 1.499E-01 1.499E-01 4.841E-05 2.47E-03
1.365E-01 1.537E-01 1.537E-01 5.334E-05 2.55E-03
1.349E-01 1.579E-01 1.579E-01 5.886E-05 2.63E-03
1.334E-01 1.625E-01 1.624E-01 6.503E-05 2.73E-03
1.318E-01 1.675E-01 1.674E-01 7.188E-05 2.82E-03
1.303E-01 1.729E-01 1.728E-01 7.949E-05 2.93E-03
1.288E-01 1.822E-01 1.821E-01 8.797E-05 3.04E-03
1.274E-01 1.893E-01 1.892E-01 9.735E-05 3.16E-03
1.259E-01 1.967E-01 1.966E-01 1.077E-04 3.28E-03
1.245E-01 2.045E-01 2.044E-01 1.192E-04 3.42E-03
1.230E-01 2.126E-01 2.124E-01 1.318E-04 3.56E-03
1.216E-01 2.210E-01 2.208E-01 1.456E-04 3.69E-03
1.202E-01 2.297E-01 2.295E-01 1.606E-04 3.83E-03
1.189E-01 2.387E-01 2.385E-01 1.772E-04 3.96E-03
1.175E-01 2.480E-01 2.478E-01 1.952E-04 4.08E-03
1.161E-01 2.575E-01 2.573E-01 2.150E-04 4.20E-03
1.148E-01 2.673E-01 2.671E-01 2.380E-04 4.30E-03
1.135E-01 2.774E-01 2.771E-01 2.689E-04 4.41E-03
1.122E-01 2.877E-01 2.874E-01 3.017E-04 4.41E-03
1.109E-01 2.982E-01 2.979E-01 3.377E-04 4.27E-03
1.096E-01 3.090E-01 3.086E-01 3.776E-04 3.89E-03
1.084E-01 3.199E-01 3.195E-01 4.266E-04 3.47E-03
1.072E-01 3.311E-01 3.306E-01 4.834E-04 3.19E-03
1.059E-01 3.423E-01 3.418E-01 5.383E-04 3.11E-03
1.047E-01 3.537E-01 3.531E-01 5.911E-04 3.13E-03
1.035E-01 3.651E-01 3.645E-01 6.419E-04 3.14E-03
1.023E-01 3.766E-01 3.759E-01 6.908E-04 3.15E-03
1.012E-01 3.880E-01 3.873E-01 7.448E-04 3.11E-03
1.000E-01 4.009E-01 4.001E-01 8.060E-04 3.03E-03
9.886E-02 4.099E-01 4.090E-01 8.866E-04 2.90E-03
9.772E-02 4.193E-01 4.184E-01 9.790E-04 2.78E-03
9.661E-02 4.293E-01 4.282E-01 1.070E-03 2.70E-03
9.550E-02 4.397E-01 4.386E-01 1.154E-03 2.67E-03
9.441E-02 4.507E-01 4.495E-01 1.215E-03 2.69E-03
9.333E-02 4.623E-01 4.610E-01 1.265E-03 2.72E-03
9.226E-02 4.746E-01 4.733E-01 1.320E-03 2.76E-03
9.120E-02 4.878E-01 4.865E-01 1.372E-03 2.81E-03
9.016E-02 5.019E-01 5.005E-01 1.403E-03 2.90E-03
8.913E-02 5.172E-01 5.157E-01 1.439E-03 2.98E-03
8.810E-02 5.337E-01 5.322E-01 1.499E-03 3.00E-03
8.710E-02 5.519E-01 5.503E-01 1.595E-03 2.96E-03
8.610E-02 5.719E-01 5.702E-01 1.710E-03 2.89E-03
8.511E-02 5.939E-01 5.921E-01 1.846E-03 2.82E-03
8.414E-02 6.184E-01 6.164E-01 2.004E-03 2.74E-03
8.318E-02 6.457E-01 6.435E-01 2.185E-03 2.67E-03
8.222E-02 6.762E-01 6.739E-01 2.385E-03 2.64E-03
8.128E-02 7.104E-01 7.078E-01 2.598E-03 2.64E-03
8.035E-02 7.487E-01 7.458E-01 2.832E-03 2.66E-03
7.943E-02 7.913E-01 7.882E-01 3.081E-03 2.71E-03
7.852E-02 8.383E-01 8.349E-01 3.338E-03 2.79E-03
7.762E-02 8.893E-01 8.857E-01 3.589E-03 2.90E-03
7.674E-02 9.433E-01 9.395E-01 3.822E-03 3.02E-03
7.586E-02 9.983E-01 9.943E-01 4.040E-03 3.15E-03
7.499E-02 1.051E+00 1.047E+00 4.236E-03 3.29E-03
7.413E-02 1.098E+00 1.093E+00 4.404E-03 3.44E-03
7.328E-02 1.133E+00 1.129E+00 4.538E-03 3.60E-03
7.244E-02 1.154E+00 1.149E+00 4.665E-03 3.75E-03
7.161E-02 1.158E+00 1.153E+00 4.778E-03 3.91E-03
7.079E-02 1.145E+00 1.140E+00 4.850E-03 4.08E-03
6.998E-02 1.119E+00 1.114E+00 4.876E-03 4.25E-03
6.918E-02 1.083E+00 1.078E+00 4.855E-03 4.44E-03
6.839E-02 1.043E+00 1.039E+00 4.738E-03 4.64E-03
6.761E-02 1.003E+00 9.983E-01 4.562E-03 4.85E-03
6.683E-02 9.643E-01 9.599E-01 4.368E-03 5.07E-03
6.607E-02 9.295E-01 9.253E-01 4.163E-03 5.29E-03
6.531E-02 8.912E-01 8.872E-01 3.952E-03 5.51E-03
6.457E-02 8.526E-01 8.488E-01 3.799E-03 5.72E-03
6.383E-02 8.136E-01 8.099E-01 3.671E-03 5.92E-03
6.310E-02 7.742E-01 7.706E-01 3.562E-03 6.13E-03
6.237E-02 7.344E-01 7.309E-01 3.471E-03 6.33E-03
6.166E-02 6.942E-01 6.908E-01 3.408E-03 6.54E-03
6.095E-02 6.536E-01 6.502E-01 3.366E-03 6.76E-03
6.026E-02 6.125E-01 6.092E-01 3.329E-03 6.98E-03
5.957E-02 5.709E-01 5.676E-01 3.299E-03 7.20E-03
5.888E-02 5.289E-01 5.256E-01 3.270E-03 7.43E-03
5.821E-02 4.864E-01 4.831E-01 3.219E-03 7.66E-03
5.754E-02 4.470E-01 4.439E-01 3.164E-03 7.90E-03
5.689E-02 4.308E-01 4.277E-01 3.106E-03 8.13E-03
5.623E-02 4.140E-01 4.109E-01 3.041E-03 8.38E-03
5.559E-02 3.962E-01 3.932E-01 2.960E-03 8.62E-03
5.495E-02 3.788E-01 3.759E-01 2.878E-03 8.88E-03
5.433E-02 3.619E-01 3.592E-01 2.794E-03 9.13E-03
5.370E-02 3.463E-01 3.435E-01 2.712E-03 9.40E-03
5.309E-02 3.329E-01 3.302E-01 2.641E-03 9.67E-03
5.248E-02 3.204E-01 3.178E-01 2.573E-03 9.94E-03
5.188E-02 3.089E-01 3.064E-01 2.509E-03 1.02E-02
5.129E-02 2.979E-01 2.955E-01 2.451E-03 1.05E-02
5.070E-02 2.873E-01 2.849E-01 2.398E-03 1.08E-02
5.012E-02 2.772E-01 2.749E-01 2.349E-03 1.11E-02
4.955E-02 2.677E-01 2.654E-01 2.304E-03 1.14E-02
4.898E-02 2.587E-01 2.564E-01 2.262E-03 1.17E-02
4.842E-02 2.499E-01 2.477E-01 2.219E-03 1.20E-02
4.786E-02 2.414E-01 2.392E-01 2.177E-03 1.23E-02
4.732E-02 2.324E-01 2.302E-01 2.127E-03 1.27E-02
4.677E-02 2.234E-01 2.213E-01 2.076E-03 1.30E-02
4.624E-02 2.147E-01 2.127E-01 2.025E-03 1.34E-02
4.571E-02 2.072E-01 2.052E-01 1.979E-03 1.37E-02
4.519E-02 2.010E-01 1.990E-01 1.939E-03 1.41E-02
4.467E-02 1.950E-01 1.931E-01 1.898E-03 1.45E-02
4.416E-02 1.887E-01 1.868E-01 1.853E-03 1.49E-02
4.365E-02 1.809E-01 1.791E-01 1.799E-03 1.53E-02
4.315E-02 1.735E-01 1.718E-01 1.743E-03 1.57E-02
4.266E-02 1.669E-01 1.652E-01 1.686E-03 1.61E-02
4.217E-02 1.628E-01 1.612E-01 1.631E-03 1.65E-02
4.169E-02 1.596E-01 1.580E-01 1.579E-03 1.69E-02
4.121E-02 1.573E-01 1.557E-01 1.533E-03 1.74E-02
4.074E-02 1.550E-01 1.535E-01 1.497E-03 1.78E-02
4.027E-02 1.533E-01 1.518E-01 1.466E-03 1.83E-02
3.981E-02 1.520E-01 1.506E-01 1.440E-03 1.88E-02
3.935E-02 1.513E-01 1.498E-01 1.418E-03 1.93E-02
3.890E-02 1.511E-01 1.497E-01 1.401E-03 1.98E-02
3.846E-02 1.516E-01 1.502E-01 1.387E-03 2.03E-02
3.802E-02 1.529E-01 1.515E-01 1.385E-03 2.08E-02
3.758E-02 1.551E-01 1.537E-01 1.398E-03 2.13E-02
3.715E-02 1.598E-01 1.584E-01 1.452E-03 2.18E-02
3.673E-02 1.639E-01 1.624E-01 1.518E-03 2.24E-02
3.631E-02 1.658E-01 1.642E-01 1.587E-03 2.29E-02
3.589E-02 1.637E-01 1.620E-01 1.638E-03 2.34E-02
3.548E-02 1.600E-01 1.583E-01 1.678E-03 2.40E-02
3.508E-02 1.567E-01 1.550E-01 1.701E-03 2.46E-02
3.467E-02 1.536E-01 1.519E-01 1.714E-03 2.52E-02
3.428E-02 1.505E-01 1.487E-01 1.722E-03 2.58E-02
3.388E-02 1.474E-01 1.457E-01 1.732E-03 2.64E-02
3.350E-02 1.444E-01 1.426E-01 1.741E-03 2.71E-02
3.311E-02 1.414E-01 1.396E-01 1.748E-03 2.78E-02
3.273E-02 1.385E-01 1.367E-01 1.754E-03 2.84E-02
3.236E-02 1.356E-01 1.338E-01 1.758E-03 2.91E-02
3.199E-02 1.327E-01 1.309E-01 1.762E-03 2.99E-02
3.162E-02 1.299E-01 1.281E-01 1.765E-03 3.06E-02
3.126E-02 1.271E-01 1.253E-01 1.767E-03 3.13E-02
3.090E-02 1.244E-01 1.226E-01 1.769E-03 3.21E-02
3.055E-02 1.217E-01 1.199E-01 1.771E-03 3.29E-02
3.020E-02 1.190E-01 1.173E-01 1.771E-03 3.37E-02
2.985E-02 1.164E-01 1.147E-01 1.772E-03 3.45E-02
2.951E-02 1.139E-01 1.121E-01 1.772E-03 3.54E-02
2.917E-02 1.114E-01 1.096E-01 1.771E-03 3.63E-02
2.884E-02 1.089E-01 1.071E-01 1.770E-03 3.72E-02
2.851E-02 1.065E-01 1.047E-01 1.768E-03 3.81E-02
2.818E-02 1.042E-01 1.024E-01 1.766E-03 3.90E-02
2.786E-02 1.019E-01 1.001E-01 1.764E-03 4.00E-02
2.754E-02 9.964E-02 9.788E-02 1.763E-03 4.09E-02
2.723E-02 9.744E-02 9.568E-02 1.760E-03 4.19E-02
2.692E-02 9.530E-02 9.354E-02 1.758E-03 4.30E-02
2.661E-02 9.319E-02 9.144E-02 1.756E-03 4.40E-02
2.630E-02 9.112E-02 8.936E-02 1.753E-03 4.51E-02
2.600E-02 8.908E-02 8.733E-02 1.750E-03 4.62E-02
2.570E-02 8.709E-02 8.535E-02 1.746E-03 4.73E-02
2.541E-02 8.514E-02 8.339E-02 1.742E-03 4.85E-02
2.512E-02 8.321E-02 8.147E-02 1.738E-03 4.97E-02
2.483E-02 8.133E-02 7.959E-02 1.733E-03 5.09E-02
2.455E-02 7.949E-02 7.776E-02 1.729E-03 5.21E-02
2.427E-02 7.769E-02 7.596E-02 1.724E-03 5.34E-02
2.399E-02 7.593E-02 7.421E-02 1.720E-03 5.47E-02
2.371E-02 7.423E-02 7.251E-02 1.715E-03 5.60E-02
2.344E-02 7.255E-02 7.084E-02 1.710E-03 5.74E-02
2.317E-02 7.090E-02 6.920E-02 1.705E-03 5.88E-02
2.291E-02 6.930E-02 6.760E-02 1.700E-03 6.02E-02
2.265E-02 6.772E-02 6.602E-02 1.694E-03 6.17E-02
2.239E-02 6.617E-02 6.448E-02 1.689E-03 6.32E-02
2.213E-02 6.467E-02 6.298E-02 1.683E-03 6.47E-02
2.188E-02 6.319E-02 6.152E-02 1.677E-03 6.63E-02
2.163E-02 6.175E-02 6.008E-02 1.671E-03 6.79E-02
2.138E-02 6.035E-02 5.869E-02 1.665E-03 6.96E-02
2.113E-02 5.898E-02 5.732E-02 1.658E-03 7.13E-02
2.089E-02 5.762E-02 5.597E-02 1.651E-03 7.30E-02
2.065E-02 5.629E-02 5.464E-02 1.644E-03 7.48E-02
2.042E-02 5.503E-02 5.339E-02 1.638E-03 7.66E-02
2.018E-02 5.378E-02 5.215E-02 1.631E-03 7.85E-02
1.995E-02 5.255E-02 5.092E-02 1.624E-03 8.04E-02
1.972E-02 5.133E-02 4.971E-02 1.616E-03 8.23E-02
1.950E-02 5.012E-02 4.852E-02 1.608E-03 8.43E-02
1.928E-02 4.894E-02 4.734E-02 1.600E-03 8.64E-02
1.905E-02 4.779E-02 4.620E-02 1.591E-03 8.85E-02
1.884E-02 4.669E-02 4.511E-02 1.583E-03 9.06E-02
1.862E-02 4.560E-02 4.403E-02 1.574E-03 9.28E-02
1.841E-02 4.454E-02 4.297E-02 1.565E-03 9.51E-02
1.820E-02 4.350E-02 4.194E-02 1.556E-03 9.74E-02
1.799E-02 4.249E-02 4.094E-02 1.547E-03 9.97E-02
1.778E-02 4.151E-02 3.997E-02 1.538E-03 1.02E-01
1.758E-02 4.055E-02 3.902E-02 1.529E-03 1.05E-01
1.738E-02 3.960E-02 3.808E-02 1.520E-03 1.07E-01
1.718E-02 3.867E-02 3.716E-02 1.510E-03 1.10E-01
1.698E-02 3.776E-02 3.626E-02 1.500E-03 1.12E-01
1.679E-02 3.687E-02 3.538E-02 1.490E-03 1.15E-01
1.660E-02 3.601E-02 3.453E-02 1.480E-03 1.18E-01
1.641E-02 3.517E-02 3.370E-02 1.470E-03 1.21E-01
1.622E-02 3.434E-02 3.288E-02 1.459E-03 1.24E-01
1.603E-02 3.353E-02 3.208E-02 1.449E-03 1.27E-01
1.585E-02 3.274E-02 3.130E-02 1.438E-03 1.30E-01
1.567E-02 3.197E-02 3.054E-02 1.427E-03 1.33E-01
1.549E-02 3.122E-02 2.980E-02 1.415E-03 1.36E-01
1.531E-02 3.048E-02 2.907E-02 1.404E-03 1.39E-01
1.514E-02 2.975E-02 2.836E-02 1.393E-03 1.43E-01
1.496E-02 2.904E-02 2.766E-02 1.381E-03 1.46E-01
1.479E-02 2.834E-02 2.697E-02 1.369E-03 1.50E-01
1.462E-02 2.767E-02 2.631E-02 1.357E-03 1.53E-01
1.445E-02 2.701E-02 2.567E-02 1.345E-03 1.57E-01
1.429E-02 2.637E-02 2.504E-02 1.333E-03 1.61E-01
1.413E-02 2.574E-02 2.442E-02 1.321E-03 1.65E-01
1.396E-02 2.513E-02 2.382E-02 1.308E-03 1.69E-01
1.380E-02 2.453E-02 2.324E-02 1.295E-03 1.73E-01
1.365E-02 2.395E-02 2.266E-02 1.283E-03 1.77E-01
1.349E-02 2.337E-02 2.210E-02 1.269E-03 1.81E-01
1.334E-02 2.281E-02 2.155E-02 1.256E-03 1.85E-01
1.318E-02 2.226E-02 2.102E-02 1.243E-03 1.90E-01
1.303E-02 2.173E-02 2.050E-02 1.230E-03 1.94E-01
1.288E-02 2.121E-02 2.000E-02 1.216E-03 1.99E-01
1.274E-02 2.070E-02 1.950E-02 1.203E-03 2.04E-01
1.259E-02 2.020E-02 1.901E-02 1.189E-03 2.09E-01
1.245E-02 1.971E-02 1.853E-02 1.175E-03 2.14E-01
1.230E-02 1.924E-02 1.808E-02 1.162E-03 2.19E-01
1.216E-02 1.879E-02 1.764E-02 1.148E-03 2.24E-01
1.202E-02 1.834E-02 1.721E-02 1.135E-03 2.29E-01
1.189E-02 1.790E-02 1.678E-02 1.121E-03 2.35E-01
1.175E-02 1.746E-02 1.635E-02 1.106E-03 2.40E-01
1.161E-02 1.703E-02 1.593E-02 1.091E-03 2.46E-01
1.148E-02 1.660E-02 1.552E-02 1.076E-03 2.52E-01
1.135E-02 1.618E-02 1.512E-02 1.061E-03 2.57E-01
1.122E-02 1.578E-02 1.473E-02 1.046E-03 2.64E-01
1.109E-02 1.539E-02 1.436E-02 1.031E-03 2.70E-01
1.096E-02 1.501E-02 1.399E-02 1.016E-03 2.76E-01
1.084E-02 1.464E-02 1.364E-02 1.001E-03 2.82E-01
1.072E-02 1.427E-02 1.329E-02 9.853E-04 2.89E-01
1.059E-02 1.392E-02 1.295E-02 9.700E-04 2.96E-01
1.047E-02 1.357E-02 1.262E-02 9.548E-04 3.03E-01
1.035E-02 1.324E-02 1.230E-02 9.399E-04 3.10E-01
1.023E-02 1.292E-02 1.199E-02 9.248E-04 3.17E-01
1.012E-02 1.259E-02 1.168E-02 9.095E-04 3.24E-01
1.000E-02 1.228E-02 1.138E-02 8.941E-04 3.31E-01
9.886E-03 1.197E-02 1.109E-02 8.786E-04 3.39E-01
9.772E-03 1.166E-02 1.080E-02 8.633E-04 3.46E-01
9.661E-03 1.137E-02 1.052E-02 8.481E-04 3.54E-01
9.550E-03 1.109E-02 1.026E-02 8.331E-04 3.62E-01
9.441E-03 1.081E-02 9.993E-03 8.179E-04 3.70E-01
9.333E-03 1.054E-02 9.733E-03 8.026E-04 3.78E-01
9.226E-03 1.027E-02 9.480E-03 7.873E-04 3.87E-01
9.120E-03 1.000E-02 9.232E-03 7.720E-04 3.95E-01
9.016E-03 9.749E-03 8.992E-03 7.569E-04 4.04E-01
8.913E-03 9.503E-03 8.761E-03 7.419E-04 4.12E-01
8.810E-03 9.263E-03 8.536E-03 7.270E-04 4.21E-01
8.710E-03 9.026E-03 8.314E-03 7.120E-04 4.30E-01
8.610E-03 8.793E-03 8.096E-03 6.970E-04 4.39E-01
8.511E-03 8.566E-03 7.884E-03 6.821E-04 4.48E-01
8.414E-03 8.345E-03 7.678E-03 6.673E-04 4.57E-01
8.318E-03 8.131E-03 7.478E-03 6.527E-04 4.66E-01
8.222E-03 7.923E-03 7.285E-03 6.383E-04 4.76E-01
8.128E-03 7.717E-03 7.093E-03 6.238E-04 4.85E-01
8.035E-03 7.515E-03 6.906E-03 6.094E-04 4.95E-01
7.943E-03 7.318E-03 6.723E-03 5.951E-04 5.04E-01
7.852E-03 7.127E-03 6.546E-03 5.809E-04 5.14E-01
7.762E-03 6.941E-03 6.374E-03 5.670E-04 5.23E-01
7.674E-03 6.757E-03 6.204E-03 5.531E-04 5.33E-01
7.586E-03 6.576E-03 6.037E-03 5.392E-04 5.43E-01
7.499E-03 6.401E-03 5.876E-03 5.256E-04 5.52E-01
7.413E-03 6.232E-03 5.720E-03 5.123E-04 5.62E-01
7.328E-03 6.070E-03 5.571E-03 4.992E-04 5.71E-01
7.244E-03 5.911E-03 5.425E-03 4.863E-04 5.81E-01
7.161E-03 5.754E-03 5.281E-03 4.733E-04 5.90E-01
7.079E-03 5.603E-03 5.142E-03 4.607E-04 6.00E-01
6.998E-03 5.454E-03 5.005E-03 4.482E-04 6.09E-01
6.918E-03 5.307E-03 4.871E-03 4.358E-04 6.18E-01
6.839E-03 5.166E-03 4.742E-03 4.236E-04 6.27E-01
6.761E-03 5.028E-03 4.616E-03 4.115E-04 6.36E-01
6.683E-03 4.892E-03 4.493E-03 3.995E-04 6.45E-01
6.607E-03 4.759E-03 4.371E-03 3.876E-04 6.53E-01
6.531E-03 4.628E-03 4.252E-03 3.758E-04 6.62E-01
6.457E-03 4.504E-03 4.140E-03 3.644E-04 6.70E-01
6.383E-03 4.382E-03 4.029E-03 3.531E-04 6.78E-01
6.310E-03 4.261E-03 3.919E-03 3.418E-04 6.85E-01
6.237E-03 4.143E-03 3.812E-03 3.305E-04 6.93E-01
6.166E-03 4.030E-03 3.711E-03 3.197E-04 7.00E-01
6.095E-03 3.924E-03 3.615E-03 3.093E-04 7.07E-01
6.026E-03 3.818E-03 3.519E-03 2.988E-04 7.13E-01
5.957E-03 3.713E-03 3.425E-03 2.882E-04 7.19E-01
5.888E-03 3.609E-03 3.332E-03 2.775E-04 7.25E-01
5.821E-03 3.507E-03 3.240E-03 2.668E-04 7.31E-01
5.754E-03 3.406E-03 3.150E-03 2.560E-04 7.37E-01
5.689E-03 3.307E-03 3.062E-03 2.453E-04 7.42E-01
5.623E-03 3.212E-03 2.977E-03 2.347E-04 7.47E-01
5.559E-03 3.121E-03 2.896E-03 2.245E-04 7.51E-01
5.495E-03 3.031E-03 2.817E-03 2.142E-04 7.55E-01
5.433E-03 2.943E-03 2.739E-03 2.037E-04 7.60E-01
5.370E-03 2.856E-03 2.663E-03 1.930E-04 7.63E-01
5.309E-03 2.772E-03 2.590E-03 1.822E-04 7.67E-01
5.248E-03 2.691E-03 2.520E-03 1.712E-04 7.70E-01
5.188E-03 2.612E-03 2.452E-03 1.602E-04 7.73E-01
5.129E-03 2.539E-03 2.385E-03 1.531E-04 7.76E-01
5.070E-03 2.466E-03 2.320E-03 1.463E-04 7.79E-01
5.012E-03 2.392E-03 2.255E-03 1.369E-04 7.82E-01
4.955E-03 2.318E-03 2.193E-03 1.250E-04 7.84E-01
4.898E-03 2.243E-03 2.132E-03 1.108E-04 7.87E-01
4.842E-03 2.169E-03 2.074E-03 9.462E-05 7.89E-01
4.786E-03 2.096E-03 2.019E-03 7.706E-05 7.92E-01
4.732E-03 2.016E-03 1.963E-03 5.292E-05 7.94E-01
4.677E-03 1.935E-03 1.908E-03 2.773E-05 7.96E-01
4.624E-03 1.863E-03 1.854E-03 8.562E-06 7.99E-01
4.571E-03 1.804E-03 1.803E-03 1.042E-06 8.01E-01
4.519E-03 1.767E-03 1.754E-03 1.235E-05 8.04E-01
4.467E-03 1.760E-03 1.708E-03 5.154E-05 8.06E-01
4.416E-03 3.763E-02 3.725E-02 3.811E-04 8.10E-01
4.365E-03 3.683E-02 3.650E-02 3.377E-04 8.13E-01
4.315E-03 3.606E-02 3.575E-02 3.038E-04 8.16E-01
4.266E-03 3.531E-02 3.502E-02 2.956E-04 8.19E-01
4.217E-03 3.459E-02 3.428E-02 3.065E-04 8.22E-01
4.169E-03 3.388E-02 3.355E-02 3.295E-04 8.25E-01
4.121E-03 3.319E-02 3.284E-02 3.543E-04 8.28E-01
4.074E-03 3.250E-02 3.214E-02 3.677E-04 8.31E-01
4.027E-03 3.182E-02 3.144E-02 3.785E-04 8.35E-01
3.981E-03 3.114E-02 3.075E-02 3.848E-04 8.38E-01
3.935E-03 3.045E-02 3.007E-02 3.851E-04 8.42E-01
3.890E-03 2.978E-02 2.940E-02 3.784E-04 8.45E-01
3.846E-03 2.911E-02 2.874E-02 3.752E-04 8.49E-01
3.802E-03 2.846E-02 2.809E-02 3.765E-04 8.52E-01
3.758E-03 2.782E-02 2.744E-02 3.771E-04 8.56E-01
3.715E-03 2.718E-02 2.680E-02 3.768E-04 8.59E-01
3.673E-03 2.655E-02 2.618E-02 3.755E-04 8.63E-01
3.631E-03 2.594E-02 2.557E-02 3.736E-04 8.66E-01
3.589E-03 2.533E-02 2.496E-02 3.720E-04 8.69E-01
3.548E-03 2.473E-02 2.436E-02 3.701E-04 8.72E-01
3.508E-03 2.415E-02 2.378E-02 3.677E-04 8.75E-01
3.467E-03 2.357E-02 2.320E-02 3.650E-04 8.78E-01
3.428E-03 2.300E-02 2.264E-02 3.619E-04 8.80E-01
3.388E-03 2.244E-02 2.209E-02 3.588E-04 8.83E-01
3.350E-03 2.189E-02 2.154E-02 3.555E-04 8.85E-01
3.311E-03 2.135E-02 2.100E-02 3.520E-04 8.87E-01
3.273E-03 2.082E-02 2.048E-02 3.482E-04 8.89E-01
3.236E-03 2.031E-02 1.997E-02 3.442E-04 8.91E-01
3.199E-03 1.981E-02 1.947E-02 3.402E-04 8.92E-01
3.162E-03 1.931E-02 1.897E-02 3.361E-04 8.94E-01
3.126E-03 1.881E-02 1.848E-02 3.320E-04 8.95E-01
3.090E-03 1.833E-02 1.801E-02 3.278E-04 8.97E-01
3.055E-03 1.789E-02 1.757E-02 3.237E-04 8.98E-01
3.020E-03 1.745E-02 1.713E-02 3.194E-04 8.99E-01
2.985E-03 1.701E-02 1.670E-02 3.151E-04 9.01E-01
2.951E-03 1.657E-02 1.626E-02 3.108E-04 9.02E-01
2.917E-03 1.614E-02 1.583E-02 3.063E-04 9.04E-01
2.884E-03 1.571E-02 1.541E-02 3.018E-04 9.05E-01
2.851E-03 1.528E-02 1.498E-02 2.973E-04 9.07E-01
2.818E-03 1.486E-02 1.457E-02 2.927E-04 9.08E-01
2.786E-03 1.444E-02 1.416E-02 2.880E-04 9.10E-01
2.754E-03 1.404E-02 1.376E-02 2.833E-04 9.12E-01
2.723E-03 1.366E-02 1.338E-02 2.785E-04 9.14E-01
2.692E-03 1.329E-02 1.301E-02 2.737E-04 9.16E-01
2.661E-03 1.292E-02 1.265E-02 2.688E-04 9.18E-01
2.630E-03 1.256E-02 1.230E-02 2.640E-04 9.19E-01
2.600E-03 1.221E-02 1.195E-02 2.591E-04 9.21E-01
2.570E-03 1.187E-02 1.161E-02 2.542E-04 9.23E-01
2.541E-03 1.154E-02 1.129E-02 2.494E-04 9.25E-01
2.512E-03 1.122E-02 1.097E-02 2.445E-04 9.27E-01
2.483E-03 1.091E-02 1.067E-02 2.397E-04 9.28E-01
2.455E-03 1.061E-02 1.038E-02 2.351E-04 9.30E-01
2.427E-03 1.031E-02 1.008E-02 2.306E-04 9.31E-01
2.399E-03 1.002E-02 9.789E-03 2.261E-04 9.32E-01
2.371E-03 9.728E-03 9.506E-03 2.217E-04 9.34E-01
2.344E-03 9.448E-03 9.230E-03 2.173E-04 9.35E-01
2.317E-03 9.176E-03 8.963E-03 2.130E-04 9.36E-01
2.291E-03 8.915E-03 8.706E-03 2.087E-04 9.37E-01
2.265E-03 8.665E-03 8.461E-03 2.046E-04 9.37E-01
2.239E-03 8.420E-03 8.220E-03 2.005E-04 9.38E-01
2.213E-03 8.176E-03 7.980E-03 1.964E-04 9.39E-01
2.188E-03 7.937E-03 7.745E-03 1.923E-04 9.40E-01
2.163E-03 7.704E-03 7.516E-03 1.883E-04 9.41E-01
2.138E-03 7.477E-03 7.293E-03 1.844E-04 9.42E-01
2.113E-03 7.258E-03 7.078E-03 1.805E-04 9.43E-01
2.089E-03 7.047E-03 6.871E-03 1.767E-04 9.44E-01
2.065E-03 6.845E-03 6.673E-03 1.730E-04 9.46E-01
2.042E-03 6.644E-03 6.475E-03 1.693E-04 9.47E-01
2.018E-03 6.447E-03 6.282E-03 1.657E-04 9.48E-01
1.995E-03 6.255E-03 6.093E-03 1.621E-04 9.49E-01
1.972E-03 6.068E-03 5.909E-03 1.586E-04 9.50E-01
1.950E-03 5.886E-03 5.731E-03 1.551E-04 9.52E-01
1.928E-03 5.712E-03 5.560E-03 1.517E-04 9.53E-01
1.905E-03 5.545E-03 5.396E-03 1.484E-04 9.54E-01
1.884E-03 5.378E-03 5.233E-03 1.452E-04 9.54E-01
1.862E-03 5.216E-03 5.074E-03 1.420E-04 9.55E-01
1.841E-03 5.057E-03 4.918E-03 1.388E-04 9.56E-01
1.820E-03 4.903E-03 4.768E-03 1.357E-04 9.57E-01
1.799E-03 4.755E-03 4.622E-03 1.327E-04 9.57E-01
1.778E-03 4.612E-03 4.482E-03 1.298E-04 9.58E-01
1.758E-03 4.473E-03 4.347E-03 1.269E-04 9.58E-01
1.738E-03 4.337E-03 4.213E-03 1.240E-04 9.59E-01
1.718E-03 4.204E-03 4.083E-03 1.212E-04 9.60E-01
1.698E-03 4.075E-03 3.957E-03 1.184E-04 9.61E-01
1.679E-03 3.950E-03 3.835E-03 1.157E-04 9.62E-01
1.660E-03 3.830E-03 3.717E-03 1.130E-04 9.62E-01
1.641E-03 3.714E-03 3.603E-03 1.105E-04 9.63E-01
1.622E-03 3.599E-03 3.491E-03 1.079E-04 9.64E-01
1.603E-03 3.488E-03 3.382E-03 1.054E-04 9.65E-01
1.585E-03 3.379E-03 3.276E-03 1.030E-04 9.66E-01
1.567E-03 3.275E-03 3.174E-03 1.006E-04 9.66E-01
1.549E-03 3.174E-03 3.076E-03 9.834E-05 9.67E-01
1.531E-03 3.076E-03 2.980E-03 9.607E-05 9.68E-01
1.514E-03 2.980E-03 2.886E-03 9.385E-05 9.68E-01
1.496E-03 2.887E-03 2.796E-03 9.166E-05 9.69E-01
1.479E-03 2.797E-03 2.708E-03 8.953E-05 9.69E-01
1.462E-03 2.711E-03 2.623E-03 8.746E-05 9.70E-01
1.445E-03 2.626E-03 2.541E-03 8.542E-05 9.70E-01
1.429E-03 2.544E-03 2.460E-03 8.343E-05 9.71E-01
1.413E-03 2.463E-03 2.382E-03 8.148E-05 9.71E-01
1.396E-03 2.386E-03 2.306E-03 7.958E-05 9.72E-01
1.380E-03 2.311E-03 2.233E-03 7.772E-05 9.73E-01
1.365E-03 2.239E-03 2.163E-03 7.591E-05 9.73E-01
1.349E-03 2.168E-03 2.094E-03 7.413E-05 9.74E-01
1.334E-03 2.099E-03 2.027E-03 7.238E-05 9.74E-01
1.318E-03 2.033E-03 1.963E-03 7.068E-05 9.75E-01
1.303E-03 1.970E-03 1.901E-03 6.903E-05 9.75E-01
1.288E-03 1.909E-03 1.841E-03 6.743E-05 9.76E-01
1.274E-03 1.849E-03 1.783E-03 6.583E-05 9.76E-01
1.259E-03 1.790E-03 1.726E-03 6.426E-05 9.76E-01
1.245E-03 1.732E-03 1.669E-03 6.272E-05 9.77E-01
1.230E-03 1.679E-03 1.617E-03 6.127E-05 9.77E-01
1.216E-03 1.627E-03 1.568E-03 5.987E-05 9.78E-01
1.202E-03 1.577E-03 1.518E-03 5.849E-05 9.78E-01
1.189E-03 1.527E-03 1.470E-03 5.712E-05 9.79E-01
1.175E-03 1.478E-03 1.422E-03 5.576E-05 9.79E-01
1.161E-03 1.429E-03 1.375E-03 5.442E-05 9.80E-01
1.148E-03 1.382E-03 1.329E-03 5.311E-05 9.80E-01
1.135E-03 1.337E-03 1.285E-03 5.183E-05 9.80E-01
1.122E-03 1.293E-03 1.243E-03 5.060E-05 9.81E-01
1.109E-03 1.252E-03 1.202E-03 4.940E-05 9.81E-01
1.096E-03 1.211E-03 1.163E-03 4.822E-05 9.81E-01
1.084E-03 1.172E-03 1.124E-03 4.706E-05 9.82E-01
1.072E-03 1.133E-03 1.087E-03 4.593E-05 9.82E-01
1.059E-03 1.097E-03 1.052E-03 4.483E-05 9.82E-01
1.047E-03 1.062E-03 1.018E-03 4.375E-05 9.83E-01
1.035E-03 1.028E-03 9.856E-04 4.273E-05 9.83E-01
1.023E-03 9.955E-04 9.538E-04 4.171E-05 9.84E-01
1.012E-03 9.632E-04 9.225E-04 4.072E-05 9.84E-01
