w(micron)   Q_ext     Q_abs     Q_sca    g=<cos>
1.000E+03 3.557E-09 3.557E-09 1.644E-21 0.00E+00
9.886E+02 3.637E-09 3.637E-09 1.722E-21 0.00E+00
9.772E+02 3.719E-09 3.719E-09 1.803E-21 0.00E+00
9.661E+02 3.803E-09 3.803E-09 1.888E-21 0.00E+00
9.550E+02 3.889E-09 3.889E-09 1.977E-21 0.00E+00
9.441E+02 3.977E-09 3.977E-09 2.070E-21 0.00E+00
9.333E+02 4.067E-09 4.067E-09 2.167E-21 0.00E+00
9.226E+02 4.158E-09 4.158E-09 2.269E-21 0.00E+00
9.120E+02 4.253E-09 4.253E-09 2.376E-21 0.00E+00
9.016E+02 4.349E-09 4.349E-09 2.488E-21 0.00E+00
8.913E+02 4.447E-09 4.447E-09 2.605E-21 0.00E+00
8.810E+02 4.548E-09 4.548E-09 2.728E-21 0.00E+00
8.710E+02 4.651E-09 4.651E-09 2.856E-21 0.00E+00
8.610E+02 4.756E-09 4.756E-09 2.991E-21 0.00E+00
8.511E+02 4.864E-09 4.864E-09 3.132E-21 0.00E+00
8.414E+02 4.975E-09 4.975E-09 3.279E-21 0.00E+00
8.318E+02 5.088E-09 5.088E-09 3.434E-21 0.00E+00
8.222E+02 5.203E-09 5.203E-09 3.596E-21 0.00E+00
8.128E+02 5.322E-09 5.322E-09 3.765E-21 0.00E+00
8.035E+02 5.443E-09 5.443E-09 3.942E-21 0.00E+00
7.943E+02 5.567E-09 5.567E-09 4.128E-21 0.00E+00
7.852E+02 5.693E-09 5.693E-09 4.322E-21 0.00E+00
7.762E+02 5.823E-09 5.823E-09 4.526E-21 0.00E+00
7.674E+02 5.956E-09 5.956E-09 4.739E-21 0.00E+00
7.586E+02 6.091E-09 6.091E-09 4.962E-21 0.00E+00
7.499E+02 6.230E-09 6.230E-09 5.196E-21 0.00E+00
7.413E+02 6.372E-09 6.372E-09 5.441E-21 0.00E+00
7.328E+02 6.518E-09 6.518E-09 5.697E-21 0.00E+00
7.244E+02 6.667E-09 6.667E-09 5.965E-21 0.00E+00
7.161E+02 6.819E-09 6.819E-09 6.246E-21 0.00E+00
7.079E+02 6.975E-09 6.975E-09 6.541E-21 0.00E+00
6.998E+02 7.134E-09 7.134E-09 6.849E-21 0.00E+00
6.918E+02 7.297E-09 7.297E-09 7.171E-21 0.00E+00
6.839E+02 7.464E-09 7.464E-09 7.509E-21 0.00E+00
6.761E+02 7.635E-09 7.635E-09 7.862E-21 0.00E+00
6.683E+02 7.809E-09 7.809E-09 8.233E-21 0.00E+00
6.607E+02 7.988E-09 7.988E-09 8.620E-21 0.00E+00
6.531E+02 8.171E-09 8.171E-09 9.026E-21 0.00E+00
6.457E+02 8.358E-09 8.358E-09 9.451E-21 0.00E+00
6.383E+02 8.550E-09 8.550E-09 9.896E-21 0.00E+00
6.310E+02 8.746E-09 8.746E-09 1.036E-20 0.00E+00
6.237E+02 8.946E-09 8.946E-09 1.085E-20 0.00E+00
6.166E+02 9.151E-09 9.151E-09 1.136E-20 0.00E+00
6.095E+02 9.361E-09 9.361E-09 1.190E-20 0.00E+00
6.026E+02 9.576E-09 9.576E-09 1.246E-20 0.00E+00
5.957E+02 9.795E-09 9.795E-09 1.304E-20 0.00E+00
5.888E+02 1.002E-08 1.002E-08 1.366E-20 0.00E+00
5.821E+02 1.025E-08 1.025E-08 1.430E-20 0.00E+00
5.754E+02 1.049E-08 1.049E-08 1.497E-20 0.00E+00
5.689E+02 1.073E-08 1.073E-08 1.568E-20 0.00E+00
5.623E+02 1.097E-08 1.097E-08 1.642E-20 0.00E+00
5.559E+02 1.122E-08 1.122E-08 1.719E-20 0.00E+00
5.495E+02 1.148E-08 1.148E-08 1.800E-20 0.00E+00
5.433E+02 1.175E-08 1.175E-08 1.884E-20 0.00E+00
5.370E+02 1.202E-08 1.202E-08 1.973E-20 0.00E+00
5.309E+02 1.229E-08 1.229E-08 2.066E-20 0.00E+00
5.248E+02 1.258E-08 1.258E-08 2.163E-20 0.00E+00
5.188E+02 1.286E-08 1.286E-08 2.265E-20 0.00E+00
5.129E+02 1.316E-08 1.316E-08 2.372E-20 0.00E+00
5.070E+02 1.346E-08 1.346E-08 2.483E-20 0.00E+00
5.012E+02 1.377E-08 1.377E-08 2.600E-20 0.00E+00
4.955E+02 1.409E-08 1.409E-08 2.723E-20 0.00E+00
4.898E+02 1.441E-08 1.441E-08 2.851E-20 0.00E+00
4.842E+02 1.475E-08 1.475E-08 2.985E-20 0.00E+00
4.786E+02 1.509E-08 1.509E-08 3.125E-20 0.00E+00
4.732E+02 1.543E-08 1.543E-08 3.273E-20 0.00E+00
4.677E+02 1.579E-08 1.579E-08 3.427E-20 0.00E+00
4.624E+02 1.615E-08 1.615E-08 3.588E-20 0.00E+00
4.571E+02 1.652E-08 1.652E-08 3.757E-20 0.00E+00
4.519E+02 1.690E-08 1.690E-08 3.933E-20 0.00E+00
4.467E+02 1.729E-08 1.729E-08 4.118E-20 0.00E+00
4.416E+02 1.769E-08 1.769E-08 4.312E-20 0.00E+00
4.365E+02 1.810E-08 1.810E-08 4.515E-20 0.00E+00
4.315E+02 1.852E-08 1.852E-08 4.727E-20 0.00E+00
4.266E+02 1.894E-08 1.894E-08 4.950E-20 0.00E+00
4.217E+02 1.938E-08 1.938E-08 5.183E-20 0.00E+00
4.169E+02 1.983E-08 1.983E-08 5.426E-20 0.00E+00
4.121E+02 2.028E-08 2.028E-08 5.682E-20 0.00E+00
4.074E+02 2.075E-08 2.075E-08 5.949E-20 0.00E+00
4.027E+02 2.123E-08 2.123E-08 6.229E-20 0.00E+00
3.981E+02 2.172E-08 2.172E-08 6.522E-20 0.00E+00
3.936E+02 2.222E-08 2.222E-08 6.828E-20 0.00E+00
3.890E+02 2.273E-08 2.273E-08 7.149E-20 0.00E+00
3.846E+02 2.325E-08 2.325E-08 7.486E-20 0.00E+00
3.802E+02 2.379E-08 2.379E-08 7.838E-20 0.00E+00
3.758E+02 2.434E-08 2.434E-08 8.206E-20 0.00E+00
3.715E+02 2.490E-08 2.490E-08 8.592E-20 0.00E+00
3.673E+02 2.547E-08 2.547E-08 8.996E-20 0.00E+00
3.631E+02 2.606E-08 2.606E-08 9.419E-20 0.00E+00
3.589E+02 2.666E-08 2.666E-08 9.862E-20 0.00E+00
3.548E+02 2.727E-08 2.727E-08 1.033E-19 0.00E+00
3.508E+02 2.790E-08 2.790E-08 1.081E-19 0.00E+00
3.467E+02 2.855E-08 2.855E-08 1.132E-19 0.00E+00
3.428E+02 2.920E-08 2.920E-08 1.185E-19 0.00E+00
3.388E+02 2.988E-08 2.988E-08 1.241E-19 0.00E+00
3.350E+02 3.056E-08 3.056E-08 1.299E-19 0.00E+00
3.311E+02 3.127E-08 3.127E-08 1.360E-19 0.00E+00
3.273E+02 3.199E-08 3.199E-08 1.424E-19 0.00E+00
3.236E+02 3.273E-08 3.273E-08 1.491E-19 0.00E+00
3.199E+02 3.348E-08 3.348E-08 1.561E-19 0.00E+00
3.162E+02 3.425E-08 3.425E-08 1.634E-19 0.00E+00
3.126E+02 3.504E-08 3.504E-08 1.711E-19 0.00E+00
3.090E+02 3.585E-08 3.585E-08 1.791E-19 0.00E+00
3.055E+02 3.667E-08 3.667E-08 1.876E-19 0.00E+00
3.020E+02 3.752E-08 3.752E-08 1.964E-19 0.00E+00
2.985E+02 3.838E-08 3.838E-08 2.056E-19 0.00E+00
2.951E+02 3.926E-08 3.926E-08 2.152E-19 0.00E+00
2.917E+02 4.017E-08 4.017E-08 2.253E-19 0.00E+00
2.884E+02 4.109E-08 4.109E-08 2.359E-19 0.00E+00
2.851E+02 4.204E-08 4.204E-08 2.470E-19 0.00E+00
2.818E+02 4.300E-08 4.300E-08 2.586E-19 0.00E+00
2.786E+02 4.399E-08 4.399E-08 2.707E-19 0.00E+00
2.754E+02 4.500E-08 4.500E-08 2.834E-19 0.00E+00
2.723E+02 4.604E-08 4.604E-08 2.967E-19 0.00E+00
2.692E+02 4.710E-08 4.710E-08 3.107E-19 0.00E+00
2.661E+02 4.818E-08 4.818E-08 3.252E-19 0.00E+00
2.630E+02 4.929E-08 4.929E-08 3.405E-19 0.00E+00
2.600E+02 5.042E-08 5.042E-08 3.565E-19 0.00E+00
2.570E+02 5.158E-08 5.158E-08 3.732E-19 0.00E+00
2.541E+02 5.277E-08 5.277E-08 3.907E-19 0.00E+00
2.512E+02 5.398E-08 5.398E-08 4.090E-19 0.00E+00
2.483E+02 5.522E-08 5.522E-08 4.282E-19 0.00E+00
2.455E+02 5.648E-08 5.648E-08 4.483E-19 0.00E+00
2.427E+02 5.778E-08 5.778E-08 4.693E-19 0.00E+00
2.399E+02 5.911E-08 5.911E-08 4.913E-19 0.00E+00
2.371E+02 6.046E-08 6.046E-08 5.143E-19 0.00E+00
2.344E+02 6.185E-08 6.185E-08 5.384E-19 0.00E+00
2.317E+02 6.327E-08 6.327E-08 5.636E-19 0.00E+00
2.291E+02 6.472E-08 6.472E-08 5.900E-19 0.00E+00
2.265E+02 6.620E-08 6.620E-08 6.177E-19 0.00E+00
2.239E+02 6.772E-08 6.772E-08 6.466E-19 0.00E+00
2.213E+02 6.927E-08 6.927E-08 6.769E-19 0.00E+00
2.188E+02 7.086E-08 7.086E-08 7.086E-19 0.00E+00
2.163E+02 7.248E-08 7.248E-08 7.417E-19 0.00E+00
2.138E+02 7.414E-08 7.414E-08 7.764E-19 0.00E+00
2.113E+02 7.584E-08 7.584E-08 8.128E-19 0.00E+00
2.089E+02 7.757E-08 7.757E-08 8.508E-19 0.00E+00
2.065E+02 7.935E-08 7.935E-08 8.906E-19 0.00E+00
2.042E+02 8.116E-08 8.116E-08 9.323E-19 0.00E+00
2.018E+02 8.302E-08 8.302E-08 9.759E-19 0.00E+00
1.995E+02 8.491E-08 8.491E-08 1.022E-18 0.00E+00
1.972E+02 8.686E-08 8.686E-08 1.069E-18 0.00E+00
1.950E+02 8.884E-08 8.884E-08 1.119E-18 0.00E+00
1.928E+02 9.087E-08 9.087E-08 1.172E-18 0.00E+00
1.905E+02 9.294E-08 9.294E-08 1.226E-18 0.00E+00
1.884E+02 9.506E-08 9.506E-08 1.284E-18 0.00E+00
1.862E+02 9.723E-08 9.723E-08 1.344E-18 0.00E+00
1.841E+02 9.945E-08 9.945E-08 1.406E-18 0.00E+00
1.820E+02 1.017E-07 1.017E-07 1.472E-18 0.00E+00
1.799E+02 1.040E-07 1.040E-07 1.541E-18 0.00E+00
1.778E+02 1.064E-07 1.064E-07 1.613E-18 0.00E+00
1.758E+02 1.088E-07 1.088E-07 1.688E-18 0.00E+00
1.738E+02 1.113E-07 1.113E-07 1.767E-18 0.00E+00
1.718E+02 1.138E-07 1.138E-07 1.849E-18 0.00E+00
1.698E+02 1.164E-07 1.164E-07 1.936E-18 0.00E+00
1.679E+02 1.191E-07 1.191E-07 2.026E-18 0.00E+00
1.660E+02 1.218E-07 1.218E-07 2.120E-18 0.00E+00
1.641E+02 1.246E-07 1.246E-07 2.219E-18 0.00E+00
1.622E+02 1.274E-07 1.274E-07 2.323E-18 0.00E+00
1.603E+02 1.303E-07 1.303E-07 2.431E-18 0.00E+00
1.585E+02 1.332E-07 1.332E-07 2.544E-18 0.00E+00
1.567E+02 1.363E-07 1.363E-07 2.662E-18 0.00E+00
1.549E+02 1.394E-07 1.394E-07 2.786E-18 0.00E+00
1.531E+02 1.425E-07 1.425E-07 2.916E-18 0.00E+00
1.514E+02 1.457E-07 1.457E-07 3.052E-18 0.00E+00
1.496E+02 1.490E-07 1.490E-07 3.194E-18 0.00E+00
1.479E+02 1.524E-07 1.524E-07 3.342E-18 0.00E+00
1.462E+02 1.559E-07 1.559E-07 3.498E-18 0.00E+00
1.445E+02 1.594E-07 1.594E-07 3.660E-18 0.00E+00
1.429E+02 1.630E-07 1.630E-07 3.831E-18 0.00E+00
1.413E+02 1.667E-07 1.667E-07 4.009E-18 0.00E+00
1.396E+02 1.705E-07 1.705E-07 4.195E-18 0.00E+00
1.380E+02 1.743E-07 1.743E-07 4.390E-18 0.00E+00
1.365E+02 1.782E-07 1.782E-07 4.593E-18 0.00E+00
1.349E+02 1.823E-07 1.823E-07 4.807E-18 0.00E+00
1.334E+02 1.864E-07 1.864E-07 5.030E-18 0.00E+00
1.318E+02 1.906E-07 1.906E-07 5.263E-18 0.00E+00
1.303E+02 1.949E-07 1.949E-07 5.507E-18 0.00E+00
1.288E+02 1.993E-07 1.993E-07 5.762E-18 0.00E+00
1.274E+02 2.038E-07 2.038E-07 6.029E-18 0.00E+00
1.259E+02 2.084E-07 2.084E-07 6.308E-18 0.00E+00
1.245E+02 2.131E-07 2.131E-07 6.601E-18 0.00E+00
1.230E+02 2.179E-07 2.179E-07 6.906E-18 0.00E+00
1.216E+02 2.228E-07 2.228E-07 7.226E-18 0.00E+00
1.202E+02 2.278E-07 2.278E-07 7.560E-18 0.00E+00
1.189E+02 2.329E-07 2.329E-07 7.910E-18 0.00E+00
1.175E+02 2.381E-07 2.381E-07 8.275E-18 0.00E+00
1.161E+02 2.435E-07 2.435E-07 8.658E-18 0.00E+00
1.148E+02 2.490E-07 2.490E-07 9.058E-18 0.00E+00
1.135E+02 2.545E-07 2.545E-07 9.476E-18 0.00E+00
1.122E+02 2.603E-07 2.603E-07 9.913E-18 0.00E+00
1.109E+02 2.661E-07 2.661E-07 1.037E-17 0.00E+00
1.096E+02 2.721E-07 2.721E-07 1.085E-17 0.00E+00
1.084E+02 2.782E-07 2.782E-07 1.135E-17 0.00E+00
1.072E+02 2.844E-07 2.844E-07 1.187E-17 0.00E+00
1.059E+02 2.908E-07 2.908E-07 1.242E-17 0.00E+00
1.047E+02 2.973E-07 2.973E-07 1.299E-17 0.00E+00
1.035E+02 3.040E-07 3.040E-07 1.359E-17 0.00E+00
1.023E+02 3.108E-07 3.108E-07 1.421E-17 0.00E+00
1.012E+02 3.178E-07 3.178E-07 1.487E-17 0.00E+00
1.000E+02 3.249E-07 3.249E-07 1.555E-17 0.00E+00
9.886E+01 3.322E-07 3.322E-07 1.626E-17 0.00E+00
9.772E+01 3.396E-07 3.396E-07 1.701E-17 0.00E+00
9.661E+01 3.472E-07 3.472E-07 1.779E-17 0.00E+00
9.550E+01 3.549E-07 3.549E-07 1.861E-17 0.00E+00
9.441E+01 3.629E-07 3.629E-07 1.946E-17 0.00E+00
9.333E+01 3.710E-07 3.710E-07 2.035E-17 0.00E+00
9.226E+01 3.793E-07 3.793E-07 2.129E-17 0.00E+00
9.120E+01 3.877E-07 3.877E-07 2.226E-17 0.00E+00
9.016E+01 3.964E-07 3.964E-07 2.328E-17 0.00E+00
8.913E+01 4.053E-07 4.053E-07 2.434E-17 0.00E+00
8.810E+01 4.143E-07 4.143E-07 2.546E-17 0.00E+00
8.710E+01 4.236E-07 4.236E-07 2.662E-17 0.00E+00
8.610E+01 4.330E-07 4.330E-07 2.784E-17 0.00E+00
8.511E+01 4.427E-07 4.427E-07 2.911E-17 0.00E+00
8.414E+01 4.526E-07 4.526E-07 3.044E-17 0.00E+00
8.318E+01 4.627E-07 4.627E-07 3.183E-17 0.00E+00
8.222E+01 4.731E-07 4.731E-07 3.328E-17 0.00E+00
8.128E+01 4.837E-07 4.837E-07 3.479E-17 0.00E+00
8.035E+01 4.945E-07 4.945E-07 3.638E-17 0.00E+00
7.943E+01 5.056E-07 5.056E-07 3.804E-17 0.00E+00
7.852E+01 5.170E-07 5.170E-07 3.977E-17 0.00E+00
7.762E+01 5.286E-07 5.286E-07 4.158E-17 0.00E+00
7.674E+01 5.405E-07 5.405E-07 4.347E-17 0.00E+00
7.586E+01 5.526E-07 5.526E-07 4.544E-17 0.00E+00
7.499E+01 5.651E-07 5.651E-07 4.751E-17 0.00E+00
7.413E+01 5.778E-07 5.778E-07 4.966E-17 0.00E+00
7.328E+01 5.909E-07 5.909E-07 5.192E-17 0.00E+00
7.244E+01 6.042E-07 6.042E-07 5.427E-17 0.00E+00
7.161E+01 6.179E-07 6.179E-07 5.673E-17 0.00E+00
7.079E+01 6.319E-07 6.319E-07 5.931E-17 0.00E+00
6.998E+01 6.463E-07 6.463E-07 6.199E-17 0.00E+00
6.918E+01 6.610E-07 6.610E-07 6.480E-17 0.00E+00
6.839E+01 6.761E-07 6.761E-07 6.774E-17 0.00E+00
6.761E+01 6.915E-07 6.915E-07 7.080E-17 0.00E+00
6.683E+01 7.074E-07 7.074E-07 7.400E-17 0.00E+00
6.607E+01 7.236E-07 7.236E-07 7.735E-17 0.00E+00
6.531E+01 7.403E-07 7.403E-07 8.085E-17 0.00E+00
6.457E+01 7.574E-07 7.574E-07 8.450E-17 0.00E+00
6.383E+01 7.749E-07 7.749E-07 8.832E-17 0.00E+00
6.310E+01 7.929E-07 7.929E-07 9.230E-17 0.00E+00
6.237E+01 8.114E-07 8.114E-07 9.647E-17 0.00E+00
6.166E+01 8.303E-07 8.303E-07 1.008E-16 0.00E+00
6.095E+01 8.498E-07 8.498E-07 1.054E-16 0.00E+00
6.026E+01 8.698E-07 8.698E-07 1.101E-16 0.00E+00
5.957E+01 8.904E-07 8.904E-07 1.151E-16 0.00E+00
5.888E+01 9.115E-07 9.115E-07 1.203E-16 0.00E+00
5.821E+01 9.332E-07 9.332E-07 1.257E-16 0.00E+00
5.754E+01 9.556E-07 9.556E-07 1.314E-16 0.00E+00
5.689E+01 9.786E-07 9.786E-07 1.373E-16 0.00E+00
5.623E+01 1.002E-06 1.002E-06 1.435E-16 0.00E+00
5.559E+01 1.027E-06 1.027E-06 1.499E-16 0.00E+00
5.495E+01 1.052E-06 1.052E-06 1.567E-16 0.00E+00
5.433E+01 1.077E-06 1.077E-06 1.637E-16 0.00E+00
5.370E+01 1.104E-06 1.104E-06 1.711E-16 0.00E+00
5.309E+01 1.131E-06 1.131E-06 1.788E-16 0.00E+00
5.248E+01 1.160E-06 1.160E-06 1.868E-16 0.00E+00
5.188E+01 1.189E-06 1.189E-06 1.952E-16 0.00E+00
5.129E+01 1.219E-06 1.219E-06 2.040E-16 0.00E+00
5.070E+01 1.250E-06 1.250E-06 2.132E-16 0.00E+00
5.012E+01 1.282E-06 1.282E-06 2.228E-16 0.00E+00
4.955E+01 1.315E-06 1.315E-06 2.328E-16 0.00E+00
4.898E+01 1.349E-06 1.349E-06 2.433E-16 0.00E+00
4.842E+01 1.385E-06 1.385E-06 2.542E-16 0.00E+00
4.786E+01 1.421E-06 1.421E-06 2.656E-16 0.00E+00
4.732E+01 1.459E-06 1.459E-06 2.776E-16 0.00E+00
4.677E+01 1.498E-06 1.498E-06 2.901E-16 0.00E+00
4.624E+01 1.538E-06 1.538E-06 3.031E-16 0.00E+00
4.571E+01 1.580E-06 1.580E-06 3.167E-16 0.00E+00
4.519E+01 1.623E-06 1.623E-06 3.310E-16 0.00E+00
4.467E+01 1.668E-06 1.668E-06 3.459E-16 0.00E+00
4.416E+01 1.714E-06 1.714E-06 3.614E-16 0.00E+00
4.365E+01 1.762E-06 1.762E-06 3.777E-16 0.00E+00
4.315E+01 1.812E-06 1.812E-06 3.947E-16 0.00E+00
4.266E+01 1.864E-06 1.864E-06 4.124E-16 0.00E+00
4.217E+01 1.917E-06 1.917E-06 4.310E-16 0.00E+00
4.169E+01 1.972E-06 1.972E-06 4.504E-16 0.00E+00
4.121E+01 2.030E-06 2.030E-06 4.707E-16 0.00E+00
4.074E+01 2.089E-06 2.089E-06 4.919E-16 0.00E+00
4.027E+01 2.151E-06 2.151E-06 5.141E-16 0.00E+00
3.981E+01 2.214E-06 2.214E-06 5.372E-16 0.00E+00
3.936E+01 2.280E-06 2.280E-06 5.615E-16 0.00E+00
3.890E+01 2.349E-06 2.349E-06 5.868E-16 0.00E+00
3.846E+01 2.419E-06 2.419E-06 6.133E-16 0.00E+00
3.802E+01 2.493E-06 2.493E-06 6.410E-16 0.00E+00
3.758E+01 2.568E-06 2.568E-06 6.699E-16 0.00E+00
3.715E+01 2.647E-06 2.647E-06 7.002E-16 0.00E+00
3.673E+01 2.728E-06 2.728E-06 7.319E-16 0.00E+00
3.631E+01 2.811E-06 2.811E-06 7.650E-16 0.00E+00
3.589E+01 2.897E-06 2.897E-06 7.996E-16 0.00E+00
3.548E+01 2.986E-06 2.986E-06 8.358E-16 0.00E+00
3.508E+01 3.077E-06 3.077E-06 8.737E-16 0.00E+00
3.467E+01 3.171E-06 3.171E-06 9.133E-16 0.00E+00
3.428E+01 3.268E-06 3.268E-06 9.548E-16 0.00E+00
3.388E+01 3.366E-06 3.366E-06 9.981E-16 0.00E+00
3.350E+01 3.467E-06 3.467E-06 1.043E-15 0.00E+00
3.311E+01 3.570E-06 3.570E-06 1.091E-15 0.00E+00
3.273E+01 3.675E-06 3.675E-06 1.140E-15 0.00E+00
3.236E+01 3.781E-06 3.781E-06 1.192E-15 0.00E+00
3.199E+01 3.888E-06 3.888E-06 1.247E-15 0.00E+00
3.162E+01 3.997E-06 3.997E-06 1.304E-15 0.00E+00
3.126E+01 4.106E-06 4.106E-06 1.363E-15 0.00E+00
3.090E+01 4.216E-06 4.216E-06 1.425E-15 0.00E+00
3.055E+01 4.326E-06 4.326E-06 1.490E-15 0.00E+00
3.020E+01 4.435E-06 4.435E-06 1.558E-15 0.00E+00
2.985E+01 4.543E-06 4.543E-06 1.630E-15 0.00E+00
2.951E+01 4.650E-06 4.650E-06 1.704E-15 0.00E+00
2.917E+01 4.755E-06 4.755E-06 1.782E-15 0.00E+00
2.884E+01 4.858E-06 4.858E-06 1.864E-15 0.00E+00
2.851E+01 4.959E-06 4.959E-06 1.949E-15 0.00E+00
2.818E+01 5.058E-06 5.058E-06 2.039E-15 0.00E+00
2.786E+01 5.155E-06 5.155E-06 2.132E-15 0.00E+00
2.754E+01 5.251E-06 5.251E-06 2.230E-15 0.00E+00
2.723E+01 5.345E-06 5.345E-06 2.333E-15 0.00E+00
2.692E+01 5.441E-06 5.441E-06 2.440E-15 0.00E+00
2.661E+01 5.539E-06 5.539E-06 2.552E-15 0.00E+00
2.630E+01 5.644E-06 5.644E-06 2.669E-15 0.00E+00
2.600E+01 5.759E-06 5.759E-06 2.792E-15 0.00E+00
2.570E+01 5.893E-06 5.893E-06 2.921E-15 0.00E+00
2.541E+01 6.057E-06 6.057E-06 3.056E-15 0.00E+00
2.512E+01 6.270E-06 6.270E-06 3.197E-15 0.00E+00
2.483E+01 6.561E-06 6.561E-06 3.344E-15 0.00E+00
2.455E+01 6.985E-06 6.985E-06 3.498E-15 0.00E+00
2.427E+01 7.642E-06 7.642E-06 3.659E-15 0.00E+00
2.399E+01 8.729E-06 8.729E-06 3.828E-15 0.00E+00
2.371E+01 1.062E-05 1.062E-05 4.005E-15 0.00E+00
2.344E+01 1.372E-05 1.372E-05 4.190E-15 0.00E+00
2.317E+01 1.689E-05 1.689E-05 4.384E-15 0.00E+00
2.291E+01 1.642E-05 1.642E-05 4.587E-15 0.00E+00
2.265E+01 1.402E-05 1.402E-05 4.800E-15 0.00E+00
2.239E+01 1.306E-05 1.306E-05 5.023E-15 0.00E+00
2.213E+01 1.416E-05 1.416E-05 5.256E-15 0.00E+00
2.188E+01 1.804E-05 1.804E-05 5.499E-15 0.00E+00
2.163E+01 2.693E-05 2.693E-05 5.754E-15 0.00E+00
2.138E+01 4.274E-05 4.274E-05 6.022E-15 0.00E+00
2.113E+01 4.872E-05 4.872E-05 6.302E-15 0.00E+00
2.089E+01 3.305E-05 3.305E-05 6.596E-15 0.00E+00
2.065E+01 2.017E-05 2.017E-05 6.902E-15 0.00E+00
2.042E+01 1.360E-05 1.360E-05 7.224E-15 0.00E+00
2.018E+01 1.022E-05 1.022E-05 7.560E-15 0.00E+00
1.995E+01 8.362E-06 8.362E-06 7.911E-15 0.00E+00
1.972E+01 7.292E-06 7.292E-06 8.279E-15 0.00E+00
1.950E+01 6.711E-06 6.711E-06 8.664E-15 0.00E+00
1.928E+01 6.524E-06 6.524E-06 9.068E-15 0.00E+00
1.905E+01 6.818E-06 6.818E-06 9.490E-15 0.00E+00
1.884E+01 8.044E-06 8.044E-06 9.933E-15 0.00E+00
1.862E+01 1.205E-05 1.205E-05 1.040E-14 0.00E+00
1.841E+01 2.813E-05 2.813E-05 1.088E-14 0.00E+00
1.820E+01 4.515E-05 4.515E-05 1.139E-14 0.00E+00
1.799E+01 1.684E-05 1.684E-05 1.192E-14 0.00E+00
1.778E+01 8.801E-06 8.801E-06 1.248E-14 0.00E+00
1.758E+01 6.331E-06 6.331E-06 1.306E-14 0.00E+00
1.738E+01 5.370E-06 5.370E-06 1.368E-14 0.00E+00
1.718E+01 5.052E-06 5.052E-06 1.432E-14 0.00E+00
1.698E+01 5.269E-06 5.269E-06 1.499E-14 0.00E+00
1.679E+01 6.601E-06 6.601E-06 1.569E-14 0.00E+00
1.660E+01 1.358E-05 1.358E-05 1.642E-14 0.00E+00
1.641E+01 7.252E-05 7.252E-05 1.719E-14 0.00E+00
1.622E+01 1.450E-05 1.450E-05 1.800E-14 0.00E+00
1.603E+01 6.373E-06 6.373E-06 1.884E-14 0.00E+00
1.585E+01 4.654E-06 4.654E-06 1.973E-14 0.00E+00
1.567E+01 4.041E-06 4.041E-06 2.065E-14 0.00E+00
1.549E+01 3.770E-06 3.770E-06 2.162E-14 0.00E+00
1.531E+01 3.648E-06 3.648E-06 2.264E-14 0.00E+00
1.514E+01 3.609E-06 3.609E-06 2.370E-14 0.00E+00
1.496E+01 3.628E-06 3.628E-06 2.482E-14 0.00E+00
1.479E+01 3.696E-06 3.696E-06 2.599E-14 0.00E+00
1.462E+01 3.813E-06 3.813E-06 2.721E-14 0.00E+00
1.445E+01 3.985E-06 3.985E-06 2.849E-14 0.00E+00
1.429E+01 4.224E-06 4.224E-06 2.983E-14 0.00E+00
1.413E+01 4.549E-06 4.549E-06 3.123E-14 0.00E+00
1.396E+01 4.991E-06 4.991E-06 3.270E-14 0.00E+00
1.380E+01 5.600E-06 5.600E-06 3.424E-14 0.00E+00
1.365E+01 6.458E-06 6.458E-06 3.585E-14 0.00E+00
1.349E+01 7.696E-06 7.696E-06 3.753E-14 0.00E+00
1.334E+01 9.536E-06 9.536E-06 3.930E-14 0.00E+00
1.318E+01 1.232E-05 1.232E-05 4.115E-14 0.00E+00
1.303E+01 1.644E-05 1.644E-05 4.309E-14 0.00E+00
1.288E+01 2.168E-05 2.168E-05 4.511E-14 0.00E+00
1.274E+01 2.561E-05 2.561E-05 4.723E-14 0.00E+00
1.259E+01 2.497E-05 2.497E-05 4.946E-14 0.00E+00
1.245E+01 2.141E-05 2.141E-05 5.179E-14 0.00E+00
1.230E+01 1.885E-05 1.885E-05 5.423E-14 0.00E+00
1.216E+01 1.955E-05 1.955E-05 5.679E-14 0.00E+00
1.202E+01 2.680E-05 2.680E-05 5.947E-14 0.00E+00
1.189E+01 3.672E-05 3.672E-05 6.233E-14 0.00E+00
1.175E+01 3.043E-05 3.043E-05 6.539E-14 0.00E+00
1.161E+01 3.424E-05 3.424E-05 6.877E-14 0.00E+00
1.148E+01 5.377E-05 5.377E-05 7.002E-14 0.00E+00
1.135E+01 8.562E-05 8.562E-05 7.437E-14 0.00E+00
1.122E+01 7.818E-05 7.818E-05 7.800E-14 0.00E+00
1.109E+01 4.485E-05 4.485E-05 8.178E-14 0.00E+00
1.096E+01 2.600E-05 2.600E-05 8.569E-14 0.00E+00
1.084E+01 1.703E-05 1.703E-05 8.977E-14 0.00E+00
1.072E+01 1.242E-05 1.242E-05 9.401E-14 0.00E+00
1.059E+01 9.845E-06 9.845E-06 9.844E-14 0.00E+00
1.047E+01 8.306E-06 8.306E-06 1.031E-13 0.00E+00
1.035E+01 7.355E-06 7.355E-06 1.079E-13 0.00E+00
1.023E+01 6.767E-06 6.767E-06 1.130E-13 0.00E+00
1.012E+01 6.423E-06 6.423E-06 1.183E-13 0.00E+00
1.000E+01 6.256E-06 6.256E-06 1.239E-13 0.00E+00
9.886E+00 6.232E-06 6.232E-06 1.297E-13 0.00E+00
9.772E+00 6.334E-06 6.334E-06 1.358E-13 0.00E+00
9.661E+00 6.559E-06 6.559E-06 1.422E-13 0.00E+00
9.550E+00 6.916E-06 6.916E-06 1.489E-13 0.00E+00
9.441E+00 7.430E-06 7.430E-06 1.559E-13 0.00E+00
9.333E+00 8.145E-06 8.145E-06 1.632E-13 0.00E+00
9.226E+00 9.142E-06 9.142E-06 1.709E-13 0.00E+00
9.120E+00 1.056E-05 1.056E-05 1.789E-13 0.00E+00
9.016E+00 1.267E-05 1.267E-05 1.873E-13 0.00E+00
8.913E+00 1.599E-05 1.599E-05 1.961E-13 0.00E+00
8.810E+00 2.145E-05 2.145E-05 2.053E-13 0.00E+00
8.710E+00 2.979E-05 2.979E-05 2.150E-13 0.00E+00
8.610E+00 3.696E-05 3.696E-05 2.251E-13 0.00E+00
8.511E+00 3.523E-05 3.523E-05 2.356E-13 0.00E+00
8.414E+00 3.080E-05 3.080E-05 2.467E-13 0.00E+00
8.318E+00 2.972E-05 2.972E-05 2.583E-13 0.00E+00
8.222E+00 3.211E-05 3.211E-05 2.704E-13 0.00E+00
8.128E+00 3.745E-05 3.745E-05 2.831E-13 0.00E+00
8.035E+00 4.569E-05 4.569E-05 2.963E-13 0.00E+00
7.943E+00 5.663E-05 5.663E-05 3.102E-13 0.00E+00
7.852E+00 6.881E-05 6.881E-05 3.247E-13 0.00E+00
7.762E+00 7.832E-05 7.832E-05 3.399E-13 0.00E+00
7.674E+00 8.010E-05 8.010E-05 3.559E-13 0.00E+00
7.586E+00 7.291E-05 7.291E-05 3.726E-13 0.00E+00
7.499E+00 6.084E-05 6.084E-05 3.900E-13 0.00E+00
7.413E+00 4.863E-05 4.863E-05 4.083E-13 0.00E+00
7.328E+00 3.852E-05 3.852E-05 4.275E-13 0.00E+00
7.244E+00 3.084E-05 3.084E-05 4.475E-13 0.00E+00
7.161E+00 2.520E-05 2.520E-05 4.685E-13 0.00E+00
7.079E+00 2.112E-05 2.112E-05 4.904E-13 0.00E+00
6.998E+00 1.820E-05 1.820E-05 5.134E-13 0.00E+00
6.918E+00 1.616E-05 1.616E-05 5.375E-13 0.00E+00
6.839E+00 1.485E-05 1.485E-05 5.626E-13 0.00E+00
6.761E+00 1.420E-05 1.420E-05 5.890E-13 0.00E+00
6.683E+00 1.422E-05 1.422E-05 6.165E-13 0.00E+00
6.607E+00 1.509E-05 1.509E-05 6.454E-13 0.00E+00
6.531E+00 1.720E-05 1.720E-05 6.756E-13 0.00E+00
6.457E+00 2.136E-05 2.136E-05 7.072E-13 0.00E+00
6.383E+00 2.916E-05 2.916E-05 7.402E-13 0.00E+00
6.310E+00 4.264E-05 4.264E-05 7.747E-13 0.00E+00
6.237E+00 5.848E-05 5.848E-05 8.113E-13 0.00E+00
6.166E+00 5.865E-05 5.865E-05 8.491E-13 0.00E+00
6.095E+00 4.240E-05 4.240E-05 8.888E-13 0.00E+00
6.026E+00 2.796E-05 2.796E-05 9.304E-13 0.00E+00
5.957E+00 1.920E-05 1.920E-05 9.738E-13 0.00E+00
5.888E+00 1.410E-05 1.410E-05 1.019E-12 0.00E+00
5.821E+00 1.098E-05 1.098E-05 1.067E-12 0.00E+00
5.754E+00 8.976E-06 8.976E-06 1.117E-12 0.00E+00
5.689E+00 7.612E-06 7.612E-06 1.169E-12 0.00E+00
5.623E+00 6.643E-06 6.643E-06 1.223E-12 0.00E+00
5.559E+00 5.930E-06 5.930E-06 1.281E-12 0.00E+00
5.495E+00 5.390E-06 5.390E-06 1.340E-12 0.00E+00
5.433E+00 4.970E-06 4.970E-06 1.403E-12 0.00E+00
5.370E+00 4.639E-06 4.639E-06 1.468E-12 0.00E+00
5.309E+00 4.372E-06 4.372E-06 1.537E-12 0.00E+00
5.248E+00 4.155E-06 4.155E-06 1.608E-12 0.00E+00
5.188E+00 3.977E-06 3.977E-06 1.683E-12 0.00E+00
5.129E+00 3.829E-06 3.829E-06 1.762E-12 0.00E+00
5.070E+00 3.707E-06 3.707E-06 1.844E-12 0.00E+00
5.012E+00 3.604E-06 3.604E-06 1.929E-12 0.00E+00
4.955E+00 3.518E-06 3.518E-06 2.019E-12 5.16E-07
4.898E+00 3.446E-06 3.446E-06 2.113E-12 5.27E-07
4.842E+00 3.387E-06 3.387E-06 2.212E-12 5.38E-07
4.786E+00 3.338E-06 3.338E-06 2.315E-12 5.50E-07
4.732E+00 3.298E-06 3.298E-06 2.423E-12 5.62E-07
4.677E+00 3.266E-06 3.266E-06 2.536E-12 5.74E-07
4.624E+00 3.242E-06 3.242E-06 2.654E-12 5.86E-07
4.571E+00 3.224E-06 3.224E-06 2.777E-12 5.99E-07
4.519E+00 3.212E-06 3.212E-06 2.906E-12 6.12E-07
4.467E+00 3.205E-06 3.205E-06 3.042E-12 6.25E-07
4.416E+00 3.203E-06 3.203E-06 3.183E-12 6.37E-07
4.365E+00 3.206E-06 3.206E-06 3.331E-12 6.51E-07
4.315E+00 3.213E-06 3.213E-06 3.486E-12 6.65E-07
4.266E+00 3.224E-06 3.224E-06 3.648E-12 6.80E-07
4.217E+00 3.239E-06 3.239E-06 3.818E-12 6.94E-07
4.169E+00 3.258E-06 3.258E-06 3.995E-12 7.08E-07
4.121E+00 3.281E-06 3.281E-06 4.181E-12 7.23E-07
4.074E+00 3.308E-06 3.308E-06 4.375E-12 7.39E-07
4.027E+00 3.339E-06 3.339E-06 4.578E-12 7.54E-07
3.981E+00 3.374E-06 3.374E-06 4.791E-12 7.70E-07
3.936E+00 3.413E-06 3.413E-06 5.013E-12 7.86E-07
3.890E+00 3.458E-06 3.458E-06 5.246E-12 8.02E-07
3.846E+00 3.510E-06 3.510E-06 5.490E-12 8.19E-07
3.802E+00 3.568E-06 3.568E-06 5.745E-12 8.35E-07
3.758E+00 3.636E-06 3.636E-06 6.012E-12 8.53E-07
3.715E+00 3.716E-06 3.716E-06 6.291E-12 8.70E-07
3.673E+00 3.813E-06 3.813E-06 6.583E-12 8.88E-07
3.631E+00 3.934E-06 3.934E-06 6.889E-12 9.05E-07
3.589E+00 4.093E-06 4.093E-06 7.209E-12 9.24E-07
3.548E+00 4.314E-06 4.314E-06 7.544E-12 9.42E-07
3.508E+00 4.645E-06 4.645E-06 7.894E-12 9.61E-07
3.467E+00 5.194E-06 5.194E-06 8.260E-12 9.81E-07
3.428E+00 6.255E-06 6.255E-06 8.644E-12 1.00E-06
3.388E+00 8.818E-06 8.818E-06 9.044E-12 1.02E-06
3.350E+00 1.806E-05 1.806E-05 9.464E-12 1.04E-06
3.311E+00 8.002E-05 8.002E-05 9.903E-12 1.06E-06
3.273E+00 4.004E-05 4.004E-05 1.036E-11 1.08E-06
3.236E+00 1.279E-05 1.279E-05 1.084E-11 1.10E-06
3.199E+00 7.757E-06 7.757E-06 1.135E-11 1.13E-06
3.162E+00 6.131E-06 6.131E-06 1.187E-11 1.15E-06
3.126E+00 5.453E-06 5.453E-06 1.242E-11 1.17E-06
3.090E+00 5.122E-06 5.122E-06 1.300E-11 1.20E-06
3.055E+00 4.954E-06 4.954E-06 1.360E-11 1.22E-06
3.020E+00 4.872E-06 4.872E-06 1.423E-11 1.25E-06
2.985E+00 4.841E-06 4.841E-06 1.489E-11 1.27E-06
2.951E+00 4.839E-06 4.839E-06 1.558E-11 1.30E-06
2.917E+00 4.859E-06 4.859E-06 1.630E-11 1.32E-06
2.884E+00 4.893E-06 4.893E-06 1.705E-11 1.35E-06
2.851E+00 4.938E-06 4.938E-06 1.784E-11 1.38E-06
2.818E+00 4.991E-06 4.991E-06 1.867E-11 1.40E-06
2.786E+00 5.050E-06 5.050E-06 1.953E-11 1.43E-06
2.754E+00 5.115E-06 5.115E-06 2.043E-11 1.46E-06
2.723E+00 5.184E-06 5.184E-06 2.137E-11 1.49E-06
2.692E+00 5.257E-06 5.257E-06 2.236E-11 1.52E-06
2.661E+00 5.333E-06 5.333E-06 2.340E-11 1.55E-06
2.630E+00 5.412E-06 5.412E-06 2.448E-11 1.58E-06
2.600E+00 5.493E-06 5.493E-06 2.561E-11 1.62E-06
2.570E+00 5.576E-06 5.576E-06 2.679E-11 1.65E-06
2.541E+00 5.662E-06 5.662E-06 2.803E-11 1.68E-06
2.512E+00 5.750E-06 5.750E-06 2.932E-11 1.72E-06
2.483E+00 5.840E-06 5.840E-06 3.067E-11 1.75E-06
2.455E+00 5.933E-06 5.933E-06 3.209E-11 1.79E-06
2.427E+00 6.029E-06 6.029E-06 3.357E-11 1.83E-06
2.399E+00 6.127E-06 6.127E-06 3.512E-11 1.86E-06
2.371E+00 6.227E-06 6.227E-06 3.674E-11 1.90E-06
2.344E+00 6.329E-06 6.329E-06 3.844E-11 1.94E-06
2.317E+00 6.434E-06 6.434E-06 4.021E-11 1.98E-06
2.291E+00 6.542E-06 6.542E-06 4.207E-11 2.02E-06
2.265E+00 6.651E-06 6.651E-06 4.401E-11 2.06E-06
2.239E+00 6.763E-06 6.763E-06 4.605E-11 2.10E-06
2.213E+00 6.878E-06 6.878E-06 4.817E-11 2.14E-06
2.188E+00 6.995E-06 6.995E-06 5.040E-11 2.18E-06
2.163E+00 7.115E-06 7.115E-06 5.273E-11 2.22E-06
2.138E+00 7.237E-06 7.237E-06 5.516E-11 2.27E-06
2.113E+00 7.360E-06 7.360E-06 5.770E-11 2.31E-06
2.089E+00 7.485E-06 7.485E-06 6.036E-11 2.36E-06
2.065E+00 7.612E-06 7.612E-06 6.315E-11 2.41E-06
2.042E+00 7.742E-06 7.742E-06 6.606E-11 2.45E-06
2.018E+00 7.875E-06 7.875E-06 6.911E-11 2.50E-06
1.995E+00 8.010E-06 8.010E-06 7.229E-11 2.55E-06
1.972E+00 8.148E-06 8.148E-06 7.563E-11 2.60E-06
1.950E+00 8.289E-06 8.289E-06 7.911E-11 2.66E-06
1.928E+00 8.432E-06 8.432E-06 8.276E-11 2.71E-06
1.905E+00 8.579E-06 8.579E-06 8.658E-11 2.76E-06
1.884E+00 8.728E-06 8.728E-06 9.057E-11 2.82E-06
1.862E+00 8.881E-06 8.881E-06 9.475E-11 2.87E-06
1.841E+00 9.037E-06 9.037E-06 9.912E-11 2.93E-06
1.820E+00 9.196E-06 9.196E-06 1.037E-10 2.98E-06
1.799E+00 9.358E-06 9.357E-06 1.085E-10 3.04E-06
1.778E+00 9.523E-06 9.523E-06 1.135E-10 3.10E-06
1.758E+00 9.691E-06 9.691E-06 1.187E-10 3.16E-06
1.738E+00 9.863E-06 9.863E-06 1.242E-10 3.22E-06
1.718E+00 1.004E-05 1.004E-05 1.299E-10 3.29E-06
1.698E+00 1.022E-05 1.022E-05 1.359E-10 3.35E-06
1.679E+00 1.040E-05 1.040E-05 1.421E-10 3.42E-06
1.660E+00 1.058E-05 1.058E-05 1.487E-10 3.48E-06
1.641E+00 1.077E-05 1.076E-05 1.555E-10 3.55E-06
1.622E+00 1.095E-05 1.095E-05 1.627E-10 3.62E-06
1.603E+00 1.114E-05 1.114E-05 1.702E-10 3.70E-06
1.585E+00 1.134E-05 1.134E-05 1.780E-10 3.77E-06
1.567E+00 1.153E-05 1.153E-05 1.862E-10 3.85E-06
1.549E+00 1.173E-05 1.173E-05 1.947E-10 3.92E-06
1.531E+00 1.194E-05 1.194E-05 2.037E-10 4.00E-06
1.514E+00 1.215E-05 1.215E-05 2.131E-10 4.08E-06
1.496E+00 1.236E-05 1.236E-05 2.230E-10 4.16E-06
1.479E+00 1.258E-05 1.258E-05 2.333E-10 4.24E-06
1.462E+00 1.281E-05 1.281E-05 2.441E-10 4.32E-06
1.445E+00 1.304E-05 1.304E-05 2.553E-10 4.40E-06
1.429E+00 1.327E-05 1.327E-05 2.671E-10 4.49E-06
1.413E+00 1.351E-05 1.351E-05 2.794E-10 4.57E-06
1.396E+00 1.376E-05 1.376E-05 2.923E-10 4.66E-06
1.380E+00 1.401E-05 1.401E-05 3.058E-10 4.75E-06
1.365E+00 1.427E-05 1.427E-05 3.199E-10 4.84E-06
1.349E+00 1.453E-05 1.453E-05 3.346E-10 4.93E-06
1.334E+00 1.480E-05 1.480E-05 3.500E-10 5.03E-06
1.318E+00 1.507E-05 1.507E-05 3.662E-10 5.12E-06
1.303E+00 1.535E-05 1.535E-05 3.830E-10 5.22E-06
1.288E+00 1.564E-05 1.563E-05 4.006E-10 5.32E-06
1.274E+00 1.592E-05 1.592E-05 4.190E-10 5.43E-06
1.259E+00 1.622E-05 1.622E-05 4.383E-10 5.53E-06
1.245E+00 1.652E-05 1.652E-05 4.584E-10 5.64E-06
1.230E+00 1.682E-05 1.682E-05 4.796E-10 5.75E-06
1.216E+00 1.713E-05 1.713E-05 5.017E-10 5.86E-06
1.202E+00 1.745E-05 1.745E-05 5.248E-10 5.97E-06
1.189E+00 1.778E-05 1.778E-05 5.490E-10 6.09E-06
1.175E+00 1.812E-05 1.812E-05 5.743E-10 6.21E-06
1.161E+00 1.846E-05 1.846E-05 6.008E-10 6.32E-06
1.148E+00 1.882E-05 1.882E-05 6.284E-10 6.45E-06
1.135E+00 1.919E-05 1.919E-05 6.574E-10 6.57E-06
1.122E+00 1.958E-05 1.958E-05 6.876E-10 6.70E-06
1.109E+00 1.998E-05 1.997E-05 7.193E-10 6.82E-06
1.096E+00 2.039E-05 2.039E-05 7.524E-10 6.95E-06
1.084E+00 2.082E-05 2.082E-05 7.870E-10 7.08E-06
1.072E+00 2.127E-05 2.127E-05 8.232E-10 7.22E-06
1.059E+00 2.174E-05 2.173E-05 8.610E-10 7.36E-06
1.047E+00 2.223E-05 2.223E-05 9.006E-10 7.50E-06
1.035E+00 2.275E-05 2.274E-05 9.420E-10 7.64E-06
1.023E+00 2.329E-05 2.329E-05 9.852E-10 7.79E-06
1.012E+00 2.388E-05 2.388E-05 1.030E-09 7.93E-06
1.000E+00 2.450E-05 2.450E-05 1.078E-09 8.09E-06
9.886E-01 2.518E-05 2.517E-05 1.127E-09 8.24E-06
9.772E-01 2.591E-05 2.590E-05 1.179E-09 8.40E-06
9.661E-01 2.671E-05 2.670E-05 1.233E-09 8.56E-06
9.550E-01 2.759E-05 2.759E-05 1.289E-09 8.73E-06
9.441E-01 2.858E-05 2.858E-05 1.349E-09 8.90E-06
9.333E-01 2.970E-05 2.970E-05 1.410E-09 9.07E-06
9.226E-01 3.098E-05 3.097E-05 1.475E-09 9.25E-06
9.120E-01 3.245E-05 3.245E-05 1.542E-09 9.43E-06
9.016E-01 3.419E-05 3.419E-05 1.613E-09 9.61E-06
8.913E-01 3.625E-05 3.625E-05 1.686E-09 9.81E-06
8.810E-01 3.873E-05 3.873E-05 1.763E-09 1.00E-05
8.710E-01 4.176E-05 4.176E-05 1.844E-09 1.02E-05
8.610E-01 4.553E-05 4.552E-05 1.928E-09 1.04E-05
8.511E-01 5.026E-05 5.026E-05 2.016E-09 1.06E-05
8.414E-01 5.632E-05 5.631E-05 2.108E-09 1.08E-05
8.318E-01 6.417E-05 6.417E-05 2.204E-09 1.11E-05
8.222E-01 7.451E-05 7.450E-05 2.304E-09 1.13E-05
8.128E-01 8.831E-05 8.831E-05 2.409E-09 1.15E-05
8.035E-01 1.070E-04 1.070E-04 2.519E-09 1.18E-05
7.943E-01 1.325E-04 1.325E-04 2.634E-09 1.20E-05
7.852E-01 1.673E-04 1.673E-04 2.754E-09 1.22E-05
7.762E-01 2.143E-04 2.143E-04 2.879E-09 1.25E-05
7.674E-01 2.758E-04 2.758E-04 3.010E-09 1.28E-05
7.586E-01 3.512E-04 3.511E-04 3.147E-09 1.30E-05
7.499E-01 4.361E-04 4.361E-04 3.290E-09 1.33E-05
7.413E-01 5.235E-04 5.235E-04 3.440E-09 1.36E-05
7.328E-01 6.070E-04 6.070E-04 3.597E-09 1.39E-05
7.244E-01 6.832E-04 6.832E-04 3.760E-09 1.42E-05
7.161E-01 7.513E-04 7.513E-04 3.931E-09 1.45E-05
7.079E-01 8.124E-04 8.124E-04 4.110E-09 1.48E-05
6.998E-01 8.689E-04 8.689E-04 4.298E-09 1.51E-05
6.918E-01 9.243E-04 9.243E-04 4.493E-09 1.54E-05
6.839E-01 9.833E-04 9.833E-04 4.698E-09 1.58E-05
6.761E-01 1.052E-03 1.052E-03 4.912E-09 1.61E-05
6.683E-01 1.138E-03 1.138E-03 5.137E-09 1.65E-05
6.607E-01 1.251E-03 1.251E-03 5.371E-09 1.68E-05
6.531E-01 1.402E-03 1.402E-03 5.617E-09 1.72E-05
6.457E-01 1.598E-03 1.598E-03 5.874E-09 1.76E-05
6.383E-01 1.841E-03 1.841E-03 6.143E-09 1.80E-05
6.310E-01 2.119E-03 2.119E-03 6.425E-09 1.84E-05
6.237E-01 2.411E-03 2.411E-03 6.721E-09 1.88E-05
6.166E-01 2.701E-03 2.701E-03 7.030E-09 1.92E-05
6.095E-01 2.980E-03 2.980E-03 7.353E-09 1.96E-05
6.026E-01 3.249E-03 3.249E-03 7.693E-09 2.01E-05
5.957E-01 3.511E-03 3.511E-03 8.048E-09 2.05E-05
5.888E-01 3.768E-03 3.768E-03 8.420E-09 2.10E-05
5.821E-01 4.025E-03 4.025E-03 8.810E-09 2.14E-05
5.754E-01 4.284E-03 4.284E-03 9.219E-09 2.19E-05
5.689E-01 4.546E-03 4.546E-03 9.648E-09 2.24E-05
5.623E-01 4.813E-03 4.813E-03 1.010E-08 2.29E-05
5.559E-01 5.087E-03 5.087E-03 1.057E-08 2.34E-05
5.495E-01 5.369E-03 5.369E-03 1.106E-08 2.39E-05
5.433E-01 5.659E-03 5.659E-03 1.158E-08 2.44E-05
5.370E-01 5.957E-03 5.957E-03 1.213E-08 2.50E-05
5.309E-01 6.266E-03 6.266E-03 1.270E-08 2.55E-05
5.248E-01 6.584E-03 6.584E-03 1.330E-08 2.61E-05
5.188E-01 6.913E-03 6.913E-03 1.393E-08 2.66E-05
5.129E-01 7.252E-03 7.252E-03 1.459E-08 2.72E-05
5.070E-01 7.603E-03 7.603E-03 1.529E-08 2.78E-05
5.012E-01 7.966E-03 7.966E-03 1.602E-08 2.84E-05
4.955E-01 8.340E-03 8.340E-03 1.679E-08 2.90E-05
4.898E-01 8.727E-03 8.727E-03 1.759E-08 2.97E-05
4.842E-01 9.126E-03 9.126E-03 1.844E-08 3.03E-05
4.786E-01 9.538E-03 9.538E-03 1.932E-08 3.09E-05
4.732E-01 9.963E-03 9.963E-03 2.025E-08 3.16E-05
4.677E-01 1.040E-02 1.040E-02 2.122E-08 3.22E-05
4.624E-01 1.085E-02 1.085E-02 2.225E-08 3.29E-05
4.571E-01 1.132E-02 1.132E-02 2.332E-08 3.35E-05
4.519E-01 1.180E-02 1.180E-02 2.445E-08 3.42E-05
4.467E-01 1.229E-02 1.229E-02 2.564E-08 3.49E-05
4.416E-01 1.280E-02 1.280E-02 2.689E-08 3.56E-05
4.365E-01 1.332E-02 1.332E-02 2.820E-08 3.62E-05
4.315E-01 1.386E-02 1.386E-02 2.957E-08 3.69E-05
4.266E-01 1.441E-02 1.441E-02 3.101E-08 3.76E-05
4.217E-01 1.498E-02 1.498E-02 3.251E-08 3.82E-05
4.169E-01 1.556E-02 1.556E-02 3.410E-08 3.89E-05
4.121E-01 1.616E-02 1.616E-02 3.575E-08 3.96E-05
4.074E-01 1.678E-02 1.678E-02 3.750E-08 4.03E-05
4.027E-01 1.741E-02 1.741E-02 3.933E-08 4.10E-05
3.981E-01 1.805E-02 1.805E-02 4.124E-08 4.17E-05
3.935E-01 1.871E-02 1.871E-02 4.326E-08 4.24E-05
3.890E-01 1.939E-02 1.939E-02 4.537E-08 4.31E-05
3.846E-01 2.009E-02 2.009E-02 4.759E-08 4.38E-05
3.802E-01 2.080E-02 2.080E-02 4.992E-08 4.45E-05
3.758E-01 2.152E-02 2.152E-02 5.238E-08 4.52E-05
3.715E-01 2.227E-02 2.227E-02 5.498E-08 4.59E-05
3.673E-01 2.303E-02 2.303E-02 5.773E-08 4.67E-05
3.631E-01 2.381E-02 2.381E-02 6.065E-08 4.74E-05
3.589E-01 2.460E-02 2.460E-02 6.374E-08 4.82E-05
3.548E-01 2.541E-02 2.541E-02 6.703E-08 4.89E-05
3.508E-01 2.624E-02 2.624E-02 7.052E-08 4.97E-05
3.467E-01 2.708E-02 2.708E-02 7.423E-08 5.04E-05
3.428E-01 2.795E-02 2.795E-02 7.818E-08 5.10E-05
3.388E-01 2.883E-02 2.883E-02 8.240E-08 5.16E-05
3.350E-01 2.972E-02 2.972E-02 8.690E-08 5.20E-05
3.311E-01 3.064E-02 3.064E-02 9.170E-08 5.24E-05
3.273E-01 3.157E-02 3.157E-02 9.683E-08 5.27E-05
3.236E-01 3.252E-02 3.252E-02 1.024E-07 5.28E-05
3.199E-01 3.348E-02 3.348E-02 1.083E-07 5.27E-05
3.162E-01 3.447E-02 3.447E-02 1.146E-07 5.24E-05
3.126E-01 3.547E-02 3.547E-02 1.213E-07 5.20E-05
3.090E-01 3.648E-02 3.648E-02 1.284E-07 5.13E-05
3.055E-01 3.752E-02 3.752E-02 1.361E-07 5.04E-05
3.020E-01 3.847E-02 3.847E-02 1.442E-07 4.92E-05
2.985E-01 3.917E-02 3.916E-02 1.530E-07 4.78E-05
2.951E-01 3.992E-02 3.992E-02 1.624E-07 4.60E-05
2.917E-01 4.075E-02 4.075E-02 1.725E-07 4.39E-05
2.884E-01 4.166E-02 4.166E-02 1.836E-07 4.15E-05
2.851E-01 4.265E-02 4.265E-02 1.956E-07 3.86E-05
2.818E-01 4.374E-02 4.374E-02 2.096E-07 3.46E-05
2.786E-01 4.495E-02 4.495E-02 2.245E-07 3.05E-05
2.754E-01 4.628E-02 4.628E-02 2.405E-07 2.64E-05
2.723E-01 4.777E-02 4.777E-02 2.580E-07 2.24E-05
2.692E-01 4.942E-02 4.942E-02 2.773E-07 1.84E-05
2.661E-01 5.127E-02 5.127E-02 2.986E-07 1.48E-05
2.630E-01 5.334E-02 5.334E-02 3.225E-07 1.15E-05
2.600E-01 5.567E-02 5.567E-02 3.497E-07 8.61E-06
2.570E-01 5.829E-02 5.829E-02 3.803E-07 6.35E-06
2.541E-01 6.125E-02 6.125E-02 4.138E-07 4.81E-06
2.512E-01 6.458E-02 6.458E-02 4.517E-07 3.89E-06
2.483E-01 6.835E-02 6.834E-02 4.949E-07 3.53E-06
2.455E-01 7.258E-02 7.258E-02 5.441E-07 3.70E-06
2.427E-01 7.732E-02 7.732E-02 6.009E-07 4.47E-06
2.399E-01 8.258E-02 8.258E-02 6.665E-07 5.86E-06
2.371E-01 8.835E-02 8.835E-02 7.380E-07 7.96E-06
2.344E-01 9.455E-02 9.455E-02 8.142E-07 1.05E-05
2.317E-01 1.010E-01 1.010E-01 8.941E-07 1.33E-05
2.291E-01 1.075E-01 1.075E-01 9.760E-07 1.61E-05
2.265E-01 1.137E-01 1.137E-01 1.060E-06 1.91E-05
2.239E-01 1.190E-01 1.190E-01 1.148E-06 2.23E-05
2.213E-01 1.231E-01 1.231E-01 1.240E-06 2.56E-05
2.188E-01 1.254E-01 1.254E-01 1.313E-06 2.94E-05
2.163E-01 1.256E-01 1.256E-01 1.348E-06 3.36E-05
2.138E-01 1.239E-01 1.239E-01 1.344E-06 3.81E-05
2.113E-01 1.203E-01 1.203E-01 1.316E-06 4.26E-05
2.089E-01 1.153E-01 1.153E-01 1.266E-06 4.72E-05
2.065E-01 1.095E-01 1.095E-01 1.200E-06 5.19E-05
2.042E-01 1.033E-01 1.033E-01 1.120E-06 5.67E-05
2.018E-01 9.705E-02 9.705E-02 1.032E-06 6.17E-05
1.995E-01 9.105E-02 9.105E-02 9.406E-07 6.69E-05
1.972E-01 8.546E-02 8.546E-02 8.502E-07 7.21E-05
1.950E-01 8.037E-02 8.037E-02 7.644E-07 7.75E-05
1.928E-01 7.580E-02 7.580E-02 6.853E-07 8.31E-05
1.905E-01 7.173E-02 7.173E-02 6.138E-07 8.88E-05
1.884E-01 6.814E-02 6.814E-02 5.485E-07 9.48E-05
1.862E-01 6.498E-02 6.498E-02 4.918E-07 1.01E-04
1.841E-01 6.220E-02 6.220E-02 4.434E-07 1.07E-04
1.820E-01 5.977E-02 5.977E-02 4.022E-07 1.14E-04
1.799E-01 5.764E-02 5.764E-02 3.674E-07 1.21E-04
1.778E-01 5.577E-02 5.577E-02 3.389E-07 1.28E-04
1.758E-01 5.413E-02 5.413E-02 3.154E-07 1.36E-04
1.738E-01 5.269E-02 5.269E-02 2.963E-07 1.43E-04
1.718E-01 5.142E-02 5.142E-02 2.812E-07 1.51E-04
1.698E-01 5.031E-02 5.031E-02 2.700E-07 1.59E-04
1.679E-01 4.934E-02 4.934E-02 2.626E-07 1.67E-04
1.660E-01 4.854E-02 4.854E-02 2.590E-07 1.75E-04
1.641E-01 4.789E-02 4.789E-02 2.594E-07 1.82E-04
1.622E-01 4.738E-02 4.738E-02 2.636E-07 1.90E-04
1.603E-01 4.701E-02 4.701E-02 2.716E-07 1.98E-04
1.585E-01 4.677E-02 4.677E-02 2.836E-07 2.06E-04
1.567E-01 4.666E-02 4.666E-02 2.990E-07 2.14E-04
1.549E-01 4.666E-02 4.666E-02 3.179E-07 2.22E-04
1.531E-01 4.679E-02 4.679E-02 3.404E-07 2.30E-04
1.514E-01 4.703E-02 4.703E-02 3.667E-07 2.39E-04
1.496E-01 4.739E-02 4.739E-02 3.973E-07 2.47E-04
1.479E-01 4.787E-02 4.787E-02 4.326E-07 2.56E-04
1.462E-01 4.847E-02 4.847E-02 4.732E-07 2.65E-04
1.445E-01 4.918E-02 4.918E-02 5.197E-07 2.74E-04
1.429E-01 5.002E-02 5.002E-02 5.722E-07 2.82E-04
1.413E-01 5.098E-02 5.098E-02 6.308E-07 2.92E-04
1.396E-01 5.207E-02 5.207E-02 6.951E-07 3.01E-04
1.380E-01 5.329E-02 5.328E-02 7.652E-07 3.11E-04
1.365E-01 5.463E-02 5.463E-02 8.429E-07 3.21E-04
1.349E-01 5.612E-02 5.612E-02 9.301E-07 3.32E-04
1.334E-01 5.775E-02 5.774E-02 1.027E-06 3.43E-04
1.318E-01 5.952E-02 5.952E-02 1.135E-06 3.56E-04
1.303E-01 6.144E-02 6.144E-02 1.255E-06 3.69E-04
1.288E-01 6.475E-02 6.475E-02 1.389E-06 3.83E-04
1.274E-01 6.727E-02 6.727E-02 1.536E-06 3.98E-04
1.259E-01 6.991E-02 6.990E-02 1.699E-06 4.14E-04
1.245E-01 7.266E-02 7.266E-02 1.879E-06 4.31E-04
1.230E-01 7.553E-02 7.553E-02 2.077E-06 4.48E-04
1.216E-01 7.851E-02 7.851E-02 2.294E-06 4.65E-04
1.202E-01 8.160E-02 8.159E-02 2.531E-06 4.82E-04
1.189E-01 8.479E-02 8.479E-02 2.791E-06 4.99E-04
1.175E-01 8.808E-02 8.808E-02 3.072E-06 5.14E-04
1.161E-01 9.147E-02 9.147E-02 3.384E-06 5.29E-04
1.148E-01 9.495E-02 9.495E-02 3.744E-06 5.42E-04
1.135E-01 9.852E-02 9.852E-02 4.226E-06 5.58E-04
1.122E-01 1.022E-01 1.022E-01 4.738E-06 5.59E-04
1.109E-01 1.059E-01 1.059E-01 5.299E-06 5.42E-04
1.096E-01 1.097E-01 1.097E-01 5.922E-06 4.95E-04
1.084E-01 1.136E-01 1.136E-01 6.687E-06 4.42E-04
1.072E-01 1.175E-01 1.175E-01 7.571E-06 4.05E-04
1.059E-01 1.215E-01 1.215E-01 8.429E-06 3.95E-04
1.047E-01 1.255E-01 1.255E-01 9.254E-06 3.97E-04
1.035E-01 1.296E-01 1.296E-01 1.005E-05 3.99E-04
1.023E-01 1.336E-01 1.336E-01 1.081E-05 4.00E-04
1.012E-01 1.377E-01 1.377E-01 1.166E-05 3.95E-04
1.000E-01 1.422E-01 1.422E-01 1.261E-05 3.85E-04
9.886E-02 1.454E-01 1.454E-01 1.387E-05 3.69E-04
9.772E-02 1.487E-01 1.487E-01 1.531E-05 3.52E-04
9.661E-02 1.522E-01 1.522E-01 1.674E-05 3.43E-04
9.550E-02 1.559E-01 1.559E-01 1.806E-05 3.39E-04
9.441E-02 1.598E-01 1.598E-01 1.905E-05 3.40E-04
9.333E-02 1.639E-01 1.639E-01 1.984E-05 3.45E-04
9.226E-02 1.683E-01 1.682E-01 2.071E-05 3.49E-04
9.120E-02 1.729E-01 1.729E-01 2.155E-05 3.54E-04
9.016E-02 1.779E-01 1.779E-01 2.207E-05 3.66E-04
8.913E-02 1.833E-01 1.833E-01 2.263E-05 3.76E-04
8.810E-02 1.892E-01 1.892E-01 2.358E-05 3.79E-04
8.710E-02 1.956E-01 1.956E-01 2.507E-05 3.73E-04
8.610E-02 2.027E-01 2.027E-01 2.686E-05 3.65E-04
8.511E-02 2.105E-01 2.105E-01 2.896E-05 3.56E-04
8.414E-02 2.191E-01 2.191E-01 3.141E-05 3.46E-04
8.318E-02 2.288E-01 2.287E-01 3.423E-05 3.37E-04
8.222E-02 2.396E-01 2.395E-01 3.735E-05 3.32E-04
8.128E-02 2.516E-01 2.516E-01 4.071E-05 3.32E-04
8.035E-02 2.652E-01 2.651E-01 4.440E-05 3.34E-04
7.943E-02 2.802E-01 2.802E-01 4.837E-05 3.40E-04
7.852E-02 2.968E-01 2.968E-01 5.251E-05 3.49E-04
7.762E-02 3.149E-01 3.148E-01 5.663E-05 3.63E-04
7.674E-02 3.340E-01 3.340E-01 6.049E-05 3.77E-04
7.586E-02 3.535E-01 3.535E-01 6.416E-05 3.93E-04
7.499E-02 3.723E-01 3.722E-01 6.753E-05 4.10E-04
7.413E-02 3.888E-01 3.887E-01 7.047E-05 4.28E-04
7.328E-02 4.014E-01 4.013E-01 7.290E-05 4.47E-04
7.244E-02 4.087E-01 4.087E-01 7.526E-05 4.66E-04
7.161E-02 4.100E-01 4.099E-01 7.741E-05 4.85E-04
7.079E-02 4.054E-01 4.054E-01 7.891E-05 5.05E-04
6.998E-02 3.961E-01 3.960E-01 7.967E-05 5.27E-04
6.918E-02 3.836E-01 3.835E-01 7.964E-05 5.49E-04
6.839E-02 3.694E-01 3.693E-01 7.800E-05 5.74E-04
6.761E-02 3.551E-01 3.550E-01 7.535E-05 6.00E-04
6.683E-02 3.414E-01 3.413E-01 7.235E-05 6.27E-04
6.607E-02 3.291E-01 3.290E-01 6.911E-05 6.54E-04
6.531E-02 3.156E-01 3.155E-01 6.572E-05 6.81E-04
6.457E-02 3.019E-01 3.018E-01 6.326E-05 7.06E-04
6.383E-02 2.881E-01 2.880E-01 6.120E-05 7.31E-04
6.310E-02 2.741E-01 2.740E-01 5.945E-05 7.57E-04
6.237E-02 2.600E-01 2.599E-01 5.799E-05 7.82E-04
6.166E-02 2.457E-01 2.457E-01 5.701E-05 8.08E-04
6.095E-02 2.313E-01 2.312E-01 5.637E-05 8.34E-04
6.026E-02 2.167E-01 2.166E-01 5.582E-05 8.61E-04
5.957E-02 2.019E-01 2.019E-01 5.538E-05 8.89E-04
5.888E-02 1.870E-01 1.869E-01 5.496E-05 9.17E-04
5.821E-02 1.719E-01 1.718E-01 5.414E-05 9.45E-04
5.754E-02 1.637E-01 1.637E-01 5.326E-05 9.74E-04
5.689E-02 1.578E-01 1.578E-01 5.231E-05 1.00E-03
5.623E-02 1.517E-01 1.516E-01 5.125E-05 1.03E-03
5.559E-02 1.452E-01 1.451E-01 4.991E-05 1.06E-03
5.495E-02 1.388E-01 1.388E-01 4.856E-05 1.10E-03
5.433E-02 1.326E-01 1.326E-01 4.717E-05 1.13E-03
5.370E-02 1.269E-01 1.268E-01 4.581E-05 1.16E-03
5.309E-02 1.219E-01 1.219E-01 4.462E-05 1.19E-03
5.248E-02 1.174E-01 1.173E-01 4.349E-05 1.23E-03
5.188E-02 1.131E-01 1.130E-01 4.242E-05 1.26E-03
5.129E-02 1.090E-01 1.090E-01 4.145E-05 1.30E-03
5.070E-02 1.051E-01 1.051E-01 4.058E-05 1.33E-03
5.012E-02 1.014E-01 1.014E-01 3.977E-05 1.37E-03
4.955E-02 9.790E-02 9.786E-02 3.902E-05 1.41E-03
4.898E-02 9.459E-02 9.455E-02 3.833E-05 1.45E-03
4.842E-02 9.137E-02 9.133E-02 3.763E-05 1.49E-03
4.786E-02 8.822E-02 8.818E-02 3.692E-05 1.53E-03
4.732E-02 8.489E-02 8.485E-02 3.610E-05 1.57E-03
4.677E-02 8.157E-02 8.153E-02 3.525E-05 1.61E-03
4.624E-02 7.839E-02 7.835E-02 3.440E-05 1.65E-03
4.571E-02 7.560E-02 7.557E-02 3.363E-05 1.70E-03
4.519E-02 7.331E-02 7.327E-02 3.296E-05 1.74E-03
4.467E-02 7.110E-02 7.107E-02 3.227E-05 1.79E-03
4.416E-02 6.879E-02 6.876E-02 3.152E-05 1.84E-03
4.365E-02 6.593E-02 6.590E-02 3.061E-05 1.89E-03
4.315E-02 6.320E-02 6.317E-02 2.968E-05 1.94E-03
4.266E-02 6.078E-02 6.075E-02 2.873E-05 1.99E-03
4.217E-02 5.925E-02 5.922E-02 2.780E-05 2.04E-03
4.169E-02 5.807E-02 5.805E-02 2.692E-05 2.10E-03
4.121E-02 5.720E-02 5.718E-02 2.614E-05 2.15E-03
4.074E-02 5.638E-02 5.635E-02 2.554E-05 2.21E-03
4.027E-02 5.574E-02 5.572E-02 2.504E-05 2.26E-03
3.981E-02 5.528E-02 5.525E-02 2.462E-05 2.32E-03
3.935E-02 5.499E-02 5.496E-02 2.425E-05 2.38E-03
3.890E-02 5.492E-02 5.489E-02 2.398E-05 2.44E-03
3.846E-02 5.509E-02 5.507E-02 2.377E-05 2.51E-03
3.802E-02 5.557E-02 5.555E-02 2.376E-05 2.57E-03
3.758E-02 5.638E-02 5.635E-02 2.401E-05 2.63E-03
3.715E-02 5.811E-02 5.808E-02 2.496E-05 2.70E-03
3.673E-02 5.963E-02 5.961E-02 2.615E-05 2.76E-03
3.631E-02 6.032E-02 6.030E-02 2.740E-05 2.83E-03
3.589E-02 5.958E-02 5.955E-02 2.832E-05 2.89E-03
3.548E-02 5.826E-02 5.824E-02 2.908E-05 2.96E-03
3.508E-02 5.708E-02 5.705E-02 2.952E-05 3.03E-03
3.467E-02 5.594E-02 5.591E-02 2.980E-05 3.11E-03
3.428E-02 5.480E-02 5.477E-02 2.999E-05 3.18E-03
3.388E-02 5.368E-02 5.365E-02 3.021E-05 3.26E-03
3.350E-02 5.257E-02 5.254E-02 3.040E-05 3.34E-03
3.311E-02 5.148E-02 5.145E-02 3.058E-05 3.42E-03
3.273E-02 5.041E-02 5.038E-02 3.073E-05 3.50E-03
3.236E-02 4.934E-02 4.931E-02 3.086E-05 3.59E-03
3.199E-02 4.829E-02 4.826E-02 3.098E-05 3.67E-03
3.162E-02 4.726E-02 4.723E-02 3.108E-05 3.76E-03
3.126E-02 4.624E-02 4.621E-02 3.118E-05 3.86E-03
3.090E-02 4.524E-02 4.521E-02 3.127E-05 3.95E-03
3.055E-02 4.426E-02 4.422E-02 3.135E-05 4.05E-03
3.020E-02 4.328E-02 4.325E-02 3.142E-05 4.14E-03
2.985E-02 4.232E-02 4.229E-02 3.148E-05 4.25E-03
2.951E-02 4.138E-02 4.135E-02 3.153E-05 4.35E-03
2.917E-02 4.046E-02 4.043E-02 3.158E-05 4.45E-03
2.884E-02 3.956E-02 3.953E-02 3.162E-05 4.56E-03
2.851E-02 3.867E-02 3.864E-02 3.165E-05 4.67E-03
2.818E-02 3.781E-02 3.778E-02 3.168E-05 4.79E-03
2.786E-02 3.697E-02 3.694E-02 3.171E-05 4.90E-03
2.754E-02 3.614E-02 3.611E-02 3.175E-05 5.02E-03
2.723E-02 3.533E-02 3.530E-02 3.177E-05 5.14E-03
2.692E-02 3.454E-02 3.451E-02 3.180E-05 5.27E-03
2.661E-02 3.376E-02 3.373E-02 3.183E-05 5.40E-03
2.630E-02 3.300E-02 3.297E-02 3.184E-05 5.53E-03
2.600E-02 3.225E-02 3.222E-02 3.186E-05 5.66E-03
2.570E-02 3.152E-02 3.148E-02 3.187E-05 5.80E-03
2.541E-02 3.079E-02 3.076E-02 3.187E-05 5.94E-03
2.512E-02 3.008E-02 3.005E-02 3.187E-05 6.08E-03
2.483E-02 2.939E-02 2.936E-02 3.186E-05 6.23E-03
2.455E-02 2.871E-02 2.868E-02 3.186E-05 6.38E-03
2.427E-02 2.805E-02 2.801E-02 3.186E-05 6.54E-03
2.399E-02 2.740E-02 2.737E-02 3.185E-05 6.69E-03
2.371E-02 2.677E-02 2.674E-02 3.185E-05 6.85E-03
2.344E-02 2.615E-02 2.612E-02 3.185E-05 7.02E-03
2.317E-02 2.554E-02 2.551E-02 3.184E-05 7.19E-03
2.291E-02 2.495E-02 2.492E-02 3.183E-05 7.36E-03
2.265E-02 2.437E-02 2.433E-02 3.182E-05 7.54E-03
2.239E-02 2.380E-02 2.376E-02 3.181E-05 7.72E-03
2.213E-02 2.324E-02 2.321E-02 3.180E-05 7.91E-03
2.188E-02 2.270E-02 2.266E-02 3.178E-05 8.10E-03
2.163E-02 2.216E-02 2.213E-02 3.176E-05 8.29E-03
2.138E-02 2.165E-02 2.162E-02 3.174E-05 8.49E-03
2.113E-02 2.114E-02 2.111E-02 3.173E-05 8.70E-03
2.089E-02 2.064E-02 2.061E-02 3.170E-05 8.90E-03
2.065E-02 2.015E-02 2.012E-02 3.167E-05 9.12E-03
2.042E-02 1.969E-02 1.965E-02 3.166E-05 9.34E-03
2.018E-02 1.923E-02 1.919E-02 3.165E-05 9.56E-03
1.995E-02 1.877E-02 1.874E-02 3.162E-05 9.79E-03
1.972E-02 1.832E-02 1.829E-02 3.158E-05 1.00E-02
1.950E-02 1.788E-02 1.785E-02 3.154E-05 1.03E-02
1.928E-02 1.744E-02 1.741E-02 3.150E-05 1.05E-02
1.905E-02 1.702E-02 1.699E-02 3.145E-05 1.08E-02
1.884E-02 1.661E-02 1.658E-02 3.142E-05 1.10E-02
1.862E-02 1.621E-02 1.618E-02 3.137E-05 1.13E-02
1.841E-02 1.582E-02 1.579E-02 3.133E-05 1.16E-02
1.820E-02 1.544E-02 1.541E-02 3.128E-05 1.18E-02
1.799E-02 1.507E-02 1.504E-02 3.123E-05 1.21E-02
1.778E-02 1.471E-02 1.468E-02 3.119E-05 1.24E-02
1.758E-02 1.436E-02 1.432E-02 3.115E-05 1.27E-02
1.738E-02 1.401E-02 1.398E-02 3.110E-05 1.30E-02
1.718E-02 1.367E-02 1.363E-02 3.105E-05 1.33E-02
1.698E-02 1.333E-02 1.330E-02 3.099E-05 1.36E-02
1.679E-02 1.301E-02 1.298E-02 3.094E-05 1.40E-02
1.660E-02 1.269E-02 1.266E-02 3.089E-05 1.43E-02
1.641E-02 1.238E-02 1.235E-02 3.083E-05 1.46E-02
1.622E-02 1.208E-02 1.205E-02 3.078E-05 1.50E-02
1.603E-02 1.178E-02 1.175E-02 3.071E-05 1.53E-02
1.585E-02 1.149E-02 1.146E-02 3.065E-05 1.57E-02
1.567E-02 1.121E-02 1.118E-02 3.058E-05 1.61E-02
1.549E-02 1.094E-02 1.091E-02 3.052E-05 1.65E-02
1.531E-02 1.067E-02 1.064E-02 3.045E-05 1.68E-02
1.514E-02 1.040E-02 1.037E-02 3.039E-05 1.72E-02
1.496E-02 1.014E-02 1.011E-02 3.031E-05 1.77E-02
1.479E-02 9.891E-03 9.861E-03 3.024E-05 1.81E-02
1.462E-02 9.646E-03 9.616E-03 3.017E-05 1.85E-02
1.445E-02 9.408E-03 9.377E-03 3.010E-05 1.90E-02
1.429E-02 9.174E-03 9.144E-03 3.002E-05 1.94E-02
1.413E-02 8.945E-03 8.915E-03 2.994E-05 1.99E-02
1.396E-02 8.723E-03 8.693E-03 2.986E-05 2.03E-02
1.380E-02 8.507E-03 8.477E-03 2.978E-05 2.08E-02
1.365E-02 8.296E-03 8.266E-03 2.970E-05 2.13E-02
1.349E-02 8.088E-03 8.058E-03 2.961E-05 2.18E-02
1.334E-02 7.885E-03 7.855E-03 2.952E-05 2.23E-02
1.318E-02 7.687E-03 7.658E-03 2.943E-05 2.29E-02
1.303E-02 7.495E-03 7.466E-03 2.934E-05 2.34E-02
1.288E-02 7.310E-03 7.281E-03 2.926E-05 2.40E-02
1.274E-02 7.127E-03 7.098E-03 2.916E-05 2.45E-02
1.259E-02 6.946E-03 6.917E-03 2.906E-05 2.51E-02
1.245E-02 6.768E-03 6.739E-03 2.896E-05 2.57E-02
1.230E-02 6.602E-03 6.573E-03 2.888E-05 2.63E-02
1.216E-02 6.440E-03 6.412E-03 2.880E-05 2.70E-02
1.202E-02 6.280E-03 6.251E-03 2.871E-05 2.76E-02
1.189E-02 6.122E-03 6.093E-03 2.860E-05 2.82E-02
1.175E-02 5.965E-03 5.936E-03 2.849E-05 2.89E-02
1.161E-02 5.811E-03 5.782E-03 2.837E-05 2.96E-02
1.148E-02 5.659E-03 5.631E-03 2.825E-05 3.03E-02
1.135E-02 5.511E-03 5.483E-03 2.812E-05 3.10E-02
1.122E-02 5.369E-03 5.341E-03 2.799E-05 3.18E-02
1.109E-02 5.231E-03 5.203E-03 2.787E-05 3.25E-02
1.096E-02 5.096E-03 5.069E-03 2.774E-05 3.33E-02
1.084E-02 4.965E-03 4.937E-03 2.761E-05 3.41E-02
1.072E-02 4.836E-03 4.808E-03 2.747E-05 3.49E-02
1.059E-02 4.711E-03 4.684E-03 2.733E-05 3.57E-02
1.047E-02 4.591E-03 4.563E-03 2.720E-05 3.66E-02
1.035E-02 4.475E-03 4.448E-03 2.707E-05 3.74E-02
1.023E-02 4.360E-03 4.333E-03 2.693E-05 3.83E-02
1.012E-02 4.247E-03 4.221E-03 2.679E-05 3.92E-02
1.000E-02 4.137E-03 4.110E-03 2.664E-05 4.02E-02
9.886E-03 4.028E-03 4.002E-03 2.649E-05 4.11E-02
9.772E-03 3.923E-03 3.897E-03 2.634E-05 4.21E-02
9.661E-03 3.822E-03 3.796E-03 2.619E-05 4.31E-02
9.550E-03 3.724E-03 3.698E-03 2.604E-05 4.41E-02
9.441E-03 3.628E-03 3.602E-03 2.588E-05 4.52E-02
9.333E-03 3.533E-03 3.507E-03 2.572E-05 4.62E-02
9.226E-03 3.440E-03 3.415E-03 2.555E-05 4.73E-02
9.120E-03 3.350E-03 3.324E-03 2.538E-05 4.85E-02
9.016E-03 3.262E-03 3.237E-03 2.521E-05 4.96E-02
8.913E-03 3.177E-03 3.152E-03 2.503E-05 5.08E-02
8.810E-03 3.095E-03 3.071E-03 2.486E-05 5.20E-02
8.710E-03 3.014E-03 2.990E-03 2.467E-05 5.33E-02
8.610E-03 2.935E-03 2.910E-03 2.448E-05 5.45E-02
8.511E-03 2.857E-03 2.833E-03 2.429E-05 5.58E-02
8.414E-03 2.782E-03 2.758E-03 2.409E-05 5.71E-02
8.318E-03 2.710E-03 2.686E-03 2.389E-05 5.85E-02
8.222E-03 2.639E-03 2.615E-03 2.369E-05 5.99E-02
8.128E-03 2.569E-03 2.546E-03 2.349E-05 6.13E-02
8.035E-03 2.501E-03 2.478E-03 2.327E-05 6.28E-02
7.943E-03 2.435E-03 2.412E-03 2.305E-05 6.43E-02
7.852E-03 2.370E-03 2.347E-03 2.283E-05 6.58E-02
7.762E-03 2.308E-03 2.285E-03 2.261E-05 6.74E-02
7.674E-03 2.246E-03 2.224E-03 2.237E-05 6.90E-02
7.586E-03 2.185E-03 2.163E-03 2.213E-05 7.06E-02
7.499E-03 2.127E-03 2.105E-03 2.189E-05 7.23E-02
7.413E-03 2.070E-03 2.049E-03 2.164E-05 7.40E-02
7.328E-03 2.016E-03 1.995E-03 2.140E-05 7.58E-02
7.244E-03 1.963E-03 1.942E-03 2.115E-05 7.76E-02
7.161E-03 1.911E-03 1.890E-03 2.089E-05 7.95E-02
7.079E-03 1.861E-03 1.840E-03 2.063E-05 8.14E-02
6.998E-03 1.811E-03 1.791E-03 2.036E-05 8.33E-02
6.918E-03 1.762E-03 1.742E-03 2.009E-05 8.53E-02
6.839E-03 1.716E-03 1.696E-03 1.981E-05 8.73E-02
6.761E-03 1.670E-03 1.651E-03 1.952E-05 8.94E-02
6.683E-03 1.625E-03 1.606E-03 1.922E-05 9.16E-02
6.607E-03 1.581E-03 1.562E-03 1.891E-05 9.37E-02
6.531E-03 1.538E-03 1.520E-03 1.859E-05 9.60E-02
6.457E-03 1.497E-03 1.479E-03 1.828E-05 9.83E-02
6.383E-03 1.457E-03 1.439E-03 1.796E-05 1.01E-01
6.310E-03 1.417E-03 1.400E-03 1.762E-05 1.03E-01
6.237E-03 1.378E-03 1.361E-03 1.727E-05 1.05E-01
6.166E-03 1.342E-03 1.325E-03 1.693E-05 1.08E-01
6.095E-03 1.307E-03 1.290E-03 1.659E-05 1.11E-01
6.026E-03 1.272E-03 1.256E-03 1.623E-05 1.13E-01
5.957E-03 1.238E-03 1.222E-03 1.586E-05 1.16E-01
5.888E-03 1.204E-03 1.189E-03 1.546E-05 1.19E-01
5.821E-03 1.171E-03 1.156E-03 1.505E-05 1.22E-01
5.754E-03 1.138E-03 1.124E-03 1.462E-05 1.24E-01
5.689E-03 1.106E-03 1.092E-03 1.417E-05 1.27E-01
5.623E-03 1.075E-03 1.062E-03 1.372E-05 1.31E-01
5.559E-03 1.046E-03 1.033E-03 1.327E-05 1.34E-01
5.495E-03 1.017E-03 1.004E-03 1.281E-05 1.37E-01
5.433E-03 9.886E-04 9.762E-04 1.231E-05 1.40E-01
5.370E-03 9.609E-04 9.492E-04 1.179E-05 1.43E-01
5.309E-03 9.342E-04 9.229E-04 1.125E-05 1.47E-01
5.248E-03 9.083E-04 8.976E-04 1.069E-05 1.50E-01
5.188E-03 8.835E-04 8.734E-04 1.010E-05 1.54E-01
5.129E-03 8.594E-04 8.496E-04 9.752E-06 1.58E-01
5.070E-03 8.354E-04 8.260E-04 9.409E-06 1.62E-01
5.012E-03 8.119E-04 8.030E-04 8.889E-06 1.65E-01
4.955E-03 7.888E-04 7.806E-04 8.193E-06 1.69E-01
4.898E-03 7.663E-04 7.589E-04 7.330E-06 1.73E-01
4.842E-03 7.444E-04 7.381E-04 6.321E-06 1.78E-01
4.786E-03 7.233E-04 7.181E-04 5.195E-06 1.82E-01
4.732E-03 7.016E-04 6.980E-04 3.599E-06 1.86E-01
4.677E-03 6.800E-04 6.781E-04 1.902E-06 1.91E-01
4.624E-03 6.594E-04 6.588E-04 5.925E-07 1.95E-01
4.571E-03 6.404E-04 6.403E-04 6.691E-08 2.63E-01
4.519E-03 6.233E-04 6.225E-04 8.694E-07 2.05E-01
4.467E-03 6.093E-04 6.057E-04 3.657E-06 2.10E-01
4.416E-03 1.341E-02 1.338E-02 2.773E-05 2.15E-01
4.365E-03 1.314E-02 1.312E-02 2.479E-05 2.20E-01
4.315E-03 1.288E-02 1.285E-02 2.250E-05 2.25E-01
4.266E-03 1.262E-02 1.259E-02 2.210E-05 2.31E-01
4.217E-03 1.236E-02 1.233E-02 2.311E-05 2.36E-01
4.169E-03 1.210E-02 1.207E-02 2.506E-05 2.41E-01
4.121E-03 1.184E-02 1.182E-02 2.716E-05 2.47E-01
4.074E-03 1.159E-02 1.156E-02 2.843E-05 2.53E-01
4.027E-03 1.134E-02 1.131E-02 2.949E-05 2.59E-01
3.981E-03 1.109E-02 1.106E-02 3.022E-05 2.65E-01
3.935E-03 1.084E-02 1.081E-02 3.049E-05 2.71E-01
3.890E-03 1.060E-02 1.057E-02 3.018E-05 2.77E-01
3.846E-03 1.036E-02 1.033E-02 3.015E-05 2.84E-01
3.802E-03 1.012E-02 1.009E-02 3.048E-05 2.91E-01
3.758E-03 9.890E-03 9.859E-03 3.075E-05 2.97E-01
3.715E-03 9.659E-03 9.628E-03 3.095E-05 3.04E-01
3.673E-03 9.432E-03 9.401E-03 3.105E-05 3.11E-01
3.631E-03 9.210E-03 9.179E-03 3.110E-05 3.18E-01
3.589E-03 8.991E-03 8.960E-03 3.118E-05 3.26E-01
3.548E-03 8.775E-03 8.744E-03 3.121E-05 3.33E-01
3.508E-03 8.563E-03 8.532E-03 3.120E-05 3.40E-01
3.467E-03 8.355E-03 8.324E-03 3.115E-05 3.48E-01
3.428E-03 8.151E-03 8.120E-03 3.106E-05 3.56E-01
3.388E-03 7.950E-03 7.919E-03 3.096E-05 3.64E-01
3.350E-03 7.752E-03 7.721E-03 3.084E-05 3.72E-01
3.311E-03 7.558E-03 7.527E-03 3.068E-05 3.80E-01
3.273E-03 7.368E-03 7.337E-03 3.050E-05 3.89E-01
3.236E-03 7.185E-03 7.154E-03 3.028E-05 3.97E-01
3.199E-03 7.004E-03 6.973E-03 3.006E-05 4.06E-01
3.162E-03 6.824E-03 6.794E-03 2.982E-05 4.14E-01
3.126E-03 6.646E-03 6.616E-03 2.957E-05 4.23E-01
3.090E-03 6.475E-03 6.445E-03 2.930E-05 4.32E-01
3.055E-03 6.317E-03 6.288E-03 2.903E-05 4.41E-01
3.020E-03 6.160E-03 6.131E-03 2.875E-05 4.50E-01
2.985E-03 6.002E-03 5.974E-03 2.846E-05 4.59E-01
2.951E-03 5.846E-03 5.818E-03 2.815E-05 4.69E-01
2.917E-03 5.690E-03 5.662E-03 2.784E-05 4.78E-01
2.884E-03 5.536E-03 5.508E-03 2.751E-05 4.88E-01
2.851E-03 5.383E-03 5.356E-03 2.718E-05 4.97E-01
2.818E-03 5.233E-03 5.206E-03 2.683E-05 5.07E-01
2.786E-03 5.085E-03 5.059E-03 2.648E-05 5.16E-01
2.754E-03 4.941E-03 4.915E-03 2.612E-05 5.26E-01
2.723E-03 4.806E-03 4.780E-03 2.575E-05 5.35E-01
2.692E-03 4.673E-03 4.648E-03 2.537E-05 5.45E-01
2.661E-03 4.542E-03 4.517E-03 2.499E-05 5.55E-01
2.630E-03 4.414E-03 4.390E-03 2.460E-05 5.64E-01
2.600E-03 4.290E-03 4.265E-03 2.421E-05 5.74E-01
2.570E-03 4.168E-03 4.144E-03 2.381E-05 5.83E-01
2.541E-03 4.051E-03 4.028E-03 2.342E-05 5.93E-01
2.512E-03 3.938E-03 3.915E-03 2.302E-05 6.02E-01
2.483E-03 3.831E-03 3.808E-03 2.262E-05 6.11E-01
2.455E-03 3.723E-03 3.701E-03 2.224E-05 6.20E-01
2.427E-03 3.617E-03 3.595E-03 2.186E-05 6.29E-01
2.399E-03 3.512E-03 3.491E-03 2.148E-05 6.38E-01
2.371E-03 3.410E-03 3.389E-03 2.111E-05 6.47E-01
2.344E-03 3.311E-03 3.291E-03 2.074E-05 6.55E-01
2.317E-03 3.215E-03 3.195E-03 2.037E-05 6.63E-01
2.291E-03 3.123E-03 3.103E-03 2.001E-05 6.71E-01
2.265E-03 3.035E-03 3.015E-03 1.966E-05 6.79E-01
2.239E-03 2.948E-03 2.929E-03 1.931E-05 6.87E-01
2.213E-03 2.862E-03 2.843E-03 1.897E-05 6.94E-01
2.188E-03 2.778E-03 2.759E-03 1.863E-05 7.01E-01
2.163E-03 2.695E-03 2.677E-03 1.829E-05 7.08E-01
2.138E-03 2.615E-03 2.597E-03 1.796E-05 7.14E-01
2.113E-03 2.538E-03 2.520E-03 1.763E-05 7.20E-01
2.089E-03 2.464E-03 2.446E-03 1.732E-05 7.26E-01
2.065E-03 2.393E-03 2.376E-03 1.701E-05 7.32E-01
2.042E-03 2.322E-03 2.305E-03 1.670E-05 7.37E-01
2.018E-03 2.252E-03 2.236E-03 1.640E-05 7.42E-01
1.995E-03 2.185E-03 2.168E-03 1.610E-05 7.47E-01
1.972E-03 2.119E-03 2.103E-03 1.581E-05 7.51E-01
1.950E-03 2.055E-03 2.039E-03 1.553E-05 7.56E-01
1.928E-03 1.994E-03 1.978E-03 1.525E-05 7.60E-01
1.905E-03 1.935E-03 1.920E-03 1.497E-05 7.63E-01
1.884E-03 1.876E-03 1.862E-03 1.470E-05 7.67E-01
1.862E-03 1.819E-03 1.805E-03 1.443E-05 7.70E-01
1.841E-03 1.764E-03 1.749E-03 1.417E-05 7.73E-01
1.820E-03 1.710E-03 1.696E-03 1.391E-05 7.76E-01
1.799E-03 1.657E-03 1.644E-03 1.365E-05 7.79E-01
1.778E-03 1.607E-03 1.594E-03 1.340E-05 7.82E-01
1.758E-03 1.559E-03 1.546E-03 1.315E-05 7.84E-01
1.738E-03 1.511E-03 1.498E-03 1.291E-05 7.87E-01
1.718E-03 1.464E-03 1.452E-03 1.266E-05 7.89E-01
1.698E-03 1.419E-03 1.407E-03 1.242E-05 7.92E-01
1.679E-03 1.375E-03 1.363E-03 1.218E-05 7.94E-01
1.660E-03 1.333E-03 1.321E-03 1.195E-05 7.96E-01
1.641E-03 1.292E-03 1.281E-03 1.172E-05 7.99E-01
1.622E-03 1.252E-03 1.241E-03 1.150E-05 8.01E-01
1.603E-03 1.213E-03 1.202E-03 1.127E-05 8.04E-01
1.585E-03 1.175E-03 1.164E-03 1.105E-05 8.06E-01
1.567E-03 1.139E-03 1.128E-03 1.083E-05 8.09E-01
1.549E-03 1.104E-03 1.093E-03 1.062E-05 8.12E-01
1.531E-03 1.069E-03 1.059E-03 1.041E-05 8.15E-01
1.514E-03 1.036E-03 1.026E-03 1.019E-05 8.18E-01
1.496E-03 1.003E-03 9.933E-04 9.983E-06 8.21E-01
1.479E-03 9.718E-04 9.620E-04 9.776E-06 8.24E-01
1.462E-03 9.415E-04 9.319E-04 9.573E-06 8.27E-01
1.445E-03 9.120E-04 9.026E-04 9.373E-06 8.31E-01
1.429E-03 8.831E-04 8.740E-04 9.175E-06 8.34E-01
1.413E-03 8.551E-04 8.461E-04 8.980E-06 8.38E-01
1.396E-03 8.280E-04 8.192E-04 8.789E-06 8.41E-01
1.380E-03 8.019E-04 7.933E-04 8.601E-06 8.45E-01
1.365E-03 7.766E-04 7.682E-04 8.417E-06 8.48E-01
1.349E-03 7.519E-04 7.437E-04 8.235E-06 8.52E-01
1.334E-03 7.280E-04 7.200E-04 8.055E-06 8.56E-01
1.318E-03 7.049E-04 6.970E-04 7.879E-06 8.59E-01
1.303E-03 6.828E-04 6.751E-04 7.708E-06 8.62E-01
1.288E-03 6.615E-04 6.540E-04 7.542E-06 8.66E-01
1.274E-03 6.406E-04 6.332E-04 7.375E-06 8.69E-01
1.259E-03 6.200E-04 6.128E-04 7.212E-06 8.72E-01
1.245E-03 5.999E-04 5.928E-04 7.050E-06 8.75E-01
1.230E-03 5.813E-04 5.744E-04 6.900E-06 8.78E-01
1.216E-03 5.634E-04 5.566E-04 6.755E-06 8.80E-01
1.202E-03 5.457E-04 5.391E-04 6.611E-06 8.83E-01
1.189E-03 5.283E-04 5.218E-04 6.468E-06 8.85E-01
1.175E-03 5.112E-04 5.048E-04 6.327E-06 8.87E-01
1.161E-03 4.944E-04 4.882E-04 6.187E-06 8.89E-01
1.148E-03 4.780E-04 4.720E-04 6.050E-06 8.90E-01
1.135E-03 4.621E-04 4.562E-04 5.916E-06 8.92E-01
1.122E-03 4.469E-04 4.411E-04 5.786E-06 8.94E-01
1.109E-03 4.324E-04 4.268E-04 5.660E-06 8.95E-01
1.096E-03 4.183E-04 4.128E-04 5.535E-06 8.96E-01
1.084E-03 4.046E-04 3.992E-04 5.413E-06 8.98E-01
1.072E-03 3.913E-04 3.860E-04 5.293E-06 8.99E-01
1.059E-03 3.786E-04 3.734E-04 5.176E-06 9.01E-01
1.047E-03 3.664E-04 3.613E-04 5.061E-06 9.02E-01
1.035E-03 3.548E-04 3.499E-04 4.952E-06 9.03E-01
1.023E-03 3.434E-04 3.386E-04 4.842E-06 9.05E-01
1.012E-03 3.322E-04 3.275E-04 4.734E-06 9.06E-01
