w(micron)   Q_ext     Q_abs     Q_sca    g=<cos>
1.000E+03 1.252E-08 1.252E-08 4.141E-19 0.00E+00
9.886E+02 1.280E-08 1.280E-08 4.336E-19 0.00E+00
9.772E+02 1.308E-08 1.308E-08 4.540E-19 0.00E+00
9.661E+02 1.337E-08 1.337E-08 4.754E-19 0.00E+00
9.550E+02 1.366E-08 1.366E-08 4.978E-19 0.00E+00
9.441E+02 1.397E-08 1.397E-08 5.213E-19 0.00E+00
9.333E+02 1.427E-08 1.427E-08 5.458E-19 0.00E+00
9.226E+02 1.459E-08 1.459E-08 5.715E-19 0.00E+00
9.120E+02 1.491E-08 1.491E-08 5.984E-19 0.00E+00
9.016E+02 1.524E-08 1.524E-08 6.266E-19 0.00E+00
8.913E+02 1.558E-08 1.558E-08 6.561E-19 0.00E+00
8.810E+02 1.592E-08 1.592E-08 6.870E-19 0.00E+00
8.710E+02 1.627E-08 1.627E-08 7.194E-19 0.00E+00
8.610E+02 1.663E-08 1.663E-08 7.532E-19 0.00E+00
8.511E+02 1.700E-08 1.700E-08 7.887E-19 0.00E+00
8.414E+02 1.737E-08 1.737E-08 8.258E-19 0.00E+00
8.318E+02 1.776E-08 1.776E-08 8.647E-19 0.00E+00
8.222E+02 1.815E-08 1.815E-08 9.054E-19 0.00E+00
8.128E+02 1.855E-08 1.855E-08 9.481E-19 0.00E+00
8.035E+02 1.896E-08 1.896E-08 9.927E-19 0.00E+00
7.943E+02 1.938E-08 1.938E-08 1.039E-18 0.00E+00
7.852E+02 1.981E-08 1.981E-08 1.088E-18 0.00E+00
7.762E+02 2.025E-08 2.025E-08 1.140E-18 0.00E+00
7.674E+02 2.070E-08 2.070E-08 1.193E-18 0.00E+00
7.586E+02 2.116E-08 2.116E-08 1.250E-18 0.00E+00
7.499E+02 2.163E-08 2.163E-08 1.308E-18 0.00E+00
7.413E+02 2.211E-08 2.211E-08 1.370E-18 0.00E+00
7.328E+02 2.260E-08 2.260E-08 1.435E-18 0.00E+00
7.244E+02 2.311E-08 2.311E-08 1.502E-18 0.00E+00
7.161E+02 2.362E-08 2.362E-08 1.573E-18 0.00E+00
7.079E+02 2.415E-08 2.415E-08 1.647E-18 0.00E+00
6.998E+02 2.468E-08 2.468E-08 1.724E-18 0.00E+00
6.918E+02 2.523E-08 2.523E-08 1.806E-18 0.00E+00
6.839E+02 2.580E-08 2.580E-08 1.891E-18 0.00E+00
6.761E+02 2.637E-08 2.637E-08 1.980E-18 0.00E+00
6.683E+02 2.696E-08 2.696E-08 2.073E-18 0.00E+00
6.607E+02 2.756E-08 2.756E-08 2.171E-18 0.00E+00
6.531E+02 2.818E-08 2.818E-08 2.273E-18 0.00E+00
6.457E+02 2.881E-08 2.881E-08 2.380E-18 0.00E+00
6.383E+02 2.945E-08 2.945E-08 2.492E-18 0.00E+00
6.310E+02 3.011E-08 3.011E-08 2.609E-18 0.00E+00
6.237E+02 3.078E-08 3.078E-08 2.732E-18 0.00E+00
6.166E+02 3.147E-08 3.147E-08 2.861E-18 0.00E+00
6.095E+02 3.218E-08 3.218E-08 2.996E-18 0.00E+00
6.026E+02 3.290E-08 3.290E-08 3.137E-18 0.00E+00
5.957E+02 3.363E-08 3.363E-08 3.284E-18 0.00E+00
5.888E+02 3.439E-08 3.439E-08 3.439E-18 0.00E+00
5.821E+02 3.516E-08 3.516E-08 3.601E-18 0.00E+00
5.754E+02 3.595E-08 3.595E-08 3.771E-18 0.00E+00
5.689E+02 3.676E-08 3.676E-08 3.948E-18 0.00E+00
5.623E+02 3.758E-08 3.758E-08 4.134E-18 0.00E+00
5.559E+02 3.843E-08 3.843E-08 4.329E-18 0.00E+00
5.495E+02 3.930E-08 3.930E-08 4.533E-18 0.00E+00
5.433E+02 4.018E-08 4.018E-08 4.746E-18 0.00E+00
5.370E+02 4.109E-08 4.109E-08 4.970E-18 0.00E+00
5.309E+02 4.201E-08 4.201E-08 5.204E-18 0.00E+00
5.248E+02 4.296E-08 4.296E-08 5.449E-18 0.00E+00
5.188E+02 4.393E-08 4.393E-08 5.705E-18 0.00E+00
5.129E+02 4.492E-08 4.492E-08 5.974E-18 0.00E+00
5.070E+02 4.594E-08 4.594E-08 6.255E-18 0.00E+00
5.012E+02 4.697E-08 4.697E-08 6.550E-18 0.00E+00
4.955E+02 4.804E-08 4.804E-08 6.858E-18 0.00E+00
4.898E+02 4.912E-08 4.912E-08 7.181E-18 0.00E+00
4.842E+02 5.024E-08 5.024E-08 7.520E-18 0.00E+00
4.786E+02 5.137E-08 5.137E-08 7.874E-18 0.00E+00
4.732E+02 5.254E-08 5.254E-08 8.245E-18 0.00E+00
4.677E+02 5.373E-08 5.373E-08 8.633E-18 0.00E+00
4.624E+02 5.495E-08 5.495E-08 9.039E-18 0.00E+00
4.571E+02 5.619E-08 5.619E-08 9.465E-18 0.00E+00
4.519E+02 5.747E-08 5.747E-08 9.911E-18 0.00E+00
4.467E+02 5.878E-08 5.878E-08 1.038E-17 0.00E+00
4.416E+02 6.011E-08 6.011E-08 1.087E-17 0.00E+00
4.365E+02 6.148E-08 6.148E-08 1.138E-17 0.00E+00
4.315E+02 6.288E-08 6.288E-08 1.191E-17 0.00E+00
4.266E+02 6.431E-08 6.431E-08 1.247E-17 0.00E+00
4.217E+02 6.578E-08 6.578E-08 1.306E-17 0.00E+00
4.169E+02 6.728E-08 6.728E-08 1.368E-17 0.00E+00
4.121E+02 6.881E-08 6.881E-08 1.432E-17 0.00E+00
4.074E+02 7.038E-08 7.038E-08 1.500E-17 0.00E+00
4.027E+02 7.199E-08 7.199E-08 1.570E-17 0.00E+00
3.981E+02 7.363E-08 7.363E-08 1.644E-17 0.00E+00
3.936E+02 7.531E-08 7.531E-08 1.722E-17 0.00E+00
3.890E+02 7.703E-08 7.703E-08 1.803E-17 0.00E+00
3.846E+02 7.880E-08 7.880E-08 1.888E-17 0.00E+00
3.802E+02 8.060E-08 8.060E-08 1.976E-17 0.00E+00
3.758E+02 8.244E-08 8.244E-08 2.070E-17 0.00E+00
3.715E+02 8.433E-08 8.433E-08 2.167E-17 0.00E+00
3.673E+02 8.626E-08 8.626E-08 2.269E-17 0.00E+00
3.631E+02 8.824E-08 8.824E-08 2.376E-17 0.00E+00
3.589E+02 9.026E-08 9.026E-08 2.488E-17 0.00E+00
3.548E+02 9.234E-08 9.234E-08 2.605E-17 0.00E+00
3.508E+02 9.446E-08 9.446E-08 2.728E-17 0.00E+00
3.467E+02 9.662E-08 9.662E-08 2.856E-17 0.00E+00
3.428E+02 9.884E-08 9.884E-08 2.990E-17 0.00E+00
3.388E+02 1.011E-07 1.011E-07 3.131E-17 0.00E+00
3.350E+02 1.034E-07 1.034E-07 3.279E-17 0.00E+00
3.311E+02 1.058E-07 1.058E-07 3.433E-17 0.00E+00
3.273E+02 1.083E-07 1.083E-07 3.595E-17 0.00E+00
3.236E+02 1.108E-07 1.108E-07 3.764E-17 0.00E+00
3.199E+02 1.133E-07 1.133E-07 3.941E-17 0.00E+00
3.162E+02 1.159E-07 1.159E-07 4.127E-17 0.00E+00
3.126E+02 1.186E-07 1.186E-07 4.321E-17 0.00E+00
3.090E+02 1.213E-07 1.213E-07 4.525E-17 0.00E+00
3.055E+02 1.241E-07 1.241E-07 4.738E-17 0.00E+00
3.020E+02 1.270E-07 1.270E-07 4.961E-17 0.00E+00
2.985E+02 1.299E-07 1.299E-07 5.194E-17 0.00E+00
2.951E+02 1.329E-07 1.329E-07 5.439E-17 0.00E+00
2.917E+02 1.360E-07 1.360E-07 5.695E-17 0.00E+00
2.884E+02 1.391E-07 1.391E-07 5.963E-17 0.00E+00
2.851E+02 1.424E-07 1.424E-07 6.243E-17 0.00E+00
2.818E+02 1.457E-07 1.457E-07 6.537E-17 0.00E+00
2.786E+02 1.490E-07 1.490E-07 6.845E-17 0.00E+00
2.754E+02 1.525E-07 1.525E-07 7.167E-17 0.00E+00
2.723E+02 1.560E-07 1.560E-07 7.505E-17 0.00E+00
2.692E+02 1.596E-07 1.596E-07 7.858E-17 0.00E+00
2.661E+02 1.633E-07 1.633E-07 8.228E-17 0.00E+00
2.630E+02 1.671E-07 1.671E-07 8.615E-17 0.00E+00
2.600E+02 1.710E-07 1.710E-07 9.021E-17 0.00E+00
2.570E+02 1.750E-07 1.750E-07 9.445E-17 0.00E+00
2.541E+02 1.790E-07 1.790E-07 9.890E-17 0.00E+00
2.512E+02 1.832E-07 1.832E-07 1.036E-16 0.00E+00
2.483E+02 1.874E-07 1.874E-07 1.084E-16 0.00E+00
2.455E+02 1.918E-07 1.918E-07 1.135E-16 0.00E+00
2.427E+02 1.963E-07 1.963E-07 1.189E-16 0.00E+00
2.399E+02 2.008E-07 2.008E-07 1.245E-16 0.00E+00
2.371E+02 2.055E-07 2.055E-07 1.303E-16 0.00E+00
2.344E+02 2.103E-07 2.103E-07 1.365E-16 0.00E+00
2.317E+02 2.152E-07 2.152E-07 1.429E-16 0.00E+00
2.291E+02 2.202E-07 2.202E-07 1.496E-16 0.00E+00
2.265E+02 2.254E-07 2.254E-07 1.566E-16 0.00E+00
2.239E+02 2.306E-07 2.306E-07 1.640E-16 0.00E+00
2.213E+02 2.360E-07 2.360E-07 1.717E-16 0.00E+00
2.188E+02 2.415E-07 2.415E-07 1.798E-16 0.00E+00
2.163E+02 2.472E-07 2.472E-07 1.883E-16 0.00E+00
2.138E+02 2.529E-07 2.529E-07 1.971E-16 0.00E+00
2.113E+02 2.588E-07 2.588E-07 2.064E-16 0.00E+00
2.089E+02 2.649E-07 2.649E-07 2.161E-16 0.00E+00
2.065E+02 2.711E-07 2.711E-07 2.263E-16 0.00E+00
2.042E+02 2.774E-07 2.774E-07 2.369E-16 0.00E+00
2.018E+02 2.839E-07 2.839E-07 2.480E-16 0.00E+00
1.995E+02 2.906E-07 2.906E-07 2.597E-16 0.00E+00
1.972E+02 2.974E-07 2.974E-07 2.719E-16 0.00E+00
1.950E+02 3.044E-07 3.044E-07 2.847E-16 0.00E+00
1.928E+02 3.115E-07 3.115E-07 2.981E-16 0.00E+00
1.905E+02 3.188E-07 3.188E-07 3.121E-16 0.00E+00
1.884E+02 3.263E-07 3.263E-07 3.268E-16 0.00E+00
1.862E+02 3.340E-07 3.340E-07 3.422E-16 0.00E+00
1.841E+02 3.418E-07 3.418E-07 3.582E-16 0.00E+00
1.820E+02 3.499E-07 3.499E-07 3.751E-16 0.00E+00
1.799E+02 3.581E-07 3.581E-07 3.927E-16 0.00E+00
1.778E+02 3.666E-07 3.666E-07 4.112E-16 0.00E+00
1.758E+02 3.752E-07 3.752E-07 4.305E-16 0.00E+00
1.738E+02 3.840E-07 3.840E-07 4.507E-16 0.00E+00
1.718E+02 3.931E-07 3.931E-07 4.719E-16 0.00E+00
1.698E+02 4.024E-07 4.024E-07 4.941E-16 0.00E+00
1.679E+02 4.119E-07 4.119E-07 5.173E-16 0.00E+00
1.660E+02 4.216E-07 4.216E-07 5.416E-16 0.00E+00
1.641E+02 4.315E-07 4.315E-07 5.671E-16 0.00E+00
1.622E+02 4.418E-07 4.418E-07 5.937E-16 0.00E+00
1.603E+02 4.522E-07 4.522E-07 6.216E-16 0.00E+00
1.585E+02 4.629E-07 4.629E-07 6.508E-16 0.00E+00
1.567E+02 4.739E-07 4.739E-07 6.814E-16 0.00E+00
1.549E+02 4.851E-07 4.851E-07 7.134E-16 0.00E+00
1.531E+02 4.966E-07 4.966E-07 7.469E-16 0.00E+00
1.514E+02 5.084E-07 5.084E-07 7.819E-16 0.00E+00
1.496E+02 5.205E-07 5.205E-07 8.186E-16 0.00E+00
1.479E+02 5.328E-07 5.328E-07 8.571E-16 0.00E+00
1.462E+02 5.455E-07 5.455E-07 8.973E-16 0.00E+00
1.445E+02 5.585E-07 5.585E-07 9.394E-16 0.00E+00
1.429E+02 5.718E-07 5.718E-07 9.835E-16 0.00E+00
1.413E+02 5.854E-07 5.854E-07 1.030E-15 0.00E+00
1.396E+02 5.994E-07 5.994E-07 1.078E-15 0.00E+00
1.380E+02 6.137E-07 6.137E-07 1.129E-15 0.00E+00
1.365E+02 6.283E-07 6.283E-07 1.182E-15 0.00E+00
1.349E+02 6.433E-07 6.433E-07 1.237E-15 0.00E+00
1.334E+02 6.587E-07 6.587E-07 1.295E-15 0.00E+00
1.318E+02 6.745E-07 6.745E-07 1.356E-15 0.00E+00
1.303E+02 6.906E-07 6.906E-07 1.419E-15 0.00E+00
1.288E+02 7.072E-07 7.072E-07 1.486E-15 0.00E+00
1.274E+02 7.241E-07 7.241E-07 1.555E-15 0.00E+00
1.259E+02 7.415E-07 7.415E-07 1.628E-15 0.00E+00
1.245E+02 7.594E-07 7.594E-07 1.705E-15 0.00E+00
1.230E+02 7.776E-07 7.776E-07 1.784E-15 0.00E+00
1.216E+02 7.963E-07 7.963E-07 1.868E-15 0.00E+00
1.202E+02 8.155E-07 8.155E-07 1.956E-15 0.00E+00
1.189E+02 8.352E-07 8.352E-07 2.047E-15 0.00E+00
1.175E+02 8.554E-07 8.554E-07 2.143E-15 0.00E+00
1.161E+02 8.760E-07 8.760E-07 2.243E-15 0.00E+00
1.148E+02 8.972E-07 8.972E-07 2.348E-15 0.00E+00
1.135E+02 9.189E-07 9.189E-07 2.458E-15 0.00E+00
1.122E+02 9.412E-07 9.412E-07 2.573E-15 0.00E+00
1.109E+02 9.640E-07 9.640E-07 2.693E-15 0.00E+00
1.096E+02 9.874E-07 9.874E-07 2.819E-15 0.00E+00
1.084E+02 1.011E-06 1.011E-06 2.951E-15 0.00E+00
1.072E+02 1.036E-06 1.036E-06 3.089E-15 0.00E+00
1.059E+02 1.061E-06 1.061E-06 3.233E-15 0.00E+00
1.047E+02 1.087E-06 1.087E-06 3.384E-15 0.00E+00
1.035E+02 1.114E-06 1.114E-06 3.543E-15 0.00E+00
1.023E+02 1.141E-06 1.141E-06 3.708E-15 0.00E+00
1.012E+02 1.169E-06 1.169E-06 3.881E-15 0.00E+00
1.000E+02 1.197E-06 1.197E-06 4.062E-15 0.00E+00
9.886E+01 1.226E-06 1.226E-06 4.251E-15 0.00E+00
9.772E+01 1.256E-06 1.256E-06 4.450E-15 0.00E+00
9.661E+01 1.287E-06 1.287E-06 4.657E-15 0.00E+00
9.550E+01 1.319E-06 1.319E-06 4.874E-15 0.00E+00
9.441E+01 1.351E-06 1.351E-06 5.101E-15 0.00E+00
9.333E+01 1.384E-06 1.384E-06 5.338E-15 0.00E+00
9.226E+01 1.418E-06 1.418E-06 5.587E-15 0.00E+00
9.120E+01 1.453E-06 1.453E-06 5.847E-15 0.00E+00
9.016E+01 1.489E-06 1.489E-06 6.118E-15 0.00E+00
8.913E+01 1.526E-06 1.526E-06 6.403E-15 0.00E+00
8.810E+01 1.564E-06 1.564E-06 6.700E-15 0.00E+00
8.710E+01 1.602E-06 1.602E-06 7.012E-15 0.00E+00
8.610E+01 1.642E-06 1.642E-06 7.337E-15 0.00E+00
8.511E+01 1.682E-06 1.682E-06 7.678E-15 0.00E+00
8.414E+01 1.724E-06 1.724E-06 8.034E-15 0.00E+00
8.318E+01 1.767E-06 1.767E-06 8.406E-15 0.00E+00
8.222E+01 1.811E-06 1.811E-06 8.796E-15 0.00E+00
8.128E+01 1.856E-06 1.856E-06 9.203E-15 0.00E+00
8.035E+01 1.902E-06 1.902E-06 9.630E-15 0.00E+00
7.943E+01 1.950E-06 1.950E-06 1.008E-14 0.00E+00
7.852E+01 1.998E-06 1.998E-06 1.054E-14 0.00E+00
7.762E+01 2.048E-06 2.048E-06 1.103E-14 0.00E+00
7.674E+01 2.100E-06 2.100E-06 1.154E-14 0.00E+00
7.586E+01 2.152E-06 2.152E-06 1.207E-14 0.00E+00
7.499E+01 2.206E-06 2.206E-06 1.263E-14 0.00E+00
7.413E+01 2.262E-06 2.262E-06 1.321E-14 0.00E+00
7.328E+01 2.319E-06 2.319E-06 1.382E-14 0.00E+00
7.244E+01 2.377E-06 2.377E-06 1.445E-14 0.00E+00
7.161E+01 2.437E-06 2.437E-06 1.512E-14 0.00E+00
7.079E+01 2.499E-06 2.499E-06 1.582E-14 0.00E+00
6.998E+01 2.562E-06 2.562E-06 1.654E-14 0.00E+00
6.918E+01 2.628E-06 2.628E-06 1.730E-14 0.00E+00
6.839E+01 2.694E-06 2.694E-06 1.810E-14 0.00E+00
6.761E+01 2.763E-06 2.763E-06 1.893E-14 0.00E+00
6.683E+01 2.833E-06 2.833E-06 1.979E-14 0.00E+00
6.607E+01 2.906E-06 2.906E-06 2.070E-14 0.00E+00
6.531E+01 2.980E-06 2.980E-06 2.165E-14 0.00E+00
6.457E+01 3.057E-06 3.057E-06 2.264E-14 0.00E+00
6.383E+01 3.135E-06 3.135E-06 2.367E-14 0.00E+00
6.310E+01 3.216E-06 3.216E-06 2.475E-14 0.00E+00
6.237E+01 3.299E-06 3.299E-06 2.588E-14 0.00E+00
6.166E+01 3.384E-06 3.384E-06 2.706E-14 0.00E+00
6.095E+01 3.472E-06 3.472E-06 2.829E-14 0.00E+00
6.026E+01 3.562E-06 3.562E-06 2.958E-14 0.00E+00
5.957E+01 3.654E-06 3.654E-06 3.092E-14 0.00E+00
5.888E+01 3.749E-06 3.749E-06 3.232E-14 0.00E+00
5.821E+01 3.847E-06 3.847E-06 3.379E-14 0.00E+00
5.754E+01 3.948E-06 3.948E-06 3.532E-14 0.00E+00
5.689E+01 4.052E-06 4.052E-06 3.692E-14 0.00E+00
5.623E+01 4.158E-06 4.158E-06 3.858E-14 0.00E+00
5.559E+01 4.268E-06 4.268E-06 4.033E-14 0.00E+00
5.495E+01 4.381E-06 4.381E-06 4.214E-14 0.00E+00
5.433E+01 4.497E-06 4.497E-06 4.404E-14 0.00E+00
5.370E+01 4.617E-06 4.617E-06 4.602E-14 0.00E+00
5.309E+01 4.740E-06 4.740E-06 4.809E-14 0.00E+00
5.248E+01 4.867E-06 4.867E-06 5.025E-14 0.00E+00
5.188E+01 4.997E-06 4.997E-06 5.251E-14 0.00E+00
5.129E+01 5.132E-06 5.132E-06 5.486E-14 0.00E+00
5.070E+01 5.270E-06 5.270E-06 5.731E-14 0.00E+00
5.012E+01 5.413E-06 5.413E-06 5.987E-14 0.00E+00
4.955E+01 5.560E-06 5.560E-06 6.255E-14 0.00E+00
4.898E+01 5.712E-06 5.712E-06 6.533E-14 0.00E+00
4.842E+01 5.868E-06 5.868E-06 6.824E-14 0.00E+00
4.786E+01 6.030E-06 6.030E-06 7.128E-14 0.00E+00
4.732E+01 6.196E-06 6.196E-06 7.445E-14 0.00E+00
4.677E+01 6.367E-06 6.367E-06 7.775E-14 0.00E+00
4.624E+01 6.544E-06 6.544E-06 8.119E-14 0.00E+00
4.571E+01 6.727E-06 6.727E-06 8.479E-14 0.00E+00
4.519E+01 6.915E-06 6.915E-06 8.854E-14 0.00E+00
4.467E+01 7.109E-06 7.109E-06 9.245E-14 0.00E+00
4.416E+01 7.310E-06 7.310E-06 9.652E-14 0.00E+00
4.365E+01 7.517E-06 7.517E-06 1.008E-13 0.00E+00
4.315E+01 7.731E-06 7.731E-06 1.052E-13 0.00E+00
4.266E+01 7.952E-06 7.952E-06 1.098E-13 0.00E+00
4.217E+01 8.179E-06 8.179E-06 1.147E-13 0.00E+00
4.169E+01 8.415E-06 8.415E-06 1.197E-13 0.00E+00
4.121E+01 8.658E-06 8.658E-06 1.249E-13 0.00E+00
4.074E+01 8.909E-06 8.909E-06 1.304E-13 0.00E+00
4.027E+01 9.168E-06 9.168E-06 1.361E-13 0.00E+00
3.981E+01 9.435E-06 9.435E-06 1.421E-13 0.00E+00
3.936E+01 9.711E-06 9.711E-06 1.483E-13 0.00E+00
3.890E+01 9.996E-06 9.996E-06 1.547E-13 0.00E+00
3.846E+01 1.029E-05 1.029E-05 1.615E-13 0.00E+00
3.802E+01 1.059E-05 1.059E-05 1.685E-13 0.00E+00
3.758E+01 1.091E-05 1.091E-05 1.759E-13 0.00E+00
3.715E+01 1.123E-05 1.123E-05 1.836E-13 0.00E+00
3.673E+01 1.156E-05 1.156E-05 1.916E-13 0.00E+00
3.631E+01 1.190E-05 1.190E-05 1.999E-13 0.00E+00
3.589E+01 1.225E-05 1.225E-05 2.086E-13 0.00E+00
3.548E+01 1.261E-05 1.261E-05 2.177E-13 0.00E+00
3.508E+01 1.298E-05 1.298E-05 2.272E-13 0.00E+00
3.467E+01 1.336E-05 1.336E-05 2.371E-13 0.00E+00
3.428E+01 1.375E-05 1.375E-05 2.475E-13 0.00E+00
3.388E+01 1.415E-05 1.415E-05 2.583E-13 0.00E+00
3.350E+01 1.455E-05 1.455E-05 2.696E-13 0.00E+00
3.311E+01 1.496E-05 1.496E-05 2.814E-13 0.00E+00
3.273E+01 1.538E-05 1.538E-05 2.937E-13 0.00E+00
3.236E+01 1.581E-05 1.581E-05 3.065E-13 0.00E+00
3.199E+01 1.623E-05 1.623E-05 3.200E-13 0.00E+00
3.162E+01 1.667E-05 1.667E-05 3.340E-13 0.00E+00
3.126E+01 1.710E-05 1.710E-05 3.486E-13 0.00E+00
3.090E+01 1.753E-05 1.753E-05 3.640E-13 0.00E+00
3.055E+01 1.796E-05 1.796E-05 3.800E-13 0.00E+00
3.020E+01 1.839E-05 1.839E-05 3.967E-13 0.00E+00
2.985E+01 1.882E-05 1.882E-05 4.142E-13 0.00E+00
2.951E+01 1.924E-05 1.924E-05 4.325E-13 0.00E+00
2.917E+01 1.965E-05 1.965E-05 4.517E-13 0.00E+00
2.884E+01 2.005E-05 2.005E-05 4.717E-13 0.00E+00
2.851E+01 2.044E-05 2.044E-05 4.927E-13 0.00E+00
2.818E+01 2.083E-05 2.083E-05 5.146E-13 0.00E+00
2.786E+01 2.120E-05 2.120E-05 5.375E-13 0.00E+00
2.754E+01 2.157E-05 2.157E-05 5.615E-13 0.00E+00
2.723E+01 2.194E-05 2.194E-05 5.866E-13 0.00E+00
2.692E+01 2.231E-05 2.231E-05 6.128E-13 0.00E+00
2.661E+01 2.268E-05 2.268E-05 6.403E-13 0.00E+00
2.630E+01 2.309E-05 2.309E-05 6.691E-13 0.00E+00
2.600E+01 2.353E-05 2.353E-05 6.992E-13 0.00E+00
2.570E+01 2.405E-05 2.405E-05 7.307E-13 0.00E+00
2.541E+01 2.469E-05 2.469E-05 7.638E-13 0.00E+00
2.512E+01 2.552E-05 2.552E-05 7.983E-13 0.00E+00
2.483E+01 2.666E-05 2.666E-05 8.344E-13 0.00E+00
2.455E+01 2.833E-05 2.833E-05 8.722E-13 0.00E+00
2.427E+01 3.092E-05 3.092E-05 9.118E-13 0.00E+00
2.399E+01 3.522E-05 3.522E-05 9.533E-13 0.00E+00
2.371E+01 4.271E-05 4.271E-05 9.968E-13 0.00E+00
2.344E+01 5.504E-05 5.504E-05 1.042E-12 0.00E+00
2.317E+01 6.762E-05 6.762E-05 1.090E-12 0.00E+00
2.291E+01 6.573E-05 6.573E-05 1.140E-12 0.00E+00
2.265E+01 5.618E-05 5.618E-05 1.192E-12 0.00E+00
2.239E+01 5.234E-05 5.234E-05 1.247E-12 0.00E+00
2.213E+01 5.671E-05 5.671E-05 1.305E-12 0.00E+00
2.188E+01 7.209E-05 7.209E-05 1.365E-12 0.00E+00
2.163E+01 1.074E-04 1.074E-04 1.428E-12 0.00E+00
2.138E+01 1.702E-04 1.702E-04 1.494E-12 0.00E+00
2.113E+01 1.940E-04 1.940E-04 1.563E-12 0.00E+00
2.089E+01 1.317E-04 1.317E-04 1.636E-12 0.00E+00
2.065E+01 8.047E-05 8.047E-05 1.712E-12 0.00E+00
2.042E+01 5.435E-05 5.435E-05 1.791E-12 0.00E+00
2.018E+01 4.092E-05 4.092E-05 1.875E-12 0.00E+00
1.995E+01 3.350E-05 3.350E-05 1.962E-12 0.00E+00
1.972E+01 2.924E-05 2.924E-05 2.053E-12-2.91E-07
1.950E+01 2.691E-05 2.691E-05 2.149E-12-2.60E-07
1.928E+01 2.616E-05 2.616E-05 2.249E-12-2.31E-07
1.905E+01 2.731E-05 2.731E-05 2.354E-12-2.05E-07
1.884E+01 3.216E-05 3.216E-05 2.464E-12-1.81E-07
1.862E+01 4.808E-05 4.808E-05 2.579E-12-1.57E-07
1.841E+01 1.120E-04 1.120E-04 2.700E-12-1.33E-07
1.820E+01 1.796E-04 1.796E-04 2.827E-12-1.10E-07
1.799E+01 6.705E-05 6.705E-05 2.960E-12-8.71E-08
1.778E+01 3.511E-05 3.511E-05 3.099E-12-6.39E-08
1.758E+01 2.528E-05 2.528E-05 3.244E-12-4.04E-08
1.738E+01 2.145E-05 2.145E-05 3.397E-12-1.65E-08
1.718E+01 2.018E-05 2.018E-05 3.557E-12 8.21E-09
1.698E+01 2.103E-05 2.103E-05 3.724E-12 3.26E-08
1.679E+01 2.631E-05 2.631E-05 3.899E-12 5.79E-08
1.660E+01 5.402E-05 5.402E-05 4.083E-12 8.31E-08
1.641E+01 2.882E-04 2.882E-04 4.276E-12 1.08E-07
1.622E+01 5.769E-05 5.769E-05 4.477E-12 1.35E-07
1.603E+01 2.536E-05 2.536E-05 4.689E-12 1.61E-07
1.585E+01 1.853E-05 1.853E-05 4.910E-12 1.87E-07
1.567E+01 1.608E-05 1.608E-05 5.142E-12 2.12E-07
1.549E+01 1.499E-05 1.499E-05 5.385E-12 2.37E-07
1.531E+01 1.450E-05 1.450E-05 5.639E-12 2.62E-07
1.514E+01 1.434E-05 1.434E-05 5.906E-12 2.87E-07
1.496E+01 1.441E-05 1.441E-05 6.185E-12 3.12E-07
1.479E+01 1.467E-05 1.467E-05 6.478E-12 3.38E-07
1.462E+01 1.513E-05 1.513E-05 6.785E-12 3.65E-07
1.445E+01 1.581E-05 1.581E-05 7.106E-12 3.92E-07
1.429E+01 1.675E-05 1.675E-05 7.442E-12 4.19E-07
1.413E+01 1.804E-05 1.804E-05 7.794E-12 4.48E-07
1.396E+01 1.979E-05 1.979E-05 8.162E-12 4.77E-07
1.380E+01 2.221E-05 2.221E-05 8.548E-12 5.07E-07
1.365E+01 2.561E-05 2.561E-05 8.953E-12 5.38E-07
1.349E+01 3.053E-05 3.053E-05 9.376E-12 5.71E-07
1.334E+01 3.784E-05 3.784E-05 9.820E-12 6.04E-07
1.318E+01 4.890E-05 4.890E-05 1.029E-11 6.40E-07
1.303E+01 6.527E-05 6.527E-05 1.077E-11 6.76E-07
1.288E+01 8.607E-05 8.607E-05 1.128E-11 7.14E-07
1.274E+01 1.017E-04 1.017E-04 1.181E-11 7.53E-07
1.259E+01 9.915E-05 9.915E-05 1.237E-11 7.95E-07
1.245E+01 8.502E-05 8.502E-05 1.296E-11 8.40E-07
1.230E+01 7.484E-05 7.484E-05 1.357E-11 8.88E-07
1.216E+01 7.761E-05 7.761E-05 1.422E-11 9.32E-07
1.202E+01 1.064E-04 1.064E-04 1.489E-11 9.74E-07
1.189E+01 1.458E-04 1.458E-04 1.561E-11 1.02E-06
1.175E+01 1.208E-04 1.208E-04 1.638E-11 1.06E-06
1.161E+01 1.360E-04 1.360E-04 1.723E-11 1.10E-06
1.148E+01 2.136E-04 2.136E-04 1.753E-11 1.14E-06
1.135E+01 3.402E-04 3.402E-04 1.863E-11 1.18E-06
1.122E+01 3.106E-04 3.106E-04 1.955E-11 1.23E-06
1.109E+01 1.781E-04 1.781E-04 2.050E-11 1.27E-06
1.096E+01 1.032E-04 1.032E-04 2.149E-11 1.32E-06
1.084E+01 6.757E-05 6.757E-05 2.251E-11 1.36E-06
1.072E+01 4.928E-05 4.928E-05 2.358E-11 1.41E-06
1.059E+01 3.903E-05 3.903E-05 2.469E-11 1.46E-06
1.047E+01 3.292E-05 3.292E-05 2.585E-11 1.51E-06
1.035E+01 2.914E-05 2.914E-05 2.707E-11 1.55E-06
1.023E+01 2.680E-05 2.680E-05 2.835E-11 1.60E-06
1.012E+01 2.543E-05 2.543E-05 2.969E-11 1.65E-06
1.000E+01 2.477E-05 2.477E-05 3.109E-11 1.71E-06
9.886E+00 2.468E-05 2.468E-05 3.255E-11 1.76E-06
9.772E+00 2.508E-05 2.508E-05 3.409E-11 1.81E-06
9.661E+00 2.598E-05 2.598E-05 3.570E-11 1.86E-06
9.550E+00 2.740E-05 2.740E-05 3.739E-11 1.92E-06
9.441E+00 2.944E-05 2.944E-05 3.915E-11 1.97E-06
9.333E+00 3.229E-05 3.229E-05 4.099E-11 2.02E-06
9.226E+00 3.625E-05 3.625E-05 4.292E-11 2.08E-06
9.120E+00 4.189E-05 4.189E-05 4.495E-11 2.14E-06
9.016E+00 5.028E-05 5.028E-05 4.706E-11 2.19E-06
8.913E+00 6.347E-05 6.347E-05 4.928E-11 2.25E-06
8.810E+00 8.515E-05 8.515E-05 5.160E-11 2.32E-06
8.710E+00 1.183E-04 1.183E-04 5.402E-11 2.38E-06
8.610E+00 1.468E-04 1.468E-04 5.657E-11 2.45E-06
8.511E+00 1.399E-04 1.399E-04 5.923E-11 2.51E-06
8.414E+00 1.223E-04 1.223E-04 6.201E-11 2.58E-06
8.318E+00 1.181E-04 1.181E-04 6.492E-11 2.65E-06
8.222E+00 1.275E-04 1.275E-04 6.797E-11 2.73E-06
8.128E+00 1.488E-04 1.488E-04 7.116E-11 2.80E-06
8.035E+00 1.815E-04 1.815E-04 7.450E-11 2.89E-06
7.943E+00 2.250E-04 2.250E-04 7.799E-11 2.97E-06
7.852E+00 2.734E-04 2.734E-04 8.165E-11 3.06E-06
7.762E+00 3.112E-04 3.112E-04 8.548E-11 3.15E-06
7.674E+00 3.183E-04 3.183E-04 8.949E-11 3.23E-06
7.586E+00 2.897E-04 2.897E-04 9.369E-11 3.32E-06
7.499E+00 2.417E-04 2.417E-04 9.808E-11 3.41E-06
7.413E+00 1.932E-04 1.932E-04 1.027E-10 3.49E-06
7.328E+00 1.530E-04 1.530E-04 1.075E-10 3.58E-06
7.244E+00 1.225E-04 1.225E-04 1.125E-10 3.67E-06
7.161E+00 1.001E-04 1.001E-04 1.178E-10 3.76E-06
7.079E+00 8.389E-05 8.389E-05 1.233E-10 3.86E-06
6.998E+00 7.228E-05 7.228E-05 1.291E-10 3.95E-06
6.918E+00 6.421E-05 6.421E-05 1.352E-10 4.05E-06
6.839E+00 5.901E-05 5.901E-05 1.415E-10 4.15E-06
6.761E+00 5.641E-05 5.641E-05 1.481E-10 4.25E-06
6.683E+00 5.651E-05 5.651E-05 1.551E-10 4.35E-06
6.607E+00 5.997E-05 5.997E-05 1.623E-10 4.46E-06
6.531E+00 6.834E-05 6.834E-05 1.699E-10 4.57E-06
6.457E+00 8.488E-05 8.488E-05 1.779E-10 4.68E-06
6.383E+00 1.159E-04 1.159E-04 1.862E-10 4.81E-06
6.310E+00 1.694E-04 1.694E-04 1.948E-10 5.04E-06
6.237E+00 2.324E-04 2.324E-04 2.041E-10 4.97E-06
6.166E+00 2.331E-04 2.331E-04 2.136E-10 5.10E-06
6.095E+00 1.685E-04 1.685E-04 2.236E-10 5.23E-06
6.026E+00 1.111E-04 1.111E-04 2.340E-10 5.35E-06
5.957E+00 7.633E-05 7.633E-05 2.449E-10 5.48E-06
5.888E+00 5.604E-05 5.604E-05 2.564E-10 5.60E-06
5.821E+00 4.368E-05 4.368E-05 2.683E-10 5.73E-06
5.754E+00 3.570E-05 3.570E-05 2.809E-10 5.86E-06
5.689E+00 3.028E-05 3.028E-05 2.940E-10 6.00E-06
5.623E+00 2.643E-05 2.643E-05 3.077E-10 6.13E-06
5.559E+00 2.360E-05 2.360E-05 3.221E-10 6.27E-06
5.495E+00 2.146E-05 2.146E-05 3.371E-10 6.42E-06
5.433E+00 1.979E-05 1.979E-05 3.528E-10 6.56E-06
5.370E+00 1.848E-05 1.848E-05 3.693E-10 6.71E-06
5.309E+00 1.742E-05 1.742E-05 3.865E-10 6.86E-06
5.248E+00 1.656E-05 1.656E-05 4.045E-10 7.02E-06
5.188E+00 1.586E-05 1.586E-05 4.233E-10 7.18E-06
5.129E+00 1.528E-05 1.528E-05 4.430E-10 7.35E-06
5.070E+00 1.479E-05 1.479E-05 4.636E-10 7.52E-06
5.012E+00 1.439E-05 1.439E-05 4.852E-10 7.70E-06
4.955E+00 1.405E-05 1.405E-05 5.078E-10 7.87E-06
4.898E+00 1.376E-05 1.376E-05 5.314E-10 8.05E-06
4.842E+00 1.353E-05 1.353E-05 5.562E-10 8.23E-06
4.786E+00 1.334E-05 1.334E-05 5.821E-10 8.42E-06
4.732E+00 1.318E-05 1.318E-05 6.092E-10 8.61E-06
4.677E+00 1.306E-05 1.306E-05 6.376E-10 8.80E-06
4.624E+00 1.296E-05 1.296E-05 6.672E-10 9.00E-06
4.571E+00 1.289E-05 1.289E-05 6.983E-10 9.20E-06
4.519E+00 1.285E-05 1.285E-05 7.308E-10 9.40E-06
4.467E+00 1.282E-05 1.282E-05 7.647E-10 9.61E-06
4.416E+00 1.282E-05 1.282E-05 8.003E-10 9.82E-06
4.365E+00 1.283E-05 1.283E-05 8.375E-10 1.00E-05
4.315E+00 1.286E-05 1.286E-05 8.764E-10 1.03E-05
4.266E+00 1.291E-05 1.291E-05 9.171E-10 1.05E-05
4.217E+00 1.297E-05 1.297E-05 9.597E-10 1.07E-05
4.169E+00 1.305E-05 1.305E-05 1.004E-09 1.09E-05
4.121E+00 1.314E-05 1.314E-05 1.051E-09 1.12E-05
4.074E+00 1.325E-05 1.325E-05 1.100E-09 1.14E-05
4.027E+00 1.337E-05 1.337E-05 1.151E-09 1.17E-05
3.981E+00 1.352E-05 1.352E-05 1.204E-09 1.19E-05
3.936E+00 1.368E-05 1.367E-05 1.260E-09 1.22E-05
3.890E+00 1.386E-05 1.386E-05 1.319E-09 1.24E-05
3.846E+00 1.406E-05 1.406E-05 1.380E-09 1.27E-05
3.802E+00 1.430E-05 1.430E-05 1.444E-09 1.30E-05
3.758E+00 1.457E-05 1.457E-05 1.511E-09 1.32E-05
3.715E+00 1.489E-05 1.489E-05 1.581E-09 1.35E-05
3.673E+00 1.527E-05 1.527E-05 1.655E-09 1.38E-05
3.631E+00 1.576E-05 1.576E-05 1.731E-09 1.41E-05
3.589E+00 1.639E-05 1.639E-05 1.812E-09 1.44E-05
3.548E+00 1.727E-05 1.727E-05 1.896E-09 1.47E-05
3.508E+00 1.859E-05 1.858E-05 1.984E-09 1.50E-05
3.467E+00 2.077E-05 2.077E-05 2.076E-09 1.53E-05
3.428E+00 2.499E-05 2.498E-05 2.172E-09 1.56E-05
3.388E+00 3.518E-05 3.517E-05 2.273E-09 1.59E-05
3.350E+00 7.189E-05 7.188E-05 2.378E-09 1.63E-05
3.311E+00 3.181E-04 3.181E-04 2.488E-09 1.66E-05
3.273E+00 1.593E-04 1.593E-04 2.604E-09 1.69E-05
3.236E+00 5.095E-05 5.095E-05 2.725E-09 1.73E-05
3.199E+00 3.097E-05 3.096E-05 2.851E-09 1.76E-05
3.162E+00 2.451E-05 2.450E-05 2.982E-09 1.80E-05
3.126E+00 2.181E-05 2.181E-05 3.121E-09 1.84E-05
3.090E+00 2.050E-05 2.050E-05 3.265E-09 1.88E-05
3.055E+00 1.983E-05 1.983E-05 3.416E-09 1.91E-05
3.020E+00 1.951E-05 1.951E-05 3.575E-09 1.95E-05
2.985E+00 1.939E-05 1.938E-05 3.740E-09 1.99E-05
2.951E+00 1.938E-05 1.938E-05 3.913E-09 2.03E-05
2.917E+00 1.946E-05 1.946E-05 4.094E-09 2.07E-05
2.884E+00 1.960E-05 1.959E-05 4.284E-09 2.12E-05
2.851E+00 1.978E-05 1.977E-05 4.482E-09 2.16E-05
2.818E+00 1.999E-05 1.999E-05 4.689E-09 2.20E-05
2.786E+00 2.023E-05 2.022E-05 4.906E-09 2.25E-05
2.754E+00 2.048E-05 2.048E-05 5.133E-09 2.29E-05
2.723E+00 2.076E-05 2.076E-05 5.370E-09 2.34E-05
2.692E+00 2.105E-05 2.104E-05 5.617E-09 2.39E-05
2.661E+00 2.135E-05 2.135E-05 5.878E-09 2.44E-05
2.630E+00 2.167E-05 2.166E-05 6.149E-09 2.49E-05
2.600E+00 2.199E-05 2.199E-05 6.433E-09 2.54E-05
2.570E+00 2.232E-05 2.232E-05 6.729E-09 2.59E-05
2.541E+00 2.266E-05 2.266E-05 7.040E-09 2.65E-05
2.512E+00 2.302E-05 2.301E-05 7.365E-09 2.70E-05
2.483E+00 2.338E-05 2.337E-05 7.705E-09 2.76E-05
2.455E+00 2.375E-05 2.374E-05 8.060E-09 2.82E-05
2.427E+00 2.413E-05 2.412E-05 8.432E-09 2.87E-05
2.399E+00 2.452E-05 2.451E-05 8.821E-09 2.93E-05
2.371E+00 2.492E-05 2.491E-05 9.229E-09 2.99E-05
2.344E+00 2.533E-05 2.532E-05 9.655E-09 3.05E-05
2.317E+00 2.574E-05 2.573E-05 1.010E-08 3.12E-05
2.291E+00 2.617E-05 2.616E-05 1.057E-08 3.18E-05
2.265E+00 2.661E-05 2.660E-05 1.106E-08 3.24E-05
2.239E+00 2.705E-05 2.704E-05 1.157E-08 3.31E-05
2.213E+00 2.751E-05 2.750E-05 1.210E-08 3.37E-05
2.188E+00 2.798E-05 2.796E-05 1.266E-08 3.44E-05
2.163E+00 2.845E-05 2.844E-05 1.324E-08 3.51E-05
2.138E+00 2.894E-05 2.893E-05 1.385E-08 3.58E-05
2.113E+00 2.943E-05 2.942E-05 1.449E-08 3.65E-05
2.089E+00 2.993E-05 2.992E-05 1.516E-08 3.72E-05
2.065E+00 3.044E-05 3.042E-05 1.586E-08 3.80E-05
2.042E+00 3.096E-05 3.094E-05 1.659E-08 3.87E-05
2.018E+00 3.148E-05 3.147E-05 1.736E-08 3.95E-05
1.995E+00 3.202E-05 3.200E-05 1.816E-08 4.03E-05
1.972E+00 3.257E-05 3.255E-05 1.900E-08 4.11E-05
1.950E+00 3.313E-05 3.311E-05 1.987E-08 4.20E-05
1.928E+00 3.371E-05 3.369E-05 2.079E-08 4.28E-05
1.905E+00 3.429E-05 3.427E-05 2.175E-08 4.36E-05
1.884E+00 3.489E-05 3.486E-05 2.275E-08 4.45E-05
1.862E+00 3.550E-05 3.547E-05 2.380E-08 4.54E-05
1.841E+00 3.612E-05 3.609E-05 2.490E-08 4.63E-05
1.820E+00 3.675E-05 3.672E-05 2.605E-08 4.72E-05
1.799E+00 3.740E-05 3.737E-05 2.725E-08 4.81E-05
1.778E+00 3.805E-05 3.803E-05 2.850E-08 4.90E-05
1.758E+00 3.873E-05 3.870E-05 2.982E-08 5.00E-05
1.738E+00 3.941E-05 3.938E-05 3.119E-08 5.10E-05
1.718E+00 4.011E-05 4.008E-05 3.263E-08 5.20E-05
1.698E+00 4.082E-05 4.079E-05 3.413E-08 5.30E-05
1.679E+00 4.154E-05 4.151E-05 3.570E-08 5.40E-05
1.660E+00 4.227E-05 4.224E-05 3.735E-08 5.51E-05
1.641E+00 4.302E-05 4.298E-05 3.906E-08 5.62E-05
1.622E+00 4.376E-05 4.372E-05 4.086E-08 5.73E-05
1.603E+00 4.453E-05 4.448E-05 4.274E-08 5.85E-05
1.585E+00 4.530E-05 4.526E-05 4.471E-08 5.97E-05
1.567E+00 4.609E-05 4.604E-05 4.676E-08 6.09E-05
1.549E+00 4.689E-05 4.684E-05 4.892E-08 6.21E-05
1.531E+00 4.771E-05 4.766E-05 5.117E-08 6.33E-05
1.514E+00 4.855E-05 4.850E-05 5.354E-08 6.46E-05
1.496E+00 4.941E-05 4.936E-05 5.601E-08 6.58E-05
1.479E+00 5.030E-05 5.024E-05 5.860E-08 6.71E-05
1.462E+00 5.120E-05 5.114E-05 6.131E-08 6.84E-05
1.445E+00 5.213E-05 5.207E-05 6.414E-08 6.97E-05
1.429E+00 5.309E-05 5.302E-05 6.710E-08 7.10E-05
1.413E+00 5.407E-05 5.400E-05 7.019E-08 7.24E-05
1.396E+00 5.508E-05 5.500E-05 7.343E-08 7.38E-05
1.380E+00 5.611E-05 5.603E-05 7.681E-08 7.52E-05
1.365E+00 5.717E-05 5.709E-05 8.035E-08 7.66E-05
1.349E+00 5.825E-05 5.817E-05 8.406E-08 7.80E-05
1.334E+00 5.936E-05 5.928E-05 8.793E-08 7.95E-05
1.318E+00 6.051E-05 6.042E-05 9.198E-08 8.11E-05
1.303E+00 6.169E-05 6.160E-05 9.621E-08 8.26E-05
1.288E+00 6.291E-05 6.281E-05 1.006E-07 8.42E-05
1.274E+00 6.418E-05 6.407E-05 1.053E-07 8.59E-05
1.259E+00 6.549E-05 6.538E-05 1.101E-07 8.76E-05
1.245E+00 6.687E-05 6.675E-05 1.152E-07 8.93E-05
1.230E+00 6.830E-05 6.818E-05 1.205E-07 9.10E-05
1.216E+00 6.983E-05 6.971E-05 1.260E-07 9.28E-05
1.202E+00 7.148E-05 7.135E-05 1.318E-07 9.46E-05
1.189E+00 7.326E-05 7.312E-05 1.379E-07 9.64E-05
1.175E+00 7.522E-05 7.508E-05 1.443E-07 9.83E-05
1.161E+00 7.740E-05 7.725E-05 1.509E-07 1.00E-04
1.148E+00 7.988E-05 7.972E-05 1.579E-07 1.02E-04
1.135E+00 8.273E-05 8.256E-05 1.651E-07 1.04E-04
1.122E+00 8.609E-05 8.592E-05 1.727E-07 1.06E-04
1.109E+00 9.013E-05 8.995E-05 1.807E-07 1.08E-04
1.096E+00 9.511E-05 9.492E-05 1.890E-07 1.10E-04
1.084E+00 1.014E-04 1.012E-04 1.977E-07 1.12E-04
1.072E+00 1.094E-04 1.092E-04 2.068E-07 1.14E-04
1.059E+00 1.200E-04 1.198E-04 2.163E-07 1.16E-04
1.047E+00 1.343E-04 1.341E-04 2.263E-07 1.19E-04
1.035E+00 1.537E-04 1.535E-04 2.367E-07 1.21E-04
1.023E+00 1.803E-04 1.800E-04 2.475E-07 1.23E-04
1.012E+00 2.159E-04 2.157E-04 2.589E-07 1.26E-04
1.000E+00 2.620E-04 2.617E-04 2.708E-07 1.28E-04
9.886E-01 3.175E-04 3.172E-04 2.832E-07 1.30E-04
9.772E-01 3.792E-04 3.789E-04 2.962E-07 1.33E-04
9.661E-01 4.426E-04 4.423E-04 3.098E-07 1.36E-04
9.550E-01 5.044E-04 5.041E-04 3.240E-07 1.38E-04
9.441E-01 5.631E-04 5.627E-04 3.388E-07 1.41E-04
9.333E-01 6.185E-04 6.181E-04 3.543E-07 1.44E-04
9.226E-01 6.716E-04 6.713E-04 3.706E-07 1.46E-04
9.120E-01 7.244E-04 7.240E-04 3.875E-07 1.49E-04
9.016E-01 7.795E-04 7.791E-04 4.052E-07 1.52E-04
8.913E-01 8.413E-04 8.409E-04 4.237E-07 1.55E-04
8.810E-01 9.152E-04 9.147E-04 4.431E-07 1.58E-04
8.710E-01 1.009E-03 1.008E-03 4.633E-07 1.62E-04
8.610E-01 1.130E-03 1.130E-03 4.845E-07 1.65E-04
8.511E-01 1.290E-03 1.290E-03 5.066E-07 1.68E-04
8.414E-01 1.495E-03 1.494E-03 5.297E-07 1.72E-04
8.318E-01 1.741E-03 1.740E-03 5.538E-07 1.75E-04
8.222E-01 2.016E-03 2.016E-03 5.790E-07 1.79E-04
8.128E-01 2.305E-03 2.305E-03 6.054E-07 1.82E-04
8.035E-01 2.597E-03 2.596E-03 6.330E-07 1.86E-04
7.943E-01 2.887E-03 2.886E-03 6.618E-07 1.90E-04
7.852E-01 3.178E-03 3.177E-03 6.920E-07 1.94E-04
7.762E-01 3.472E-03 3.471E-03 7.235E-07 1.98E-04
7.674E-01 3.772E-03 3.771E-03 7.564E-07 2.02E-04
7.586E-01 4.081E-03 4.080E-03 7.909E-07 2.06E-04
7.499E-01 4.401E-03 4.400E-03 8.269E-07 2.11E-04
7.413E-01 4.734E-03 4.733E-03 8.645E-07 2.15E-04
7.328E-01 5.082E-03 5.081E-03 9.039E-07 2.20E-04
7.244E-01 5.446E-03 5.445E-03 9.450E-07 2.24E-04
7.161E-01 5.827E-03 5.826E-03 9.880E-07 2.29E-04
7.079E-01 6.227E-03 6.226E-03 1.033E-06 2.34E-04
6.998E-01 6.646E-03 6.645E-03 1.080E-06 2.39E-04
6.918E-01 7.087E-03 7.086E-03 1.129E-06 2.44E-04
6.839E-01 7.549E-03 7.548E-03 1.181E-06 2.50E-04
6.761E-01 8.034E-03 8.033E-03 1.235E-06 2.55E-04
6.683E-01 8.543E-03 8.541E-03 1.291E-06 2.61E-04
6.607E-01 9.076E-03 9.075E-03 1.350E-06 2.66E-04
6.531E-01 9.636E-03 9.634E-03 1.412E-06 2.72E-04
6.457E-01 1.022E-02 1.022E-02 1.477E-06 2.78E-04
6.383E-01 1.084E-02 1.083E-02 1.544E-06 2.85E-04
6.310E-01 1.148E-02 1.148E-02 1.615E-06 2.91E-04
6.237E-01 1.215E-02 1.215E-02 1.689E-06 2.97E-04
6.166E-01 1.285E-02 1.285E-02 1.767E-06 3.04E-04
6.095E-01 1.359E-02 1.359E-02 1.849E-06 3.11E-04
6.026E-01 1.436E-02 1.435E-02 1.934E-06 3.18E-04
5.957E-01 1.516E-02 1.515E-02 2.023E-06 3.25E-04
5.888E-01 1.599E-02 1.599E-02 2.117E-06 3.32E-04
5.821E-01 1.686E-02 1.686E-02 2.215E-06 3.39E-04
5.754E-01 1.777E-02 1.777E-02 2.318E-06 3.47E-04
5.689E-01 1.871E-02 1.871E-02 2.426E-06 3.55E-04
5.623E-01 1.970E-02 1.970E-02 2.539E-06 3.62E-04
5.559E-01 2.072E-02 2.072E-02 2.657E-06 3.70E-04
5.495E-01 2.179E-02 2.178E-02 2.782E-06 3.78E-04
5.433E-01 2.289E-02 2.289E-02 2.912E-06 3.87E-04
5.370E-01 2.404E-02 2.404E-02 3.050E-06 3.95E-04
5.309E-01 2.523E-02 2.523E-02 3.194E-06 4.04E-04
5.248E-01 2.647E-02 2.646E-02 3.345E-06 4.13E-04
5.188E-01 2.775E-02 2.774E-02 3.503E-06 4.22E-04
5.129E-01 2.908E-02 2.907E-02 3.670E-06 4.31E-04
5.070E-01 3.045E-02 3.045E-02 3.845E-06 4.40E-04
5.012E-01 3.187E-02 3.187E-02 4.029E-06 4.50E-04
4.955E-01 3.335E-02 3.334E-02 4.222E-06 4.60E-04
4.898E-01 3.487E-02 3.487E-02 4.425E-06 4.70E-04
4.842E-01 3.644E-02 3.644E-02 4.637E-06 4.79E-04
4.786E-01 3.807E-02 3.807E-02 4.860E-06 4.90E-04
4.732E-01 3.975E-02 3.974E-02 5.093E-06 5.00E-04
4.677E-01 4.148E-02 4.148E-02 5.339E-06 5.10E-04
4.624E-01 4.327E-02 4.326E-02 5.596E-06 5.20E-04
4.571E-01 4.511E-02 4.511E-02 5.867E-06 5.31E-04
4.519E-01 4.701E-02 4.700E-02 6.152E-06 5.41E-04
4.467E-01 4.897E-02 4.896E-02 6.451E-06 5.52E-04
4.416E-01 5.098E-02 5.097E-02 6.766E-06 5.63E-04
4.365E-01 5.305E-02 5.305E-02 7.096E-06 5.74E-04
4.315E-01 5.519E-02 5.518E-02 7.441E-06 5.84E-04
4.266E-01 5.738E-02 5.737E-02 7.802E-06 5.95E-04
4.217E-01 5.963E-02 5.962E-02 8.181E-06 6.05E-04
4.169E-01 6.194E-02 6.193E-02 8.579E-06 6.16E-04
4.121E-01 6.432E-02 6.431E-02 8.997E-06 6.27E-04
4.074E-01 6.676E-02 6.675E-02 9.436E-06 6.37E-04
4.027E-01 6.926E-02 6.925E-02 9.897E-06 6.48E-04
3.981E-01 7.182E-02 7.181E-02 1.038E-05 6.59E-04
3.935E-01 7.445E-02 7.444E-02 1.089E-05 6.70E-04
3.890E-01 7.714E-02 7.713E-02 1.142E-05 6.82E-04
3.846E-01 7.990E-02 7.988E-02 1.198E-05 6.93E-04
3.802E-01 8.272E-02 8.271E-02 1.257E-05 7.04E-04
3.758E-01 8.561E-02 8.559E-02 1.319E-05 7.15E-04
3.715E-01 8.856E-02 8.855E-02 1.384E-05 7.27E-04
3.673E-01 9.158E-02 9.157E-02 1.454E-05 7.38E-04
3.631E-01 9.467E-02 9.466E-02 1.527E-05 7.50E-04
3.589E-01 9.782E-02 9.781E-02 1.605E-05 7.62E-04
3.548E-01 1.010E-01 1.010E-01 1.688E-05 7.74E-04
3.508E-01 1.043E-01 1.043E-01 1.776E-05 7.85E-04
3.467E-01 1.077E-01 1.077E-01 1.869E-05 7.96E-04
3.428E-01 1.111E-01 1.111E-01 1.969E-05 8.06E-04
3.388E-01 1.146E-01 1.146E-01 2.076E-05 8.15E-04
3.350E-01 1.182E-01 1.182E-01 2.189E-05 8.22E-04
3.311E-01 1.218E-01 1.218E-01 2.310E-05 8.28E-04
3.273E-01 1.255E-01 1.255E-01 2.440E-05 8.32E-04
3.236E-01 1.293E-01 1.293E-01 2.579E-05 8.33E-04
3.199E-01 1.331E-01 1.331E-01 2.728E-05 8.32E-04
3.162E-01 1.370E-01 1.370E-01 2.887E-05 8.27E-04
3.126E-01 1.410E-01 1.410E-01 3.057E-05 8.19E-04
3.090E-01 1.451E-01 1.450E-01 3.238E-05 8.08E-04
3.055E-01 1.492E-01 1.491E-01 3.430E-05 7.94E-04
3.020E-01 1.529E-01 1.529E-01 3.636E-05 7.75E-04
2.985E-01 1.557E-01 1.556E-01 3.857E-05 7.52E-04
2.951E-01 1.587E-01 1.587E-01 4.095E-05 7.24E-04
2.917E-01 1.620E-01 1.619E-01 4.351E-05 6.91E-04
2.884E-01 1.656E-01 1.655E-01 4.631E-05 6.52E-04
2.851E-01 1.695E-01 1.695E-01 4.936E-05 6.06E-04
2.818E-01 1.739E-01 1.738E-01 5.289E-05 5.42E-04
2.786E-01 1.787E-01 1.786E-01 5.666E-05 4.78E-04
2.754E-01 1.840E-01 1.839E-01 6.071E-05 4.13E-04
2.723E-01 1.899E-01 1.898E-01 6.514E-05 3.49E-04
2.692E-01 1.965E-01 1.964E-01 7.003E-05 2.87E-04
2.661E-01 2.038E-01 2.037E-01 7.545E-05 2.30E-04
2.630E-01 2.120E-01 2.120E-01 8.151E-05 1.79E-04
2.600E-01 2.213E-01 2.212E-01 8.841E-05 1.34E-04
2.570E-01 2.317E-01 2.316E-01 9.617E-05 9.91E-05
2.541E-01 2.435E-01 2.434E-01 1.047E-04 7.54E-05
2.512E-01 2.568E-01 2.566E-01 1.143E-04 6.14E-05
2.483E-01 2.717E-01 2.716E-01 1.253E-04 5.62E-05
2.455E-01 2.886E-01 2.884E-01 1.378E-04 5.93E-05
2.427E-01 3.074E-01 3.073E-01 1.522E-04 7.19E-05
2.399E-01 3.283E-01 3.282E-01 1.689E-04 9.43E-05
2.371E-01 3.513E-01 3.511E-01 1.871E-04 1.28E-04
2.344E-01 3.759E-01 3.757E-01 2.065E-04 1.68E-04
2.317E-01 4.017E-01 4.015E-01 2.267E-04 2.12E-04
2.291E-01 4.275E-01 4.273E-01 2.475E-04 2.58E-04
2.265E-01 4.520E-01 4.518E-01 2.686E-04 3.05E-04
2.239E-01 4.733E-01 4.730E-01 2.910E-04 3.55E-04
2.213E-01 4.894E-01 4.891E-01 3.139E-04 4.08E-04
2.188E-01 4.986E-01 4.982E-01 3.320E-04 4.67E-04
2.163E-01 4.997E-01 4.993E-01 3.403E-04 5.35E-04
2.138E-01 4.926E-01 4.923E-01 3.389E-04 6.06E-04
2.113E-01 4.784E-01 4.780E-01 3.311E-04 6.77E-04
2.089E-01 4.587E-01 4.584E-01 3.182E-04 7.50E-04
2.065E-01 4.355E-01 4.352E-01 3.011E-04 8.25E-04
2.042E-01 4.108E-01 4.105E-01 2.806E-04 9.02E-04
2.018E-01 3.859E-01 3.857E-01 2.582E-04 9.82E-04
1.995E-01 3.620E-01 3.618E-01 2.351E-04 1.06E-03
1.972E-01 3.398E-01 3.396E-01 2.123E-04 1.15E-03
1.950E-01 3.196E-01 3.194E-01 1.908E-04 1.23E-03
1.928E-01 3.014E-01 3.012E-01 1.710E-04 1.32E-03
1.905E-01 2.852E-01 2.850E-01 1.532E-04 1.41E-03
1.884E-01 2.709E-01 2.708E-01 1.369E-04 1.51E-03
1.862E-01 2.583E-01 2.582E-01 1.228E-04 1.60E-03
1.841E-01 2.473E-01 2.472E-01 1.108E-04 1.71E-03
1.820E-01 2.376E-01 2.375E-01 1.005E-04 1.81E-03
1.799E-01 2.291E-01 2.290E-01 9.186E-05 1.93E-03
1.778E-01 2.217E-01 2.216E-01 8.478E-05 2.04E-03
1.758E-01 2.152E-01 2.151E-01 7.894E-05 2.16E-03
1.738E-01 2.095E-01 2.094E-01 7.420E-05 2.28E-03
1.718E-01 2.044E-01 2.043E-01 7.048E-05 2.40E-03
1.698E-01 2.000E-01 1.999E-01 6.771E-05 2.52E-03
1.679E-01 1.961E-01 1.961E-01 6.589E-05 2.64E-03
1.660E-01 1.930E-01 1.929E-01 6.502E-05 2.77E-03
1.641E-01 1.904E-01 1.903E-01 6.516E-05 2.89E-03
1.622E-01 1.884E-01 1.883E-01 6.625E-05 3.01E-03
1.603E-01 1.869E-01 1.868E-01 6.828E-05 3.14E-03
1.585E-01 1.859E-01 1.859E-01 7.132E-05 3.26E-03
1.567E-01 1.855E-01 1.854E-01 7.523E-05 3.39E-03
1.549E-01 1.855E-01 1.854E-01 8.003E-05 3.51E-03
1.531E-01 1.860E-01 1.859E-01 8.571E-05 3.65E-03
1.514E-01 1.870E-01 1.869E-01 9.237E-05 3.78E-03
1.496E-01 1.884E-01 1.883E-01 1.001E-04 3.92E-03
1.479E-01 1.903E-01 1.902E-01 1.091E-04 4.06E-03
1.462E-01 1.927E-01 1.926E-01 1.193E-04 4.19E-03
1.445E-01 1.956E-01 1.954E-01 1.311E-04 4.33E-03
1.429E-01 1.989E-01 1.988E-01 1.444E-04 4.47E-03
1.413E-01 2.028E-01 2.026E-01 1.592E-04 4.62E-03
1.396E-01 2.071E-01 2.069E-01 1.755E-04 4.77E-03
1.380E-01 2.119E-01 2.117E-01 1.933E-04 4.92E-03
1.365E-01 2.173E-01 2.171E-01 2.130E-04 5.08E-03
1.349E-01 2.232E-01 2.230E-01 2.351E-04 5.25E-03
1.334E-01 2.297E-01 2.295E-01 2.598E-04 5.44E-03
1.318E-01 2.368E-01 2.365E-01 2.873E-04 5.63E-03
1.303E-01 2.445E-01 2.442E-01 3.178E-04 5.84E-03
1.288E-01 2.577E-01 2.573E-01 3.518E-04 6.06E-03
1.274E-01 2.677E-01 2.673E-01 3.894E-04 6.30E-03
1.259E-01 2.782E-01 2.778E-01 4.310E-04 6.55E-03
1.245E-01 2.892E-01 2.887E-01 4.770E-04 6.82E-03
1.230E-01 3.007E-01 3.001E-01 5.276E-04 7.09E-03
1.216E-01 3.126E-01 3.120E-01 5.831E-04 7.37E-03
1.202E-01 3.249E-01 3.243E-01 6.438E-04 7.63E-03
1.189E-01 3.377E-01 3.370E-01 7.105E-04 7.88E-03
1.175E-01 3.508E-01 3.500E-01 7.828E-04 8.13E-03
1.161E-01 3.644E-01 3.635E-01 8.629E-04 8.36E-03
1.148E-01 3.783E-01 3.774E-01 9.558E-04 8.55E-03
1.135E-01 3.926E-01 3.915E-01 1.081E-03 8.77E-03
1.122E-01 4.073E-01 4.060E-01 1.213E-03 8.75E-03
1.109E-01 4.222E-01 4.209E-01 1.359E-03 8.45E-03
1.096E-01 4.375E-01 4.360E-01 1.520E-03 7.68E-03
1.084E-01 4.531E-01 4.514E-01 1.719E-03 6.85E-03
1.072E-01 4.690E-01 4.670E-01 1.949E-03 6.29E-03
1.059E-01 4.851E-01 4.829E-01 2.171E-03 6.15E-03
1.047E-01 5.013E-01 4.989E-01 2.384E-03 6.20E-03
1.035E-01 5.175E-01 5.150E-01 2.589E-03 6.23E-03
1.023E-01 5.339E-01 5.311E-01 2.786E-03 6.25E-03
1.012E-01 5.502E-01 5.472E-01 3.003E-03 6.16E-03
1.000E-01 5.686E-01 5.653E-01 3.250E-03 6.01E-03
9.886E-02 5.815E-01 5.779E-01 3.576E-03 5.76E-03
9.772E-02 5.951E-01 5.911E-01 3.948E-03 5.50E-03
9.661E-02 6.094E-01 6.050E-01 4.312E-03 5.36E-03
9.550E-02 6.243E-01 6.197E-01 4.644E-03 5.31E-03
9.441E-02 6.400E-01 6.351E-01 4.887E-03 5.35E-03
9.333E-02 6.565E-01 6.514E-01 5.080E-03 5.42E-03
9.226E-02 6.741E-01 6.688E-01 5.296E-03 5.49E-03
9.120E-02 6.928E-01 6.873E-01 5.501E-03 5.59E-03
9.016E-02 7.128E-01 7.072E-01 5.620E-03 5.78E-03
8.913E-02 7.344E-01 7.286E-01 5.756E-03 5.94E-03
8.810E-02 7.580E-01 7.520E-01 5.996E-03 5.98E-03
8.710E-02 7.839E-01 7.775E-01 6.386E-03 5.89E-03
8.610E-02 8.124E-01 8.056E-01 6.853E-03 5.77E-03
8.511E-02 8.439E-01 8.365E-01 7.404E-03 5.62E-03
8.414E-02 8.790E-01 8.709E-01 8.042E-03 5.48E-03
8.318E-02 9.180E-01 9.092E-01 8.775E-03 5.35E-03
8.222E-02 9.617E-01 9.521E-01 9.576E-03 5.28E-03
8.128E-02 1.011E+00 1.000E+00 1.042E-02 5.30E-03
8.035E-02 1.065E+00 1.054E+00 1.134E-02 5.36E-03
7.943E-02 1.126E+00 1.114E+00 1.231E-02 5.47E-03
7.852E-02 1.193E+00 1.180E+00 1.330E-02 5.64E-03
7.762E-02 1.266E+00 1.251E+00 1.424E-02 5.86E-03
7.674E-02 1.342E+00 1.327E+00 1.510E-02 6.11E-03
7.586E-02 1.421E+00 1.405E+00 1.590E-02 6.38E-03
7.499E-02 1.496E+00 1.479E+00 1.659E-02 6.67E-03
7.413E-02 1.562E+00 1.545E+00 1.717E-02 6.98E-03
7.328E-02 1.612E+00 1.595E+00 1.761E-02 7.31E-03
7.244E-02 1.642E+00 1.624E+00 1.802E-02 7.63E-03
7.161E-02 1.647E+00 1.629E+00 1.836E-02 7.96E-03
7.079E-02 1.629E+00 1.610E+00 1.855E-02 8.31E-03
6.998E-02 1.592E+00 1.573E+00 1.856E-02 8.67E-03
6.918E-02 1.542E+00 1.523E+00 1.841E-02 9.05E-03
6.839E-02 1.485E+00 1.467E+00 1.790E-02 9.47E-03
6.761E-02 1.427E+00 1.410E+00 1.718E-02 9.92E-03
6.683E-02 1.372E+00 1.356E+00 1.641E-02 1.04E-02
6.607E-02 1.322E+00 1.307E+00 1.561E-02 1.08E-02
6.531E-02 1.268E+00 1.253E+00 1.479E-02 1.13E-02
6.457E-02 1.213E+00 1.199E+00 1.420E-02 1.17E-02
6.383E-02 1.157E+00 1.144E+00 1.371E-02 1.21E-02
6.310E-02 1.102E+00 1.088E+00 1.329E-02 1.25E-02
6.237E-02 1.045E+00 1.032E+00 1.293E-02 1.29E-02
6.166E-02 9.882E-01 9.755E-01 1.269E-02 1.34E-02
6.095E-02 9.307E-01 9.182E-01 1.251E-02 1.38E-02
6.026E-02 8.726E-01 8.602E-01 1.236E-02 1.43E-02
5.957E-02 8.138E-01 8.016E-01 1.224E-02 1.47E-02
5.888E-02 7.544E-01 7.423E-01 1.213E-02 1.52E-02
5.821E-02 6.942E-01 6.822E-01 1.193E-02 1.57E-02
5.754E-02 6.098E-01 5.981E-01 1.172E-02 1.61E-02
5.689E-02 5.877E-01 5.762E-01 1.150E-02 1.66E-02
5.623E-02 5.648E-01 5.535E-01 1.125E-02 1.71E-02
5.559E-02 5.406E-01 5.296E-01 1.095E-02 1.76E-02
5.495E-02 5.170E-01 5.064E-01 1.064E-02 1.81E-02
5.433E-02 4.942E-01 4.838E-01 1.032E-02 1.86E-02
5.370E-02 4.729E-01 4.629E-01 1.002E-02 1.92E-02
5.309E-02 4.549E-01 4.451E-01 9.750E-03 1.97E-02
5.248E-02 4.381E-01 4.286E-01 9.497E-03 2.03E-02
5.188E-02 4.226E-01 4.133E-01 9.258E-03 2.09E-02
5.129E-02 4.077E-01 3.987E-01 9.041E-03 2.14E-02
5.070E-02 3.934E-01 3.846E-01 8.843E-03 2.20E-02
5.012E-02 3.798E-01 3.712E-01 8.660E-03 2.26E-02
4.955E-02 3.669E-01 3.584E-01 8.489E-03 2.32E-02
4.898E-02 3.548E-01 3.464E-01 8.331E-03 2.39E-02
4.842E-02 3.429E-01 3.347E-01 8.172E-03 2.45E-02
4.786E-02 3.313E-01 3.233E-01 8.011E-03 2.52E-02
4.732E-02 3.191E-01 3.113E-01 7.827E-03 2.58E-02
4.677E-02 3.070E-01 2.993E-01 7.635E-03 2.65E-02
4.624E-02 2.953E-01 2.878E-01 7.446E-03 2.73E-02
4.571E-02 2.851E-01 2.778E-01 7.274E-03 2.80E-02
4.519E-02 2.766E-01 2.695E-01 7.123E-03 2.87E-02
4.467E-02 2.685E-01 2.615E-01 6.968E-03 2.95E-02
4.416E-02 2.600E-01 2.532E-01 6.799E-03 3.03E-02
4.365E-02 2.494E-01 2.428E-01 6.599E-03 3.11E-02
4.315E-02 2.394E-01 2.330E-01 6.394E-03 3.19E-02
4.266E-02 2.304E-01 2.242E-01 6.183E-03 3.27E-02
4.217E-02 2.248E-01 2.188E-01 5.978E-03 3.36E-02
4.169E-02 2.204E-01 2.147E-01 5.785E-03 3.45E-02
4.121E-02 2.172E-01 2.116E-01 5.612E-03 3.54E-02
4.074E-02 2.142E-01 2.087E-01 5.476E-03 3.63E-02
4.027E-02 2.118E-01 2.065E-01 5.361E-03 3.73E-02
3.981E-02 2.101E-01 2.048E-01 5.261E-03 3.82E-02
3.935E-02 2.090E-01 2.039E-01 5.173E-03 3.92E-02
3.890E-02 2.088E-01 2.037E-01 5.106E-03 4.02E-02
3.846E-02 2.095E-01 2.044E-01 5.052E-03 4.13E-02
3.802E-02 2.113E-01 2.063E-01 5.038E-03 4.23E-02
3.758E-02 2.143E-01 2.093E-01 5.079E-03 4.34E-02
3.715E-02 2.208E-01 2.155E-01 5.263E-03 4.45E-02
3.673E-02 2.263E-01 2.209E-01 5.494E-03 4.56E-02
3.631E-02 2.288E-01 2.230E-01 5.732E-03 4.67E-02
3.589E-02 2.259E-01 2.200E-01 5.900E-03 4.78E-02
3.548E-02 2.209E-01 2.148E-01 6.035E-03 4.90E-02
3.508E-02 2.164E-01 2.103E-01 6.107E-03 5.02E-02
3.467E-02 2.122E-01 2.060E-01 6.145E-03 5.14E-02
3.428E-02 2.079E-01 2.017E-01 6.164E-03 5.27E-02
3.388E-02 2.037E-01 1.975E-01 6.190E-03 5.40E-02
3.350E-02 1.996E-01 1.934E-01 6.209E-03 5.53E-02
3.311E-02 1.956E-01 1.894E-01 6.224E-03 5.67E-02
3.273E-02 1.916E-01 1.854E-01 6.235E-03 5.81E-02
3.236E-02 1.877E-01 1.814E-01 6.241E-03 5.95E-02
3.199E-02 1.838E-01 1.775E-01 6.244E-03 6.10E-02
3.162E-02 1.800E-01 1.737E-01 6.243E-03 6.25E-02
3.126E-02 1.762E-01 1.700E-01 6.241E-03 6.41E-02
3.090E-02 1.725E-01 1.663E-01 6.237E-03 6.56E-02
3.055E-02 1.689E-01 1.627E-01 6.230E-03 6.73E-02
3.020E-02 1.653E-01 1.591E-01 6.222E-03 6.89E-02
2.985E-02 1.618E-01 1.556E-01 6.212E-03 7.06E-02
2.951E-02 1.583E-01 1.521E-01 6.200E-03 7.24E-02
2.917E-02 1.549E-01 1.487E-01 6.185E-03 7.41E-02
2.884E-02 1.516E-01 1.454E-01 6.169E-03 7.60E-02
2.851E-02 1.483E-01 1.422E-01 6.152E-03 7.78E-02
2.818E-02 1.452E-01 1.390E-01 6.133E-03 7.98E-02
2.786E-02 1.421E-01 1.360E-01 6.115E-03 8.17E-02
2.754E-02 1.390E-01 1.329E-01 6.096E-03 8.37E-02
2.723E-02 1.361E-01 1.300E-01 6.076E-03 8.58E-02
2.692E-02 1.332E-01 1.271E-01 6.056E-03 8.79E-02
2.661E-02 1.303E-01 1.243E-01 6.034E-03 9.00E-02
2.630E-02 1.275E-01 1.215E-01 6.011E-03 9.23E-02
2.600E-02 1.248E-01 1.188E-01 5.987E-03 9.45E-02
2.570E-02 1.221E-01 1.161E-01 5.961E-03 9.68E-02
2.541E-02 1.194E-01 1.135E-01 5.934E-03 9.92E-02
2.512E-02 1.168E-01 1.109E-01 5.905E-03 1.02E-01
2.483E-02 1.142E-01 1.084E-01 5.876E-03 1.04E-01
2.455E-02 1.117E-01 1.059E-01 5.847E-03 1.07E-01
2.427E-02 1.093E-01 1.035E-01 5.817E-03 1.09E-01
2.399E-02 1.069E-01 1.011E-01 5.786E-03 1.12E-01
2.371E-02 1.046E-01 9.885E-02 5.756E-03 1.15E-01
2.344E-02 1.023E-01 9.660E-02 5.724E-03 1.17E-01
2.317E-02 1.001E-01 9.439E-02 5.691E-03 1.20E-01
2.291E-02 9.790E-02 9.224E-02 5.658E-03 1.23E-01
2.265E-02 9.575E-02 9.013E-02 5.625E-03 1.26E-01
2.239E-02 9.365E-02 8.806E-02 5.590E-03 1.29E-01
2.213E-02 9.160E-02 8.604E-02 5.555E-03 1.32E-01
2.188E-02 8.959E-02 8.407E-02 5.519E-03 1.36E-01
2.163E-02 8.762E-02 8.214E-02 5.481E-03 1.39E-01
2.138E-02 8.571E-02 8.027E-02 5.445E-03 1.42E-01
2.113E-02 8.384E-02 7.843E-02 5.407E-03 1.46E-01
2.089E-02 8.198E-02 7.661E-02 5.368E-03 1.49E-01
2.065E-02 8.015E-02 7.483E-02 5.327E-03 1.53E-01
2.042E-02 7.843E-02 7.314E-02 5.290E-03 1.57E-01
2.018E-02 7.673E-02 7.148E-02 5.251E-03 1.60E-01
1.995E-02 7.503E-02 6.982E-02 5.209E-03 1.64E-01
1.972E-02 7.336E-02 6.819E-02 5.166E-03 1.68E-01
1.950E-02 7.170E-02 6.658E-02 5.122E-03 1.72E-01
1.928E-02 7.008E-02 6.500E-02 5.077E-03 1.76E-01
1.905E-02 6.849E-02 6.346E-02 5.031E-03 1.81E-01
1.884E-02 6.697E-02 6.198E-02 4.986E-03 1.85E-01
1.862E-02 6.547E-02 6.053E-02 4.940E-03 1.89E-01
1.841E-02 6.400E-02 5.911E-02 4.894E-03 1.94E-01
1.820E-02 6.256E-02 5.772E-02 4.846E-03 1.99E-01
1.799E-02 6.116E-02 5.636E-02 4.799E-03 2.03E-01
1.778E-02 5.981E-02 5.505E-02 4.751E-03 2.08E-01
1.758E-02 5.847E-02 5.377E-02 4.704E-03 2.13E-01
1.738E-02 5.716E-02 5.250E-02 4.655E-03 2.18E-01
1.718E-02 5.586E-02 5.126E-02 4.605E-03 2.23E-01
1.698E-02 5.459E-02 5.004E-02 4.555E-03 2.29E-01
1.679E-02 5.336E-02 4.885E-02 4.505E-03 2.34E-01
1.660E-02 5.215E-02 4.770E-02 4.455E-03 2.40E-01
1.641E-02 5.098E-02 4.658E-02 4.404E-03 2.45E-01
1.622E-02 4.982E-02 4.547E-02 4.352E-03 2.51E-01
1.603E-02 4.868E-02 4.438E-02 4.300E-03 2.57E-01
1.585E-02 4.757E-02 4.332E-02 4.247E-03 2.63E-01
1.567E-02 4.648E-02 4.229E-02 4.194E-03 2.69E-01
1.549E-02 4.543E-02 4.129E-02 4.141E-03 2.75E-01
1.531E-02 4.438E-02 4.030E-02 4.088E-03 2.82E-01
1.514E-02 4.336E-02 3.932E-02 4.034E-03 2.88E-01
1.496E-02 4.235E-02 3.837E-02 3.979E-03 2.95E-01
1.479E-02 4.136E-02 3.744E-02 3.925E-03 3.02E-01
1.462E-02 4.041E-02 3.654E-02 3.871E-03 3.09E-01
1.445E-02 3.948E-02 3.566E-02 3.817E-03 3.16E-01
1.429E-02 3.856E-02 3.480E-02 3.762E-03 3.23E-01
1.413E-02 3.766E-02 3.395E-02 3.706E-03 3.30E-01
1.396E-02 3.678E-02 3.313E-02 3.651E-03 3.38E-01
1.380E-02 3.593E-02 3.234E-02 3.596E-03 3.45E-01
1.365E-02 3.509E-02 3.155E-02 3.541E-03 3.53E-01
1.349E-02 3.427E-02 3.079E-02 3.485E-03 3.61E-01
1.334E-02 3.346E-02 3.003E-02 3.429E-03 3.69E-01
1.318E-02 3.267E-02 2.930E-02 3.373E-03 3.77E-01
1.303E-02 3.191E-02 2.859E-02 3.318E-03 3.85E-01
1.288E-02 3.116E-02 2.790E-02 3.264E-03 3.94E-01
1.274E-02 3.042E-02 2.722E-02 3.209E-03 4.02E-01
1.259E-02 2.970E-02 2.654E-02 3.153E-03 4.11E-01
1.245E-02 2.898E-02 2.588E-02 3.098E-03 4.19E-01
1.230E-02 2.830E-02 2.526E-02 3.045E-03 4.28E-01
1.216E-02 2.765E-02 2.466E-02 2.993E-03 4.37E-01
1.202E-02 2.700E-02 2.406E-02 2.940E-03 4.46E-01
1.189E-02 2.635E-02 2.346E-02 2.886E-03 4.55E-01
1.175E-02 2.571E-02 2.288E-02 2.832E-03 4.64E-01
1.161E-02 2.508E-02 2.230E-02 2.778E-03 4.74E-01
1.148E-02 2.445E-02 2.173E-02 2.724E-03 4.83E-01
1.135E-02 2.384E-02 2.117E-02 2.670E-03 4.92E-01
1.122E-02 2.325E-02 2.063E-02 2.617E-03 5.02E-01
1.109E-02 2.268E-02 2.012E-02 2.565E-03 5.11E-01
1.096E-02 2.212E-02 1.961E-02 2.513E-03 5.21E-01
1.084E-02 2.157E-02 1.911E-02 2.462E-03 5.31E-01
1.072E-02 2.104E-02 1.862E-02 2.411E-03 5.40E-01
1.059E-02 2.051E-02 1.815E-02 2.361E-03 5.50E-01
1.047E-02 2.001E-02 1.770E-02 2.312E-03 5.59E-01
1.035E-02 1.952E-02 1.726E-02 2.264E-03 5.69E-01
1.023E-02 1.904E-02 1.682E-02 2.216E-03 5.78E-01
1.012E-02 1.856E-02 1.639E-02 2.169E-03 5.88E-01
1.000E-02 1.809E-02 1.597E-02 2.122E-03 5.97E-01
9.886E-03 1.764E-02 1.556E-02 2.076E-03 6.06E-01
9.772E-03 1.719E-02 1.516E-02 2.030E-03 6.16E-01
9.661E-03 1.676E-02 1.477E-02 1.986E-03 6.25E-01
9.550E-03 1.634E-02 1.440E-02 1.943E-03 6.34E-01
9.441E-03 1.593E-02 1.403E-02 1.900E-03 6.42E-01
9.333E-03 1.553E-02 1.367E-02 1.858E-03 6.51E-01
9.226E-03 1.513E-02 1.331E-02 1.816E-03 6.59E-01
9.120E-03 1.474E-02 1.297E-02 1.775E-03 6.67E-01
9.016E-03 1.437E-02 1.263E-02 1.735E-03 6.75E-01
8.913E-03 1.400E-02 1.231E-02 1.695E-03 6.83E-01
8.810E-03 1.365E-02 1.199E-02 1.657E-03 6.91E-01
8.710E-03 1.330E-02 1.168E-02 1.619E-03 6.98E-01
8.610E-03 1.296E-02 1.138E-02 1.582E-03 7.05E-01
8.511E-03 1.262E-02 1.108E-02 1.545E-03 7.12E-01
8.414E-03 1.230E-02 1.079E-02 1.509E-03 7.18E-01
8.318E-03 1.198E-02 1.051E-02 1.474E-03 7.24E-01
8.222E-03 1.168E-02 1.024E-02 1.439E-03 7.30E-01
8.128E-03 1.137E-02 9.968E-03 1.405E-03 7.36E-01
8.035E-03 1.108E-02 9.706E-03 1.372E-03 7.41E-01
7.943E-03 1.079E-02 9.449E-03 1.339E-03 7.46E-01
7.852E-03 1.051E-02 9.200E-03 1.307E-03 7.51E-01
7.762E-03 1.024E-02 8.960E-03 1.276E-03 7.55E-01
7.674E-03 9.965E-03 8.721E-03 1.245E-03 7.59E-01
7.586E-03 9.701E-03 8.487E-03 1.214E-03 7.63E-01
7.499E-03 9.444E-03 8.260E-03 1.184E-03 7.67E-01
7.413E-03 9.197E-03 8.042E-03 1.155E-03 7.70E-01
7.328E-03 8.959E-03 7.833E-03 1.126E-03 7.74E-01
7.244E-03 8.726E-03 7.628E-03 1.098E-03 7.77E-01
7.161E-03 8.496E-03 7.426E-03 1.070E-03 7.80E-01
7.079E-03 8.274E-03 7.232E-03 1.042E-03 7.82E-01
6.998E-03 8.055E-03 7.040E-03 1.015E-03 7.85E-01
6.918E-03 7.840E-03 6.852E-03 9.880E-04 7.87E-01
6.839E-03 7.633E-03 6.671E-03 9.614E-04 7.90E-01
6.761E-03 7.430E-03 6.495E-03 9.350E-04 7.92E-01
6.683E-03 7.230E-03 6.322E-03 9.086E-04 7.95E-01
6.607E-03 7.034E-03 6.151E-03 8.824E-04 7.97E-01
6.531E-03 6.841E-03 5.985E-03 8.563E-04 7.99E-01
6.457E-03 6.658E-03 5.827E-03 8.310E-04 8.02E-01
6.383E-03 6.477E-03 5.672E-03 8.057E-04 8.04E-01
6.310E-03 6.299E-03 5.518E-03 7.803E-04 8.07E-01
6.237E-03 6.123E-03 5.368E-03 7.548E-04 8.09E-01
6.166E-03 5.956E-03 5.226E-03 7.302E-04 8.12E-01
6.095E-03 5.797E-03 5.091E-03 7.063E-04 8.15E-01
6.026E-03 5.639E-03 4.957E-03 6.820E-04 8.18E-01
5.957E-03 5.482E-03 4.825E-03 6.574E-04 8.21E-01
5.888E-03 5.327E-03 4.694E-03 6.325E-04 8.24E-01
5.821E-03 5.173E-03 4.565E-03 6.075E-04 8.27E-01
5.754E-03 5.022E-03 4.439E-03 5.823E-04 8.31E-01
5.689E-03 4.873E-03 4.316E-03 5.571E-04 8.34E-01
5.623E-03 4.729E-03 4.197E-03 5.321E-04 8.37E-01
5.559E-03 4.591E-03 4.083E-03 5.082E-04 8.41E-01
5.495E-03 4.455E-03 3.971E-03 4.838E-04 8.44E-01
5.433E-03 4.321E-03 3.862E-03 4.590E-04 8.48E-01
5.370E-03 4.190E-03 3.756E-03 4.339E-04 8.52E-01
5.309E-03 4.062E-03 3.653E-03 4.086E-04 8.55E-01
5.248E-03 3.937E-03 3.554E-03 3.831E-04 8.59E-01
5.188E-03 3.816E-03 3.459E-03 3.575E-04 8.62E-01
5.129E-03 3.706E-03 3.365E-03 3.408E-04 8.65E-01
5.070E-03 3.597E-03 3.272E-03 3.247E-04 8.69E-01
5.012E-03 3.485E-03 3.182E-03 3.029E-04 8.72E-01
4.955E-03 3.369E-03 3.094E-03 2.758E-04 8.75E-01
4.898E-03 3.252E-03 3.009E-03 2.438E-04 8.77E-01
4.842E-03 3.134E-03 2.927E-03 2.078E-04 8.80E-01
4.786E-03 3.017E-03 2.849E-03 1.688E-04 8.82E-01
4.732E-03 2.886E-03 2.770E-03 1.156E-04 8.85E-01
4.677E-03 2.753E-03 2.693E-03 6.044E-05 8.87E-01
4.624E-03 2.636E-03 2.618E-03 1.863E-05 8.89E-01
4.571E-03 2.548E-03 2.546E-03 2.263E-06 8.90E-01
4.519E-03 2.504E-03 2.478E-03 2.677E-05 8.92E-01
4.467E-03 2.524E-03 2.413E-03 1.115E-04 8.94E-01
4.416E-03 5.297E-02 5.215E-02 8.152E-04 8.96E-01
4.365E-03 5.183E-02 5.110E-02 7.214E-04 8.97E-01
4.315E-03 5.071E-02 5.006E-02 6.482E-04 8.98E-01
4.266E-03 4.966E-02 4.903E-02 6.302E-04 9.00E-01
4.217E-03 4.866E-02 4.801E-02 6.527E-04 9.01E-01
4.169E-03 4.769E-02 4.699E-02 7.010E-04 9.03E-01
4.121E-03 4.674E-02 4.599E-02 7.529E-04 9.04E-01
4.074E-03 4.579E-02 4.501E-02 7.809E-04 9.05E-01
4.027E-03 4.485E-02 4.404E-02 8.030E-04 9.07E-01
3.981E-03 4.390E-02 4.308E-02 8.158E-04 9.09E-01
3.935E-03 4.295E-02 4.214E-02 8.160E-04 9.10E-01
3.890E-03 4.201E-02 4.121E-02 8.011E-04 9.12E-01
3.846E-03 4.108E-02 4.029E-02 7.938E-04 9.14E-01
3.802E-03 4.017E-02 3.938E-02 7.960E-04 9.16E-01
3.758E-03 3.927E-02 3.848E-02 7.967E-04 9.18E-01
3.715E-03 3.839E-02 3.759E-02 7.955E-04 9.20E-01
3.673E-03 3.751E-02 3.672E-02 7.922E-04 9.22E-01
3.631E-03 3.666E-02 3.587E-02 7.876E-04 9.23E-01
3.589E-03 3.581E-02 3.503E-02 7.837E-04 9.25E-01
3.548E-03 3.497E-02 3.419E-02 7.791E-04 9.27E-01
3.508E-03 3.415E-02 3.338E-02 7.737E-04 9.28E-01
3.467E-03 3.334E-02 3.257E-02 7.673E-04 9.30E-01
3.428E-03 3.255E-02 3.179E-02 7.602E-04 9.31E-01
3.388E-03 3.177E-02 3.101E-02 7.532E-04 9.33E-01
3.350E-03 3.099E-02 3.025E-02 7.458E-04 9.34E-01
3.311E-03 3.024E-02 2.950E-02 7.379E-04 9.35E-01
3.273E-03 2.950E-02 2.877E-02 7.294E-04 9.36E-01
3.236E-03 2.878E-02 2.806E-02 7.205E-04 9.37E-01
3.199E-03 2.807E-02 2.736E-02 7.115E-04 9.38E-01
3.162E-03 2.737E-02 2.666E-02 7.023E-04 9.38E-01
3.126E-03 2.667E-02 2.598E-02 6.931E-04 9.39E-01
3.090E-03 2.600E-02 2.531E-02 6.838E-04 9.40E-01
3.055E-03 2.538E-02 2.470E-02 6.745E-04 9.41E-01
3.020E-03 2.476E-02 2.409E-02 6.650E-04 9.42E-01
2.985E-03 2.414E-02 2.348E-02 6.554E-04 9.43E-01
2.951E-03 2.352E-02 2.288E-02 6.457E-04 9.45E-01
2.917E-03 2.291E-02 2.227E-02 6.359E-04 9.46E-01
2.884E-03 2.230E-02 2.167E-02 6.260E-04 9.47E-01
2.851E-03 2.170E-02 2.108E-02 6.160E-04 9.48E-01
2.818E-03 2.110E-02 2.050E-02 6.059E-04 9.49E-01
2.786E-03 2.052E-02 1.992E-02 5.958E-04 9.51E-01
2.754E-03 1.995E-02 1.936E-02 5.856E-04 9.52E-01
2.723E-03 1.941E-02 1.884E-02 5.754E-04 9.53E-01
2.692E-03 1.888E-02 1.832E-02 5.652E-04 9.54E-01
2.661E-03 1.836E-02 1.781E-02 5.549E-04 9.54E-01
2.630E-03 1.786E-02 1.731E-02 5.447E-04 9.55E-01
2.600E-03 1.736E-02 1.682E-02 5.345E-04 9.56E-01
2.570E-03 1.688E-02 1.635E-02 5.243E-04 9.57E-01
2.541E-03 1.641E-02 1.589E-02 5.141E-04 9.57E-01
2.512E-03 1.596E-02 1.546E-02 5.040E-04 9.58E-01
2.483E-03 1.553E-02 1.504E-02 4.939E-04 9.59E-01
2.455E-03 1.510E-02 1.462E-02 4.843E-04 9.59E-01
2.427E-03 1.467E-02 1.420E-02 4.747E-04 9.60E-01
2.399E-03 1.426E-02 1.379E-02 4.652E-04 9.61E-01
2.371E-03 1.385E-02 1.339E-02 4.558E-04 9.62E-01
2.344E-03 1.345E-02 1.301E-02 4.465E-04 9.62E-01
2.317E-03 1.307E-02 1.263E-02 4.373E-04 9.63E-01
2.291E-03 1.270E-02 1.227E-02 4.283E-04 9.64E-01
2.265E-03 1.234E-02 1.192E-02 4.195E-04 9.65E-01
2.239E-03 1.200E-02 1.159E-02 4.108E-04 9.66E-01
2.213E-03 1.165E-02 1.125E-02 4.022E-04 9.66E-01
2.188E-03 1.131E-02 1.092E-02 3.937E-04 9.67E-01
2.163E-03 1.098E-02 1.060E-02 3.853E-04 9.68E-01
2.138E-03 1.066E-02 1.028E-02 3.771E-04 9.68E-01
2.113E-03 1.035E-02 9.979E-03 3.690E-04 9.69E-01
2.089E-03 1.005E-02 9.688E-03 3.611E-04 9.69E-01
2.065E-03 9.762E-03 9.409E-03 3.534E-04 9.70E-01
2.042E-03 9.477E-03 9.131E-03 3.457E-04 9.70E-01
2.018E-03 9.197E-03 8.859E-03 3.382E-04 9.71E-01
1.995E-03 8.923E-03 8.593E-03 3.308E-04 9.71E-01
1.972E-03 8.657E-03 8.334E-03 3.235E-04 9.72E-01
1.950E-03 8.400E-03 8.083E-03 3.163E-04 9.73E-01
1.928E-03 8.152E-03 7.843E-03 3.093E-04 9.73E-01
1.905E-03 7.914E-03 7.612E-03 3.025E-04 9.74E-01
1.884E-03 7.678E-03 7.382E-03 2.958E-04 9.74E-01
1.862E-03 7.447E-03 7.158E-03 2.891E-04 9.75E-01
1.841E-03 7.221E-03 6.939E-03 2.826E-04 9.75E-01
1.820E-03 7.002E-03 6.726E-03 2.762E-04 9.76E-01
1.799E-03 6.791E-03 6.521E-03 2.699E-04 9.76E-01
1.778E-03 6.588E-03 6.324E-03 2.638E-04 9.76E-01
1.758E-03 6.391E-03 6.133E-03 2.578E-04 9.77E-01
1.738E-03 6.197E-03 5.945E-03 2.519E-04 9.77E-01
1.718E-03 6.007E-03 5.761E-03 2.461E-04 9.78E-01
1.698E-03 5.823E-03 5.583E-03 2.403E-04 9.78E-01
1.679E-03 5.646E-03 5.411E-03 2.348E-04 9.79E-01
1.660E-03 5.475E-03 5.246E-03 2.293E-04 9.79E-01
1.641E-03 5.309E-03 5.085E-03 2.240E-04 9.80E-01
1.622E-03 5.146E-03 4.927E-03 2.189E-04 9.80E-01
1.603E-03 4.987E-03 4.773E-03 2.138E-04 9.80E-01
1.585E-03 4.833E-03 4.624E-03 2.088E-04 9.81E-01
1.567E-03 4.684E-03 4.480E-03 2.040E-04 9.81E-01
1.549E-03 4.541E-03 4.342E-03 1.992E-04 9.81E-01
1.531E-03 4.401E-03 4.206E-03 1.946E-04 9.82E-01
1.514E-03 4.264E-03 4.074E-03 1.900E-04 9.82E-01
1.496E-03 4.132E-03 3.946E-03 1.855E-04 9.82E-01
1.479E-03 4.003E-03 3.822E-03 1.811E-04 9.83E-01
1.462E-03 3.880E-03 3.703E-03 1.769E-04 9.83E-01
1.445E-03 3.759E-03 3.587E-03 1.727E-04 9.84E-01
1.429E-03 3.642E-03 3.473E-03 1.687E-04 9.84E-01
1.413E-03 3.527E-03 3.362E-03 1.647E-04 9.84E-01
1.396E-03 3.416E-03 3.256E-03 1.608E-04 9.84E-01
1.380E-03 3.310E-03 3.153E-03 1.570E-04 9.85E-01
1.365E-03 3.207E-03 3.053E-03 1.534E-04 9.85E-01
1.349E-03 3.106E-03 2.956E-03 1.497E-04 9.85E-01
1.334E-03 3.008E-03 2.862E-03 1.462E-04 9.86E-01
1.318E-03 2.914E-03 2.771E-03 1.427E-04 9.86E-01
1.303E-03 2.823E-03 2.684E-03 1.393E-04 9.86E-01
1.288E-03 2.736E-03 2.600E-03 1.361E-04 9.86E-01
1.274E-03 2.650E-03 2.517E-03 1.328E-04 9.87E-01
1.259E-03 2.566E-03 2.436E-03 1.296E-04 9.87E-01
1.245E-03 2.484E-03 2.357E-03 1.265E-04 9.87E-01
1.230E-03 2.407E-03 2.284E-03 1.235E-04 9.87E-01
1.216E-03 2.334E-03 2.213E-03 1.207E-04 9.88E-01
1.202E-03 2.262E-03 2.144E-03 1.179E-04 9.88E-01
1.189E-03 2.190E-03 2.075E-03 1.151E-04 9.88E-01
1.175E-03 2.120E-03 2.008E-03 1.123E-04 9.88E-01
1.161E-03 2.051E-03 1.942E-03 1.096E-04 9.89E-01
1.148E-03 1.984E-03 1.877E-03 1.070E-04 9.89E-01
1.135E-03 1.919E-03 1.814E-03 1.044E-04 9.89E-01
1.122E-03 1.856E-03 1.755E-03 1.019E-04 9.89E-01
1.109E-03 1.797E-03 1.698E-03 9.944E-05 9.89E-01
1.096E-03 1.739E-03 1.642E-03 9.704E-05 9.90E-01
1.084E-03 1.683E-03 1.588E-03 9.469E-05 9.90E-01
1.072E-03 1.628E-03 1.536E-03 9.240E-05 9.90E-01
1.059E-03 1.576E-03 1.485E-03 9.018E-05 9.90E-01
1.047E-03 1.525E-03 1.437E-03 8.801E-05 9.90E-01
1.035E-03 1.478E-03 1.392E-03 8.594E-05 9.91E-01
1.023E-03 1.431E-03 1.347E-03 8.388E-05 9.91E-01
1.012E-03 1.385E-03 1.303E-03 8.187E-05 9.91E-01
