w(micron)   Q_ext     Q_abs     Q_sca    g=<cos>
1.000E+03 1.122E-08 1.122E-08 2.612E-19 0.00E+00
9.886E+02 1.147E-08 1.147E-08 2.735E-19 0.00E+00
9.772E+02 1.172E-08 1.172E-08 2.864E-19 0.00E+00
9.661E+02 1.197E-08 1.197E-08 2.999E-19 0.00E+00
9.550E+02 1.224E-08 1.224E-08 3.140E-19 0.00E+00
9.441E+02 1.251E-08 1.251E-08 3.288E-19 0.00E+00
9.333E+02 1.278E-08 1.278E-08 3.443E-19 0.00E+00
9.226E+02 1.306E-08 1.306E-08 3.605E-19 0.00E+00
9.120E+02 1.335E-08 1.335E-08 3.775E-19 0.00E+00
9.016E+02 1.364E-08 1.364E-08 3.952E-19 0.00E+00
8.913E+02 1.395E-08 1.395E-08 4.138E-19 0.00E+00
8.810E+02 1.425E-08 1.425E-08 4.333E-19 0.00E+00
8.710E+02 1.457E-08 1.457E-08 4.537E-19 0.00E+00
8.610E+02 1.489E-08 1.489E-08 4.751E-19 0.00E+00
8.511E+02 1.522E-08 1.522E-08 4.975E-19 0.00E+00
8.414E+02 1.555E-08 1.555E-08 5.209E-19 0.00E+00
8.318E+02 1.590E-08 1.590E-08 5.454E-19 0.00E+00
8.222E+02 1.625E-08 1.625E-08 5.711E-19 0.00E+00
8.128E+02 1.661E-08 1.661E-08 5.980E-19 0.00E+00
8.035E+02 1.697E-08 1.697E-08 6.262E-19 0.00E+00
7.943E+02 1.735E-08 1.735E-08 6.557E-19 0.00E+00
7.852E+02 1.773E-08 1.773E-08 6.865E-19 0.00E+00
7.762E+02 1.813E-08 1.813E-08 7.189E-19 0.00E+00
7.674E+02 1.853E-08 1.853E-08 7.527E-19 0.00E+00
7.586E+02 1.894E-08 1.894E-08 7.882E-19 0.00E+00
7.499E+02 1.936E-08 1.936E-08 8.253E-19 0.00E+00
7.413E+02 1.979E-08 1.979E-08 8.642E-19 0.00E+00
7.328E+02 2.023E-08 2.023E-08 9.049E-19 0.00E+00
7.244E+02 2.068E-08 2.068E-08 9.475E-19 0.00E+00
7.161E+02 2.114E-08 2.114E-08 9.921E-19 0.00E+00
7.079E+02 2.161E-08 2.161E-08 1.039E-18 0.00E+00
6.998E+02 2.209E-08 2.209E-08 1.088E-18 0.00E+00
6.918E+02 2.258E-08 2.258E-08 1.139E-18 0.00E+00
6.839E+02 2.309E-08 2.309E-08 1.193E-18 0.00E+00
6.761E+02 2.360E-08 2.360E-08 1.249E-18 0.00E+00
6.683E+02 2.413E-08 2.413E-08 1.308E-18 0.00E+00
6.607E+02 2.467E-08 2.467E-08 1.369E-18 0.00E+00
6.531E+02 2.522E-08 2.522E-08 1.434E-18 0.00E+00
6.457E+02 2.578E-08 2.578E-08 1.501E-18 0.00E+00
6.383E+02 2.636E-08 2.636E-08 1.572E-18 0.00E+00
6.310E+02 2.695E-08 2.695E-08 1.646E-18 0.00E+00
6.237E+02 2.755E-08 2.755E-08 1.723E-18 0.00E+00
6.166E+02 2.817E-08 2.817E-08 1.805E-18 0.00E+00
6.095E+02 2.880E-08 2.880E-08 1.890E-18 0.00E+00
6.026E+02 2.945E-08 2.945E-08 1.979E-18 0.00E+00
5.957E+02 3.011E-08 3.011E-08 2.072E-18 0.00E+00
5.888E+02 3.079E-08 3.079E-08 2.169E-18 0.00E+00
5.821E+02 3.148E-08 3.148E-08 2.272E-18 0.00E+00
5.754E+02 3.219E-08 3.219E-08 2.378E-18 0.00E+00
5.689E+02 3.291E-08 3.291E-08 2.490E-18 0.00E+00
5.623E+02 3.365E-08 3.365E-08 2.608E-18 0.00E+00
5.559E+02 3.441E-08 3.441E-08 2.731E-18 0.00E+00
5.495E+02 3.519E-08 3.519E-08 2.859E-18 0.00E+00
5.433E+02 3.598E-08 3.598E-08 2.994E-18 0.00E+00
5.370E+02 3.679E-08 3.679E-08 3.135E-18 0.00E+00
5.309E+02 3.762E-08 3.762E-08 3.283E-18 0.00E+00
5.248E+02 3.847E-08 3.847E-08 3.437E-18 0.00E+00
5.188E+02 3.934E-08 3.934E-08 3.599E-18 0.00E+00
5.129E+02 4.023E-08 4.023E-08 3.768E-18 0.00E+00
5.070E+02 4.114E-08 4.114E-08 3.946E-18 0.00E+00
5.012E+02 4.208E-08 4.208E-08 4.132E-18 0.00E+00
4.955E+02 4.303E-08 4.303E-08 4.326E-18 0.00E+00
4.898E+02 4.400E-08 4.400E-08 4.530E-18 0.00E+00
4.842E+02 4.500E-08 4.500E-08 4.744E-18 0.00E+00
4.786E+02 4.602E-08 4.602E-08 4.967E-18 0.00E+00
4.732E+02 4.707E-08 4.707E-08 5.201E-18 0.00E+00
4.677E+02 4.814E-08 4.814E-08 5.446E-18 0.00E+00
4.624E+02 4.923E-08 4.923E-08 5.702E-18 0.00E+00
4.571E+02 5.035E-08 5.035E-08 5.971E-18 0.00E+00
4.519E+02 5.150E-08 5.150E-08 6.252E-18 0.00E+00
4.467E+02 5.267E-08 5.267E-08 6.546E-18 0.00E+00
4.416E+02 5.387E-08 5.387E-08 6.855E-18 0.00E+00
4.365E+02 5.509E-08 5.509E-08 7.178E-18 0.00E+00
4.315E+02 5.635E-08 5.635E-08 7.516E-18 0.00E+00
4.266E+02 5.763E-08 5.763E-08 7.869E-18 0.00E+00
4.217E+02 5.895E-08 5.895E-08 8.240E-18 0.00E+00
4.169E+02 6.030E-08 6.030E-08 8.628E-18 0.00E+00
4.121E+02 6.167E-08 6.167E-08 9.034E-18 0.00E+00
4.074E+02 6.308E-08 6.308E-08 9.460E-18 0.00E+00
4.027E+02 6.452E-08 6.452E-08 9.905E-18 0.00E+00
3.981E+02 6.600E-08 6.600E-08 1.037E-17 0.00E+00
3.936E+02 6.751E-08 6.751E-08 1.086E-17 0.00E+00
3.890E+02 6.906E-08 6.906E-08 1.137E-17 0.00E+00
3.846E+02 7.064E-08 7.064E-08 1.191E-17 0.00E+00
3.802E+02 7.226E-08 7.226E-08 1.247E-17 0.00E+00
3.758E+02 7.391E-08 7.391E-08 1.306E-17 0.00E+00
3.715E+02 7.561E-08 7.561E-08 1.367E-17 0.00E+00
3.673E+02 7.734E-08 7.734E-08 1.431E-17 0.00E+00
3.631E+02 7.912E-08 7.912E-08 1.499E-17 0.00E+00
3.589E+02 8.094E-08 8.094E-08 1.569E-17 0.00E+00
3.548E+02 8.280E-08 8.280E-08 1.643E-17 0.00E+00
3.508E+02 8.470E-08 8.470E-08 1.721E-17 0.00E+00
3.467E+02 8.665E-08 8.665E-08 1.802E-17 0.00E+00
3.428E+02 8.864E-08 8.864E-08 1.886E-17 0.00E+00
3.388E+02 9.068E-08 9.068E-08 1.975E-17 0.00E+00
3.350E+02 9.277E-08 9.277E-08 2.068E-17 0.00E+00
3.311E+02 9.490E-08 9.490E-08 2.166E-17 0.00E+00
3.273E+02 9.709E-08 9.709E-08 2.268E-17 0.00E+00
3.236E+02 9.933E-08 9.933E-08 2.374E-17 0.00E+00
3.199E+02 1.016E-07 1.016E-07 2.486E-17 0.00E+00
3.162E+02 1.040E-07 1.040E-07 2.603E-17 0.00E+00
3.126E+02 1.064E-07 1.064E-07 2.726E-17 0.00E+00
3.090E+02 1.088E-07 1.088E-07 2.854E-17 0.00E+00
3.055E+02 1.113E-07 1.113E-07 2.988E-17 0.00E+00
3.020E+02 1.139E-07 1.139E-07 3.129E-17 0.00E+00
2.985E+02 1.165E-07 1.165E-07 3.276E-17 0.00E+00
2.951E+02 1.192E-07 1.192E-07 3.431E-17 0.00E+00
2.917E+02 1.220E-07 1.220E-07 3.592E-17 0.00E+00
2.884E+02 1.248E-07 1.248E-07 3.761E-17 0.00E+00
2.851E+02 1.277E-07 1.277E-07 3.938E-17 0.00E+00
2.818E+02 1.307E-07 1.307E-07 4.124E-17 0.00E+00
2.786E+02 1.337E-07 1.337E-07 4.318E-17 0.00E+00
2.754E+02 1.368E-07 1.368E-07 4.521E-17 0.00E+00
2.723E+02 1.400E-07 1.400E-07 4.734E-17 0.00E+00
2.692E+02 1.432E-07 1.432E-07 4.957E-17 0.00E+00
2.661E+02 1.465E-07 1.465E-07 5.190E-17 0.00E+00
2.630E+02 1.499E-07 1.499E-07 5.434E-17 0.00E+00
2.600E+02 1.534E-07 1.534E-07 5.690E-17 0.00E+00
2.570E+02 1.570E-07 1.570E-07 5.958E-17 0.00E+00
2.541E+02 1.606E-07 1.606E-07 6.238E-17 0.00E+00
2.512E+02 1.644E-07 1.644E-07 6.532E-17 0.00E+00
2.483E+02 1.682E-07 1.682E-07 6.839E-17 0.00E+00
2.455E+02 1.721E-07 1.721E-07 7.161E-17 0.00E+00
2.427E+02 1.761E-07 1.761E-07 7.498E-17 0.00E+00
2.399E+02 1.802E-07 1.802E-07 7.851E-17 0.00E+00
2.371E+02 1.844E-07 1.844E-07 8.220E-17 0.00E+00
2.344E+02 1.887E-07 1.887E-07 8.607E-17 0.00E+00
2.317E+02 1.931E-07 1.931E-07 9.012E-17 0.00E+00
2.291E+02 1.976E-07 1.976E-07 9.436E-17 0.00E+00
2.265E+02 2.022E-07 2.022E-07 9.879E-17 0.00E+00
2.239E+02 2.069E-07 2.069E-07 1.034E-16 0.00E+00
2.213E+02 2.118E-07 2.118E-07 1.083E-16 0.00E+00
2.188E+02 2.167E-07 2.167E-07 1.134E-16 0.00E+00
2.163E+02 2.218E-07 2.218E-07 1.187E-16 0.00E+00
2.138E+02 2.270E-07 2.270E-07 1.243E-16 0.00E+00
2.113E+02 2.323E-07 2.323E-07 1.302E-16 0.00E+00
2.089E+02 2.377E-07 2.377E-07 1.363E-16 0.00E+00
2.065E+02 2.433E-07 2.433E-07 1.427E-16 0.00E+00
2.042E+02 2.489E-07 2.489E-07 1.494E-16 0.00E+00
2.018E+02 2.548E-07 2.548E-07 1.564E-16 0.00E+00
1.995E+02 2.607E-07 2.607E-07 1.638E-16 0.00E+00
1.972E+02 2.669E-07 2.669E-07 1.715E-16 0.00E+00
1.950E+02 2.731E-07 2.731E-07 1.796E-16 0.00E+00
1.928E+02 2.795E-07 2.795E-07 1.880E-16 0.00E+00
1.905E+02 2.861E-07 2.861E-07 1.968E-16 0.00E+00
1.884E+02 2.928E-07 2.928E-07 2.061E-16 0.00E+00
1.862E+02 2.997E-07 2.997E-07 2.158E-16 0.00E+00
1.841E+02 3.067E-07 3.067E-07 2.259E-16 0.00E+00
1.820E+02 3.139E-07 3.139E-07 2.365E-16 0.00E+00
1.799E+02 3.213E-07 3.213E-07 2.477E-16 0.00E+00
1.778E+02 3.289E-07 3.289E-07 2.593E-16 0.00E+00
1.758E+02 3.366E-07 3.366E-07 2.715E-16 0.00E+00
1.738E+02 3.445E-07 3.445E-07 2.842E-16 0.00E+00
1.718E+02 3.527E-07 3.527E-07 2.976E-16 0.00E+00
1.698E+02 3.610E-07 3.610E-07 3.116E-16 0.00E+00
1.679E+02 3.695E-07 3.695E-07 3.262E-16 0.00E+00
1.660E+02 3.782E-07 3.782E-07 3.415E-16 0.00E+00
1.641E+02 3.871E-07 3.871E-07 3.576E-16 0.00E+00
1.622E+02 3.963E-07 3.963E-07 3.744E-16 0.00E+00
1.603E+02 4.056E-07 4.056E-07 3.919E-16 0.00E+00
1.585E+02 4.152E-07 4.152E-07 4.103E-16 0.00E+00
1.567E+02 4.251E-07 4.251E-07 4.296E-16 0.00E+00
1.549E+02 4.351E-07 4.351E-07 4.498E-16 0.00E+00
1.531E+02 4.454E-07 4.454E-07 4.709E-16 0.00E+00
1.514E+02 4.560E-07 4.560E-07 4.930E-16 0.00E+00
1.496E+02 4.668E-07 4.668E-07 5.161E-16 0.00E+00
1.479E+02 4.779E-07 4.779E-07 5.404E-16 0.00E+00
1.462E+02 4.892E-07 4.892E-07 5.657E-16 0.00E+00
1.445E+02 5.009E-07 5.009E-07 5.923E-16 0.00E+00
1.429E+02 5.128E-07 5.128E-07 6.200E-16 0.00E+00
1.413E+02 5.250E-07 5.250E-07 6.491E-16 0.00E+00
1.396E+02 5.375E-07 5.375E-07 6.796E-16 0.00E+00
1.380E+02 5.503E-07 5.503E-07 7.115E-16 0.00E+00
1.365E+02 5.634E-07 5.634E-07 7.448E-16 0.00E+00
1.349E+02 5.768E-07 5.768E-07 7.797E-16 0.00E+00
1.334E+02 5.906E-07 5.906E-07 8.163E-16 0.00E+00
1.318E+02 6.047E-07 6.047E-07 8.546E-16 0.00E+00
1.303E+02 6.192E-07 6.192E-07 8.946E-16 0.00E+00
1.288E+02 6.340E-07 6.340E-07 9.365E-16 0.00E+00
1.274E+02 6.492E-07 6.492E-07 9.804E-16 0.00E+00
1.259E+02 6.647E-07 6.647E-07 1.026E-15 0.00E+00
1.245E+02 6.806E-07 6.806E-07 1.074E-15 0.00E+00
1.230E+02 6.970E-07 6.970E-07 1.125E-15 0.00E+00
1.216E+02 7.137E-07 7.137E-07 1.177E-15 0.00E+00
1.202E+02 7.309E-07 7.309E-07 1.232E-15 0.00E+00
1.189E+02 7.485E-07 7.485E-07 1.290E-15 0.00E+00
1.175E+02 7.665E-07 7.665E-07 1.351E-15 0.00E+00
1.161E+02 7.850E-07 7.850E-07 1.414E-15 0.00E+00
1.148E+02 8.039E-07 8.039E-07 1.480E-15 0.00E+00
1.135E+02 8.233E-07 8.233E-07 1.549E-15 0.00E+00
1.122E+02 8.432E-07 8.432E-07 1.621E-15 0.00E+00
1.109E+02 8.636E-07 8.636E-07 1.697E-15 0.00E+00
1.096E+02 8.845E-07 8.845E-07 1.777E-15 0.00E+00
1.084E+02 9.059E-07 9.059E-07 1.860E-15 0.00E+00
1.072E+02 9.279E-07 9.279E-07 1.946E-15 0.00E+00
1.059E+02 9.504E-07 9.504E-07 2.037E-15 0.00E+00
1.047E+02 9.735E-07 9.735E-07 2.132E-15 0.00E+00
1.035E+02 9.972E-07 9.972E-07 2.232E-15 0.00E+00
1.023E+02 1.021E-06 1.021E-06 2.336E-15 0.00E+00
1.012E+02 1.046E-06 1.046E-06 2.445E-15 0.00E+00
1.000E+02 1.072E-06 1.072E-06 2.559E-15 0.00E+00
9.886E+01 1.098E-06 1.098E-06 2.678E-15 0.00E+00
9.772E+01 1.125E-06 1.125E-06 2.803E-15 0.00E+00
9.661E+01 1.152E-06 1.152E-06 2.933E-15 0.00E+00
9.550E+01 1.180E-06 1.180E-06 3.070E-15 0.00E+00
9.441E+01 1.209E-06 1.209E-06 3.213E-15 0.00E+00
9.333E+01 1.239E-06 1.239E-06 3.362E-15 0.00E+00
9.226E+01 1.269E-06 1.269E-06 3.519E-15 0.00E+00
9.120E+01 1.300E-06 1.300E-06 3.682E-15 0.00E+00
9.016E+01 1.332E-06 1.332E-06 3.853E-15 0.00E+00
8.913E+01 1.365E-06 1.365E-06 4.032E-15 0.00E+00
8.810E+01 1.398E-06 1.398E-06 4.219E-15 0.00E+00
8.710E+01 1.433E-06 1.433E-06 4.415E-15 0.00E+00
8.610E+01 1.468E-06 1.468E-06 4.620E-15 0.00E+00
8.511E+01 1.504E-06 1.504E-06 4.834E-15 0.00E+00
8.414E+01 1.542E-06 1.542E-06 5.058E-15 0.00E+00
8.318E+01 1.580E-06 1.580E-06 5.293E-15 0.00E+00
8.222E+01 1.619E-06 1.619E-06 5.538E-15 0.00E+00
8.128E+01 1.659E-06 1.659E-06 5.794E-15 0.00E+00
8.035E+01 1.700E-06 1.700E-06 6.062E-15 0.00E+00
7.943E+01 1.742E-06 1.742E-06 6.342E-15 0.00E+00
7.852E+01 1.786E-06 1.786E-06 6.635E-15 0.00E+00
7.762E+01 1.830E-06 1.830E-06 6.942E-15 0.00E+00
7.674E+01 1.876E-06 1.876E-06 7.262E-15 0.00E+00
7.586E+01 1.923E-06 1.923E-06 7.597E-15 0.00E+00
7.499E+01 1.971E-06 1.971E-06 7.947E-15 0.00E+00
7.413E+01 2.020E-06 2.020E-06 8.313E-15 0.00E+00
7.328E+01 2.071E-06 2.071E-06 8.696E-15 0.00E+00
7.244E+01 2.123E-06 2.123E-06 9.096E-15 0.00E+00
7.161E+01 2.176E-06 2.176E-06 9.514E-15 0.00E+00
7.079E+01 2.231E-06 2.231E-06 9.951E-15 0.00E+00
6.998E+01 2.287E-06 2.287E-06 1.041E-14 0.00E+00
6.918E+01 2.345E-06 2.345E-06 1.089E-14 0.00E+00
6.839E+01 2.404E-06 2.404E-06 1.138E-14 0.00E+00
6.761E+01 2.465E-06 2.465E-06 1.191E-14 0.00E+00
6.683E+01 2.527E-06 2.527E-06 1.245E-14 0.00E+00
6.607E+01 2.592E-06 2.592E-06 1.302E-14 0.00E+00
6.531E+01 2.658E-06 2.658E-06 1.362E-14 0.00E+00
6.457E+01 2.725E-06 2.725E-06 1.424E-14 0.00E+00
6.383E+01 2.795E-06 2.795E-06 1.489E-14 0.00E+00
6.310E+01 2.867E-06 2.867E-06 1.557E-14 0.00E+00
6.237E+01 2.940E-06 2.940E-06 1.628E-14 0.00E+00
6.166E+01 3.016E-06 3.016E-06 1.702E-14 0.00E+00
6.095E+01 3.093E-06 3.093E-06 1.779E-14 0.00E+00
6.026E+01 3.173E-06 3.173E-06 1.860E-14 0.00E+00
5.957E+01 3.255E-06 3.255E-06 1.944E-14 0.00E+00
5.888E+01 3.340E-06 3.340E-06 2.032E-14 0.00E+00
5.821E+01 3.426E-06 3.426E-06 2.124E-14 0.00E+00
5.754E+01 3.516E-06 3.516E-06 2.221E-14 0.00E+00
5.689E+01 3.607E-06 3.607E-06 2.321E-14 0.00E+00
5.623E+01 3.702E-06 3.702E-06 2.426E-14 0.00E+00
5.559E+01 3.799E-06 3.799E-06 2.535E-14 0.00E+00
5.495E+01 3.899E-06 3.899E-06 2.649E-14 0.00E+00
5.433E+01 4.002E-06 4.002E-06 2.769E-14 0.00E+00
5.370E+01 4.108E-06 4.108E-06 2.893E-14 0.00E+00
5.309E+01 4.217E-06 4.217E-06 3.023E-14 0.00E+00
5.248E+01 4.329E-06 4.329E-06 3.159E-14 0.00E+00
5.188E+01 4.445E-06 4.445E-06 3.300E-14 0.00E+00
5.129E+01 4.564E-06 4.564E-06 3.448E-14 0.00E+00
5.070E+01 4.687E-06 4.687E-06 3.603E-14 0.00E+00
5.012E+01 4.813E-06 4.813E-06 3.763E-14 0.00E+00
4.955E+01 4.943E-06 4.943E-06 3.931E-14 0.00E+00
4.898E+01 5.078E-06 5.078E-06 4.107E-14 0.00E+00
4.842E+01 5.216E-06 5.216E-06 4.290E-14 0.00E+00
4.786E+01 5.359E-06 5.359E-06 4.480E-14 0.00E+00
4.732E+01 5.506E-06 5.506E-06 4.679E-14 0.00E+00
4.677E+01 5.658E-06 5.658E-06 4.887E-14 0.00E+00
4.624E+01 5.815E-06 5.815E-06 5.104E-14 0.00E+00
4.571E+01 5.977E-06 5.977E-06 5.330E-14 0.00E+00
4.519E+01 6.143E-06 6.143E-06 5.565E-14 0.00E+00
4.467E+01 6.316E-06 6.316E-06 5.811E-14 0.00E+00
4.416E+01 6.494E-06 6.494E-06 6.068E-14 0.00E+00
4.365E+01 6.677E-06 6.677E-06 6.335E-14 0.00E+00
4.315E+01 6.867E-06 6.867E-06 6.614E-14 0.00E+00
4.266E+01 7.062E-06 7.062E-06 6.905E-14 0.00E+00
4.217E+01 7.265E-06 7.265E-06 7.209E-14 0.00E+00
4.169E+01 7.473E-06 7.473E-06 7.525E-14 0.00E+00
4.121E+01 7.689E-06 7.689E-06 7.856E-14 0.00E+00
4.074E+01 7.912E-06 7.912E-06 8.200E-14 0.00E+00
4.027E+01 8.141E-06 8.141E-06 8.559E-14 0.00E+00
3.981E+01 8.379E-06 8.379E-06 8.934E-14 0.00E+00
3.936E+01 8.624E-06 8.624E-06 9.325E-14 0.00E+00
3.890E+01 8.877E-06 8.877E-06 9.733E-14 0.00E+00
3.846E+01 9.138E-06 9.138E-06 1.016E-13 0.00E+00
3.802E+01 9.408E-06 9.408E-06 1.060E-13 0.00E+00
3.758E+01 9.686E-06 9.686E-06 1.107E-13 0.00E+00
3.715E+01 9.972E-06 9.972E-06 1.155E-13 0.00E+00
3.673E+01 1.027E-05 1.027E-05 1.206E-13 0.00E+00
3.631E+01 1.057E-05 1.057E-05 1.258E-13 0.00E+00
3.589E+01 1.088E-05 1.088E-05 1.313E-13 0.00E+00
3.548E+01 1.120E-05 1.120E-05 1.371E-13 0.00E+00
3.508E+01 1.153E-05 1.153E-05 1.430E-13 0.00E+00
3.467E+01 1.187E-05 1.187E-05 1.493E-13 0.00E+00
3.428E+01 1.222E-05 1.222E-05 1.558E-13 0.00E+00
3.388E+01 1.257E-05 1.257E-05 1.627E-13 0.00E+00
3.350E+01 1.293E-05 1.293E-05 1.698E-13 0.00E+00
3.311E+01 1.330E-05 1.330E-05 1.772E-13 0.00E+00
3.273E+01 1.367E-05 1.367E-05 1.850E-13 0.00E+00
3.236E+01 1.405E-05 1.405E-05 1.931E-13 0.00E+00
3.199E+01 1.443E-05 1.443E-05 2.016E-13 0.00E+00
3.162E+01 1.481E-05 1.481E-05 2.104E-13 0.00E+00
3.126E+01 1.520E-05 1.520E-05 2.197E-13 0.00E+00
3.090E+01 1.559E-05 1.559E-05 2.294E-13 0.00E+00
3.055E+01 1.597E-05 1.597E-05 2.395E-13 0.00E+00
3.020E+01 1.635E-05 1.635E-05 2.501E-13 0.00E+00
2.985E+01 1.673E-05 1.673E-05 2.612E-13 0.00E+00
2.951E+01 1.711E-05 1.711E-05 2.727E-13 0.00E+00
2.917E+01 1.747E-05 1.747E-05 2.848E-13 0.00E+00
2.884E+01 1.783E-05 1.783E-05 2.975E-13 0.00E+00
2.851E+01 1.818E-05 1.818E-05 3.107E-13 0.00E+00
2.818E+01 1.853E-05 1.853E-05 3.246E-13 0.00E+00
2.786E+01 1.886E-05 1.886E-05 3.390E-13 0.00E+00
2.754E+01 1.919E-05 1.919E-05 3.542E-13 0.00E+00
2.723E+01 1.952E-05 1.952E-05 3.701E-13 0.00E+00
2.692E+01 1.985E-05 1.985E-05 3.867E-13 0.00E+00
2.661E+01 2.018E-05 2.018E-05 4.040E-13 0.00E+00
2.630E+01 2.054E-05 2.054E-05 4.222E-13 0.00E+00
2.600E+01 2.094E-05 2.094E-05 4.412E-13 0.00E+00
2.570E+01 2.141E-05 2.141E-05 4.612E-13 0.00E+00
2.541E+01 2.197E-05 2.197E-05 4.820E-13 0.00E+00
2.512E+01 2.271E-05 2.271E-05 5.039E-13 0.00E+00
2.483E+01 2.373E-05 2.373E-05 5.267E-13 0.00E+00
2.455E+01 2.522E-05 2.522E-05 5.506E-13 0.00E+00
2.427E+01 2.753E-05 2.753E-05 5.756E-13 0.00E+00
2.399E+01 3.137E-05 3.137E-05 6.018E-13 0.00E+00
2.371E+01 3.804E-05 3.804E-05 6.292E-13 0.00E+00
2.344E+01 4.904E-05 4.904E-05 6.580E-13 0.00E+00
2.317E+01 6.025E-05 6.025E-05 6.881E-13 0.00E+00
2.291E+01 5.856E-05 5.856E-05 7.197E-13 0.00E+00
2.265E+01 5.005E-05 5.005E-05 7.528E-13 0.00E+00
2.239E+01 4.663E-05 4.663E-05 7.874E-13 0.00E+00
2.213E+01 5.053E-05 5.053E-05 8.237E-13 0.00E+00
2.188E+01 6.423E-05 6.423E-05 8.617E-13 0.00E+00
2.163E+01 9.571E-05 9.571E-05 9.014E-13 0.00E+00
2.138E+01 1.517E-04 1.517E-04 9.431E-13 0.00E+00
2.113E+01 1.728E-04 1.728E-04 9.869E-13 0.00E+00
2.089E+01 1.173E-04 1.173E-04 1.033E-12 0.00E+00
2.065E+01 7.171E-05 7.171E-05 1.081E-12 0.00E+00
2.042E+01 4.843E-05 4.843E-05 1.131E-12 0.00E+00
2.018E+01 3.646E-05 3.646E-05 1.183E-12 0.00E+00
1.995E+01 2.985E-05 2.985E-05 1.239E-12 0.00E+00
1.972E+01 2.605E-05 2.605E-05 1.296E-12 0.00E+00
1.950E+01 2.398E-05 2.398E-05 1.357E-12 0.00E+00
1.928E+01 2.331E-05 2.331E-05 1.420E-12 0.00E+00
1.905E+01 2.433E-05 2.433E-05 1.486E-12 0.00E+00
1.884E+01 2.866E-05 2.866E-05 1.556E-12 0.00E+00
1.862E+01 4.285E-05 4.285E-05 1.628E-12 0.00E+00
1.841E+01 9.977E-05 9.977E-05 1.705E-12 0.00E+00
1.820E+01 1.600E-04 1.600E-04 1.785E-12 0.00E+00
1.799E+01 5.976E-05 5.976E-05 1.868E-12 0.00E+00
1.778E+01 3.129E-05 3.129E-05 1.956E-12 0.00E+00
1.758E+01 2.253E-05 2.253E-05 2.048E-12-1.07E-08
1.738E+01 1.912E-05 1.912E-05 2.144E-12 8.31E-09
1.718E+01 1.798E-05 1.798E-05 2.245E-12 2.79E-08
1.698E+01 1.874E-05 1.874E-05 2.351E-12 4.79E-08
1.679E+01 2.345E-05 2.345E-05 2.461E-12 6.80E-08
1.660E+01 4.814E-05 4.814E-05 2.577E-12 8.80E-08
1.641E+01 2.569E-04 2.569E-04 2.699E-12 1.09E-07
1.622E+01 5.141E-05 5.141E-05 2.826E-12 1.29E-07
1.603E+01 2.261E-05 2.261E-05 2.959E-12 1.51E-07
1.585E+01 1.651E-05 1.651E-05 3.099E-12 1.71E-07
1.567E+01 1.433E-05 1.433E-05 3.245E-12 1.92E-07
1.549E+01 1.337E-05 1.337E-05 3.398E-12 2.11E-07
1.531E+01 1.293E-05 1.293E-05 3.559E-12 2.32E-07
1.514E+01 1.278E-05 1.278E-05 3.727E-12 2.51E-07
1.496E+01 1.285E-05 1.285E-05 3.903E-12 2.72E-07
1.479E+01 1.308E-05 1.308E-05 4.088E-12 2.92E-07
1.462E+01 1.349E-05 1.349E-05 4.282E-12 3.13E-07
1.445E+01 1.410E-05 1.410E-05 4.484E-12 3.35E-07
1.429E+01 1.493E-05 1.493E-05 4.696E-12 3.57E-07
1.413E+01 1.608E-05 1.608E-05 4.918E-12 3.79E-07
1.396E+01 1.764E-05 1.764E-05 5.151E-12 4.03E-07
1.380E+01 1.980E-05 1.980E-05 5.394E-12 4.27E-07
1.365E+01 2.283E-05 2.283E-05 5.649E-12 4.52E-07
1.349E+01 2.721E-05 2.721E-05 5.916E-12 4.77E-07
1.334E+01 3.373E-05 3.373E-05 6.196E-12 5.04E-07
1.318E+01 4.359E-05 4.359E-05 6.490E-12 5.32E-07
1.303E+01 5.818E-05 5.818E-05 6.796E-12 5.61E-07
1.288E+01 7.672E-05 7.672E-05 7.118E-12 5.91E-07
1.274E+01 9.064E-05 9.064E-05 7.454E-12 6.22E-07
1.259E+01 8.838E-05 8.838E-05 7.807E-12 6.56E-07
1.245E+01 7.579E-05 7.579E-05 8.177E-12 6.92E-07
1.230E+01 6.671E-05 6.671E-05 8.564E-12 7.29E-07
1.216E+01 6.918E-05 6.918E-05 8.970E-12 7.65E-07
1.202E+01 9.485E-05 9.485E-05 9.394E-12 7.98E-07
1.189E+01 1.300E-04 1.300E-04 9.849E-12 8.31E-07
1.175E+01 1.077E-04 1.077E-04 1.034E-11 8.65E-07
1.161E+01 1.212E-04 1.212E-04 1.087E-11 8.97E-07
1.148E+01 1.904E-04 1.904E-04 1.106E-11 9.34E-07
1.135E+01 3.032E-04 3.032E-04 1.176E-11 9.65E-07
1.122E+01 2.769E-04 2.769E-04 1.233E-11 1.00E-06
1.109E+01 1.588E-04 1.588E-04 1.294E-11 1.04E-06
1.096E+01 9.200E-05 9.200E-05 1.356E-11 1.07E-06
1.084E+01 6.023E-05 6.023E-05 1.420E-11 1.11E-06
1.072E+01 4.392E-05 4.392E-05 1.488E-11 1.14E-06
1.059E+01 3.479E-05 3.479E-05 1.558E-11 1.18E-06
1.047E+01 2.934E-05 2.934E-05 1.631E-11 1.22E-06
1.035E+01 2.597E-05 2.597E-05 1.708E-11 1.26E-06
1.023E+01 2.389E-05 2.389E-05 1.788E-11 1.30E-06
1.012E+01 2.267E-05 2.267E-05 1.873E-11 1.34E-06
1.000E+01 2.208E-05 2.208E-05 1.961E-11 1.38E-06
9.886E+00 2.200E-05 2.200E-05 2.054E-11 1.42E-06
9.772E+00 2.236E-05 2.236E-05 2.151E-11 1.46E-06
9.661E+00 2.315E-05 2.315E-05 2.252E-11 1.50E-06
9.550E+00 2.442E-05 2.442E-05 2.359E-11 1.54E-06
9.441E+00 2.624E-05 2.624E-05 2.470E-11 1.59E-06
9.333E+00 2.878E-05 2.878E-05 2.586E-11 1.63E-06
9.226E+00 3.231E-05 3.231E-05 2.708E-11 1.67E-06
9.120E+00 3.734E-05 3.734E-05 2.836E-11 1.72E-06
9.016E+00 4.482E-05 4.482E-05 2.969E-11 1.77E-06
8.913E+00 5.657E-05 5.657E-05 3.109E-11 1.81E-06
8.810E+00 7.590E-05 7.590E-05 3.255E-11 1.86E-06
8.710E+00 1.055E-04 1.055E-04 3.408E-11 1.91E-06
8.610E+00 1.308E-04 1.308E-04 3.569E-11 1.97E-06
8.511E+00 1.247E-04 1.247E-04 3.736E-11 2.02E-06
8.414E+00 1.090E-04 1.090E-04 3.912E-11 2.07E-06
8.318E+00 1.052E-04 1.052E-04 4.096E-11 2.13E-06
8.222E+00 1.137E-04 1.137E-04 4.288E-11 2.19E-06
8.128E+00 1.326E-04 1.326E-04 4.490E-11 2.25E-06
8.035E+00 1.618E-04 1.618E-04 4.700E-11 2.31E-06
7.943E+00 2.005E-04 2.005E-04 4.921E-11 2.38E-06
7.852E+00 2.437E-04 2.437E-04 5.151E-11 2.45E-06
7.762E+00 2.773E-04 2.773E-04 5.393E-11 2.52E-06
7.674E+00 2.836E-04 2.836E-04 5.646E-11 2.59E-06
7.586E+00 2.582E-04 2.582E-04 5.911E-11 2.66E-06
7.499E+00 2.154E-04 2.154E-04 6.188E-11 2.73E-06
7.413E+00 1.722E-04 1.722E-04 6.478E-11 2.80E-06
7.328E+00 1.364E-04 1.364E-04 6.782E-11 2.86E-06
7.244E+00 1.092E-04 1.092E-04 7.100E-11 2.94E-06
7.161E+00 8.922E-05 8.922E-05 7.433E-11 3.01E-06
7.079E+00 7.476E-05 7.476E-05 7.782E-11 3.08E-06
6.998E+00 6.442E-05 6.442E-05 8.146E-11 3.16E-06
6.918E+00 5.722E-05 5.722E-05 8.528E-11 3.23E-06
6.839E+00 5.259E-05 5.259E-05 8.928E-11 3.31E-06
6.761E+00 5.027E-05 5.027E-05 9.346E-11 3.39E-06
6.683E+00 5.036E-05 5.036E-05 9.783E-11 3.48E-06
6.607E+00 5.344E-05 5.344E-05 1.024E-10 3.56E-06
6.531E+00 6.090E-05 6.090E-05 1.072E-10 3.65E-06
6.457E+00 7.564E-05 7.564E-05 1.122E-10 3.74E-06
6.383E+00 1.033E-04 1.033E-04 1.175E-10 3.84E-06
6.310E+00 1.510E-04 1.510E-04 1.229E-10 4.02E-06
6.237E+00 2.071E-04 2.071E-04 1.287E-10 3.96E-06
6.166E+00 2.077E-04 2.077E-04 1.347E-10 4.07E-06
6.095E+00 1.502E-04 1.502E-04 1.410E-10 4.17E-06
6.026E+00 9.902E-05 9.902E-05 1.476E-10 4.27E-06
5.957E+00 6.802E-05 6.802E-05 1.545E-10 4.36E-06
5.888E+00 4.994E-05 4.994E-05 1.618E-10 4.46E-06
5.821E+00 3.892E-05 3.892E-05 1.693E-10 4.57E-06
5.754E+00 3.181E-05 3.181E-05 1.772E-10 4.67E-06
5.689E+00 2.698E-05 2.698E-05 1.855E-10 4.78E-06
5.623E+00 2.355E-05 2.355E-05 1.941E-10 4.89E-06
5.559E+00 2.103E-05 2.103E-05 2.032E-10 5.00E-06
5.495E+00 1.912E-05 1.912E-05 2.127E-10 5.11E-06
5.433E+00 1.764E-05 1.764E-05 2.226E-10 5.23E-06
5.370E+00 1.646E-05 1.646E-05 2.330E-10 5.34E-06
5.309E+00 1.552E-05 1.552E-05 2.438E-10 5.46E-06
5.248E+00 1.476E-05 1.476E-05 2.552E-10 5.59E-06
5.188E+00 1.413E-05 1.413E-05 2.671E-10 5.72E-06
5.129E+00 1.361E-05 1.361E-05 2.795E-10 5.85E-06
5.070E+00 1.318E-05 1.318E-05 2.925E-10 5.99E-06
5.012E+00 1.282E-05 1.282E-05 3.061E-10 6.12E-06
4.955E+00 1.251E-05 1.251E-05 3.204E-10 6.26E-06
4.898E+00 1.226E-05 1.226E-05 3.353E-10 6.41E-06
4.842E+00 1.205E-05 1.205E-05 3.509E-10 6.55E-06
4.786E+00 1.188E-05 1.188E-05 3.673E-10 6.70E-06
4.732E+00 1.174E-05 1.174E-05 3.844E-10 6.85E-06
4.677E+00 1.163E-05 1.163E-05 4.023E-10 7.00E-06
4.624E+00 1.155E-05 1.155E-05 4.210E-10 7.16E-06
4.571E+00 1.149E-05 1.148E-05 4.406E-10 7.32E-06
4.519E+00 1.144E-05 1.144E-05 4.611E-10 7.48E-06
4.467E+00 1.142E-05 1.142E-05 4.825E-10 7.64E-06
4.416E+00 1.142E-05 1.142E-05 5.050E-10 7.81E-06
4.365E+00 1.143E-05 1.143E-05 5.284E-10 7.98E-06
4.315E+00 1.146E-05 1.146E-05 5.530E-10 8.16E-06
4.266E+00 1.150E-05 1.150E-05 5.787E-10 8.34E-06
4.217E+00 1.155E-05 1.155E-05 6.056E-10 8.52E-06
4.169E+00 1.162E-05 1.162E-05 6.337E-10 8.71E-06
4.121E+00 1.171E-05 1.171E-05 6.631E-10 8.89E-06
4.074E+00 1.180E-05 1.180E-05 6.939E-10 9.09E-06
4.027E+00 1.191E-05 1.191E-05 7.261E-10 9.28E-06
3.981E+00 1.204E-05 1.204E-05 7.598E-10 9.48E-06
3.936E+00 1.218E-05 1.218E-05 7.951E-10 9.69E-06
3.890E+00 1.234E-05 1.234E-05 8.320E-10 9.89E-06
3.846E+00 1.253E-05 1.253E-05 8.706E-10 1.01E-05
3.802E+00 1.273E-05 1.273E-05 9.110E-10 1.03E-05
3.758E+00 1.298E-05 1.298E-05 9.534E-10 1.05E-05
3.715E+00 1.326E-05 1.326E-05 9.976E-10 1.08E-05
3.673E+00 1.361E-05 1.361E-05 1.044E-09 1.10E-05
3.631E+00 1.404E-05 1.404E-05 1.092E-09 1.12E-05
3.589E+00 1.460E-05 1.460E-05 1.143E-09 1.14E-05
3.548E+00 1.539E-05 1.538E-05 1.196E-09 1.17E-05
3.508E+00 1.656E-05 1.656E-05 1.252E-09 1.19E-05
3.467E+00 1.851E-05 1.851E-05 1.310E-09 1.22E-05
3.428E+00 2.226E-05 2.226E-05 1.371E-09 1.24E-05
3.388E+00 3.135E-05 3.134E-05 1.434E-09 1.27E-05
3.350E+00 6.407E-05 6.406E-05 1.500E-09 1.29E-05
3.311E+00 2.836E-04 2.836E-04 1.570E-09 1.32E-05
3.273E+00 1.420E-04 1.420E-04 1.643E-09 1.35E-05
3.236E+00 4.540E-05 4.540E-05 1.719E-09 1.37E-05
3.199E+00 2.759E-05 2.759E-05 1.799E-09 1.40E-05
3.162E+00 2.183E-05 2.183E-05 1.882E-09 1.43E-05
3.126E+00 1.943E-05 1.943E-05 1.969E-09 1.46E-05
3.090E+00 1.826E-05 1.826E-05 2.060E-09 1.49E-05
3.055E+00 1.767E-05 1.767E-05 2.156E-09 1.52E-05
3.020E+00 1.738E-05 1.738E-05 2.255E-09 1.55E-05
2.985E+00 1.727E-05 1.727E-05 2.360E-09 1.58E-05
2.951E+00 1.727E-05 1.726E-05 2.469E-09 1.62E-05
2.917E+00 1.734E-05 1.733E-05 2.583E-09 1.65E-05
2.884E+00 1.746E-05 1.746E-05 2.703E-09 1.68E-05
2.851E+00 1.762E-05 1.762E-05 2.828E-09 1.72E-05
2.818E+00 1.781E-05 1.781E-05 2.959E-09 1.75E-05
2.786E+00 1.802E-05 1.802E-05 3.096E-09 1.79E-05
2.754E+00 1.825E-05 1.824E-05 3.239E-09 1.82E-05
2.723E+00 1.850E-05 1.849E-05 3.388E-09 1.86E-05
2.692E+00 1.875E-05 1.875E-05 3.544E-09 1.90E-05
2.661E+00 1.902E-05 1.902E-05 3.709E-09 1.94E-05
2.630E+00 1.931E-05 1.930E-05 3.880E-09 1.98E-05
2.600E+00 1.959E-05 1.959E-05 4.059E-09 2.02E-05
2.570E+00 1.989E-05 1.988E-05 4.246E-09 2.06E-05
2.541E+00 2.019E-05 2.019E-05 4.442E-09 2.10E-05
2.512E+00 2.050E-05 2.050E-05 4.647E-09 2.15E-05
2.483E+00 2.083E-05 2.082E-05 4.861E-09 2.19E-05
2.455E+00 2.116E-05 2.115E-05 5.086E-09 2.24E-05
2.427E+00 2.150E-05 2.149E-05 5.320E-09 2.28E-05
2.399E+00 2.184E-05 2.184E-05 5.566E-09 2.33E-05
2.371E+00 2.220E-05 2.219E-05 5.823E-09 2.38E-05
2.344E+00 2.256E-05 2.256E-05 6.092E-09 2.43E-05
2.317E+00 2.293E-05 2.293E-05 6.373E-09 2.48E-05
2.291E+00 2.332E-05 2.331E-05 6.667E-09 2.52E-05
2.265E+00 2.370E-05 2.370E-05 6.975E-09 2.58E-05
2.239E+00 2.410E-05 2.410E-05 7.298E-09 2.63E-05
2.213E+00 2.451E-05 2.450E-05 7.635E-09 2.68E-05
2.188E+00 2.492E-05 2.492E-05 7.988E-09 2.73E-05
2.163E+00 2.535E-05 2.534E-05 8.356E-09 2.79E-05
2.138E+00 2.578E-05 2.577E-05 8.742E-09 2.84E-05
2.113E+00 2.622E-05 2.621E-05 9.145E-09 2.90E-05
2.089E+00 2.666E-05 2.665E-05 9.567E-09 2.96E-05
2.065E+00 2.712E-05 2.711E-05 1.001E-08 3.02E-05
2.042E+00 2.758E-05 2.757E-05 1.047E-08 3.08E-05
2.018E+00 2.805E-05 2.804E-05 1.095E-08 3.14E-05
1.995E+00 2.853E-05 2.852E-05 1.146E-08 3.20E-05
1.972E+00 2.902E-05 2.901E-05 1.199E-08 3.27E-05
1.950E+00 2.952E-05 2.951E-05 1.254E-08 3.33E-05
1.928E+00 3.003E-05 3.001E-05 1.312E-08 3.40E-05
1.905E+00 3.055E-05 3.053E-05 1.372E-08 3.47E-05
1.884E+00 3.108E-05 3.107E-05 1.435E-08 3.53E-05
1.862E+00 3.162E-05 3.161E-05 1.502E-08 3.60E-05
1.841E+00 3.217E-05 3.216E-05 1.571E-08 3.68E-05
1.820E+00 3.274E-05 3.272E-05 1.643E-08 3.75E-05
1.799E+00 3.331E-05 3.330E-05 1.719E-08 3.82E-05
1.778E+00 3.390E-05 3.388E-05 1.798E-08 3.90E-05
1.758E+00 3.450E-05 3.448E-05 1.881E-08 3.97E-05
1.738E+00 3.511E-05 3.509E-05 1.968E-08 4.05E-05
1.718E+00 3.573E-05 3.571E-05 2.059E-08 4.13E-05
1.698E+00 3.636E-05 3.634E-05 2.154E-08 4.21E-05
1.679E+00 3.701E-05 3.698E-05 2.253E-08 4.29E-05
1.660E+00 3.766E-05 3.764E-05 2.356E-08 4.38E-05
1.641E+00 3.832E-05 3.829E-05 2.465E-08 4.47E-05
1.622E+00 3.898E-05 3.896E-05 2.578E-08 4.55E-05
1.603E+00 3.966E-05 3.964E-05 2.697E-08 4.65E-05
1.585E+00 4.035E-05 4.032E-05 2.821E-08 4.74E-05
1.567E+00 4.105E-05 4.102E-05 2.950E-08 4.84E-05
1.549E+00 4.177E-05 4.174E-05 3.086E-08 4.93E-05
1.531E+00 4.250E-05 4.247E-05 3.229E-08 5.03E-05
1.514E+00 4.325E-05 4.321E-05 3.378E-08 5.13E-05
1.496E+00 4.401E-05 4.398E-05 3.534E-08 5.23E-05
1.479E+00 4.480E-05 4.476E-05 3.697E-08 5.33E-05
1.462E+00 4.560E-05 4.556E-05 3.868E-08 5.43E-05
1.445E+00 4.643E-05 4.639E-05 4.047E-08 5.54E-05
1.429E+00 4.728E-05 4.724E-05 4.233E-08 5.64E-05
1.413E+00 4.815E-05 4.811E-05 4.429E-08 5.75E-05
1.396E+00 4.905E-05 4.900E-05 4.633E-08 5.86E-05
1.380E+00 4.997E-05 4.992E-05 4.846E-08 5.97E-05
1.365E+00 5.091E-05 5.086E-05 5.070E-08 6.08E-05
1.349E+00 5.187E-05 5.182E-05 5.303E-08 6.20E-05
1.334E+00 5.286E-05 5.280E-05 5.548E-08 6.32E-05
1.318E+00 5.387E-05 5.381E-05 5.803E-08 6.44E-05
1.303E+00 5.492E-05 5.486E-05 6.070E-08 6.56E-05
1.288E+00 5.600E-05 5.593E-05 6.349E-08 6.69E-05
1.274E+00 5.711E-05 5.705E-05 6.641E-08 6.82E-05
1.259E+00 5.828E-05 5.821E-05 6.946E-08 6.96E-05
1.245E+00 5.948E-05 5.941E-05 7.266E-08 7.09E-05
1.230E+00 6.074E-05 6.067E-05 7.601E-08 7.23E-05
1.216E+00 6.208E-05 6.200E-05 7.951E-08 7.37E-05
1.202E+00 6.351E-05 6.342E-05 8.318E-08 7.51E-05
1.189E+00 6.505E-05 6.496E-05 8.701E-08 7.66E-05
1.175E+00 6.673E-05 6.664E-05 9.102E-08 7.81E-05
1.161E+00 6.859E-05 6.850E-05 9.522E-08 7.96E-05
1.148E+00 7.068E-05 7.058E-05 9.960E-08 8.11E-05
1.135E+00 7.307E-05 7.296E-05 1.042E-07 8.26E-05
1.122E+00 7.584E-05 7.573E-05 1.090E-07 8.42E-05
1.109E+00 7.914E-05 7.903E-05 1.140E-07 8.58E-05
1.096E+00 8.315E-05 8.303E-05 1.193E-07 8.75E-05
1.084E+00 8.811E-05 8.799E-05 1.247E-07 8.91E-05
1.072E+00 9.441E-05 9.428E-05 1.305E-07 9.08E-05
1.059E+00 1.026E-04 1.025E-04 1.365E-07 9.25E-05
1.047E+00 1.135E-04 1.133E-04 1.427E-07 9.43E-05
1.035E+00 1.281E-04 1.280E-04 1.493E-07 9.61E-05
1.023E+00 1.482E-04 1.480E-04 1.562E-07 9.79E-05
1.012E+00 1.755E-04 1.753E-04 1.633E-07 9.98E-05
1.000E+00 2.119E-04 2.118E-04 1.708E-07 1.02E-04
9.886E-01 2.582E-04 2.580E-04 1.787E-07 1.04E-04
9.772E-01 3.128E-04 3.126E-04 1.869E-07 1.06E-04
9.661E-01 3.720E-04 3.718E-04 1.954E-07 1.08E-04
9.550E-01 4.317E-04 4.315E-04 2.044E-07 1.10E-04
9.441E-01 4.894E-04 4.891E-04 2.138E-07 1.12E-04
9.333E-01 5.438E-04 5.435E-04 2.236E-07 1.14E-04
9.226E-01 5.952E-04 5.949E-04 2.338E-07 1.16E-04
9.120E-01 6.447E-04 6.445E-04 2.445E-07 1.19E-04
9.016E-01 6.945E-04 6.942E-04 2.557E-07 1.21E-04
8.913E-01 7.474E-04 7.471E-04 2.673E-07 1.23E-04
8.810E-01 8.077E-04 8.074E-04 2.796E-07 1.26E-04
8.710E-01 8.812E-04 8.809E-04 2.923E-07 1.28E-04
8.610E-01 9.751E-04 9.747E-04 3.056E-07 1.31E-04
8.511E-01 1.098E-03 1.098E-03 3.196E-07 1.34E-04
8.414E-01 1.259E-03 1.259E-03 3.342E-07 1.36E-04
8.318E-01 1.462E-03 1.462E-03 3.494E-07 1.39E-04
8.222E-01 1.702E-03 1.701E-03 3.653E-07 1.42E-04
8.128E-01 1.965E-03 1.964E-03 3.820E-07 1.45E-04
8.035E-01 2.237E-03 2.236E-03 3.994E-07 1.48E-04
7.943E-01 2.509E-03 2.508E-03 4.175E-07 1.51E-04
7.852E-01 2.780E-03 2.779E-03 4.366E-07 1.54E-04
7.762E-01 3.052E-03 3.051E-03 4.564E-07 1.57E-04
7.674E-01 3.327E-03 3.326E-03 4.772E-07 1.61E-04
7.586E-01 3.608E-03 3.608E-03 4.989E-07 1.64E-04
7.499E-01 3.898E-03 3.898E-03 5.216E-07 1.67E-04
7.413E-01 4.199E-03 4.198E-03 5.454E-07 1.71E-04
7.328E-01 4.512E-03 4.511E-03 5.702E-07 1.74E-04
7.244E-01 4.838E-03 4.838E-03 5.962E-07 1.78E-04
7.161E-01 5.180E-03 5.179E-03 6.233E-07 1.82E-04
7.079E-01 5.538E-03 5.537E-03 6.517E-07 1.86E-04
6.998E-01 5.913E-03 5.912E-03 6.814E-07 1.90E-04
6.918E-01 6.307E-03 6.306E-03 7.125E-07 1.94E-04
6.839E-01 6.719E-03 6.719E-03 7.449E-07 1.98E-04
6.761E-01 7.153E-03 7.152E-03 7.789E-07 2.03E-04
6.683E-01 7.607E-03 7.606E-03 8.145E-07 2.07E-04
6.607E-01 8.083E-03 8.082E-03 8.517E-07 2.12E-04
6.531E-01 8.582E-03 8.581E-03 8.906E-07 2.16E-04
6.457E-01 9.105E-03 9.104E-03 9.315E-07 2.21E-04
6.383E-01 9.652E-03 9.651E-03 9.742E-07 2.26E-04
6.310E-01 1.023E-02 1.022E-02 1.019E-06 2.31E-04
6.237E-01 1.082E-02 1.082E-02 1.066E-06 2.36E-04
6.166E-01 1.145E-02 1.145E-02 1.115E-06 2.42E-04
6.095E-01 1.211E-02 1.210E-02 1.166E-06 2.47E-04
6.026E-01 1.279E-02 1.279E-02 1.220E-06 2.52E-04
5.957E-01 1.350E-02 1.350E-02 1.276E-06 2.58E-04
5.888E-01 1.425E-02 1.425E-02 1.335E-06 2.64E-04
5.821E-01 1.502E-02 1.502E-02 1.397E-06 2.70E-04
5.754E-01 1.583E-02 1.583E-02 1.462E-06 2.76E-04
5.689E-01 1.668E-02 1.667E-02 1.530E-06 2.82E-04
5.623E-01 1.755E-02 1.755E-02 1.601E-06 2.88E-04
5.559E-01 1.847E-02 1.846E-02 1.676E-06 2.94E-04
5.495E-01 1.941E-02 1.941E-02 1.755E-06 3.01E-04
5.433E-01 2.040E-02 2.040E-02 1.837E-06 3.07E-04
5.370E-01 2.142E-02 2.142E-02 1.924E-06 3.14E-04
5.309E-01 2.248E-02 2.248E-02 2.015E-06 3.21E-04
5.248E-01 2.359E-02 2.358E-02 2.110E-06 3.28E-04
5.188E-01 2.473E-02 2.472E-02 2.210E-06 3.35E-04
5.129E-01 2.591E-02 2.591E-02 2.315E-06 3.42E-04
5.070E-01 2.714E-02 2.713E-02 2.425E-06 3.50E-04
5.012E-01 2.840E-02 2.840E-02 2.541E-06 3.57E-04
4.955E-01 2.972E-02 2.971E-02 2.663E-06 3.65E-04
4.898E-01 3.107E-02 3.107E-02 2.791E-06 3.73E-04
4.842E-01 3.248E-02 3.247E-02 2.925E-06 3.81E-04
4.786E-01 3.393E-02 3.392E-02 3.065E-06 3.89E-04
4.732E-01 3.542E-02 3.542E-02 3.213E-06 3.97E-04
4.677E-01 3.697E-02 3.696E-02 3.367E-06 4.05E-04
4.624E-01 3.856E-02 3.856E-02 3.530E-06 4.13E-04
4.571E-01 4.020E-02 4.020E-02 3.701E-06 4.22E-04
4.519E-01 4.189E-02 4.189E-02 3.880E-06 4.30E-04
4.467E-01 4.364E-02 4.363E-02 4.069E-06 4.39E-04
4.416E-01 4.543E-02 4.543E-02 4.267E-06 4.47E-04
4.365E-01 4.728E-02 4.728E-02 4.476E-06 4.56E-04
4.315E-01 4.918E-02 4.918E-02 4.693E-06 4.64E-04
4.266E-01 5.113E-02 5.113E-02 4.921E-06 4.72E-04
4.217E-01 5.314E-02 5.314E-02 5.160E-06 4.81E-04
4.169E-01 5.520E-02 5.520E-02 5.411E-06 4.89E-04
4.121E-01 5.732E-02 5.731E-02 5.675E-06 4.98E-04
4.074E-01 5.949E-02 5.949E-02 5.951E-06 5.06E-04
4.027E-01 6.172E-02 6.171E-02 6.242E-06 5.15E-04
3.981E-01 6.400E-02 6.400E-02 6.546E-06 5.24E-04
3.935E-01 6.635E-02 6.634E-02 6.866E-06 5.33E-04
3.890E-01 6.875E-02 6.874E-02 7.202E-06 5.42E-04
3.846E-01 7.120E-02 7.119E-02 7.554E-06 5.51E-04
3.802E-01 7.372E-02 7.371E-02 7.924E-06 5.60E-04
3.758E-01 7.629E-02 7.628E-02 8.316E-06 5.69E-04
3.715E-01 7.892E-02 7.892E-02 8.729E-06 5.77E-04
3.673E-01 8.162E-02 8.161E-02 9.167E-06 5.86E-04
3.631E-01 8.437E-02 8.436E-02 9.630E-06 5.96E-04
3.589E-01 8.718E-02 8.717E-02 1.012E-05 6.06E-04
3.548E-01 9.005E-02 9.004E-02 1.064E-05 6.15E-04
3.508E-01 9.298E-02 9.297E-02 1.120E-05 6.24E-04
3.467E-01 9.597E-02 9.596E-02 1.179E-05 6.32E-04
3.428E-01 9.903E-02 9.902E-02 1.242E-05 6.40E-04
3.388E-01 1.021E-01 1.021E-01 1.309E-05 6.48E-04
3.350E-01 1.053E-01 1.053E-01 1.380E-05 6.53E-04
3.311E-01 1.086E-01 1.085E-01 1.457E-05 6.58E-04
3.273E-01 1.119E-01 1.118E-01 1.538E-05 6.61E-04
3.236E-01 1.152E-01 1.152E-01 1.626E-05 6.62E-04
3.199E-01 1.186E-01 1.186E-01 1.720E-05 6.61E-04
3.162E-01 1.221E-01 1.221E-01 1.820E-05 6.58E-04
3.126E-01 1.257E-01 1.256E-01 1.927E-05 6.52E-04
3.090E-01 1.293E-01 1.292E-01 2.041E-05 6.43E-04
3.055E-01 1.329E-01 1.329E-01 2.162E-05 6.31E-04
3.020E-01 1.363E-01 1.362E-01 2.292E-05 6.16E-04
2.985E-01 1.387E-01 1.387E-01 2.432E-05 5.98E-04
2.951E-01 1.414E-01 1.414E-01 2.581E-05 5.76E-04
2.917E-01 1.444E-01 1.443E-01 2.743E-05 5.50E-04
2.884E-01 1.476E-01 1.475E-01 2.919E-05 5.19E-04
2.851E-01 1.511E-01 1.511E-01 3.111E-05 4.82E-04
2.818E-01 1.550E-01 1.549E-01 3.334E-05 4.32E-04
2.786E-01 1.592E-01 1.592E-01 3.571E-05 3.80E-04
2.754E-01 1.640E-01 1.639E-01 3.826E-05 3.29E-04
2.723E-01 1.692E-01 1.692E-01 4.106E-05 2.78E-04
2.692E-01 1.751E-01 1.750E-01 4.413E-05 2.29E-04
2.661E-01 1.816E-01 1.816E-01 4.754E-05 1.84E-04
2.630E-01 1.890E-01 1.889E-01 5.136E-05 1.43E-04
2.600E-01 1.972E-01 1.972E-01 5.571E-05 1.07E-04
2.570E-01 2.065E-01 2.064E-01 6.059E-05 7.89E-05
2.541E-01 2.170E-01 2.169E-01 6.595E-05 6.00E-05
2.512E-01 2.288E-01 2.287E-01 7.201E-05 4.88E-05
2.483E-01 2.421E-01 2.421E-01 7.891E-05 4.45E-05
2.455E-01 2.571E-01 2.570E-01 8.680E-05 4.70E-05
2.427E-01 2.739E-01 2.738E-01 9.588E-05 5.69E-05
2.399E-01 2.926E-01 2.925E-01 1.064E-04 7.46E-05
2.371E-01 3.130E-01 3.129E-01 1.178E-04 1.01E-04
2.344E-01 3.350E-01 3.349E-01 1.300E-04 1.33E-04
2.317E-01 3.579E-01 3.578E-01 1.428E-04 1.68E-04
2.291E-01 3.810E-01 3.808E-01 1.558E-04 2.04E-04
2.265E-01 4.028E-01 4.026E-01 1.692E-04 2.42E-04
2.239E-01 4.218E-01 4.216E-01 1.832E-04 2.81E-04
2.213E-01 4.361E-01 4.359E-01 1.977E-04 3.23E-04
2.188E-01 4.442E-01 4.440E-01 2.092E-04 3.71E-04
2.163E-01 4.452E-01 4.450E-01 2.145E-04 4.24E-04
2.138E-01 4.389E-01 4.387E-01 2.137E-04 4.81E-04
2.113E-01 4.263E-01 4.261E-01 2.089E-04 5.37E-04
2.089E-01 4.087E-01 4.085E-01 2.008E-04 5.95E-04
2.065E-01 3.881E-01 3.879E-01 1.900E-04 6.55E-04
2.042E-01 3.660E-01 3.658E-01 1.772E-04 7.16E-04
2.018E-01 3.439E-01 3.437E-01 1.631E-04 7.79E-04
1.995E-01 3.226E-01 3.225E-01 1.485E-04 8.44E-04
1.972E-01 3.028E-01 3.027E-01 1.342E-04 9.11E-04
1.950E-01 2.848E-01 2.846E-01 1.206E-04 9.79E-04
1.928E-01 2.685E-01 2.684E-01 1.081E-04 1.05E-03
1.905E-01 2.541E-01 2.540E-01 9.680E-05 1.12E-03
1.884E-01 2.414E-01 2.413E-01 8.651E-05 1.20E-03
1.862E-01 2.302E-01 2.301E-01 7.759E-05 1.27E-03
1.841E-01 2.204E-01 2.203E-01 6.997E-05 1.36E-03
1.820E-01 2.117E-01 2.117E-01 6.350E-05 1.44E-03
1.799E-01 2.042E-01 2.041E-01 5.802E-05 1.53E-03
1.778E-01 1.976E-01 1.975E-01 5.354E-05 1.62E-03
1.758E-01 1.918E-01 1.917E-01 4.985E-05 1.71E-03
1.738E-01 1.867E-01 1.866E-01 4.685E-05 1.81E-03
1.718E-01 1.822E-01 1.821E-01 4.449E-05 1.90E-03
1.698E-01 1.782E-01 1.782E-01 4.274E-05 2.00E-03
1.679E-01 1.748E-01 1.748E-01 4.159E-05 2.10E-03
1.660E-01 1.719E-01 1.719E-01 4.103E-05 2.20E-03
1.641E-01 1.696E-01 1.696E-01 4.111E-05 2.30E-03
1.622E-01 1.679E-01 1.678E-01 4.180E-05 2.39E-03
1.603E-01 1.665E-01 1.665E-01 4.308E-05 2.49E-03
1.585E-01 1.657E-01 1.656E-01 4.499E-05 2.59E-03
1.567E-01 1.653E-01 1.652E-01 4.745E-05 2.69E-03
1.549E-01 1.653E-01 1.653E-01 5.048E-05 2.79E-03
1.531E-01 1.658E-01 1.657E-01 5.405E-05 2.90E-03
1.514E-01 1.666E-01 1.666E-01 5.825E-05 3.00E-03
1.496E-01 1.679E-01 1.678E-01 6.313E-05 3.11E-03
1.479E-01 1.696E-01 1.695E-01 6.876E-05 3.22E-03
1.462E-01 1.717E-01 1.717E-01 7.522E-05 3.33E-03
1.445E-01 1.743E-01 1.742E-01 8.264E-05 3.44E-03
1.429E-01 1.772E-01 1.772E-01 9.102E-05 3.55E-03
1.413E-01 1.807E-01 1.806E-01 1.004E-04 3.67E-03
1.396E-01 1.845E-01 1.844E-01 1.106E-04 3.79E-03
1.380E-01 1.888E-01 1.887E-01 1.218E-04 3.91E-03
1.365E-01 1.936E-01 1.935E-01 1.342E-04 4.03E-03
1.349E-01 1.989E-01 1.988E-01 1.482E-04 4.17E-03
1.334E-01 2.047E-01 2.045E-01 1.637E-04 4.32E-03
1.318E-01 2.110E-01 2.108E-01 1.810E-04 4.47E-03
1.303E-01 2.178E-01 2.176E-01 2.002E-04 4.64E-03
1.288E-01 2.295E-01 2.293E-01 2.215E-04 4.82E-03
1.274E-01 2.385E-01 2.382E-01 2.452E-04 5.01E-03
1.259E-01 2.478E-01 2.476E-01 2.714E-04 5.20E-03
1.245E-01 2.576E-01 2.573E-01 3.003E-04 5.42E-03
1.230E-01 2.678E-01 2.675E-01 3.321E-04 5.63E-03
1.216E-01 2.784E-01 2.780E-01 3.670E-04 5.85E-03
1.202E-01 2.894E-01 2.890E-01 4.051E-04 6.06E-03
1.189E-01 3.007E-01 3.003E-01 4.470E-04 6.27E-03
1.175E-01 3.125E-01 3.120E-01 4.924E-04 6.46E-03
1.161E-01 3.245E-01 3.240E-01 5.427E-04 6.65E-03
1.148E-01 3.369E-01 3.363E-01 6.010E-04 6.80E-03
1.135E-01 3.496E-01 3.489E-01 6.793E-04 6.98E-03
1.122E-01 3.626E-01 3.619E-01 7.624E-04 6.97E-03
1.109E-01 3.759E-01 3.751E-01 8.536E-04 6.73E-03
1.096E-01 3.895E-01 3.885E-01 9.549E-04 6.13E-03
1.084E-01 4.034E-01 4.023E-01 1.079E-03 5.47E-03
1.072E-01 4.174E-01 4.162E-01 1.223E-03 5.02E-03
1.059E-01 4.317E-01 4.303E-01 1.363E-03 4.90E-03
1.047E-01 4.461E-01 4.446E-01 1.496E-03 4.94E-03
1.035E-01 4.605E-01 4.589E-01 1.625E-03 4.96E-03
1.023E-01 4.750E-01 4.733E-01 1.749E-03 4.97E-03
1.012E-01 4.895E-01 4.876E-01 1.885E-03 4.91E-03
1.000E-01 5.058E-01 5.038E-01 2.040E-03 4.79E-03
9.886E-02 5.173E-01 5.150E-01 2.245E-03 4.58E-03
9.772E-02 5.293E-01 5.268E-01 2.478E-03 4.38E-03
9.661E-02 5.419E-01 5.392E-01 2.707E-03 4.27E-03
9.550E-02 5.552E-01 5.523E-01 2.918E-03 4.23E-03
9.441E-02 5.691E-01 5.660E-01 3.072E-03 4.25E-03
9.333E-02 5.837E-01 5.805E-01 3.195E-03 4.31E-03
9.226E-02 5.993E-01 5.960E-01 3.332E-03 4.36E-03
9.120E-02 6.160E-01 6.125E-01 3.462E-03 4.44E-03
9.016E-02 6.338E-01 6.302E-01 3.539E-03 4.59E-03
8.913E-02 6.530E-01 6.494E-01 3.626E-03 4.72E-03
8.810E-02 6.739E-01 6.702E-01 3.777E-03 4.75E-03
8.710E-02 6.969E-01 6.929E-01 4.021E-03 4.68E-03
8.610E-02 7.222E-01 7.179E-01 4.314E-03 4.58E-03
8.511E-02 7.502E-01 7.455E-01 4.659E-03 4.46E-03
8.414E-02 7.812E-01 7.762E-01 5.060E-03 4.35E-03
8.318E-02 8.158E-01 8.103E-01 5.520E-03 4.24E-03
8.222E-02 8.545E-01 8.485E-01 6.024E-03 4.19E-03
8.128E-02 8.978E-01 8.913E-01 6.560E-03 4.20E-03
8.035E-02 9.463E-01 9.391E-01 7.144E-03 4.24E-03
7.943E-02 1.000E+00 9.924E-01 7.762E-03 4.33E-03
7.852E-02 1.060E+00 1.051E+00 8.395E-03 4.45E-03
7.762E-02 1.124E+00 1.115E+00 9.006E-03 4.63E-03
7.674E-02 1.192E+00 1.183E+00 9.567E-03 4.83E-03
7.586E-02 1.262E+00 1.252E+00 1.009E-02 5.04E-03
7.499E-02 1.329E+00 1.318E+00 1.055E-02 5.26E-03
7.413E-02 1.388E+00 1.377E+00 1.094E-02 5.50E-03
7.328E-02 1.432E+00 1.421E+00 1.124E-02 5.76E-03
7.244E-02 1.459E+00 1.447E+00 1.152E-02 6.01E-03
7.161E-02 1.463E+00 1.452E+00 1.177E-02 6.27E-03
7.079E-02 1.447E+00 1.435E+00 1.191E-02 6.54E-03
6.998E-02 1.414E+00 1.402E+00 1.194E-02 6.83E-03
6.918E-02 1.370E+00 1.358E+00 1.186E-02 7.12E-03
6.839E-02 1.319E+00 1.308E+00 1.155E-02 7.45E-03
6.761E-02 1.268E+00 1.257E+00 1.110E-02 7.80E-03
6.683E-02 1.219E+00 1.208E+00 1.061E-02 8.15E-03
6.607E-02 1.175E+00 1.165E+00 1.010E-02 8.50E-03
6.531E-02 1.126E+00 1.117E+00 9.578E-03 8.86E-03
6.457E-02 1.078E+00 1.068E+00 9.202E-03 9.19E-03
6.383E-02 1.028E+00 1.020E+00 8.885E-03 9.52E-03
6.310E-02 9.787E-01 9.701E-01 8.615E-03 9.85E-03
6.237E-02 9.285E-01 9.201E-01 8.390E-03 1.02E-02
6.166E-02 8.778E-01 8.696E-01 8.234E-03 1.05E-02
6.095E-02 8.266E-01 8.185E-01 8.125E-03 1.09E-02
6.026E-02 7.748E-01 7.668E-01 8.030E-03 1.12E-02
5.957E-02 7.225E-01 7.145E-01 7.953E-03 1.16E-02
5.888E-02 6.695E-01 6.616E-01 7.881E-03 1.19E-02
5.821E-02 6.159E-01 6.081E-01 7.755E-03 1.23E-02
5.754E-02 5.513E-01 5.436E-01 7.620E-03 1.27E-02
5.689E-02 5.312E-01 5.238E-01 7.477E-03 1.31E-02
5.623E-02 5.105E-01 5.032E-01 7.318E-03 1.35E-02
5.559E-02 4.885E-01 4.814E-01 7.121E-03 1.39E-02
5.495E-02 4.672E-01 4.603E-01 6.922E-03 1.43E-02
5.433E-02 4.465E-01 4.398E-01 6.719E-03 1.47E-02
5.370E-02 4.272E-01 4.207E-01 6.520E-03 1.51E-02
5.309E-02 4.108E-01 4.045E-01 6.347E-03 1.55E-02
5.248E-02 3.956E-01 3.894E-01 6.183E-03 1.60E-02
5.188E-02 3.814E-01 3.754E-01 6.027E-03 1.64E-02
5.129E-02 3.680E-01 3.621E-01 5.887E-03 1.69E-02
5.070E-02 3.550E-01 3.492E-01 5.759E-03 1.73E-02
5.012E-02 3.426E-01 3.370E-01 5.640E-03 1.78E-02
4.955E-02 3.309E-01 3.254E-01 5.530E-03 1.83E-02
4.898E-02 3.199E-01 3.145E-01 5.428E-03 1.88E-02
4.842E-02 3.091E-01 3.038E-01 5.325E-03 1.93E-02
4.786E-02 2.987E-01 2.934E-01 5.221E-03 1.98E-02
4.732E-02 2.876E-01 2.825E-01 5.102E-03 2.04E-02
4.677E-02 2.765E-01 2.716E-01 4.977E-03 2.09E-02
4.624E-02 2.659E-01 2.611E-01 4.855E-03 2.15E-02
4.571E-02 2.567E-01 2.519E-01 4.743E-03 2.20E-02
4.519E-02 2.490E-01 2.444E-01 4.645E-03 2.26E-02
4.467E-02 2.417E-01 2.371E-01 4.545E-03 2.32E-02
4.416E-02 2.339E-01 2.295E-01 4.436E-03 2.38E-02
4.365E-02 2.244E-01 2.201E-01 4.306E-03 2.45E-02
4.315E-02 2.153E-01 2.111E-01 4.172E-03 2.51E-02
4.266E-02 2.072E-01 2.032E-01 4.036E-03 2.58E-02
4.217E-02 2.021E-01 1.982E-01 3.903E-03 2.65E-02
4.169E-02 1.982E-01 1.944E-01 3.777E-03 2.72E-02
4.121E-02 1.953E-01 1.916E-01 3.665E-03 2.79E-02
4.074E-02 1.925E-01 1.889E-01 3.577E-03 2.86E-02
4.027E-02 1.904E-01 1.869E-01 3.503E-03 2.94E-02
3.981E-02 1.888E-01 1.854E-01 3.439E-03 3.01E-02
3.935E-02 1.879E-01 1.845E-01 3.383E-03 3.09E-02
3.890E-02 1.877E-01 1.843E-01 3.340E-03 3.17E-02
3.846E-02 1.883E-01 1.850E-01 3.307E-03 3.25E-02
3.802E-02 1.899E-01 1.866E-01 3.299E-03 3.34E-02
3.758E-02 1.927E-01 1.893E-01 3.328E-03 3.42E-02
3.715E-02 1.985E-01 1.950E-01 3.451E-03 3.50E-02
3.673E-02 2.035E-01 1.999E-01 3.605E-03 3.59E-02
3.631E-02 2.057E-01 2.020E-01 3.765E-03 3.68E-02
3.589E-02 2.031E-01 1.992E-01 3.879E-03 3.77E-02
3.548E-02 1.986E-01 1.946E-01 3.970E-03 3.86E-02
3.508E-02 1.945E-01 1.905E-01 4.020E-03 3.95E-02
3.467E-02 1.907E-01 1.867E-01 4.048E-03 4.05E-02
3.428E-02 1.868E-01 1.828E-01 4.063E-03 4.15E-02
3.388E-02 1.831E-01 1.790E-01 4.082E-03 4.25E-02
3.350E-02 1.793E-01 1.752E-01 4.098E-03 4.35E-02
3.311E-02 1.757E-01 1.716E-01 4.111E-03 4.46E-02
3.273E-02 1.721E-01 1.679E-01 4.120E-03 4.57E-02
3.236E-02 1.685E-01 1.644E-01 4.127E-03 4.68E-02
3.199E-02 1.650E-01 1.608E-01 4.132E-03 4.80E-02
3.162E-02 1.615E-01 1.574E-01 4.134E-03 4.92E-02
3.126E-02 1.581E-01 1.540E-01 4.135E-03 5.04E-02
3.090E-02 1.547E-01 1.506E-01 4.135E-03 5.16E-02
3.055E-02 1.515E-01 1.473E-01 4.134E-03 5.29E-02
3.020E-02 1.482E-01 1.441E-01 4.132E-03 5.42E-02
2.985E-02 1.450E-01 1.409E-01 4.128E-03 5.56E-02
2.951E-02 1.419E-01 1.377E-01 4.123E-03 5.69E-02
2.917E-02 1.388E-01 1.347E-01 4.116E-03 5.83E-02
2.884E-02 1.358E-01 1.317E-01 4.109E-03 5.98E-02
2.851E-02 1.328E-01 1.287E-01 4.100E-03 6.12E-02
2.818E-02 1.300E-01 1.259E-01 4.091E-03 6.27E-02
2.786E-02 1.272E-01 1.231E-01 4.082E-03 6.43E-02
2.754E-02 1.244E-01 1.203E-01 4.073E-03 6.59E-02
2.723E-02 1.217E-01 1.176E-01 4.063E-03 6.75E-02
2.692E-02 1.191E-01 1.150E-01 4.053E-03 6.91E-02
2.661E-02 1.165E-01 1.124E-01 4.041E-03 7.08E-02
2.630E-02 1.139E-01 1.099E-01 4.029E-03 7.26E-02
2.600E-02 1.114E-01 1.074E-01 4.017E-03 7.44E-02
2.570E-02 1.090E-01 1.050E-01 4.003E-03 7.62E-02
2.541E-02 1.066E-01 1.026E-01 3.988E-03 7.80E-02
2.512E-02 1.042E-01 1.003E-01 3.973E-03 8.00E-02
2.483E-02 1.019E-01 9.796E-02 3.957E-03 8.19E-02
2.455E-02 9.966E-02 9.572E-02 3.941E-03 8.39E-02
2.427E-02 9.745E-02 9.352E-02 3.924E-03 8.60E-02
2.399E-02 9.529E-02 9.138E-02 3.908E-03 8.81E-02
2.371E-02 9.319E-02 8.930E-02 3.891E-03 9.02E-02
2.344E-02 9.114E-02 8.726E-02 3.874E-03 9.24E-02
2.317E-02 8.911E-02 8.525E-02 3.856E-03 9.47E-02
2.291E-02 8.713E-02 8.330E-02 3.838E-03 9.70E-02
2.265E-02 8.519E-02 8.138E-02 3.819E-03 9.94E-02
2.239E-02 8.329E-02 7.949E-02 3.800E-03 1.02E-01
2.213E-02 8.144E-02 7.766E-02 3.780E-03 1.04E-01
2.188E-02 7.962E-02 7.586E-02 3.760E-03 1.07E-01
2.163E-02 7.785E-02 7.411E-02 3.739E-03 1.09E-01
2.138E-02 7.613E-02 7.241E-02 3.718E-03 1.12E-01
2.113E-02 7.443E-02 7.074E-02 3.697E-03 1.15E-01
2.089E-02 7.276E-02 6.909E-02 3.674E-03 1.18E-01
2.065E-02 7.111E-02 6.746E-02 3.651E-03 1.20E-01
2.042E-02 6.956E-02 6.593E-02 3.630E-03 1.23E-01
2.018E-02 6.802E-02 6.442E-02 3.608E-03 1.26E-01
1.995E-02 6.650E-02 6.291E-02 3.584E-03 1.29E-01
1.972E-02 6.499E-02 6.143E-02 3.560E-03 1.33E-01
1.950E-02 6.350E-02 5.997E-02 3.534E-03 1.36E-01
1.928E-02 6.204E-02 5.854E-02 3.508E-03 1.39E-01
1.905E-02 6.062E-02 5.714E-02 3.481E-03 1.42E-01
1.884E-02 5.925E-02 5.580E-02 3.455E-03 1.46E-01
1.862E-02 5.791E-02 5.448E-02 3.428E-03 1.49E-01
1.841E-02 5.659E-02 5.319E-02 3.401E-03 1.53E-01
1.820E-02 5.530E-02 5.192E-02 3.373E-03 1.57E-01
1.799E-02 5.404E-02 5.070E-02 3.345E-03 1.60E-01
1.778E-02 5.283E-02 4.951E-02 3.317E-03 1.64E-01
1.758E-02 5.163E-02 4.835E-02 3.289E-03 1.68E-01
1.738E-02 5.045E-02 4.719E-02 3.260E-03 1.72E-01
1.718E-02 4.930E-02 4.606E-02 3.230E-03 1.77E-01
1.698E-02 4.816E-02 4.496E-02 3.200E-03 1.81E-01
1.679E-02 4.706E-02 4.389E-02 3.170E-03 1.85E-01
1.660E-02 4.598E-02 4.284E-02 3.140E-03 1.90E-01
1.641E-02 4.494E-02 4.183E-02 3.110E-03 1.94E-01
1.622E-02 4.390E-02 4.082E-02 3.079E-03 1.99E-01
1.603E-02 4.289E-02 3.984E-02 3.047E-03 2.03E-01
1.585E-02 4.190E-02 3.888E-02 3.015E-03 2.08E-01
1.567E-02 4.093E-02 3.795E-02 2.983E-03 2.13E-01
1.549E-02 3.999E-02 3.704E-02 2.950E-03 2.18E-01
1.531E-02 3.906E-02 3.614E-02 2.918E-03 2.24E-01
1.514E-02 3.815E-02 3.526E-02 2.885E-03 2.29E-01
1.496E-02 3.725E-02 3.440E-02 2.851E-03 2.34E-01
1.479E-02 3.638E-02 3.356E-02 2.817E-03 2.40E-01
1.462E-02 3.553E-02 3.275E-02 2.784E-03 2.45E-01
1.445E-02 3.471E-02 3.196E-02 2.750E-03 2.51E-01
1.429E-02 3.390E-02 3.118E-02 2.716E-03 2.57E-01
1.413E-02 3.310E-02 3.042E-02 2.681E-03 2.63E-01
1.396E-02 3.232E-02 2.968E-02 2.646E-03 2.69E-01
1.380E-02 3.157E-02 2.896E-02 2.611E-03 2.76E-01
1.365E-02 3.083E-02 2.826E-02 2.576E-03 2.82E-01
1.349E-02 3.010E-02 2.756E-02 2.540E-03 2.89E-01
1.334E-02 2.939E-02 2.689E-02 2.505E-03 2.95E-01
1.318E-02 2.869E-02 2.622E-02 2.469E-03 3.02E-01
1.303E-02 2.802E-02 2.558E-02 2.433E-03 3.09E-01
1.288E-02 2.736E-02 2.496E-02 2.398E-03 3.16E-01
1.274E-02 2.671E-02 2.435E-02 2.362E-03 3.23E-01
1.259E-02 2.607E-02 2.375E-02 2.326E-03 3.31E-01
1.245E-02 2.544E-02 2.315E-02 2.290E-03 3.38E-01
1.230E-02 2.485E-02 2.259E-02 2.255E-03 3.46E-01
1.216E-02 2.427E-02 2.205E-02 2.220E-03 3.53E-01
1.202E-02 2.370E-02 2.151E-02 2.185E-03 3.61E-01
1.189E-02 2.313E-02 2.098E-02 2.149E-03 3.69E-01
1.175E-02 2.257E-02 2.045E-02 2.113E-03 3.77E-01
1.161E-02 2.201E-02 1.993E-02 2.076E-03 3.86E-01
1.148E-02 2.146E-02 1.942E-02 2.039E-03 3.94E-01
1.135E-02 2.093E-02 1.892E-02 2.003E-03 4.03E-01
1.122E-02 2.041E-02 1.844E-02 1.966E-03 4.11E-01
1.109E-02 1.991E-02 1.798E-02 1.930E-03 4.20E-01
1.096E-02 1.942E-02 1.752E-02 1.894E-03 4.29E-01
1.084E-02 1.894E-02 1.708E-02 1.859E-03 4.38E-01
1.072E-02 1.846E-02 1.664E-02 1.823E-03 4.47E-01
1.059E-02 1.801E-02 1.622E-02 1.787E-03 4.56E-01
1.047E-02 1.756E-02 1.581E-02 1.753E-03 4.65E-01
1.035E-02 1.714E-02 1.542E-02 1.718E-03 4.74E-01
1.023E-02 1.671E-02 1.503E-02 1.684E-03 4.84E-01
1.012E-02 1.630E-02 1.465E-02 1.650E-03 4.93E-01
1.000E-02 1.588E-02 1.427E-02 1.616E-03 5.03E-01
9.886E-03 1.548E-02 1.390E-02 1.582E-03 5.12E-01
9.772E-03 1.509E-02 1.354E-02 1.549E-03 5.22E-01
9.661E-03 1.471E-02 1.320E-02 1.517E-03 5.32E-01
9.550E-03 1.435E-02 1.286E-02 1.485E-03 5.41E-01
9.441E-03 1.399E-02 1.253E-02 1.453E-03 5.51E-01
9.333E-03 1.363E-02 1.221E-02 1.421E-03 5.60E-01
9.226E-03 1.328E-02 1.189E-02 1.389E-03 5.70E-01
9.120E-03 1.294E-02 1.158E-02 1.358E-03 5.79E-01
9.016E-03 1.261E-02 1.128E-02 1.328E-03 5.89E-01
8.913E-03 1.229E-02 1.099E-02 1.298E-03 5.98E-01
8.810E-03 1.198E-02 1.071E-02 1.269E-03 6.07E-01
8.710E-03 1.167E-02 1.043E-02 1.239E-03 6.17E-01
8.610E-03 1.137E-02 1.016E-02 1.211E-03 6.26E-01
8.511E-03 1.108E-02 9.894E-03 1.182E-03 6.35E-01
8.414E-03 1.079E-02 9.635E-03 1.154E-03 6.43E-01
8.318E-03 1.051E-02 9.385E-03 1.127E-03 6.52E-01
8.222E-03 1.024E-02 9.143E-03 1.100E-03 6.60E-01
8.128E-03 9.976E-03 8.903E-03 1.074E-03 6.68E-01
8.035E-03 9.715E-03 8.668E-03 1.047E-03 6.76E-01
7.943E-03 9.460E-03 8.439E-03 1.022E-03 6.84E-01
7.852E-03 9.213E-03 8.216E-03 9.966E-04 6.91E-01
7.762E-03 8.973E-03 8.001E-03 9.720E-04 6.99E-01
7.674E-03 8.735E-03 7.787E-03 9.476E-04 7.06E-01
7.586E-03 8.502E-03 7.578E-03 9.236E-04 7.12E-01
7.499E-03 8.276E-03 7.376E-03 9.001E-04 7.19E-01
7.413E-03 8.058E-03 7.180E-03 8.772E-04 7.25E-01
7.328E-03 7.849E-03 6.994E-03 8.550E-04 7.31E-01
7.244E-03 7.643E-03 6.810E-03 8.331E-04 7.36E-01
7.161E-03 7.441E-03 6.629E-03 8.113E-04 7.41E-01
7.079E-03 7.246E-03 6.455E-03 7.901E-04 7.46E-01
6.998E-03 7.054E-03 6.284E-03 7.692E-04 7.51E-01
6.918E-03 6.865E-03 6.116E-03 7.486E-04 7.55E-01
6.839E-03 6.683E-03 5.954E-03 7.283E-04 7.59E-01
6.761E-03 6.505E-03 5.797E-03 7.082E-04 7.63E-01
6.683E-03 6.330E-03 5.641E-03 6.883E-04 7.67E-01
6.607E-03 6.158E-03 5.489E-03 6.685E-04 7.70E-01
6.531E-03 5.989E-03 5.340E-03 6.489E-04 7.73E-01
6.457E-03 5.829E-03 5.199E-03 6.300E-04 7.77E-01
6.383E-03 5.671E-03 5.060E-03 6.111E-04 7.79E-01
6.310E-03 5.515E-03 4.923E-03 5.922E-04 7.82E-01
6.237E-03 5.362E-03 4.788E-03 5.733E-04 7.85E-01
6.166E-03 5.217E-03 4.661E-03 5.551E-04 7.87E-01
6.095E-03 5.078E-03 4.541E-03 5.374E-04 7.90E-01
6.026E-03 4.941E-03 4.422E-03 5.195E-04 7.92E-01
5.957E-03 4.805E-03 4.303E-03 5.014E-04 7.94E-01
5.888E-03 4.670E-03 4.187E-03 4.830E-04 7.97E-01
5.821E-03 4.536E-03 4.072E-03 4.645E-04 7.99E-01
5.754E-03 4.405E-03 3.959E-03 4.458E-04 8.02E-01
5.689E-03 4.276E-03 3.849E-03 4.271E-04 8.04E-01
5.623E-03 4.151E-03 3.742E-03 4.085E-04 8.07E-01
5.559E-03 4.031E-03 3.641E-03 3.907E-04 8.09E-01
5.495E-03 3.914E-03 3.541E-03 3.724E-04 8.12E-01
5.433E-03 3.798E-03 3.444E-03 3.538E-04 8.15E-01
5.370E-03 3.684E-03 3.349E-03 3.349E-04 8.18E-01
5.309E-03 3.573E-03 3.257E-03 3.157E-04 8.21E-01
5.248E-03 3.465E-03 3.169E-03 2.963E-04 8.24E-01
5.188E-03 3.361E-03 3.084E-03 2.768E-04 8.27E-01
5.129E-03 3.264E-03 3.000E-03 2.641E-04 8.31E-01
5.070E-03 3.169E-03 2.918E-03 2.518E-04 8.34E-01
5.012E-03 3.072E-03 2.837E-03 2.350E-04 8.37E-01
4.955E-03 2.972E-03 2.758E-03 2.141E-04 8.41E-01
4.898E-03 2.872E-03 2.682E-03 1.893E-04 8.45E-01
4.842E-03 2.771E-03 2.609E-03 1.614E-04 8.48E-01
4.786E-03 2.671E-03 2.540E-03 1.311E-04 8.52E-01
4.732E-03 2.560E-03 2.470E-03 8.982E-05 8.55E-01
4.677E-03 2.447E-03 2.400E-03 4.695E-05 8.59E-01
4.624E-03 2.348E-03 2.334E-03 1.446E-05 8.62E-01
4.571E-03 2.271E-03 2.269E-03 1.757E-06 8.66E-01
4.519E-03 2.229E-03 2.208E-03 2.078E-05 8.69E-01
4.467E-03 2.237E-03 2.151E-03 8.650E-05 8.72E-01
4.416E-03 4.727E-02 4.663E-02 6.347E-04 8.76E-01
4.365E-03 4.626E-02 4.570E-02 5.616E-04 8.78E-01
4.315E-03 4.527E-02 4.477E-02 5.045E-04 8.81E-01
4.266E-03 4.433E-02 4.384E-02 4.905E-04 8.83E-01
4.217E-03 4.343E-02 4.293E-02 5.081E-04 8.85E-01
4.169E-03 4.256E-02 4.201E-02 5.457E-04 8.87E-01
4.121E-03 4.170E-02 4.112E-02 5.863E-04 8.89E-01
4.074E-03 4.085E-02 4.024E-02 6.082E-04 8.91E-01
4.027E-03 4.000E-02 3.937E-02 6.257E-04 8.93E-01
3.981E-03 3.915E-02 3.851E-02 6.359E-04 8.94E-01
3.935E-03 3.830E-02 3.767E-02 6.364E-04 8.96E-01
3.890E-03 3.745E-02 3.683E-02 6.252E-04 8.97E-01
3.846E-03 3.663E-02 3.601E-02 6.199E-04 8.98E-01
3.802E-03 3.581E-02 3.519E-02 6.220E-04 9.00E-01
3.758E-03 3.501E-02 3.438E-02 6.230E-04 9.01E-01
3.715E-03 3.421E-02 3.359E-02 6.225E-04 9.02E-01
3.673E-03 3.343E-02 3.281E-02 6.203E-04 9.04E-01
3.631E-03 3.266E-02 3.205E-02 6.171E-04 9.05E-01
3.589E-03 3.190E-02 3.129E-02 6.144E-04 9.07E-01
3.548E-03 3.116E-02 3.055E-02 6.111E-04 9.09E-01
3.508E-03 3.042E-02 2.981E-02 6.070E-04 9.10E-01
3.467E-03 2.970E-02 2.910E-02 6.022E-04 9.12E-01
3.428E-03 2.899E-02 2.839E-02 5.967E-04 9.14E-01
3.388E-03 2.829E-02 2.770E-02 5.913E-04 9.16E-01
3.350E-03 2.760E-02 2.702E-02 5.854E-04 9.18E-01
3.311E-03 2.692E-02 2.634E-02 5.792E-04 9.20E-01
3.273E-03 2.626E-02 2.569E-02 5.725E-04 9.21E-01
3.236E-03 2.562E-02 2.506E-02 5.654E-04 9.23E-01
3.199E-03 2.499E-02 2.443E-02 5.582E-04 9.25E-01
3.162E-03 2.436E-02 2.381E-02 5.510E-04 9.27E-01
3.126E-03 2.374E-02 2.319E-02 5.437E-04 9.28E-01
3.090E-03 2.314E-02 2.260E-02 5.364E-04 9.30E-01
3.055E-03 2.258E-02 2.205E-02 5.292E-04 9.31E-01
3.020E-03 2.203E-02 2.151E-02 5.218E-04 9.33E-01
2.985E-03 2.148E-02 2.096E-02 5.144E-04 9.34E-01
2.951E-03 2.093E-02 2.042E-02 5.069E-04 9.35E-01
2.917E-03 2.038E-02 1.988E-02 4.994E-04 9.36E-01
2.884E-03 1.984E-02 1.934E-02 4.918E-04 9.37E-01
2.851E-03 1.930E-02 1.882E-02 4.842E-04 9.38E-01
2.818E-03 1.877E-02 1.829E-02 4.765E-04 9.38E-01
2.786E-03 1.825E-02 1.778E-02 4.687E-04 9.39E-01
2.754E-03 1.774E-02 1.728E-02 4.609E-04 9.40E-01
2.723E-03 1.726E-02 1.681E-02 4.530E-04 9.41E-01
2.692E-03 1.679E-02 1.635E-02 4.451E-04 9.42E-01
2.661E-03 1.633E-02 1.589E-02 4.370E-04 9.43E-01
2.630E-03 1.588E-02 1.545E-02 4.290E-04 9.44E-01
2.600E-03 1.543E-02 1.501E-02 4.210E-04 9.46E-01
2.570E-03 1.500E-02 1.459E-02 4.130E-04 9.47E-01
2.541E-03 1.459E-02 1.418E-02 4.049E-04 9.48E-01
2.512E-03 1.419E-02 1.379E-02 3.969E-04 9.49E-01
2.483E-03 1.380E-02 1.341E-02 3.890E-04 9.50E-01
2.455E-03 1.342E-02 1.304E-02 3.814E-04 9.52E-01
2.427E-03 1.304E-02 1.267E-02 3.739E-04 9.53E-01
2.399E-03 1.267E-02 1.230E-02 3.664E-04 9.54E-01
2.371E-03 1.231E-02 1.195E-02 3.591E-04 9.54E-01
2.344E-03 1.195E-02 1.160E-02 3.518E-04 9.55E-01
2.317E-03 1.161E-02 1.127E-02 3.447E-04 9.56E-01
2.291E-03 1.128E-02 1.094E-02 3.377E-04 9.57E-01
2.265E-03 1.097E-02 1.064E-02 3.308E-04 9.57E-01
2.239E-03 1.066E-02 1.033E-02 3.241E-04 9.58E-01
2.213E-03 1.035E-02 1.003E-02 3.173E-04 9.59E-01
2.188E-03 1.005E-02 9.738E-03 3.107E-04 9.59E-01
2.163E-03 9.754E-03 9.450E-03 3.041E-04 9.60E-01
2.138E-03 9.468E-03 9.170E-03 2.976E-04 9.61E-01
2.113E-03 9.191E-03 8.900E-03 2.912E-04 9.62E-01
2.089E-03 8.925E-03 8.640E-03 2.850E-04 9.62E-01
2.065E-03 8.670E-03 8.391E-03 2.789E-04 9.63E-01
2.042E-03 8.416E-03 8.143E-03 2.729E-04 9.64E-01
2.018E-03 8.167E-03 7.900E-03 2.670E-04 9.65E-01
1.995E-03 7.924E-03 7.663E-03 2.611E-04 9.66E-01
1.972E-03 7.687E-03 7.432E-03 2.554E-04 9.66E-01
1.950E-03 7.458E-03 7.208E-03 2.498E-04 9.67E-01
1.928E-03 7.238E-03 6.993E-03 2.443E-04 9.68E-01
1.905E-03 7.026E-03 6.787E-03 2.390E-04 9.68E-01
1.884E-03 6.816E-03 6.583E-03 2.337E-04 9.69E-01
1.862E-03 6.611E-03 6.382E-03 2.285E-04 9.69E-01
1.841E-03 6.410E-03 6.187E-03 2.233E-04 9.70E-01
1.820E-03 6.216E-03 5.997E-03 2.183E-04 9.70E-01
1.799E-03 6.028E-03 5.814E-03 2.133E-04 9.71E-01
1.778E-03 5.847E-03 5.639E-03 2.085E-04 9.71E-01
1.758E-03 5.672E-03 5.468E-03 2.038E-04 9.72E-01
1.738E-03 5.499E-03 5.300E-03 1.991E-04 9.73E-01
1.718E-03 5.331E-03 5.137E-03 1.945E-04 9.73E-01
1.698E-03 5.168E-03 4.978E-03 1.900E-04 9.74E-01
1.679E-03 5.010E-03 4.824E-03 1.856E-04 9.74E-01
1.660E-03 4.858E-03 4.677E-03 1.813E-04 9.75E-01
1.641E-03 4.711E-03 4.534E-03 1.772E-04 9.75E-01
1.622E-03 4.566E-03 4.393E-03 1.731E-04 9.76E-01
1.603E-03 4.425E-03 4.255E-03 1.691E-04 9.76E-01
1.585E-03 4.287E-03 4.122E-03 1.652E-04 9.76E-01
1.567E-03 4.155E-03 3.994E-03 1.613E-04 9.77E-01
1.549E-03 4.028E-03 3.871E-03 1.576E-04 9.77E-01
1.531E-03 3.904E-03 3.750E-03 1.540E-04 9.78E-01
1.514E-03 3.783E-03 3.632E-03 1.503E-04 9.78E-01
1.496E-03 3.665E-03 3.518E-03 1.468E-04 9.79E-01
1.479E-03 3.551E-03 3.407E-03 1.433E-04 9.79E-01
1.462E-03 3.441E-03 3.301E-03 1.400E-04 9.80E-01
1.445E-03 3.334E-03 3.197E-03 1.367E-04 9.80E-01
1.429E-03 3.229E-03 3.096E-03 1.335E-04 9.80E-01
1.413E-03 3.128E-03 2.997E-03 1.304E-04 9.81E-01
1.396E-03 3.029E-03 2.902E-03 1.273E-04 9.81E-01
1.380E-03 2.935E-03 2.811E-03 1.243E-04 9.81E-01
1.365E-03 2.843E-03 2.722E-03 1.214E-04 9.82E-01
1.349E-03 2.754E-03 2.635E-03 1.186E-04 9.82E-01
1.334E-03 2.667E-03 2.551E-03 1.157E-04 9.82E-01
1.318E-03 2.583E-03 2.470E-03 1.130E-04 9.83E-01
1.303E-03 2.503E-03 2.392E-03 1.103E-04 9.83E-01
1.288E-03 2.425E-03 2.318E-03 1.077E-04 9.84E-01
1.274E-03 2.349E-03 2.244E-03 1.052E-04 9.84E-01
1.259E-03 2.274E-03 2.172E-03 1.027E-04 9.84E-01
1.245E-03 2.201E-03 2.101E-03 1.002E-04 9.84E-01
1.230E-03 2.134E-03 2.036E-03 9.785E-05 9.85E-01
1.216E-03 2.069E-03 1.973E-03 9.561E-05 9.85E-01
1.202E-03 2.004E-03 1.911E-03 9.339E-05 9.85E-01
1.189E-03 1.941E-03 1.850E-03 9.118E-05 9.86E-01
1.175E-03 1.879E-03 1.790E-03 8.901E-05 9.86E-01
1.161E-03 1.817E-03 1.731E-03 8.686E-05 9.86E-01
1.148E-03 1.758E-03 1.673E-03 8.476E-05 9.86E-01
1.135E-03 1.700E-03 1.617E-03 8.271E-05 9.87E-01
1.122E-03 1.645E-03 1.564E-03 8.073E-05 9.87E-01
1.109E-03 1.592E-03 1.513E-03 7.881E-05 9.87E-01
1.096E-03 1.540E-03 1.464E-03 7.691E-05 9.87E-01
1.084E-03 1.490E-03 1.415E-03 7.505E-05 9.88E-01
1.072E-03 1.442E-03 1.369E-03 7.323E-05 9.88E-01
1.059E-03 1.395E-03 1.324E-03 7.148E-05 9.88E-01
1.047E-03 1.351E-03 1.281E-03 6.975E-05 9.88E-01
1.035E-03 1.309E-03 1.241E-03 6.812E-05 9.89E-01
1.023E-03 1.267E-03 1.201E-03 6.649E-05 9.89E-01
1.012E-03 1.226E-03 1.161E-03 6.490E-05 9.89E-01
