w(micron)   Q_ext     Q_abs     Q_sca    g=<cos>
1.000E+03 1.549E-06 1.549E-06 4.153E-17 0.00E+00
9.886E+02 1.584E-06 1.584E-06 4.349E-17 0.00E+00
9.772E+02 1.620E-06 1.620E-06 4.554E-17 0.00E+00
9.661E+02 1.658E-06 1.658E-06 4.768E-17 0.00E+00
9.550E+02 1.696E-06 1.696E-06 4.993E-17 0.00E+00
9.441E+02 1.735E-06 1.735E-06 5.228E-17 0.00E+00
9.333E+02 1.774E-06 1.774E-06 5.474E-17 0.00E+00
9.226E+02 1.815E-06 1.815E-06 5.732E-17 0.00E+00
9.120E+02 1.857E-06 1.857E-06 6.002E-17 0.00E+00
9.016E+02 1.899E-06 1.899E-06 6.285E-17 0.00E+00
8.913E+02 1.943E-06 1.943E-06 6.581E-17 0.00E+00
8.810E+02 1.987E-06 1.987E-06 6.891E-17 0.00E+00
8.710E+02 2.033E-06 2.033E-06 7.216E-17 0.00E+00
8.610E+02 2.079E-06 2.079E-06 7.556E-17 0.00E+00
8.511E+02 2.127E-06 2.127E-06 7.911E-17 0.00E+00
8.414E+02 2.175E-06 2.175E-06 8.284E-17 0.00E+00
8.318E+02 2.225E-06 2.225E-06 8.674E-17 0.00E+00
8.222E+02 2.276E-06 2.276E-06 9.083E-17 0.00E+00
8.128E+02 2.328E-06 2.328E-06 9.511E-17 0.00E+00
8.035E+02 2.381E-06 2.381E-06 9.959E-17 0.00E+00
7.943E+02 2.435E-06 2.435E-06 1.043E-16 0.00E+00
7.852E+02 2.491E-06 2.491E-06 1.092E-16 0.00E+00
7.762E+02 2.548E-06 2.548E-06 1.143E-16 0.00E+00
7.674E+02 2.606E-06 2.606E-06 1.197E-16 0.00E+00
7.586E+02 2.665E-06 2.665E-06 1.254E-16 0.00E+00
7.499E+02 2.726E-06 2.726E-06 1.313E-16 0.00E+00
7.413E+02 2.788E-06 2.788E-06 1.374E-16 0.00E+00
7.328E+02 2.852E-06 2.852E-06 1.439E-16 0.00E+00
7.244E+02 2.916E-06 2.916E-06 1.507E-16 0.00E+00
7.161E+02 2.983E-06 2.983E-06 1.578E-16 0.00E+00
7.079E+02 3.051E-06 3.051E-06 1.652E-16 0.00E+00
6.998E+02 3.120E-06 3.120E-06 1.730E-16 0.00E+00
6.918E+02 3.191E-06 3.191E-06 1.812E-16 0.00E+00
6.839E+02 3.263E-06 3.263E-06 1.897E-16 0.00E+00
6.761E+02 3.338E-06 3.338E-06 1.986E-16 0.00E+00
6.683E+02 3.413E-06 3.413E-06 2.080E-16 0.00E+00
6.607E+02 3.491E-06 3.491E-06 2.178E-16 0.00E+00
6.531E+02 3.570E-06 3.570E-06 2.280E-16 0.00E+00
6.457E+02 3.651E-06 3.651E-06 2.388E-16 0.00E+00
6.383E+02 3.734E-06 3.734E-06 2.500E-16 0.00E+00
6.310E+02 3.818E-06 3.818E-06 2.618E-16 0.00E+00
6.237E+02 3.905E-06 3.905E-06 2.741E-16 0.00E+00
6.166E+02 3.993E-06 3.993E-06 2.870E-16 0.00E+00
6.095E+02 4.084E-06 4.084E-06 3.006E-16 0.00E+00
6.026E+02 4.176E-06 4.176E-06 3.147E-16 0.00E+00
5.957E+02 4.270E-06 4.270E-06 3.295E-16 0.00E+00
5.888E+02 4.367E-06 4.367E-06 3.451E-16 0.00E+00
5.821E+02 4.466E-06 4.466E-06 3.613E-16 0.00E+00
5.754E+02 4.566E-06 4.566E-06 3.783E-16 0.00E+00
5.689E+02 4.669E-06 4.669E-06 3.961E-16 0.00E+00
5.623E+02 4.775E-06 4.775E-06 4.148E-16 0.00E+00
5.559E+02 4.883E-06 4.883E-06 4.343E-16 0.00E+00
5.495E+02 4.993E-06 4.993E-06 4.548E-16 0.00E+00
5.433E+02 5.105E-06 5.105E-06 4.762E-16 0.00E+00
5.370E+02 5.220E-06 5.220E-06 4.986E-16 0.00E+00
5.309E+02 5.338E-06 5.338E-06 5.221E-16 0.00E+00
5.248E+02 5.458E-06 5.458E-06 5.467E-16 0.00E+00
5.188E+02 5.581E-06 5.581E-06 5.724E-16 0.00E+00
5.129E+02 5.706E-06 5.706E-06 5.994E-16 0.00E+00
5.070E+02 5.835E-06 5.835E-06 6.276E-16 0.00E+00
5.012E+02 5.966E-06 5.966E-06 6.571E-16 0.00E+00
4.955E+02 6.100E-06 6.100E-06 6.881E-16 0.00E+00
4.898E+02 6.237E-06 6.237E-06 7.205E-16 0.00E+00
4.842E+02 6.377E-06 6.377E-06 7.544E-16 0.00E+00
4.786E+02 6.520E-06 6.520E-06 7.899E-16 0.00E+00
4.732E+02 6.667E-06 6.667E-06 8.271E-16 0.00E+00
4.677E+02 6.816E-06 6.816E-06 8.661E-16 0.00E+00
4.624E+02 6.969E-06 6.969E-06 9.069E-16 0.00E+00
4.571E+02 7.125E-06 7.125E-06 9.496E-16 0.00E+00
4.519E+02 7.285E-06 7.285E-06 9.943E-16 0.00E+00
4.467E+02 7.448E-06 7.448E-06 1.041E-15 0.00E+00
4.416E+02 7.615E-06 7.615E-06 1.090E-15 0.00E+00
4.365E+02 7.785E-06 7.785E-06 1.141E-15 0.00E+00
4.315E+02 7.960E-06 7.960E-06 1.195E-15 0.00E+00
4.266E+02 8.138E-06 8.138E-06 1.251E-15 0.00E+00
4.217E+02 8.320E-06 8.320E-06 1.310E-15 0.00E+00
4.169E+02 8.506E-06 8.506E-06 1.372E-15 0.00E+00
4.121E+02 8.696E-06 8.696E-06 1.437E-15 0.00E+00
4.074E+02 8.890E-06 8.890E-06 1.504E-15 0.00E+00
4.027E+02 9.089E-06 9.089E-06 1.575E-15 0.00E+00
3.981E+02 9.292E-06 9.292E-06 1.649E-15 0.00E+00
3.936E+02 9.500E-06 9.500E-06 1.727E-15 0.00E+00
3.890E+02 9.712E-06 9.712E-06 1.808E-15 0.00E+00
3.846E+02 9.929E-06 9.929E-06 1.893E-15 0.00E+00
3.802E+02 1.015E-05 1.015E-05 1.982E-15 0.00E+00
3.758E+02 1.038E-05 1.038E-05 2.076E-15 0.00E+00
3.715E+02 1.061E-05 1.061E-05 2.173E-15 0.00E+00
3.673E+02 1.085E-05 1.085E-05 2.276E-15 0.00E+00
3.631E+02 1.109E-05 1.109E-05 2.383E-15 0.00E+00
3.589E+02 1.133E-05 1.133E-05 2.495E-15 0.00E+00
3.548E+02 1.159E-05 1.159E-05 2.613E-15 0.00E+00
3.508E+02 1.185E-05 1.185E-05 2.735E-15 0.00E+00
3.467E+02 1.211E-05 1.211E-05 2.864E-15 0.00E+00
3.428E+02 1.238E-05 1.238E-05 2.999E-15 0.00E+00
3.388E+02 1.266E-05 1.266E-05 3.140E-15 0.00E+00
3.350E+02 1.294E-05 1.294E-05 3.288E-15 0.00E+00
3.311E+02 1.323E-05 1.323E-05 3.443E-15 0.00E+00
3.273E+02 1.352E-05 1.352E-05 3.605E-15 0.00E+00
3.236E+02 1.382E-05 1.382E-05 3.775E-15 0.00E+00
3.199E+02 1.413E-05 1.413E-05 3.952E-15 0.00E+00
3.162E+02 1.445E-05 1.445E-05 4.138E-15 0.00E+00
3.126E+02 1.477E-05 1.477E-05 4.333E-15 0.00E+00
3.090E+02 1.510E-05 1.510E-05 4.537E-15 0.00E+00
3.055E+02 1.544E-05 1.544E-05 4.751E-15 0.00E+00
3.020E+02 1.578E-05 1.578E-05 4.974E-15 0.00E+00
2.985E+02 1.613E-05 1.613E-05 5.208E-15 0.00E+00
2.951E+02 1.649E-05 1.649E-05 5.454E-15 0.00E+00
2.917E+02 1.686E-05 1.686E-05 5.710E-15 0.00E+00
2.884E+02 1.724E-05 1.724E-05 5.979E-15 0.00E+00
2.851E+02 1.762E-05 1.762E-05 6.260E-15 0.00E+00
2.818E+02 1.802E-05 1.802E-05 6.555E-15 0.00E+00
2.786E+02 1.842E-05 1.842E-05 6.864E-15 0.00E+00
2.754E+02 1.883E-05 1.883E-05 7.187E-15 0.00E+00
2.723E+02 1.925E-05 1.925E-05 7.525E-15 0.00E+00
2.692E+02 1.968E-05 1.968E-05 7.879E-15 0.00E+00
2.661E+02 2.012E-05 2.012E-05 8.250E-15 0.00E+00
2.630E+02 2.057E-05 2.057E-05 8.638E-15 0.00E+00
2.600E+02 2.103E-05 2.103E-05 9.045E-15 0.00E+00
2.570E+02 2.150E-05 2.150E-05 9.470E-15 0.00E+00
2.541E+02 2.198E-05 2.198E-05 9.916E-15 0.00E+00
2.512E+02 2.247E-05 2.247E-05 1.038E-14 0.00E+00
2.483E+02 2.298E-05 2.298E-05 1.087E-14 0.00E+00
2.455E+02 2.349E-05 2.349E-05 1.138E-14 0.00E+00
2.427E+02 2.402E-05 2.402E-05 1.192E-14 0.00E+00
2.399E+02 2.456E-05 2.456E-05 1.248E-14 0.00E+00
2.371E+02 2.511E-05 2.511E-05 1.307E-14 0.00E+00
2.344E+02 2.567E-05 2.567E-05 1.368E-14 0.00E+00
2.317E+02 2.625E-05 2.625E-05 1.433E-14 0.00E+00
2.291E+02 2.684E-05 2.684E-05 1.500E-14 0.00E+00
2.265E+02 2.744E-05 2.744E-05 1.571E-14 0.00E+00
2.239E+02 2.806E-05 2.806E-05 1.645E-14 0.00E+00
2.213E+02 2.869E-05 2.869E-05 1.722E-14 0.00E+00
2.188E+02 2.934E-05 2.934E-05 1.803E-14 0.00E+00
2.163E+02 3.000E-05 3.000E-05 1.888E-14 0.00E+00
2.138E+02 3.067E-05 3.067E-05 1.977E-14 0.00E+00
2.113E+02 3.136E-05 3.136E-05 2.070E-14 0.00E+00
2.089E+02 3.207E-05 3.207E-05 2.167E-14 0.00E+00
2.065E+02 3.279E-05 3.279E-05 2.269E-14 0.00E+00
2.042E+02 3.354E-05 3.354E-05 2.376E-14 0.00E+00
2.018E+02 3.429E-05 3.429E-05 2.488E-14 0.00E+00
1.995E+02 3.507E-05 3.507E-05 2.605E-14 0.00E+00
1.972E+02 3.586E-05 3.586E-05 2.727E-14 0.00E+00
1.950E+02 3.667E-05 3.667E-05 2.856E-14 0.00E+00
1.928E+02 3.750E-05 3.750E-05 2.990E-14 0.00E+00
1.905E+02 3.835E-05 3.835E-05 3.131E-14 0.00E+00
1.884E+02 3.922E-05 3.922E-05 3.278E-14 0.00E+00
1.862E+02 4.011E-05 4.011E-05 3.432E-14 0.00E+00
1.841E+02 4.102E-05 4.102E-05 3.594E-14 0.00E+00
1.820E+02 4.196E-05 4.196E-05 3.763E-14 0.00E+00
1.799E+02 4.291E-05 4.291E-05 3.940E-14 0.00E+00
1.778E+02 4.389E-05 4.389E-05 4.125E-14 0.00E+00
1.758E+02 4.489E-05 4.489E-05 4.319E-14 0.00E+00
1.738E+02 4.591E-05 4.591E-05 4.523E-14 0.00E+00
1.718E+02 4.696E-05 4.696E-05 4.735E-14 0.00E+00
1.698E+02 4.803E-05 4.803E-05 4.958E-14 0.00E+00
1.679E+02 4.913E-05 4.913E-05 5.191E-14 0.00E+00
1.660E+02 5.025E-05 5.025E-05 5.436E-14 0.00E+00
1.641E+02 5.140E-05 5.140E-05 5.691E-14 0.00E+00
1.622E+02 5.258E-05 5.258E-05 5.959E-14 0.00E+00
1.603E+02 5.379E-05 5.379E-05 6.239E-14 0.00E+00
1.585E+02 5.502E-05 5.502E-05 6.533E-14 0.00E+00
1.567E+02 5.628E-05 5.628E-05 6.840E-14 0.00E+00
1.549E+02 5.758E-05 5.758E-05 7.162E-14 0.00E+00
1.531E+02 5.890E-05 5.890E-05 7.499E-14 0.00E+00
1.514E+02 6.026E-05 6.026E-05 7.852E-14 0.00E+00
1.496E+02 6.165E-05 6.165E-05 8.221E-14 0.00E+00
1.479E+02 6.307E-05 6.307E-05 8.608E-14 0.00E+00
1.462E+02 6.453E-05 6.453E-05 9.012E-14 0.00E+00
1.445E+02 6.602E-05 6.602E-05 9.436E-14 0.00E+00
1.429E+02 6.754E-05 6.754E-05 9.880E-14 0.00E+00
1.413E+02 6.911E-05 6.911E-05 1.034E-13 0.00E+00
1.396E+02 7.071E-05 7.071E-05 1.083E-13 0.00E+00
1.380E+02 7.235E-05 7.235E-05 1.134E-13 0.00E+00
1.365E+02 7.403E-05 7.403E-05 1.187E-13 0.00E+00
1.349E+02 7.575E-05 7.575E-05 1.243E-13 0.00E+00
1.334E+02 7.751E-05 7.751E-05 1.302E-13 0.00E+00
1.318E+02 7.932E-05 7.932E-05 1.363E-13 0.00E+00
1.303E+02 8.117E-05 8.117E-05 1.427E-13 0.00E+00
1.288E+02 8.307E-05 8.307E-05 1.494E-13 0.00E+00
1.274E+02 8.501E-05 8.501E-05 1.564E-13 0.00E+00
1.259E+02 8.700E-05 8.700E-05 1.638E-13 0.00E+00
1.245E+02 8.904E-05 8.904E-05 1.715E-13 0.00E+00
1.230E+02 9.113E-05 9.113E-05 1.795E-13 0.00E+00
1.216E+02 9.327E-05 9.327E-05 1.879E-13 0.00E+00
1.202E+02 9.546E-05 9.546E-05 1.968E-13 0.00E+00
1.189E+02 9.771E-05 9.771E-05 2.060E-13 0.00E+00
1.175E+02 1.000E-04 1.000E-04 2.157E-13 0.00E+00
1.161E+02 1.024E-04 1.024E-04 2.258E-13 0.00E+00
1.148E+02 1.048E-04 1.048E-04 2.364E-13 0.00E+00
1.135E+02 1.073E-04 1.073E-04 2.475E-13 0.00E+00
1.122E+02 1.098E-04 1.098E-04 2.591E-13 0.00E+00
1.109E+02 1.124E-04 1.124E-04 2.713E-13 0.00E+00
1.096E+02 1.151E-04 1.151E-04 2.840E-13 0.00E+00
1.084E+02 1.178E-04 1.178E-04 2.974E-13 0.00E+00
1.072E+02 1.206E-04 1.206E-04 3.113E-13 0.00E+00
1.059E+02 1.234E-04 1.234E-04 3.259E-13 0.00E+00
1.047E+02 1.264E-04 1.264E-04 3.412E-13 0.00E+00
1.035E+02 1.294E-04 1.294E-04 3.572E-13 0.00E+00
1.023E+02 1.325E-04 1.325E-04 3.739E-13 0.00E+00
1.012E+02 1.356E-04 1.356E-04 3.915E-13 0.00E+00
1.000E+02 1.388E-04 1.388E-04 4.098E-13 0.00E+00
9.886E+01 1.421E-04 1.421E-04 4.290E-13 0.00E+00
9.772E+01 1.455E-04 1.455E-04 4.491E-13 0.00E+00
9.661E+01 1.490E-04 1.490E-04 4.701E-13 0.00E+00
9.550E+01 1.525E-04 1.525E-04 4.921E-13 0.00E+00
9.441E+01 1.561E-04 1.561E-04 5.151E-13 0.00E+00
9.333E+01 1.599E-04 1.599E-04 5.392E-13 0.00E+00
9.226E+01 1.636E-04 1.636E-04 5.644E-13 0.00E+00
9.120E+01 1.675E-04 1.675E-04 5.908E-13 0.00E+00
9.016E+01 1.715E-04 1.715E-04 6.184E-13 0.00E+00
8.913E+01 1.756E-04 1.756E-04 6.473E-13 0.00E+00
8.810E+01 1.797E-04 1.797E-04 6.775E-13 0.00E+00
8.710E+01 1.840E-04 1.840E-04 7.091E-13 0.00E+00
8.610E+01 1.883E-04 1.883E-04 7.422E-13 0.00E+00
8.511E+01 1.928E-04 1.928E-04 7.769E-13 0.00E+00
8.414E+01 1.973E-04 1.973E-04 8.131E-13 0.00E+00
8.318E+01 2.020E-04 2.020E-04 8.510E-13 0.00E+00
8.222E+01 2.068E-04 2.068E-04 8.907E-13 0.00E+00
8.128E+01 2.117E-04 2.117E-04 9.322E-13 0.00E+00
8.035E+01 2.166E-04 2.166E-04 9.756E-13 0.00E+00
7.943E+01 2.218E-04 2.218E-04 1.021E-12 0.00E+00
7.852E+01 2.270E-04 2.270E-04 1.068E-12 0.00E+00
7.762E+01 2.323E-04 2.323E-04 1.118E-12 0.00E+00
7.674E+01 2.378E-04 2.378E-04 1.170E-12 0.00E+00
7.586E+01 2.434E-04 2.434E-04 1.224E-12 0.00E+00
7.499E+01 2.491E-04 2.491E-04 1.281E-12 0.00E+00
7.413E+01 2.549E-04 2.549E-04 1.341E-12 0.00E+00
7.328E+01 2.608E-04 2.608E-04 1.403E-12 0.00E+00
7.244E+01 2.669E-04 2.669E-04 1.468E-12 0.00E+00
7.161E+01 2.731E-04 2.731E-04 1.536E-12 0.00E+00
7.079E+01 2.795E-04 2.795E-04 1.607E-12 0.00E+00
6.998E+01 2.859E-04 2.859E-04 1.681E-12 0.00E+00
6.918E+01 2.925E-04 2.925E-04 1.759E-12 0.00E+00
6.839E+01 2.993E-04 2.993E-04 1.840E-12 0.00E+00
6.761E+01 3.062E-04 3.062E-04 1.925E-12 0.00E+00
6.683E+01 3.132E-04 3.132E-04 2.014E-12 0.00E+00
6.607E+01 3.204E-04 3.204E-04 2.107E-12 0.00E+00
6.531E+01 3.276E-04 3.276E-04 2.204E-12 0.00E+00
6.457E+01 3.351E-04 3.351E-04 2.305E-12 0.00E+00
6.383E+01 3.427E-04 3.427E-04 2.411E-12 0.00E+00
6.310E+01 3.504E-04 3.504E-04 2.522E-12 0.00E+00
6.237E+01 3.583E-04 3.583E-04 2.638E-12 9.04E-06
6.166E+01 3.663E-04 3.663E-04 2.759E-12 8.80E-06
6.095E+01 3.744E-04 3.744E-04 2.885E-12 8.54E-06
6.026E+01 3.827E-04 3.827E-04 3.017E-12 8.27E-06
5.957E+01 3.912E-04 3.912E-04 3.155E-12 7.99E-06
5.888E+01 3.998E-04 3.998E-04 3.299E-12 7.68E-06
5.821E+01 4.085E-04 4.085E-04 3.450E-12 7.36E-06
5.754E+01 4.173E-04 4.173E-04 3.607E-12 7.02E-06
5.689E+01 4.263E-04 4.263E-04 3.771E-12 6.66E-06
5.623E+01 4.354E-04 4.354E-04 3.943E-12 6.29E-06
5.559E+01 4.447E-04 4.447E-04 4.122E-12 5.90E-06
5.495E+01 4.540E-04 4.540E-04 4.309E-12 5.50E-06
5.433E+01 4.635E-04 4.635E-04 4.504E-12 5.08E-06
5.370E+01 4.732E-04 4.732E-04 4.707E-12 4.66E-06
5.309E+01 4.829E-04 4.829E-04 4.920E-12 4.22E-06
5.248E+01 4.927E-04 4.927E-04 5.142E-12 3.77E-06
5.188E+01 5.026E-04 5.026E-04 5.373E-12 3.31E-06
5.129E+01 5.127E-04 5.127E-04 5.615E-12 2.83E-06
5.070E+01 5.228E-04 5.228E-04 5.867E-12 2.33E-06
5.012E+01 5.330E-04 5.330E-04 6.130E-12 1.83E-06
4.955E+01 5.433E-04 5.433E-04 6.404E-12 1.33E-06
4.898E+01 5.536E-04 5.536E-04 6.690E-12 8.33E-07
4.842E+01 5.640E-04 5.640E-04 6.989E-12 3.47E-07
4.786E+01 5.745E-04 5.745E-04 7.300E-12-1.32E-07
4.732E+01 5.850E-04 5.850E-04 7.625E-12-6.01E-07
4.677E+01 5.955E-04 5.955E-04 7.963E-12-1.06E-06
4.624E+01 6.060E-04 6.060E-04 8.316E-12-1.50E-06
4.571E+01 6.164E-04 6.164E-04 8.684E-12-1.93E-06
4.519E+01 6.269E-04 6.269E-04 9.067E-12-2.34E-06
4.467E+01 6.373E-04 6.373E-04 9.467E-12-2.69E-06
4.416E+01 6.477E-04 6.477E-04 9.883E-12-3.02E-06
4.365E+01 6.580E-04 6.580E-04 1.032E-11-3.34E-06
4.315E+01 6.683E-04 6.683E-04 1.077E-11-3.65E-06
4.266E+01 6.784E-04 6.784E-04 1.124E-11-3.94E-06
4.217E+01 6.884E-04 6.884E-04 1.173E-11-4.22E-06
4.169E+01 6.982E-04 6.982E-04 1.224E-11-4.48E-06
4.121E+01 7.079E-04 7.079E-04 1.278E-11-4.72E-06
4.074E+01 7.174E-04 7.174E-04 1.333E-11-4.97E-06
4.027E+01 7.267E-04 7.267E-04 1.391E-11-5.23E-06
3.981E+01 7.358E-04 7.358E-04 1.451E-11-5.48E-06
3.936E+01 7.447E-04 7.447E-04 1.514E-11-5.73E-06
3.890E+01 7.533E-04 7.533E-04 1.580E-11-5.97E-06
3.846E+01 7.616E-04 7.616E-04 1.648E-11-6.21E-06
3.802E+01 7.696E-04 7.696E-04 1.719E-11-6.45E-06
3.758E+01 7.773E-04 7.773E-04 1.793E-11-6.68E-06
3.715E+01 7.847E-04 7.847E-04 1.870E-11-6.90E-06
3.673E+01 7.917E-04 7.917E-04 1.951E-11-7.12E-06
3.631E+01 7.984E-04 7.984E-04 2.035E-11-7.34E-06
3.589E+01 8.047E-04 8.047E-04 2.122E-11-7.55E-06
3.548E+01 8.106E-04 8.106E-04 2.214E-11-7.76E-06
3.508E+01 8.161E-04 8.161E-04 2.309E-11-7.97E-06
3.467E+01 8.211E-04 8.211E-04 2.408E-11-8.16E-06
3.428E+01 8.257E-04 8.257E-04 2.511E-11-8.35E-06
3.388E+01 8.299E-04 8.299E-04 2.619E-11-8.54E-06
3.350E+01 8.336E-04 8.336E-04 2.732E-11-8.71E-06
3.311E+01 8.368E-04 8.368E-04 2.849E-11-8.86E-06
3.273E+01 8.396E-04 8.396E-04 2.971E-11-9.01E-06
3.236E+01 8.418E-04 8.418E-04 3.099E-11-9.15E-06
3.199E+01 8.437E-04 8.437E-04 3.233E-11-9.28E-06
3.162E+01 8.450E-04 8.450E-04 3.372E-11-9.40E-06
3.126E+01 8.459E-04 8.459E-04 3.518E-11-9.51E-06
3.090E+01 8.463E-04 8.463E-04 3.670E-11-9.61E-06
3.055E+01 8.462E-04 8.462E-04 3.829E-11-9.69E-06
3.020E+01 8.457E-04 8.457E-04 3.995E-11-9.77E-06
2.985E+01 8.448E-04 8.448E-04 4.168E-11-9.83E-06
2.951E+01 8.435E-04 8.435E-04 4.350E-11-9.89E-06
2.917E+01 8.418E-04 8.418E-04 4.539E-11-9.94E-06
2.884E+01 8.397E-04 8.397E-04 4.738E-11-9.98E-06
2.851E+01 8.373E-04 8.373E-04 4.945E-11-1.00E-05
2.818E+01 8.345E-04 8.345E-04 5.162E-11-1.00E-05
2.786E+01 8.313E-04 8.313E-04 5.389E-11-1.00E-05
2.754E+01 8.278E-04 8.278E-04 5.627E-11-1.00E-05
2.723E+01 8.240E-04 8.240E-04 5.875E-11-1.00E-05
2.692E+01 8.198E-04 8.198E-04 6.136E-11-9.99E-06
2.661E+01 8.155E-04 8.155E-04 6.408E-11-9.96E-06
2.630E+01 8.109E-04 8.109E-04 6.693E-11-9.90E-06
2.600E+01 8.060E-04 8.060E-04 6.992E-11-9.84E-06
2.570E+01 8.010E-04 8.010E-04 7.305E-11-9.75E-06
2.541E+01 7.959E-04 7.959E-04 7.632E-11-9.65E-06
2.512E+01 7.907E-04 7.907E-04 7.975E-11-9.53E-06
2.483E+01 7.854E-04 7.854E-04 8.333E-11-9.36E-06
2.455E+01 7.802E-04 7.802E-04 8.709E-11-9.13E-06
2.427E+01 7.751E-04 7.751E-04 9.102E-11-8.87E-06
2.399E+01 7.706E-04 7.706E-04 9.514E-11-8.70E-06
2.371E+01 7.672E-04 7.672E-04 9.946E-11-8.56E-06
2.344E+01 7.655E-04 7.655E-04 1.040E-10-8.43E-06
2.317E+01 7.640E-04 7.640E-04 1.087E-10-8.31E-06
2.291E+01 7.567E-04 7.567E-04 1.137E-10-8.19E-06
2.265E+01 7.465E-04 7.465E-04 1.189E-10-8.06E-06
2.239E+01 7.384E-04 7.384E-04 1.244E-10-7.93E-06
2.213E+01 7.338E-04 7.338E-04 1.301E-10-7.80E-06
2.188E+01 7.342E-04 7.342E-04 1.361E-10-7.65E-06
2.163E+01 7.423E-04 7.423E-04 1.424E-10-7.50E-06
2.138E+01 7.608E-04 7.608E-04 1.490E-10-7.34E-06
2.113E+01 7.636E-04 7.636E-04 1.559E-10-7.16E-06
2.089E+01 7.328E-04 7.328E-04 1.631E-10-6.98E-06
2.065E+01 7.069E-04 7.069E-04 1.707E-10-6.78E-06
2.042E+01 6.909E-04 6.909E-04 1.786E-10-6.56E-06
2.018E+01 6.802E-04 6.802E-04 1.869E-10-6.32E-06
1.995E+01 6.720E-04 6.720E-04 1.957E-10-6.05E-06
1.972E+01 6.652E-04 6.652E-04 2.048E-10-5.72E-06
1.950E+01 6.592E-04 6.592E-04 2.143E-10-5.40E-06
1.928E+01 6.539E-04 6.539E-04 2.243E-10-5.11E-06
1.905E+01 6.494E-04 6.494E-04 2.348E-10-4.84E-06
1.884E+01 6.465E-04 6.465E-04 2.458E-10-4.59E-06
1.862E+01 6.482E-04 6.482E-04 2.574E-10-4.35E-06
1.841E+01 6.690E-04 6.690E-04 2.695E-10-4.10E-06
1.820E+01 6.916E-04 6.916E-04 2.821E-10-3.86E-06
1.799E+01 6.432E-04 6.432E-04 2.954E-10-3.62E-06
1.778E+01 6.268E-04 6.268E-04 3.093E-10-3.37E-06
1.758E+01 6.194E-04 6.194E-04 3.239E-10-3.12E-06
1.738E+01 6.146E-04 6.146E-04 3.391E-10-2.87E-06
1.718E+01 6.110E-04 6.110E-04 3.551E-10-2.62E-06
1.698E+01 6.086E-04 6.086E-04 3.719E-10-2.35E-06
1.679E+01 6.081E-04 6.081E-04 3.894E-10-2.09E-06
1.660E+01 6.168E-04 6.168E-04 4.078E-10-1.82E-06
1.641E+01 7.072E-04 7.072E-04 4.271E-10-1.55E-06
1.622E+01 6.142E-04 6.142E-04 4.472E-10-1.28E-06
1.603E+01 5.998E-04 5.998E-04 4.684E-10-9.97E-07
1.585E+01 5.957E-04 5.957E-04 4.905E-10-7.20E-07
1.567E+01 5.936E-04 5.936E-04 5.137E-10-4.51E-07
1.549E+01 5.923E-04 5.923E-04 5.380E-10-1.85E-07
1.531E+01 5.914E-04 5.914E-04 5.635E-10 8.08E-08
1.514E+01 5.910E-04 5.910E-04 5.902E-10 3.45E-07
1.496E+01 5.909E-04 5.909E-04 6.182E-10 6.19E-07
1.479E+01 5.909E-04 5.909E-04 6.475E-10 8.97E-07
1.462E+01 5.916E-04 5.916E-04 6.782E-10 1.18E-06
1.445E+01 5.928E-04 5.928E-04 7.103E-10 1.47E-06
1.429E+01 5.944E-04 5.944E-04 7.440E-10 1.76E-06
1.413E+01 5.964E-04 5.964E-04 7.792E-10 2.07E-06
1.396E+01 5.988E-04 5.988E-04 8.161E-10 2.38E-06
1.380E+01 6.018E-04 6.018E-04 8.548E-10 2.70E-06
1.365E+01 6.055E-04 6.055E-04 8.952E-10 3.04E-06
1.349E+01 6.101E-04 6.101E-04 9.376E-10 3.38E-06
1.334E+01 6.157E-04 6.157E-04 9.821E-10 3.74E-06
1.318E+01 6.231E-04 6.231E-04 1.029E-09 4.11E-06
1.303E+01 6.331E-04 6.331E-04 1.077E-09 4.50E-06
1.288E+01 6.450E-04 6.450E-04 1.128E-09 4.90E-06
1.274E+01 6.550E-04 6.550E-04 1.182E-09 5.31E-06
1.259E+01 6.581E-04 6.581E-04 1.238E-09 5.75E-06
1.245E+01 6.567E-04 6.567E-04 1.296E-09 6.23E-06
1.230E+01 6.568E-04 6.568E-04 1.358E-09 6.72E-06
1.216E+01 6.621E-04 6.620E-04 1.422E-09 7.19E-06
1.202E+01 6.779E-04 6.779E-04 1.489E-09 7.63E-06
1.189E+01 6.976E-04 6.975E-04 1.562E-09 8.07E-06
1.175E+01 6.913E-04 6.913E-04 1.639E-09 8.52E-06
1.161E+01 7.010E-04 7.010E-04 1.724E-09 8.96E-06
1.148E+01 8.309E-04 8.309E-04 1.754E-09 9.38E-06
1.135E+01 8.135E-04 8.135E-04 1.864E-09 9.84E-06
1.122E+01 8.038E-04 8.038E-04 1.956E-09 1.03E-05
1.109E+01 7.550E-04 7.550E-04 2.051E-09 1.08E-05
1.096E+01 7.310E-04 7.310E-04 2.149E-09 1.12E-05
1.084E+01 7.235E-04 7.235E-04 2.252E-09 1.17E-05
1.072E+01 7.236E-04 7.236E-04 2.359E-09 1.22E-05
1.059E+01 7.278E-04 7.278E-04 2.470E-09 1.27E-05
1.047E+01 7.345E-04 7.345E-04 2.587E-09 1.32E-05
1.035E+01 7.422E-04 7.422E-04 2.708E-09 1.37E-05
1.023E+01 7.504E-04 7.504E-04 2.836E-09 1.42E-05
1.012E+01 7.592E-04 7.592E-04 2.970E-09 1.48E-05
1.000E+01 7.685E-04 7.685E-04 3.110E-09 1.53E-05
9.886E+00 7.784E-04 7.784E-04 3.257E-09 1.58E-05
9.772E+00 7.889E-04 7.889E-04 3.411E-09 1.64E-05
9.661E+00 7.999E-04 7.999E-04 3.572E-09 1.69E-05
9.550E+00 8.116E-04 8.116E-04 3.740E-09 1.75E-05
9.441E+00 8.239E-04 8.239E-04 3.916E-09 1.80E-05
9.333E+00 8.370E-04 8.370E-04 4.101E-09 1.86E-05
9.226E+00 8.509E-04 8.509E-04 4.294E-09 1.92E-05
9.120E+00 8.659E-04 8.659E-04 4.497E-09 1.98E-05
9.016E+00 8.823E-04 8.823E-04 4.708E-09 2.04E-05
8.913E+00 9.010E-04 9.010E-04 4.930E-09 2.10E-05
8.810E+00 9.234E-04 9.234E-04 5.162E-09 2.17E-05
8.710E+00 9.508E-04 9.508E-04 5.405E-09 2.23E-05
8.610E+00 9.767E-04 9.767E-04 5.659E-09 2.30E-05
8.511E+00 9.890E-04 9.890E-04 5.925E-09 2.37E-05
8.414E+00 9.975E-04 9.975E-04 6.203E-09 2.44E-05
8.318E+00 1.012E-03 1.012E-03 6.494E-09 2.51E-05
8.222E+00 1.032E-03 1.032E-03 6.799E-09 2.59E-05
8.128E+00 1.057E-03 1.057E-03 7.118E-09 2.67E-05
8.035E+00 1.086E-03 1.086E-03 7.452E-09 2.75E-05
7.943E+00 1.120E-03 1.120E-03 7.802E-09 2.84E-05
7.852E+00 1.157E-03 1.157E-03 8.167E-09 2.93E-05
7.762E+00 1.189E-03 1.189E-03 8.550E-09 3.02E-05
7.674E+00 1.210E-03 1.210E-03 8.951E-09 3.11E-05
7.586E+00 1.216E-03 1.216E-03 9.371E-09 3.20E-05
7.499E+00 1.216E-03 1.216E-03 9.810E-09 3.28E-05
7.413E+00 1.216E-03 1.216E-03 1.027E-08 3.37E-05
7.328E+00 1.220E-03 1.220E-03 1.075E-08 3.46E-05
7.244E+00 1.228E-03 1.228E-03 1.126E-08 3.55E-05
7.161E+00 1.240E-03 1.240E-03 1.178E-08 3.65E-05
7.079E+00 1.254E-03 1.254E-03 1.234E-08 3.74E-05
6.998E+00 1.271E-03 1.271E-03 1.291E-08 3.84E-05
6.918E+00 1.290E-03 1.290E-03 1.352E-08 3.94E-05
6.839E+00 1.311E-03 1.310E-03 1.415E-08 4.04E-05
6.761E+00 1.332E-03 1.332E-03 1.481E-08 4.14E-05
6.683E+00 1.356E-03 1.356E-03 1.551E-08 4.25E-05
6.607E+00 1.381E-03 1.381E-03 1.623E-08 4.36E-05
6.531E+00 1.409E-03 1.409E-03 1.699E-08 4.47E-05
6.457E+00 1.440E-03 1.440E-03 1.779E-08 4.58E-05
6.383E+00 1.477E-03 1.477E-03 1.862E-08 4.71E-05
6.310E+00 1.504E-03 1.504E-03 1.949E-08 4.94E-05
6.237E+00 1.579E-03 1.579E-03 2.041E-08 4.87E-05
6.166E+00 1.605E-03 1.605E-03 2.136E-08 5.01E-05
6.095E+00 1.607E-03 1.607E-03 2.236E-08 5.14E-05
6.026E+00 1.612E-03 1.612E-03 2.340E-08 5.26E-05
5.957E+00 1.627E-03 1.627E-03 2.449E-08 5.39E-05
5.888E+00 1.648E-03 1.648E-03 2.564E-08 5.51E-05
5.821E+00 1.673E-03 1.673E-03 2.684E-08 5.64E-05
5.754E+00 1.701E-03 1.701E-03 2.809E-08 5.78E-05
5.689E+00 1.730E-03 1.730E-03 2.940E-08 5.91E-05
5.623E+00 1.760E-03 1.760E-03 3.077E-08 6.05E-05
5.559E+00 1.791E-03 1.791E-03 3.221E-08 6.19E-05
5.495E+00 1.824E-03 1.824E-03 3.371E-08 6.34E-05
5.433E+00 1.857E-03 1.857E-03 3.528E-08 6.48E-05
5.370E+00 1.891E-03 1.891E-03 3.693E-08 6.63E-05
5.309E+00 1.926E-03 1.926E-03 3.865E-08 6.79E-05
5.248E+00 1.961E-03 1.961E-03 4.045E-08 6.94E-05
5.188E+00 1.997E-03 1.997E-03 4.233E-08 7.11E-05
5.129E+00 2.034E-03 2.033E-03 4.430E-08 7.28E-05
5.070E+00 2.071E-03 2.071E-03 4.636E-08 7.45E-05
5.012E+00 2.109E-03 2.109E-03 4.852E-08 7.62E-05
4.955E+00 2.146E-03 2.146E-03 5.078E-08 7.80E-05
4.898E+00 2.185E-03 2.185E-03 5.314E-08 7.98E-05
4.842E+00 2.224E-03 2.224E-03 5.562E-08 8.16E-05
4.786E+00 2.264E-03 2.264E-03 5.821E-08 8.35E-05
4.732E+00 2.304E-03 2.304E-03 6.092E-08 8.54E-05
4.677E+00 2.346E-03 2.346E-03 6.376E-08 8.73E-05
4.624E+00 2.388E-03 2.388E-03 6.672E-08 8.93E-05
4.571E+00 2.431E-03 2.431E-03 6.983E-08 9.13E-05
4.519E+00 2.475E-03 2.475E-03 7.308E-08 9.34E-05
4.467E+00 2.520E-03 2.520E-03 7.647E-08 9.55E-05
4.416E+00 2.566E-03 2.566E-03 8.003E-08 9.76E-05
4.365E+00 2.612E-03 2.612E-03 8.375E-08 9.98E-05
4.315E+00 2.660E-03 2.660E-03 8.764E-08 1.02E-04
4.266E+00 2.708E-03 2.708E-03 9.171E-08 1.04E-04
4.217E+00 2.757E-03 2.757E-03 9.597E-08 1.07E-04
4.169E+00 2.807E-03 2.807E-03 1.004E-07 1.09E-04
4.121E+00 2.858E-03 2.858E-03 1.051E-07 1.11E-04
4.074E+00 2.910E-03 2.910E-03 1.100E-07 1.14E-04
4.027E+00 2.963E-03 2.963E-03 1.151E-07 1.16E-04
3.981E+00 3.017E-03 3.017E-03 1.204E-07 1.19E-04
3.936E+00 3.072E-03 3.072E-03 1.260E-07 1.21E-04
3.890E+00 3.127E-03 3.127E-03 1.319E-07 1.24E-04
3.846E+00 3.184E-03 3.184E-03 1.380E-07 1.27E-04
3.802E+00 3.242E-03 3.242E-03 1.444E-07 1.29E-04
3.758E+00 3.300E-03 3.300E-03 1.511E-07 1.32E-04
3.715E+00 3.360E-03 3.360E-03 1.581E-07 1.35E-04
3.673E+00 3.421E-03 3.421E-03 1.655E-07 1.38E-04
3.631E+00 3.483E-03 3.483E-03 1.732E-07 1.40E-04
3.589E+00 3.547E-03 3.547E-03 1.812E-07 1.43E-04
3.548E+00 3.612E-03 3.612E-03 1.896E-07 1.46E-04
3.508E+00 3.678E-03 3.678E-03 1.984E-07 1.49E-04
3.467E+00 3.747E-03 3.746E-03 2.076E-07 1.52E-04
3.428E+00 3.817E-03 3.817E-03 2.172E-07 1.56E-04
3.388E+00 3.891E-03 3.891E-03 2.273E-07 1.59E-04
3.350E+00 3.977E-03 3.977E-03 2.378E-07 1.62E-04
3.311E+00 4.146E-03 4.146E-03 2.489E-07 1.65E-04
3.273E+00 4.157E-03 4.157E-03 2.604E-07 1.69E-04
3.236E+00 4.188E-03 4.188E-03 2.725E-07 1.72E-04
3.199E+00 4.256E-03 4.256E-03 2.851E-07 1.76E-04
3.162E+00 4.324E-03 4.323E-03 2.983E-07 1.80E-04
3.126E+00 4.408E-03 4.408E-03 3.121E-07 1.83E-04
3.090E+00 4.488E-03 4.487E-03 3.266E-07 1.87E-04
3.055E+00 4.568E-03 4.568E-03 3.417E-07 1.91E-04
3.020E+00 4.651E-03 4.650E-03 3.575E-07 1.95E-04
2.985E+00 4.736E-03 4.736E-03 3.741E-07 1.99E-04
2.951E+00 4.821E-03 4.821E-03 3.914E-07 2.03E-04
2.917E+00 4.909E-03 4.909E-03 4.095E-07 2.07E-04
2.884E+00 4.999E-03 4.998E-03 4.285E-07 2.11E-04
2.851E+00 5.090E-03 5.089E-03 4.483E-07 2.15E-04
2.818E+00 5.183E-03 5.182E-03 4.691E-07 2.20E-04
2.786E+00 5.276E-03 5.276E-03 4.907E-07 2.24E-04
2.754E+00 5.372E-03 5.371E-03 5.134E-07 2.29E-04
2.723E+00 5.470E-03 5.469E-03 5.371E-07 2.34E-04
2.692E+00 5.569E-03 5.568E-03 5.619E-07 2.38E-04
2.661E+00 5.669E-03 5.668E-03 5.880E-07 2.43E-04
2.630E+00 5.772E-03 5.771E-03 6.151E-07 2.48E-04
2.600E+00 5.875E-03 5.874E-03 6.435E-07 2.53E-04
2.570E+00 5.978E-03 5.978E-03 6.732E-07 2.59E-04
2.541E+00 6.084E-03 6.083E-03 7.043E-07 2.64E-04
2.512E+00 6.192E-03 6.191E-03 7.368E-07 2.70E-04
2.483E+00 6.301E-03 6.301E-03 7.708E-07 2.75E-04
2.455E+00 6.413E-03 6.412E-03 8.064E-07 2.81E-04
2.427E+00 6.527E-03 6.526E-03 8.436E-07 2.87E-04
2.399E+00 6.643E-03 6.642E-03 8.825E-07 2.93E-04
2.371E+00 6.761E-03 6.761E-03 9.233E-07 2.99E-04
2.344E+00 6.882E-03 6.881E-03 9.659E-07 3.05E-04
2.317E+00 7.005E-03 7.004E-03 1.011E-06 3.11E-04
2.291E+00 7.130E-03 7.129E-03 1.057E-06 3.17E-04
2.265E+00 7.257E-03 7.256E-03 1.106E-06 3.23E-04
2.239E+00 7.387E-03 7.386E-03 1.157E-06 3.30E-04
2.213E+00 7.520E-03 7.518E-03 1.211E-06 3.36E-04
2.188E+00 7.655E-03 7.653E-03 1.267E-06 3.43E-04
2.163E+00 7.792E-03 7.791E-03 1.325E-06 3.50E-04
2.138E+00 7.932E-03 7.931E-03 1.386E-06 3.57E-04
2.113E+00 8.074E-03 8.073E-03 1.450E-06 3.64E-04
2.089E+00 8.217E-03 8.215E-03 1.517E-06 3.71E-04
2.065E+00 8.362E-03 8.361E-03 1.587E-06 3.79E-04
2.042E+00 8.511E-03 8.509E-03 1.660E-06 3.87E-04
2.018E+00 8.662E-03 8.660E-03 1.737E-06 3.94E-04
1.995E+00 8.816E-03 8.814E-03 1.817E-06 4.02E-04
1.972E+00 8.973E-03 8.971E-03 1.901E-06 4.10E-04
1.950E+00 9.133E-03 9.131E-03 1.989E-06 4.19E-04
1.928E+00 9.296E-03 9.294E-03 2.080E-06 4.27E-04
1.905E+00 9.462E-03 9.460E-03 2.176E-06 4.35E-04
1.884E+00 9.632E-03 9.629E-03 2.277E-06 4.44E-04
1.862E+00 9.805E-03 9.802E-03 2.382E-06 4.53E-04
1.841E+00 9.981E-03 9.979E-03 2.492E-06 4.61E-04
1.820E+00 1.016E-02 1.016E-02 2.607E-06 4.71E-04
1.799E+00 1.034E-02 1.034E-02 2.727E-06 4.80E-04
1.778E+00 1.053E-02 1.053E-02 2.853E-06 4.89E-04
1.758E+00 1.072E-02 1.072E-02 2.985E-06 4.99E-04
1.738E+00 1.091E-02 1.091E-02 3.122E-06 5.08E-04
1.718E+00 1.111E-02 1.111E-02 3.266E-06 5.18E-04
1.698E+00 1.131E-02 1.131E-02 3.417E-06 5.29E-04
1.679E+00 1.152E-02 1.151E-02 3.574E-06 5.39E-04
1.660E+00 1.172E-02 1.172E-02 3.739E-06 5.50E-04
1.641E+00 1.193E-02 1.193E-02 3.911E-06 5.61E-04
1.622E+00 1.214E-02 1.214E-02 4.091E-06 5.72E-04
1.603E+00 1.236E-02 1.235E-02 4.279E-06 5.83E-04
1.585E+00 1.258E-02 1.257E-02 4.476E-06 5.95E-04
1.567E+00 1.280E-02 1.279E-02 4.682E-06 6.07E-04
1.549E+00 1.302E-02 1.302E-02 4.898E-06 6.19E-04
1.531E+00 1.325E-02 1.325E-02 5.124E-06 6.31E-04
1.514E+00 1.349E-02 1.348E-02 5.361E-06 6.44E-04
1.496E+00 1.373E-02 1.372E-02 5.609E-06 6.56E-04
1.479E+00 1.398E-02 1.397E-02 5.868E-06 6.69E-04
1.462E+00 1.423E-02 1.422E-02 6.140E-06 6.82E-04
1.445E+00 1.449E-02 1.448E-02 6.424E-06 6.95E-04
1.429E+00 1.475E-02 1.475E-02 6.720E-06 7.08E-04
1.413E+00 1.502E-02 1.502E-02 7.031E-06 7.22E-04
1.396E+00 1.530E-02 1.529E-02 7.355E-06 7.35E-04
1.380E+00 1.558E-02 1.558E-02 7.694E-06 7.49E-04
1.365E+00 1.587E-02 1.586E-02 8.049E-06 7.63E-04
1.349E+00 1.617E-02 1.616E-02 8.421E-06 7.78E-04
1.334E+00 1.646E-02 1.646E-02 8.809E-06 7.93E-04
1.318E+00 1.677E-02 1.676E-02 9.215E-06 8.08E-04
1.303E+00 1.708E-02 1.707E-02 9.640E-06 8.24E-04
1.288E+00 1.739E-02 1.738E-02 1.008E-05 8.40E-04
1.274E+00 1.771E-02 1.770E-02 1.055E-05 8.56E-04
1.259E+00 1.804E-02 1.803E-02 1.103E-05 8.73E-04
1.245E+00 1.837E-02 1.836E-02 1.154E-05 8.90E-04
1.230E+00 1.870E-02 1.869E-02 1.207E-05 9.07E-04
1.216E+00 1.904E-02 1.903E-02 1.263E-05 9.24E-04
1.202E+00 1.939E-02 1.937E-02 1.321E-05 9.42E-04
1.189E+00 1.974E-02 1.973E-02 1.382E-05 9.60E-04
1.175E+00 2.011E-02 2.009E-02 1.446E-05 9.79E-04
1.161E+00 2.048E-02 2.046E-02 1.513E-05 9.98E-04
1.148E+00 2.086E-02 2.084E-02 1.583E-05 1.02E-03
1.135E+00 2.125E-02 2.123E-02 1.656E-05 1.04E-03
1.122E+00 2.164E-02 2.163E-02 1.732E-05 1.06E-03
1.109E+00 2.205E-02 2.204E-02 1.812E-05 1.08E-03
1.096E+00 2.247E-02 2.245E-02 1.895E-05 1.10E-03
1.084E+00 2.290E-02 2.288E-02 1.983E-05 1.12E-03
1.072E+00 2.334E-02 2.332E-02 2.074E-05 1.14E-03
1.059E+00 2.379E-02 2.377E-02 2.169E-05 1.16E-03
1.047E+00 2.426E-02 2.423E-02 2.269E-05 1.18E-03
1.035E+00 2.473E-02 2.471E-02 2.374E-05 1.20E-03
1.023E+00 2.522E-02 2.519E-02 2.483E-05 1.23E-03
1.012E+00 2.572E-02 2.569E-02 2.597E-05 1.25E-03
1.000E+00 2.622E-02 2.620E-02 2.717E-05 1.27E-03
9.886E-01 2.674E-02 2.671E-02 2.841E-05 1.30E-03
9.772E-01 2.726E-02 2.723E-02 2.972E-05 1.32E-03
9.661E-01 2.779E-02 2.776E-02 3.108E-05 1.35E-03
9.550E-01 2.834E-02 2.830E-02 3.251E-05 1.38E-03
9.441E-01 2.889E-02 2.885E-02 3.400E-05 1.40E-03
9.333E-01 2.945E-02 2.941E-02 3.556E-05 1.43E-03
9.226E-01 3.002E-02 2.998E-02 3.720E-05 1.46E-03
9.120E-01 3.061E-02 3.057E-02 3.890E-05 1.49E-03
9.016E-01 3.121E-02 3.117E-02 4.068E-05 1.52E-03
8.913E-01 3.183E-02 3.179E-02 4.255E-05 1.55E-03
8.810E-01 3.248E-02 3.243E-02 4.449E-05 1.58E-03
8.710E-01 3.314E-02 3.310E-02 4.653E-05 1.61E-03
8.610E-01 3.383E-02 3.378E-02 4.865E-05 1.64E-03
8.511E-01 3.454E-02 3.449E-02 5.088E-05 1.67E-03
8.414E-01 3.526E-02 3.521E-02 5.320E-05 1.71E-03
8.318E-01 3.600E-02 3.594E-02 5.563E-05 1.74E-03
8.222E-01 3.674E-02 3.668E-02 5.817E-05 1.78E-03
8.128E-01 3.750E-02 3.743E-02 6.083E-05 1.81E-03
8.035E-01 3.826E-02 3.820E-02 6.361E-05 1.85E-03
7.943E-01 3.904E-02 3.898E-02 6.651E-05 1.89E-03
7.852E-01 3.984E-02 3.977E-02 6.955E-05 1.93E-03
7.762E-01 4.065E-02 4.057E-02 7.272E-05 1.97E-03
7.674E-01 4.147E-02 4.140E-02 7.604E-05 2.01E-03
7.586E-01 4.231E-02 4.223E-02 7.951E-05 2.05E-03
7.499E-01 4.317E-02 4.309E-02 8.314E-05 2.09E-03
7.413E-01 4.404E-02 4.396E-02 8.694E-05 2.14E-03
7.328E-01 4.494E-02 4.485E-02 9.090E-05 2.18E-03
7.244E-01 4.585E-02 4.575E-02 9.506E-05 2.23E-03
7.161E-01 4.677E-02 4.667E-02 9.940E-05 2.28E-03
7.079E-01 4.772E-02 4.761E-02 1.039E-04 2.33E-03
6.998E-01 4.868E-02 4.857E-02 1.087E-04 2.38E-03
6.918E-01 4.966E-02 4.955E-02 1.137E-04 2.43E-03
6.839E-01 5.067E-02 5.055E-02 1.188E-04 2.48E-03
6.761E-01 5.170E-02 5.157E-02 1.243E-04 2.53E-03
6.683E-01 5.275E-02 5.262E-02 1.300E-04 2.59E-03
6.607E-01 5.383E-02 5.369E-02 1.359E-04 2.65E-03
6.531E-01 5.492E-02 5.477E-02 1.422E-04 2.70E-03
6.457E-01 5.602E-02 5.587E-02 1.487E-04 2.77E-03
6.383E-01 5.715E-02 5.699E-02 1.556E-04 2.83E-03
6.310E-01 5.831E-02 5.814E-02 1.627E-04 2.89E-03
6.237E-01 5.950E-02 5.933E-02 1.702E-04 2.95E-03
6.166E-01 6.072E-02 6.054E-02 1.781E-04 3.02E-03
6.095E-01 6.198E-02 6.179E-02 1.863E-04 3.09E-03
6.026E-01 6.327E-02 6.308E-02 1.950E-04 3.15E-03
5.957E-01 6.460E-02 6.440E-02 2.040E-04 3.22E-03
5.888E-01 6.597E-02 6.575E-02 2.135E-04 3.30E-03
5.821E-01 6.737E-02 6.715E-02 2.234E-04 3.37E-03
5.754E-01 6.881E-02 6.858E-02 2.338E-04 3.44E-03
5.689E-01 7.029E-02 7.005E-02 2.448E-04 3.52E-03
5.623E-01 7.182E-02 7.156E-02 2.562E-04 3.60E-03
5.559E-01 7.338E-02 7.311E-02 2.682E-04 3.67E-03
5.495E-01 7.499E-02 7.471E-02 2.809E-04 3.75E-03
5.433E-01 7.664E-02 7.634E-02 2.941E-04 3.84E-03
5.370E-01 7.833E-02 7.802E-02 3.081E-04 3.92E-03
5.309E-01 8.008E-02 7.975E-02 3.227E-04 4.01E-03
5.248E-01 8.187E-02 8.153E-02 3.380E-04 4.09E-03
5.188E-01 8.372E-02 8.337E-02 3.541E-04 4.18E-03
5.129E-01 8.563E-02 8.525E-02 3.711E-04 4.27E-03
5.070E-01 8.759E-02 8.720E-02 3.888E-04 4.36E-03
5.012E-01 8.961E-02 8.920E-02 4.075E-04 4.46E-03
4.955E-01 9.168E-02 9.126E-02 4.272E-04 4.55E-03
4.898E-01 9.382E-02 9.338E-02 4.478E-04 4.65E-03
4.842E-01 9.605E-02 9.558E-02 4.695E-04 4.75E-03
4.786E-01 9.837E-02 9.788E-02 4.921E-04 4.85E-03
4.732E-01 1.008E-01 1.003E-01 5.159E-04 4.95E-03
4.677E-01 1.033E-01 1.027E-01 5.409E-04 5.05E-03
4.624E-01 1.059E-01 1.053E-01 5.672E-04 5.15E-03
4.571E-01 1.085E-01 1.079E-01 5.948E-04 5.25E-03
4.519E-01 1.113E-01 1.107E-01 6.239E-04 5.35E-03
4.467E-01 1.142E-01 1.135E-01 6.544E-04 5.46E-03
4.416E-01 1.171E-01 1.165E-01 6.866E-04 5.56E-03
4.365E-01 1.202E-01 1.195E-01 7.203E-04 5.67E-03
4.315E-01 1.234E-01 1.227E-01 7.556E-04 5.77E-03
4.266E-01 1.267E-01 1.259E-01 7.925E-04 5.87E-03
4.217E-01 1.301E-01 1.293E-01 8.314E-04 5.97E-03
4.169E-01 1.335E-01 1.327E-01 8.721E-04 6.07E-03
4.121E-01 1.370E-01 1.361E-01 9.150E-04 6.17E-03
4.074E-01 1.406E-01 1.396E-01 9.599E-04 6.28E-03
4.027E-01 1.441E-01 1.431E-01 1.007E-03 6.38E-03
3.981E-01 1.478E-01 1.467E-01 1.057E-03 6.49E-03
3.935E-01 1.515E-01 1.504E-01 1.109E-03 6.59E-03
3.890E-01 1.552E-01 1.541E-01 1.164E-03 6.70E-03
3.846E-01 1.590E-01 1.578E-01 1.221E-03 6.81E-03
3.802E-01 1.629E-01 1.616E-01 1.282E-03 6.91E-03
3.758E-01 1.669E-01 1.655E-01 1.345E-03 7.02E-03
3.715E-01 1.709E-01 1.695E-01 1.413E-03 7.12E-03
3.673E-01 1.751E-01 1.736E-01 1.485E-03 7.23E-03
3.631E-01 1.792E-01 1.776E-01 1.560E-03 7.34E-03
3.589E-01 1.833E-01 1.817E-01 1.641E-03 7.45E-03
3.548E-01 1.876E-01 1.859E-01 1.727E-03 7.56E-03
3.508E-01 1.921E-01 1.903E-01 1.818E-03 7.66E-03
3.467E-01 1.968E-01 1.949E-01 1.915E-03 7.76E-03
3.428E-01 2.017E-01 1.997E-01 2.018E-03 7.84E-03
3.388E-01 2.069E-01 2.048E-01 2.128E-03 7.92E-03
3.350E-01 2.124E-01 2.101E-01 2.246E-03 7.98E-03
3.311E-01 2.181E-01 2.157E-01 2.372E-03 8.02E-03
3.273E-01 2.241E-01 2.216E-01 2.507E-03 8.04E-03
3.236E-01 2.305E-01 2.278E-01 2.653E-03 8.04E-03
3.199E-01 2.371E-01 2.343E-01 2.808E-03 8.00E-03
3.162E-01 2.441E-01 2.411E-01 2.974E-03 7.93E-03
3.126E-01 2.514E-01 2.482E-01 3.152E-03 7.83E-03
3.090E-01 2.590E-01 2.557E-01 3.341E-03 7.70E-03
3.055E-01 2.670E-01 2.635E-01 3.543E-03 7.53E-03
3.020E-01 2.752E-01 2.714E-01 3.760E-03 7.33E-03
2.985E-01 2.833E-01 2.793E-01 3.993E-03 7.08E-03
2.951E-01 2.918E-01 2.876E-01 4.244E-03 6.78E-03
2.917E-01 3.008E-01 2.962E-01 4.515E-03 6.44E-03
2.884E-01 3.100E-01 3.051E-01 4.812E-03 6.04E-03
2.851E-01 3.196E-01 3.144E-01 5.136E-03 5.57E-03
2.818E-01 3.304E-01 3.249E-01 5.512E-03 4.95E-03
2.786E-01 3.418E-01 3.359E-01 5.915E-03 4.32E-03
2.754E-01 3.539E-01 3.476E-01 6.349E-03 3.71E-03
2.723E-01 3.675E-01 3.606E-01 6.826E-03 3.11E-03
2.692E-01 3.825E-01 3.751E-01 7.353E-03 2.55E-03
2.661E-01 3.989E-01 3.909E-01 7.938E-03 2.05E-03
2.630E-01 4.171E-01 4.085E-01 8.596E-03 1.61E-03
2.600E-01 4.378E-01 4.285E-01 9.346E-03 1.23E-03
2.570E-01 4.609E-01 4.507E-01 1.019E-02 9.54E-04
2.541E-01 4.861E-01 4.750E-01 1.112E-02 7.79E-04
2.512E-01 5.150E-01 5.029E-01 1.218E-02 6.95E-04
2.483E-01 5.482E-01 5.349E-01 1.338E-02 6.92E-04
2.455E-01 5.866E-01 5.718E-01 1.476E-02 7.65E-04
2.427E-01 6.317E-01 6.154E-01 1.634E-02 9.25E-04
2.399E-01 6.854E-01 6.673E-01 1.816E-02 1.17E-03
2.371E-01 7.473E-01 7.271E-01 2.013E-02 1.52E-03
2.344E-01 8.156E-01 7.934E-01 2.220E-02 1.94E-03
2.317E-01 8.878E-01 8.634E-01 2.432E-02 2.38E-03
2.291E-01 9.615E-01 9.351E-01 2.644E-02 2.84E-03
2.265E-01 1.036E+00 1.007E+00 2.853E-02 3.31E-03
2.239E-01 1.112E+00 1.081E+00 3.064E-02 3.82E-03
2.213E-01 1.187E+00 1.155E+00 3.269E-02 4.35E-03
2.188E-01 1.250E+00 1.215E+00 3.406E-02 4.96E-03
2.163E-01 1.286E+00 1.251E+00 3.429E-02 5.65E-03
2.138E-01 1.292E+00 1.259E+00 3.351E-02 6.39E-03
2.113E-01 1.275E+00 1.242E+00 3.219E-02 7.12E-03
2.089E-01 1.239E+00 1.208E+00 3.046E-02 7.88E-03
2.065E-01 1.190E+00 1.161E+00 2.844E-02 8.66E-03
2.042E-01 1.130E+00 1.104E+00 2.622E-02 9.47E-03
2.018E-01 1.064E+00 1.040E+00 2.392E-02 1.03E-02
1.995E-01 9.961E-01 9.744E-01 2.165E-02 1.11E-02
1.972E-01 9.281E-01 9.086E-01 1.949E-02 1.20E-02
1.950E-01 8.629E-01 8.454E-01 1.749E-02 1.29E-02
1.928E-01 8.016E-01 7.859E-01 1.568E-02 1.38E-02
1.905E-01 7.451E-01 7.310E-01 1.407E-02 1.47E-02
1.884E-01 6.931E-01 6.805E-01 1.262E-02 1.56E-02
1.862E-01 6.464E-01 6.351E-01 1.137E-02 1.66E-02
1.841E-01 6.046E-01 5.943E-01 1.031E-02 1.76E-02
1.820E-01 5.671E-01 5.577E-01 9.418E-03 1.87E-02
1.799E-01 5.334E-01 5.248E-01 8.662E-03 1.98E-02
1.778E-01 5.035E-01 4.955E-01 8.048E-03 2.09E-02
1.758E-01 4.766E-01 4.690E-01 7.544E-03 2.20E-02
1.738E-01 4.523E-01 4.451E-01 7.139E-03 2.32E-02
1.718E-01 4.304E-01 4.236E-01 6.825E-03 2.43E-02
1.698E-01 4.107E-01 4.041E-01 6.598E-03 2.55E-02
1.679E-01 3.922E-01 3.857E-01 6.461E-03 2.67E-02
1.660E-01 3.755E-01 3.691E-01 6.411E-03 2.79E-02
1.641E-01 3.606E-01 3.541E-01 6.458E-03 2.91E-02
1.622E-01 3.471E-01 3.405E-01 6.597E-03 3.03E-02
1.603E-01 3.351E-01 3.283E-01 6.829E-03 3.15E-02
1.585E-01 3.247E-01 3.175E-01 7.161E-03 3.27E-02
1.567E-01 3.153E-01 3.077E-01 7.582E-03 3.39E-02
1.549E-01 3.069E-01 2.988E-01 8.096E-03 3.52E-02
1.531E-01 2.993E-01 2.906E-01 8.700E-03 3.65E-02
1.514E-01 2.926E-01 2.832E-01 9.409E-03 3.78E-02
1.496E-01 2.870E-01 2.768E-01 1.023E-02 3.92E-02
1.479E-01 2.826E-01 2.715E-01 1.118E-02 4.06E-02
1.462E-01 2.796E-01 2.673E-01 1.226E-02 4.20E-02
1.445E-01 2.784E-01 2.649E-01 1.351E-02 4.33E-02
1.429E-01 2.790E-01 2.641E-01 1.492E-02 4.48E-02
1.413E-01 2.811E-01 2.646E-01 1.650E-02 4.62E-02
1.396E-01 2.847E-01 2.665E-01 1.823E-02 4.77E-02
1.380E-01 2.893E-01 2.692E-01 2.013E-02 4.92E-02
1.365E-01 2.951E-01 2.728E-01 2.225E-02 5.09E-02
1.349E-01 3.021E-01 2.775E-01 2.464E-02 5.26E-02
1.334E-01 3.107E-01 2.834E-01 2.733E-02 5.45E-02
1.318E-01 3.211E-01 2.908E-01 3.033E-02 5.65E-02
1.303E-01 3.336E-01 3.000E-01 3.369E-02 5.87E-02
1.288E-01 3.507E-01 3.133E-01 3.745E-02 6.10E-02
1.274E-01 3.690E-01 3.273E-01 4.166E-02 6.35E-02
1.259E-01 3.901E-01 3.438E-01 4.633E-02 6.61E-02
1.245E-01 4.143E-01 3.627E-01 5.154E-02 6.89E-02
1.230E-01 4.416E-01 3.843E-01 5.732E-02 7.17E-02
1.216E-01 4.724E-01 4.087E-01 6.368E-02 7.45E-02
1.202E-01 5.071E-01 4.364E-01 7.067E-02 7.71E-02
1.189E-01 5.452E-01 4.668E-01 7.840E-02 7.94E-02
1.175E-01 5.851E-01 4.983E-01 8.684E-02 8.15E-02
1.161E-01 6.282E-01 5.319E-01 9.623E-02 8.30E-02
1.148E-01 6.781E-01 5.709E-01 1.072E-01 8.37E-02
1.135E-01 7.404E-01 6.179E-01 1.225E-01 8.29E-02
1.122E-01 8.049E-01 6.663E-01 1.386E-01 7.91E-02
1.109E-01 8.723E-01 7.163E-01 1.560E-01 7.32E-02
1.096E-01 9.496E-01 7.756E-01 1.740E-01 6.66E-02
1.084E-01 1.044E+00 8.478E-01 1.958E-01 6.15E-02
1.072E-01 1.154E+00 9.340E-01 2.203E-01 5.92E-02
1.059E-01 1.268E+00 1.025E+00 2.426E-01 5.98E-02
1.047E-01 1.382E+00 1.120E+00 2.620E-01 6.14E-02
1.035E-01 1.489E+00 1.209E+00 2.796E-01 6.21E-02
1.023E-01 1.586E+00 1.290E+00 2.958E-01 6.22E-02
1.012E-01 1.677E+00 1.363E+00 3.142E-01 6.15E-02
1.000E-01 1.771E+00 1.436E+00 3.347E-01 6.04E-02
9.886E-02 1.876E+00 1.516E+00 3.605E-01 5.87E-02
9.772E-02 1.985E+00 1.597E+00 3.875E-01 5.73E-02
9.661E-02 2.084E+00 1.675E+00 4.088E-01 5.71E-02
9.550E-02 2.165E+00 1.741E+00 4.241E-01 5.75E-02
9.441E-02 2.222E+00 1.789E+00 4.327E-01 5.86E-02
9.333E-02 2.264E+00 1.826E+00 4.381E-01 5.99E-02
9.226E-02 2.304E+00 1.859E+00 4.444E-01 6.14E-02
9.120E-02 2.335E+00 1.886E+00 4.498E-01 6.31E-02
9.016E-02 2.344E+00 1.894E+00 4.500E-01 6.54E-02
8.913E-02 2.357E+00 1.905E+00 4.526E-01 6.75E-02
8.810E-02 2.394E+00 1.928E+00 4.657E-01 6.84E-02
8.710E-02 2.455E+00 1.964E+00 4.909E-01 6.82E-02
8.610E-02 2.519E+00 2.000E+00 5.188E-01 6.79E-02
8.511E-02 2.586E+00 2.037E+00 5.487E-01 6.78E-02
8.414E-02 2.654E+00 2.074E+00 5.799E-01 6.79E-02
8.318E-02 2.724E+00 2.112E+00 6.115E-01 6.84E-02
8.222E-02 2.790E+00 2.151E+00 6.385E-01 6.96E-02
8.128E-02 2.847E+00 2.188E+00 6.585E-01 7.17E-02
8.035E-02 2.898E+00 2.223E+00 6.750E-01 7.43E-02
7.943E-02 2.940E+00 2.254E+00 6.866E-01 7.74E-02
7.852E-02 2.973E+00 2.280E+00 6.923E-01 8.12E-02
7.762E-02 2.992E+00 2.301E+00 6.911E-01 8.57E-02
7.674E-02 3.008E+00 2.318E+00 6.898E-01 9.02E-02
7.586E-02 3.018E+00 2.331E+00 6.868E-01 9.50E-02
7.499E-02 3.019E+00 2.338E+00 6.812E-01 9.99E-02
7.413E-02 3.009E+00 2.336E+00 6.731E-01 1.05E-01
7.328E-02 2.986E+00 2.323E+00 6.630E-01 1.10E-01
7.244E-02 2.947E+00 2.295E+00 6.517E-01 1.16E-01
7.161E-02 2.890E+00 2.251E+00 6.389E-01 1.21E-01
7.079E-02 2.818E+00 2.194E+00 6.240E-01 1.26E-01
6.998E-02 2.731E+00 2.124E+00 6.071E-01 1.32E-01
6.918E-02 2.634E+00 2.046E+00 5.884E-01 1.37E-01
6.839E-02 2.527E+00 1.962E+00 5.646E-01 1.43E-01
6.761E-02 2.418E+00 1.880E+00 5.387E-01 1.48E-01
6.683E-02 2.314E+00 1.801E+00 5.134E-01 1.53E-01
6.607E-02 2.216E+00 1.727E+00 4.888E-01 1.57E-01
6.531E-02 2.120E+00 1.655E+00 4.648E-01 1.62E-01
6.457E-02 2.042E+00 1.595E+00 4.467E-01 1.67E-01
6.383E-02 1.971E+00 1.540E+00 4.312E-01 1.71E-01
6.310E-02 1.907E+00 1.489E+00 4.177E-01 1.76E-01
6.237E-02 1.848E+00 1.442E+00 4.062E-01 1.80E-01
6.166E-02 1.795E+00 1.397E+00 3.977E-01 1.85E-01
6.095E-02 1.744E+00 1.352E+00 3.917E-01 1.90E-01
6.026E-02 1.694E+00 1.308E+00 3.866E-01 1.94E-01
5.957E-02 1.646E+00 1.263E+00 3.826E-01 1.99E-01
5.888E-02 1.597E+00 1.218E+00 3.790E-01 2.04E-01
5.821E-02 1.543E+00 1.169E+00 3.734E-01 2.08E-01
5.754E-02 1.368E+00 1.000E+00 3.674E-01 2.13E-01
5.689E-02 1.331E+00 9.697E-01 3.611E-01 2.18E-01
5.623E-02 1.292E+00 9.382E-01 3.541E-01 2.22E-01
5.559E-02 1.251E+00 9.059E-01 3.455E-01 2.27E-01
5.495E-02 1.212E+00 8.747E-01 3.368E-01 2.32E-01
5.433E-02 1.172E+00 8.445E-01 3.279E-01 2.36E-01
5.370E-02 1.136E+00 8.166E-01 3.192E-01 2.41E-01
5.309E-02 1.105E+00 7.933E-01 3.114E-01 2.47E-01
5.248E-02 1.075E+00 7.716E-01 3.039E-01 2.52E-01
5.188E-02 1.048E+00 7.515E-01 2.967E-01 2.57E-01
5.129E-02 1.022E+00 7.318E-01 2.900E-01 2.63E-01
5.070E-02 9.962E-01 7.123E-01 2.839E-01 2.68E-01
5.012E-02 9.715E-01 6.934E-01 2.781E-01 2.74E-01
4.955E-02 9.478E-01 6.752E-01 2.726E-01 2.79E-01
4.898E-02 9.254E-01 6.580E-01 2.674E-01 2.85E-01
4.842E-02 9.032E-01 6.411E-01 2.621E-01 2.91E-01
4.786E-02 8.813E-01 6.245E-01 2.568E-01 2.97E-01
4.732E-02 8.578E-01 6.068E-01 2.510E-01 3.03E-01
4.677E-02 8.340E-01 5.889E-01 2.451E-01 3.09E-01
4.624E-02 8.108E-01 5.716E-01 2.391E-01 3.15E-01
4.571E-02 7.899E-01 5.565E-01 2.334E-01 3.22E-01
4.519E-02 7.723E-01 5.441E-01 2.281E-01 3.28E-01
4.467E-02 7.549E-01 5.323E-01 2.227E-01 3.35E-01
4.416E-02 7.365E-01 5.196E-01 2.169E-01 3.42E-01
4.365E-02 7.138E-01 5.032E-01 2.106E-01 3.49E-01
4.315E-02 6.915E-01 4.875E-01 2.040E-01 3.56E-01
4.266E-02 6.708E-01 4.736E-01 1.972E-01 3.63E-01
4.217E-02 6.561E-01 4.660E-01 1.900E-01 3.70E-01
4.169E-02 6.438E-01 4.608E-01 1.830E-01 3.79E-01
4.121E-02 6.340E-01 4.576E-01 1.764E-01 3.87E-01
4.074E-02 6.252E-01 4.542E-01 1.709E-01 3.95E-01
4.027E-02 6.181E-01 4.521E-01 1.660E-01 4.04E-01
3.981E-02 6.126E-01 4.511E-01 1.615E-01 4.12E-01
3.935E-02 6.085E-01 4.513E-01 1.572E-01 4.21E-01
3.890E-02 6.065E-01 4.530E-01 1.535E-01 4.30E-01
3.846E-02 6.066E-01 4.564E-01 1.501E-01 4.39E-01
3.802E-02 6.095E-01 4.617E-01 1.478E-01 4.48E-01
3.758E-02 6.156E-01 4.689E-01 1.467E-01 4.57E-01
3.715E-02 6.303E-01 4.812E-01 1.491E-01 4.67E-01
3.673E-02 6.437E-01 4.911E-01 1.525E-01 4.76E-01
3.631E-02 6.508E-01 4.945E-01 1.563E-01 4.84E-01
3.589E-02 6.468E-01 4.880E-01 1.588E-01 4.92E-01
3.548E-02 6.385E-01 4.778E-01 1.607E-01 4.99E-01
3.508E-02 6.304E-01 4.694E-01 1.610E-01 5.07E-01
3.467E-02 6.222E-01 4.617E-01 1.605E-01 5.15E-01
3.428E-02 6.136E-01 4.541E-01 1.595E-01 5.23E-01
3.388E-02 6.053E-01 4.466E-01 1.587E-01 5.31E-01
3.350E-02 5.970E-01 4.393E-01 1.577E-01 5.39E-01
3.311E-02 5.887E-01 4.321E-01 1.567E-01 5.47E-01
3.273E-02 5.805E-01 4.249E-01 1.555E-01 5.56E-01
3.236E-02 5.722E-01 4.179E-01 1.543E-01 5.64E-01
3.199E-02 5.639E-01 4.109E-01 1.530E-01 5.72E-01
3.162E-02 5.556E-01 4.040E-01 1.516E-01 5.80E-01
3.126E-02 5.474E-01 3.972E-01 1.502E-01 5.88E-01
3.090E-02 5.393E-01 3.905E-01 1.487E-01 5.96E-01
3.055E-02 5.312E-01 3.839E-01 1.472E-01 6.05E-01
3.020E-02 5.231E-01 3.773E-01 1.457E-01 6.13E-01
2.985E-02 5.150E-01 3.708E-01 1.442E-01 6.21E-01
2.951E-02 5.070E-01 3.643E-01 1.426E-01 6.29E-01
2.917E-02 4.990E-01 3.580E-01 1.410E-01 6.37E-01
2.884E-02 4.911E-01 3.518E-01 1.394E-01 6.45E-01
2.851E-02 4.833E-01 3.456E-01 1.377E-01 6.53E-01
2.818E-02 4.756E-01 3.396E-01 1.361E-01 6.60E-01
2.786E-02 4.680E-01 3.336E-01 1.344E-01 6.68E-01
2.754E-02 4.605E-01 3.277E-01 1.328E-01 6.76E-01
2.723E-02 4.531E-01 3.219E-01 1.312E-01 6.83E-01
2.692E-02 4.457E-01 3.162E-01 1.295E-01 6.91E-01
2.661E-02 4.384E-01 3.105E-01 1.279E-01 6.98E-01
2.630E-02 4.311E-01 3.049E-01 1.262E-01 7.05E-01
2.600E-02 4.239E-01 2.993E-01 1.246E-01 7.12E-01
2.570E-02 4.168E-01 2.938E-01 1.229E-01 7.18E-01
2.541E-02 4.097E-01 2.884E-01 1.213E-01 7.25E-01
2.512E-02 4.026E-01 2.830E-01 1.196E-01 7.31E-01
2.483E-02 3.957E-01 2.777E-01 1.180E-01 7.37E-01
2.455E-02 3.888E-01 2.725E-01 1.163E-01 7.43E-01
2.427E-02 3.820E-01 2.673E-01 1.147E-01 7.49E-01
2.399E-02 3.753E-01 2.622E-01 1.131E-01 7.55E-01
2.371E-02 3.688E-01 2.572E-01 1.116E-01 7.60E-01
2.344E-02 3.623E-01 2.523E-01 1.100E-01 7.65E-01
2.317E-02 3.558E-01 2.474E-01 1.084E-01 7.70E-01
2.291E-02 3.495E-01 2.426E-01 1.069E-01 7.74E-01
2.265E-02 3.432E-01 2.379E-01 1.054E-01 7.79E-01
2.239E-02 3.371E-01 2.332E-01 1.039E-01 7.83E-01
2.213E-02 3.310E-01 2.286E-01 1.024E-01 7.87E-01
2.188E-02 3.250E-01 2.241E-01 1.009E-01 7.90E-01
2.163E-02 3.191E-01 2.196E-01 9.942E-02 7.94E-01
2.138E-02 3.133E-01 2.153E-01 9.798E-02 7.97E-01
2.113E-02 3.076E-01 2.110E-01 9.656E-02 8.00E-01
2.089E-02 3.019E-01 2.068E-01 9.514E-02 8.03E-01
2.065E-02 2.963E-01 2.025E-01 9.373E-02 8.06E-01
2.042E-02 2.909E-01 1.986E-01 9.238E-02 8.08E-01
2.018E-02 2.856E-01 1.946E-01 9.103E-02 8.11E-01
1.995E-02 2.803E-01 1.906E-01 8.968E-02 8.13E-01
1.972E-02 2.750E-01 1.867E-01 8.832E-02 8.16E-01
1.950E-02 2.698E-01 1.828E-01 8.697E-02 8.18E-01
1.928E-02 2.646E-01 1.790E-01 8.562E-02 8.20E-01
1.905E-02 2.596E-01 1.753E-01 8.428E-02 8.23E-01
1.884E-02 2.546E-01 1.717E-01 8.297E-02 8.25E-01
1.862E-02 2.498E-01 1.681E-01 8.167E-02 8.27E-01
1.841E-02 2.450E-01 1.646E-01 8.036E-02 8.30E-01
1.820E-02 2.402E-01 1.612E-01 7.907E-02 8.32E-01
1.799E-02 2.356E-01 1.578E-01 7.779E-02 8.35E-01
1.778E-02 2.311E-01 1.546E-01 7.652E-02 8.38E-01
1.758E-02 2.266E-01 1.514E-01 7.527E-02 8.40E-01
1.738E-02 2.222E-01 1.482E-01 7.401E-02 8.43E-01
1.718E-02 2.178E-01 1.450E-01 7.275E-02 8.46E-01
1.698E-02 2.135E-01 1.420E-01 7.150E-02 8.49E-01
1.679E-02 2.092E-01 1.389E-01 7.027E-02 8.53E-01
1.660E-02 2.051E-01 1.360E-01 6.904E-02 8.56E-01
1.641E-02 2.010E-01 1.331E-01 6.783E-02 8.59E-01
1.622E-02 1.969E-01 1.303E-01 6.661E-02 8.62E-01
1.603E-02 1.929E-01 1.275E-01 6.540E-02 8.66E-01
1.585E-02 1.889E-01 1.247E-01 6.420E-02 8.69E-01
1.567E-02 1.850E-01 1.220E-01 6.301E-02 8.72E-01
1.549E-02 1.812E-01 1.194E-01 6.185E-02 8.75E-01
1.531E-02 1.774E-01 1.167E-01 6.069E-02 8.78E-01
1.514E-02 1.737E-01 1.141E-01 5.954E-02 8.81E-01
1.496E-02 1.700E-01 1.116E-01 5.841E-02 8.84E-01
1.479E-02 1.664E-01 1.091E-01 5.730E-02 8.86E-01
1.462E-02 1.629E-01 1.067E-01 5.621E-02 8.89E-01
1.445E-02 1.594E-01 1.043E-01 5.514E-02 8.91E-01
1.429E-02 1.560E-01 1.019E-01 5.407E-02 8.93E-01
1.413E-02 1.527E-01 9.964E-02 5.302E-02 8.95E-01
1.396E-02 1.494E-01 9.740E-02 5.199E-02 8.97E-01
1.380E-02 1.462E-01 9.521E-02 5.099E-02 8.98E-01
1.365E-02 1.430E-01 9.305E-02 4.999E-02 9.00E-01
1.349E-02 1.399E-01 9.093E-02 4.900E-02 9.01E-01
1.334E-02 1.369E-01 8.884E-02 4.803E-02 9.02E-01
1.318E-02 1.339E-01 8.680E-02 4.708E-02 9.04E-01
1.303E-02 1.310E-01 8.482E-02 4.615E-02 9.05E-01
1.288E-02 1.281E-01 8.290E-02 4.524E-02 9.06E-01
1.274E-02 1.253E-01 8.099E-02 4.433E-02 9.07E-01
1.259E-02 1.225E-01 7.910E-02 4.343E-02 9.09E-01
1.245E-02 1.198E-01 7.724E-02 4.253E-02 9.10E-01
1.230E-02 1.172E-01 7.549E-02 4.168E-02 9.12E-01
1.216E-02 1.146E-01 7.379E-02 4.084E-02 9.13E-01
1.202E-02 1.121E-01 7.209E-02 4.000E-02 9.15E-01
1.189E-02 1.096E-01 7.041E-02 3.916E-02 9.17E-01
1.175E-02 1.071E-01 6.873E-02 3.832E-02 9.19E-01
1.161E-02 1.046E-01 6.708E-02 3.749E-02 9.21E-01
1.148E-02 1.021E-01 6.545E-02 3.666E-02 9.23E-01
1.135E-02 9.970E-02 6.386E-02 3.585E-02 9.24E-01
1.122E-02 9.736E-02 6.231E-02 3.505E-02 9.26E-01
1.109E-02 9.509E-02 6.082E-02 3.427E-02 9.28E-01
1.096E-02 9.285E-02 5.935E-02 3.351E-02 9.30E-01
1.084E-02 9.065E-02 5.790E-02 3.275E-02 9.31E-01
1.072E-02 8.850E-02 5.649E-02 3.201E-02 9.32E-01
1.059E-02 8.640E-02 5.511E-02 3.128E-02 9.34E-01
1.047E-02 8.436E-02 5.378E-02 3.058E-02 9.35E-01
1.035E-02 8.239E-02 5.250E-02 2.989E-02 9.36E-01
1.023E-02 8.044E-02 5.123E-02 2.921E-02 9.37E-01
1.012E-02 7.851E-02 4.997E-02 2.854E-02 9.38E-01
1.000E-02 7.661E-02 4.873E-02 2.788E-02 9.39E-01
9.886E-03 7.475E-02 4.752E-02 2.723E-02 9.40E-01
9.772E-03 7.294E-02 4.634E-02 2.660E-02 9.41E-01
9.661E-03 7.117E-02 4.520E-02 2.598E-02 9.41E-01
9.550E-03 6.947E-02 4.410E-02 2.537E-02 9.42E-01
9.441E-03 6.778E-02 4.301E-02 2.477E-02 9.43E-01
9.333E-03 6.611E-02 4.193E-02 2.418E-02 9.44E-01
9.226E-03 6.447E-02 4.088E-02 2.359E-02 9.46E-01
9.120E-03 6.287E-02 3.985E-02 2.301E-02 9.47E-01
9.016E-03 6.130E-02 3.885E-02 2.245E-02 9.48E-01
8.913E-03 5.978E-02 3.788E-02 2.189E-02 9.49E-01
8.810E-03 5.830E-02 3.694E-02 2.135E-02 9.50E-01
8.710E-03 5.683E-02 3.601E-02 2.082E-02 9.51E-01
8.610E-03 5.539E-02 3.510E-02 2.029E-02 9.53E-01
8.511E-03 5.397E-02 3.420E-02 1.977E-02 9.54E-01
8.414E-03 5.260E-02 3.334E-02 1.926E-02 9.55E-01
8.318E-03 5.126E-02 3.249E-02 1.876E-02 9.55E-01
8.222E-03 4.995E-02 3.167E-02 1.828E-02 9.56E-01
8.128E-03 4.866E-02 3.087E-02 1.780E-02 9.57E-01
8.035E-03 4.740E-02 3.007E-02 1.733E-02 9.57E-01
7.943E-03 4.616E-02 2.930E-02 1.687E-02 9.58E-01
7.852E-03 4.495E-02 2.854E-02 1.641E-02 9.59E-01
7.762E-03 4.378E-02 2.781E-02 1.597E-02 9.59E-01
7.674E-03 4.262E-02 2.709E-02 1.553E-02 9.60E-01
7.586E-03 4.147E-02 2.638E-02 1.509E-02 9.61E-01
7.499E-03 4.036E-02 2.569E-02 1.467E-02 9.62E-01
7.413E-03 3.928E-02 2.502E-02 1.426E-02 9.62E-01
7.328E-03 3.824E-02 2.438E-02 1.385E-02 9.63E-01
7.244E-03 3.721E-02 2.376E-02 1.345E-02 9.64E-01
7.161E-03 3.620E-02 2.314E-02 1.306E-02 9.65E-01
7.079E-03 3.522E-02 2.255E-02 1.268E-02 9.66E-01
6.998E-03 3.426E-02 2.196E-02 1.230E-02 9.66E-01
6.918E-03 3.331E-02 2.138E-02 1.193E-02 9.67E-01
6.839E-03 3.239E-02 2.083E-02 1.156E-02 9.68E-01
6.761E-03 3.149E-02 2.028E-02 1.120E-02 9.68E-01
6.683E-03 3.060E-02 1.975E-02 1.085E-02 9.69E-01
6.607E-03 2.972E-02 1.922E-02 1.050E-02 9.69E-01
6.531E-03 2.886E-02 1.871E-02 1.015E-02 9.70E-01
6.457E-03 2.804E-02 1.823E-02 9.815E-03 9.70E-01
6.383E-03 2.723E-02 1.774E-02 9.483E-03 9.71E-01
6.310E-03 2.642E-02 1.727E-02 9.153E-03 9.71E-01
6.237E-03 2.563E-02 1.681E-02 8.826E-03 9.72E-01
6.166E-03 2.488E-02 1.637E-02 8.511E-03 9.73E-01
6.095E-03 2.415E-02 1.595E-02 8.207E-03 9.73E-01
6.026E-03 2.343E-02 1.553E-02 7.902E-03 9.74E-01
5.957E-03 2.272E-02 1.512E-02 7.595E-03 9.74E-01
5.888E-03 2.201E-02 1.472E-02 7.289E-03 9.75E-01
5.821E-03 2.130E-02 1.432E-02 6.983E-03 9.75E-01
5.754E-03 2.060E-02 1.393E-02 6.678E-03 9.76E-01
5.689E-03 1.992E-02 1.354E-02 6.375E-03 9.76E-01
5.623E-03 1.925E-02 1.317E-02 6.077E-03 9.76E-01
5.559E-03 1.861E-02 1.282E-02 5.792E-03 9.77E-01
5.495E-03 1.797E-02 1.247E-02 5.503E-03 9.77E-01
5.433E-03 1.734E-02 1.213E-02 5.212E-03 9.78E-01
5.370E-03 1.672E-02 1.180E-02 4.918E-03 9.78E-01
5.309E-03 1.610E-02 1.148E-02 4.623E-03 9.79E-01
5.248E-03 1.550E-02 1.117E-02 4.327E-03 9.79E-01
5.188E-03 1.490E-02 1.087E-02 4.031E-03 9.80E-01
5.129E-03 1.442E-02 1.058E-02 3.837E-03 9.80E-01
5.070E-03 1.394E-02 1.029E-02 3.649E-03 9.80E-01
5.012E-03 1.341E-02 1.001E-02 3.399E-03 9.81E-01
4.955E-03 1.282E-02 9.733E-03 3.090E-03 9.81E-01
4.898E-03 1.219E-02 9.467E-03 2.727E-03 9.81E-01
4.842E-03 1.153E-02 9.212E-03 2.320E-03 9.82E-01
4.786E-03 1.085E-02 8.968E-03 1.882E-03 9.82E-01
4.732E-03 1.001E-02 8.723E-03 1.287E-03 9.82E-01
4.677E-03 9.153E-03 8.482E-03 6.713E-04 9.83E-01
4.624E-03 8.455E-03 8.249E-03 2.065E-04 9.83E-01
4.571E-03 8.051E-03 8.025E-03 2.504E-05 9.84E-01
4.519E-03 8.109E-03 7.813E-03 2.956E-04 9.84E-01
4.467E-03 8.841E-03 7.612E-03 1.228E-03 9.84E-01
4.416E-03 1.630E-01 1.547E-01 8.389E-03 9.84E-01
4.365E-03 1.591E-01 1.517E-01 7.420E-03 9.85E-01
4.315E-03 1.554E-01 1.488E-01 6.662E-03 9.85E-01
4.266E-03 1.523E-01 1.458E-01 6.473E-03 9.85E-01
4.217E-03 1.496E-01 1.429E-01 6.700E-03 9.86E-01
4.169E-03 1.472E-01 1.400E-01 7.192E-03 9.86E-01
4.121E-03 1.449E-01 1.372E-01 7.720E-03 9.86E-01
4.074E-03 1.425E-01 1.345E-01 8.003E-03 9.86E-01
4.027E-03 1.399E-01 1.317E-01 8.227E-03 9.87E-01
3.981E-03 1.374E-01 1.290E-01 8.355E-03 9.87E-01
3.935E-03 1.347E-01 1.263E-01 8.355E-03 9.87E-01
3.890E-03 1.319E-01 1.237E-01 8.201E-03 9.87E-01
3.846E-03 1.292E-01 1.211E-01 8.126E-03 9.88E-01
3.802E-03 1.266E-01 1.185E-01 8.147E-03 9.88E-01
3.758E-03 1.240E-01 1.159E-01 8.154E-03 9.88E-01
3.715E-03 1.215E-01 1.133E-01 8.142E-03 9.88E-01
3.673E-03 1.189E-01 1.108E-01 8.108E-03 9.89E-01
3.631E-03 1.164E-01 1.084E-01 8.061E-03 9.89E-01
3.589E-03 1.140E-01 1.059E-01 8.022E-03 9.89E-01
3.548E-03 1.115E-01 1.035E-01 7.975E-03 9.89E-01
3.508E-03 1.091E-01 1.012E-01 7.919E-03 9.89E-01
3.467E-03 1.067E-01 9.884E-02 7.852E-03 9.90E-01
3.428E-03 1.043E-01 9.655E-02 7.779E-03 9.90E-01
3.388E-03 1.020E-01 9.429E-02 7.706E-03 9.90E-01
3.350E-03 9.968E-02 9.205E-02 7.628E-03 9.90E-01
3.311E-03 9.741E-02 8.986E-02 7.546E-03 9.90E-01
3.273E-03 9.517E-02 8.771E-02 7.457E-03 9.91E-01
3.236E-03 9.299E-02 8.563E-02 7.364E-03 9.91E-01
3.199E-03 9.084E-02 8.357E-02 7.269E-03 9.91E-01
3.162E-03 8.869E-02 8.152E-02 7.174E-03 9.91E-01
3.126E-03 8.656E-02 7.948E-02 7.077E-03 9.91E-01
3.090E-03 8.450E-02 7.752E-02 6.981E-03 9.92E-01
3.055E-03 8.260E-02 7.571E-02 6.884E-03 9.92E-01
3.020E-03 8.068E-02 7.390E-02 6.786E-03 9.92E-01
2.985E-03 7.877E-02 7.208E-02 6.687E-03 9.92E-01
2.951E-03 7.686E-02 7.027E-02 6.587E-03 9.92E-01
2.917E-03 7.496E-02 6.847E-02 6.486E-03 9.92E-01
2.884E-03 7.307E-02 6.668E-02 6.385E-03 9.93E-01
2.851E-03 7.119E-02 6.491E-02 6.283E-03 9.93E-01
2.818E-03 6.934E-02 6.316E-02 6.180E-03 9.93E-01
2.786E-03 6.751E-02 6.143E-02 6.077E-03 9.93E-01
2.754E-03 6.572E-02 5.975E-02 5.973E-03 9.93E-01
2.723E-03 6.403E-02 5.817E-02 5.868E-03 9.93E-01
2.692E-03 6.237E-02 5.660E-02 5.763E-03 9.93E-01
2.661E-03 6.073E-02 5.507E-02 5.658E-03 9.93E-01
2.630E-03 5.911E-02 5.356E-02 5.552E-03 9.94E-01
2.600E-03 5.753E-02 5.209E-02 5.447E-03 9.94E-01
2.570E-03 5.600E-02 5.065E-02 5.342E-03 9.94E-01
2.541E-03 5.450E-02 4.927E-02 5.237E-03 9.94E-01
2.512E-03 5.306E-02 4.793E-02 5.133E-03 9.94E-01
2.483E-03 5.168E-02 4.665E-02 5.029E-03 9.94E-01
2.455E-03 5.031E-02 4.538E-02 4.930E-03 9.94E-01
2.427E-03 4.894E-02 4.411E-02 4.832E-03 9.94E-01
2.399E-03 4.760E-02 4.286E-02 4.734E-03 9.95E-01
2.371E-03 4.629E-02 4.165E-02 4.638E-03 9.95E-01
2.344E-03 4.501E-02 4.046E-02 4.543E-03 9.95E-01
2.317E-03 4.376E-02 3.932E-02 4.449E-03 9.95E-01
2.291E-03 4.257E-02 3.821E-02 4.357E-03 9.95E-01
2.265E-03 4.141E-02 3.715E-02 4.267E-03 9.95E-01
2.239E-03 4.029E-02 3.611E-02 4.178E-03 9.95E-01
2.213E-03 3.916E-02 3.507E-02 4.090E-03 9.95E-01
2.188E-03 3.806E-02 3.406E-02 4.002E-03 9.95E-01
2.163E-03 3.698E-02 3.306E-02 3.917E-03 9.95E-01
2.138E-03 3.593E-02 3.210E-02 3.832E-03 9.96E-01
2.113E-03 3.491E-02 3.116E-02 3.749E-03 9.96E-01
2.089E-03 3.393E-02 3.027E-02 3.668E-03 9.96E-01
2.065E-03 3.299E-02 2.940E-02 3.589E-03 9.96E-01
2.042E-03 3.206E-02 2.855E-02 3.511E-03 9.96E-01
2.018E-03 3.114E-02 2.770E-02 3.434E-03 9.96E-01
1.995E-03 3.024E-02 2.688E-02 3.358E-03 9.96E-01
1.972E-03 2.936E-02 2.608E-02 3.283E-03 9.96E-01
1.950E-03 2.852E-02 2.530E-02 3.210E-03 9.96E-01
1.928E-03 2.770E-02 2.456E-02 3.139E-03 9.96E-01
1.905E-03 2.691E-02 2.384E-02 3.069E-03 9.96E-01
1.884E-03 2.613E-02 2.313E-02 3.001E-03 9.96E-01
1.862E-03 2.537E-02 2.243E-02 2.933E-03 9.96E-01
1.841E-03 2.462E-02 2.175E-02 2.866E-03 9.97E-01
1.820E-03 2.389E-02 2.109E-02 2.800E-03 9.97E-01
1.799E-03 2.319E-02 2.045E-02 2.736E-03 9.97E-01
1.778E-03 2.251E-02 1.984E-02 2.674E-03 9.97E-01
1.758E-03 2.186E-02 1.925E-02 2.612E-03 9.97E-01
1.738E-03 2.121E-02 1.866E-02 2.552E-03 9.97E-01
1.718E-03 2.058E-02 1.809E-02 2.492E-03 9.97E-01
1.698E-03 1.997E-02 1.753E-02 2.434E-03 9.97E-01
1.679E-03 1.937E-02 1.700E-02 2.378E-03 9.97E-01
1.660E-03 1.880E-02 1.648E-02 2.322E-03 9.97E-01
1.641E-03 1.825E-02 1.598E-02 2.268E-03 9.97E-01
1.622E-03 1.770E-02 1.549E-02 2.215E-03 9.97E-01
1.603E-03 1.717E-02 1.500E-02 2.164E-03 9.97E-01
1.585E-03 1.665E-02 1.454E-02 2.113E-03 9.97E-01
1.567E-03 1.615E-02 1.409E-02 2.063E-03 9.97E-01
1.549E-03 1.567E-02 1.366E-02 2.015E-03 9.97E-01
1.531E-03 1.520E-02 1.323E-02 1.968E-03 9.98E-01
1.514E-03 1.474E-02 1.282E-02 1.922E-03 9.98E-01
1.496E-03 1.429E-02 1.242E-02 1.876E-03 9.98E-01
1.479E-03 1.386E-02 1.203E-02 1.831E-03 9.98E-01
1.462E-03 1.344E-02 1.166E-02 1.788E-03 9.98E-01
1.445E-03 1.304E-02 1.129E-02 1.746E-03 9.98E-01
1.429E-03 1.264E-02 1.094E-02 1.704E-03 9.98E-01
1.413E-03 1.225E-02 1.059E-02 1.664E-03 9.98E-01
1.396E-03 1.188E-02 1.025E-02 1.625E-03 9.98E-01
1.380E-03 1.152E-02 9.931E-03 1.586E-03 9.98E-01
1.365E-03 1.117E-02 9.618E-03 1.549E-03 9.98E-01
1.349E-03 1.083E-02 9.314E-03 1.512E-03 9.98E-01
1.334E-03 1.049E-02 9.018E-03 1.476E-03 9.98E-01
1.318E-03 1.017E-02 8.732E-03 1.441E-03 9.98E-01
1.303E-03 9.865E-03 8.459E-03 1.406E-03 9.98E-01
1.288E-03 9.568E-03 8.195E-03 1.373E-03 9.98E-01
1.274E-03 9.276E-03 7.936E-03 1.340E-03 9.98E-01
1.259E-03 8.989E-03 7.681E-03 1.308E-03 9.98E-01
1.245E-03 8.708E-03 7.432E-03 1.276E-03 9.98E-01
1.230E-03 8.448E-03 7.202E-03 1.246E-03 9.98E-01
1.216E-03 8.197E-03 6.980E-03 1.217E-03 9.98E-01
1.202E-03 7.950E-03 6.761E-03 1.189E-03 9.98E-01
1.189E-03 7.706E-03 6.545E-03 1.160E-03 9.98E-01
1.175E-03 7.466E-03 6.333E-03 1.133E-03 9.98E-01
1.161E-03 7.230E-03 6.125E-03 1.105E-03 9.98E-01
1.148E-03 7.000E-03 5.922E-03 1.078E-03 9.99E-01
1.135E-03 6.777E-03 5.725E-03 1.052E-03 9.99E-01
1.122E-03 6.563E-03 5.536E-03 1.027E-03 9.99E-01
1.109E-03 6.359E-03 5.357E-03 1.002E-03 9.99E-01
1.096E-03 6.159E-03 5.182E-03 9.776E-04 9.99E-01
1.084E-03 5.965E-03 5.012E-03 9.538E-04 9.99E-01
1.072E-03 5.778E-03 4.847E-03 9.306E-04 9.99E-01
1.059E-03 5.597E-03 4.689E-03 9.082E-04 9.99E-01
1.047E-03 5.424E-03 4.537E-03 8.862E-04 9.99E-01
1.035E-03 5.259E-03 4.394E-03 8.652E-04 9.99E-01
1.023E-03 5.097E-03 4.252E-03 8.444E-04 9.99E-01
1.012E-03 4.937E-03 4.113E-03 8.241E-04 9.99E-01
1.000E-03 4.782E-03 3.978E-03 8.041E-04 9.99E-01
