w(micron)   Q_ext     Q_abs     Q_sca    g=<cos>
1.000E+03 2.725E-09 2.725E-09 4.128E-22 0.00E+00
9.886E+02 2.787E-09 2.787E-09 4.322E-22 0.00E+00
9.772E+02 2.851E-09 2.851E-09 4.526E-22 0.00E+00
9.661E+02 2.916E-09 2.916E-09 4.739E-22 0.00E+00
9.550E+02 2.982E-09 2.982E-09 4.962E-22 0.00E+00
9.441E+02 3.050E-09 3.050E-09 5.196E-22 0.00E+00
9.333E+02 3.119E-09 3.119E-09 5.441E-22 0.00E+00
9.226E+02 3.190E-09 3.190E-09 5.697E-22 0.00E+00
9.120E+02 3.263E-09 3.263E-09 5.965E-22 0.00E+00
9.016E+02 3.338E-09 3.338E-09 6.246E-22 0.00E+00
8.913E+02 3.414E-09 3.414E-09 6.541E-22 0.00E+00
8.810E+02 3.492E-09 3.492E-09 6.849E-22 0.00E+00
8.710E+02 3.571E-09 3.571E-09 7.171E-22 0.00E+00
8.610E+02 3.653E-09 3.653E-09 7.509E-22 0.00E+00
8.511E+02 3.736E-09 3.736E-09 7.862E-22 0.00E+00
8.414E+02 3.822E-09 3.822E-09 8.233E-22 0.00E+00
8.318E+02 3.909E-09 3.909E-09 8.620E-22 0.00E+00
8.222E+02 3.999E-09 3.999E-09 9.026E-22 0.00E+00
8.128E+02 4.090E-09 4.090E-09 9.451E-22 0.00E+00
8.035E+02 4.184E-09 4.184E-09 9.896E-22 0.00E+00
7.943E+02 4.279E-09 4.279E-09 1.036E-21 0.00E+00
7.852E+02 4.377E-09 4.377E-09 1.085E-21 0.00E+00
7.762E+02 4.478E-09 4.478E-09 1.136E-21 0.00E+00
7.674E+02 4.580E-09 4.580E-09 1.190E-21 0.00E+00
7.586E+02 4.685E-09 4.685E-09 1.246E-21 0.00E+00
7.499E+02 4.792E-09 4.792E-09 1.304E-21 0.00E+00
7.413E+02 4.902E-09 4.902E-09 1.366E-21 0.00E+00
7.328E+02 5.015E-09 5.015E-09 1.430E-21 0.00E+00
7.244E+02 5.129E-09 5.129E-09 1.497E-21 0.00E+00
7.161E+02 5.247E-09 5.247E-09 1.568E-21 0.00E+00
7.079E+02 5.367E-09 5.367E-09 1.642E-21 0.00E+00
6.998E+02 5.491E-09 5.491E-09 1.719E-21 0.00E+00
6.918E+02 5.617E-09 5.617E-09 1.800E-21 0.00E+00
6.839E+02 5.745E-09 5.745E-09 1.885E-21 0.00E+00
6.761E+02 5.877E-09 5.877E-09 1.973E-21 0.00E+00
6.683E+02 6.012E-09 6.012E-09 2.066E-21 0.00E+00
6.607E+02 6.150E-09 6.150E-09 2.163E-21 0.00E+00
6.531E+02 6.291E-09 6.291E-09 2.265E-21 0.00E+00
6.457E+02 6.436E-09 6.436E-09 2.372E-21 0.00E+00
6.383E+02 6.584E-09 6.584E-09 2.484E-21 0.00E+00
6.310E+02 6.735E-09 6.735E-09 2.600E-21 0.00E+00
6.237E+02 6.890E-09 6.890E-09 2.723E-21 0.00E+00
6.166E+02 7.048E-09 7.048E-09 2.851E-21 0.00E+00
6.095E+02 7.210E-09 7.210E-09 2.985E-21 0.00E+00
6.026E+02 7.375E-09 7.375E-09 3.126E-21 0.00E+00
5.957E+02 7.545E-09 7.545E-09 3.273E-21 0.00E+00
5.888E+02 7.718E-09 7.718E-09 3.427E-21 0.00E+00
5.821E+02 7.896E-09 7.896E-09 3.588E-21 0.00E+00
5.754E+02 8.077E-09 8.077E-09 3.757E-21 0.00E+00
5.689E+02 8.263E-09 8.263E-09 3.934E-21 0.00E+00
5.623E+02 8.453E-09 8.453E-09 4.119E-21 0.00E+00
5.559E+02 8.647E-09 8.647E-09 4.312E-21 0.00E+00
5.495E+02 8.846E-09 8.846E-09 4.515E-21 0.00E+00
5.433E+02 9.049E-09 9.049E-09 4.728E-21 0.00E+00
5.370E+02 9.257E-09 9.257E-09 4.950E-21 0.00E+00
5.309E+02 9.470E-09 9.470E-09 5.183E-21 0.00E+00
5.248E+02 9.688E-09 9.688E-09 5.427E-21 0.00E+00
5.188E+02 9.910E-09 9.910E-09 5.682E-21 0.00E+00
5.129E+02 1.014E-08 1.014E-08 5.950E-21 0.00E+00
5.070E+02 1.037E-08 1.037E-08 6.229E-21 0.00E+00
5.012E+02 1.061E-08 1.061E-08 6.522E-21 0.00E+00
4.955E+02 1.085E-08 1.085E-08 6.829E-21 0.00E+00
4.898E+02 1.110E-08 1.110E-08 7.150E-21 0.00E+00
4.842E+02 1.136E-08 1.136E-08 7.487E-21 0.00E+00
4.786E+02 1.162E-08 1.162E-08 7.839E-21 0.00E+00
4.732E+02 1.189E-08 1.189E-08 8.207E-21 0.00E+00
4.677E+02 1.216E-08 1.216E-08 8.593E-21 0.00E+00
4.624E+02 1.244E-08 1.244E-08 8.997E-21 0.00E+00
4.571E+02 1.272E-08 1.272E-08 9.420E-21 0.00E+00
4.519E+02 1.302E-08 1.302E-08 9.863E-21 0.00E+00
4.467E+02 1.332E-08 1.332E-08 1.033E-20 0.00E+00
4.416E+02 1.362E-08 1.362E-08 1.081E-20 0.00E+00
4.365E+02 1.394E-08 1.394E-08 1.132E-20 0.00E+00
4.315E+02 1.426E-08 1.426E-08 1.185E-20 0.00E+00
4.266E+02 1.458E-08 1.458E-08 1.241E-20 0.00E+00
4.217E+02 1.492E-08 1.492E-08 1.299E-20 0.00E+00
4.169E+02 1.526E-08 1.526E-08 1.360E-20 0.00E+00
4.121E+02 1.561E-08 1.561E-08 1.424E-20 0.00E+00
4.074E+02 1.597E-08 1.597E-08 1.491E-20 0.00E+00
4.027E+02 1.634E-08 1.634E-08 1.561E-20 0.00E+00
3.981E+02 1.671E-08 1.671E-08 1.635E-20 0.00E+00
3.936E+02 1.709E-08 1.709E-08 1.711E-20 0.00E+00
3.890E+02 1.749E-08 1.749E-08 1.792E-20 0.00E+00
3.846E+02 1.789E-08 1.789E-08 1.876E-20 0.00E+00
3.802E+02 1.830E-08 1.830E-08 1.964E-20 0.00E+00
3.758E+02 1.872E-08 1.872E-08 2.056E-20 0.00E+00
3.715E+02 1.915E-08 1.915E-08 2.153E-20 0.00E+00
3.673E+02 1.958E-08 1.958E-08 2.254E-20 0.00E+00
3.631E+02 2.003E-08 2.003E-08 2.360E-20 0.00E+00
3.589E+02 2.049E-08 2.049E-08 2.471E-20 0.00E+00
3.548E+02 2.096E-08 2.096E-08 2.587E-20 0.00E+00
3.508E+02 2.144E-08 2.144E-08 2.708E-20 0.00E+00
3.467E+02 2.193E-08 2.193E-08 2.835E-20 0.00E+00
3.428E+02 2.243E-08 2.243E-08 2.968E-20 0.00E+00
3.388E+02 2.295E-08 2.295E-08 3.107E-20 0.00E+00
3.350E+02 2.347E-08 2.347E-08 3.253E-20 0.00E+00
3.311E+02 2.401E-08 2.401E-08 3.406E-20 0.00E+00
3.273E+02 2.456E-08 2.456E-08 3.566E-20 0.00E+00
3.236E+02 2.512E-08 2.512E-08 3.733E-20 0.00E+00
3.199E+02 2.569E-08 2.569E-08 3.908E-20 0.00E+00
3.162E+02 2.628E-08 2.628E-08 4.091E-20 0.00E+00
3.126E+02 2.688E-08 2.688E-08 4.283E-20 0.00E+00
3.090E+02 2.749E-08 2.749E-08 4.484E-20 0.00E+00
3.055E+02 2.812E-08 2.812E-08 4.694E-20 0.00E+00
3.020E+02 2.876E-08 2.876E-08 4.914E-20 0.00E+00
2.985E+02 2.942E-08 2.942E-08 5.145E-20 0.00E+00
2.951E+02 3.009E-08 3.009E-08 5.386E-20 0.00E+00
2.917E+02 3.077E-08 3.077E-08 5.638E-20 0.00E+00
2.884E+02 3.147E-08 3.147E-08 5.902E-20 0.00E+00
2.851E+02 3.219E-08 3.219E-08 6.179E-20 0.00E+00
2.818E+02 3.292E-08 3.292E-08 6.468E-20 0.00E+00
2.786E+02 3.367E-08 3.367E-08 6.771E-20 0.00E+00
2.754E+02 3.444E-08 3.444E-08 7.089E-20 0.00E+00
2.723E+02 3.522E-08 3.522E-08 7.421E-20 0.00E+00
2.692E+02 3.602E-08 3.602E-08 7.768E-20 0.00E+00
2.661E+02 3.684E-08 3.684E-08 8.132E-20 0.00E+00
2.630E+02 3.767E-08 3.767E-08 8.512E-20 0.00E+00
2.600E+02 3.853E-08 3.853E-08 8.911E-20 0.00E+00
2.570E+02 3.940E-08 3.940E-08 9.328E-20 0.00E+00
2.541E+02 4.030E-08 4.030E-08 9.764E-20 0.00E+00
2.512E+02 4.121E-08 4.121E-08 1.022E-19 0.00E+00
2.483E+02 4.214E-08 4.214E-08 1.070E-19 0.00E+00
2.455E+02 4.309E-08 4.309E-08 1.120E-19 0.00E+00
2.427E+02 4.407E-08 4.407E-08 1.172E-19 0.00E+00
2.399E+02 4.507E-08 4.507E-08 1.227E-19 0.00E+00
2.371E+02 4.608E-08 4.608E-08 1.284E-19 0.00E+00
2.344E+02 4.712E-08 4.712E-08 1.344E-19 0.00E+00
2.317E+02 4.819E-08 4.819E-08 1.407E-19 0.00E+00
2.291E+02 4.927E-08 4.927E-08 1.473E-19 0.00E+00
2.265E+02 5.038E-08 5.038E-08 1.542E-19 0.00E+00
2.239E+02 5.152E-08 5.152E-08 1.614E-19 0.00E+00
2.213E+02 5.268E-08 5.268E-08 1.689E-19 0.00E+00
2.188E+02 5.386E-08 5.386E-08 1.768E-19 0.00E+00
2.163E+02 5.507E-08 5.507E-08 1.851E-19 0.00E+00
2.138E+02 5.631E-08 5.631E-08 1.937E-19 0.00E+00
2.113E+02 5.758E-08 5.758E-08 2.027E-19 0.00E+00
2.089E+02 5.887E-08 5.887E-08 2.122E-19 0.00E+00
2.065E+02 6.019E-08 6.019E-08 2.221E-19 0.00E+00
2.042E+02 6.154E-08 6.154E-08 2.324E-19 0.00E+00
2.018E+02 6.291E-08 6.291E-08 2.433E-19 0.00E+00
1.995E+02 6.432E-08 6.432E-08 2.546E-19 0.00E+00
1.972E+02 6.576E-08 6.576E-08 2.665E-19 0.00E+00
1.950E+02 6.723E-08 6.723E-08 2.789E-19 0.00E+00
1.928E+02 6.873E-08 6.873E-08 2.919E-19 0.00E+00
1.905E+02 7.026E-08 7.026E-08 3.055E-19 0.00E+00
1.884E+02 7.183E-08 7.183E-08 3.197E-19 0.00E+00
1.862E+02 7.343E-08 7.343E-08 3.346E-19 0.00E+00
1.841E+02 7.506E-08 7.506E-08 3.502E-19 0.00E+00
1.820E+02 7.673E-08 7.673E-08 3.664E-19 0.00E+00
1.799E+02 7.844E-08 7.844E-08 3.835E-19 0.00E+00
1.778E+02 8.018E-08 8.018E-08 4.013E-19 0.00E+00
1.758E+02 8.196E-08 8.196E-08 4.200E-19 0.00E+00
1.738E+02 8.378E-08 8.378E-08 4.395E-19 0.00E+00
1.718E+02 8.563E-08 8.563E-08 4.599E-19 0.00E+00
1.698E+02 8.753E-08 8.753E-08 4.813E-19 0.00E+00
1.679E+02 8.946E-08 8.946E-08 5.036E-19 0.00E+00
1.660E+02 9.144E-08 9.144E-08 5.270E-19 0.00E+00
1.641E+02 9.346E-08 9.346E-08 5.515E-19 0.00E+00
1.622E+02 9.552E-08 9.552E-08 5.771E-19 0.00E+00
1.603E+02 9.762E-08 9.762E-08 6.038E-19 0.00E+00
1.585E+02 9.977E-08 9.977E-08 6.318E-19 0.00E+00
1.567E+02 1.020E-07 1.020E-07 6.611E-19 0.00E+00
1.549E+02 1.042E-07 1.042E-07 6.917E-19 0.00E+00
1.531E+02 1.065E-07 1.065E-07 7.238E-19 0.00E+00
1.514E+02 1.088E-07 1.088E-07 7.573E-19 0.00E+00
1.496E+02 1.112E-07 1.112E-07 7.924E-19 0.00E+00
1.479E+02 1.136E-07 1.136E-07 8.291E-19 0.00E+00
1.462E+02 1.161E-07 1.161E-07 8.674E-19 0.00E+00
1.445E+02 1.187E-07 1.187E-07 9.076E-19 0.00E+00
1.429E+02 1.213E-07 1.213E-07 9.495E-19 0.00E+00
1.413E+02 1.239E-07 1.239E-07 9.934E-19 0.00E+00
1.396E+02 1.266E-07 1.266E-07 1.039E-18 0.00E+00
1.380E+02 1.294E-07 1.294E-07 1.087E-18 0.00E+00
1.365E+02 1.322E-07 1.322E-07 1.138E-18 0.00E+00
1.349E+02 1.350E-07 1.350E-07 1.190E-18 0.00E+00
1.334E+02 1.380E-07 1.380E-07 1.245E-18 0.00E+00
1.318E+02 1.410E-07 1.410E-07 1.302E-18 0.00E+00
1.303E+02 1.440E-07 1.440E-07 1.363E-18 0.00E+00
1.288E+02 1.471E-07 1.471E-07 1.425E-18 0.00E+00
1.274E+02 1.503E-07 1.503E-07 1.491E-18 0.00E+00
1.259E+02 1.536E-07 1.536E-07 1.560E-18 0.00E+00
1.245E+02 1.569E-07 1.569E-07 1.632E-18 0.00E+00
1.230E+02 1.603E-07 1.603E-07 1.707E-18 0.00E+00
1.216E+02 1.637E-07 1.637E-07 1.785E-18 0.00E+00
1.202E+02 1.673E-07 1.673E-07 1.867E-18 0.00E+00
1.189E+02 1.709E-07 1.709E-07 1.953E-18 0.00E+00
1.175E+02 1.745E-07 1.745E-07 2.043E-18 0.00E+00
1.161E+02 1.783E-07 1.783E-07 2.137E-18 0.00E+00
1.148E+02 1.821E-07 1.821E-07 2.235E-18 0.00E+00
1.135E+02 1.860E-07 1.860E-07 2.338E-18 0.00E+00
1.122E+02 1.900E-07 1.900E-07 2.445E-18 0.00E+00
1.109E+02 1.941E-07 1.941E-07 2.557E-18 0.00E+00
1.096E+02 1.982E-07 1.982E-07 2.674E-18 0.00E+00
1.084E+02 2.025E-07 2.025E-07 2.797E-18 0.00E+00
1.072E+02 2.068E-07 2.068E-07 2.925E-18 0.00E+00
1.059E+02 2.112E-07 2.112E-07 3.059E-18 0.00E+00
1.047E+02 2.158E-07 2.158E-07 3.199E-18 0.00E+00
1.035E+02 2.204E-07 2.204E-07 3.346E-18 0.00E+00
1.023E+02 2.251E-07 2.251E-07 3.499E-18 0.00E+00
1.012E+02 2.299E-07 2.299E-07 3.659E-18 0.00E+00
1.000E+02 2.348E-07 2.348E-07 3.826E-18 0.00E+00
9.886E+01 2.398E-07 2.398E-07 4.001E-18 0.00E+00
9.772E+01 2.449E-07 2.449E-07 4.183E-18 0.00E+00
9.661E+01 2.501E-07 2.501E-07 4.374E-18 0.00E+00
9.550E+01 2.554E-07 2.554E-07 4.574E-18 0.00E+00
9.441E+01 2.608E-07 2.608E-07 4.783E-18 0.00E+00
9.333E+01 2.664E-07 2.664E-07 5.001E-18 0.00E+00
9.226E+01 2.720E-07 2.720E-07 5.229E-18 0.00E+00
9.120E+01 2.778E-07 2.778E-07 5.467E-18 0.00E+00
9.016E+01 2.837E-07 2.837E-07 5.716E-18 0.00E+00
8.913E+01 2.897E-07 2.897E-07 5.976E-18 0.00E+00
8.810E+01 2.959E-07 2.959E-07 6.248E-18 0.00E+00
8.710E+01 3.021E-07 3.021E-07 6.533E-18 0.00E+00
8.610E+01 3.086E-07 3.086E-07 6.830E-18 0.00E+00
8.511E+01 3.151E-07 3.151E-07 7.140E-18 0.00E+00
8.414E+01 3.218E-07 3.218E-07 7.465E-18 0.00E+00
8.318E+01 3.287E-07 3.287E-07 7.804E-18 0.00E+00
8.222E+01 3.357E-07 3.357E-07 8.159E-18 0.00E+00
8.128E+01 3.428E-07 3.428E-07 8.529E-18 0.00E+00
8.035E+01 3.501E-07 3.501E-07 8.917E-18 0.00E+00
7.943E+01 3.576E-07 3.576E-07 9.321E-18 0.00E+00
7.852E+01 3.653E-07 3.653E-07 9.744E-18 0.00E+00
7.762E+01 3.731E-07 3.731E-07 1.019E-17 0.00E+00
7.674E+01 3.811E-07 3.811E-07 1.065E-17 0.00E+00
7.586E+01 3.893E-07 3.893E-07 1.113E-17 0.00E+00
7.499E+01 3.977E-07 3.977E-07 1.164E-17 0.00E+00
7.413E+01 4.062E-07 4.062E-07 1.216E-17 0.00E+00
7.328E+01 4.150E-07 4.150E-07 1.271E-17 0.00E+00
7.244E+01 4.240E-07 4.240E-07 1.329E-17 0.00E+00
7.161E+01 4.332E-07 4.332E-07 1.389E-17 0.00E+00
7.079E+01 4.426E-07 4.426E-07 1.452E-17 0.00E+00
6.998E+01 4.523E-07 4.523E-07 1.518E-17 0.00E+00
6.918E+01 4.622E-07 4.622E-07 1.586E-17 0.00E+00
6.839E+01 4.723E-07 4.723E-07 1.658E-17 0.00E+00
6.761E+01 4.827E-07 4.827E-07 1.733E-17 0.00E+00
6.683E+01 4.933E-07 4.933E-07 1.812E-17 0.00E+00
6.607E+01 5.043E-07 5.043E-07 1.894E-17 0.00E+00
6.531E+01 5.155E-07 5.155E-07 1.979E-17 0.00E+00
6.457E+01 5.270E-07 5.270E-07 2.069E-17 0.00E+00
6.383E+01 5.388E-07 5.388E-07 2.162E-17 0.00E+00
6.310E+01 5.509E-07 5.509E-07 2.260E-17 0.00E+00
6.237E+01 5.633E-07 5.633E-07 2.362E-17 0.00E+00
6.166E+01 5.761E-07 5.761E-07 2.469E-17 0.00E+00
6.095E+01 5.893E-07 5.893E-07 2.580E-17 0.00E+00
6.026E+01 6.028E-07 6.028E-07 2.697E-17 0.00E+00
5.957E+01 6.167E-07 6.167E-07 2.819E-17 0.00E+00
5.888E+01 6.310E-07 6.310E-07 2.946E-17 0.00E+00
5.821E+01 6.457E-07 6.457E-07 3.080E-17 0.00E+00
5.754E+01 6.608E-07 6.608E-07 3.219E-17 0.00E+00
5.689E+01 6.764E-07 6.764E-07 3.364E-17 0.00E+00
5.623E+01 6.925E-07 6.925E-07 3.516E-17 0.00E+00
5.559E+01 7.090E-07 7.090E-07 3.675E-17 0.00E+00
5.495E+01 7.261E-07 7.261E-07 3.842E-17 0.00E+00
5.433E+01 7.436E-07 7.436E-07 4.015E-17 0.00E+00
5.370E+01 7.618E-07 7.618E-07 4.197E-17 0.00E+00
5.309E+01 7.805E-07 7.805E-07 4.387E-17 0.00E+00
5.248E+01 7.998E-07 7.998E-07 4.585E-17 0.00E+00
5.188E+01 8.197E-07 8.197E-07 4.793E-17 0.00E+00
5.129E+01 8.403E-07 8.403E-07 5.010E-17 0.00E+00
5.070E+01 8.616E-07 8.616E-07 5.237E-17 0.00E+00
5.012E+01 8.836E-07 8.836E-07 5.474E-17 0.00E+00
4.955E+01 9.063E-07 9.063E-07 5.722E-17 0.00E+00
4.898E+01 9.299E-07 9.299E-07 5.981E-17 0.00E+00
4.842E+01 9.542E-07 9.542E-07 6.252E-17 0.00E+00
4.786E+01 9.794E-07 9.794E-07 6.536E-17 0.00E+00
4.732E+01 1.005E-06 1.005E-06 6.832E-17 0.00E+00
4.677E+01 1.032E-06 1.032E-06 7.142E-17 0.00E+00
4.624E+01 1.060E-06 1.060E-06 7.466E-17 0.00E+00
4.571E+01 1.089E-06 1.089E-06 7.804E-17 0.00E+00
4.519E+01 1.119E-06 1.119E-06 8.159E-17 0.00E+00
4.467E+01 1.151E-06 1.151E-06 8.529E-17 0.00E+00
4.416E+01 1.183E-06 1.183E-06 8.916E-17 0.00E+00
4.365E+01 1.216E-06 1.216E-06 9.321E-17 0.00E+00
4.315E+01 1.251E-06 1.251E-06 9.745E-17 0.00E+00
4.266E+01 1.287E-06 1.287E-06 1.019E-16 0.00E+00
4.217E+01 1.324E-06 1.324E-06 1.065E-16 0.00E+00
4.169E+01 1.363E-06 1.363E-06 1.114E-16 0.00E+00
4.121E+01 1.403E-06 1.403E-06 1.164E-16 0.00E+00
4.074E+01 1.445E-06 1.445E-06 1.217E-16 0.00E+00
4.027E+01 1.488E-06 1.488E-06 1.273E-16 0.00E+00
3.981E+01 1.533E-06 1.533E-06 1.331E-16 0.00E+00
3.936E+01 1.579E-06 1.579E-06 1.391E-16 0.00E+00
3.890E+01 1.627E-06 1.627E-06 1.455E-16 0.00E+00
3.846E+01 1.677E-06 1.677E-06 1.521E-16 0.00E+00
3.802E+01 1.729E-06 1.729E-06 1.590E-16 0.00E+00
3.758E+01 1.782E-06 1.782E-06 1.663E-16 0.00E+00
3.715E+01 1.837E-06 1.837E-06 1.739E-16 0.00E+00
3.673E+01 1.895E-06 1.895E-06 1.818E-16 0.00E+00
3.631E+01 1.954E-06 1.954E-06 1.902E-16 0.00E+00
3.589E+01 2.015E-06 2.015E-06 1.989E-16 0.00E+00
3.548E+01 2.077E-06 2.077E-06 2.080E-16 0.00E+00
3.508E+01 2.142E-06 2.142E-06 2.175E-16 0.00E+00
3.467E+01 2.208E-06 2.208E-06 2.275E-16 0.00E+00
3.428E+01 2.277E-06 2.277E-06 2.379E-16 0.00E+00
3.388E+01 2.347E-06 2.347E-06 2.488E-16 0.00E+00
3.350E+01 2.418E-06 2.418E-06 2.602E-16 0.00E+00
3.311E+01 2.491E-06 2.491E-06 2.722E-16 0.00E+00
3.273E+01 2.566E-06 2.566E-06 2.847E-16 0.00E+00
3.236E+01 2.641E-06 2.641E-06 2.978E-16 0.00E+00
3.199E+01 2.718E-06 2.718E-06 3.115E-16 0.00E+00
3.162E+01 2.795E-06 2.795E-06 3.258E-16 0.00E+00
3.126E+01 2.873E-06 2.873E-06 3.408E-16 0.00E+00
3.090E+01 2.951E-06 2.951E-06 3.565E-16 0.00E+00
3.055E+01 3.029E-06 3.029E-06 3.729E-16 0.00E+00
3.020E+01 3.106E-06 3.106E-06 3.901E-16 0.00E+00
2.985E+01 3.183E-06 3.183E-06 4.081E-16 0.00E+00
2.951E+01 3.260E-06 3.260E-06 4.269E-16 0.00E+00
2.917E+01 3.335E-06 3.335E-06 4.466E-16 0.00E+00
2.884E+01 3.408E-06 3.408E-06 4.673E-16 0.00E+00
2.851E+01 3.481E-06 3.481E-06 4.889E-16 0.00E+00
2.818E+01 3.551E-06 3.551E-06 5.114E-16 0.00E+00
2.786E+01 3.621E-06 3.621E-06 5.351E-16 0.00E+00
2.754E+01 3.689E-06 3.689E-06 5.598E-16 0.00E+00
2.723E+01 3.757E-06 3.757E-06 5.857E-16 0.00E+00
2.692E+01 3.825E-06 3.825E-06 6.129E-16 0.00E+00
2.661E+01 3.896E-06 3.896E-06 6.412E-16 0.00E+00
2.630E+01 3.970E-06 3.970E-06 6.709E-16 0.00E+00
2.600E+01 4.053E-06 4.053E-06 7.020E-16 0.00E+00
2.570E+01 4.149E-06 4.149E-06 7.346E-16 0.00E+00
2.541E+01 4.266E-06 4.266E-06 7.686E-16 0.00E+00
2.512E+01 4.418E-06 4.418E-06 8.043E-16 0.00E+00
2.483E+01 4.625E-06 4.625E-06 8.415E-16 0.00E+00
2.455E+01 4.927E-06 4.927E-06 8.805E-16 0.00E+00
2.427E+01 5.395E-06 5.395E-06 9.212E-16 0.00E+00
2.399E+01 6.167E-06 6.167E-06 9.639E-16 0.00E+00
2.371E+01 7.508E-06 7.508E-06 1.009E-15 0.00E+00
2.344E+01 9.717E-06 9.717E-06 1.056E-15 0.00E+00
2.317E+01 1.197E-05 1.197E-05 1.105E-15 0.00E+00
2.291E+01 1.164E-05 1.164E-05 1.156E-15 0.00E+00
2.265E+01 9.931E-06 9.931E-06 1.210E-15 0.00E+00
2.239E+01 9.250E-06 9.250E-06 1.266E-15 0.00E+00
2.213E+01 1.004E-05 1.004E-05 1.325E-15 0.00E+00
2.188E+01 1.279E-05 1.279E-05 1.386E-15 0.00E+00
2.163E+01 1.910E-05 1.910E-05 1.451E-15 0.00E+00
2.138E+01 3.033E-05 3.033E-05 1.518E-15 0.00E+00
2.113E+01 3.458E-05 3.458E-05 1.589E-15 0.00E+00
2.089E+01 2.345E-05 2.345E-05 1.663E-15 0.00E+00
2.065E+01 1.431E-05 1.431E-05 1.741E-15 0.00E+00
2.042E+01 9.642E-06 9.642E-06 1.822E-15 0.00E+00
2.018E+01 7.246E-06 7.246E-06 1.907E-15 0.00E+00
1.995E+01 5.925E-06 5.925E-06 1.996E-15 0.00E+00
1.972E+01 5.167E-06 5.167E-06 2.089E-15 0.00E+00
1.950E+01 4.756E-06 4.756E-06 2.186E-15 0.00E+00
1.928E+01 4.625E-06 4.625E-06 2.288E-15 0.00E+00
1.905E+01 4.835E-06 4.835E-06 2.394E-15 0.00E+00
1.884E+01 5.707E-06 5.707E-06 2.506E-15 0.00E+00
1.862E+01 8.556E-06 8.556E-06 2.623E-15 0.00E+00
1.841E+01 1.997E-05 1.997E-05 2.746E-15 0.00E+00
1.820E+01 3.206E-05 3.206E-05 2.874E-15 0.00E+00
1.799E+01 1.196E-05 1.196E-05 3.008E-15 0.00E+00
1.778E+01 6.254E-06 6.254E-06 3.149E-15 0.00E+00
1.758E+01 4.503E-06 4.503E-06 3.296E-15 0.00E+00
1.738E+01 3.823E-06 3.823E-06 3.450E-15 0.00E+00
1.718E+01 3.599E-06 3.599E-06 3.612E-15 0.00E+00
1.698E+01 3.756E-06 3.756E-06 3.781E-15 0.00E+00
1.679E+01 4.705E-06 4.705E-06 3.958E-15 0.00E+00
1.660E+01 9.662E-06 9.662E-06 4.143E-15 0.00E+00
1.641E+01 5.153E-05 5.153E-05 4.337E-15 0.00E+00
1.622E+01 1.033E-05 1.033E-05 4.540E-15 0.00E+00
1.603E+01 4.557E-06 4.557E-06 4.753E-15 0.00E+00
1.585E+01 3.342E-06 3.342E-06 4.976E-15 0.00E+00
1.567E+01 2.911E-06 2.911E-06 5.209E-15 0.00E+00
1.549E+01 2.725E-06 2.725E-06 5.453E-15 0.00E+00
1.531E+01 2.645E-06 2.645E-06 5.709E-15 0.00E+00
1.514E+01 2.625E-06 2.625E-06 5.977E-15 0.00E+00
1.496E+01 2.648E-06 2.648E-06 6.258E-15 0.00E+00
1.479E+01 2.707E-06 2.707E-06 6.552E-15 0.00E+00
1.462E+01 2.803E-06 2.803E-06 6.860E-15 0.00E+00
1.445E+01 2.941E-06 2.941E-06 7.182E-15 0.00E+00
1.429E+01 3.130E-06 3.130E-06 7.519E-15 0.00E+00
1.413E+01 3.386E-06 3.386E-06 7.872E-15 0.00E+00
1.396E+01 3.732E-06 3.732E-06 8.241E-15 0.00E+00
1.380E+01 4.209E-06 4.209E-06 8.628E-15 0.00E+00
1.365E+01 4.878E-06 4.878E-06 9.033E-15 0.00E+00
1.349E+01 5.843E-06 5.843E-06 9.457E-15 0.00E+00
1.334E+01 7.275E-06 7.275E-06 9.902E-15 0.00E+00
1.318E+01 9.443E-06 9.443E-06 1.037E-14 0.00E+00
1.303E+01 1.265E-05 1.265E-05 1.085E-14 0.00E+00
1.288E+01 1.672E-05 1.672E-05 1.136E-14 0.00E+00
1.274E+01 1.978E-05 1.978E-05 1.190E-14 0.00E+00
1.259E+01 1.928E-05 1.928E-05 1.246E-14 0.00E+00
1.245E+01 1.652E-05 1.652E-05 1.304E-14 0.00E+00
1.230E+01 1.452E-05 1.452E-05 1.366E-14 0.00E+00
1.216E+01 1.507E-05 1.507E-05 1.430E-14 0.00E+00
1.202E+01 2.070E-05 2.070E-05 1.497E-14 0.00E+00
1.189E+01 2.842E-05 2.842E-05 1.569E-14 0.00E+00
1.175E+01 2.352E-05 2.352E-05 1.646E-14 0.00E+00
1.161E+01 2.649E-05 2.649E-05 1.731E-14 0.00E+00
1.148E+01 4.167E-05 4.167E-05 1.763E-14 0.00E+00
1.135E+01 6.644E-05 6.644E-05 1.872E-14 0.00E+00
1.122E+01 6.065E-05 6.065E-05 1.963E-14 0.00E+00
1.109E+01 3.472E-05 3.472E-05 2.058E-14 0.00E+00
1.096E+01 2.005E-05 2.005E-05 2.156E-14 0.00E+00
1.084E+01 1.307E-05 1.307E-05 2.259E-14 0.00E+00
1.072E+01 9.486E-06 9.486E-06 2.366E-14 0.00E+00
1.059E+01 7.474E-06 7.474E-06 2.477E-14 0.00E+00
1.047E+01 6.270E-06 6.270E-06 2.593E-14 0.00E+00
1.035E+01 5.522E-06 5.522E-06 2.714E-14 0.00E+00
1.023E+01 5.055E-06 5.055E-06 2.842E-14 0.00E+00
1.012E+01 4.776E-06 4.776E-06 2.975E-14 0.00E+00
1.000E+01 4.634E-06 4.634E-06 3.115E-14 0.00E+00
9.886E+00 4.601E-06 4.601E-06 3.262E-14 0.00E+00
9.772E+00 4.664E-06 4.664E-06 3.415E-14 0.00E+00
9.661E+00 4.820E-06 4.820E-06 3.576E-14 0.00E+00
9.550E+00 5.076E-06 5.076E-06 3.744E-14 0.00E+00
9.441E+00 5.450E-06 5.450E-06 3.920E-14 0.00E+00
9.333E+00 5.977E-06 5.977E-06 4.104E-14 0.00E+00
9.226E+00 6.718E-06 6.718E-06 4.297E-14 0.00E+00
9.120E+00 7.780E-06 7.780E-06 4.498E-14 0.00E+00
9.016E+00 9.372E-06 9.372E-06 4.710E-14 0.00E+00
8.913E+00 1.189E-05 1.189E-05 4.931E-14 0.00E+00
8.810E+00 1.606E-05 1.606E-05 5.162E-14 0.00E+00
8.710E+00 2.246E-05 2.246E-05 5.404E-14 0.00E+00
8.610E+00 2.791E-05 2.791E-05 5.658E-14 0.00E+00
8.511E+00 2.642E-05 2.642E-05 5.923E-14 0.00E+00
8.414E+00 2.277E-05 2.277E-05 6.201E-14 0.00E+00
8.318E+00 2.168E-05 2.168E-05 6.491E-14 0.00E+00
8.222E+00 2.318E-05 2.318E-05 6.796E-14 0.00E+00
8.128E+00 2.686E-05 2.686E-05 7.114E-14 0.00E+00
8.035E+00 3.265E-05 3.265E-05 7.447E-14 0.00E+00
7.943E+00 4.037E-05 4.037E-05 7.796E-14 0.00E+00
7.852E+00 4.899E-05 4.899E-05 8.160E-14 0.00E+00
7.762E+00 5.573E-05 5.573E-05 8.542E-14 0.00E+00
7.674E+00 5.697E-05 5.697E-05 8.942E-14 0.00E+00
7.586E+00 5.185E-05 5.185E-05 9.362E-14 0.00E+00
7.499E+00 4.327E-05 4.327E-05 9.800E-14 0.00E+00
7.413E+00 3.459E-05 3.459E-05 1.026E-13 0.00E+00
7.328E+00 2.741E-05 2.741E-05 1.074E-13 0.00E+00
7.244E+00 2.195E-05 2.195E-05 1.124E-13 0.00E+00
7.161E+00 1.794E-05 1.794E-05 1.177E-13 0.00E+00
7.079E+00 1.504E-05 1.504E-05 1.232E-13 0.00E+00
6.998E+00 1.296E-05 1.296E-05 1.290E-13 0.00E+00
6.918E+00 1.151E-05 1.151E-05 1.350E-13 0.00E+00
6.839E+00 1.058E-05 1.058E-05 1.413E-13 0.00E+00
6.761E+00 1.011E-05 1.011E-05 1.479E-13 0.00E+00
6.683E+00 1.013E-05 1.013E-05 1.549E-13 0.00E+00
6.607E+00 1.074E-05 1.074E-05 1.621E-13 0.00E+00
6.531E+00 1.224E-05 1.224E-05 1.697E-13 0.00E+00
6.457E+00 1.519E-05 1.519E-05 1.776E-13 0.00E+00
6.383E+00 2.073E-05 2.073E-05 1.859E-13 0.00E+00
6.310E+00 3.030E-05 3.030E-05 1.946E-13 0.00E+00
6.237E+00 4.155E-05 4.155E-05 2.038E-13 0.00E+00
6.166E+00 4.167E-05 4.167E-05 2.133E-13 0.00E+00
6.095E+00 3.013E-05 3.013E-05 2.232E-13 0.00E+00
6.026E+00 1.987E-05 1.987E-05 2.337E-13 0.00E+00
5.957E+00 1.365E-05 1.365E-05 2.446E-13 0.00E+00
5.888E+00 1.003E-05 1.003E-05 2.560E-13 0.00E+00
5.821E+00 7.815E-06 7.815E-06 2.680E-13 0.00E+00
5.754E+00 6.388E-06 6.388E-06 2.805E-13 0.00E+00
5.689E+00 5.418E-06 5.418E-06 2.936E-13 0.00E+00
5.623E+00 4.729E-06 4.729E-06 3.073E-13 0.00E+00
5.559E+00 4.222E-06 4.222E-06 3.216E-13 0.00E+00
5.495E+00 3.838E-06 3.838E-06 3.366E-13 0.00E+00
5.433E+00 3.540E-06 3.540E-06 3.523E-13 0.00E+00
5.370E+00 3.304E-06 3.304E-06 3.687E-13 0.00E+00
5.309E+00 3.114E-06 3.114E-06 3.859E-13 0.00E+00
5.248E+00 2.960E-06 2.960E-06 4.039E-13 0.00E+00
5.188E+00 2.832E-06 2.832E-06 4.227E-13 0.00E+00
5.129E+00 2.727E-06 2.727E-06 4.424E-13 0.00E+00
5.070E+00 2.640E-06 2.640E-06 4.629E-13 0.00E+00
5.012E+00 2.566E-06 2.566E-06 4.845E-13 0.00E+00
4.955E+00 2.505E-06 2.505E-06 5.071E-13 0.00E+00
4.898E+00 2.454E-06 2.454E-06 5.307E-13 0.00E+00
4.842E+00 2.411E-06 2.411E-06 5.554E-13 0.00E+00
4.786E+00 2.376E-06 2.376E-06 5.813E-13 0.00E+00
4.732E+00 2.347E-06 2.347E-06 6.084E-13 0.00E+00
4.677E+00 2.324E-06 2.324E-06 6.367E-13 0.00E+00
4.624E+00 2.307E-06 2.307E-06 6.664E-13 0.00E+00
4.571E+00 2.294E-06 2.294E-06 6.974E-13 0.00E+00
4.519E+00 2.285E-06 2.285E-06 7.298E-13 0.00E+00
4.467E+00 2.280E-06 2.280E-06 7.638E-13 0.00E+00
4.416E+00 2.278E-06 2.278E-06 7.993E-13 0.00E+00
4.365E+00 2.280E-06 2.280E-06 8.365E-13 0.00E+00
4.315E+00 2.285E-06 2.285E-06 8.754E-13 0.00E+00
4.266E+00 2.293E-06 2.293E-06 9.160E-13 0.00E+00
4.217E+00 2.304E-06 2.304E-06 9.586E-13 0.00E+00
4.169E+00 2.317E-06 2.317E-06 1.003E-12 0.00E+00
4.121E+00 2.334E-06 2.334E-06 1.050E-12 0.00E+00
4.074E+00 2.353E-06 2.353E-06 1.099E-12 0.00E+00
4.027E+00 2.375E-06 2.375E-06 1.150E-12 0.00E+00
3.981E+00 2.400E-06 2.400E-06 1.203E-12 0.00E+00
3.936E+00 2.429E-06 2.429E-06 1.259E-12 0.00E+00
3.890E+00 2.462E-06 2.462E-06 1.317E-12 0.00E+00
3.846E+00 2.499E-06 2.499E-06 1.378E-12 0.00E+00
3.802E+00 2.542E-06 2.542E-06 1.443E-12 0.00E+00
3.758E+00 2.592E-06 2.592E-06 1.510E-12 0.00E+00
3.715E+00 2.652E-06 2.652E-06 1.580E-12 0.00E+00
3.673E+00 2.724E-06 2.724E-06 1.653E-12 0.00E+00
3.631E+00 2.816E-06 2.816E-06 1.730E-12 0.00E+00
3.589E+00 2.936E-06 2.936E-06 1.810E-12 0.00E+00
3.548E+00 3.104E-06 3.104E-06 1.894E-12 0.00E+00
3.508E+00 3.358E-06 3.358E-06 1.982E-12 4.84E-07
3.467E+00 3.782E-06 3.782E-06 2.074E-12 4.94E-07
3.428E+00 4.603E-06 4.603E-06 2.170E-12 5.04E-07
3.388E+00 6.593E-06 6.593E-06 2.271E-12 5.14E-07
3.350E+00 1.377E-05 1.377E-05 2.376E-12 5.25E-07
3.311E+00 6.197E-05 6.197E-05 2.487E-12 5.35E-07
3.273E+00 3.087E-05 3.087E-05 2.602E-12 5.46E-07
3.236E+00 9.663E-06 9.663E-06 2.723E-12 5.57E-07
3.199E+00 5.747E-06 5.747E-06 2.849E-12 5.68E-07
3.162E+00 4.478E-06 4.478E-06 2.980E-12 5.79E-07
3.126E+00 3.946E-06 3.946E-06 3.119E-12 5.92E-07
3.090E+00 3.684E-06 3.684E-06 3.263E-12 6.03E-07
3.055E+00 3.549E-06 3.549E-06 3.414E-12 6.15E-07
3.020E+00 3.480E-06 3.480E-06 3.573E-12 6.28E-07
2.985E+00 3.451E-06 3.451E-06 3.738E-12 6.40E-07
2.951E+00 3.444E-06 3.444E-06 3.911E-12 6.53E-07
2.917E+00 3.455E-06 3.455E-06 4.092E-12 6.65E-07
2.884E+00 3.476E-06 3.476E-06 4.282E-12 6.79E-07
2.851E+00 3.505E-06 3.505E-06 4.480E-12 6.92E-07
2.818E+00 3.541E-06 3.541E-06 4.687E-12 7.06E-07
2.786E+00 3.581E-06 3.581E-06 4.904E-12 7.21E-07
2.754E+00 3.626E-06 3.626E-06 5.131E-12 7.35E-07
2.723E+00 3.674E-06 3.674E-06 5.368E-12 7.49E-07
2.692E+00 3.724E-06 3.724E-06 5.615E-12 7.65E-07
2.661E+00 3.777E-06 3.777E-06 5.876E-12 7.80E-07
2.630E+00 3.833E-06 3.833E-06 6.147E-12 7.96E-07
2.600E+00 3.890E-06 3.890E-06 6.431E-12 8.12E-07
2.570E+00 3.948E-06 3.948E-06 6.728E-12 8.29E-07
2.541E+00 4.008E-06 4.008E-06 7.038E-12 8.46E-07
2.512E+00 4.070E-06 4.070E-06 7.363E-12 8.64E-07
2.483E+00 4.133E-06 4.133E-06 7.703E-12 8.81E-07
2.455E+00 4.199E-06 4.199E-06 8.058E-12 8.99E-07
2.427E+00 4.266E-06 4.266E-06 8.430E-12 9.17E-07
2.399E+00 4.335E-06 4.335E-06 8.820E-12 9.36E-07
2.371E+00 4.405E-06 4.405E-06 9.227E-12 9.55E-07
2.344E+00 4.478E-06 4.478E-06 9.653E-12 9.74E-07
2.317E+00 4.552E-06 4.552E-06 1.010E-11 9.93E-07
2.291E+00 4.628E-06 4.627E-06 1.057E-11 1.01E-06
2.265E+00 4.705E-06 4.705E-06 1.105E-11 1.03E-06
2.239E+00 4.784E-06 4.784E-06 1.156E-11 1.05E-06
2.213E+00 4.865E-06 4.865E-06 1.210E-11 1.07E-06
2.188E+00 4.948E-06 4.948E-06 1.266E-11 1.10E-06
2.163E+00 5.032E-06 5.032E-06 1.324E-11 1.12E-06
2.138E+00 5.118E-06 5.118E-06 1.385E-11 1.14E-06
2.113E+00 5.206E-06 5.206E-06 1.449E-11 1.16E-06
2.089E+00 5.294E-06 5.294E-06 1.516E-11 1.18E-06
2.065E+00 5.384E-06 5.384E-06 1.586E-11 1.21E-06
2.042E+00 5.476E-06 5.476E-06 1.659E-11 1.23E-06
2.018E+00 5.569E-06 5.569E-06 1.736E-11 1.26E-06
1.995E+00 5.665E-06 5.665E-06 1.816E-11 1.28E-06
1.972E+00 5.763E-06 5.763E-06 1.899E-11 1.31E-06
1.950E+00 5.862E-06 5.862E-06 1.987E-11 1.33E-06
1.928E+00 5.964E-06 5.964E-06 2.079E-11 1.36E-06
1.905E+00 6.067E-06 6.067E-06 2.175E-11 1.39E-06
1.884E+00 6.173E-06 6.173E-06 2.275E-11 1.41E-06
1.862E+00 6.281E-06 6.281E-06 2.380E-11 1.44E-06
1.841E+00 6.391E-06 6.391E-06 2.490E-11 1.47E-06
1.820E+00 6.504E-06 6.504E-06 2.605E-11 1.50E-06
1.799E+00 6.618E-06 6.618E-06 2.725E-11 1.53E-06
1.778E+00 6.735E-06 6.735E-06 2.850E-11 1.56E-06
1.758E+00 6.854E-06 6.854E-06 2.982E-11 1.59E-06
1.738E+00 6.976E-06 6.976E-06 3.119E-11 1.62E-06
1.718E+00 7.099E-06 7.099E-06 3.263E-11 1.65E-06
1.698E+00 7.225E-06 7.225E-06 3.413E-11 1.68E-06
1.679E+00 7.353E-06 7.353E-06 3.570E-11 1.71E-06
1.660E+00 7.483E-06 7.483E-06 3.735E-11 1.75E-06
1.641E+00 7.614E-06 7.614E-06 3.907E-11 1.78E-06
1.622E+00 7.747E-06 7.747E-06 4.086E-11 1.82E-06
1.603E+00 7.881E-06 7.881E-06 4.274E-11 1.86E-06
1.585E+00 8.018E-06 8.018E-06 4.471E-11 1.89E-06
1.567E+00 8.158E-06 8.158E-06 4.676E-11 1.93E-06
1.549E+00 8.299E-06 8.299E-06 4.892E-11 1.97E-06
1.531E+00 8.444E-06 8.444E-06 5.118E-11 2.01E-06
1.514E+00 8.593E-06 8.593E-06 5.354E-11 2.05E-06
1.496E+00 8.744E-06 8.744E-06 5.601E-11 2.09E-06
1.479E+00 8.899E-06 8.899E-06 5.860E-11 2.13E-06
1.462E+00 9.057E-06 9.057E-06 6.131E-11 2.17E-06
1.445E+00 9.221E-06 9.220E-06 6.414E-11 2.21E-06
1.429E+00 9.388E-06 9.388E-06 6.710E-11 2.25E-06
1.413E+00 9.558E-06 9.558E-06 7.019E-11 2.29E-06
1.396E+00 9.733E-06 9.733E-06 7.343E-11 2.34E-06
1.380E+00 9.912E-06 9.912E-06 7.681E-11 2.38E-06
1.365E+00 1.009E-05 1.009E-05 8.035E-11 2.43E-06
1.349E+00 1.028E-05 1.028E-05 8.406E-11 2.47E-06
1.334E+00 1.047E-05 1.047E-05 8.793E-11 2.52E-06
1.318E+00 1.066E-05 1.066E-05 9.198E-11 2.57E-06
1.303E+00 1.085E-05 1.085E-05 9.621E-11 2.62E-06
1.288E+00 1.105E-05 1.105E-05 1.006E-10 2.67E-06
1.274E+00 1.126E-05 1.126E-05 1.053E-10 2.72E-06
1.259E+00 1.146E-05 1.146E-05 1.101E-10 2.77E-06
1.245E+00 1.167E-05 1.167E-05 1.152E-10 2.83E-06
1.230E+00 1.188E-05 1.188E-05 1.205E-10 2.88E-06
1.216E+00 1.210E-05 1.210E-05 1.260E-10 2.94E-06
1.202E+00 1.232E-05 1.232E-05 1.318E-10 2.99E-06
1.189E+00 1.255E-05 1.255E-05 1.379E-10 3.05E-06
1.175E+00 1.278E-05 1.278E-05 1.443E-10 3.11E-06
1.161E+00 1.302E-05 1.302E-05 1.509E-10 3.17E-06
1.148E+00 1.326E-05 1.326E-05 1.579E-10 3.23E-06
1.135E+00 1.351E-05 1.351E-05 1.651E-10 3.29E-06
1.122E+00 1.377E-05 1.377E-05 1.727E-10 3.36E-06
1.109E+00 1.404E-05 1.403E-05 1.807E-10 3.42E-06
1.096E+00 1.431E-05 1.431E-05 1.890E-10 3.49E-06
1.084E+00 1.459E-05 1.459E-05 1.977E-10 3.55E-06
1.072E+00 1.488E-05 1.488E-05 2.068E-10 3.62E-06
1.059E+00 1.517E-05 1.517E-05 2.163E-10 3.69E-06
1.047E+00 1.548E-05 1.548E-05 2.262E-10 3.76E-06
1.035E+00 1.579E-05 1.579E-05 2.366E-10 3.83E-06
1.023E+00 1.611E-05 1.611E-05 2.475E-10 3.90E-06
1.012E+00 1.645E-05 1.645E-05 2.589E-10 3.98E-06
1.000E+00 1.679E-05 1.679E-05 2.707E-10 4.05E-06
9.886E-01 1.715E-05 1.715E-05 2.832E-10 4.13E-06
9.772E-01 1.752E-05 1.752E-05 2.961E-10 4.21E-06
9.661E-01 1.791E-05 1.791E-05 3.097E-10 4.29E-06
9.550E-01 1.831E-05 1.831E-05 3.239E-10 4.37E-06
9.441E-01 1.873E-05 1.873E-05 3.387E-10 4.46E-06
9.333E-01 1.918E-05 1.917E-05 3.543E-10 4.55E-06
9.226E-01 1.964E-05 1.964E-05 3.705E-10 4.64E-06
9.120E-01 2.013E-05 2.013E-05 3.874E-10 4.73E-06
9.016E-01 2.066E-05 2.066E-05 4.051E-10 4.82E-06
8.913E-01 2.121E-05 2.121E-05 4.236E-10 4.92E-06
8.810E-01 2.181E-05 2.181E-05 4.430E-10 5.01E-06
8.710E-01 2.246E-05 2.246E-05 4.632E-10 5.11E-06
8.610E-01 2.317E-05 2.316E-05 4.843E-10 5.22E-06
8.511E-01 2.394E-05 2.394E-05 5.064E-10 5.32E-06
8.414E-01 2.479E-05 2.479E-05 5.295E-10 5.43E-06
8.318E-01 2.574E-05 2.574E-05 5.536E-10 5.54E-06
8.222E-01 2.681E-05 2.681E-05 5.788E-10 5.66E-06
8.128E-01 2.802E-05 2.802E-05 6.052E-10 5.77E-06
8.035E-01 2.941E-05 2.941E-05 6.328E-10 5.89E-06
7.943E-01 3.101E-05 3.101E-05 6.616E-10 6.01E-06
7.852E-01 3.287E-05 3.287E-05 6.917E-10 6.14E-06
7.762E-01 3.507E-05 3.507E-05 7.232E-10 6.26E-06
7.674E-01 3.769E-05 3.768E-05 7.561E-10 6.39E-06
7.586E-01 4.083E-05 4.083E-05 7.905E-10 6.53E-06
7.499E-01 4.465E-05 4.465E-05 8.265E-10 6.67E-06
7.413E-01 4.935E-05 4.935E-05 8.641E-10 6.81E-06
7.328E-01 5.519E-05 5.519E-05 9.034E-10 6.95E-06
7.244E-01 6.253E-05 6.253E-05 9.445E-10 7.10E-06
7.161E-01 7.189E-05 7.188E-05 9.875E-10 7.25E-06
7.079E-01 8.394E-05 8.394E-05 1.032E-09 7.41E-06
6.998E-01 9.968E-05 9.968E-05 1.080E-09 7.57E-06
6.918E-01 1.205E-04 1.205E-04 1.129E-09 7.73E-06
6.839E-01 1.484E-04 1.484E-04 1.180E-09 7.90E-06
6.761E-01 1.861E-04 1.861E-04 1.234E-09 8.07E-06
6.683E-01 2.373E-04 2.373E-04 1.290E-09 8.25E-06
6.607E-01 3.067E-04 3.067E-04 1.349E-09 8.43E-06
6.531E-01 3.987E-04 3.987E-04 1.411E-09 8.62E-06
6.457E-01 5.153E-04 5.153E-04 1.476E-09 8.81E-06
6.383E-01 6.522E-04 6.522E-04 1.543E-09 9.01E-06
6.310E-01 7.988E-04 7.988E-04 1.614E-09 9.21E-06
6.237E-01 9.420E-04 9.420E-04 1.688E-09 9.41E-06
6.166E-01 1.073E-03 1.073E-03 1.766E-09 9.62E-06
6.095E-01 1.187E-03 1.187E-03 1.847E-09 9.84E-06
6.026E-01 1.286E-03 1.286E-03 1.932E-09 1.01E-05
5.957E-01 1.372E-03 1.372E-03 2.022E-09 1.03E-05
5.888E-01 1.451E-03 1.451E-03 2.115E-09 1.05E-05
5.821E-01 1.530E-03 1.530E-03 2.213E-09 1.07E-05
5.754E-01 1.616E-03 1.616E-03 2.316E-09 1.10E-05
5.689E-01 1.721E-03 1.721E-03 2.423E-09 1.12E-05
5.623E-01 1.857E-03 1.857E-03 2.536E-09 1.15E-05
5.559E-01 2.040E-03 2.040E-03 2.655E-09 1.17E-05
5.495E-01 2.284E-03 2.284E-03 2.779E-09 1.20E-05
5.433E-01 2.597E-03 2.597E-03 2.909E-09 1.22E-05
5.370E-01 2.973E-03 2.973E-03 3.046E-09 1.25E-05
5.309E-01 3.384E-03 3.384E-03 3.190E-09 1.28E-05
5.248E-01 3.799E-03 3.799E-03 3.341E-09 1.31E-05
5.188E-01 4.197E-03 4.197E-03 3.499E-09 1.34E-05
5.129E-01 4.572E-03 4.572E-03 3.666E-09 1.36E-05
5.070E-01 4.927E-03 4.927E-03 3.840E-09 1.39E-05
5.012E-01 5.267E-03 5.267E-03 4.024E-09 1.42E-05
4.955E-01 5.597E-03 5.597E-03 4.216E-09 1.46E-05
4.898E-01 5.923E-03 5.923E-03 4.419E-09 1.49E-05
4.842E-01 6.247E-03 6.247E-03 4.631E-09 1.52E-05
4.786E-01 6.572E-03 6.572E-03 4.853E-09 1.55E-05
4.732E-01 6.901E-03 6.901E-03 5.086E-09 1.58E-05
4.677E-01 7.234E-03 7.234E-03 5.331E-09 1.61E-05
4.624E-01 7.573E-03 7.573E-03 5.588E-09 1.65E-05
4.571E-01 7.919E-03 7.919E-03 5.858E-09 1.68E-05
4.519E-01 8.272E-03 8.272E-03 6.142E-09 1.71E-05
4.467E-01 8.634E-03 8.634E-03 6.441E-09 1.75E-05
4.416E-01 9.004E-03 9.004E-03 6.755E-09 1.78E-05
4.365E-01 9.383E-03 9.383E-03 7.084E-09 1.82E-05
4.315E-01 9.772E-03 9.772E-03 7.429E-09 1.85E-05
4.266E-01 1.017E-02 1.017E-02 7.789E-09 1.88E-05
4.217E-01 1.058E-02 1.058E-02 8.167E-09 1.92E-05
4.169E-01 1.100E-02 1.100E-02 8.564E-09 1.95E-05
4.121E-01 1.143E-02 1.143E-02 8.981E-09 1.98E-05
4.074E-01 1.187E-02 1.187E-02 9.418E-09 2.02E-05
4.027E-01 1.232E-02 1.232E-02 9.878E-09 2.05E-05
3.981E-01 1.278E-02 1.278E-02 1.036E-08 2.09E-05
3.935E-01 1.325E-02 1.325E-02 1.086E-08 2.12E-05
3.890E-01 1.374E-02 1.374E-02 1.140E-08 2.16E-05
3.846E-01 1.423E-02 1.423E-02 1.195E-08 2.20E-05
3.802E-01 1.474E-02 1.474E-02 1.254E-08 2.23E-05
3.758E-01 1.526E-02 1.526E-02 1.316E-08 2.27E-05
3.715E-01 1.579E-02 1.579E-02 1.381E-08 2.30E-05
3.673E-01 1.633E-02 1.633E-02 1.450E-08 2.34E-05
3.631E-01 1.688E-02 1.688E-02 1.523E-08 2.38E-05
3.589E-01 1.745E-02 1.745E-02 1.601E-08 2.42E-05
3.548E-01 1.802E-02 1.802E-02 1.684E-08 2.45E-05
3.508E-01 1.861E-02 1.861E-02 1.771E-08 2.49E-05
3.467E-01 1.921E-02 1.921E-02 1.864E-08 2.52E-05
3.428E-01 1.983E-02 1.983E-02 1.964E-08 2.56E-05
3.388E-01 2.045E-02 2.045E-02 2.070E-08 2.58E-05
3.350E-01 2.109E-02 2.109E-02 2.183E-08 2.61E-05
3.311E-01 2.174E-02 2.174E-02 2.303E-08 2.63E-05
3.273E-01 2.240E-02 2.240E-02 2.432E-08 2.64E-05
3.236E-01 2.308E-02 2.308E-02 2.571E-08 2.65E-05
3.199E-01 2.376E-02 2.376E-02 2.719E-08 2.64E-05
3.162E-01 2.446E-02 2.446E-02 2.877E-08 2.63E-05
3.126E-01 2.517E-02 2.517E-02 3.046E-08 2.60E-05
3.090E-01 2.590E-02 2.590E-02 3.226E-08 2.57E-05
3.055E-01 2.663E-02 2.663E-02 3.417E-08 2.52E-05
3.020E-01 2.732E-02 2.732E-02 3.622E-08 2.47E-05
2.985E-01 2.781E-02 2.781E-02 3.842E-08 2.39E-05
2.951E-01 2.835E-02 2.835E-02 4.078E-08 2.31E-05
2.917E-01 2.894E-02 2.894E-02 4.332E-08 2.20E-05
2.884E-01 2.958E-02 2.958E-02 4.611E-08 2.08E-05
2.851E-01 3.029E-02 3.029E-02 4.913E-08 1.93E-05
2.818E-01 3.106E-02 3.106E-02 5.263E-08 1.73E-05
2.786E-01 3.192E-02 3.192E-02 5.637E-08 1.53E-05
2.754E-01 3.287E-02 3.287E-02 6.039E-08 1.33E-05
2.723E-01 3.392E-02 3.392E-02 6.479E-08 1.12E-05
2.692E-01 3.510E-02 3.510E-02 6.963E-08 9.24E-06
2.661E-01 3.641E-02 3.641E-02 7.499E-08 7.41E-06
2.630E-01 3.788E-02 3.788E-02 8.100E-08 5.76E-06
2.600E-01 3.953E-02 3.953E-02 8.783E-08 4.32E-06
2.570E-01 4.140E-02 4.139E-02 9.550E-08 3.18E-06
2.541E-01 4.349E-02 4.349E-02 1.039E-07 2.41E-06
2.512E-01 4.586E-02 4.586E-02 1.134E-07 1.95E-06
2.483E-01 4.854E-02 4.854E-02 1.243E-07 1.77E-06
2.455E-01 5.154E-02 5.154E-02 1.366E-07 1.85E-06
2.427E-01 5.491E-02 5.491E-02 1.509E-07 2.24E-06
2.399E-01 5.865E-02 5.865E-02 1.674E-07 2.94E-06
2.371E-01 6.274E-02 6.274E-02 1.853E-07 3.99E-06
2.344E-01 6.714E-02 6.714E-02 2.045E-07 5.27E-06
2.317E-01 7.174E-02 7.174E-02 2.245E-07 6.65E-06
2.291E-01 7.636E-02 7.636E-02 2.451E-07 8.09E-06
2.265E-01 8.073E-02 8.073E-02 2.661E-07 9.59E-06
2.239E-01 8.453E-02 8.453E-02 2.883E-07 1.12E-05
2.213E-01 8.740E-02 8.740E-02 3.113E-07 1.28E-05
2.188E-01 8.904E-02 8.904E-02 3.297E-07 1.47E-05
2.163E-01 8.923E-02 8.923E-02 3.385E-07 1.69E-05
2.138E-01 8.797E-02 8.797E-02 3.376E-07 1.91E-05
2.113E-01 8.543E-02 8.543E-02 3.305E-07 2.13E-05
2.089E-01 8.192E-02 8.192E-02 3.181E-07 2.36E-05
2.065E-01 7.778E-02 7.778E-02 3.015E-07 2.60E-05
2.042E-01 7.336E-02 7.336E-02 2.814E-07 2.84E-05
2.018E-01 6.892E-02 6.892E-02 2.592E-07 3.09E-05
1.995E-01 6.466E-02 6.466E-02 2.363E-07 3.35E-05
1.972E-01 6.069E-02 6.069E-02 2.136E-07 3.62E-05
1.950E-01 5.708E-02 5.708E-02 1.920E-07 3.89E-05
1.928E-01 5.383E-02 5.383E-02 1.722E-07 4.16E-05
1.905E-01 5.094E-02 5.094E-02 1.542E-07 4.45E-05
1.884E-01 4.839E-02 4.839E-02 1.378E-07 4.75E-05
1.862E-01 4.614E-02 4.614E-02 1.236E-07 5.06E-05
1.841E-01 4.417E-02 4.417E-02 1.114E-07 5.39E-05
1.820E-01 4.245E-02 4.245E-02 1.011E-07 5.72E-05
1.799E-01 4.093E-02 4.093E-02 9.230E-08 6.08E-05
1.778E-01 3.961E-02 3.961E-02 8.514E-08 6.44E-05
1.758E-01 3.844E-02 3.844E-02 7.923E-08 6.81E-05
1.738E-01 3.742E-02 3.742E-02 7.443E-08 7.19E-05
1.718E-01 3.652E-02 3.652E-02 7.064E-08 7.57E-05
1.698E-01 3.573E-02 3.573E-02 6.782E-08 7.96E-05
1.679E-01 3.504E-02 3.504E-02 6.597E-08 8.35E-05
1.660E-01 3.447E-02 3.447E-02 6.505E-08 8.75E-05
1.641E-01 3.401E-02 3.401E-02 6.516E-08 9.14E-05
1.622E-01 3.365E-02 3.365E-02 6.622E-08 9.53E-05
1.603E-01 3.339E-02 3.339E-02 6.822E-08 9.92E-05
1.585E-01 3.322E-02 3.322E-02 7.122E-08 1.03E-04
1.567E-01 3.313E-02 3.313E-02 7.510E-08 1.07E-04
1.549E-01 3.314E-02 3.314E-02 7.986E-08 1.11E-04
1.531E-01 3.323E-02 3.323E-02 8.549E-08 1.15E-04
1.514E-01 3.340E-02 3.340E-02 9.210E-08 1.20E-04
1.496E-01 3.366E-02 3.366E-02 9.979E-08 1.24E-04
1.479E-01 3.400E-02 3.400E-02 1.087E-07 1.28E-04
1.462E-01 3.442E-02 3.442E-02 1.188E-07 1.33E-04
1.445E-01 3.493E-02 3.493E-02 1.305E-07 1.37E-04
1.429E-01 3.552E-02 3.552E-02 1.437E-07 1.42E-04
1.413E-01 3.621E-02 3.621E-02 1.584E-07 1.46E-04
1.396E-01 3.698E-02 3.698E-02 1.746E-07 1.51E-04
1.380E-01 3.784E-02 3.784E-02 1.922E-07 1.56E-04
1.365E-01 3.880E-02 3.880E-02 2.117E-07 1.61E-04
1.349E-01 3.985E-02 3.985E-02 2.336E-07 1.66E-04
1.334E-01 4.101E-02 4.101E-02 2.580E-07 1.72E-04
1.318E-01 4.227E-02 4.227E-02 2.851E-07 1.78E-04
1.303E-01 4.363E-02 4.363E-02 3.152E-07 1.85E-04
1.288E-01 4.598E-02 4.598E-02 3.487E-07 1.92E-04
1.274E-01 4.777E-02 4.777E-02 3.858E-07 1.99E-04
1.259E-01 4.964E-02 4.964E-02 4.267E-07 2.07E-04
1.245E-01 5.160E-02 5.160E-02 4.719E-07 2.16E-04
1.230E-01 5.364E-02 5.364E-02 5.216E-07 2.25E-04
1.216E-01 5.575E-02 5.575E-02 5.760E-07 2.33E-04
1.202E-01 5.795E-02 5.795E-02 6.354E-07 2.42E-04
1.189E-01 6.021E-02 6.021E-02 7.007E-07 2.50E-04
1.175E-01 6.255E-02 6.255E-02 7.713E-07 2.58E-04
1.161E-01 6.496E-02 6.496E-02 8.495E-07 2.65E-04
1.148E-01 6.743E-02 6.743E-02 9.398E-07 2.72E-04
1.135E-01 6.997E-02 6.996E-02 1.061E-06 2.80E-04
1.122E-01 7.256E-02 7.256E-02 1.189E-06 2.80E-04
1.109E-01 7.520E-02 7.520E-02 1.330E-06 2.72E-04
1.096E-01 7.790E-02 7.790E-02 1.486E-06 2.48E-04
1.084E-01 8.066E-02 8.066E-02 1.678E-06 2.22E-04
1.072E-01 8.345E-02 8.345E-02 1.900E-06 2.03E-04
1.059E-01 8.628E-02 8.628E-02 2.115E-06 1.98E-04
1.047E-01 8.914E-02 8.913E-02 2.322E-06 1.99E-04
1.035E-01 9.201E-02 9.201E-02 2.522E-06 2.00E-04
1.023E-01 9.489E-02 9.489E-02 2.714E-06 2.01E-04
1.012E-01 9.776E-02 9.776E-02 2.926E-06 1.98E-04
1.000E-01 1.010E-01 1.010E-01 3.165E-06 1.93E-04
9.886E-02 1.033E-01 1.032E-01 3.481E-06 1.85E-04
9.772E-02 1.056E-01 1.056E-01 3.843E-06 1.77E-04
9.661E-02 1.081E-01 1.081E-01 4.200E-06 1.72E-04
9.550E-02 1.107E-01 1.107E-01 4.533E-06 1.70E-04
9.441E-02 1.135E-01 1.135E-01 4.780E-06 1.71E-04
9.333E-02 1.164E-01 1.164E-01 4.978E-06 1.73E-04
9.226E-02 1.195E-01 1.195E-01 5.199E-06 1.75E-04
9.120E-02 1.228E-01 1.228E-01 5.410E-06 1.78E-04
9.016E-02 1.264E-01 1.263E-01 5.538E-06 1.83E-04
8.913E-02 1.302E-01 1.302E-01 5.681E-06 1.88E-04
8.810E-02 1.344E-01 1.344E-01 5.918E-06 1.90E-04
8.710E-02 1.389E-01 1.389E-01 6.292E-06 1.87E-04
8.610E-02 1.439E-01 1.439E-01 6.740E-06 1.83E-04
8.511E-02 1.495E-01 1.495E-01 7.269E-06 1.78E-04
8.414E-02 1.556E-01 1.556E-01 7.883E-06 1.73E-04
8.318E-02 1.625E-01 1.624E-01 8.590E-06 1.69E-04
8.222E-02 1.701E-01 1.701E-01 9.372E-06 1.66E-04
8.128E-02 1.787E-01 1.787E-01 1.021E-05 1.66E-04
8.035E-02 1.883E-01 1.883E-01 1.114E-05 1.68E-04
7.943E-02 1.990E-01 1.990E-01 1.214E-05 1.70E-04
7.852E-02 2.108E-01 2.108E-01 1.318E-05 1.75E-04
7.762E-02 2.236E-01 2.236E-01 1.422E-05 1.82E-04
7.674E-02 2.372E-01 2.372E-01 1.519E-05 1.89E-04
7.586E-02 2.510E-01 2.510E-01 1.611E-05 1.97E-04
7.499E-02 2.643E-01 2.643E-01 1.696E-05 2.05E-04
7.413E-02 2.761E-01 2.760E-01 1.771E-05 2.14E-04
7.328E-02 2.850E-01 2.850E-01 1.832E-05 2.24E-04
7.244E-02 2.902E-01 2.902E-01 1.892E-05 2.34E-04
7.161E-02 2.911E-01 2.911E-01 1.947E-05 2.43E-04
7.079E-02 2.879E-01 2.879E-01 1.985E-05 2.53E-04
6.998E-02 2.813E-01 2.812E-01 2.005E-05 2.64E-04
6.918E-02 2.724E-01 2.723E-01 2.004E-05 2.75E-04
6.839E-02 2.623E-01 2.623E-01 1.964E-05 2.87E-04
6.761E-02 2.521E-01 2.521E-01 1.897E-05 3.00E-04
6.683E-02 2.424E-01 2.424E-01 1.822E-05 3.14E-04
6.607E-02 2.337E-01 2.337E-01 1.741E-05 3.27E-04
6.531E-02 2.241E-01 2.240E-01 1.656E-05 3.41E-04
6.457E-02 2.144E-01 2.143E-01 1.594E-05 3.53E-04
6.383E-02 2.045E-01 2.045E-01 1.542E-05 3.66E-04
6.310E-02 1.946E-01 1.946E-01 1.498E-05 3.79E-04
6.237E-02 1.846E-01 1.846E-01 1.462E-05 3.91E-04
6.166E-02 1.745E-01 1.745E-01 1.437E-05 4.04E-04
6.095E-02 1.642E-01 1.642E-01 1.421E-05 4.18E-04
6.026E-02 1.539E-01 1.538E-01 1.407E-05 4.31E-04
5.957E-02 1.434E-01 1.434E-01 1.396E-05 4.45E-04
5.888E-02 1.328E-01 1.328E-01 1.386E-05 4.59E-04
5.821E-02 1.220E-01 1.220E-01 1.365E-05 4.73E-04
5.754E-02 1.162E-01 1.162E-01 1.343E-05 4.88E-04
5.689E-02 1.120E-01 1.120E-01 1.319E-05 5.02E-04
5.623E-02 1.076E-01 1.076E-01 1.293E-05 5.17E-04
5.559E-02 1.030E-01 1.030E-01 1.259E-05 5.33E-04
5.495E-02 9.852E-02 9.851E-02 1.225E-05 5.48E-04
5.433E-02 9.413E-02 9.412E-02 1.190E-05 5.64E-04
5.370E-02 9.004E-02 9.003E-02 1.156E-05 5.81E-04
5.309E-02 8.654E-02 8.653E-02 1.126E-05 5.97E-04
5.248E-02 8.328E-02 8.327E-02 1.097E-05 6.14E-04
5.188E-02 8.025E-02 8.024E-02 1.070E-05 6.32E-04
5.129E-02 7.738E-02 7.737E-02 1.046E-05 6.49E-04
5.070E-02 7.460E-02 7.459E-02 1.024E-05 6.67E-04
5.012E-02 7.197E-02 7.196E-02 1.004E-05 6.86E-04
4.955E-02 6.947E-02 6.946E-02 9.847E-06 7.05E-04
4.898E-02 6.712E-02 6.711E-02 9.672E-06 7.24E-04
4.842E-02 6.483E-02 6.482E-02 9.497E-06 7.43E-04
4.786E-02 6.260E-02 6.259E-02 9.319E-06 7.63E-04
4.732E-02 6.023E-02 6.022E-02 9.112E-06 7.84E-04
4.677E-02 5.788E-02 5.787E-02 8.896E-06 8.05E-04
4.624E-02 5.562E-02 5.561E-02 8.682E-06 8.27E-04
4.571E-02 5.364E-02 5.363E-02 8.488E-06 8.49E-04
4.519E-02 5.201E-02 5.201E-02 8.320E-06 8.72E-04
4.467E-02 5.045E-02 5.044E-02 8.147E-06 8.95E-04
4.416E-02 4.881E-02 4.880E-02 7.957E-06 9.19E-04
4.365E-02 4.677E-02 4.677E-02 7.728E-06 9.44E-04
4.315E-02 4.484E-02 4.483E-02 7.494E-06 9.69E-04
4.266E-02 4.312E-02 4.311E-02 7.253E-06 9.95E-04
4.217E-02 4.203E-02 4.203E-02 7.017E-06 1.02E-03
4.169E-02 4.120E-02 4.119E-02 6.797E-06 1.05E-03
4.121E-02 4.058E-02 4.057E-02 6.600E-06 1.08E-03
4.074E-02 3.999E-02 3.999E-02 6.449E-06 1.10E-03
4.027E-02 3.954E-02 3.953E-02 6.323E-06 1.13E-03
3.981E-02 3.921E-02 3.921E-02 6.216E-06 1.16E-03
3.935E-02 3.901E-02 3.900E-02 6.123E-06 1.19E-03
3.890E-02 3.896E-02 3.895E-02 6.055E-06 1.22E-03
3.846E-02 3.908E-02 3.907E-02 6.004E-06 1.25E-03
3.802E-02 3.942E-02 3.941E-02 6.001E-06 1.29E-03
3.758E-02 3.999E-02 3.998E-02 6.065E-06 1.32E-03
3.715E-02 4.122E-02 4.121E-02 6.307E-06 1.35E-03
3.673E-02 4.230E-02 4.230E-02 6.608E-06 1.38E-03
3.631E-02 4.279E-02 4.279E-02 6.924E-06 1.41E-03
3.589E-02 4.227E-02 4.226E-02 7.157E-06 1.45E-03
3.548E-02 4.134E-02 4.133E-02 7.349E-06 1.48E-03
3.508E-02 4.050E-02 4.049E-02 7.463E-06 1.52E-03
3.467E-02 3.969E-02 3.968E-02 7.535E-06 1.55E-03
3.428E-02 3.888E-02 3.887E-02 7.583E-06 1.59E-03
3.388E-02 3.808E-02 3.808E-02 7.640E-06 1.63E-03
3.350E-02 3.730E-02 3.729E-02 7.690E-06 1.67E-03
3.311E-02 3.653E-02 3.652E-02 7.735E-06 1.71E-03
3.273E-02 3.577E-02 3.576E-02 7.775E-06 1.75E-03
3.236E-02 3.501E-02 3.500E-02 7.809E-06 1.79E-03
3.199E-02 3.426E-02 3.426E-02 7.840E-06 1.84E-03
3.162E-02 3.353E-02 3.352E-02 7.867E-06 1.88E-03
3.126E-02 3.281E-02 3.280E-02 7.892E-06 1.93E-03
3.090E-02 3.210E-02 3.209E-02 7.915E-06 1.98E-03
3.055E-02 3.140E-02 3.139E-02 7.936E-06 2.02E-03
3.020E-02 3.071E-02 3.070E-02 7.955E-06 2.07E-03
2.985E-02 3.003E-02 3.002E-02 7.972E-06 2.12E-03
2.951E-02 2.936E-02 2.935E-02 7.987E-06 2.18E-03
2.917E-02 2.871E-02 2.870E-02 7.999E-06 2.23E-03
2.884E-02 2.807E-02 2.806E-02 8.010E-06 2.28E-03
2.851E-02 2.744E-02 2.743E-02 8.020E-06 2.34E-03
2.818E-02 2.683E-02 2.682E-02 8.029E-06 2.40E-03
2.786E-02 2.623E-02 2.622E-02 8.039E-06 2.45E-03
2.754E-02 2.564E-02 2.564E-02 8.048E-06 2.51E-03
2.723E-02 2.507E-02 2.506E-02 8.056E-06 2.57E-03
2.692E-02 2.451E-02 2.450E-02 8.065E-06 2.64E-03
2.661E-02 2.396E-02 2.395E-02 8.072E-06 2.70E-03
2.630E-02 2.341E-02 2.341E-02 8.078E-06 2.77E-03
2.600E-02 2.288E-02 2.287E-02 8.083E-06 2.83E-03
2.570E-02 2.236E-02 2.235E-02 8.087E-06 2.90E-03
2.541E-02 2.185E-02 2.184E-02 8.089E-06 2.97E-03
2.512E-02 2.134E-02 2.134E-02 8.090E-06 3.04E-03
2.483E-02 2.085E-02 2.084E-02 8.090E-06 3.12E-03
2.455E-02 2.037E-02 2.036E-02 8.091E-06 3.19E-03
2.427E-02 1.990E-02 1.989E-02 8.092E-06 3.27E-03
2.399E-02 1.944E-02 1.943E-02 8.093E-06 3.35E-03
2.371E-02 1.899E-02 1.898E-02 8.094E-06 3.43E-03
2.344E-02 1.855E-02 1.854E-02 8.095E-06 3.51E-03
2.317E-02 1.812E-02 1.811E-02 8.094E-06 3.59E-03
2.291E-02 1.770E-02 1.769E-02 8.094E-06 3.68E-03
2.265E-02 1.729E-02 1.728E-02 8.093E-06 3.77E-03
2.239E-02 1.688E-02 1.687E-02 8.092E-06 3.86E-03
2.213E-02 1.649E-02 1.648E-02 8.090E-06 3.95E-03
2.188E-02 1.610E-02 1.609E-02 8.088E-06 4.05E-03
2.163E-02 1.572E-02 1.571E-02 8.084E-06 4.15E-03
2.138E-02 1.536E-02 1.535E-02 8.083E-06 4.24E-03
2.113E-02 1.500E-02 1.499E-02 8.081E-06 4.35E-03
2.089E-02 1.464E-02 1.463E-02 8.076E-06 4.45E-03
2.065E-02 1.429E-02 1.428E-02 8.071E-06 4.56E-03
2.042E-02 1.396E-02 1.396E-02 8.071E-06 4.67E-03
2.018E-02 1.364E-02 1.363E-02 8.069E-06 4.78E-03
1.995E-02 1.331E-02 1.331E-02 8.064E-06 4.89E-03
1.972E-02 1.299E-02 1.299E-02 8.057E-06 5.01E-03
1.950E-02 1.268E-02 1.267E-02 8.049E-06 5.13E-03
1.928E-02 1.237E-02 1.236E-02 8.041E-06 5.25E-03
1.905E-02 1.207E-02 1.206E-02 8.031E-06 5.38E-03
1.884E-02 1.178E-02 1.177E-02 8.024E-06 5.51E-03
1.862E-02 1.150E-02 1.149E-02 8.016E-06 5.64E-03
1.841E-02 1.122E-02 1.121E-02 8.007E-06 5.77E-03
1.820E-02 1.095E-02 1.094E-02 7.997E-06 5.91E-03
1.799E-02 1.068E-02 1.068E-02 7.988E-06 6.05E-03
1.778E-02 1.043E-02 1.042E-02 7.980E-06 6.20E-03
1.758E-02 1.018E-02 1.017E-02 7.972E-06 6.34E-03
1.738E-02 9.932E-03 9.924E-03 7.962E-06 6.49E-03
1.718E-02 9.689E-03 9.681E-03 7.952E-06 6.65E-03
1.698E-02 9.452E-03 9.444E-03 7.941E-06 6.81E-03
1.679E-02 9.221E-03 9.213E-03 7.931E-06 6.97E-03
1.660E-02 8.997E-03 8.989E-03 7.921E-06 7.14E-03
1.641E-02 8.779E-03 8.771E-03 7.911E-06 7.31E-03
1.622E-02 8.564E-03 8.556E-03 7.899E-06 7.48E-03
1.603E-02 8.353E-03 8.345E-03 7.886E-06 7.66E-03
1.585E-02 8.147E-03 8.139E-03 7.873E-06 7.84E-03
1.567E-02 7.947E-03 7.939E-03 7.860E-06 8.03E-03
1.549E-02 7.753E-03 7.745E-03 7.847E-06 8.22E-03
1.531E-02 7.561E-03 7.553E-03 7.834E-06 8.41E-03
1.514E-02 7.373E-03 7.365E-03 7.820E-06 8.61E-03
1.496E-02 7.188E-03 7.181E-03 7.805E-06 8.82E-03
1.479E-02 7.009E-03 7.001E-03 7.791E-06 9.02E-03
1.462E-02 6.835E-03 6.827E-03 7.777E-06 9.24E-03
1.445E-02 6.666E-03 6.658E-03 7.763E-06 9.46E-03
1.429E-02 6.500E-03 6.492E-03 7.747E-06 9.68E-03
1.413E-02 6.337E-03 6.330E-03 7.731E-06 9.91E-03
1.396E-02 6.179E-03 6.172E-03 7.714E-06 1.01E-02
1.380E-02 6.026E-03 6.019E-03 7.698E-06 1.04E-02
1.365E-02 5.876E-03 5.869E-03 7.681E-06 1.06E-02
1.349E-02 5.729E-03 5.721E-03 7.662E-06 1.09E-02
1.334E-02 5.585E-03 5.577E-03 7.643E-06 1.11E-02
1.318E-02 5.444E-03 5.437E-03 7.624E-06 1.14E-02
1.303E-02 5.308E-03 5.301E-03 7.606E-06 1.17E-02
1.288E-02 5.177E-03 5.169E-03 7.590E-06 1.20E-02
1.274E-02 5.046E-03 5.039E-03 7.571E-06 1.22E-02
1.259E-02 4.918E-03 4.910E-03 7.551E-06 1.25E-02
1.245E-02 4.792E-03 4.784E-03 7.529E-06 1.28E-02
1.230E-02 4.674E-03 4.666E-03 7.513E-06 1.31E-02
1.216E-02 4.559E-03 4.552E-03 7.498E-06 1.34E-02
1.202E-02 4.445E-03 4.438E-03 7.479E-06 1.38E-02
1.189E-02 4.333E-03 4.325E-03 7.459E-06 1.41E-02
1.175E-02 4.222E-03 4.214E-03 7.435E-06 1.44E-02
1.161E-02 4.112E-03 4.105E-03 7.410E-06 1.48E-02
1.148E-02 4.005E-03 3.997E-03 7.383E-06 1.51E-02
1.135E-02 3.900E-03 3.892E-03 7.356E-06 1.55E-02
1.122E-02 3.798E-03 3.791E-03 7.329E-06 1.58E-02
1.109E-02 3.701E-03 3.694E-03 7.304E-06 1.62E-02
1.096E-02 3.605E-03 3.598E-03 7.277E-06 1.66E-02
1.084E-02 3.512E-03 3.504E-03 7.248E-06 1.70E-02
1.072E-02 3.420E-03 3.413E-03 7.220E-06 1.74E-02
1.059E-02 3.332E-03 3.325E-03 7.191E-06 1.78E-02
1.047E-02 3.246E-03 3.239E-03 7.163E-06 1.82E-02
1.035E-02 3.164E-03 3.157E-03 7.136E-06 1.86E-02
1.023E-02 3.083E-03 3.076E-03 7.107E-06 1.91E-02
1.012E-02 3.003E-03 2.996E-03 7.077E-06 1.95E-02
1.000E-02 2.924E-03 2.917E-03 7.045E-06 2.00E-02
9.886E-03 2.847E-03 2.840E-03 7.013E-06 2.05E-02
9.772E-03 2.773E-03 2.766E-03 6.981E-06 2.09E-02
9.661E-03 2.701E-03 2.694E-03 6.948E-06 2.14E-02
9.550E-03 2.631E-03 2.625E-03 6.917E-06 2.19E-02
9.441E-03 2.563E-03 2.556E-03 6.884E-06 2.25E-02
9.333E-03 2.496E-03 2.489E-03 6.849E-06 2.30E-02
9.226E-03 2.430E-03 2.423E-03 6.813E-06 2.35E-02
9.120E-03 2.366E-03 2.359E-03 6.776E-06 2.41E-02
9.016E-03 2.304E-03 2.297E-03 6.738E-06 2.47E-02
8.913E-03 2.244E-03 2.237E-03 6.701E-06 2.52E-02
8.810E-03 2.186E-03 2.179E-03 6.664E-06 2.58E-02
8.710E-03 2.128E-03 2.122E-03 6.624E-06 2.65E-02
8.610E-03 2.072E-03 2.065E-03 6.582E-06 2.71E-02
8.511E-03 2.017E-03 2.010E-03 6.539E-06 2.77E-02
8.414E-03 1.964E-03 1.957E-03 6.496E-06 2.84E-02
8.318E-03 1.912E-03 1.906E-03 6.453E-06 2.90E-02
8.222E-03 1.862E-03 1.856E-03 6.409E-06 2.97E-02
8.128E-03 1.813E-03 1.806E-03 6.363E-06 3.04E-02
8.035E-03 1.764E-03 1.758E-03 6.315E-06 3.12E-02
7.943E-03 1.717E-03 1.711E-03 6.266E-06 3.19E-02
7.852E-03 1.672E-03 1.665E-03 6.216E-06 3.26E-02
7.762E-03 1.628E-03 1.621E-03 6.166E-06 3.34E-02
7.674E-03 1.584E-03 1.578E-03 6.113E-06 3.42E-02
7.586E-03 1.541E-03 1.535E-03 6.058E-06 3.50E-02
7.499E-03 1.499E-03 1.493E-03 6.003E-06 3.58E-02
7.413E-03 1.459E-03 1.453E-03 5.948E-06 3.67E-02
7.328E-03 1.421E-03 1.415E-03 5.893E-06 3.76E-02
7.244E-03 1.383E-03 1.378E-03 5.835E-06 3.84E-02
7.161E-03 1.346E-03 1.341E-03 5.775E-06 3.94E-02
7.079E-03 1.311E-03 1.305E-03 5.715E-06 4.03E-02
6.998E-03 1.276E-03 1.270E-03 5.653E-06 4.12E-02
6.918E-03 1.241E-03 1.236E-03 5.589E-06 4.22E-02
6.839E-03 1.208E-03 1.203E-03 5.523E-06 4.32E-02
6.761E-03 1.176E-03 1.171E-03 5.455E-06 4.42E-02
6.683E-03 1.144E-03 1.139E-03 5.384E-06 4.53E-02
6.607E-03 1.113E-03 1.108E-03 5.310E-06 4.64E-02
6.531E-03 1.083E-03 1.078E-03 5.233E-06 4.75E-02
6.457E-03 1.054E-03 1.049E-03 5.158E-06 4.86E-02
6.383E-03 1.026E-03 1.021E-03 5.080E-06 4.97E-02
6.310E-03 9.977E-04 9.927E-04 4.997E-06 5.09E-02
6.237E-03 9.702E-04 9.653E-04 4.911E-06 5.21E-02
6.166E-03 9.442E-04 9.394E-04 4.827E-06 5.34E-02
6.095E-03 9.196E-04 9.149E-04 4.744E-06 5.46E-02
6.026E-03 8.952E-04 8.906E-04 4.654E-06 5.59E-02
5.957E-03 8.711E-04 8.665E-04 4.559E-06 5.73E-02
5.888E-03 8.473E-04 8.428E-04 4.458E-06 5.86E-02
5.821E-03 8.238E-04 8.195E-04 4.352E-06 6.00E-02
5.754E-03 8.008E-04 7.966E-04 4.240E-06 6.14E-02
5.689E-03 7.783E-04 7.742E-04 4.123E-06 6.29E-02
5.623E-03 7.566E-04 7.526E-04 4.004E-06 6.44E-02
5.559E-03 7.359E-04 7.320E-04 3.887E-06 6.59E-02
5.495E-03 7.155E-04 7.118E-04 3.762E-06 6.75E-02
5.433E-03 6.956E-04 6.920E-04 3.629E-06 6.91E-02
5.370E-03 6.763E-04 6.728E-04 3.488E-06 7.07E-02
5.309E-03 6.575E-04 6.541E-04 3.339E-06 7.24E-02
5.248E-03 6.394E-04 6.362E-04 3.183E-06 7.41E-02
5.188E-03 6.220E-04 6.190E-04 3.019E-06 7.59E-02
5.129E-03 6.050E-04 6.021E-04 2.926E-06 7.77E-02
5.070E-03 5.882E-04 5.854E-04 2.834E-06 7.96E-02
5.012E-03 5.717E-04 5.690E-04 2.687E-06 8.15E-02
4.955E-03 5.556E-04 5.531E-04 2.486E-06 8.34E-02
4.898E-03 5.400E-04 5.378E-04 2.233E-06 8.54E-02
4.842E-03 5.249E-04 5.229E-04 1.933E-06 8.74E-02
4.786E-03 5.104E-04 5.088E-04 1.596E-06 8.95E-02
4.732E-03 4.956E-04 4.945E-04 1.110E-06 9.17E-02
4.677E-03 4.808E-04 4.803E-04 5.891E-07 9.39E-02
4.624E-03 4.668E-04 4.666E-04 1.820E-07 1.05E-01
4.571E-03 4.533E-04 4.533E-04 2.118E-08 1.52E-01
4.519E-03 4.409E-04 4.406E-04 2.727E-07 1.01E-01
4.467E-03 4.298E-04 4.286E-04 1.152E-06 1.03E-01
4.416E-03 9.496E-03 9.487E-03 8.799E-06 1.06E-01
4.365E-03 9.308E-03 9.300E-03 7.905E-06 1.08E-01
4.315E-03 9.124E-03 9.117E-03 7.211E-06 1.11E-01
4.266E-03 8.941E-03 8.934E-03 7.117E-06 1.13E-01
4.217E-03 8.758E-03 8.750E-03 7.481E-06 1.16E-01
4.169E-03 8.575E-03 8.567E-03 8.153E-06 1.19E-01
4.121E-03 8.394E-03 8.386E-03 8.885E-06 1.22E-01
4.074E-03 8.215E-03 8.206E-03 9.347E-06 1.25E-01
4.027E-03 8.037E-03 8.027E-03 9.749E-06 1.28E-01
3.981E-03 7.860E-03 7.850E-03 1.004E-05 1.31E-01
3.935E-03 7.685E-03 7.675E-03 1.019E-05 1.34E-01
3.890E-03 7.511E-03 7.501E-03 1.014E-05 1.37E-01
3.846E-03 7.341E-03 7.331E-03 1.019E-05 1.40E-01
3.802E-03 7.173E-03 7.162E-03 1.035E-05 1.44E-01
3.758E-03 7.006E-03 6.996E-03 1.051E-05 1.47E-01
3.715E-03 6.842E-03 6.832E-03 1.063E-05 1.51E-01
3.673E-03 6.682E-03 6.671E-03 1.073E-05 1.54E-01
3.631E-03 6.524E-03 6.513E-03 1.081E-05 1.58E-01
3.589E-03 6.368E-03 6.357E-03 1.090E-05 1.62E-01
3.548E-03 6.215E-03 6.204E-03 1.098E-05 1.66E-01
3.508E-03 6.064E-03 6.053E-03 1.104E-05 1.69E-01
3.467E-03 5.916E-03 5.905E-03 1.109E-05 1.74E-01
3.428E-03 5.771E-03 5.760E-03 1.112E-05 1.78E-01
3.388E-03 5.628E-03 5.617E-03 1.116E-05 1.82E-01
3.350E-03 5.488E-03 5.477E-03 1.118E-05 1.86E-01
3.311E-03 5.350E-03 5.339E-03 1.119E-05 1.91E-01
3.273E-03 5.215E-03 5.204E-03 1.120E-05 1.95E-01
3.236E-03 5.085E-03 5.074E-03 1.119E-05 2.00E-01
3.199E-03 4.957E-03 4.946E-03 1.117E-05 2.05E-01
3.162E-03 4.829E-03 4.818E-03 1.115E-05 2.10E-01
3.126E-03 4.703E-03 4.692E-03 1.113E-05 2.15E-01
3.090E-03 4.582E-03 4.571E-03 1.110E-05 2.20E-01
3.055E-03 4.470E-03 4.459E-03 1.107E-05 2.25E-01
3.020E-03 4.358E-03 4.347E-03 1.103E-05 2.30E-01
2.985E-03 4.247E-03 4.236E-03 1.099E-05 2.36E-01
2.951E-03 4.136E-03 4.125E-03 1.093E-05 2.41E-01
2.917E-03 4.025E-03 4.014E-03 1.088E-05 2.47E-01
2.884E-03 3.916E-03 3.905E-03 1.082E-05 2.53E-01
2.851E-03 3.808E-03 3.797E-03 1.075E-05 2.59E-01
2.818E-03 3.701E-03 3.691E-03 1.068E-05 2.65E-01
2.786E-03 3.597E-03 3.586E-03 1.060E-05 2.71E-01
2.754E-03 3.494E-03 3.484E-03 1.052E-05 2.77E-01
2.723E-03 3.399E-03 3.388E-03 1.043E-05 2.84E-01
2.692E-03 3.305E-03 3.294E-03 1.033E-05 2.90E-01
2.661E-03 3.212E-03 3.202E-03 1.023E-05 2.97E-01
2.630E-03 3.121E-03 3.111E-03 1.013E-05 3.04E-01
2.600E-03 3.033E-03 3.023E-03 1.002E-05 3.11E-01
2.570E-03 2.947E-03 2.937E-03 9.911E-06 3.18E-01
2.541E-03 2.864E-03 2.854E-03 9.795E-06 3.25E-01
2.512E-03 2.784E-03 2.775E-03 9.675E-06 3.33E-01
2.483E-03 2.708E-03 2.699E-03 9.552E-06 3.40E-01
2.455E-03 2.632E-03 2.623E-03 9.433E-06 3.48E-01
2.427E-03 2.557E-03 2.547E-03 9.313E-06 3.56E-01
2.399E-03 2.483E-03 2.474E-03 9.190E-06 3.64E-01
2.371E-03 2.411E-03 2.402E-03 9.065E-06 3.72E-01
2.344E-03 2.341E-03 2.332E-03 8.939E-06 3.80E-01
2.317E-03 2.273E-03 2.264E-03 8.811E-06 3.88E-01
2.291E-03 2.207E-03 2.199E-03 8.683E-06 3.97E-01
2.265E-03 2.145E-03 2.136E-03 8.555E-06 4.05E-01
2.239E-03 2.084E-03 2.075E-03 8.427E-06 4.14E-01
2.213E-03 2.023E-03 2.014E-03 8.297E-06 4.23E-01
2.188E-03 1.963E-03 1.955E-03 8.165E-06 4.32E-01
2.163E-03 1.905E-03 1.897E-03 8.034E-06 4.41E-01
2.138E-03 1.848E-03 1.840E-03 7.901E-06 4.50E-01
2.113E-03 1.793E-03 1.786E-03 7.770E-06 4.59E-01
2.089E-03 1.741E-03 1.733E-03 7.639E-06 4.69E-01
2.065E-03 1.691E-03 1.683E-03 7.510E-06 4.78E-01
2.042E-03 1.640E-03 1.633E-03 7.381E-06 4.88E-01
2.018E-03 1.591E-03 1.584E-03 7.251E-06 4.97E-01
1.995E-03 1.543E-03 1.536E-03 7.122E-06 5.07E-01
1.972E-03 1.497E-03 1.490E-03 6.993E-06 5.16E-01
1.950E-03 1.452E-03 1.445E-03 6.866E-06 5.26E-01
1.928E-03 1.408E-03 1.402E-03 6.740E-06 5.35E-01
1.905E-03 1.367E-03 1.360E-03 6.617E-06 5.45E-01
1.884E-03 1.325E-03 1.319E-03 6.494E-06 5.55E-01
1.862E-03 1.285E-03 1.279E-03 6.370E-06 5.64E-01
1.841E-03 1.246E-03 1.239E-03 6.248E-06 5.74E-01
1.820E-03 1.207E-03 1.201E-03 6.127E-06 5.83E-01
1.799E-03 1.170E-03 1.164E-03 6.008E-06 5.93E-01
1.778E-03 1.135E-03 1.129E-03 5.891E-06 6.02E-01
1.758E-03 1.101E-03 1.095E-03 5.776E-06 6.11E-01
1.738E-03 1.067E-03 1.061E-03 5.662E-06 6.20E-01
1.718E-03 1.034E-03 1.028E-03 5.549E-06 6.29E-01
1.698E-03 1.002E-03 9.963E-04 5.439E-06 6.38E-01
1.679E-03 9.709E-04 9.655E-04 5.330E-06 6.47E-01
1.660E-03 9.412E-04 9.360E-04 5.224E-06 6.55E-01
1.641E-03 9.123E-04 9.072E-04 5.121E-06 6.63E-01
1.622E-03 8.839E-04 8.789E-04 5.019E-06 6.71E-01
1.603E-03 8.563E-04 8.514E-04 4.920E-06 6.79E-01
1.585E-03 8.295E-04 8.247E-04 4.822E-06 6.87E-01
1.567E-03 8.036E-04 7.989E-04 4.726E-06 6.94E-01
1.549E-03 7.788E-04 7.742E-04 4.634E-06 7.01E-01
1.531E-03 7.545E-04 7.500E-04 4.542E-06 7.08E-01
1.514E-03 7.308E-04 7.264E-04 4.452E-06 7.14E-01
1.496E-03 7.078E-04 7.035E-04 4.364E-06 7.20E-01
1.479E-03 6.856E-04 6.813E-04 4.278E-06 7.26E-01
1.462E-03 6.642E-04 6.600E-04 4.194E-06 7.32E-01
1.445E-03 6.434E-04 6.392E-04 4.112E-06 7.37E-01
1.429E-03 6.230E-04 6.189E-04 4.032E-06 7.42E-01
1.413E-03 6.031E-04 5.992E-04 3.954E-06 7.47E-01
1.396E-03 5.840E-04 5.801E-04 3.878E-06 7.51E-01
1.380E-03 5.656E-04 5.618E-04 3.803E-06 7.56E-01
1.365E-03 5.477E-04 5.440E-04 3.731E-06 7.60E-01
1.349E-03 5.303E-04 5.266E-04 3.659E-06 7.63E-01
1.334E-03 5.134E-04 5.098E-04 3.588E-06 7.67E-01
1.318E-03 4.971E-04 4.936E-04 3.519E-06 7.70E-01
1.303E-03 4.815E-04 4.780E-04 3.452E-06 7.73E-01
1.288E-03 4.665E-04 4.631E-04 3.387E-06 7.76E-01
1.274E-03 4.517E-04 4.484E-04 3.322E-06 7.79E-01
1.259E-03 4.372E-04 4.339E-04 3.257E-06 7.82E-01
1.245E-03 4.229E-04 4.198E-04 3.193E-06 7.84E-01
1.230E-03 4.098E-04 4.067E-04 3.133E-06 7.87E-01
1.216E-03 3.972E-04 3.941E-04 3.075E-06 7.89E-01
1.202E-03 3.847E-04 3.817E-04 3.017E-06 7.92E-01
1.189E-03 3.724E-04 3.695E-04 2.959E-06 7.94E-01
1.175E-03 3.604E-04 3.575E-04 2.901E-06 7.96E-01
1.161E-03 3.485E-04 3.457E-04 2.843E-06 7.99E-01
1.148E-03 3.370E-04 3.342E-04 2.785E-06 8.01E-01
1.135E-03 3.257E-04 3.230E-04 2.729E-06 8.04E-01
1.122E-03 3.150E-04 3.123E-04 2.674E-06 8.06E-01
1.109E-03 3.048E-04 3.022E-04 2.620E-06 8.09E-01
1.096E-03 2.948E-04 2.923E-04 2.566E-06 8.12E-01
1.084E-03 2.852E-04 2.826E-04 2.513E-06 8.15E-01
1.072E-03 2.758E-04 2.733E-04 2.460E-06 8.18E-01
1.059E-03 2.668E-04 2.644E-04 2.409E-06 8.21E-01
1.047E-03 2.582E-04 2.558E-04 2.358E-06 8.24E-01
1.035E-03 2.500E-04 2.477E-04 2.310E-06 8.27E-01
1.023E-03 2.420E-04 2.397E-04 2.261E-06 8.31E-01
1.012E-03 2.341E-04 2.319E-04 2.212E-06 8.34E-01
