w(micron)   Q_ext     Q_abs     Q_sca    g=<cos>
1.000E+03 2.503E-09 2.503E-09 2.604E-22 0.00E+00
9.886E+02 2.560E-09 2.560E-09 2.727E-22 0.00E+00
9.772E+02 2.619E-09 2.619E-09 2.855E-22 0.00E+00
9.661E+02 2.678E-09 2.678E-09 2.990E-22 0.00E+00
9.550E+02 2.739E-09 2.739E-09 3.130E-22 0.00E+00
9.441E+02 2.802E-09 2.802E-09 3.278E-22 0.00E+00
9.333E+02 2.866E-09 2.866E-09 3.432E-22 0.00E+00
9.226E+02 2.931E-09 2.931E-09 3.594E-22 0.00E+00
9.120E+02 2.998E-09 2.998E-09 3.763E-22 0.00E+00
9.016E+02 3.067E-09 3.067E-09 3.940E-22 0.00E+00
8.913E+02 3.137E-09 3.137E-09 4.126E-22 0.00E+00
8.810E+02 3.209E-09 3.209E-09 4.320E-22 0.00E+00
8.710E+02 3.282E-09 3.282E-09 4.524E-22 0.00E+00
8.610E+02 3.357E-09 3.357E-09 4.737E-22 0.00E+00
8.511E+02 3.434E-09 3.434E-09 4.960E-22 0.00E+00
8.414E+02 3.512E-09 3.512E-09 5.193E-22 0.00E+00
8.318E+02 3.593E-09 3.593E-09 5.438E-22 0.00E+00
8.222E+02 3.675E-09 3.675E-09 5.694E-22 0.00E+00
8.128E+02 3.759E-09 3.759E-09 5.962E-22 0.00E+00
8.035E+02 3.845E-09 3.845E-09 6.243E-22 0.00E+00
7.943E+02 3.934E-09 3.934E-09 6.536E-22 0.00E+00
7.852E+02 4.024E-09 4.024E-09 6.844E-22 0.00E+00
7.762E+02 4.116E-09 4.116E-09 7.166E-22 0.00E+00
7.674E+02 4.210E-09 4.210E-09 7.504E-22 0.00E+00
7.586E+02 4.307E-09 4.307E-09 7.857E-22 0.00E+00
7.499E+02 4.406E-09 4.406E-09 8.227E-22 0.00E+00
7.413E+02 4.507E-09 4.507E-09 8.614E-22 0.00E+00
7.328E+02 4.610E-09 4.610E-09 9.020E-22 0.00E+00
7.244E+02 4.716E-09 4.716E-09 9.444E-22 0.00E+00
7.161E+02 4.824E-09 4.824E-09 9.889E-22 0.00E+00
7.079E+02 4.935E-09 4.935E-09 1.035E-21 0.00E+00
6.998E+02 5.048E-09 5.048E-09 1.084E-21 0.00E+00
6.918E+02 5.164E-09 5.164E-09 1.135E-21 0.00E+00
6.839E+02 5.282E-09 5.282E-09 1.189E-21 0.00E+00
6.761E+02 5.404E-09 5.404E-09 1.245E-21 0.00E+00
6.683E+02 5.528E-09 5.528E-09 1.303E-21 0.00E+00
6.607E+02 5.655E-09 5.655E-09 1.365E-21 0.00E+00
6.531E+02 5.784E-09 5.784E-09 1.429E-21 0.00E+00
6.457E+02 5.917E-09 5.917E-09 1.496E-21 0.00E+00
6.383E+02 6.053E-09 6.053E-09 1.566E-21 0.00E+00
6.310E+02 6.192E-09 6.192E-09 1.640E-21 0.00E+00
6.237E+02 6.334E-09 6.334E-09 1.717E-21 0.00E+00
6.166E+02 6.480E-09 6.480E-09 1.798E-21 0.00E+00
6.095E+02 6.629E-09 6.629E-09 1.883E-21 0.00E+00
6.026E+02 6.781E-09 6.781E-09 1.971E-21 0.00E+00
5.957E+02 6.937E-09 6.937E-09 2.064E-21 0.00E+00
5.888E+02 7.096E-09 7.096E-09 2.161E-21 0.00E+00
5.821E+02 7.259E-09 7.259E-09 2.263E-21 0.00E+00
5.754E+02 7.426E-09 7.426E-09 2.369E-21 0.00E+00
5.689E+02 7.597E-09 7.597E-09 2.481E-21 0.00E+00
5.623E+02 7.771E-09 7.771E-09 2.597E-21 0.00E+00
5.559E+02 7.950E-09 7.950E-09 2.720E-21 0.00E+00
5.495E+02 8.132E-09 8.132E-09 2.847E-21 0.00E+00
5.433E+02 8.319E-09 8.319E-09 2.981E-21 0.00E+00
5.370E+02 8.510E-09 8.510E-09 3.122E-21 0.00E+00
5.309E+02 8.706E-09 8.706E-09 3.268E-21 0.00E+00
5.248E+02 8.906E-09 8.906E-09 3.422E-21 0.00E+00
5.188E+02 9.110E-09 9.110E-09 3.583E-21 0.00E+00
5.129E+02 9.319E-09 9.319E-09 3.752E-21 0.00E+00
5.070E+02 9.533E-09 9.533E-09 3.928E-21 0.00E+00
5.012E+02 9.752E-09 9.752E-09 4.113E-21 0.00E+00
4.955E+02 9.976E-09 9.976E-09 4.306E-21 0.00E+00
4.898E+02 1.021E-08 1.021E-08 4.508E-21 0.00E+00
4.842E+02 1.044E-08 1.044E-08 4.720E-21 0.00E+00
4.786E+02 1.068E-08 1.068E-08 4.942E-21 0.00E+00
4.732E+02 1.092E-08 1.092E-08 5.175E-21 0.00E+00
4.677E+02 1.117E-08 1.117E-08 5.418E-21 0.00E+00
4.624E+02 1.143E-08 1.143E-08 5.673E-21 0.00E+00
4.571E+02 1.169E-08 1.169E-08 5.939E-21 0.00E+00
4.519E+02 1.196E-08 1.196E-08 6.218E-21 0.00E+00
4.467E+02 1.224E-08 1.224E-08 6.510E-21 0.00E+00
4.416E+02 1.252E-08 1.252E-08 6.816E-21 0.00E+00
4.365E+02 1.280E-08 1.280E-08 7.137E-21 0.00E+00
4.315E+02 1.310E-08 1.310E-08 7.472E-21 0.00E+00
4.266E+02 1.340E-08 1.340E-08 7.823E-21 0.00E+00
4.217E+02 1.370E-08 1.370E-08 8.191E-21 0.00E+00
4.169E+02 1.402E-08 1.402E-08 8.575E-21 0.00E+00
4.121E+02 1.434E-08 1.434E-08 8.978E-21 0.00E+00
4.074E+02 1.467E-08 1.467E-08 9.400E-21 0.00E+00
4.027E+02 1.500E-08 1.500E-08 9.841E-21 0.00E+00
3.981E+02 1.535E-08 1.535E-08 1.030E-20 0.00E+00
3.936E+02 1.570E-08 1.570E-08 1.079E-20 0.00E+00
3.890E+02 1.606E-08 1.606E-08 1.129E-20 0.00E+00
3.846E+02 1.642E-08 1.642E-08 1.182E-20 0.00E+00
3.802E+02 1.680E-08 1.680E-08 1.238E-20 0.00E+00
3.758E+02 1.718E-08 1.718E-08 1.296E-20 0.00E+00
3.715E+02 1.758E-08 1.758E-08 1.357E-20 0.00E+00
3.673E+02 1.798E-08 1.798E-08 1.420E-20 0.00E+00
3.631E+02 1.839E-08 1.839E-08 1.487E-20 0.00E+00
3.589E+02 1.881E-08 1.881E-08 1.557E-20 0.00E+00
3.548E+02 1.924E-08 1.924E-08 1.630E-20 0.00E+00
3.508E+02 1.968E-08 1.968E-08 1.706E-20 0.00E+00
3.467E+02 2.013E-08 2.013E-08 1.786E-20 0.00E+00
3.428E+02 2.058E-08 2.058E-08 1.870E-20 0.00E+00
3.388E+02 2.105E-08 2.105E-08 1.958E-20 0.00E+00
3.350E+02 2.153E-08 2.153E-08 2.050E-20 0.00E+00
3.311E+02 2.202E-08 2.202E-08 2.146E-20 0.00E+00
3.273E+02 2.253E-08 2.253E-08 2.247E-20 0.00E+00
3.236E+02 2.304E-08 2.304E-08 2.352E-20 0.00E+00
3.199E+02 2.356E-08 2.356E-08 2.462E-20 0.00E+00
3.162E+02 2.410E-08 2.410E-08 2.577E-20 0.00E+00
3.126E+02 2.465E-08 2.465E-08 2.698E-20 0.00E+00
3.090E+02 2.521E-08 2.521E-08 2.825E-20 0.00E+00
3.055E+02 2.578E-08 2.578E-08 2.957E-20 0.00E+00
3.020E+02 2.636E-08 2.636E-08 3.096E-20 0.00E+00
2.985E+02 2.696E-08 2.696E-08 3.241E-20 0.00E+00
2.951E+02 2.757E-08 2.757E-08 3.392E-20 0.00E+00
2.917E+02 2.820E-08 2.820E-08 3.551E-20 0.00E+00
2.884E+02 2.884E-08 2.884E-08 3.717E-20 0.00E+00
2.851E+02 2.949E-08 2.949E-08 3.891E-20 0.00E+00
2.818E+02 3.016E-08 3.016E-08 4.074E-20 0.00E+00
2.786E+02 3.084E-08 3.084E-08 4.264E-20 0.00E+00
2.754E+02 3.154E-08 3.154E-08 4.464E-20 0.00E+00
2.723E+02 3.225E-08 3.225E-08 4.673E-20 0.00E+00
2.692E+02 3.298E-08 3.298E-08 4.891E-20 0.00E+00
2.661E+02 3.372E-08 3.372E-08 5.120E-20 0.00E+00
2.630E+02 3.448E-08 3.448E-08 5.359E-20 0.00E+00
2.600E+02 3.526E-08 3.526E-08 5.610E-20 0.00E+00
2.570E+02 3.605E-08 3.605E-08 5.872E-20 0.00E+00
2.541E+02 3.687E-08 3.687E-08 6.147E-20 0.00E+00
2.512E+02 3.770E-08 3.770E-08 6.434E-20 0.00E+00
2.483E+02 3.854E-08 3.854E-08 6.735E-20 0.00E+00
2.455E+02 3.941E-08 3.941E-08 7.049E-20 0.00E+00
2.427E+02 4.029E-08 4.029E-08 7.378E-20 0.00E+00
2.399E+02 4.120E-08 4.120E-08 7.723E-20 0.00E+00
2.371E+02 4.212E-08 4.212E-08 8.084E-20 0.00E+00
2.344E+02 4.306E-08 4.306E-08 8.461E-20 0.00E+00
2.317E+02 4.403E-08 4.403E-08 8.856E-20 0.00E+00
2.291E+02 4.501E-08 4.501E-08 9.269E-20 0.00E+00
2.265E+02 4.602E-08 4.602E-08 9.701E-20 0.00E+00
2.239E+02 4.705E-08 4.705E-08 1.015E-19 0.00E+00
2.213E+02 4.810E-08 4.810E-08 1.063E-19 0.00E+00
2.188E+02 4.917E-08 4.917E-08 1.112E-19 0.00E+00
2.163E+02 5.027E-08 5.027E-08 1.164E-19 0.00E+00
2.138E+02 5.138E-08 5.138E-08 1.218E-19 0.00E+00
2.113E+02 5.253E-08 5.253E-08 1.275E-19 0.00E+00
2.089E+02 5.369E-08 5.369E-08 1.335E-19 0.00E+00
2.065E+02 5.489E-08 5.489E-08 1.397E-19 0.00E+00
2.042E+02 5.610E-08 5.610E-08 1.462E-19 0.00E+00
2.018E+02 5.735E-08 5.735E-08 1.530E-19 0.00E+00
1.995E+02 5.862E-08 5.862E-08 1.601E-19 0.00E+00
1.972E+02 5.992E-08 5.992E-08 1.675E-19 0.00E+00
1.950E+02 6.124E-08 6.124E-08 1.753E-19 0.00E+00
1.928E+02 6.259E-08 6.259E-08 1.835E-19 0.00E+00
1.905E+02 6.397E-08 6.397E-08 1.920E-19 0.00E+00
1.884E+02 6.539E-08 6.539E-08 2.010E-19 0.00E+00
1.862E+02 6.683E-08 6.683E-08 2.103E-19 0.00E+00
1.841E+02 6.830E-08 6.830E-08 2.201E-19 0.00E+00
1.820E+02 6.980E-08 6.980E-08 2.303E-19 0.00E+00
1.799E+02 7.133E-08 7.133E-08 2.410E-19 0.00E+00
1.778E+02 7.290E-08 7.290E-08 2.522E-19 0.00E+00
1.758E+02 7.450E-08 7.450E-08 2.639E-19 0.00E+00
1.738E+02 7.613E-08 7.613E-08 2.761E-19 0.00E+00
1.718E+02 7.779E-08 7.779E-08 2.889E-19 0.00E+00
1.698E+02 7.949E-08 7.949E-08 3.023E-19 0.00E+00
1.679E+02 8.122E-08 8.122E-08 3.163E-19 0.00E+00
1.660E+02 8.300E-08 8.300E-08 3.310E-19 0.00E+00
1.641E+02 8.480E-08 8.480E-08 3.463E-19 0.00E+00
1.622E+02 8.665E-08 8.665E-08 3.624E-19 0.00E+00
1.603E+02 8.853E-08 8.853E-08 3.792E-19 0.00E+00
1.585E+02 9.045E-08 9.045E-08 3.967E-19 0.00E+00
1.567E+02 9.241E-08 9.241E-08 4.151E-19 0.00E+00
1.549E+02 9.441E-08 9.441E-08 4.343E-19 0.00E+00
1.531E+02 9.645E-08 9.645E-08 4.543E-19 0.00E+00
1.514E+02 9.854E-08 9.854E-08 4.754E-19 0.00E+00
1.496E+02 1.007E-07 1.007E-07 4.973E-19 0.00E+00
1.479E+02 1.028E-07 1.028E-07 5.203E-19 0.00E+00
1.462E+02 1.050E-07 1.050E-07 5.443E-19 0.00E+00
1.445E+02 1.073E-07 1.073E-07 5.695E-19 0.00E+00
1.429E+02 1.096E-07 1.096E-07 5.957E-19 0.00E+00
1.413E+02 1.120E-07 1.120E-07 6.232E-19 0.00E+00
1.396E+02 1.144E-07 1.144E-07 6.520E-19 0.00E+00
1.380E+02 1.168E-07 1.168E-07 6.820E-19 0.00E+00
1.365E+02 1.193E-07 1.193E-07 7.135E-19 0.00E+00
1.349E+02 1.219E-07 1.219E-07 7.464E-19 0.00E+00
1.334E+02 1.245E-07 1.245E-07 7.807E-19 0.00E+00
1.318E+02 1.271E-07 1.271E-07 8.167E-19 0.00E+00
1.303E+02 1.298E-07 1.298E-07 8.543E-19 0.00E+00
1.288E+02 1.326E-07 1.326E-07 8.936E-19 0.00E+00
1.274E+02 1.354E-07 1.354E-07 9.347E-19 0.00E+00
1.259E+02 1.383E-07 1.383E-07 9.777E-19 0.00E+00
1.245E+02 1.412E-07 1.412E-07 1.023E-18 0.00E+00
1.230E+02 1.442E-07 1.442E-07 1.070E-18 0.00E+00
1.216E+02 1.472E-07 1.472E-07 1.119E-18 0.00E+00
1.202E+02 1.504E-07 1.504E-07 1.170E-18 0.00E+00
1.189E+02 1.535E-07 1.535E-07 1.224E-18 0.00E+00
1.175E+02 1.568E-07 1.568E-07 1.280E-18 0.00E+00
1.161E+02 1.601E-07 1.601E-07 1.339E-18 0.00E+00
1.148E+02 1.634E-07 1.634E-07 1.400E-18 0.00E+00
1.135E+02 1.669E-07 1.669E-07 1.464E-18 0.00E+00
1.122E+02 1.704E-07 1.704E-07 1.531E-18 0.00E+00
1.109E+02 1.740E-07 1.740E-07 1.601E-18 0.00E+00
1.096E+02 1.776E-07 1.776E-07 1.675E-18 0.00E+00
1.084E+02 1.813E-07 1.813E-07 1.751E-18 0.00E+00
1.072E+02 1.851E-07 1.851E-07 1.831E-18 0.00E+00
1.059E+02 1.890E-07 1.890E-07 1.915E-18 0.00E+00
1.047E+02 1.930E-07 1.930E-07 2.003E-18 0.00E+00
1.035E+02 1.970E-07 1.970E-07 2.094E-18 0.00E+00
1.023E+02 2.011E-07 2.011E-07 2.190E-18 0.00E+00
1.012E+02 2.053E-07 2.053E-07 2.290E-18 0.00E+00
1.000E+02 2.096E-07 2.096E-07 2.394E-18 0.00E+00
9.886E+01 2.140E-07 2.140E-07 2.503E-18 0.00E+00
9.772E+01 2.185E-07 2.185E-07 2.618E-18 0.00E+00
9.661E+01 2.230E-07 2.230E-07 2.737E-18 0.00E+00
9.550E+01 2.277E-07 2.277E-07 2.862E-18 0.00E+00
9.441E+01 2.324E-07 2.324E-07 2.992E-18 0.00E+00
9.333E+01 2.372E-07 2.372E-07 3.128E-18 0.00E+00
9.226E+01 2.422E-07 2.422E-07 3.271E-18 0.00E+00
9.120E+01 2.472E-07 2.472E-07 3.419E-18 0.00E+00
9.016E+01 2.523E-07 2.523E-07 3.575E-18 0.00E+00
8.913E+01 2.576E-07 2.576E-07 3.737E-18 0.00E+00
8.810E+01 2.630E-07 2.630E-07 3.907E-18 0.00E+00
8.710E+01 2.684E-07 2.684E-07 4.085E-18 0.00E+00
8.610E+01 2.740E-07 2.740E-07 4.271E-18 0.00E+00
8.511E+01 2.797E-07 2.797E-07 4.465E-18 0.00E+00
8.414E+01 2.856E-07 2.856E-07 4.668E-18 0.00E+00
8.318E+01 2.915E-07 2.915E-07 4.879E-18 0.00E+00
8.222E+01 2.976E-07 2.976E-07 5.101E-18 0.00E+00
8.128E+01 3.038E-07 3.038E-07 5.332E-18 0.00E+00
8.035E+01 3.102E-07 3.102E-07 5.574E-18 0.00E+00
7.943E+01 3.167E-07 3.167E-07 5.827E-18 0.00E+00
7.852E+01 3.234E-07 3.234E-07 6.092E-18 0.00E+00
7.762E+01 3.302E-07 3.302E-07 6.368E-18 0.00E+00
7.674E+01 3.371E-07 3.371E-07 6.656E-18 0.00E+00
7.586E+01 3.443E-07 3.443E-07 6.958E-18 0.00E+00
7.499E+01 3.515E-07 3.515E-07 7.273E-18 0.00E+00
7.413E+01 3.590E-07 3.590E-07 7.603E-18 0.00E+00
7.328E+01 3.666E-07 3.666E-07 7.947E-18 0.00E+00
7.244E+01 3.744E-07 3.744E-07 8.307E-18 0.00E+00
7.161E+01 3.824E-07 3.824E-07 8.684E-18 0.00E+00
7.079E+01 3.906E-07 3.906E-07 9.077E-18 0.00E+00
6.998E+01 3.990E-07 3.990E-07 9.488E-18 0.00E+00
6.918E+01 4.076E-07 4.076E-07 9.917E-18 0.00E+00
6.839E+01 4.164E-07 4.164E-07 1.037E-17 0.00E+00
6.761E+01 4.255E-07 4.255E-07 1.084E-17 0.00E+00
6.683E+01 4.347E-07 4.347E-07 1.133E-17 0.00E+00
6.607E+01 4.442E-07 4.442E-07 1.184E-17 0.00E+00
6.531E+01 4.540E-07 4.540E-07 1.237E-17 0.00E+00
6.457E+01 4.640E-07 4.640E-07 1.293E-17 0.00E+00
6.383E+01 4.743E-07 4.743E-07 1.352E-17 0.00E+00
6.310E+01 4.849E-07 4.849E-07 1.413E-17 0.00E+00
6.237E+01 4.957E-07 4.957E-07 1.477E-17 0.00E+00
6.166E+01 5.068E-07 5.068E-07 1.544E-17 0.00E+00
6.095E+01 5.183E-07 5.183E-07 1.614E-17 0.00E+00
6.026E+01 5.301E-07 5.301E-07 1.687E-17 0.00E+00
5.957E+01 5.422E-07 5.422E-07 1.763E-17 0.00E+00
5.888E+01 5.547E-07 5.547E-07 1.843E-17 0.00E+00
5.821E+01 5.675E-07 5.675E-07 1.927E-17 0.00E+00
5.754E+01 5.807E-07 5.807E-07 2.014E-17 0.00E+00
5.689E+01 5.944E-07 5.944E-07 2.105E-17 0.00E+00
5.623E+01 6.084E-07 6.084E-07 2.201E-17 0.00E+00
5.559E+01 6.229E-07 6.229E-07 2.300E-17 0.00E+00
5.495E+01 6.378E-07 6.378E-07 2.404E-17 0.00E+00
5.433E+01 6.532E-07 6.532E-07 2.513E-17 0.00E+00
5.370E+01 6.690E-07 6.690E-07 2.627E-17 0.00E+00
5.309E+01 6.854E-07 6.854E-07 2.747E-17 0.00E+00
5.248E+01 7.023E-07 7.023E-07 2.871E-17 0.00E+00
5.188E+01 7.198E-07 7.198E-07 3.001E-17 0.00E+00
5.129E+01 7.378E-07 7.378E-07 3.138E-17 0.00E+00
5.070E+01 7.565E-07 7.565E-07 3.280E-17 0.00E+00
5.012E+01 7.758E-07 7.758E-07 3.429E-17 0.00E+00
4.955E+01 7.958E-07 7.958E-07 3.585E-17 0.00E+00
4.898E+01 8.164E-07 8.164E-07 3.748E-17 0.00E+00
4.842E+01 8.378E-07 8.378E-07 3.918E-17 0.00E+00
4.786E+01 8.600E-07 8.600E-07 4.096E-17 0.00E+00
4.732E+01 8.829E-07 8.829E-07 4.282E-17 0.00E+00
4.677E+01 9.067E-07 9.067E-07 4.477E-17 0.00E+00
4.624E+01 9.313E-07 9.313E-07 4.681E-17 0.00E+00
4.571E+01 9.568E-07 9.568E-07 4.894E-17 0.00E+00
4.519E+01 9.832E-07 9.832E-07 5.117E-17 0.00E+00
4.467E+01 1.011E-06 1.011E-06 5.350E-17 0.00E+00
4.416E+01 1.039E-06 1.039E-06 5.594E-17 0.00E+00
4.365E+01 1.069E-06 1.069E-06 5.849E-17 0.00E+00
4.315E+01 1.099E-06 1.099E-06 6.115E-17 0.00E+00
4.266E+01 1.131E-06 1.131E-06 6.394E-17 0.00E+00
4.217E+01 1.164E-06 1.164E-06 6.686E-17 0.00E+00
4.169E+01 1.198E-06 1.198E-06 6.991E-17 0.00E+00
4.121E+01 1.233E-06 1.233E-06 7.310E-17 0.00E+00
4.074E+01 1.270E-06 1.270E-06 7.644E-17 0.00E+00
4.027E+01 1.308E-06 1.308E-06 7.993E-17 0.00E+00
3.981E+01 1.348E-06 1.348E-06 8.358E-17 0.00E+00
3.936E+01 1.389E-06 1.389E-06 8.741E-17 0.00E+00
3.890E+01 1.431E-06 1.431E-06 9.141E-17 0.00E+00
3.846E+01 1.475E-06 1.475E-06 9.559E-17 0.00E+00
3.802E+01 1.521E-06 1.521E-06 9.997E-17 0.00E+00
3.758E+01 1.568E-06 1.568E-06 1.045E-16 0.00E+00
3.715E+01 1.617E-06 1.617E-06 1.093E-16 0.00E+00
3.673E+01 1.668E-06 1.668E-06 1.144E-16 0.00E+00
3.631E+01 1.720E-06 1.720E-06 1.196E-16 0.00E+00
3.589E+01 1.774E-06 1.774E-06 1.251E-16 0.00E+00
3.548E+01 1.829E-06 1.829E-06 1.308E-16 0.00E+00
3.508E+01 1.887E-06 1.887E-06 1.369E-16 0.00E+00
3.467E+01 1.946E-06 1.946E-06 1.431E-16 0.00E+00
3.428E+01 2.006E-06 2.006E-06 1.497E-16 0.00E+00
3.388E+01 2.068E-06 2.068E-06 1.566E-16 0.00E+00
3.350E+01 2.131E-06 2.131E-06 1.638E-16 0.00E+00
3.311E+01 2.196E-06 2.196E-06 1.714E-16 0.00E+00
3.273E+01 2.262E-06 2.262E-06 1.793E-16 0.00E+00
3.236E+01 2.329E-06 2.329E-06 1.875E-16 0.00E+00
3.199E+01 2.396E-06 2.396E-06 1.962E-16 0.00E+00
3.162E+01 2.465E-06 2.465E-06 2.052E-16 0.00E+00
3.126E+01 2.534E-06 2.534E-06 2.147E-16 0.00E+00
3.090E+01 2.603E-06 2.603E-06 2.246E-16 0.00E+00
3.055E+01 2.672E-06 2.672E-06 2.350E-16 0.00E+00
3.020E+01 2.741E-06 2.741E-06 2.459E-16 0.00E+00
2.985E+01 2.810E-06 2.810E-06 2.573E-16 0.00E+00
2.951E+01 2.877E-06 2.877E-06 2.692E-16 0.00E+00
2.917E+01 2.944E-06 2.944E-06 2.816E-16 0.00E+00
2.884E+01 3.009E-06 3.009E-06 2.947E-16 0.00E+00
2.851E+01 3.074E-06 3.074E-06 3.083E-16 0.00E+00
2.818E+01 3.136E-06 3.136E-06 3.226E-16 0.00E+00
2.786E+01 3.198E-06 3.198E-06 3.375E-16 0.00E+00
2.754E+01 3.259E-06 3.259E-06 3.532E-16 0.00E+00
2.723E+01 3.319E-06 3.319E-06 3.696E-16 0.00E+00
2.692E+01 3.380E-06 3.380E-06 3.867E-16 0.00E+00
2.661E+01 3.443E-06 3.443E-06 4.046E-16 0.00E+00
2.630E+01 3.509E-06 3.509E-06 4.234E-16 0.00E+00
2.600E+01 3.583E-06 3.583E-06 4.431E-16 0.00E+00
2.570E+01 3.668E-06 3.668E-06 4.636E-16 0.00E+00
2.541E+01 3.772E-06 3.772E-06 4.852E-16 0.00E+00
2.512E+01 3.907E-06 3.907E-06 5.077E-16 0.00E+00
2.483E+01 4.091E-06 4.091E-06 5.313E-16 0.00E+00
2.455E+01 4.358E-06 4.358E-06 5.559E-16 0.00E+00
2.427E+01 4.772E-06 4.772E-06 5.817E-16 0.00E+00
2.399E+01 5.456E-06 5.456E-06 6.087E-16 0.00E+00
2.371E+01 6.642E-06 6.642E-06 6.370E-16 0.00E+00
2.344E+01 8.596E-06 8.596E-06 6.666E-16 0.00E+00
2.317E+01 1.059E-05 1.059E-05 6.976E-16 0.00E+00
2.291E+01 1.029E-05 1.029E-05 7.300E-16 0.00E+00
2.265E+01 8.788E-06 8.788E-06 7.640E-16 0.00E+00
2.239E+01 8.187E-06 8.187E-06 7.996E-16 0.00E+00
2.213E+01 8.881E-06 8.881E-06 8.369E-16 0.00E+00
2.188E+01 1.132E-05 1.132E-05 8.758E-16 0.00E+00
2.163E+01 1.690E-05 1.690E-05 9.165E-16 0.00E+00
2.138E+01 2.683E-05 2.683E-05 9.593E-16 0.00E+00
2.113E+01 3.059E-05 3.059E-05 1.004E-15 0.00E+00
2.089E+01 2.075E-05 2.075E-05 1.051E-15 0.00E+00
2.065E+01 1.266E-05 1.266E-05 1.100E-15 0.00E+00
2.042E+01 8.541E-06 8.541E-06 1.151E-15 0.00E+00
2.018E+01 6.424E-06 6.424E-06 1.205E-15 0.00E+00
1.995E+01 5.257E-06 5.257E-06 1.261E-15 0.00E+00
1.972E+01 4.588E-06 4.588E-06 1.320E-15 0.00E+00
1.950E+01 4.226E-06 4.226E-06 1.381E-15 0.00E+00
1.928E+01 4.112E-06 4.112E-06 1.446E-15 0.00E+00
1.905E+01 4.299E-06 4.299E-06 1.513E-15 0.00E+00
1.884E+01 5.072E-06 5.072E-06 1.584E-15 0.00E+00
1.862E+01 7.593E-06 7.593E-06 1.658E-15 0.00E+00
1.841E+01 1.769E-05 1.769E-05 1.735E-15 0.00E+00
1.820E+01 2.838E-05 2.838E-05 1.816E-15 0.00E+00
1.799E+01 1.061E-05 1.061E-05 1.901E-15 0.00E+00
1.778E+01 5.568E-06 5.568E-06 1.990E-15 0.00E+00
1.758E+01 4.022E-06 4.022E-06 2.083E-15 0.00E+00
1.738E+01 3.423E-06 3.423E-06 2.180E-15 0.00E+00
1.718E+01 3.229E-06 3.229E-06 2.282E-15 0.00E+00
1.698E+01 3.371E-06 3.371E-06 2.389E-15 0.00E+00
1.679E+01 4.215E-06 4.215E-06 2.501E-15 0.00E+00
1.660E+01 8.603E-06 8.603E-06 2.618E-15 0.00E+00
1.641E+01 4.563E-05 4.563E-05 2.740E-15 0.00E+00
1.622E+01 9.203E-06 9.203E-06 2.869E-15 0.00E+00
1.603E+01 4.106E-06 4.106E-06 3.003E-15 0.00E+00
1.585E+01 3.039E-06 3.039E-06 3.144E-15 0.00E+00
1.567E+01 2.666E-06 2.666E-06 3.291E-15 0.00E+00
1.549E+01 2.511E-06 2.511E-06 3.445E-15 0.00E+00
1.531E+01 2.452E-06 2.452E-06 3.607E-15 0.00E+00
1.514E+01 2.447E-06 2.447E-06 3.776E-15 0.00E+00
1.496E+01 2.483E-06 2.483E-06 3.954E-15 0.00E+00
1.479E+01 2.554E-06 2.554E-06 4.139E-15 0.00E+00
1.462E+01 2.661E-06 2.661E-06 4.334E-15 0.00E+00
1.445E+01 2.811E-06 2.811E-06 4.537E-15 0.00E+00
1.429E+01 3.013E-06 3.013E-06 4.750E-15 0.00E+00
1.413E+01 3.283E-06 3.283E-06 4.973E-15 0.00E+00
1.396E+01 3.647E-06 3.647E-06 5.206E-15 0.00E+00
1.380E+01 4.145E-06 4.145E-06 5.450E-15 0.00E+00
1.365E+01 4.843E-06 4.843E-06 5.706E-15 0.00E+00
1.349E+01 5.849E-06 5.849E-06 5.974E-15 0.00E+00
1.334E+01 7.340E-06 7.340E-06 6.255E-15 0.00E+00
1.318E+01 9.595E-06 9.595E-06 6.549E-15 0.00E+00
1.303E+01 1.293E-05 1.293E-05 6.856E-15 0.00E+00
1.288E+01 1.716E-05 1.716E-05 7.177E-15 0.00E+00
1.274E+01 2.034E-05 2.034E-05 7.514E-15 0.00E+00
1.259E+01 1.983E-05 1.983E-05 7.868E-15 0.00E+00
1.245E+01 1.695E-05 1.695E-05 8.238E-15 0.00E+00
1.230E+01 1.488E-05 1.488E-05 8.625E-15 0.00E+00
1.216E+01 1.544E-05 1.544E-05 9.031E-15 0.00E+00
1.202E+01 2.130E-05 2.130E-05 9.455E-15 0.00E+00
1.189E+01 2.932E-05 2.932E-05 9.910E-15 0.00E+00
1.175E+01 2.422E-05 2.422E-05 1.040E-14 0.00E+00
1.161E+01 2.730E-05 2.730E-05 1.093E-14 0.00E+00
1.148E+01 4.308E-05 4.308E-05 1.113E-14 0.00E+00
1.135E+01 6.885E-05 6.885E-05 1.182E-14 0.00E+00
1.122E+01 6.282E-05 6.282E-05 1.240E-14 0.00E+00
1.109E+01 3.584E-05 3.584E-05 1.300E-14 0.00E+00
1.096E+01 2.058E-05 2.058E-05 1.362E-14 0.00E+00
1.084E+01 1.331E-05 1.331E-05 1.426E-14 0.00E+00
1.072E+01 9.575E-06 9.575E-06 1.494E-14 0.00E+00
1.059E+01 7.471E-06 7.471E-06 1.564E-14 0.00E+00
1.047E+01 6.206E-06 6.206E-06 1.637E-14 0.00E+00
1.035E+01 5.414E-06 5.414E-06 1.714E-14 0.00E+00
1.023E+01 4.913E-06 4.913E-06 1.794E-14 0.00E+00
1.012E+01 4.605E-06 4.605E-06 1.878E-14 0.00E+00
1.000E+01 4.437E-06 4.437E-06 1.967E-14 0.00E+00
9.886E+00 4.380E-06 4.380E-06 2.059E-14 0.00E+00
9.772E+00 4.419E-06 4.419E-06 2.156E-14 0.00E+00
9.661E+00 4.550E-06 4.550E-06 2.257E-14 0.00E+00
9.550E+00 4.781E-06 4.781E-06 2.363E-14 0.00E+00
9.441E+00 5.129E-06 5.129E-06 2.474E-14 0.00E+00
9.333E+00 5.628E-06 5.628E-06 2.591E-14 0.00E+00
9.226E+00 6.341E-06 6.341E-06 2.712E-14 0.00E+00
9.120E+00 7.378E-06 7.378E-06 2.839E-14 0.00E+00
9.016E+00 8.951E-06 8.951E-06 2.973E-14 0.00E+00
8.913E+00 1.147E-05 1.147E-05 3.112E-14 0.00E+00
8.810E+00 1.568E-05 1.568E-05 3.258E-14 0.00E+00
8.710E+00 2.218E-05 2.218E-05 3.411E-14 0.00E+00
8.610E+00 2.766E-05 2.766E-05 3.571E-14 0.00E+00
8.511E+00 2.586E-05 2.586E-05 3.738E-14 0.00E+00
8.414E+00 2.175E-05 2.175E-05 3.914E-14 0.00E+00
8.318E+00 2.018E-05 2.018E-05 4.097E-14 0.00E+00
8.222E+00 2.116E-05 2.116E-05 4.289E-14 0.00E+00
8.128E+00 2.423E-05 2.423E-05 4.490E-14 0.00E+00
8.035E+00 2.922E-05 2.922E-05 4.700E-14 0.00E+00
7.943E+00 3.597E-05 3.597E-05 4.920E-14 0.00E+00
7.852E+00 4.354E-05 4.354E-05 5.150E-14 0.00E+00
7.762E+00 4.946E-05 4.946E-05 5.391E-14 0.00E+00
7.674E+00 5.053E-05 5.053E-05 5.643E-14 0.00E+00
7.586E+00 4.598E-05 4.598E-05 5.908E-14 0.00E+00
7.499E+00 3.838E-05 3.838E-05 6.185E-14 0.00E+00
7.413E+00 3.069E-05 3.069E-05 6.474E-14 0.00E+00
7.328E+00 2.433E-05 2.433E-05 6.778E-14 0.00E+00
7.244E+00 1.949E-05 1.949E-05 7.095E-14 0.00E+00
7.161E+00 1.594E-05 1.594E-05 7.427E-14 0.00E+00
7.079E+00 1.337E-05 1.337E-05 7.775E-14 0.00E+00
6.998E+00 1.152E-05 1.152E-05 8.139E-14 0.00E+00
6.918E+00 1.024E-05 1.024E-05 8.520E-14 0.00E+00
6.839E+00 9.412E-06 9.412E-06 8.919E-14 0.00E+00
6.761E+00 8.994E-06 8.994E-06 9.336E-14 0.00E+00
6.683E+00 9.005E-06 9.005E-06 9.773E-14 0.00E+00
6.607E+00 9.547E-06 9.547E-06 1.023E-13 0.00E+00
6.531E+00 1.087E-05 1.087E-05 1.071E-13 0.00E+00
6.457E+00 1.348E-05 1.348E-05 1.121E-13 0.00E+00
6.383E+00 1.837E-05 1.837E-05 1.173E-13 0.00E+00
6.310E+00 2.683E-05 2.683E-05 1.228E-13 0.00E+00
6.237E+00 3.678E-05 3.678E-05 1.286E-13 0.00E+00
6.166E+00 3.688E-05 3.688E-05 1.346E-13 0.00E+00
6.095E+00 2.668E-05 2.668E-05 1.409E-13 0.00E+00
6.026E+00 1.760E-05 1.760E-05 1.474E-13 0.00E+00
5.957E+00 1.210E-05 1.210E-05 1.543E-13 0.00E+00
5.888E+00 8.897E-06 8.897E-06 1.615E-13 0.00E+00
5.821E+00 6.941E-06 6.941E-06 1.691E-13 0.00E+00
5.754E+00 5.678E-06 5.678E-06 1.770E-13 0.00E+00
5.689E+00 4.820E-06 4.820E-06 1.852E-13 0.00E+00
5.623E+00 4.210E-06 4.210E-06 1.939E-13 0.00E+00
5.559E+00 3.761E-06 3.761E-06 2.029E-13 0.00E+00
5.495E+00 3.421E-06 3.421E-06 2.124E-13 0.00E+00
5.433E+00 3.157E-06 3.157E-06 2.223E-13 0.00E+00
5.370E+00 2.948E-06 2.948E-06 2.326E-13 0.00E+00
5.309E+00 2.780E-06 2.780E-06 2.435E-13 0.00E+00
5.248E+00 2.643E-06 2.643E-06 2.548E-13 0.00E+00
5.188E+00 2.530E-06 2.530E-06 2.667E-13 0.00E+00
5.129E+00 2.437E-06 2.437E-06 2.791E-13 0.00E+00
5.070E+00 2.359E-06 2.359E-06 2.921E-13 0.00E+00
5.012E+00 2.294E-06 2.294E-06 3.057E-13 0.00E+00
4.955E+00 2.240E-06 2.240E-06 3.199E-13 0.00E+00
4.898E+00 2.194E-06 2.194E-06 3.348E-13 0.00E+00
4.842E+00 2.156E-06 2.156E-06 3.504E-13 0.00E+00
4.786E+00 2.125E-06 2.125E-06 3.668E-13 0.00E+00
4.732E+00 2.100E-06 2.100E-06 3.838E-13 0.00E+00
4.677E+00 2.080E-06 2.080E-06 4.017E-13 0.00E+00
4.624E+00 2.064E-06 2.064E-06 4.204E-13 0.00E+00
4.571E+00 2.053E-06 2.053E-06 4.400E-13 0.00E+00
4.519E+00 2.045E-06 2.045E-06 4.604E-13 0.00E+00
4.467E+00 2.041E-06 2.041E-06 4.819E-13 0.00E+00
4.416E+00 2.040E-06 2.040E-06 5.043E-13 0.00E+00
4.365E+00 2.042E-06 2.042E-06 5.277E-13 0.00E+00
4.315E+00 2.046E-06 2.046E-06 5.523E-13 0.00E+00
4.266E+00 2.054E-06 2.054E-06 5.779E-13 0.00E+00
4.217E+00 2.064E-06 2.064E-06 6.048E-13 0.00E+00
4.169E+00 2.077E-06 2.077E-06 6.329E-13 0.00E+00
4.121E+00 2.092E-06 2.092E-06 6.623E-13 0.00E+00
4.074E+00 2.110E-06 2.110E-06 6.931E-13 0.00E+00
4.027E+00 2.131E-06 2.131E-06 7.252E-13 0.00E+00
3.981E+00 2.155E-06 2.155E-06 7.589E-13 0.00E+00
3.936E+00 2.182E-06 2.182E-06 7.942E-13 0.00E+00
3.890E+00 2.213E-06 2.213E-06 8.310E-13 0.00E+00
3.846E+00 2.249E-06 2.249E-06 8.696E-13 0.00E+00
3.802E+00 2.290E-06 2.290E-06 9.101E-13 0.00E+00
3.758E+00 2.338E-06 2.338E-06 9.523E-13 0.00E+00
3.715E+00 2.396E-06 2.396E-06 9.966E-13 0.00E+00
3.673E+00 2.468E-06 2.468E-06 1.043E-12 0.00E+00
3.631E+00 2.558E-06 2.558E-06 1.091E-12 0.00E+00
3.589E+00 2.679E-06 2.679E-06 1.142E-12 0.00E+00
3.548E+00 2.850E-06 2.850E-06 1.195E-12 0.00E+00
3.508E+00 3.109E-06 3.109E-06 1.251E-12 0.00E+00
3.467E+00 3.545E-06 3.545E-06 1.309E-12 0.00E+00
3.428E+00 4.393E-06 4.393E-06 1.369E-12 0.00E+00
3.388E+00 6.458E-06 6.458E-06 1.433E-12 0.00E+00
3.350E+00 1.392E-05 1.392E-05 1.499E-12 0.00E+00
3.311E+00 6.404E-05 6.404E-05 1.569E-12 0.00E+00
3.273E+00 3.169E-05 3.169E-05 1.641E-12 0.00E+00
3.236E+00 9.626E-06 9.626E-06 1.718E-12 0.00E+00
3.199E+00 5.548E-06 5.548E-06 1.797E-12 0.00E+00
3.162E+00 4.223E-06 4.223E-06 1.880E-12 0.00E+00
3.126E+00 3.662E-06 3.662E-06 1.968E-12 4.70E-07
3.090E+00 3.383E-06 3.383E-06 2.059E-12 4.80E-07
3.055E+00 3.235E-06 3.235E-06 2.154E-12 4.89E-07
3.020E+00 3.157E-06 3.157E-06 2.254E-12 4.99E-07
2.985E+00 3.119E-06 3.119E-06 2.358E-12 5.09E-07
2.951E+00 3.105E-06 3.105E-06 2.467E-12 5.19E-07
2.917E+00 3.108E-06 3.108E-06 2.582E-12 5.29E-07
2.884E+00 3.122E-06 3.122E-06 2.702E-12 5.40E-07
2.851E+00 3.145E-06 3.145E-06 2.827E-12 5.50E-07
2.818E+00 3.174E-06 3.174E-06 2.957E-12 5.62E-07
2.786E+00 3.207E-06 3.207E-06 3.094E-12 5.73E-07
2.754E+00 3.245E-06 3.245E-06 3.237E-12 5.84E-07
2.723E+00 3.286E-06 3.286E-06 3.386E-12 5.96E-07
2.692E+00 3.330E-06 3.330E-06 3.543E-12 6.08E-07
2.661E+00 3.376E-06 3.376E-06 3.707E-12 6.20E-07
2.630E+00 3.424E-06 3.424E-06 3.878E-12 6.33E-07
2.600E+00 3.474E-06 3.474E-06 4.057E-12 6.46E-07
2.570E+00 3.525E-06 3.525E-06 4.244E-12 6.59E-07
2.541E+00 3.578E-06 3.578E-06 4.440E-12 6.73E-07
2.512E+00 3.632E-06 3.632E-06 4.645E-12 6.87E-07
2.483E+00 3.689E-06 3.689E-06 4.860E-12 7.01E-07
2.455E+00 3.747E-06 3.746E-06 5.084E-12 7.15E-07
2.427E+00 3.806E-06 3.806E-06 5.319E-12 7.29E-07
2.399E+00 3.867E-06 3.867E-06 5.564E-12 7.44E-07
2.371E+00 3.930E-06 3.930E-06 5.821E-12 7.59E-07
2.344E+00 3.994E-06 3.994E-06 6.090E-12 7.74E-07
2.317E+00 4.059E-06 4.059E-06 6.371E-12 7.90E-07
2.291E+00 4.127E-06 4.127E-06 6.666E-12 8.05E-07
2.265E+00 4.195E-06 4.195E-06 6.974E-12 8.21E-07
2.239E+00 4.266E-06 4.266E-06 7.296E-12 8.38E-07
2.213E+00 4.337E-06 4.337E-06 7.633E-12 8.54E-07
2.188E+00 4.411E-06 4.411E-06 7.986E-12 8.70E-07
2.163E+00 4.486E-06 4.486E-06 8.355E-12 8.88E-07
2.138E+00 4.563E-06 4.563E-06 8.740E-12 9.05E-07
2.113E+00 4.641E-06 4.641E-06 9.144E-12 9.23E-07
2.089E+00 4.719E-06 4.719E-06 9.565E-12 9.42E-07
2.065E+00 4.799E-06 4.799E-06 1.001E-11 9.61E-07
2.042E+00 4.881E-06 4.881E-06 1.047E-11 9.80E-07
2.018E+00 4.964E-06 4.964E-06 1.095E-11 9.99E-07
1.995E+00 5.049E-06 5.049E-06 1.146E-11 1.02E-06
1.972E+00 5.136E-06 5.136E-06 1.198E-11 1.04E-06
1.950E+00 5.225E-06 5.225E-06 1.254E-11 1.06E-06
1.928E+00 5.315E-06 5.315E-06 1.312E-11 1.08E-06
1.905E+00 5.407E-06 5.407E-06 1.372E-11 1.10E-06
1.884E+00 5.501E-06 5.501E-06 1.435E-11 1.12E-06
1.862E+00 5.598E-06 5.598E-06 1.502E-11 1.15E-06
1.841E+00 5.696E-06 5.696E-06 1.571E-11 1.17E-06
1.820E+00 5.796E-06 5.796E-06 1.643E-11 1.19E-06
1.799E+00 5.898E-06 5.898E-06 1.719E-11 1.21E-06
1.778E+00 6.002E-06 6.002E-06 1.798E-11 1.24E-06
1.758E+00 6.108E-06 6.108E-06 1.881E-11 1.26E-06
1.738E+00 6.216E-06 6.216E-06 1.968E-11 1.29E-06
1.718E+00 6.326E-06 6.326E-06 2.059E-11 1.31E-06
1.698E+00 6.438E-06 6.438E-06 2.154E-11 1.34E-06
1.679E+00 6.552E-06 6.552E-06 2.253E-11 1.36E-06
1.660E+00 6.668E-06 6.668E-06 2.356E-11 1.39E-06
1.641E+00 6.785E-06 6.785E-06 2.465E-11 1.42E-06
1.622E+00 6.903E-06 6.903E-06 2.578E-11 1.45E-06
1.603E+00 7.023E-06 7.023E-06 2.697E-11 1.47E-06
1.585E+00 7.145E-06 7.145E-06 2.821E-11 1.50E-06
1.567E+00 7.269E-06 7.269E-06 2.951E-11 1.53E-06
1.549E+00 7.395E-06 7.395E-06 3.086E-11 1.56E-06
1.531E+00 7.524E-06 7.524E-06 3.229E-11 1.60E-06
1.514E+00 7.656E-06 7.656E-06 3.378E-11 1.63E-06
1.496E+00 7.791E-06 7.791E-06 3.534E-11 1.66E-06
1.479E+00 7.929E-06 7.929E-06 3.697E-11 1.69E-06
1.462E+00 8.071E-06 8.070E-06 3.868E-11 1.72E-06
1.445E+00 8.216E-06 8.216E-06 4.047E-11 1.76E-06
1.429E+00 8.365E-06 8.365E-06 4.233E-11 1.79E-06
1.413E+00 8.517E-06 8.517E-06 4.429E-11 1.82E-06
1.396E+00 8.672E-06 8.672E-06 4.633E-11 1.86E-06
1.380E+00 8.831E-06 8.831E-06 4.847E-11 1.89E-06
1.365E+00 8.993E-06 8.993E-06 5.070E-11 1.93E-06
1.349E+00 9.157E-06 9.157E-06 5.304E-11 1.97E-06
1.334E+00 9.325E-06 9.325E-06 5.548E-11 2.00E-06
1.318E+00 9.496E-06 9.496E-06 5.803E-11 2.04E-06
1.303E+00 9.670E-06 9.670E-06 6.070E-11 2.08E-06
1.288E+00 9.847E-06 9.847E-06 6.349E-11 2.12E-06
1.274E+00 1.003E-05 1.003E-05 6.641E-11 2.16E-06
1.259E+00 1.021E-05 1.021E-05 6.946E-11 2.20E-06
1.245E+00 1.040E-05 1.040E-05 7.266E-11 2.25E-06
1.230E+00 1.058E-05 1.058E-05 7.601E-11 2.29E-06
1.216E+00 1.078E-05 1.078E-05 7.951E-11 2.33E-06
1.202E+00 1.097E-05 1.097E-05 8.318E-11 2.38E-06
1.189E+00 1.117E-05 1.117E-05 8.701E-11 2.43E-06
1.175E+00 1.138E-05 1.138E-05 9.102E-11 2.47E-06
1.161E+00 1.159E-05 1.159E-05 9.521E-11 2.52E-06
1.148E+00 1.181E-05 1.181E-05 9.960E-11 2.57E-06
1.135E+00 1.203E-05 1.203E-05 1.042E-10 2.62E-06
1.122E+00 1.226E-05 1.226E-05 1.090E-10 2.67E-06
1.109E+00 1.249E-05 1.249E-05 1.140E-10 2.72E-06
1.096E+00 1.273E-05 1.273E-05 1.192E-10 2.77E-06
1.084E+00 1.298E-05 1.298E-05 1.247E-10 2.82E-06
1.072E+00 1.323E-05 1.323E-05 1.305E-10 2.88E-06
1.059E+00 1.349E-05 1.349E-05 1.365E-10 2.93E-06
1.047E+00 1.375E-05 1.375E-05 1.427E-10 2.99E-06
1.035E+00 1.402E-05 1.402E-05 1.493E-10 3.04E-06
1.023E+00 1.430E-05 1.430E-05 1.562E-10 3.10E-06
1.012E+00 1.459E-05 1.459E-05 1.633E-10 3.16E-06
1.000E+00 1.489E-05 1.489E-05 1.708E-10 3.22E-06
9.886E-01 1.519E-05 1.519E-05 1.787E-10 3.28E-06
9.772E-01 1.551E-05 1.551E-05 1.869E-10 3.35E-06
9.661E-01 1.583E-05 1.583E-05 1.954E-10 3.41E-06
9.550E-01 1.617E-05 1.617E-05 2.044E-10 3.48E-06
9.441E-01 1.651E-05 1.651E-05 2.137E-10 3.54E-06
9.333E-01 1.687E-05 1.687E-05 2.235E-10 3.61E-06
9.226E-01 1.725E-05 1.725E-05 2.338E-10 3.68E-06
9.120E-01 1.764E-05 1.764E-05 2.444E-10 3.75E-06
9.016E-01 1.804E-05 1.804E-05 2.556E-10 3.83E-06
8.913E-01 1.847E-05 1.847E-05 2.673E-10 3.90E-06
8.810E-01 1.892E-05 1.892E-05 2.795E-10 3.98E-06
8.710E-01 1.939E-05 1.939E-05 2.923E-10 4.06E-06
8.610E-01 1.989E-05 1.989E-05 3.056E-10 4.15E-06
8.511E-01 2.043E-05 2.043E-05 3.195E-10 4.23E-06
8.414E-01 2.100E-05 2.100E-05 3.341E-10 4.31E-06
8.318E-01 2.162E-05 2.162E-05 3.493E-10 4.40E-06
8.222E-01 2.229E-05 2.229E-05 3.652E-10 4.49E-06
8.128E-01 2.302E-05 2.302E-05 3.819E-10 4.58E-06
8.035E-01 2.382E-05 2.382E-05 3.993E-10 4.68E-06
7.943E-01 2.471E-05 2.471E-05 4.174E-10 4.78E-06
7.852E-01 2.570E-05 2.570E-05 4.364E-10 4.87E-06
7.762E-01 2.680E-05 2.680E-05 4.563E-10 4.98E-06
7.674E-01 2.806E-05 2.806E-05 4.771E-10 5.08E-06
7.586E-01 2.949E-05 2.949E-05 4.988E-10 5.19E-06
7.499E-01 3.113E-05 3.113E-05 5.215E-10 5.30E-06
7.413E-01 3.304E-05 3.304E-05 5.452E-10 5.41E-06
7.328E-01 3.528E-05 3.528E-05 5.700E-10 5.52E-06
7.244E-01 3.792E-05 3.792E-05 5.960E-10 5.64E-06
7.161E-01 4.108E-05 4.108E-05 6.231E-10 5.76E-06
7.079E-01 4.487E-05 4.487E-05 6.515E-10 5.88E-06
6.998E-01 4.949E-05 4.949E-05 6.811E-10 6.01E-06
6.918E-01 5.516E-05 5.516E-05 7.122E-10 6.14E-06
6.839E-01 6.221E-05 6.221E-05 7.446E-10 6.28E-06
6.761E-01 7.106E-05 7.106E-05 7.786E-10 6.41E-06
6.683E-01 8.229E-05 8.229E-05 8.141E-10 6.55E-06
6.607E-01 9.673E-05 9.673E-05 8.513E-10 6.70E-06
6.531E-01 1.155E-04 1.155E-04 8.902E-10 6.85E-06
6.457E-01 1.402E-04 1.402E-04 9.310E-10 7.00E-06
6.383E-01 1.732E-04 1.732E-04 9.737E-10 7.15E-06
6.310E-01 2.175E-04 2.175E-04 1.018E-09 7.31E-06
6.237E-01 2.777E-04 2.777E-04 1.065E-09 7.48E-06
6.166E-01 3.590E-04 3.590E-04 1.114E-09 7.64E-06
6.095E-01 4.672E-04 4.672E-04 1.165E-09 7.81E-06
6.026E-01 6.053E-04 6.053E-04 1.219E-09 7.99E-06
5.957E-01 7.699E-04 7.699E-04 1.275E-09 8.17E-06
5.888E-01 9.487E-04 9.487E-04 1.334E-09 8.35E-06
5.821E-01 1.125E-03 1.125E-03 1.396E-09 8.53E-06
5.754E-01 1.287E-03 1.287E-03 1.461E-09 8.72E-06
5.689E-01 1.427E-03 1.427E-03 1.529E-09 8.91E-06
5.623E-01 1.547E-03 1.547E-03 1.600E-09 9.11E-06
5.559E-01 1.650E-03 1.650E-03 1.675E-09 9.31E-06
5.495E-01 1.742E-03 1.742E-03 1.753E-09 9.52E-06
5.433E-01 1.830E-03 1.830E-03 1.836E-09 9.73E-06
5.370E-01 1.925E-03 1.925E-03 1.922E-09 9.94E-06
5.309E-01 2.038E-03 2.038E-03 2.013E-09 1.02E-05
5.248E-01 2.185E-03 2.185E-03 2.108E-09 1.04E-05
5.188E-01 2.383E-03 2.383E-03 2.208E-09 1.06E-05
5.129E-01 2.649E-03 2.649E-03 2.313E-09 1.08E-05
5.070E-01 2.995E-03 2.995E-03 2.423E-09 1.11E-05
5.012E-01 3.416E-03 3.416E-03 2.539E-09 1.13E-05
4.955E-01 3.885E-03 3.885E-03 2.660E-09 1.16E-05
4.898E-01 4.363E-03 4.363E-03 2.788E-09 1.18E-05
4.842E-01 4.822E-03 4.822E-03 2.922E-09 1.21E-05
4.786E-01 5.251E-03 5.251E-03 3.062E-09 1.23E-05
4.732E-01 5.653E-03 5.653E-03 3.209E-09 1.26E-05
4.677E-01 6.034E-03 6.034E-03 3.364E-09 1.28E-05
4.624E-01 6.400E-03 6.400E-03 3.526E-09 1.31E-05
4.571E-01 6.758E-03 6.758E-03 3.696E-09 1.34E-05
4.519E-01 7.111E-03 7.111E-03 3.876E-09 1.36E-05
4.467E-01 7.463E-03 7.462E-03 4.064E-09 1.39E-05
4.416E-01 7.816E-03 7.816E-03 4.262E-09 1.42E-05
4.365E-01 8.172E-03 8.172E-03 4.470E-09 1.44E-05
4.315E-01 8.533E-03 8.533E-03 4.687E-09 1.47E-05
4.266E-01 8.899E-03 8.899E-03 4.914E-09 1.50E-05
4.217E-01 9.272E-03 9.272E-03 5.153E-09 1.52E-05
4.169E-01 9.652E-03 9.652E-03 5.403E-09 1.55E-05
4.121E-01 1.004E-02 1.004E-02 5.666E-09 1.58E-05
4.074E-01 1.044E-02 1.044E-02 5.942E-09 1.60E-05
4.027E-01 1.084E-02 1.084E-02 6.232E-09 1.63E-05
3.981E-01 1.125E-02 1.125E-02 6.536E-09 1.66E-05
3.935E-01 1.168E-02 1.168E-02 6.855E-09 1.69E-05
3.890E-01 1.211E-02 1.211E-02 7.190E-09 1.72E-05
3.846E-01 1.255E-02 1.255E-02 7.541E-09 1.74E-05
3.802E-01 1.300E-02 1.300E-02 7.911E-09 1.77E-05
3.758E-01 1.346E-02 1.346E-02 8.301E-09 1.80E-05
3.715E-01 1.393E-02 1.393E-02 8.713E-09 1.83E-05
3.673E-01 1.441E-02 1.441E-02 9.150E-09 1.86E-05
3.631E-01 1.491E-02 1.491E-02 9.612E-09 1.89E-05
3.589E-01 1.541E-02 1.541E-02 1.010E-08 1.92E-05
3.548E-01 1.592E-02 1.592E-02 1.062E-08 1.95E-05
3.508E-01 1.644E-02 1.644E-02 1.118E-08 1.98E-05
3.467E-01 1.697E-02 1.697E-02 1.176E-08 2.00E-05
3.428E-01 1.752E-02 1.752E-02 1.239E-08 2.03E-05
3.388E-01 1.807E-02 1.807E-02 1.306E-08 2.05E-05
3.350E-01 1.864E-02 1.864E-02 1.377E-08 2.07E-05
3.311E-01 1.921E-02 1.921E-02 1.453E-08 2.09E-05
3.273E-01 1.980E-02 1.980E-02 1.534E-08 2.10E-05
3.236E-01 2.040E-02 2.040E-02 1.622E-08 2.10E-05
3.199E-01 2.100E-02 2.100E-02 1.716E-08 2.10E-05
3.162E-01 2.162E-02 2.162E-02 1.815E-08 2.09E-05
3.126E-01 2.225E-02 2.225E-02 1.922E-08 2.07E-05
3.090E-01 2.289E-02 2.289E-02 2.035E-08 2.04E-05
3.055E-01 2.354E-02 2.354E-02 2.156E-08 2.01E-05
3.020E-01 2.416E-02 2.416E-02 2.285E-08 1.96E-05
2.985E-01 2.460E-02 2.460E-02 2.424E-08 1.90E-05
2.951E-01 2.507E-02 2.507E-02 2.573E-08 1.83E-05
2.917E-01 2.559E-02 2.559E-02 2.733E-08 1.75E-05
2.884E-01 2.616E-02 2.616E-02 2.909E-08 1.65E-05
2.851E-01 2.678E-02 2.678E-02 3.100E-08 1.54E-05
2.818E-01 2.747E-02 2.747E-02 3.321E-08 1.38E-05
2.786E-01 2.823E-02 2.823E-02 3.557E-08 1.22E-05
2.754E-01 2.907E-02 2.907E-02 3.810E-08 1.05E-05
2.723E-01 3.000E-02 3.000E-02 4.088E-08 8.91E-06
2.692E-01 3.104E-02 3.104E-02 4.393E-08 7.34E-06
2.661E-01 3.220E-02 3.220E-02 4.732E-08 5.89E-06
2.630E-01 3.350E-02 3.350E-02 5.110E-08 4.58E-06
2.600E-01 3.496E-02 3.496E-02 5.541E-08 3.43E-06
2.570E-01 3.660E-02 3.660E-02 6.026E-08 2.53E-06
2.541E-01 3.846E-02 3.846E-02 6.556E-08 1.92E-06
2.512E-01 4.056E-02 4.056E-02 7.157E-08 1.55E-06
2.483E-01 4.292E-02 4.292E-02 7.840E-08 1.40E-06
2.455E-01 4.558E-02 4.558E-02 8.621E-08 1.47E-06
2.427E-01 4.855E-02 4.855E-02 9.520E-08 1.78E-06
2.399E-01 5.186E-02 5.186E-02 1.056E-07 2.33E-06
2.371E-01 5.548E-02 5.548E-02 1.169E-07 3.17E-06
2.344E-01 5.937E-02 5.937E-02 1.290E-07 4.18E-06
2.317E-01 6.344E-02 6.344E-02 1.417E-07 5.28E-06
2.291E-01 6.752E-02 6.752E-02 1.546E-07 6.43E-06
2.265E-01 7.139E-02 7.139E-02 1.679E-07 7.61E-06
2.239E-01 7.475E-02 7.475E-02 1.819E-07 8.86E-06
2.213E-01 7.729E-02 7.729E-02 1.964E-07 1.02E-05
2.188E-01 7.873E-02 7.873E-02 2.080E-07 1.17E-05
2.163E-01 7.891E-02 7.890E-02 2.135E-07 1.34E-05
2.138E-01 7.779E-02 7.779E-02 2.130E-07 1.52E-05
2.113E-01 7.555E-02 7.555E-02 2.085E-07 1.69E-05
2.089E-01 7.244E-02 7.244E-02 2.007E-07 1.88E-05
2.065E-01 6.878E-02 6.878E-02 1.902E-07 2.06E-05
2.042E-01 6.487E-02 6.487E-02 1.776E-07 2.26E-05
2.018E-01 6.095E-02 6.095E-02 1.636E-07 2.46E-05
1.995E-01 5.718E-02 5.718E-02 1.491E-07 2.66E-05
1.972E-01 5.367E-02 5.367E-02 1.348E-07 2.87E-05
1.950E-01 5.047E-02 5.047E-02 1.212E-07 3.09E-05
1.928E-01 4.760E-02 4.760E-02 1.086E-07 3.31E-05
1.905E-01 4.505E-02 4.505E-02 9.730E-08 3.53E-05
1.884E-01 4.279E-02 4.279E-02 8.695E-08 3.77E-05
1.862E-01 4.081E-02 4.081E-02 7.796E-08 4.02E-05
1.841E-01 3.906E-02 3.906E-02 7.029E-08 4.28E-05
1.820E-01 3.754E-02 3.754E-02 6.376E-08 4.55E-05
1.799E-01 3.620E-02 3.620E-02 5.824E-08 4.83E-05
1.778E-01 3.502E-02 3.502E-02 5.372E-08 5.11E-05
1.758E-01 3.399E-02 3.399E-02 4.999E-08 5.41E-05
1.738E-01 3.309E-02 3.309E-02 4.696E-08 5.71E-05
1.718E-01 3.229E-02 3.229E-02 4.457E-08 6.01E-05
1.698E-01 3.159E-02 3.159E-02 4.280E-08 6.32E-05
1.679E-01 3.099E-02 3.099E-02 4.162E-08 6.63E-05
1.660E-01 3.048E-02 3.048E-02 4.105E-08 6.95E-05
1.641E-01 3.007E-02 3.007E-02 4.111E-08 7.26E-05
1.622E-01 2.976E-02 2.976E-02 4.178E-08 7.57E-05
1.603E-01 2.952E-02 2.952E-02 4.304E-08 7.88E-05
1.585E-01 2.937E-02 2.937E-02 4.494E-08 8.19E-05
1.567E-01 2.930E-02 2.930E-02 4.738E-08 8.51E-05
1.549E-01 2.930E-02 2.930E-02 5.039E-08 8.83E-05
1.531E-01 2.938E-02 2.938E-02 5.394E-08 9.16E-05
1.514E-01 2.954E-02 2.954E-02 5.811E-08 9.50E-05
1.496E-01 2.976E-02 2.976E-02 6.296E-08 9.85E-05
1.479E-01 3.006E-02 3.006E-02 6.856E-08 1.02E-04
1.462E-01 3.044E-02 3.044E-02 7.498E-08 1.05E-04
1.445E-01 3.089E-02 3.089E-02 8.235E-08 1.09E-04
1.429E-01 3.141E-02 3.141E-02 9.068E-08 1.12E-04
1.413E-01 3.202E-02 3.202E-02 9.995E-08 1.16E-04
1.396E-01 3.270E-02 3.270E-02 1.101E-07 1.20E-04
1.380E-01 3.346E-02 3.346E-02 1.213E-07 1.24E-04
1.365E-01 3.431E-02 3.431E-02 1.336E-07 1.28E-04
1.349E-01 3.524E-02 3.524E-02 1.474E-07 1.32E-04
1.334E-01 3.626E-02 3.626E-02 1.628E-07 1.37E-04
1.318E-01 3.738E-02 3.738E-02 1.799E-07 1.42E-04
1.303E-01 3.858E-02 3.858E-02 1.989E-07 1.47E-04
1.288E-01 4.066E-02 4.066E-02 2.200E-07 1.52E-04
1.274E-01 4.224E-02 4.224E-02 2.434E-07 1.58E-04
1.259E-01 4.390E-02 4.390E-02 2.692E-07 1.65E-04
1.245E-01 4.563E-02 4.563E-02 2.977E-07 1.71E-04
1.230E-01 4.743E-02 4.743E-02 3.291E-07 1.78E-04
1.216E-01 4.930E-02 4.930E-02 3.634E-07 1.85E-04
1.202E-01 5.124E-02 5.124E-02 4.009E-07 1.92E-04
1.189E-01 5.325E-02 5.324E-02 4.420E-07 1.99E-04
1.175E-01 5.531E-02 5.531E-02 4.866E-07 2.05E-04
1.161E-01 5.744E-02 5.744E-02 5.359E-07 2.11E-04
1.148E-01 5.963E-02 5.963E-02 5.929E-07 2.16E-04
1.135E-01 6.187E-02 6.187E-02 6.693E-07 2.22E-04
1.122E-01 6.416E-02 6.416E-02 7.503E-07 2.23E-04
1.109E-01 6.650E-02 6.650E-02 8.391E-07 2.16E-04
1.096E-01 6.889E-02 6.889E-02 9.377E-07 1.97E-04
1.084E-01 7.132E-02 7.132E-02 1.059E-06 1.76E-04
1.072E-01 7.379E-02 7.379E-02 1.199E-06 1.61E-04
1.059E-01 7.630E-02 7.629E-02 1.334E-06 1.57E-04
1.047E-01 7.882E-02 7.882E-02 1.465E-06 1.58E-04
1.035E-01 8.136E-02 8.136E-02 1.591E-06 1.59E-04
1.023E-01 8.391E-02 8.391E-02 1.712E-06 1.59E-04
1.012E-01 8.645E-02 8.645E-02 1.846E-06 1.57E-04
1.000E-01 8.932E-02 8.931E-02 1.997E-06 1.53E-04
9.886E-02 9.130E-02 9.130E-02 2.196E-06 1.47E-04
9.772E-02 9.339E-02 9.339E-02 2.424E-06 1.40E-04
9.661E-02 9.559E-02 9.558E-02 2.650E-06 1.36E-04
9.550E-02 9.790E-02 9.790E-02 2.860E-06 1.35E-04
9.441E-02 1.003E-01 1.003E-01 3.015E-06 1.36E-04
9.333E-02 1.029E-01 1.029E-01 3.140E-06 1.37E-04
9.226E-02 1.057E-01 1.057E-01 3.280E-06 1.39E-04
9.120E-02 1.086E-01 1.086E-01 3.413E-06 1.41E-04
9.016E-02 1.117E-01 1.117E-01 3.494E-06 1.46E-04
8.913E-02 1.151E-01 1.151E-01 3.584E-06 1.50E-04
8.810E-02 1.188E-01 1.188E-01 3.734E-06 1.51E-04
8.710E-02 1.228E-01 1.228E-01 3.969E-06 1.49E-04
8.610E-02 1.273E-01 1.273E-01 4.252E-06 1.45E-04
8.511E-02 1.322E-01 1.322E-01 4.585E-06 1.42E-04
8.414E-02 1.376E-01 1.376E-01 4.973E-06 1.38E-04
8.318E-02 1.437E-01 1.436E-01 5.419E-06 1.34E-04
8.222E-02 1.504E-01 1.504E-01 5.912E-06 1.32E-04
8.128E-02 1.580E-01 1.580E-01 6.443E-06 1.32E-04
8.035E-02 1.665E-01 1.665E-01 7.027E-06 1.33E-04
7.943E-02 1.759E-01 1.759E-01 7.656E-06 1.35E-04
7.852E-02 1.864E-01 1.864E-01 8.313E-06 1.39E-04
7.762E-02 1.977E-01 1.977E-01 8.968E-06 1.44E-04
7.674E-02 2.097E-01 2.097E-01 9.581E-06 1.50E-04
7.586E-02 2.220E-01 2.220E-01 1.016E-05 1.56E-04
7.499E-02 2.337E-01 2.337E-01 1.070E-05 1.63E-04
7.413E-02 2.441E-01 2.441E-01 1.117E-05 1.70E-04
7.328E-02 2.520E-01 2.520E-01 1.156E-05 1.78E-04
7.244E-02 2.566E-01 2.566E-01 1.194E-05 1.85E-04
7.161E-02 2.575E-01 2.574E-01 1.228E-05 1.93E-04
7.079E-02 2.546E-01 2.546E-01 1.253E-05 2.01E-04
6.998E-02 2.487E-01 2.487E-01 1.265E-05 2.09E-04
6.918E-02 2.408E-01 2.408E-01 1.265E-05 2.18E-04
6.839E-02 2.320E-01 2.319E-01 1.240E-05 2.28E-04
6.761E-02 2.229E-01 2.229E-01 1.198E-05 2.39E-04
6.683E-02 2.144E-01 2.144E-01 1.150E-05 2.49E-04
6.607E-02 2.066E-01 2.066E-01 1.099E-05 2.60E-04
6.531E-02 1.981E-01 1.981E-01 1.045E-05 2.71E-04
6.457E-02 1.896E-01 1.895E-01 1.006E-05 2.81E-04
6.383E-02 1.809E-01 1.809E-01 9.738E-06 2.91E-04
6.310E-02 1.721E-01 1.721E-01 9.459E-06 3.01E-04
6.237E-02 1.632E-01 1.632E-01 9.229E-06 3.11E-04
6.166E-02 1.543E-01 1.543E-01 9.074E-06 3.21E-04
6.095E-02 1.452E-01 1.452E-01 8.974E-06 3.32E-04
6.026E-02 1.361E-01 1.360E-01 8.886E-06 3.42E-04
5.957E-02 1.268E-01 1.268E-01 8.817E-06 3.53E-04
5.888E-02 1.174E-01 1.174E-01 8.752E-06 3.64E-04
5.821E-02 1.079E-01 1.079E-01 8.622E-06 3.76E-04
5.754E-02 1.036E-01 1.036E-01 8.482E-06 3.87E-04
5.689E-02 9.986E-02 9.985E-02 8.331E-06 3.99E-04
5.623E-02 9.599E-02 9.598E-02 8.163E-06 4.11E-04
5.559E-02 9.187E-02 9.186E-02 7.951E-06 4.23E-04
5.495E-02 8.785E-02 8.785E-02 7.736E-06 4.35E-04
5.433E-02 8.394E-02 8.393E-02 7.515E-06 4.48E-04
5.370E-02 8.029E-02 8.028E-02 7.299E-06 4.61E-04
5.309E-02 7.716E-02 7.716E-02 7.109E-06 4.74E-04
5.248E-02 7.426E-02 7.425E-02 6.929E-06 4.88E-04
5.188E-02 7.156E-02 7.155E-02 6.759E-06 5.02E-04
5.129E-02 6.900E-02 6.899E-02 6.606E-06 5.16E-04
5.070E-02 6.652E-02 6.652E-02 6.467E-06 5.30E-04
5.012E-02 6.417E-02 6.417E-02 6.338E-06 5.45E-04
4.955E-02 6.195E-02 6.194E-02 6.219E-06 5.60E-04
4.898E-02 5.985E-02 5.985E-02 6.109E-06 5.75E-04
4.842E-02 5.781E-02 5.780E-02 5.998E-06 5.90E-04
4.786E-02 5.582E-02 5.581E-02 5.886E-06 6.06E-04
4.732E-02 5.371E-02 5.370E-02 5.755E-06 6.23E-04
4.677E-02 5.161E-02 5.160E-02 5.618E-06 6.40E-04
4.624E-02 4.959E-02 4.959E-02 5.483E-06 6.57E-04
4.571E-02 4.783E-02 4.783E-02 5.361E-06 6.74E-04
4.519E-02 4.638E-02 4.637E-02 5.255E-06 6.92E-04
4.467E-02 4.498E-02 4.498E-02 5.146E-06 7.11E-04
4.416E-02 4.352E-02 4.351E-02 5.026E-06 7.30E-04
4.365E-02 4.171E-02 4.170E-02 4.881E-06 7.49E-04
4.315E-02 3.998E-02 3.998E-02 4.733E-06 7.69E-04
4.266E-02 3.845E-02 3.844E-02 4.581E-06 7.90E-04
4.217E-02 3.748E-02 3.748E-02 4.432E-06 8.11E-04
4.169E-02 3.673E-02 3.673E-02 4.293E-06 8.33E-04
4.121E-02 3.618E-02 3.618E-02 4.169E-06 8.55E-04
4.074E-02 3.566E-02 3.566E-02 4.074E-06 8.77E-04
4.027E-02 3.526E-02 3.525E-02 3.994E-06 9.00E-04
3.981E-02 3.496E-02 3.496E-02 3.926E-06 9.23E-04
3.935E-02 3.478E-02 3.477E-02 3.868E-06 9.47E-04
3.890E-02 3.473E-02 3.473E-02 3.825E-06 9.71E-04
3.846E-02 3.484E-02 3.484E-02 3.792E-06 9.96E-04
3.802E-02 3.515E-02 3.514E-02 3.790E-06 1.02E-03
3.758E-02 3.566E-02 3.565E-02 3.831E-06 1.05E-03
3.715E-02 3.675E-02 3.675E-02 3.984E-06 1.07E-03
3.673E-02 3.772E-02 3.771E-02 4.174E-06 1.10E-03
3.631E-02 3.816E-02 3.815E-02 4.374E-06 1.12E-03
3.589E-02 3.769E-02 3.768E-02 4.521E-06 1.15E-03
3.548E-02 3.686E-02 3.685E-02 4.643E-06 1.18E-03
3.508E-02 3.611E-02 3.611E-02 4.715E-06 1.20E-03
3.467E-02 3.539E-02 3.539E-02 4.760E-06 1.23E-03
3.428E-02 3.467E-02 3.466E-02 4.791E-06 1.26E-03
3.388E-02 3.396E-02 3.395E-02 4.827E-06 1.29E-03
3.350E-02 3.326E-02 3.325E-02 4.859E-06 1.33E-03
3.311E-02 3.257E-02 3.257E-02 4.887E-06 1.36E-03
3.273E-02 3.189E-02 3.189E-02 4.913E-06 1.39E-03
3.236E-02 3.122E-02 3.121E-02 4.935E-06 1.43E-03
3.199E-02 3.055E-02 3.055E-02 4.954E-06 1.46E-03
3.162E-02 2.990E-02 2.989E-02 4.971E-06 1.50E-03
3.126E-02 2.926E-02 2.925E-02 4.987E-06 1.53E-03
3.090E-02 2.862E-02 2.862E-02 5.002E-06 1.57E-03
3.055E-02 2.800E-02 2.800E-02 5.015E-06 1.61E-03
3.020E-02 2.739E-02 2.738E-02 5.028E-06 1.65E-03
2.985E-02 2.678E-02 2.677E-02 5.038E-06 1.69E-03
2.951E-02 2.618E-02 2.618E-02 5.048E-06 1.73E-03
2.917E-02 2.560E-02 2.559E-02 5.056E-06 1.77E-03
2.884E-02 2.503E-02 2.502E-02 5.063E-06 1.81E-03
2.851E-02 2.447E-02 2.446E-02 5.069E-06 1.86E-03
2.818E-02 2.392E-02 2.392E-02 5.075E-06 1.90E-03
2.786E-02 2.339E-02 2.338E-02 5.081E-06 1.95E-03
2.754E-02 2.287E-02 2.286E-02 5.087E-06 2.00E-03
2.723E-02 2.235E-02 2.235E-02 5.093E-06 2.04E-03
2.692E-02 2.185E-02 2.185E-02 5.099E-06 2.09E-03
2.661E-02 2.136E-02 2.136E-02 5.103E-06 2.14E-03
2.630E-02 2.088E-02 2.087E-02 5.107E-06 2.20E-03
2.600E-02 2.040E-02 2.040E-02 5.111E-06 2.25E-03
2.570E-02 1.994E-02 1.993E-02 5.113E-06 2.30E-03
2.541E-02 1.948E-02 1.948E-02 5.115E-06 2.36E-03
2.512E-02 1.903E-02 1.903E-02 5.116E-06 2.42E-03
2.483E-02 1.859E-02 1.859E-02 5.116E-06 2.47E-03
2.455E-02 1.816E-02 1.816E-02 5.117E-06 2.53E-03
2.427E-02 1.774E-02 1.774E-02 5.117E-06 2.59E-03
2.399E-02 1.733E-02 1.733E-02 5.118E-06 2.66E-03
2.371E-02 1.693E-02 1.693E-02 5.119E-06 2.72E-03
2.344E-02 1.654E-02 1.654E-02 5.120E-06 2.79E-03
2.317E-02 1.616E-02 1.615E-02 5.120E-06 2.85E-03
2.291E-02 1.578E-02 1.578E-02 5.120E-06 2.92E-03
2.265E-02 1.541E-02 1.541E-02 5.119E-06 2.99E-03
2.239E-02 1.505E-02 1.505E-02 5.119E-06 3.07E-03
2.213E-02 1.470E-02 1.470E-02 5.118E-06 3.14E-03
2.188E-02 1.436E-02 1.435E-02 5.117E-06 3.21E-03
2.163E-02 1.402E-02 1.401E-02 5.115E-06 3.29E-03
2.138E-02 1.369E-02 1.369E-02 5.114E-06 3.37E-03
2.113E-02 1.337E-02 1.337E-02 5.113E-06 3.45E-03
2.089E-02 1.306E-02 1.305E-02 5.111E-06 3.53E-03
2.065E-02 1.274E-02 1.274E-02 5.108E-06 3.62E-03
2.042E-02 1.245E-02 1.245E-02 5.108E-06 3.71E-03
2.018E-02 1.216E-02 1.215E-02 5.107E-06 3.79E-03
1.995E-02 1.187E-02 1.187E-02 5.104E-06 3.88E-03
1.972E-02 1.159E-02 1.158E-02 5.100E-06 3.98E-03
1.950E-02 1.131E-02 1.130E-02 5.095E-06 4.07E-03
1.928E-02 1.103E-02 1.103E-02 5.090E-06 4.17E-03
1.905E-02 1.076E-02 1.076E-02 5.085E-06 4.27E-03
1.884E-02 1.050E-02 1.050E-02 5.081E-06 4.37E-03
1.862E-02 1.025E-02 1.025E-02 5.076E-06 4.48E-03
1.841E-02 1.000E-02 9.999E-03 5.070E-06 4.58E-03
1.820E-02 9.762E-03 9.757E-03 5.065E-06 4.69E-03
1.799E-02 9.526E-03 9.521E-03 5.059E-06 4.80E-03
1.778E-02 9.299E-03 9.294E-03 5.054E-06 4.92E-03
1.758E-02 9.076E-03 9.071E-03 5.050E-06 5.04E-03
1.738E-02 8.855E-03 8.850E-03 5.044E-06 5.16E-03
1.718E-02 8.639E-03 8.634E-03 5.038E-06 5.28E-03
1.698E-02 8.427E-03 8.422E-03 5.031E-06 5.40E-03
1.679E-02 8.221E-03 8.216E-03 5.025E-06 5.53E-03
1.660E-02 8.022E-03 8.017E-03 5.019E-06 5.66E-03
1.641E-02 7.827E-03 7.822E-03 5.013E-06 5.80E-03
1.622E-02 7.635E-03 7.630E-03 5.006E-06 5.94E-03
1.603E-02 7.447E-03 7.442E-03 4.998E-06 6.08E-03
1.585E-02 7.264E-03 7.259E-03 4.990E-06 6.22E-03
1.567E-02 7.085E-03 7.080E-03 4.983E-06 6.37E-03
1.549E-02 6.912E-03 6.907E-03 4.975E-06 6.52E-03
1.531E-02 6.741E-03 6.736E-03 4.968E-06 6.68E-03
1.514E-02 6.573E-03 6.568E-03 4.959E-06 6.83E-03
1.496E-02 6.409E-03 6.404E-03 4.950E-06 7.00E-03
1.479E-02 6.249E-03 6.244E-03 4.942E-06 7.16E-03
1.462E-02 6.093E-03 6.088E-03 4.933E-06 7.33E-03
1.445E-02 5.942E-03 5.938E-03 4.925E-06 7.51E-03
1.429E-02 5.794E-03 5.789E-03 4.915E-06 7.68E-03
1.413E-02 5.650E-03 5.645E-03 4.905E-06 7.87E-03
1.396E-02 5.509E-03 5.504E-03 4.896E-06 8.05E-03
1.380E-02 5.372E-03 5.367E-03 4.886E-06 8.24E-03
1.365E-02 5.239E-03 5.234E-03 4.876E-06 8.44E-03
1.349E-02 5.107E-03 5.102E-03 4.865E-06 8.64E-03
1.334E-02 4.978E-03 4.973E-03 4.853E-06 8.84E-03
1.318E-02 4.853E-03 4.848E-03 4.842E-06 9.05E-03
1.303E-02 4.732E-03 4.727E-03 4.831E-06 9.27E-03
1.288E-02 4.614E-03 4.610E-03 4.821E-06 9.48E-03
1.274E-02 4.498E-03 4.494E-03 4.810E-06 9.71E-03
1.259E-02 4.384E-03 4.379E-03 4.798E-06 9.94E-03
1.245E-02 4.271E-03 4.267E-03 4.785E-06 1.02E-02
1.230E-02 4.166E-03 4.161E-03 4.775E-06 1.04E-02
1.216E-02 4.064E-03 4.059E-03 4.766E-06 1.07E-02
1.202E-02 3.962E-03 3.958E-03 4.755E-06 1.09E-02
1.189E-02 3.862E-03 3.857E-03 4.743E-06 1.12E-02
1.175E-02 3.763E-03 3.758E-03 4.729E-06 1.14E-02
1.161E-02 3.665E-03 3.661E-03 4.714E-06 1.17E-02
1.148E-02 3.569E-03 3.565E-03 4.697E-06 1.20E-02
1.135E-02 3.476E-03 3.471E-03 4.681E-06 1.23E-02
1.122E-02 3.385E-03 3.381E-03 4.665E-06 1.26E-02
1.109E-02 3.299E-03 3.294E-03 4.649E-06 1.28E-02
1.096E-02 3.213E-03 3.209E-03 4.633E-06 1.32E-02
1.084E-02 3.130E-03 3.125E-03 4.616E-06 1.35E-02
1.072E-02 3.048E-03 3.044E-03 4.598E-06 1.38E-02
1.059E-02 2.969E-03 2.965E-03 4.581E-06 1.41E-02
1.047E-02 2.893E-03 2.889E-03 4.564E-06 1.44E-02
1.035E-02 2.820E-03 2.815E-03 4.548E-06 1.48E-02
1.023E-02 2.747E-03 2.743E-03 4.531E-06 1.51E-02
1.012E-02 2.676E-03 2.671E-03 4.512E-06 1.55E-02
1.000E-02 2.606E-03 2.601E-03 4.493E-06 1.59E-02
9.886E-03 2.537E-03 2.533E-03 4.474E-06 1.62E-02
9.772E-03 2.471E-03 2.466E-03 4.454E-06 1.66E-02
9.661E-03 2.407E-03 2.402E-03 4.435E-06 1.70E-02
9.550E-03 2.345E-03 2.340E-03 4.416E-06 1.74E-02
9.441E-03 2.284E-03 2.280E-03 4.396E-06 1.78E-02
9.333E-03 2.224E-03 2.220E-03 4.375E-06 1.82E-02
9.226E-03 2.165E-03 2.161E-03 4.353E-06 1.87E-02
9.120E-03 2.108E-03 2.104E-03 4.330E-06 1.91E-02
9.016E-03 2.053E-03 2.048E-03 4.307E-06 1.96E-02
8.913E-03 1.999E-03 1.995E-03 4.285E-06 2.00E-02
8.810E-03 1.947E-03 1.943E-03 4.262E-06 2.05E-02
8.710E-03 1.896E-03 1.892E-03 4.238E-06 2.10E-02
8.610E-03 1.846E-03 1.842E-03 4.212E-06 2.15E-02
8.511E-03 1.797E-03 1.793E-03 4.186E-06 2.20E-02
8.414E-03 1.749E-03 1.745E-03 4.160E-06 2.25E-02
8.318E-03 1.703E-03 1.699E-03 4.134E-06 2.30E-02
8.222E-03 1.659E-03 1.655E-03 4.107E-06 2.36E-02
8.128E-03 1.615E-03 1.611E-03 4.079E-06 2.41E-02
8.035E-03 1.572E-03 1.568E-03 4.049E-06 2.47E-02
7.943E-03 1.530E-03 1.526E-03 4.019E-06 2.53E-02
7.852E-03 1.489E-03 1.485E-03 3.989E-06 2.59E-02
7.762E-03 1.450E-03 1.446E-03 3.958E-06 2.65E-02
7.674E-03 1.411E-03 1.407E-03 3.926E-06 2.71E-02
7.586E-03 1.372E-03 1.369E-03 3.892E-06 2.77E-02
7.499E-03 1.335E-03 1.332E-03 3.858E-06 2.84E-02
7.413E-03 1.300E-03 1.296E-03 3.824E-06 2.91E-02
7.328E-03 1.266E-03 1.262E-03 3.790E-06 2.98E-02
7.244E-03 1.232E-03 1.228E-03 3.755E-06 3.05E-02
7.161E-03 1.199E-03 1.195E-03 3.718E-06 3.12E-02
7.079E-03 1.167E-03 1.164E-03 3.681E-06 3.19E-02
6.998E-03 1.136E-03 1.133E-03 3.643E-06 3.27E-02
6.918E-03 1.106E-03 1.102E-03 3.603E-06 3.34E-02
6.839E-03 1.076E-03 1.073E-03 3.562E-06 3.42E-02
6.761E-03 1.047E-03 1.044E-03 3.520E-06 3.50E-02
6.683E-03 1.019E-03 1.016E-03 3.476E-06 3.59E-02
6.607E-03 9.913E-04 9.879E-04 3.430E-06 3.67E-02
6.531E-03 9.643E-04 9.609E-04 3.382E-06 3.76E-02
6.457E-03 9.386E-04 9.352E-04 3.335E-06 3.85E-02
6.383E-03 9.132E-04 9.100E-04 3.286E-06 3.94E-02
6.310E-03 8.883E-04 8.851E-04 3.235E-06 4.03E-02
6.237E-03 8.638E-04 8.606E-04 3.181E-06 4.13E-02
6.166E-03 8.407E-04 8.376E-04 3.128E-06 4.22E-02
6.095E-03 8.188E-04 8.157E-04 3.076E-06 4.32E-02
6.026E-03 7.971E-04 7.941E-04 3.020E-06 4.43E-02
5.957E-03 7.756E-04 7.726E-04 2.960E-06 4.53E-02
5.888E-03 7.543E-04 7.514E-04 2.896E-06 4.64E-02
5.821E-03 7.334E-04 7.306E-04 2.829E-06 4.75E-02
5.754E-03 7.130E-04 7.102E-04 2.758E-06 4.86E-02
5.689E-03 6.929E-04 6.903E-04 2.684E-06 4.98E-02
5.623E-03 6.736E-04 6.710E-04 2.608E-06 5.09E-02
5.559E-03 6.551E-04 6.526E-04 2.534E-06 5.22E-02
5.495E-03 6.370E-04 6.346E-04 2.454E-06 5.34E-02
5.433E-03 6.193E-04 6.169E-04 2.369E-06 5.47E-02
5.370E-03 6.021E-04 5.998E-04 2.279E-06 5.60E-02
5.309E-03 5.854E-04 5.832E-04 2.183E-06 5.73E-02
5.248E-03 5.693E-04 5.672E-04 2.082E-06 5.86E-02
5.188E-03 5.538E-04 5.518E-04 1.977E-06 6.00E-02
5.129E-03 5.387E-04 5.368E-04 1.917E-06 6.15E-02
5.070E-03 5.237E-04 5.219E-04 1.858E-06 6.29E-02
5.012E-03 5.091E-04 5.073E-04 1.764E-06 6.44E-02
4.955E-03 4.947E-04 4.931E-04 1.634E-06 6.59E-02
4.898E-03 4.809E-04 4.794E-04 1.469E-06 6.75E-02
4.842E-03 4.674E-04 4.662E-04 1.273E-06 6.91E-02
4.786E-03 4.546E-04 4.535E-04 1.051E-06 7.08E-02
4.732E-03 4.415E-04 4.408E-04 7.320E-07 7.25E-02
4.677E-03 4.285E-04 4.281E-04 3.888E-07 7.42E-02
4.624E-03 4.160E-04 4.159E-04 1.204E-07 8.39E-02
4.571E-03 4.040E-04 4.040E-04 1.412E-08 1.25E-01
4.519E-03 3.929E-04 3.927E-04 1.805E-07 7.97E-02
4.467E-03 3.827E-04 3.820E-04 7.632E-07 8.16E-02
4.416E-03 8.463E-03 8.457E-03 5.838E-06 8.36E-02
4.365E-03 8.296E-03 8.291E-03 5.251E-06 8.55E-02
4.315E-03 8.133E-03 8.128E-03 4.796E-06 8.76E-02
4.266E-03 7.970E-03 7.966E-03 4.739E-06 8.96E-02
4.217E-03 7.808E-03 7.803E-03 4.987E-06 9.17E-02
4.169E-03 7.645E-03 7.640E-03 5.442E-06 9.39E-02
4.121E-03 7.484E-03 7.478E-03 5.938E-06 9.61E-02
4.074E-03 7.324E-03 7.318E-03 6.254E-06 9.84E-02
4.027E-03 7.165E-03 7.159E-03 6.532E-06 1.01E-01
3.981E-03 7.008E-03 7.001E-03 6.738E-06 1.03E-01
3.935E-03 6.851E-03 6.844E-03 6.842E-06 1.06E-01
3.890E-03 6.696E-03 6.690E-03 6.820E-06 1.08E-01
3.846E-03 6.544E-03 6.538E-03 6.861E-06 1.11E-01
3.802E-03 6.394E-03 6.387E-03 6.984E-06 1.13E-01
3.758E-03 6.246E-03 6.239E-03 7.095E-06 1.16E-01
3.715E-03 6.100E-03 6.093E-03 7.192E-06 1.19E-01
3.673E-03 5.956E-03 5.949E-03 7.269E-06 1.22E-01
3.631E-03 5.816E-03 5.808E-03 7.334E-06 1.25E-01
3.589E-03 5.677E-03 5.669E-03 7.405E-06 1.28E-01
3.548E-03 5.540E-03 5.532E-03 7.469E-06 1.31E-01
3.508E-03 5.405E-03 5.398E-03 7.524E-06 1.34E-01
3.467E-03 5.273E-03 5.266E-03 7.569E-06 1.37E-01
3.428E-03 5.144E-03 5.137E-03 7.605E-06 1.40E-01
3.388E-03 5.017E-03 5.009E-03 7.640E-06 1.44E-01
3.350E-03 4.892E-03 4.884E-03 7.669E-06 1.47E-01
3.311E-03 4.769E-03 4.761E-03 7.691E-06 1.51E-01
3.273E-03 4.648E-03 4.641E-03 7.705E-06 1.54E-01
3.236E-03 4.532E-03 4.525E-03 7.712E-06 1.58E-01
3.199E-03 4.418E-03 4.410E-03 7.716E-06 1.62E-01
3.162E-03 4.304E-03 4.296E-03 7.716E-06 1.65E-01
3.126E-03 4.192E-03 4.184E-03 7.713E-06 1.69E-01
3.090E-03 4.083E-03 4.076E-03 7.707E-06 1.73E-01
3.055E-03 3.984E-03 3.976E-03 7.699E-06 1.78E-01
3.020E-03 3.884E-03 3.876E-03 7.687E-06 1.82E-01
2.985E-03 3.784E-03 3.777E-03 7.670E-06 1.86E-01
2.951E-03 3.685E-03 3.678E-03 7.650E-06 1.91E-01
2.917E-03 3.587E-03 3.579E-03 7.626E-06 1.95E-01
2.884E-03 3.490E-03 3.482E-03 7.598E-06 2.00E-01
2.851E-03 3.393E-03 3.386E-03 7.566E-06 2.05E-01
2.818E-03 3.298E-03 3.291E-03 7.530E-06 2.10E-01
2.786E-03 3.205E-03 3.197E-03 7.490E-06 2.14E-01
2.754E-03 3.114E-03 3.106E-03 7.447E-06 2.20E-01
2.723E-03 3.028E-03 3.021E-03 7.399E-06 2.25E-01
2.692E-03 2.944E-03 2.937E-03 7.348E-06 2.30E-01
2.661E-03 2.862E-03 2.855E-03 7.292E-06 2.36E-01
2.630E-03 2.781E-03 2.774E-03 7.234E-06 2.41E-01
2.600E-03 2.702E-03 2.695E-03 7.172E-06 2.47E-01
2.570E-03 2.626E-03 2.619E-03 7.107E-06 2.53E-01
2.541E-03 2.552E-03 2.545E-03 7.039E-06 2.59E-01
2.512E-03 2.481E-03 2.474E-03 6.968E-06 2.65E-01
2.483E-03 2.413E-03 2.406E-03 6.894E-06 2.71E-01
2.455E-03 2.345E-03 2.338E-03 6.823E-06 2.77E-01
2.427E-03 2.278E-03 2.271E-03 6.751E-06 2.84E-01
2.399E-03 2.212E-03 2.205E-03 6.676E-06 2.90E-01
2.371E-03 2.148E-03 2.141E-03 6.600E-06 2.97E-01
2.344E-03 2.085E-03 2.079E-03 6.522E-06 3.04E-01
2.317E-03 2.025E-03 2.018E-03 6.443E-06 3.11E-01
2.291E-03 1.966E-03 1.960E-03 6.363E-06 3.18E-01
2.265E-03 1.911E-03 1.904E-03 6.283E-06 3.25E-01
2.239E-03 1.856E-03 1.850E-03 6.202E-06 3.33E-01
2.213E-03 1.802E-03 1.796E-03 6.119E-06 3.40E-01
2.188E-03 1.749E-03 1.743E-03 6.034E-06 3.48E-01
2.163E-03 1.697E-03 1.691E-03 5.949E-06 3.56E-01
2.138E-03 1.646E-03 1.640E-03 5.863E-06 3.64E-01
2.113E-03 1.598E-03 1.592E-03 5.777E-06 3.72E-01
2.089E-03 1.551E-03 1.545E-03 5.691E-06 3.80E-01
2.065E-03 1.506E-03 1.500E-03 5.605E-06 3.88E-01
2.042E-03 1.461E-03 1.456E-03 5.519E-06 3.97E-01
2.018E-03 1.418E-03 1.412E-03 5.432E-06 4.06E-01
1.995E-03 1.375E-03 1.369E-03 5.344E-06 4.14E-01
1.972E-03 1.333E-03 1.328E-03 5.257E-06 4.23E-01
1.950E-03 1.293E-03 1.288E-03 5.170E-06 4.32E-01
1.928E-03 1.254E-03 1.249E-03 5.083E-06 4.41E-01
1.905E-03 1.217E-03 1.212E-03 4.998E-06 4.50E-01
1.884E-03 1.181E-03 1.176E-03 4.911E-06 4.59E-01
1.862E-03 1.145E-03 1.140E-03 4.824E-06 4.69E-01
1.841E-03 1.109E-03 1.105E-03 4.738E-06 4.78E-01
1.820E-03 1.075E-03 1.071E-03 4.651E-06 4.88E-01
1.799E-03 1.043E-03 1.038E-03 4.566E-06 4.97E-01
1.778E-03 1.011E-03 1.006E-03 4.482E-06 5.07E-01
1.758E-03 9.803E-04 9.759E-04 4.398E-06 5.16E-01
1.738E-03 9.502E-04 9.459E-04 4.314E-06 5.26E-01
1.718E-03 9.208E-04 9.166E-04 4.231E-06 5.35E-01
1.698E-03 8.923E-04 8.881E-04 4.149E-06 5.45E-01
1.679E-03 8.647E-04 8.607E-04 4.069E-06 5.55E-01
1.660E-03 8.383E-04 8.343E-04 3.989E-06 5.64E-01
1.641E-03 8.126E-04 8.086E-04 3.912E-06 5.74E-01
1.622E-03 7.873E-04 7.834E-04 3.835E-06 5.83E-01
1.603E-03 7.626E-04 7.589E-04 3.759E-06 5.93E-01
1.585E-03 7.388E-04 7.351E-04 3.684E-06 6.02E-01
1.567E-03 7.157E-04 7.121E-04 3.611E-06 6.11E-01
1.549E-03 6.936E-04 6.901E-04 3.539E-06 6.20E-01
1.531E-03 6.720E-04 6.685E-04 3.468E-06 6.29E-01
1.514E-03 6.509E-04 6.475E-04 3.398E-06 6.38E-01
1.496E-03 6.304E-04 6.270E-04 3.329E-06 6.47E-01
1.479E-03 6.105E-04 6.073E-04 3.262E-06 6.55E-01
1.462E-03 5.915E-04 5.883E-04 3.196E-06 6.63E-01
1.445E-03 5.729E-04 5.698E-04 3.132E-06 6.71E-01
1.429E-03 5.548E-04 5.517E-04 3.069E-06 6.79E-01
1.413E-03 5.371E-04 5.341E-04 3.008E-06 6.87E-01
1.396E-03 5.200E-04 5.171E-04 2.948E-06 6.94E-01
1.380E-03 5.036E-04 5.007E-04 2.889E-06 7.01E-01
1.365E-03 4.877E-04 4.849E-04 2.832E-06 7.08E-01
1.349E-03 4.722E-04 4.694E-04 2.775E-06 7.14E-01
1.334E-03 4.571E-04 4.544E-04 2.720E-06 7.20E-01
1.318E-03 4.426E-04 4.400E-04 2.666E-06 7.26E-01
1.303E-03 4.287E-04 4.261E-04 2.614E-06 7.32E-01
1.288E-03 4.153E-04 4.128E-04 2.563E-06 7.37E-01
1.274E-03 4.021E-04 3.996E-04 2.513E-06 7.42E-01
1.259E-03 3.892E-04 3.867E-04 2.463E-06 7.47E-01
1.245E-03 3.766E-04 3.741E-04 2.414E-06 7.52E-01
1.230E-03 3.649E-04 3.625E-04 2.368E-06 7.56E-01
1.216E-03 3.536E-04 3.513E-04 2.324E-06 7.60E-01
1.202E-03 3.425E-04 3.402E-04 2.281E-06 7.63E-01
1.189E-03 3.316E-04 3.293E-04 2.237E-06 7.67E-01
1.175E-03 3.208E-04 3.186E-04 2.194E-06 7.70E-01
1.161E-03 3.102E-04 3.081E-04 2.151E-06 7.73E-01
1.148E-03 3.000E-04 2.978E-04 2.109E-06 7.76E-01
1.135E-03 2.900E-04 2.879E-04 2.068E-06 7.79E-01
1.122E-03 2.804E-04 2.784E-04 2.028E-06 7.82E-01
1.109E-03 2.713E-04 2.693E-04 1.989E-06 7.84E-01
1.096E-03 2.625E-04 2.605E-04 1.950E-06 7.87E-01
1.084E-03 2.538E-04 2.519E-04 1.911E-06 7.89E-01
1.072E-03 2.455E-04 2.436E-04 1.874E-06 7.92E-01
1.059E-03 2.375E-04 2.356E-04 1.837E-06 7.94E-01
1.047E-03 2.298E-04 2.280E-04 1.800E-06 7.96E-01
1.035E-03 2.226E-04 2.208E-04 1.766E-06 7.99E-01
1.023E-03 2.154E-04 2.137E-04 1.731E-06 8.01E-01
1.012E-03 2.083E-04 2.067E-04 1.696E-06 8.04E-01
