w(micron)   Q_ext     Q_abs     Q_sca    g=<cos>
1.000E+03 2.319E-09 2.319E-09 1.643E-22 0.00E+00
9.886E+02 2.372E-09 2.372E-09 1.720E-22 0.00E+00
9.772E+02 2.426E-09 2.426E-09 1.801E-22 0.00E+00
9.661E+02 2.481E-09 2.481E-09 1.886E-22 0.00E+00
9.550E+02 2.538E-09 2.538E-09 1.975E-22 0.00E+00
9.441E+02 2.596E-09 2.596E-09 2.068E-22 0.00E+00
9.333E+02 2.655E-09 2.655E-09 2.165E-22 0.00E+00
9.226E+02 2.716E-09 2.716E-09 2.267E-22 0.00E+00
9.120E+02 2.778E-09 2.778E-09 2.374E-22 0.00E+00
9.016E+02 2.842E-09 2.842E-09 2.486E-22 0.00E+00
8.913E+02 2.907E-09 2.907E-09 2.603E-22 0.00E+00
8.810E+02 2.973E-09 2.973E-09 2.725E-22 0.00E+00
8.710E+02 3.042E-09 3.042E-09 2.853E-22 0.00E+00
8.610E+02 3.111E-09 3.111E-09 2.988E-22 0.00E+00
8.511E+02 3.183E-09 3.183E-09 3.128E-22 0.00E+00
8.414E+02 3.255E-09 3.255E-09 3.276E-22 0.00E+00
8.318E+02 3.330E-09 3.330E-09 3.430E-22 0.00E+00
8.222E+02 3.406E-09 3.406E-09 3.591E-22 0.00E+00
8.128E+02 3.484E-09 3.484E-09 3.761E-22 0.00E+00
8.035E+02 3.564E-09 3.564E-09 3.938E-22 0.00E+00
7.943E+02 3.646E-09 3.646E-09 4.123E-22 0.00E+00
7.852E+02 3.730E-09 3.730E-09 4.317E-22 0.00E+00
7.762E+02 3.815E-09 3.815E-09 4.520E-22 0.00E+00
7.674E+02 3.903E-09 3.903E-09 4.733E-22 0.00E+00
7.586E+02 3.992E-09 3.992E-09 4.956E-22 0.00E+00
7.499E+02 4.084E-09 4.084E-09 5.189E-22 0.00E+00
7.413E+02 4.178E-09 4.178E-09 5.433E-22 0.00E+00
7.328E+02 4.273E-09 4.273E-09 5.689E-22 0.00E+00
7.244E+02 4.372E-09 4.372E-09 5.957E-22 0.00E+00
7.161E+02 4.472E-09 4.472E-09 6.237E-22 0.00E+00
7.079E+02 4.575E-09 4.575E-09 6.531E-22 0.00E+00
6.998E+02 4.680E-09 4.680E-09 6.838E-22 0.00E+00
6.918E+02 4.787E-09 4.787E-09 7.160E-22 0.00E+00
6.839E+02 4.897E-09 4.897E-09 7.497E-22 0.00E+00
6.761E+02 5.009E-09 5.009E-09 7.850E-22 0.00E+00
6.683E+02 5.124E-09 5.124E-09 8.219E-22 0.00E+00
6.607E+02 5.242E-09 5.242E-09 8.606E-22 0.00E+00
6.531E+02 5.362E-09 5.362E-09 9.011E-22 0.00E+00
6.457E+02 5.486E-09 5.486E-09 9.434E-22 0.00E+00
6.383E+02 5.611E-09 5.611E-09 9.878E-22 0.00E+00
6.310E+02 5.740E-09 5.740E-09 1.034E-21 0.00E+00
6.237E+02 5.872E-09 5.872E-09 1.083E-21 0.00E+00
6.166E+02 6.007E-09 6.007E-09 1.134E-21 0.00E+00
6.095E+02 6.145E-09 6.145E-09 1.187E-21 0.00E+00
6.026E+02 6.286E-09 6.286E-09 1.243E-21 0.00E+00
5.957E+02 6.430E-09 6.430E-09 1.302E-21 0.00E+00
5.888E+02 6.578E-09 6.578E-09 1.363E-21 0.00E+00
5.821E+02 6.729E-09 6.729E-09 1.427E-21 0.00E+00
5.754E+02 6.883E-09 6.883E-09 1.494E-21 0.00E+00
5.689E+02 7.041E-09 7.041E-09 1.564E-21 0.00E+00
5.623E+02 7.203E-09 7.203E-09 1.638E-21 0.00E+00
5.559E+02 7.368E-09 7.368E-09 1.715E-21 0.00E+00
5.495E+02 7.537E-09 7.537E-09 1.795E-21 0.00E+00
5.433E+02 7.710E-09 7.710E-09 1.880E-21 0.00E+00
5.370E+02 7.887E-09 7.887E-09 1.968E-21 0.00E+00
5.309E+02 8.068E-09 8.068E-09 2.061E-21 0.00E+00
5.248E+02 8.253E-09 8.253E-09 2.158E-21 0.00E+00
5.188E+02 8.443E-09 8.443E-09 2.259E-21 0.00E+00
5.129E+02 8.636E-09 8.636E-09 2.365E-21 0.00E+00
5.070E+02 8.834E-09 8.834E-09 2.477E-21 0.00E+00
5.012E+02 9.037E-09 9.037E-09 2.593E-21 0.00E+00
4.955E+02 9.244E-09 9.244E-09 2.715E-21 0.00E+00
4.898E+02 9.456E-09 9.456E-09 2.842E-21 0.00E+00
4.842E+02 9.673E-09 9.673E-09 2.976E-21 0.00E+00
4.786E+02 9.894E-09 9.894E-09 3.116E-21 0.00E+00
4.732E+02 1.012E-08 1.012E-08 3.262E-21 0.00E+00
4.677E+02 1.035E-08 1.035E-08 3.415E-21 0.00E+00
4.624E+02 1.059E-08 1.059E-08 3.576E-21 0.00E+00
4.571E+02 1.083E-08 1.083E-08 3.744E-21 0.00E+00
4.519E+02 1.108E-08 1.108E-08 3.920E-21 0.00E+00
4.467E+02 1.133E-08 1.133E-08 4.104E-21 0.00E+00
4.416E+02 1.159E-08 1.159E-08 4.297E-21 0.00E+00
4.365E+02 1.186E-08 1.186E-08 4.498E-21 0.00E+00
4.315E+02 1.213E-08 1.213E-08 4.710E-21 0.00E+00
4.266E+02 1.241E-08 1.241E-08 4.931E-21 0.00E+00
4.217E+02 1.269E-08 1.269E-08 5.162E-21 0.00E+00
4.169E+02 1.298E-08 1.298E-08 5.405E-21 0.00E+00
4.121E+02 1.328E-08 1.328E-08 5.659E-21 0.00E+00
4.074E+02 1.358E-08 1.358E-08 5.924E-21 0.00E+00
4.027E+02 1.389E-08 1.389E-08 6.202E-21 0.00E+00
3.981E+02 1.421E-08 1.421E-08 6.493E-21 0.00E+00
3.936E+02 1.453E-08 1.453E-08 6.798E-21 0.00E+00
3.890E+02 1.486E-08 1.486E-08 7.117E-21 0.00E+00
3.846E+02 1.520E-08 1.520E-08 7.451E-21 0.00E+00
3.802E+02 1.555E-08 1.555E-08 7.800E-21 0.00E+00
3.758E+02 1.590E-08 1.590E-08 8.166E-21 0.00E+00
3.715E+02 1.626E-08 1.626E-08 8.549E-21 0.00E+00
3.673E+02 1.663E-08 1.663E-08 8.950E-21 0.00E+00
3.631E+02 1.701E-08 1.701E-08 9.370E-21 0.00E+00
3.589E+02 1.740E-08 1.740E-08 9.810E-21 0.00E+00
3.548E+02 1.779E-08 1.779E-08 1.027E-20 0.00E+00
3.508E+02 1.820E-08 1.820E-08 1.075E-20 0.00E+00
3.467E+02 1.861E-08 1.861E-08 1.125E-20 0.00E+00
3.428E+02 1.903E-08 1.903E-08 1.178E-20 0.00E+00
3.388E+02 1.947E-08 1.947E-08 1.233E-20 0.00E+00
3.350E+02 1.991E-08 1.991E-08 1.291E-20 0.00E+00
3.311E+02 2.036E-08 2.036E-08 1.352E-20 0.00E+00
3.273E+02 2.082E-08 2.082E-08 1.415E-20 0.00E+00
3.236E+02 2.129E-08 2.129E-08 1.481E-20 0.00E+00
3.199E+02 2.177E-08 2.177E-08 1.551E-20 0.00E+00
3.162E+02 2.227E-08 2.227E-08 1.623E-20 0.00E+00
3.126E+02 2.277E-08 2.277E-08 1.699E-20 0.00E+00
3.090E+02 2.328E-08 2.328E-08 1.779E-20 0.00E+00
3.055E+02 2.381E-08 2.381E-08 1.862E-20 0.00E+00
3.020E+02 2.435E-08 2.435E-08 1.949E-20 0.00E+00
2.985E+02 2.490E-08 2.490E-08 2.041E-20 0.00E+00
2.951E+02 2.546E-08 2.546E-08 2.136E-20 0.00E+00
2.917E+02 2.603E-08 2.603E-08 2.236E-20 0.00E+00
2.884E+02 2.662E-08 2.662E-08 2.341E-20 0.00E+00
2.851E+02 2.722E-08 2.722E-08 2.450E-20 0.00E+00
2.818E+02 2.783E-08 2.783E-08 2.565E-20 0.00E+00
2.786E+02 2.846E-08 2.846E-08 2.684E-20 0.00E+00
2.754E+02 2.909E-08 2.909E-08 2.810E-20 0.00E+00
2.723E+02 2.975E-08 2.975E-08 2.941E-20 0.00E+00
2.692E+02 3.041E-08 3.041E-08 3.079E-20 0.00E+00
2.661E+02 3.110E-08 3.110E-08 3.223E-20 0.00E+00
2.630E+02 3.179E-08 3.179E-08 3.373E-20 0.00E+00
2.600E+02 3.250E-08 3.250E-08 3.531E-20 0.00E+00
2.570E+02 3.323E-08 3.323E-08 3.696E-20 0.00E+00
2.541E+02 3.397E-08 3.397E-08 3.868E-20 0.00E+00
2.512E+02 3.473E-08 3.473E-08 4.049E-20 0.00E+00
2.483E+02 3.551E-08 3.551E-08 4.238E-20 0.00E+00
2.455E+02 3.630E-08 3.630E-08 4.435E-20 0.00E+00
2.427E+02 3.711E-08 3.711E-08 4.642E-20 0.00E+00
2.399E+02 3.793E-08 3.793E-08 4.859E-20 0.00E+00
2.371E+02 3.877E-08 3.877E-08 5.085E-20 0.00E+00
2.344E+02 3.963E-08 3.963E-08 5.322E-20 0.00E+00
2.317E+02 4.051E-08 4.051E-08 5.570E-20 0.00E+00
2.291E+02 4.141E-08 4.141E-08 5.830E-20 0.00E+00
2.265E+02 4.233E-08 4.233E-08 6.101E-20 0.00E+00
2.239E+02 4.327E-08 4.327E-08 6.386E-20 0.00E+00
2.213E+02 4.422E-08 4.422E-08 6.683E-20 0.00E+00
2.188E+02 4.520E-08 4.520E-08 6.994E-20 0.00E+00
2.163E+02 4.619E-08 4.619E-08 7.320E-20 0.00E+00
2.138E+02 4.721E-08 4.721E-08 7.660E-20 0.00E+00
2.113E+02 4.825E-08 4.825E-08 8.017E-20 0.00E+00
2.089E+02 4.931E-08 4.931E-08 8.390E-20 0.00E+00
2.065E+02 5.040E-08 5.040E-08 8.780E-20 0.00E+00
2.042E+02 5.150E-08 5.150E-08 9.188E-20 0.00E+00
2.018E+02 5.263E-08 5.263E-08 9.615E-20 0.00E+00
1.995E+02 5.378E-08 5.378E-08 1.006E-19 0.00E+00
1.972E+02 5.496E-08 5.496E-08 1.053E-19 0.00E+00
1.950E+02 5.616E-08 5.616E-08 1.102E-19 0.00E+00
1.928E+02 5.739E-08 5.739E-08 1.153E-19 0.00E+00
1.905E+02 5.864E-08 5.864E-08 1.206E-19 0.00E+00
1.884E+02 5.991E-08 5.991E-08 1.262E-19 0.00E+00
1.862E+02 6.122E-08 6.122E-08 1.321E-19 0.00E+00
1.841E+02 6.255E-08 6.255E-08 1.382E-19 0.00E+00
1.820E+02 6.390E-08 6.390E-08 1.446E-19 0.00E+00
1.799E+02 6.529E-08 6.529E-08 1.513E-19 0.00E+00
1.778E+02 6.670E-08 6.670E-08 1.584E-19 0.00E+00
1.758E+02 6.815E-08 6.815E-08 1.657E-19 0.00E+00
1.738E+02 6.962E-08 6.962E-08 1.734E-19 0.00E+00
1.718E+02 7.112E-08 7.112E-08 1.814E-19 0.00E+00
1.698E+02 7.265E-08 7.265E-08 1.898E-19 0.00E+00
1.679E+02 7.421E-08 7.421E-08 1.986E-19 0.00E+00
1.660E+02 7.580E-08 7.580E-08 2.078E-19 0.00E+00
1.641E+02 7.743E-08 7.743E-08 2.174E-19 0.00E+00
1.622E+02 7.909E-08 7.909E-08 2.274E-19 0.00E+00
1.603E+02 8.078E-08 8.078E-08 2.379E-19 0.00E+00
1.585E+02 8.251E-08 8.251E-08 2.489E-19 0.00E+00
1.567E+02 8.427E-08 8.427E-08 2.604E-19 0.00E+00
1.549E+02 8.606E-08 8.606E-08 2.724E-19 0.00E+00
1.531E+02 8.789E-08 8.789E-08 2.850E-19 0.00E+00
1.514E+02 8.976E-08 8.976E-08 2.982E-19 0.00E+00
1.496E+02 9.166E-08 9.166E-08 3.119E-19 0.00E+00
1.479E+02 9.361E-08 9.361E-08 3.263E-19 0.00E+00
1.462E+02 9.559E-08 9.559E-08 3.413E-19 0.00E+00
1.445E+02 9.761E-08 9.761E-08 3.571E-19 0.00E+00
1.429E+02 9.967E-08 9.967E-08 3.735E-19 0.00E+00
1.413E+02 1.018E-07 1.018E-07 3.907E-19 0.00E+00
1.396E+02 1.039E-07 1.039E-07 4.087E-19 0.00E+00
1.380E+02 1.061E-07 1.061E-07 4.275E-19 0.00E+00
1.365E+02 1.083E-07 1.083E-07 4.472E-19 0.00E+00
1.349E+02 1.106E-07 1.106E-07 4.677E-19 0.00E+00
1.334E+02 1.129E-07 1.129E-07 4.892E-19 0.00E+00
1.318E+02 1.153E-07 1.153E-07 5.117E-19 0.00E+00
1.303E+02 1.177E-07 1.177E-07 5.352E-19 0.00E+00
1.288E+02 1.201E-07 1.201E-07 5.598E-19 0.00E+00
1.274E+02 1.226E-07 1.226E-07 5.855E-19 0.00E+00
1.259E+02 1.252E-07 1.252E-07 6.124E-19 0.00E+00
1.245E+02 1.278E-07 1.278E-07 6.404E-19 0.00E+00
1.230E+02 1.304E-07 1.304E-07 6.698E-19 0.00E+00
1.216E+02 1.332E-07 1.332E-07 7.005E-19 0.00E+00
1.202E+02 1.359E-07 1.359E-07 7.326E-19 0.00E+00
1.189E+02 1.387E-07 1.387E-07 7.662E-19 0.00E+00
1.175E+02 1.416E-07 1.416E-07 8.013E-19 0.00E+00
1.161E+02 1.445E-07 1.445E-07 8.379E-19 0.00E+00
1.148E+02 1.475E-07 1.475E-07 8.763E-19 0.00E+00
1.135E+02 1.505E-07 1.505E-07 9.164E-19 0.00E+00
1.122E+02 1.536E-07 1.536E-07 9.583E-19 0.00E+00
1.109E+02 1.568E-07 1.568E-07 1.002E-18 0.00E+00
1.096E+02 1.600E-07 1.600E-07 1.048E-18 0.00E+00
1.084E+02 1.633E-07 1.633E-07 1.096E-18 0.00E+00
1.072E+02 1.667E-07 1.667E-07 1.146E-18 0.00E+00
1.059E+02 1.701E-07 1.701E-07 1.198E-18 0.00E+00
1.047E+02 1.736E-07 1.736E-07 1.253E-18 0.00E+00
1.035E+02 1.771E-07 1.771E-07 1.310E-18 0.00E+00
1.023E+02 1.808E-07 1.808E-07 1.370E-18 0.00E+00
1.012E+02 1.845E-07 1.845E-07 1.432E-18 0.00E+00
1.000E+02 1.882E-07 1.882E-07 1.497E-18 0.00E+00
9.886E+01 1.921E-07 1.921E-07 1.565E-18 0.00E+00
9.772E+01 1.960E-07 1.960E-07 1.637E-18 0.00E+00
9.661E+01 2.000E-07 2.000E-07 1.711E-18 0.00E+00
9.550E+01 2.041E-07 2.041E-07 1.789E-18 0.00E+00
9.441E+01 2.083E-07 2.083E-07 1.871E-18 0.00E+00
9.333E+01 2.125E-07 2.125E-07 1.956E-18 0.00E+00
9.226E+01 2.168E-07 2.168E-07 2.045E-18 0.00E+00
9.120E+01 2.213E-07 2.213E-07 2.137E-18 0.00E+00
9.016E+01 2.258E-07 2.258E-07 2.235E-18 0.00E+00
8.913E+01 2.304E-07 2.304E-07 2.336E-18 0.00E+00
8.810E+01 2.351E-07 2.351E-07 2.442E-18 0.00E+00
8.710E+01 2.399E-07 2.399E-07 2.553E-18 0.00E+00
8.610E+01 2.448E-07 2.448E-07 2.669E-18 0.00E+00
8.511E+01 2.498E-07 2.498E-07 2.790E-18 0.00E+00
8.414E+01 2.549E-07 2.549E-07 2.917E-18 0.00E+00
8.318E+01 2.602E-07 2.602E-07 3.049E-18 0.00E+00
8.222E+01 2.655E-07 2.655E-07 3.188E-18 0.00E+00
8.128E+01 2.710E-07 2.710E-07 3.332E-18 0.00E+00
8.035E+01 2.766E-07 2.766E-07 3.484E-18 0.00E+00
7.943E+01 2.823E-07 2.823E-07 3.642E-18 0.00E+00
7.852E+01 2.881E-07 2.881E-07 3.807E-18 0.00E+00
7.762E+01 2.941E-07 2.941E-07 3.979E-18 0.00E+00
7.674E+01 3.002E-07 3.002E-07 4.160E-18 0.00E+00
7.586E+01 3.064E-07 3.064E-07 4.348E-18 0.00E+00
7.499E+01 3.128E-07 3.128E-07 4.545E-18 0.00E+00
7.413E+01 3.194E-07 3.194E-07 4.751E-18 0.00E+00
7.328E+01 3.260E-07 3.260E-07 4.967E-18 0.00E+00
7.244E+01 3.329E-07 3.329E-07 5.192E-18 0.00E+00
7.161E+01 3.399E-07 3.399E-07 5.427E-18 0.00E+00
7.079E+01 3.471E-07 3.471E-07 5.673E-18 0.00E+00
6.998E+01 3.545E-07 3.545E-07 5.930E-18 0.00E+00
6.918E+01 3.621E-07 3.621E-07 6.199E-18 0.00E+00
6.839E+01 3.698E-07 3.698E-07 6.480E-18 0.00E+00
6.761E+01 3.778E-07 3.778E-07 6.773E-18 0.00E+00
6.683E+01 3.859E-07 3.859E-07 7.080E-18 0.00E+00
6.607E+01 3.943E-07 3.943E-07 7.401E-18 0.00E+00
6.531E+01 4.029E-07 4.029E-07 7.736E-18 0.00E+00
6.457E+01 4.117E-07 4.117E-07 8.087E-18 0.00E+00
6.383E+01 4.207E-07 4.207E-07 8.453E-18 0.00E+00
6.310E+01 4.300E-07 4.300E-07 8.837E-18 0.00E+00
6.237E+01 4.396E-07 4.396E-07 9.237E-18 0.00E+00
6.166E+01 4.494E-07 4.494E-07 9.656E-18 0.00E+00
6.095E+01 4.596E-07 4.596E-07 1.009E-17 0.00E+00
6.026E+01 4.700E-07 4.700E-07 1.055E-17 0.00E+00
5.957E+01 4.807E-07 4.807E-07 1.103E-17 0.00E+00
5.888E+01 4.917E-07 4.917E-07 1.153E-17 0.00E+00
5.821E+01 5.030E-07 5.030E-07 1.205E-17 0.00E+00
5.754E+01 5.147E-07 5.147E-07 1.260E-17 0.00E+00
5.689E+01 5.268E-07 5.268E-07 1.317E-17 0.00E+00
5.623E+01 5.392E-07 5.392E-07 1.377E-17 0.00E+00
5.559E+01 5.520E-07 5.520E-07 1.440E-17 0.00E+00
5.495E+01 5.652E-07 5.652E-07 1.505E-17 0.00E+00
5.433E+01 5.789E-07 5.789E-07 1.574E-17 0.00E+00
5.370E+01 5.929E-07 5.929E-07 1.645E-17 0.00E+00
5.309E+01 6.075E-07 6.075E-07 1.720E-17 0.00E+00
5.248E+01 6.225E-07 6.225E-07 1.798E-17 0.00E+00
5.188E+01 6.380E-07 6.380E-07 1.880E-17 0.00E+00
5.129E+01 6.540E-07 6.540E-07 1.965E-17 0.00E+00
5.070E+01 6.706E-07 6.706E-07 2.055E-17 0.00E+00
5.012E+01 6.878E-07 6.878E-07 2.149E-17 0.00E+00
4.955E+01 7.056E-07 7.056E-07 2.246E-17 0.00E+00
4.898E+01 7.240E-07 7.240E-07 2.349E-17 0.00E+00
4.842E+01 7.430E-07 7.430E-07 2.456E-17 0.00E+00
4.786E+01 7.627E-07 7.627E-07 2.568E-17 0.00E+00
4.732E+01 7.832E-07 7.832E-07 2.685E-17 0.00E+00
4.677E+01 8.044E-07 8.044E-07 2.808E-17 0.00E+00
4.624E+01 8.263E-07 8.263E-07 2.936E-17 0.00E+00
4.571E+01 8.491E-07 8.491E-07 3.070E-17 0.00E+00
4.519E+01 8.727E-07 8.727E-07 3.210E-17 0.00E+00
4.467E+01 8.971E-07 8.971E-07 3.357E-17 0.00E+00
4.416E+01 9.225E-07 9.225E-07 3.510E-17 0.00E+00
4.365E+01 9.489E-07 9.489E-07 3.671E-17 0.00E+00
4.315E+01 9.762E-07 9.762E-07 3.839E-17 0.00E+00
4.266E+01 1.005E-06 1.005E-06 4.014E-17 0.00E+00
4.217E+01 1.034E-06 1.034E-06 4.198E-17 0.00E+00
4.169E+01 1.065E-06 1.065E-06 4.390E-17 0.00E+00
4.121E+01 1.096E-06 1.096E-06 4.591E-17 0.00E+00
4.074E+01 1.129E-06 1.129E-06 4.802E-17 0.00E+00
4.027E+01 1.163E-06 1.163E-06 5.022E-17 0.00E+00
3.981E+01 1.199E-06 1.199E-06 5.252E-17 0.00E+00
3.936E+01 1.236E-06 1.236E-06 5.493E-17 0.00E+00
3.890E+01 1.274E-06 1.274E-06 5.745E-17 0.00E+00
3.846E+01 1.313E-06 1.313E-06 6.009E-17 0.00E+00
3.802E+01 1.354E-06 1.354E-06 6.285E-17 0.00E+00
3.758E+01 1.396E-06 1.396E-06 6.574E-17 0.00E+00
3.715E+01 1.440E-06 1.440E-06 6.876E-17 0.00E+00
3.673E+01 1.486E-06 1.486E-06 7.193E-17 0.00E+00
3.631E+01 1.532E-06 1.532E-06 7.524E-17 0.00E+00
3.589E+01 1.581E-06 1.581E-06 7.870E-17 0.00E+00
3.548E+01 1.631E-06 1.631E-06 8.233E-17 0.00E+00
3.508E+01 1.682E-06 1.682E-06 8.612E-17 0.00E+00
3.467E+01 1.735E-06 1.735E-06 9.010E-17 0.00E+00
3.428E+01 1.789E-06 1.789E-06 9.425E-17 0.00E+00
3.388E+01 1.845E-06 1.845E-06 9.860E-17 0.00E+00
3.350E+01 1.902E-06 1.902E-06 1.032E-16 0.00E+00
3.311E+01 1.960E-06 1.960E-06 1.079E-16 0.00E+00
3.273E+01 2.019E-06 2.019E-06 1.129E-16 0.00E+00
3.236E+01 2.079E-06 2.079E-06 1.181E-16 0.00E+00
3.199E+01 2.140E-06 2.140E-06 1.236E-16 0.00E+00
3.162E+01 2.201E-06 2.201E-06 1.293E-16 0.00E+00
3.126E+01 2.263E-06 2.263E-06 1.353E-16 0.00E+00
3.090E+01 2.326E-06 2.326E-06 1.416E-16 0.00E+00
3.055E+01 2.388E-06 2.388E-06 1.481E-16 0.00E+00
3.020E+01 2.450E-06 2.450E-06 1.550E-16 0.00E+00
2.985E+01 2.511E-06 2.511E-06 1.622E-16 0.00E+00
2.951E+01 2.572E-06 2.572E-06 1.697E-16 0.00E+00
2.917E+01 2.632E-06 2.632E-06 1.776E-16 0.00E+00
2.884E+01 2.691E-06 2.691E-06 1.858E-16 0.00E+00
2.851E+01 2.749E-06 2.749E-06 1.944E-16 0.00E+00
2.818E+01 2.806E-06 2.806E-06 2.035E-16 0.00E+00
2.786E+01 2.861E-06 2.861E-06 2.129E-16 0.00E+00
2.754E+01 2.916E-06 2.916E-06 2.228E-16 0.00E+00
2.723E+01 2.971E-06 2.971E-06 2.332E-16 0.00E+00
2.692E+01 3.025E-06 3.025E-06 2.440E-16 0.00E+00
2.661E+01 3.082E-06 3.082E-06 2.553E-16 0.00E+00
2.630E+01 3.142E-06 3.142E-06 2.672E-16 0.00E+00
2.600E+01 3.209E-06 3.209E-06 2.796E-16 0.00E+00
2.570E+01 3.285E-06 3.285E-06 2.926E-16 0.00E+00
2.541E+01 3.379E-06 3.379E-06 3.062E-16 0.00E+00
2.512E+01 3.500E-06 3.500E-06 3.205E-16 0.00E+00
2.483E+01 3.666E-06 3.666E-06 3.354E-16 0.00E+00
2.455E+01 3.906E-06 3.906E-06 3.510E-16 0.00E+00
2.427E+01 4.278E-06 4.278E-06 3.672E-16 0.00E+00
2.399E+01 4.891E-06 4.891E-06 3.843E-16 0.00E+00
2.371E+01 5.955E-06 5.955E-06 4.022E-16 0.00E+00
2.344E+01 7.707E-06 7.707E-06 4.209E-16 0.00E+00
2.317E+01 9.493E-06 9.493E-06 4.405E-16 0.00E+00
2.291E+01 9.229E-06 9.229E-06 4.611E-16 0.00E+00
2.265E+01 7.880E-06 7.880E-06 4.825E-16 0.00E+00
2.239E+01 7.342E-06 7.342E-06 5.050E-16 0.00E+00
2.213E+01 7.966E-06 7.966E-06 5.286E-16 0.00E+00
2.188E+01 1.015E-05 1.015E-05 5.532E-16 0.00E+00
2.163E+01 1.516E-05 1.516E-05 5.790E-16 0.00E+00
2.138E+01 2.406E-05 2.406E-05 6.060E-16 0.00E+00
2.113E+01 2.742E-05 2.742E-05 6.343E-16 0.00E+00
2.089E+01 1.861E-05 1.861E-05 6.639E-16 0.00E+00
2.065E+01 1.136E-05 1.136E-05 6.949E-16 0.00E+00
2.042E+01 7.668E-06 7.668E-06 7.273E-16 0.00E+00
2.018E+01 5.772E-06 5.772E-06 7.612E-16 0.00E+00
1.995E+01 4.728E-06 4.728E-06 7.967E-16 0.00E+00
1.972E+01 4.130E-06 4.130E-06 8.338E-16 0.00E+00
1.950E+01 3.807E-06 3.807E-06 8.727E-16 0.00E+00
1.928E+01 3.706E-06 3.706E-06 9.134E-16 0.00E+00
1.905E+01 3.876E-06 3.876E-06 9.560E-16 0.00E+00
1.884E+01 4.571E-06 4.571E-06 1.001E-15 0.00E+00
1.862E+01 6.832E-06 6.832E-06 1.047E-15 0.00E+00
1.841E+01 1.589E-05 1.589E-05 1.096E-15 0.00E+00
1.820E+01 2.547E-05 2.547E-05 1.148E-15 0.00E+00
1.799E+01 9.543E-06 9.543E-06 1.201E-15 0.00E+00
1.778E+01 5.027E-06 5.027E-06 1.257E-15 0.00E+00
1.758E+01 3.644E-06 3.644E-06 1.316E-15 0.00E+00
1.738E+01 3.112E-06 3.112E-06 1.378E-15 0.00E+00
1.718E+01 2.941E-06 2.941E-06 1.442E-15 0.00E+00
1.698E+01 3.073E-06 3.073E-06 1.510E-15 0.00E+00
1.679E+01 3.833E-06 3.833E-06 1.580E-15 0.00E+00
1.660E+01 7.771E-06 7.771E-06 1.654E-15 0.00E+00
1.641E+01 4.096E-05 4.096E-05 1.732E-15 0.00E+00
1.622E+01 8.320E-06 8.320E-06 1.813E-15 0.00E+00
1.603E+01 3.760E-06 3.760E-06 1.898E-15 0.00E+00
1.585E+01 2.811E-06 2.811E-06 1.986E-15 0.00E+00
1.567E+01 2.487E-06 2.487E-06 2.079E-15 0.00E+00
1.549E+01 2.358E-06 2.358E-06 2.177E-15 0.00E+00
1.531E+01 2.317E-06 2.317E-06 2.279E-15 0.00E+00
1.514E+01 2.327E-06 2.327E-06 2.386E-15 0.00E+00
1.496E+01 2.376E-06 2.376E-06 2.498E-15 0.00E+00
1.479E+01 2.460E-06 2.460E-06 2.615E-15 0.00E+00
1.462E+01 2.581E-06 2.581E-06 2.738E-15 0.00E+00
1.445E+01 2.745E-06 2.745E-06 2.866E-15 0.00E+00
1.429E+01 2.964E-06 2.964E-06 3.001E-15 0.00E+00
1.413E+01 3.254E-06 3.254E-06 3.142E-15 0.00E+00
1.396E+01 3.643E-06 3.643E-06 3.289E-15 0.00E+00
1.380E+01 4.174E-06 4.174E-06 3.443E-15 0.00E+00
1.365E+01 4.916E-06 4.916E-06 3.605E-15 0.00E+00
1.349E+01 5.984E-06 5.984E-06 3.774E-15 0.00E+00
1.334E+01 7.566E-06 7.566E-06 3.951E-15 0.00E+00
1.318E+01 9.958E-06 9.958E-06 4.137E-15 0.00E+00
1.303E+01 1.349E-05 1.349E-05 4.330E-15 0.00E+00
1.288E+01 1.798E-05 1.798E-05 4.534E-15 0.00E+00
1.274E+01 2.135E-05 2.135E-05 4.746E-15 0.00E+00
1.259E+01 2.081E-05 2.081E-05 4.969E-15 0.00E+00
1.245E+01 1.775E-05 1.775E-05 5.203E-15 0.00E+00
1.230E+01 1.555E-05 1.555E-05 5.448E-15 0.00E+00
1.216E+01 1.615E-05 1.615E-05 5.704E-15 0.00E+00
1.202E+01 2.236E-05 2.236E-05 5.972E-15 0.00E+00
1.189E+01 3.086E-05 3.086E-05 6.258E-15 0.00E+00
1.175E+01 2.545E-05 2.545E-05 6.565E-15 0.00E+00
1.161E+01 2.872E-05 2.872E-05 6.902E-15 0.00E+00
1.148E+01 4.543E-05 4.543E-05 7.032E-15 0.00E+00
1.135E+01 7.275E-05 7.275E-05 7.465E-15 0.00E+00
1.122E+01 6.635E-05 6.635E-05 7.829E-15 0.00E+00
1.109E+01 3.775E-05 3.775E-05 8.207E-15 0.00E+00
1.096E+01 2.156E-05 2.156E-05 8.598E-15 0.00E+00
1.084E+01 1.385E-05 1.385E-05 9.006E-15 0.00E+00
1.072E+01 9.874E-06 9.874E-06 9.431E-15 0.00E+00
1.059E+01 7.633E-06 7.633E-06 9.874E-15 0.00E+00
1.047E+01 6.281E-06 6.281E-06 1.034E-14 0.00E+00
1.035E+01 5.428E-06 5.428E-06 1.082E-14 0.00E+00
1.023E+01 4.882E-06 4.882E-06 1.133E-14 0.00E+00
1.012E+01 4.539E-06 4.539E-06 1.186E-14 0.00E+00
1.000E+01 4.341E-06 4.341E-06 1.242E-14 0.00E+00
9.886E+00 4.259E-06 4.259E-06 1.300E-14 0.00E+00
9.772E+00 4.275E-06 4.275E-06 1.361E-14 0.00E+00
9.661E+00 4.386E-06 4.386E-06 1.425E-14 0.00E+00
9.550E+00 4.598E-06 4.598E-06 1.492E-14 0.00E+00
9.441E+00 4.928E-06 4.928E-06 1.562E-14 0.00E+00
9.333E+00 5.412E-06 5.412E-06 1.635E-14 0.00E+00
9.226E+00 6.114E-06 6.114E-06 1.712E-14 0.00E+00
9.120E+00 7.150E-06 7.150E-06 1.792E-14 0.00E+00
9.016E+00 8.741E-06 8.741E-06 1.877E-14 0.00E+00
8.913E+00 1.132E-05 1.132E-05 1.965E-14 0.00E+00
8.810E+00 1.567E-05 1.567E-05 2.057E-14 0.00E+00
8.710E+00 2.242E-05 2.242E-05 2.153E-14 0.00E+00
8.610E+00 2.805E-05 2.805E-05 2.254E-14 0.00E+00
8.511E+00 2.591E-05 2.591E-05 2.360E-14 0.00E+00
8.414E+00 2.124E-05 2.124E-05 2.470E-14 0.00E+00
8.318E+00 1.918E-05 1.918E-05 2.586E-14 0.00E+00
8.222E+00 1.969E-05 1.969E-05 2.707E-14 0.00E+00
8.128E+00 2.222E-05 2.222E-05 2.834E-14 0.00E+00
8.035E+00 2.657E-05 2.657E-05 2.966E-14 0.00E+00
7.943E+00 3.253E-05 3.253E-05 3.105E-14 0.00E+00
7.852E+00 3.926E-05 3.926E-05 3.250E-14 0.00E+00
7.762E+00 4.452E-05 4.452E-05 3.402E-14 0.00E+00
7.674E+00 4.545E-05 4.545E-05 3.562E-14 0.00E+00
7.586E+00 4.135E-05 4.135E-05 3.729E-14 0.00E+00
7.499E+00 3.451E-05 3.451E-05 3.903E-14 0.00E+00
7.413E+00 2.761E-05 2.761E-05 4.086E-14 0.00E+00
7.328E+00 2.189E-05 2.189E-05 4.277E-14 0.00E+00
7.244E+00 1.755E-05 1.755E-05 4.478E-14 0.00E+00
7.161E+00 1.436E-05 1.436E-05 4.687E-14 0.00E+00
7.079E+00 1.205E-05 1.205E-05 4.907E-14 0.00E+00
6.998E+00 1.039E-05 1.039E-05 5.136E-14 0.00E+00
6.918E+00 9.233E-06 9.233E-06 5.377E-14 0.00E+00
6.839E+00 8.486E-06 8.486E-06 5.628E-14 0.00E+00
6.761E+00 8.108E-06 8.108E-06 5.891E-14 0.00E+00
6.683E+00 8.114E-06 8.114E-06 6.167E-14 0.00E+00
6.607E+00 8.597E-06 8.597E-06 6.455E-14 0.00E+00
6.531E+00 9.775E-06 9.775E-06 6.757E-14 0.00E+00
6.457E+00 1.211E-05 1.211E-05 7.073E-14 0.00E+00
6.383E+00 1.650E-05 1.650E-05 7.403E-14 0.00E+00
6.310E+00 2.408E-05 2.408E-05 7.748E-14 0.00E+00
6.237E+00 3.299E-05 3.299E-05 8.113E-14 0.00E+00
6.166E+00 3.308E-05 3.308E-05 8.491E-14 0.00E+00
6.095E+00 2.393E-05 2.393E-05 8.888E-14 0.00E+00
6.026E+00 1.580E-05 1.580E-05 9.303E-14 0.00E+00
5.957E+00 1.087E-05 1.087E-05 9.737E-14 0.00E+00
5.888E+00 7.995E-06 7.995E-06 1.019E-13 0.00E+00
5.821E+00 6.241E-06 6.241E-06 1.067E-13 0.00E+00
5.754E+00 5.108E-06 5.108E-06 1.117E-13 0.00E+00
5.689E+00 4.338E-06 4.338E-06 1.169E-13 0.00E+00
5.623E+00 3.791E-06 3.791E-06 1.223E-13 0.00E+00
5.559E+00 3.388E-06 3.388E-06 1.280E-13 0.00E+00
5.495E+00 3.082E-06 3.082E-06 1.340E-13 0.00E+00
5.433E+00 2.844E-06 2.844E-06 1.402E-13 0.00E+00
5.370E+00 2.656E-06 2.656E-06 1.468E-13 0.00E+00
5.309E+00 2.505E-06 2.505E-06 1.536E-13 0.00E+00
5.248E+00 2.381E-06 2.381E-06 1.608E-13 0.00E+00
5.188E+00 2.280E-06 2.280E-06 1.683E-13 0.00E+00
5.129E+00 2.195E-06 2.195E-06 1.761E-13 0.00E+00
5.070E+00 2.125E-06 2.125E-06 1.843E-13 0.00E+00
5.012E+00 2.067E-06 2.067E-06 1.929E-13 0.00E+00
4.955E+00 2.017E-06 2.017E-06 2.018E-13 0.00E+00
4.898E+00 1.976E-06 1.976E-06 2.113E-13 0.00E+00
4.842E+00 1.942E-06 1.942E-06 2.211E-13 0.00E+00
4.786E+00 1.914E-06 1.914E-06 2.314E-13 0.00E+00
4.732E+00 1.891E-06 1.891E-06 2.422E-13 0.00E+00
4.677E+00 1.872E-06 1.872E-06 2.534E-13 0.00E+00
4.624E+00 1.858E-06 1.858E-06 2.652E-13 0.00E+00
4.571E+00 1.848E-06 1.848E-06 2.776E-13 0.00E+00
4.519E+00 1.841E-06 1.841E-06 2.905E-13 0.00E+00
4.467E+00 1.837E-06 1.837E-06 3.040E-13 0.00E+00
4.416E+00 1.836E-06 1.836E-06 3.182E-13 0.00E+00
4.365E+00 1.838E-06 1.838E-06 3.329E-13 0.00E+00
4.315E+00 1.842E-06 1.842E-06 3.484E-13 0.00E+00
4.266E+00 1.849E-06 1.849E-06 3.646E-13 0.00E+00
4.217E+00 1.858E-06 1.858E-06 3.816E-13 0.00E+00
4.169E+00 1.870E-06 1.870E-06 3.993E-13 0.00E+00
4.121E+00 1.884E-06 1.884E-06 4.178E-13 0.00E+00
4.074E+00 1.901E-06 1.901E-06 4.373E-13 0.00E+00
4.027E+00 1.921E-06 1.921E-06 4.576E-13 0.00E+00
3.981E+00 1.943E-06 1.943E-06 4.788E-13 0.00E+00
3.936E+00 1.969E-06 1.969E-06 5.010E-13 0.00E+00
3.890E+00 1.999E-06 1.999E-06 5.243E-13 0.00E+00
3.846E+00 2.033E-06 2.033E-06 5.487E-13 0.00E+00
3.802E+00 2.073E-06 2.073E-06 5.741E-13 0.00E+00
3.758E+00 2.121E-06 2.121E-06 6.008E-13 0.00E+00
3.715E+00 2.179E-06 2.179E-06 6.287E-13 0.00E+00
3.673E+00 2.250E-06 2.250E-06 6.580E-13 0.00E+00
3.631E+00 2.342E-06 2.342E-06 6.885E-13 0.00E+00
3.589E+00 2.465E-06 2.465E-06 7.205E-13 0.00E+00
3.548E+00 2.641E-06 2.641E-06 7.539E-13 0.00E+00
3.508E+00 2.911E-06 2.911E-06 7.889E-13 0.00E+00
3.467E+00 3.368E-06 3.368E-06 8.256E-13 0.00E+00
3.428E+00 4.262E-06 4.262E-06 8.639E-13 0.00E+00
3.388E+00 6.445E-06 6.445E-06 9.039E-13 0.00E+00
3.350E+00 1.435E-05 1.435E-05 9.458E-13 0.00E+00
3.311E+00 6.748E-05 6.748E-05 9.897E-13 0.00E+00
3.273E+00 3.317E-05 3.317E-05 1.036E-12 0.00E+00
3.236E+00 9.780E-06 9.780E-06 1.084E-12 0.00E+00
3.199E+00 5.450E-06 5.450E-06 1.134E-12 0.00E+00
3.162E+00 4.039E-06 4.039E-06 1.186E-12 0.00E+00
3.126E+00 3.437E-06 3.437E-06 1.241E-12 0.00E+00
3.090E+00 3.135E-06 3.135E-06 1.299E-12 0.00E+00
3.055E+00 2.971E-06 2.971E-06 1.359E-12 0.00E+00
3.020E+00 2.881E-06 2.881E-06 1.422E-12 0.00E+00
2.985E+00 2.833E-06 2.833E-06 1.488E-12 0.00E+00
2.951E+00 2.811E-06 2.811E-06 1.557E-12 0.00E+00
2.917E+00 2.806E-06 2.806E-06 1.629E-12 0.00E+00
2.884E+00 2.813E-06 2.813E-06 1.704E-12 0.00E+00
2.851E+00 2.829E-06 2.829E-06 1.783E-12 0.00E+00
2.818E+00 2.851E-06 2.851E-06 1.866E-12 0.00E+00
2.786E+00 2.878E-06 2.878E-06 1.952E-12 4.55E-07
2.754E+00 2.910E-06 2.910E-06 2.042E-12 4.65E-07
2.723E+00 2.945E-06 2.945E-06 2.136E-12 4.74E-07
2.692E+00 2.982E-06 2.982E-06 2.235E-12 4.84E-07
2.661E+00 3.021E-06 3.021E-06 2.339E-12 4.93E-07
2.630E+00 3.064E-06 3.063E-06 2.447E-12 5.03E-07
2.600E+00 3.107E-06 3.107E-06 2.560E-12 5.14E-07
2.570E+00 3.151E-06 3.151E-06 2.678E-12 5.24E-07
2.541E+00 3.198E-06 3.198E-06 2.801E-12 5.35E-07
2.512E+00 3.246E-06 3.246E-06 2.931E-12 5.46E-07
2.483E+00 3.295E-06 3.295E-06 3.066E-12 5.58E-07
2.455E+00 3.346E-06 3.346E-06 3.207E-12 5.69E-07
2.427E+00 3.399E-06 3.399E-06 3.356E-12 5.80E-07
2.399E+00 3.452E-06 3.452E-06 3.511E-12 5.92E-07
2.371E+00 3.508E-06 3.508E-06 3.673E-12 6.04E-07
2.344E+00 3.565E-06 3.565E-06 3.842E-12 6.16E-07
2.317E+00 3.623E-06 3.623E-06 4.020E-12 6.28E-07
2.291E+00 3.682E-06 3.682E-06 4.206E-12 6.40E-07
2.265E+00 3.743E-06 3.743E-06 4.400E-12 6.53E-07
2.239E+00 3.806E-06 3.806E-06 4.603E-12 6.66E-07
2.213E+00 3.869E-06 3.869E-06 4.816E-12 6.79E-07
2.188E+00 3.935E-06 3.935E-06 5.038E-12 6.92E-07
2.163E+00 4.001E-06 4.001E-06 5.271E-12 7.06E-07
2.138E+00 4.069E-06 4.069E-06 5.514E-12 7.20E-07
2.113E+00 4.139E-06 4.139E-06 5.769E-12 7.34E-07
2.089E+00 4.208E-06 4.208E-06 6.035E-12 7.49E-07
2.065E+00 4.279E-06 4.279E-06 6.313E-12 7.63E-07
2.042E+00 4.352E-06 4.352E-06 6.604E-12 7.79E-07
2.018E+00 4.426E-06 4.426E-06 6.909E-12 7.94E-07
1.995E+00 4.502E-06 4.502E-06 7.228E-12 8.10E-07
1.972E+00 4.579E-06 4.579E-06 7.561E-12 8.26E-07
1.950E+00 4.658E-06 4.658E-06 7.910E-12 8.42E-07
1.928E+00 4.738E-06 4.738E-06 8.275E-12 8.59E-07
1.905E+00 4.820E-06 4.820E-06 8.656E-12 8.76E-07
1.884E+00 4.904E-06 4.904E-06 9.056E-12 8.93E-07
1.862E+00 4.990E-06 4.990E-06 9.473E-12 9.11E-07
1.841E+00 5.077E-06 5.077E-06 9.911E-12 9.28E-07
1.820E+00 5.166E-06 5.166E-06 1.037E-11 9.46E-07
1.799E+00 5.257E-06 5.257E-06 1.085E-11 9.65E-07
1.778E+00 5.350E-06 5.350E-06 1.135E-11 9.83E-07
1.758E+00 5.444E-06 5.444E-06 1.187E-11 1.00E-06
1.738E+00 5.540E-06 5.540E-06 1.242E-11 1.02E-06
1.718E+00 5.639E-06 5.639E-06 1.299E-11 1.04E-06
1.698E+00 5.738E-06 5.738E-06 1.359E-11 1.06E-06
1.679E+00 5.840E-06 5.840E-06 1.421E-11 1.08E-06
1.660E+00 5.943E-06 5.943E-06 1.487E-11 1.10E-06
1.641E+00 6.047E-06 6.047E-06 1.555E-11 1.13E-06
1.622E+00 6.152E-06 6.152E-06 1.627E-11 1.15E-06
1.603E+00 6.259E-06 6.259E-06 1.701E-11 1.17E-06
1.585E+00 6.368E-06 6.368E-06 1.780E-11 1.20E-06
1.567E+00 6.478E-06 6.478E-06 1.862E-11 1.22E-06
1.549E+00 6.590E-06 6.590E-06 1.947E-11 1.24E-06
1.531E+00 6.705E-06 6.705E-06 2.037E-11 1.27E-06
1.514E+00 6.823E-06 6.823E-06 2.131E-11 1.29E-06
1.496E+00 6.943E-06 6.943E-06 2.230E-11 1.32E-06
1.479E+00 7.066E-06 7.066E-06 2.333E-11 1.34E-06
1.462E+00 7.192E-06 7.192E-06 2.441E-11 1.37E-06
1.445E+00 7.321E-06 7.321E-06 2.553E-11 1.39E-06
1.429E+00 7.454E-06 7.454E-06 2.671E-11 1.42E-06
1.413E+00 7.589E-06 7.589E-06 2.794E-11 1.45E-06
1.396E+00 7.728E-06 7.728E-06 2.923E-11 1.48E-06
1.380E+00 7.869E-06 7.869E-06 3.058E-11 1.50E-06
1.365E+00 8.013E-06 8.013E-06 3.199E-11 1.53E-06
1.349E+00 8.160E-06 8.160E-06 3.346E-11 1.56E-06
1.334E+00 8.309E-06 8.309E-06 3.500E-11 1.59E-06
1.318E+00 8.461E-06 8.461E-06 3.662E-11 1.62E-06
1.303E+00 8.616E-06 8.616E-06 3.830E-11 1.65E-06
1.288E+00 8.773E-06 8.773E-06 4.006E-11 1.68E-06
1.274E+00 8.934E-06 8.934E-06 4.190E-11 1.72E-06
1.259E+00 9.097E-06 9.097E-06 4.383E-11 1.75E-06
1.245E+00 9.262E-06 9.262E-06 4.584E-11 1.79E-06
1.230E+00 9.429E-06 9.429E-06 4.796E-11 1.82E-06
1.216E+00 9.600E-06 9.600E-06 5.017E-11 1.85E-06
1.202E+00 9.775E-06 9.775E-06 5.248E-11 1.89E-06
1.189E+00 9.954E-06 9.954E-06 5.490E-11 1.93E-06
1.175E+00 1.014E-05 1.014E-05 5.743E-11 1.96E-06
1.161E+00 1.032E-05 1.032E-05 6.008E-11 2.00E-06
1.148E+00 1.051E-05 1.051E-05 6.284E-11 2.04E-06
1.135E+00 1.071E-05 1.071E-05 6.574E-11 2.08E-06
1.122E+00 1.091E-05 1.091E-05 6.876E-11 2.12E-06
1.109E+00 1.112E-05 1.112E-05 7.193E-11 2.16E-06
1.096E+00 1.133E-05 1.133E-05 7.524E-11 2.20E-06
1.084E+00 1.155E-05 1.155E-05 7.870E-11 2.24E-06
1.072E+00 1.177E-05 1.177E-05 8.232E-11 2.28E-06
1.059E+00 1.200E-05 1.200E-05 8.610E-11 2.33E-06
1.047E+00 1.223E-05 1.223E-05 9.006E-11 2.37E-06
1.035E+00 1.247E-05 1.247E-05 9.420E-11 2.42E-06
1.023E+00 1.272E-05 1.272E-05 9.853E-11 2.46E-06
1.012E+00 1.297E-05 1.297E-05 1.031E-10 2.51E-06
1.000E+00 1.322E-05 1.322E-05 1.078E-10 2.56E-06
9.886E-01 1.349E-05 1.349E-05 1.127E-10 2.61E-06
9.772E-01 1.376E-05 1.376E-05 1.179E-10 2.66E-06
9.661E-01 1.404E-05 1.404E-05 1.233E-10 2.71E-06
9.550E-01 1.432E-05 1.432E-05 1.290E-10 2.76E-06
9.441E-01 1.462E-05 1.462E-05 1.349E-10 2.81E-06
9.333E-01 1.492E-05 1.492E-05 1.410E-10 2.87E-06
9.226E-01 1.523E-05 1.523E-05 1.475E-10 2.93E-06
9.120E-01 1.556E-05 1.556E-05 1.542E-10 2.98E-06
9.016E-01 1.589E-05 1.589E-05 1.613E-10 3.04E-06
8.913E-01 1.624E-05 1.624E-05 1.687E-10 3.10E-06
8.810E-01 1.660E-05 1.660E-05 1.764E-10 3.16E-06
8.710E-01 1.697E-05 1.697E-05 1.844E-10 3.23E-06
8.610E-01 1.736E-05 1.736E-05 1.928E-10 3.29E-06
8.511E-01 1.777E-05 1.777E-05 2.016E-10 3.36E-06
8.414E-01 1.820E-05 1.820E-05 2.108E-10 3.43E-06
8.318E-01 1.865E-05 1.865E-05 2.204E-10 3.50E-06
8.222E-01 1.913E-05 1.913E-05 2.304E-10 3.57E-06
8.128E-01 1.964E-05 1.964E-05 2.409E-10 3.64E-06
8.035E-01 2.019E-05 2.019E-05 2.519E-10 3.72E-06
7.943E-01 2.077E-05 2.077E-05 2.634E-10 3.79E-06
7.852E-01 2.140E-05 2.140E-05 2.754E-10 3.87E-06
7.762E-01 2.208E-05 2.208E-05 2.879E-10 3.95E-06
7.674E-01 2.282E-05 2.282E-05 3.010E-10 4.04E-06
7.586E-01 2.364E-05 2.364E-05 3.147E-10 4.12E-06
7.499E-01 2.454E-05 2.454E-05 3.290E-10 4.21E-06
7.413E-01 2.554E-05 2.554E-05 3.440E-10 4.30E-06
7.328E-01 2.666E-05 2.666E-05 3.597E-10 4.39E-06
7.244E-01 2.792E-05 2.792E-05 3.760E-10 4.48E-06
7.161E-01 2.935E-05 2.935E-05 3.932E-10 4.58E-06
7.079E-01 3.098E-05 3.098E-05 4.111E-10 4.67E-06
6.998E-01 3.287E-05 3.287E-05 4.298E-10 4.78E-06
6.918E-01 3.506E-05 3.506E-05 4.493E-10 4.88E-06
6.839E-01 3.762E-05 3.762E-05 4.698E-10 4.99E-06
6.761E-01 4.065E-05 4.065E-05 4.913E-10 5.09E-06
6.683E-01 4.426E-05 4.426E-05 5.137E-10 5.21E-06
6.607E-01 4.859E-05 4.859E-05 5.371E-10 5.32E-06
6.531E-01 5.383E-05 5.383E-05 5.617E-10 5.44E-06
6.457E-01 6.024E-05 6.024E-05 5.874E-10 5.56E-06
6.383E-01 6.815E-05 6.815E-05 6.144E-10 5.68E-06
6.310E-01 7.802E-05 7.802E-05 6.425E-10 5.81E-06
6.237E-01 9.046E-05 9.046E-05 6.721E-10 5.94E-06
6.166E-01 1.063E-04 1.063E-04 7.030E-10 6.07E-06
6.095E-01 1.268E-04 1.268E-04 7.354E-10 6.21E-06
6.026E-01 1.535E-04 1.535E-04 7.693E-10 6.35E-06
5.957E-01 1.887E-04 1.887E-04 8.048E-10 6.49E-06
5.888E-01 2.358E-04 2.358E-04 8.420E-10 6.63E-06
5.821E-01 2.992E-04 2.992E-04 8.810E-10 6.78E-06
5.754E-01 3.849E-04 3.849E-04 9.219E-10 6.93E-06
5.689E-01 5.000E-04 5.000E-04 9.648E-10 7.08E-06
5.623E-01 6.506E-04 6.506E-04 1.010E-09 7.24E-06
5.559E-01 8.374E-04 8.374E-04 1.057E-09 7.40E-06
5.495E-01 1.051E-03 1.051E-03 1.106E-09 7.56E-06
5.433E-01 1.274E-03 1.274E-03 1.158E-09 7.73E-06
5.370E-01 1.484E-03 1.484E-03 1.213E-09 7.90E-06
5.309E-01 1.670E-03 1.670E-03 1.270E-09 8.07E-06
5.248E-01 1.828E-03 1.828E-03 1.330E-09 8.25E-06
5.188E-01 1.961E-03 1.961E-03 1.393E-09 8.43E-06
5.129E-01 2.075E-03 2.075E-03 1.459E-09 8.61E-06
5.070E-01 2.177E-03 2.177E-03 1.529E-09 8.80E-06
5.012E-01 2.279E-03 2.279E-03 1.602E-09 8.99E-06
4.955E-01 2.393E-03 2.393E-03 1.679E-09 9.18E-06
4.898E-01 2.536E-03 2.536E-03 1.759E-09 9.38E-06
4.842E-01 2.727E-03 2.727E-03 1.844E-09 9.58E-06
4.786E-01 2.987E-03 2.987E-03 1.932E-09 9.78E-06
4.732E-01 3.334E-03 3.334E-03 2.025E-09 9.98E-06
4.677E-01 3.776E-03 3.776E-03 2.122E-09 1.02E-05
4.624E-01 4.295E-03 4.295E-03 2.225E-09 1.04E-05
4.571E-01 4.849E-03 4.849E-03 2.332E-09 1.06E-05
4.519E-01 5.395E-03 5.395E-03 2.445E-09 1.08E-05
4.467E-01 5.908E-03 5.908E-03 2.564E-09 1.10E-05
4.416E-01 6.383E-03 6.383E-03 2.689E-09 1.12E-05
4.365E-01 6.825E-03 6.825E-03 2.820E-09 1.15E-05
4.315E-01 7.243E-03 7.243E-03 2.957E-09 1.17E-05
4.266E-01 7.645E-03 7.645E-03 3.101E-09 1.19E-05
4.217E-01 8.036E-03 8.036E-03 3.251E-09 1.21E-05
4.169E-01 8.421E-03 8.421E-03 3.409E-09 1.23E-05
4.121E-01 8.804E-03 8.804E-03 3.575E-09 1.25E-05
4.074E-01 9.187E-03 9.187E-03 3.749E-09 1.27E-05
4.027E-01 9.573E-03 9.573E-03 3.932E-09 1.30E-05
3.981E-01 9.963E-03 9.963E-03 4.124E-09 1.32E-05
3.935E-01 1.036E-02 1.036E-02 4.325E-09 1.34E-05
3.890E-01 1.076E-02 1.076E-02 4.537E-09 1.36E-05
3.846E-01 1.116E-02 1.116E-02 4.758E-09 1.39E-05
3.802E-01 1.158E-02 1.158E-02 4.991E-09 1.41E-05
3.758E-01 1.200E-02 1.200E-02 5.237E-09 1.43E-05
3.715E-01 1.243E-02 1.243E-02 5.498E-09 1.45E-05
3.673E-01 1.286E-02 1.286E-02 5.773E-09 1.48E-05
3.631E-01 1.331E-02 1.331E-02 6.064E-09 1.50E-05
3.589E-01 1.376E-02 1.376E-02 6.374E-09 1.52E-05
3.548E-01 1.423E-02 1.423E-02 6.702E-09 1.55E-05
3.508E-01 1.470E-02 1.470E-02 7.051E-09 1.57E-05
3.467E-01 1.518E-02 1.518E-02 7.422E-09 1.59E-05
3.428E-01 1.567E-02 1.567E-02 7.817E-09 1.61E-05
3.388E-01 1.617E-02 1.617E-02 8.239E-09 1.63E-05
3.350E-01 1.668E-02 1.668E-02 8.689E-09 1.65E-05
3.311E-01 1.719E-02 1.719E-02 9.169E-09 1.66E-05
3.273E-01 1.772E-02 1.772E-02 9.682E-09 1.67E-05
3.236E-01 1.826E-02 1.826E-02 1.023E-08 1.67E-05
3.199E-01 1.880E-02 1.880E-02 1.082E-08 1.67E-05
3.162E-01 1.936E-02 1.936E-02 1.145E-08 1.66E-05
3.126E-01 1.992E-02 1.992E-02 1.213E-08 1.64E-05
3.090E-01 2.050E-02 2.050E-02 1.284E-08 1.62E-05
3.055E-01 2.108E-02 2.108E-02 1.360E-08 1.59E-05
3.020E-01 2.165E-02 2.165E-02 1.442E-08 1.56E-05
2.985E-01 2.204E-02 2.204E-02 1.529E-08 1.51E-05
2.951E-01 2.247E-02 2.247E-02 1.623E-08 1.46E-05
2.917E-01 2.293E-02 2.293E-02 1.725E-08 1.39E-05
2.884E-01 2.344E-02 2.344E-02 1.835E-08 1.31E-05
2.851E-01 2.400E-02 2.400E-02 1.956E-08 1.22E-05
2.818E-01 2.462E-02 2.462E-02 2.095E-08 1.09E-05
2.786E-01 2.530E-02 2.530E-02 2.244E-08 9.65E-06
2.754E-01 2.605E-02 2.605E-02 2.404E-08 8.37E-06
2.723E-01 2.688E-02 2.688E-02 2.579E-08 7.07E-06
2.692E-01 2.781E-02 2.781E-02 2.772E-08 5.83E-06
2.661E-01 2.885E-02 2.885E-02 2.985E-08 4.68E-06
2.630E-01 3.002E-02 3.002E-02 3.224E-08 3.64E-06
2.600E-01 3.133E-02 3.133E-02 3.496E-08 2.73E-06
2.570E-01 3.280E-02 3.280E-02 3.802E-08 2.01E-06
2.541E-01 3.447E-02 3.447E-02 4.137E-08 1.52E-06
2.512E-01 3.635E-02 3.635E-02 4.516E-08 1.23E-06
2.483E-01 3.846E-02 3.846E-02 4.947E-08 1.12E-06
2.455E-01 4.084E-02 4.084E-02 5.439E-08 1.17E-06
2.427E-01 4.351E-02 4.351E-02 6.006E-08 1.41E-06
2.399E-01 4.647E-02 4.647E-02 6.662E-08 1.85E-06
2.371E-01 4.972E-02 4.972E-02 7.377E-08 2.51E-06
2.344E-01 5.321E-02 5.321E-02 8.138E-08 3.32E-06
2.317E-01 5.685E-02 5.685E-02 8.937E-08 4.19E-06
2.291E-01 6.051E-02 6.051E-02 9.755E-08 5.10E-06
2.265E-01 6.398E-02 6.398E-02 1.059E-07 6.05E-06
2.239E-01 6.699E-02 6.699E-02 1.148E-07 7.04E-06
2.213E-01 6.926E-02 6.926E-02 1.239E-07 8.10E-06
2.188E-01 7.056E-02 7.056E-02 1.312E-07 9.29E-06
2.163E-01 7.071E-02 7.071E-02 1.347E-07 1.06E-05
2.138E-01 6.971E-02 6.971E-02 1.344E-07 1.20E-05
2.113E-01 6.770E-02 6.770E-02 1.316E-07 1.35E-05
2.089E-01 6.491E-02 6.491E-02 1.266E-07 1.49E-05
2.065E-01 6.164E-02 6.164E-02 1.200E-07 1.64E-05
2.042E-01 5.813E-02 5.813E-02 1.120E-07 1.79E-05
2.018E-01 5.462E-02 5.462E-02 1.032E-07 1.95E-05
1.995E-01 5.124E-02 5.124E-02 9.408E-08 2.11E-05
1.972E-01 4.810E-02 4.810E-02 8.503E-08 2.28E-05
1.950E-01 4.523E-02 4.523E-02 7.645E-08 2.45E-05
1.928E-01 4.266E-02 4.266E-02 6.855E-08 2.63E-05
1.905E-01 4.037E-02 4.037E-02 6.140E-08 2.81E-05
1.884E-01 3.835E-02 3.835E-02 5.486E-08 3.00E-05
1.862E-01 3.657E-02 3.657E-02 4.919E-08 3.19E-05
1.841E-01 3.501E-02 3.501E-02 4.435E-08 3.40E-05
1.820E-01 3.364E-02 3.364E-02 4.023E-08 3.61E-05
1.799E-01 3.244E-02 3.244E-02 3.675E-08 3.83E-05
1.778E-01 3.139E-02 3.139E-02 3.390E-08 4.06E-05
1.758E-01 3.046E-02 3.046E-02 3.154E-08 4.29E-05
1.738E-01 2.965E-02 2.965E-02 2.963E-08 4.53E-05
1.718E-01 2.894E-02 2.894E-02 2.812E-08 4.78E-05
1.698E-01 2.831E-02 2.831E-02 2.700E-08 5.02E-05
1.679E-01 2.777E-02 2.777E-02 2.626E-08 5.27E-05
1.660E-01 2.732E-02 2.732E-02 2.590E-08 5.52E-05
1.641E-01 2.695E-02 2.695E-02 2.594E-08 5.76E-05
1.622E-01 2.667E-02 2.667E-02 2.636E-08 6.01E-05
1.603E-01 2.646E-02 2.646E-02 2.716E-08 6.26E-05
1.585E-01 2.632E-02 2.632E-02 2.835E-08 6.51E-05
1.567E-01 2.626E-02 2.626E-02 2.990E-08 6.76E-05
1.549E-01 2.626E-02 2.626E-02 3.179E-08 7.02E-05
1.531E-01 2.633E-02 2.633E-02 3.403E-08 7.28E-05
1.514E-01 2.647E-02 2.647E-02 3.667E-08 7.55E-05
1.496E-01 2.667E-02 2.667E-02 3.973E-08 7.82E-05
1.479E-01 2.694E-02 2.694E-02 4.326E-08 8.10E-05
1.462E-01 2.728E-02 2.728E-02 4.731E-08 8.37E-05
1.445E-01 2.768E-02 2.768E-02 5.196E-08 8.65E-05
1.429E-01 2.815E-02 2.815E-02 5.721E-08 8.93E-05
1.413E-01 2.869E-02 2.869E-02 6.306E-08 9.22E-05
1.396E-01 2.930E-02 2.930E-02 6.950E-08 9.52E-05
1.380E-01 2.999E-02 2.999E-02 7.650E-08 9.82E-05
1.365E-01 3.075E-02 3.075E-02 8.427E-08 1.01E-04
1.349E-01 3.158E-02 3.158E-02 9.298E-08 1.05E-04
1.334E-01 3.250E-02 3.250E-02 1.027E-07 1.09E-04
1.318E-01 3.349E-02 3.349E-02 1.135E-07 1.12E-04
1.303E-01 3.458E-02 3.458E-02 1.255E-07 1.17E-04
1.288E-01 3.644E-02 3.644E-02 1.388E-07 1.21E-04
1.274E-01 3.786E-02 3.786E-02 1.536E-07 1.26E-04
1.259E-01 3.934E-02 3.934E-02 1.698E-07 1.31E-04
1.245E-01 4.089E-02 4.089E-02 1.878E-07 1.36E-04
1.230E-01 4.250E-02 4.250E-02 2.076E-07 1.42E-04
1.216E-01 4.418E-02 4.418E-02 2.293E-07 1.47E-04
1.202E-01 4.592E-02 4.592E-02 2.529E-07 1.53E-04
1.189E-01 4.772E-02 4.772E-02 2.789E-07 1.58E-04
1.175E-01 4.957E-02 4.957E-02 3.070E-07 1.63E-04
1.161E-01 5.148E-02 5.148E-02 3.381E-07 1.67E-04
1.148E-01 5.344E-02 5.344E-02 3.741E-07 1.72E-04
1.135E-01 5.544E-02 5.544E-02 4.223E-07 1.76E-04
1.122E-01 5.750E-02 5.750E-02 4.734E-07 1.77E-04
1.109E-01 5.959E-02 5.959E-02 5.294E-07 1.72E-04
1.096E-01 6.174E-02 6.173E-02 5.916E-07 1.57E-04
1.084E-01 6.392E-02 6.392E-02 6.679E-07 1.40E-04
1.072E-01 6.613E-02 6.613E-02 7.562E-07 1.28E-04
1.059E-01 6.837E-02 6.837E-02 8.418E-07 1.25E-04
1.047E-01 7.064E-02 7.064E-02 9.242E-07 1.26E-04
1.035E-01 7.291E-02 7.291E-02 1.003E-06 1.26E-04
1.023E-01 7.519E-02 7.519E-02 1.080E-06 1.27E-04
1.012E-01 7.747E-02 7.747E-02 1.164E-06 1.25E-04
1.000E-01 8.004E-02 8.004E-02 1.260E-06 1.22E-04
9.886E-02 8.182E-02 8.182E-02 1.385E-06 1.17E-04
9.772E-02 8.369E-02 8.369E-02 1.529E-06 1.11E-04
9.661E-02 8.566E-02 8.566E-02 1.672E-06 1.08E-04
9.550E-02 8.773E-02 8.773E-02 1.804E-06 1.07E-04
9.441E-02 8.992E-02 8.991E-02 1.902E-06 1.08E-04
9.333E-02 9.222E-02 9.222E-02 1.981E-06 1.09E-04
9.226E-02 9.468E-02 9.468E-02 2.069E-06 1.10E-04
9.120E-02 9.731E-02 9.731E-02 2.153E-06 1.12E-04
9.016E-02 1.001E-01 1.001E-01 2.204E-06 1.16E-04
8.913E-02 1.032E-01 1.032E-01 2.261E-06 1.19E-04
8.810E-02 1.065E-01 1.065E-01 2.355E-06 1.20E-04
8.710E-02 1.101E-01 1.101E-01 2.504E-06 1.18E-04
8.610E-02 1.141E-01 1.141E-01 2.683E-06 1.16E-04
8.511E-02 1.184E-01 1.184E-01 2.893E-06 1.13E-04
8.414E-02 1.233E-01 1.233E-01 3.137E-06 1.09E-04
8.318E-02 1.287E-01 1.287E-01 3.418E-06 1.07E-04
8.222E-02 1.348E-01 1.348E-01 3.729E-06 1.05E-04
8.128E-02 1.416E-01 1.416E-01 4.064E-06 1.05E-04
8.035E-02 1.492E-01 1.492E-01 4.433E-06 1.06E-04
7.943E-02 1.577E-01 1.577E-01 4.830E-06 1.08E-04
7.852E-02 1.670E-01 1.670E-01 5.245E-06 1.10E-04
7.762E-02 1.772E-01 1.772E-01 5.657E-06 1.15E-04
7.674E-02 1.880E-01 1.879E-01 6.045E-06 1.19E-04
7.586E-02 1.989E-01 1.989E-01 6.413E-06 1.24E-04
7.499E-02 2.095E-01 2.095E-01 6.752E-06 1.29E-04
7.413E-02 2.188E-01 2.188E-01 7.049E-06 1.35E-04
7.328E-02 2.259E-01 2.259E-01 7.295E-06 1.41E-04
7.244E-02 2.300E-01 2.300E-01 7.533E-06 1.47E-04
7.161E-02 2.307E-01 2.307E-01 7.752E-06 1.53E-04
7.079E-02 2.281E-01 2.281E-01 7.905E-06 1.60E-04
6.998E-02 2.229E-01 2.229E-01 7.985E-06 1.66E-04
6.918E-02 2.158E-01 2.158E-01 7.985E-06 1.73E-04
6.839E-02 2.079E-01 2.079E-01 7.824E-06 1.81E-04
6.761E-02 1.998E-01 1.998E-01 7.560E-06 1.89E-04
6.683E-02 1.921E-01 1.921E-01 7.261E-06 1.98E-04
6.607E-02 1.852E-01 1.852E-01 6.938E-06 2.06E-04
6.531E-02 1.776E-01 1.776E-01 6.599E-06 2.15E-04
6.457E-02 1.699E-01 1.699E-01 6.353E-06 2.23E-04
6.383E-02 1.621E-01 1.621E-01 6.147E-06 2.31E-04
6.310E-02 1.542E-01 1.542E-01 5.972E-06 2.39E-04
6.237E-02 1.463E-01 1.463E-01 5.826E-06 2.47E-04
6.166E-02 1.383E-01 1.382E-01 5.729E-06 2.55E-04
6.095E-02 1.301E-01 1.301E-01 5.665E-06 2.63E-04
6.026E-02 1.219E-01 1.219E-01 5.610E-06 2.72E-04
5.957E-02 1.136E-01 1.136E-01 5.567E-06 2.81E-04
5.888E-02 1.052E-01 1.052E-01 5.525E-06 2.89E-04
5.821E-02 9.671E-02 9.670E-02 5.443E-06 2.98E-04
5.754E-02 9.236E-02 9.235E-02 5.355E-06 3.08E-04
5.689E-02 8.903E-02 8.903E-02 5.260E-06 3.17E-04
5.623E-02 8.558E-02 8.557E-02 5.154E-06 3.26E-04
5.559E-02 8.191E-02 8.190E-02 5.020E-06 3.36E-04
5.495E-02 7.833E-02 7.833E-02 4.884E-06 3.46E-04
5.433E-02 7.484E-02 7.484E-02 4.745E-06 3.56E-04
5.370E-02 7.159E-02 7.158E-02 4.608E-06 3.66E-04
5.309E-02 6.880E-02 6.880E-02 4.488E-06 3.77E-04
5.248E-02 6.621E-02 6.620E-02 4.375E-06 3.87E-04
5.188E-02 6.380E-02 6.380E-02 4.268E-06 3.98E-04
5.129E-02 6.152E-02 6.151E-02 4.171E-06 4.10E-04
5.070E-02 5.931E-02 5.931E-02 4.083E-06 4.21E-04
5.012E-02 5.722E-02 5.721E-02 4.002E-06 4.33E-04
4.955E-02 5.523E-02 5.523E-02 3.927E-06 4.44E-04
4.898E-02 5.336E-02 5.336E-02 3.857E-06 4.56E-04
4.842E-02 5.154E-02 5.154E-02 3.787E-06 4.69E-04
4.786E-02 4.977E-02 4.976E-02 3.716E-06 4.81E-04
4.732E-02 4.789E-02 4.788E-02 3.634E-06 4.94E-04
4.677E-02 4.601E-02 4.601E-02 3.548E-06 5.08E-04
4.624E-02 4.422E-02 4.421E-02 3.462E-06 5.22E-04
4.571E-02 4.265E-02 4.264E-02 3.385E-06 5.36E-04
4.519E-02 4.135E-02 4.135E-02 3.318E-06 5.50E-04
4.467E-02 4.011E-02 4.010E-02 3.249E-06 5.65E-04
4.416E-02 3.880E-02 3.880E-02 3.174E-06 5.80E-04
4.365E-02 3.718E-02 3.718E-02 3.082E-06 5.95E-04
4.315E-02 3.565E-02 3.564E-02 2.989E-06 6.11E-04
4.266E-02 3.428E-02 3.427E-02 2.893E-06 6.27E-04
4.217E-02 3.342E-02 3.341E-02 2.799E-06 6.44E-04
4.169E-02 3.275E-02 3.275E-02 2.711E-06 6.61E-04
4.121E-02 3.226E-02 3.226E-02 2.633E-06 6.79E-04
4.074E-02 3.179E-02 3.179E-02 2.572E-06 6.97E-04
4.027E-02 3.143E-02 3.143E-02 2.522E-06 7.15E-04
3.981E-02 3.117E-02 3.117E-02 2.480E-06 7.33E-04
3.935E-02 3.101E-02 3.100E-02 2.442E-06 7.52E-04
3.890E-02 3.097E-02 3.096E-02 2.415E-06 7.71E-04
3.846E-02 3.107E-02 3.106E-02 2.395E-06 7.91E-04
3.802E-02 3.133E-02 3.133E-02 2.394E-06 8.11E-04
3.758E-02 3.179E-02 3.179E-02 2.419E-06 8.31E-04
3.715E-02 3.277E-02 3.276E-02 2.516E-06 8.52E-04
3.673E-02 3.363E-02 3.362E-02 2.636E-06 8.72E-04
3.631E-02 3.402E-02 3.401E-02 2.762E-06 8.92E-04
3.589E-02 3.360E-02 3.360E-02 2.856E-06 9.13E-04
3.548E-02 3.286E-02 3.286E-02 2.933E-06 9.34E-04
3.508E-02 3.219E-02 3.219E-02 2.978E-06 9.57E-04
3.467E-02 3.155E-02 3.155E-02 3.007E-06 9.80E-04
3.428E-02 3.091E-02 3.090E-02 3.026E-06 1.00E-03
3.388E-02 3.028E-02 3.027E-02 3.049E-06 1.03E-03
3.350E-02 2.965E-02 2.965E-02 3.069E-06 1.05E-03
3.311E-02 2.904E-02 2.904E-02 3.087E-06 1.08E-03
3.273E-02 2.843E-02 2.843E-02 3.103E-06 1.10E-03
3.236E-02 2.783E-02 2.783E-02 3.117E-06 1.13E-03
3.199E-02 2.724E-02 2.724E-02 3.129E-06 1.16E-03
3.162E-02 2.666E-02 2.666E-02 3.140E-06 1.19E-03
3.126E-02 2.608E-02 2.608E-02 3.151E-06 1.22E-03
3.090E-02 2.552E-02 2.552E-02 3.160E-06 1.25E-03
3.055E-02 2.497E-02 2.496E-02 3.169E-06 1.28E-03
3.020E-02 2.442E-02 2.441E-02 3.176E-06 1.31E-03
2.985E-02 2.388E-02 2.387E-02 3.183E-06 1.34E-03
2.951E-02 2.334E-02 2.334E-02 3.189E-06 1.37E-03
2.917E-02 2.282E-02 2.282E-02 3.195E-06 1.41E-03
2.884E-02 2.232E-02 2.231E-02 3.199E-06 1.44E-03
2.851E-02 2.182E-02 2.181E-02 3.203E-06 1.47E-03
2.818E-02 2.133E-02 2.133E-02 3.207E-06 1.51E-03
2.786E-02 2.085E-02 2.085E-02 3.211E-06 1.55E-03
2.754E-02 2.039E-02 2.038E-02 3.215E-06 1.58E-03
2.723E-02 1.993E-02 1.993E-02 3.218E-06 1.62E-03
2.692E-02 1.949E-02 1.948E-02 3.222E-06 1.66E-03
2.661E-02 1.905E-02 1.904E-02 3.225E-06 1.70E-03
2.630E-02 1.861E-02 1.861E-02 3.228E-06 1.74E-03
2.600E-02 1.819E-02 1.819E-02 3.230E-06 1.79E-03
2.570E-02 1.778E-02 1.777E-02 3.232E-06 1.83E-03
2.541E-02 1.737E-02 1.737E-02 3.233E-06 1.87E-03
2.512E-02 1.697E-02 1.697E-02 3.233E-06 1.92E-03
2.483E-02 1.658E-02 1.657E-02 3.234E-06 1.96E-03
2.455E-02 1.619E-02 1.619E-02 3.234E-06 2.01E-03
2.427E-02 1.582E-02 1.582E-02 3.235E-06 2.06E-03
2.399E-02 1.545E-02 1.545E-02 3.235E-06 2.11E-03
2.371E-02 1.510E-02 1.509E-02 3.236E-06 2.16E-03
2.344E-02 1.475E-02 1.475E-02 3.237E-06 2.21E-03
2.317E-02 1.441E-02 1.440E-02 3.237E-06 2.27E-03
2.291E-02 1.407E-02 1.407E-02 3.237E-06 2.32E-03
2.265E-02 1.374E-02 1.374E-02 3.237E-06 2.38E-03
2.239E-02 1.342E-02 1.342E-02 3.236E-06 2.43E-03
2.213E-02 1.311E-02 1.310E-02 3.236E-06 2.49E-03
2.188E-02 1.280E-02 1.280E-02 3.235E-06 2.55E-03
2.163E-02 1.250E-02 1.250E-02 3.234E-06 2.61E-03
2.138E-02 1.221E-02 1.221E-02 3.234E-06 2.68E-03
2.113E-02 1.192E-02 1.192E-02 3.233E-06 2.74E-03
2.089E-02 1.164E-02 1.164E-02 3.232E-06 2.81E-03
2.065E-02 1.136E-02 1.136E-02 3.230E-06 2.87E-03
2.042E-02 1.110E-02 1.110E-02 3.231E-06 2.94E-03
2.018E-02 1.084E-02 1.084E-02 3.230E-06 3.01E-03
1.995E-02 1.058E-02 1.058E-02 3.228E-06 3.08E-03
1.972E-02 1.033E-02 1.033E-02 3.226E-06 3.16E-03
1.950E-02 1.008E-02 1.008E-02 3.223E-06 3.23E-03
1.928E-02 9.835E-03 9.832E-03 3.220E-06 3.31E-03
1.905E-02 9.595E-03 9.592E-03 3.217E-06 3.39E-03
1.884E-02 9.366E-03 9.363E-03 3.214E-06 3.47E-03
1.862E-02 9.140E-03 9.137E-03 3.211E-06 3.55E-03
1.841E-02 8.919E-03 8.916E-03 3.208E-06 3.64E-03
1.820E-02 8.703E-03 8.700E-03 3.205E-06 3.73E-03
1.799E-02 8.493E-03 8.490E-03 3.202E-06 3.81E-03
1.778E-02 8.290E-03 8.287E-03 3.199E-06 3.90E-03
1.758E-02 8.091E-03 8.088E-03 3.196E-06 4.00E-03
1.738E-02 7.895E-03 7.891E-03 3.192E-06 4.09E-03
1.718E-02 7.702E-03 7.698E-03 3.189E-06 4.19E-03
1.698E-02 7.513E-03 7.510E-03 3.185E-06 4.29E-03
1.679E-02 7.329E-03 7.326E-03 3.181E-06 4.39E-03
1.660E-02 7.152E-03 7.148E-03 3.178E-06 4.50E-03
1.641E-02 6.978E-03 6.975E-03 3.174E-06 4.60E-03
1.622E-02 6.807E-03 6.804E-03 3.170E-06 4.71E-03
1.603E-02 6.639E-03 6.636E-03 3.165E-06 4.82E-03
1.585E-02 6.476E-03 6.472E-03 3.160E-06 4.94E-03
1.567E-02 6.316E-03 6.313E-03 3.156E-06 5.06E-03
1.549E-02 6.162E-03 6.159E-03 3.151E-06 5.18E-03
1.531E-02 6.009E-03 6.006E-03 3.147E-06 5.30E-03
1.514E-02 5.860E-03 5.857E-03 3.141E-06 5.43E-03
1.496E-02 5.713E-03 5.710E-03 3.136E-06 5.55E-03
1.479E-02 5.570E-03 5.567E-03 3.131E-06 5.69E-03
1.462E-02 5.432E-03 5.429E-03 3.126E-06 5.82E-03
1.445E-02 5.298E-03 5.294E-03 3.121E-06 5.96E-03
1.429E-02 5.165E-03 5.162E-03 3.115E-06 6.10E-03
1.413E-02 5.036E-03 5.033E-03 3.109E-06 6.24E-03
1.396E-02 4.911E-03 4.908E-03 3.103E-06 6.39E-03
1.380E-02 4.789E-03 4.786E-03 3.097E-06 6.54E-03
1.365E-02 4.670E-03 4.667E-03 3.091E-06 6.70E-03
1.349E-02 4.553E-03 4.549E-03 3.084E-06 6.86E-03
1.334E-02 4.438E-03 4.435E-03 3.078E-06 7.02E-03
1.318E-02 4.326E-03 4.323E-03 3.071E-06 7.18E-03
1.303E-02 4.218E-03 4.215E-03 3.064E-06 7.35E-03
1.288E-02 4.113E-03 4.110E-03 3.058E-06 7.53E-03
1.274E-02 4.010E-03 4.007E-03 3.052E-06 7.71E-03
1.259E-02 3.908E-03 3.905E-03 3.044E-06 7.89E-03
1.245E-02 3.807E-03 3.804E-03 3.036E-06 8.07E-03
1.230E-02 3.713E-03 3.710E-03 3.031E-06 8.26E-03
1.216E-02 3.622E-03 3.619E-03 3.025E-06 8.46E-03
1.202E-02 3.532E-03 3.529E-03 3.019E-06 8.66E-03
1.189E-02 3.442E-03 3.439E-03 3.011E-06 8.86E-03
1.175E-02 3.354E-03 3.351E-03 3.003E-06 9.07E-03
1.161E-02 3.267E-03 3.264E-03 2.993E-06 9.29E-03
1.148E-02 3.182E-03 3.179E-03 2.983E-06 9.51E-03
1.135E-02 3.098E-03 3.095E-03 2.973E-06 9.73E-03
1.122E-02 3.017E-03 3.014E-03 2.963E-06 9.96E-03
1.109E-02 2.940E-03 2.937E-03 2.954E-06 1.02E-02
1.096E-02 2.864E-03 2.861E-03 2.944E-06 1.04E-02
1.084E-02 2.789E-03 2.787E-03 2.934E-06 1.07E-02
1.072E-02 2.717E-03 2.714E-03 2.923E-06 1.09E-02
1.059E-02 2.646E-03 2.644E-03 2.913E-06 1.12E-02
1.047E-02 2.578E-03 2.576E-03 2.902E-06 1.15E-02
1.035E-02 2.513E-03 2.510E-03 2.892E-06 1.17E-02
1.023E-02 2.449E-03 2.446E-03 2.882E-06 1.20E-02
1.012E-02 2.385E-03 2.382E-03 2.871E-06 1.23E-02
1.000E-02 2.322E-03 2.319E-03 2.859E-06 1.26E-02
9.886E-03 2.261E-03 2.258E-03 2.847E-06 1.29E-02
9.772E-03 2.202E-03 2.199E-03 2.835E-06 1.32E-02
9.661E-03 2.145E-03 2.142E-03 2.824E-06 1.35E-02
9.550E-03 2.090E-03 2.087E-03 2.812E-06 1.38E-02
9.441E-03 2.035E-03 2.033E-03 2.800E-06 1.41E-02
9.333E-03 1.982E-03 1.979E-03 2.787E-06 1.45E-02
9.226E-03 1.930E-03 1.927E-03 2.774E-06 1.48E-02
9.120E-03 1.879E-03 1.876E-03 2.760E-06 1.52E-02
9.016E-03 1.829E-03 1.826E-03 2.746E-06 1.55E-02
8.913E-03 1.781E-03 1.779E-03 2.732E-06 1.59E-02
8.810E-03 1.735E-03 1.732E-03 2.718E-06 1.62E-02
8.710E-03 1.690E-03 1.687E-03 2.704E-06 1.66E-02
8.610E-03 1.645E-03 1.642E-03 2.688E-06 1.70E-02
8.511E-03 1.601E-03 1.598E-03 2.672E-06 1.74E-02
8.414E-03 1.559E-03 1.556E-03 2.656E-06 1.78E-02
8.318E-03 1.518E-03 1.515E-03 2.640E-06 1.83E-02
8.222E-03 1.478E-03 1.475E-03 2.623E-06 1.87E-02
8.128E-03 1.439E-03 1.436E-03 2.606E-06 1.91E-02
8.035E-03 1.400E-03 1.398E-03 2.588E-06 1.96E-02
7.943E-03 1.363E-03 1.360E-03 2.570E-06 2.00E-02
7.852E-03 1.327E-03 1.324E-03 2.551E-06 2.05E-02
7.762E-03 1.292E-03 1.289E-03 2.532E-06 2.10E-02
7.674E-03 1.257E-03 1.254E-03 2.512E-06 2.15E-02
7.586E-03 1.223E-03 1.220E-03 2.491E-06 2.20E-02
7.499E-03 1.190E-03 1.187E-03 2.470E-06 2.25E-02
7.413E-03 1.158E-03 1.155E-03 2.449E-06 2.30E-02
7.328E-03 1.127E-03 1.125E-03 2.429E-06 2.36E-02
7.244E-03 1.098E-03 1.095E-03 2.407E-06 2.41E-02
7.161E-03 1.068E-03 1.066E-03 2.384E-06 2.47E-02
7.079E-03 1.040E-03 1.038E-03 2.361E-06 2.53E-02
6.998E-03 1.012E-03 1.010E-03 2.337E-06 2.59E-02
6.918E-03 9.848E-04 9.825E-04 2.312E-06 2.65E-02
6.839E-03 9.585E-04 9.562E-04 2.287E-06 2.71E-02
6.761E-03 9.329E-04 9.306E-04 2.261E-06 2.78E-02
6.683E-03 9.077E-04 9.055E-04 2.233E-06 2.84E-02
6.607E-03 8.830E-04 8.808E-04 2.205E-06 2.91E-02
6.531E-03 8.589E-04 8.567E-04 2.175E-06 2.98E-02
6.457E-03 8.360E-04 8.338E-04 2.146E-06 3.05E-02
6.383E-03 8.134E-04 8.113E-04 2.116E-06 3.12E-02
6.310E-03 7.912E-04 7.891E-04 2.083E-06 3.19E-02
6.237E-03 7.694E-04 7.673E-04 2.049E-06 3.27E-02
6.166E-03 7.488E-04 7.467E-04 2.016E-06 3.35E-02
6.095E-03 7.292E-04 7.273E-04 1.984E-06 3.43E-02
6.026E-03 7.099E-04 7.079E-04 1.948E-06 3.51E-02
5.957E-03 6.907E-04 6.888E-04 1.911E-06 3.59E-02
5.888E-03 6.718E-04 6.699E-04 1.870E-06 3.67E-02
5.821E-03 6.532E-04 6.514E-04 1.828E-06 3.76E-02
5.754E-03 6.350E-04 6.332E-04 1.783E-06 3.85E-02
5.689E-03 6.171E-04 6.154E-04 1.736E-06 3.94E-02
5.623E-03 5.999E-04 5.982E-04 1.688E-06 4.03E-02
5.559E-03 5.834E-04 5.818E-04 1.641E-06 4.13E-02
5.495E-03 5.673E-04 5.657E-04 1.590E-06 4.23E-02
5.433E-03 5.515E-04 5.500E-04 1.536E-06 4.33E-02
5.370E-03 5.362E-04 5.347E-04 1.478E-06 4.43E-02
5.309E-03 5.213E-04 5.199E-04 1.417E-06 4.53E-02
5.248E-03 5.070E-04 5.056E-04 1.353E-06 4.64E-02
5.188E-03 4.932E-04 4.919E-04 1.285E-06 4.75E-02
5.129E-03 4.798E-04 4.785E-04 1.247E-06 4.86E-02
5.070E-03 4.664E-04 4.652E-04 1.210E-06 4.98E-02
5.012E-03 4.534E-04 4.522E-04 1.149E-06 5.10E-02
4.955E-03 4.407E-04 4.396E-04 1.065E-06 5.22E-02
4.898E-03 4.283E-04 4.273E-04 9.578E-07 5.34E-02
4.842E-03 4.164E-04 4.156E-04 8.306E-07 5.47E-02
4.786E-03 4.050E-04 4.043E-04 6.866E-07 5.60E-02
4.732E-03 3.934E-04 3.929E-04 4.784E-07 5.73E-02
4.677E-03 3.818E-04 3.816E-04 2.543E-07 5.87E-02
4.624E-03 3.707E-04 3.707E-04 7.896E-08 6.69E-02
4.571E-03 3.601E-04 3.601E-04 9.333E-09 1.02E-01
4.519E-03 3.500E-04 3.498E-04 1.151E-07 8.37E-02
4.467E-03 3.409E-04 3.404E-04 5.008E-07 6.45E-02
4.416E-03 7.543E-03 7.539E-03 3.836E-06 6.61E-02
4.365E-03 7.394E-03 7.391E-03 3.453E-06 6.76E-02
4.315E-03 7.250E-03 7.246E-03 3.157E-06 6.92E-02
4.266E-03 7.105E-03 7.102E-03 3.122E-06 7.08E-02
4.217E-03 6.960E-03 6.957E-03 3.289E-06 7.25E-02
4.169E-03 6.816E-03 6.812E-03 3.593E-06 7.42E-02
4.121E-03 6.672E-03 6.668E-03 3.924E-06 7.60E-02
4.074E-03 6.530E-03 6.526E-03 4.138E-06 7.78E-02
4.027E-03 6.388E-03 6.384E-03 4.326E-06 7.96E-02
3.981E-03 6.247E-03 6.243E-03 4.467E-06 8.15E-02
3.935E-03 6.108E-03 6.103E-03 4.541E-06 8.35E-02
3.890E-03 5.970E-03 5.965E-03 4.531E-06 8.54E-02
3.846E-03 5.834E-03 5.830E-03 4.563E-06 8.75E-02
3.802E-03 5.700E-03 5.696E-03 4.650E-06 8.96E-02
3.758E-03 5.568E-03 5.563E-03 4.730E-06 9.17E-02
3.715E-03 5.438E-03 5.433E-03 4.800E-06 9.39E-02
3.673E-03 5.310E-03 5.305E-03 4.858E-06 9.61E-02
3.631E-03 5.184E-03 5.179E-03 4.907E-06 9.84E-02
3.589E-03 5.060E-03 5.055E-03 4.961E-06 1.01E-01
3.548E-03 4.938E-03 4.933E-03 5.010E-06 1.03E-01
3.508E-03 4.818E-03 4.813E-03 5.054E-06 1.06E-01
3.467E-03 4.701E-03 4.696E-03 5.090E-06 1.08E-01
3.428E-03 4.586E-03 4.580E-03 5.121E-06 1.11E-01
3.388E-03 4.472E-03 4.467E-03 5.152E-06 1.13E-01
3.350E-03 4.360E-03 4.355E-03 5.179E-06 1.16E-01
3.311E-03 4.250E-03 4.245E-03 5.201E-06 1.19E-01
3.273E-03 4.143E-03 4.138E-03 5.218E-06 1.22E-01
3.236E-03 4.040E-03 4.035E-03 5.231E-06 1.25E-01
3.199E-03 3.938E-03 3.932E-03 5.241E-06 1.28E-01
3.162E-03 3.836E-03 3.831E-03 5.249E-06 1.31E-01
3.126E-03 3.736E-03 3.731E-03 5.255E-06 1.34E-01
3.090E-03 3.639E-03 3.634E-03 5.260E-06 1.37E-01
3.055E-03 3.550E-03 3.545E-03 5.262E-06 1.40E-01
3.020E-03 3.461E-03 3.456E-03 5.262E-06 1.44E-01
2.985E-03 3.373E-03 3.368E-03 5.260E-06 1.47E-01
2.951E-03 3.284E-03 3.279E-03 5.255E-06 1.51E-01
2.917E-03 3.197E-03 3.192E-03 5.247E-06 1.54E-01
2.884E-03 3.110E-03 3.105E-03 5.237E-06 1.58E-01
2.851E-03 3.024E-03 3.019E-03 5.224E-06 1.62E-01
2.818E-03 2.939E-03 2.934E-03 5.208E-06 1.65E-01
2.786E-03 2.856E-03 2.851E-03 5.190E-06 1.69E-01
2.754E-03 2.775E-03 2.770E-03 5.170E-06 1.73E-01
2.723E-03 2.699E-03 2.694E-03 5.146E-06 1.78E-01
2.692E-03 2.624E-03 2.619E-03 5.120E-06 1.82E-01
2.661E-03 2.550E-03 2.545E-03 5.091E-06 1.86E-01
2.630E-03 2.478E-03 2.473E-03 5.060E-06 1.91E-01
2.600E-03 2.408E-03 2.403E-03 5.026E-06 1.95E-01
2.570E-03 2.340E-03 2.335E-03 4.991E-06 2.00E-01
2.541E-03 2.274E-03 2.269E-03 4.953E-06 2.05E-01
2.512E-03 2.210E-03 2.205E-03 4.913E-06 2.09E-01
2.483E-03 2.150E-03 2.145E-03 4.871E-06 2.14E-01
2.455E-03 2.089E-03 2.084E-03 4.831E-06 2.20E-01
2.427E-03 2.029E-03 2.025E-03 4.789E-06 2.25E-01
2.399E-03 1.971E-03 1.966E-03 4.746E-06 2.30E-01
2.371E-03 1.913E-03 1.909E-03 4.702E-06 2.36E-01
2.344E-03 1.858E-03 1.853E-03 4.656E-06 2.41E-01
2.317E-03 1.804E-03 1.799E-03 4.610E-06 2.47E-01
2.291E-03 1.752E-03 1.747E-03 4.562E-06 2.53E-01
2.265E-03 1.702E-03 1.698E-03 4.515E-06 2.59E-01
2.239E-03 1.654E-03 1.649E-03 4.466E-06 2.65E-01
2.213E-03 1.605E-03 1.601E-03 4.416E-06 2.71E-01
2.188E-03 1.558E-03 1.553E-03 4.364E-06 2.77E-01
2.163E-03 1.512E-03 1.507E-03 4.312E-06 2.84E-01
2.138E-03 1.467E-03 1.462E-03 4.259E-06 2.90E-01
2.113E-03 1.423E-03 1.419E-03 4.206E-06 2.97E-01
2.089E-03 1.381E-03 1.377E-03 4.152E-06 3.04E-01
2.065E-03 1.341E-03 1.337E-03 4.098E-06 3.11E-01
2.042E-03 1.302E-03 1.298E-03 4.044E-06 3.18E-01
2.018E-03 1.263E-03 1.259E-03 3.989E-06 3.25E-01
1.995E-03 1.225E-03 1.221E-03 3.933E-06 3.33E-01
1.972E-03 1.188E-03 1.184E-03 3.877E-06 3.40E-01
1.950E-03 1.152E-03 1.148E-03 3.820E-06 3.48E-01
1.928E-03 1.117E-03 1.114E-03 3.764E-06 3.56E-01
1.905E-03 1.084E-03 1.081E-03 3.708E-06 3.64E-01
1.884E-03 1.052E-03 1.048E-03 3.651E-06 3.72E-01
1.862E-03 1.020E-03 1.016E-03 3.594E-06 3.80E-01
1.841E-03 9.882E-04 9.847E-04 3.536E-06 3.88E-01
1.820E-03 9.579E-04 9.544E-04 3.478E-06 3.97E-01
1.799E-03 9.286E-04 9.252E-04 3.420E-06 4.06E-01
1.778E-03 9.005E-04 8.971E-04 3.363E-06 4.14E-01
1.758E-03 8.732E-04 8.699E-04 3.306E-06 4.23E-01
1.738E-03 8.463E-04 8.431E-04 3.248E-06 4.32E-01
1.718E-03 8.202E-04 8.170E-04 3.191E-06 4.41E-01
1.698E-03 7.948E-04 7.916E-04 3.134E-06 4.50E-01
1.679E-03 7.702E-04 7.671E-04 3.077E-06 4.59E-01
1.660E-03 7.467E-04 7.436E-04 3.021E-06 4.69E-01
1.641E-03 7.237E-04 7.208E-04 2.966E-06 4.78E-01
1.622E-03 7.012E-04 6.983E-04 2.911E-06 4.88E-01
1.603E-03 6.793E-04 6.764E-04 2.856E-06 4.97E-01
1.585E-03 6.580E-04 6.552E-04 2.802E-06 5.07E-01
1.567E-03 6.375E-04 6.347E-04 2.749E-06 5.16E-01
1.549E-03 6.178E-04 6.151E-04 2.697E-06 5.26E-01
1.531E-03 5.985E-04 5.959E-04 2.644E-06 5.36E-01
1.514E-03 5.797E-04 5.771E-04 2.593E-06 5.45E-01
1.496E-03 5.614E-04 5.589E-04 2.541E-06 5.55E-01
1.479E-03 5.438E-04 5.413E-04 2.491E-06 5.64E-01
1.462E-03 5.268E-04 5.244E-04 2.442E-06 5.74E-01
1.445E-03 5.103E-04 5.079E-04 2.393E-06 5.83E-01
1.429E-03 4.941E-04 4.917E-04 2.345E-06 5.93E-01
1.413E-03 4.784E-04 4.761E-04 2.298E-06 6.02E-01
1.396E-03 4.631E-04 4.609E-04 2.252E-06 6.11E-01
1.380E-03 4.485E-04 4.463E-04 2.206E-06 6.20E-01
1.365E-03 4.343E-04 4.322E-04 2.162E-06 6.29E-01
1.349E-03 4.205E-04 4.184E-04 2.118E-06 6.38E-01
1.334E-03 4.071E-04 4.050E-04 2.075E-06 6.47E-01
1.318E-03 3.942E-04 3.921E-04 2.033E-06 6.55E-01
1.303E-03 3.818E-04 3.798E-04 1.992E-06 6.63E-01
1.288E-03 3.699E-04 3.679E-04 1.952E-06 6.71E-01
1.274E-03 3.581E-04 3.562E-04 1.913E-06 6.79E-01
1.259E-03 3.466E-04 3.447E-04 1.873E-06 6.87E-01
1.245E-03 3.353E-04 3.335E-04 1.835E-06 6.94E-01
1.230E-03 3.249E-04 3.231E-04 1.799E-06 7.01E-01
1.216E-03 3.149E-04 3.131E-04 1.764E-06 7.08E-01
1.202E-03 3.050E-04 3.033E-04 1.730E-06 7.14E-01
1.189E-03 2.952E-04 2.935E-04 1.696E-06 7.20E-01
1.175E-03 2.856E-04 2.840E-04 1.662E-06 7.26E-01
1.161E-03 2.762E-04 2.746E-04 1.629E-06 7.32E-01
1.148E-03 2.671E-04 2.655E-04 1.596E-06 7.37E-01
1.135E-03 2.582E-04 2.566E-04 1.564E-06 7.42E-01
1.122E-03 2.497E-04 2.481E-04 1.533E-06 7.47E-01
1.109E-03 2.416E-04 2.401E-04 1.503E-06 7.52E-01
1.096E-03 2.337E-04 2.322E-04 1.474E-06 7.56E-01
1.084E-03 2.260E-04 2.245E-04 1.445E-06 7.60E-01
1.072E-03 2.186E-04 2.171E-04 1.416E-06 7.63E-01
1.059E-03 2.114E-04 2.100E-04 1.389E-06 7.67E-01
1.047E-03 2.046E-04 2.032E-04 1.362E-06 7.70E-01
1.035E-03 1.981E-04 1.968E-04 1.336E-06 7.73E-01
1.023E-03 1.917E-04 1.904E-04 1.310E-06 7.76E-01
1.012E-03 1.855E-04 1.842E-04 1.285E-06 7.79E-01
