w(micron)   Q_ext     Q_abs     Q_sca    g=<cos>
1.000E+03 6.117E-07 6.117E-07 6.577E-18 0.00E+00
9.886E+02 6.253E-07 6.253E-07 6.886E-18 0.00E+00
9.772E+02 6.393E-07 6.393E-07 7.211E-18 0.00E+00
9.661E+02 6.535E-07 6.535E-07 7.550E-18 0.00E+00
9.550E+02 6.680E-07 6.680E-07 7.906E-18 0.00E+00
9.441E+02 6.829E-07 6.829E-07 8.278E-18 0.00E+00
9.333E+02 6.981E-07 6.981E-07 8.668E-18 0.00E+00
9.226E+02 7.136E-07 7.136E-07 9.076E-18 0.00E+00
9.120E+02 7.294E-07 7.294E-07 9.504E-18 0.00E+00
9.016E+02 7.456E-07 7.456E-07 9.951E-18 0.00E+00
8.913E+02 7.622E-07 7.622E-07 1.042E-17 0.00E+00
8.810E+02 7.791E-07 7.791E-07 1.091E-17 0.00E+00
8.710E+02 7.963E-07 7.963E-07 1.142E-17 0.00E+00
8.610E+02 8.140E-07 8.140E-07 1.196E-17 0.00E+00
8.511E+02 8.320E-07 8.320E-07 1.253E-17 0.00E+00
8.414E+02 8.504E-07 8.504E-07 1.312E-17 0.00E+00
8.318E+02 8.692E-07 8.692E-07 1.373E-17 0.00E+00
8.222E+02 8.884E-07 8.884E-07 1.438E-17 0.00E+00
8.128E+02 9.080E-07 9.080E-07 1.506E-17 0.00E+00
8.035E+02 9.280E-07 9.280E-07 1.577E-17 0.00E+00
7.943E+02 9.485E-07 9.485E-07 1.651E-17 0.00E+00
7.852E+02 9.694E-07 9.694E-07 1.729E-17 0.00E+00
7.762E+02 9.908E-07 9.908E-07 1.810E-17 0.00E+00
7.674E+02 1.013E-06 1.013E-06 1.895E-17 0.00E+00
7.586E+02 1.035E-06 1.035E-06 1.985E-17 0.00E+00
7.499E+02 1.058E-06 1.058E-06 2.078E-17 0.00E+00
7.413E+02 1.081E-06 1.081E-06 2.176E-17 0.00E+00
7.328E+02 1.105E-06 1.105E-06 2.278E-17 0.00E+00
7.244E+02 1.129E-06 1.129E-06 2.386E-17 0.00E+00
7.161E+02 1.154E-06 1.154E-06 2.498E-17 0.00E+00
7.079E+02 1.179E-06 1.179E-06 2.616E-17 0.00E+00
6.998E+02 1.205E-06 1.205E-06 2.739E-17 0.00E+00
6.918E+02 1.232E-06 1.232E-06 2.868E-17 0.00E+00
6.839E+02 1.259E-06 1.259E-06 3.003E-17 0.00E+00
6.761E+02 1.286E-06 1.286E-06 3.144E-17 0.00E+00
6.683E+02 1.314E-06 1.314E-06 3.292E-17 0.00E+00
6.607E+02 1.343E-06 1.343E-06 3.447E-17 0.00E+00
6.531E+02 1.373E-06 1.373E-06 3.609E-17 0.00E+00
6.457E+02 1.403E-06 1.403E-06 3.779E-17 0.00E+00
6.383E+02 1.433E-06 1.433E-06 3.957E-17 0.00E+00
6.310E+02 1.465E-06 1.465E-06 4.144E-17 0.00E+00
6.237E+02 1.497E-06 1.497E-06 4.339E-17 0.00E+00
6.166E+02 1.530E-06 1.530E-06 4.543E-17 0.00E+00
6.095E+02 1.563E-06 1.563E-06 4.757E-17 0.00E+00
6.026E+02 1.597E-06 1.597E-06 4.981E-17 0.00E+00
5.957E+02 1.632E-06 1.632E-06 5.216E-17 0.00E+00
5.888E+02 1.668E-06 1.668E-06 5.461E-17 0.00E+00
5.821E+02 1.704E-06 1.704E-06 5.718E-17 0.00E+00
5.754E+02 1.742E-06 1.742E-06 5.988E-17 0.00E+00
5.689E+02 1.780E-06 1.780E-06 6.269E-17 0.00E+00
5.623E+02 1.819E-06 1.819E-06 6.565E-17 0.00E+00
5.559E+02 1.858E-06 1.858E-06 6.874E-17 0.00E+00
5.495E+02 1.899E-06 1.899E-06 7.197E-17 0.00E+00
5.433E+02 1.940E-06 1.940E-06 7.536E-17 0.00E+00
5.370E+02 1.983E-06 1.983E-06 7.891E-17 0.00E+00
5.309E+02 2.026E-06 2.026E-06 8.263E-17 0.00E+00
5.248E+02 2.070E-06 2.070E-06 8.652E-17 0.00E+00
5.188E+02 2.116E-06 2.116E-06 9.059E-17 0.00E+00
5.129E+02 2.162E-06 2.162E-06 9.485E-17 0.00E+00
5.070E+02 2.209E-06 2.209E-06 9.932E-17 0.00E+00
5.012E+02 2.257E-06 2.257E-06 1.040E-16 0.00E+00
4.955E+02 2.307E-06 2.307E-06 1.089E-16 0.00E+00
4.898E+02 2.357E-06 2.357E-06 1.140E-16 0.00E+00
4.842E+02 2.409E-06 2.409E-06 1.194E-16 0.00E+00
4.786E+02 2.461E-06 2.461E-06 1.250E-16 0.00E+00
4.732E+02 2.515E-06 2.515E-06 1.309E-16 0.00E+00
4.677E+02 2.570E-06 2.570E-06 1.371E-16 0.00E+00
4.624E+02 2.626E-06 2.626E-06 1.435E-16 0.00E+00
4.571E+02 2.684E-06 2.684E-06 1.503E-16 0.00E+00
4.519E+02 2.743E-06 2.743E-06 1.573E-16 0.00E+00
4.467E+02 2.803E-06 2.803E-06 1.648E-16 0.00E+00
4.416E+02 2.864E-06 2.864E-06 1.725E-16 0.00E+00
4.365E+02 2.927E-06 2.927E-06 1.806E-16 0.00E+00
4.315E+02 2.991E-06 2.991E-06 1.891E-16 0.00E+00
4.266E+02 3.056E-06 3.056E-06 1.980E-16 0.00E+00
4.217E+02 3.123E-06 3.123E-06 2.074E-16 0.00E+00
4.169E+02 3.192E-06 3.192E-06 2.171E-16 0.00E+00
4.121E+02 3.262E-06 3.262E-06 2.274E-16 0.00E+00
4.074E+02 3.334E-06 3.334E-06 2.381E-16 0.00E+00
4.027E+02 3.407E-06 3.407E-06 2.493E-16 0.00E+00
3.981E+02 3.482E-06 3.482E-06 2.610E-16 0.00E+00
3.936E+02 3.558E-06 3.558E-06 2.733E-16 0.00E+00
3.890E+02 3.636E-06 3.636E-06 2.862E-16 0.00E+00
3.846E+02 3.716E-06 3.716E-06 2.996E-16 0.00E+00
3.802E+02 3.798E-06 3.798E-06 3.137E-16 0.00E+00
3.758E+02 3.882E-06 3.882E-06 3.285E-16 0.00E+00
3.715E+02 3.967E-06 3.967E-06 3.440E-16 0.00E+00
3.673E+02 4.055E-06 4.055E-06 3.602E-16 0.00E+00
3.631E+02 4.144E-06 4.144E-06 3.771E-16 0.00E+00
3.589E+02 4.236E-06 4.236E-06 3.949E-16 0.00E+00
3.548E+02 4.329E-06 4.329E-06 4.135E-16 0.00E+00
3.508E+02 4.425E-06 4.425E-06 4.329E-16 0.00E+00
3.467E+02 4.522E-06 4.522E-06 4.533E-16 0.00E+00
3.428E+02 4.622E-06 4.622E-06 4.747E-16 0.00E+00
3.388E+02 4.725E-06 4.725E-06 4.970E-16 0.00E+00
3.350E+02 4.829E-06 4.829E-06 5.204E-16 0.00E+00
3.311E+02 4.936E-06 4.936E-06 5.449E-16 0.00E+00
3.273E+02 5.046E-06 5.046E-06 5.706E-16 0.00E+00
3.236E+02 5.158E-06 5.158E-06 5.974E-16 0.00E+00
3.199E+02 5.272E-06 5.272E-06 6.256E-16 0.00E+00
3.162E+02 5.389E-06 5.389E-06 6.550E-16 0.00E+00
3.126E+02 5.509E-06 5.509E-06 6.858E-16 0.00E+00
3.090E+02 5.631E-06 5.631E-06 7.181E-16 0.00E+00
3.055E+02 5.757E-06 5.757E-06 7.519E-16 0.00E+00
3.020E+02 5.885E-06 5.885E-06 7.873E-16 0.00E+00
2.985E+02 6.016E-06 6.016E-06 8.244E-16 0.00E+00
2.951E+02 6.150E-06 6.150E-06 8.632E-16 0.00E+00
2.917E+02 6.287E-06 6.287E-06 9.039E-16 0.00E+00
2.884E+02 6.427E-06 6.427E-06 9.464E-16 0.00E+00
2.851E+02 6.571E-06 6.571E-06 9.910E-16 0.00E+00
2.818E+02 6.718E-06 6.718E-06 1.038E-15 0.00E+00
2.786E+02 6.868E-06 6.868E-06 1.086E-15 0.00E+00
2.754E+02 7.022E-06 7.022E-06 1.138E-15 0.00E+00
2.723E+02 7.179E-06 7.179E-06 1.191E-15 0.00E+00
2.692E+02 7.340E-06 7.340E-06 1.247E-15 0.00E+00
2.661E+02 7.504E-06 7.504E-06 1.306E-15 0.00E+00
2.630E+02 7.673E-06 7.673E-06 1.367E-15 0.00E+00
2.600E+02 7.845E-06 7.845E-06 1.432E-15 0.00E+00
2.570E+02 8.021E-06 8.021E-06 1.499E-15 0.00E+00
2.541E+02 8.202E-06 8.202E-06 1.570E-15 0.00E+00
2.512E+02 8.386E-06 8.386E-06 1.644E-15 0.00E+00
2.483E+02 8.575E-06 8.575E-06 1.721E-15 0.00E+00
2.455E+02 8.768E-06 8.768E-06 1.802E-15 0.00E+00
2.427E+02 8.966E-06 8.966E-06 1.887E-15 0.00E+00
2.399E+02 9.168E-06 9.168E-06 1.976E-15 0.00E+00
2.371E+02 9.375E-06 9.375E-06 2.069E-15 0.00E+00
2.344E+02 9.587E-06 9.587E-06 2.166E-15 0.00E+00
2.317E+02 9.804E-06 9.804E-06 2.268E-15 0.00E+00
2.291E+02 1.003E-05 1.003E-05 2.375E-15 0.00E+00
2.265E+02 1.025E-05 1.025E-05 2.487E-15 0.00E+00
2.239E+02 1.048E-05 1.048E-05 2.604E-15 0.00E+00
2.213E+02 1.072E-05 1.072E-05 2.726E-15 0.00E+00
2.188E+02 1.097E-05 1.097E-05 2.855E-15 0.00E+00
2.163E+02 1.121E-05 1.121E-05 2.989E-15 0.00E+00
2.138E+02 1.147E-05 1.147E-05 3.130E-15 0.00E+00
2.113E+02 1.173E-05 1.173E-05 3.277E-15 0.00E+00
2.089E+02 1.200E-05 1.200E-05 3.431E-15 0.00E+00
2.065E+02 1.227E-05 1.227E-05 3.593E-15 0.00E+00
2.042E+02 1.255E-05 1.255E-05 3.762E-15 0.00E+00
2.018E+02 1.283E-05 1.283E-05 3.939E-15 0.00E+00
1.995E+02 1.313E-05 1.313E-05 4.124E-15 0.00E+00
1.972E+02 1.343E-05 1.343E-05 4.318E-15 0.00E+00
1.950E+02 1.373E-05 1.373E-05 4.521E-15 0.00E+00
1.928E+02 1.405E-05 1.405E-05 4.734E-15 0.00E+00
1.905E+02 1.437E-05 1.437E-05 4.957E-15 0.00E+00
1.884E+02 1.470E-05 1.470E-05 5.190E-15 0.00E+00
1.862E+02 1.503E-05 1.503E-05 5.434E-15 0.00E+00
1.841E+02 1.538E-05 1.538E-05 5.690E-15 0.00E+00
1.820E+02 1.573E-05 1.573E-05 5.958E-15 0.00E+00
1.799E+02 1.609E-05 1.609E-05 6.238E-15 0.00E+00
1.778E+02 1.646E-05 1.646E-05 6.531E-15 0.00E+00
1.758E+02 1.684E-05 1.684E-05 6.839E-15 0.00E+00
1.738E+02 1.722E-05 1.722E-05 7.160E-15 0.00E+00
1.718E+02 1.762E-05 1.762E-05 7.497E-15 0.00E+00
1.698E+02 1.802E-05 1.802E-05 7.850E-15 0.00E+00
1.679E+02 1.844E-05 1.844E-05 8.219E-15 0.00E+00
1.660E+02 1.886E-05 1.886E-05 8.606E-15 0.00E+00
1.641E+02 1.930E-05 1.930E-05 9.011E-15 0.00E+00
1.622E+02 1.974E-05 1.974E-05 9.434E-15 0.00E+00
1.603E+02 2.020E-05 2.020E-05 9.878E-15 0.00E+00
1.585E+02 2.067E-05 2.067E-05 1.034E-14 0.00E+00
1.567E+02 2.115E-05 2.115E-05 1.083E-14 0.00E+00
1.549E+02 2.163E-05 2.163E-05 1.134E-14 0.00E+00
1.531E+02 2.214E-05 2.214E-05 1.187E-14 0.00E+00
1.514E+02 2.265E-05 2.265E-05 1.243E-14 0.00E+00
1.496E+02 2.317E-05 2.317E-05 1.301E-14 0.00E+00
1.479E+02 2.371E-05 2.371E-05 1.363E-14 0.00E+00
1.462E+02 2.426E-05 2.426E-05 1.427E-14 0.00E+00
1.445E+02 2.482E-05 2.482E-05 1.494E-14 0.00E+00
1.429E+02 2.540E-05 2.540E-05 1.564E-14 0.00E+00
1.413E+02 2.599E-05 2.599E-05 1.637E-14 0.00E+00
1.396E+02 2.660E-05 2.660E-05 1.714E-14 0.00E+00
1.380E+02 2.722E-05 2.722E-05 1.795E-14 0.00E+00
1.365E+02 2.785E-05 2.785E-05 1.879E-14 0.00E+00
1.349E+02 2.850E-05 2.850E-05 1.968E-14 0.00E+00
1.334E+02 2.916E-05 2.916E-05 2.060E-14 0.00E+00
1.318E+02 2.985E-05 2.985E-05 2.157E-14 0.00E+00
1.303E+02 3.054E-05 3.054E-05 2.258E-14 0.00E+00
1.288E+02 3.126E-05 3.126E-05 2.364E-14 0.00E+00
1.274E+02 3.199E-05 3.199E-05 2.475E-14 0.00E+00
1.259E+02 3.274E-05 3.274E-05 2.591E-14 0.00E+00
1.245E+02 3.351E-05 3.351E-05 2.713E-14 0.00E+00
1.230E+02 3.429E-05 3.429E-05 2.841E-14 0.00E+00
1.216E+02 3.510E-05 3.510E-05 2.974E-14 0.00E+00
1.202E+02 3.592E-05 3.592E-05 3.113E-14 0.00E+00
1.189E+02 3.677E-05 3.677E-05 3.260E-14 0.00E+00
1.175E+02 3.763E-05 3.763E-05 3.413E-14 0.00E+00
1.161E+02 3.852E-05 3.852E-05 3.573E-14 0.00E+00
1.148E+02 3.943E-05 3.943E-05 3.740E-14 0.00E+00
1.135E+02 4.036E-05 4.036E-05 3.916E-14 0.00E+00
1.122E+02 4.131E-05 4.131E-05 4.099E-14 0.00E+00
1.109E+02 4.228E-05 4.228E-05 4.292E-14 0.00E+00
1.096E+02 4.328E-05 4.328E-05 4.493E-14 0.00E+00
1.084E+02 4.430E-05 4.430E-05 4.703E-14 0.00E+00
1.072E+02 4.535E-05 4.535E-05 4.924E-14 0.00E+00
1.059E+02 4.642E-05 4.642E-05 5.154E-14 0.00E+00
1.047E+02 4.752E-05 4.752E-05 5.396E-14 0.00E+00
1.035E+02 4.864E-05 4.864E-05 5.648E-14 0.00E+00
1.023E+02 4.979E-05 4.979E-05 5.913E-14 0.00E+00
1.012E+02 5.097E-05 5.097E-05 6.190E-14 0.00E+00
1.000E+02 5.217E-05 5.217E-05 6.479E-14 0.00E+00
9.886E+01 5.341E-05 5.341E-05 6.782E-14 0.00E+00
9.772E+01 5.467E-05 5.467E-05 7.100E-14 0.00E+00
9.661E+01 5.596E-05 5.596E-05 7.431E-14 0.00E+00
9.550E+01 5.728E-05 5.728E-05 7.779E-14 0.00E+00
9.441E+01 5.863E-05 5.863E-05 8.142E-14 0.00E+00
9.333E+01 6.001E-05 6.001E-05 8.522E-14 0.00E+00
9.226E+01 6.142E-05 6.142E-05 8.920E-14 0.00E+00
9.120E+01 6.286E-05 6.286E-05 9.337E-14 0.00E+00
9.016E+01 6.434E-05 6.434E-05 9.772E-14 0.00E+00
8.913E+01 6.585E-05 6.585E-05 1.023E-13 0.00E+00
8.810E+01 6.739E-05 6.739E-05 1.071E-13 0.00E+00
8.710E+01 6.897E-05 6.897E-05 1.120E-13 0.00E+00
8.610E+01 7.058E-05 7.058E-05 1.173E-13 0.00E+00
8.511E+01 7.223E-05 7.223E-05 1.227E-13 0.00E+00
8.414E+01 7.392E-05 7.392E-05 1.284E-13 0.00E+00
8.318E+01 7.565E-05 7.565E-05 1.344E-13 0.00E+00
8.222E+01 7.741E-05 7.741E-05 1.407E-13 0.00E+00
8.128E+01 7.922E-05 7.922E-05 1.472E-13 0.00E+00
8.035E+01 8.107E-05 8.107E-05 1.541E-13 0.00E+00
7.943E+01 8.295E-05 8.295E-05 1.612E-13 0.00E+00
7.852E+01 8.488E-05 8.488E-05 1.687E-13 0.00E+00
7.762E+01 8.685E-05 8.685E-05 1.765E-13 0.00E+00
7.674E+01 8.886E-05 8.886E-05 1.847E-13 0.00E+00
7.586E+01 9.092E-05 9.092E-05 1.933E-13 0.00E+00
7.499E+01 9.302E-05 9.302E-05 2.023E-13 0.00E+00
7.413E+01 9.516E-05 9.516E-05 2.116E-13 0.00E+00
7.328E+01 9.735E-05 9.735E-05 2.214E-13 0.00E+00
7.244E+01 9.958E-05 9.958E-05 2.317E-13 0.00E+00
7.161E+01 1.019E-04 1.019E-04 2.424E-13 0.00E+00
7.079E+01 1.042E-04 1.042E-04 2.536E-13 0.00E+00
6.998E+01 1.066E-04 1.066E-04 2.653E-13 0.00E+00
6.918E+01 1.090E-04 1.090E-04 2.775E-13 0.00E+00
6.839E+01 1.114E-04 1.114E-04 2.903E-13 0.00E+00
6.761E+01 1.140E-04 1.140E-04 3.037E-13 0.00E+00
6.683E+01 1.165E-04 1.165E-04 3.177E-13 0.00E+00
6.607E+01 1.191E-04 1.191E-04 3.323E-13 0.00E+00
6.531E+01 1.218E-04 1.218E-04 3.476E-13 0.00E+00
6.457E+01 1.245E-04 1.245E-04 3.635E-13 0.00E+00
6.383E+01 1.273E-04 1.273E-04 3.802E-13 0.00E+00
6.310E+01 1.301E-04 1.301E-04 3.976E-13 0.00E+00
6.237E+01 1.329E-04 1.329E-04 4.159E-13 0.00E+00
6.166E+01 1.359E-04 1.359E-04 4.349E-13 0.00E+00
6.095E+01 1.388E-04 1.388E-04 4.548E-13 0.00E+00
6.026E+01 1.418E-04 1.418E-04 4.755E-13 0.00E+00
5.957E+01 1.449E-04 1.449E-04 4.972E-13 0.00E+00
5.888E+01 1.480E-04 1.480E-04 5.199E-13 0.00E+00
5.821E+01 1.511E-04 1.511E-04 5.436E-13 0.00E+00
5.754E+01 1.543E-04 1.543E-04 5.683E-13 0.00E+00
5.689E+01 1.576E-04 1.576E-04 5.941E-13 0.00E+00
5.623E+01 1.609E-04 1.609E-04 6.210E-13 0.00E+00
5.559E+01 1.642E-04 1.642E-04 6.492E-13 0.00E+00
5.495E+01 1.676E-04 1.676E-04 6.786E-13 0.00E+00
5.433E+01 1.710E-04 1.710E-04 7.092E-13 0.00E+00
5.370E+01 1.745E-04 1.745E-04 7.413E-13 0.00E+00
5.309E+01 1.780E-04 1.780E-04 7.747E-13 0.00E+00
5.248E+01 1.815E-04 1.815E-04 8.096E-13 0.00E+00
5.188E+01 1.851E-04 1.851E-04 8.460E-13 0.00E+00
5.129E+01 1.887E-04 1.887E-04 8.839E-13 0.00E+00
5.070E+01 1.923E-04 1.923E-04 9.236E-13 0.00E+00
5.012E+01 1.960E-04 1.960E-04 9.649E-13 0.00E+00
4.955E+01 1.996E-04 1.996E-04 1.008E-12 0.00E+00
4.898E+01 2.034E-04 2.034E-04 1.053E-12 0.00E+00
4.842E+01 2.071E-04 2.071E-04 1.100E-12 0.00E+00
4.786E+01 2.108E-04 2.108E-04 1.149E-12 0.00E+00
4.732E+01 2.146E-04 2.146E-04 1.200E-12 0.00E+00
4.677E+01 2.183E-04 2.183E-04 1.253E-12 0.00E+00
4.624E+01 2.221E-04 2.221E-04 1.309E-12 0.00E+00
4.571E+01 2.259E-04 2.259E-04 1.367E-12 0.00E+00
4.519E+01 2.296E-04 2.296E-04 1.427E-12 0.00E+00
4.467E+01 2.333E-04 2.333E-04 1.490E-12 0.00E+00
4.416E+01 2.371E-04 2.371E-04 1.555E-12 0.00E+00
4.365E+01 2.408E-04 2.408E-04 1.624E-12 0.00E+00
4.315E+01 2.444E-04 2.444E-04 1.695E-12 0.00E+00
4.266E+01 2.481E-04 2.481E-04 1.769E-12 0.00E+00
4.217E+01 2.517E-04 2.517E-04 1.847E-12 0.00E+00
4.169E+01 2.552E-04 2.552E-04 1.927E-12 0.00E+00
4.121E+01 2.587E-04 2.587E-04 2.011E-12 0.00E+00
4.074E+01 2.622E-04 2.622E-04 2.099E-12 0.00E+00
4.027E+01 2.655E-04 2.655E-04 2.190E-12 0.00E+00
3.981E+01 2.689E-04 2.689E-04 2.286E-12 0.00E+00
3.936E+01 2.721E-04 2.721E-04 2.385E-12-1.89E-06
3.890E+01 2.752E-04 2.752E-04 2.488E-12-1.99E-06
3.846E+01 2.783E-04 2.783E-04 2.596E-12-2.08E-06
3.802E+01 2.813E-04 2.813E-04 2.708E-12-2.17E-06
3.758E+01 2.842E-04 2.842E-04 2.825E-12-2.26E-06
3.715E+01 2.869E-04 2.869E-04 2.948E-12-2.35E-06
3.673E+01 2.896E-04 2.896E-04 3.075E-12-2.43E-06
3.631E+01 2.922E-04 2.922E-04 3.208E-12-2.52E-06
3.589E+01 2.946E-04 2.946E-04 3.346E-12-2.60E-06
3.548E+01 2.969E-04 2.969E-04 3.490E-12-2.68E-06
3.508E+01 2.991E-04 2.991E-04 3.641E-12-2.76E-06
3.467E+01 3.011E-04 3.011E-04 3.798E-12-2.83E-06
3.428E+01 3.030E-04 3.030E-04 3.962E-12-2.91E-06
3.388E+01 3.048E-04 3.048E-04 4.133E-12-2.98E-06
3.350E+01 3.064E-04 3.064E-04 4.311E-12-3.04E-06
3.311E+01 3.079E-04 3.079E-04 4.498E-12-3.10E-06
3.273E+01 3.092E-04 3.092E-04 4.692E-12-3.16E-06
3.236E+01 3.103E-04 3.103E-04 4.895E-12-3.21E-06
3.199E+01 3.114E-04 3.114E-04 5.107E-12-3.26E-06
3.162E+01 3.122E-04 3.122E-04 5.328E-12-3.30E-06
3.126E+01 3.129E-04 3.129E-04 5.559E-12-3.35E-06
3.090E+01 3.135E-04 3.135E-04 5.801E-12-3.38E-06
3.055E+01 3.139E-04 3.139E-04 6.053E-12-3.41E-06
3.020E+01 3.141E-04 3.141E-04 6.317E-12-3.44E-06
2.985E+01 3.143E-04 3.143E-04 6.592E-12-3.46E-06
2.951E+01 3.142E-04 3.142E-04 6.881E-12-3.48E-06
2.917E+01 3.141E-04 3.141E-04 7.182E-12-3.50E-06
2.884E+01 3.138E-04 3.138E-04 7.497E-12-3.52E-06
2.851E+01 3.134E-04 3.134E-04 7.827E-12-3.53E-06
2.818E+01 3.128E-04 3.128E-04 8.172E-12-3.54E-06
2.786E+01 3.122E-04 3.122E-04 8.532E-12-3.54E-06
2.754E+01 3.114E-04 3.114E-04 8.910E-12-3.53E-06
2.723E+01 3.105E-04 3.105E-04 9.305E-12-3.53E-06
2.692E+01 3.095E-04 3.095E-04 9.718E-12-3.52E-06
2.661E+01 3.084E-04 3.084E-04 1.015E-11-3.50E-06
2.630E+01 3.072E-04 3.072E-04 1.060E-11-3.48E-06
2.600E+01 3.061E-04 3.061E-04 1.108E-11-3.46E-06
2.570E+01 3.049E-04 3.049E-04 1.158E-11-3.42E-06
2.541E+01 3.038E-04 3.038E-04 1.210E-11-3.38E-06
2.512E+01 3.028E-04 3.028E-04 1.264E-11-3.34E-06
2.483E+01 3.021E-04 3.021E-04 1.321E-11-3.27E-06
2.455E+01 3.018E-04 3.018E-04 1.381E-11-3.18E-06
2.427E+01 3.024E-04 3.024E-04 1.443E-11-3.08E-06
2.399E+01 3.046E-04 3.046E-04 1.508E-11-3.01E-06
2.371E+01 3.099E-04 3.099E-04 1.577E-11-2.96E-06
2.344E+01 3.200E-04 3.200E-04 1.649E-11-2.91E-06
2.317E+01 3.303E-04 3.303E-04 1.724E-11-2.86E-06
2.291E+01 3.263E-04 3.263E-04 1.803E-11-2.82E-06
2.265E+01 3.146E-04 3.146E-04 1.886E-11-2.77E-06
2.239E+01 3.087E-04 3.087E-04 1.972E-11-2.72E-06
2.213E+01 3.109E-04 3.109E-04 2.063E-11-2.67E-06
2.188E+01 3.242E-04 3.242E-04 2.158E-11-2.61E-06
2.163E+01 3.574E-04 3.574E-04 2.258E-11-2.55E-06
2.138E+01 4.176E-04 4.176E-04 2.362E-11-2.49E-06
2.113E+01 4.390E-04 4.390E-04 2.472E-11-2.43E-06
2.089E+01 3.750E-04 3.750E-04 2.587E-11-2.36E-06
2.065E+01 3.223E-04 3.223E-04 2.707E-11-2.28E-06
2.042E+01 2.944E-04 2.944E-04 2.833E-11-2.20E-06
2.018E+01 2.793E-04 2.793E-04 2.964E-11-2.11E-06
1.995E+01 2.701E-04 2.701E-04 3.103E-11-2.00E-06
1.972E+01 2.641E-04 2.641E-04 3.247E-11-1.87E-06
1.950E+01 2.601E-04 2.601E-04 3.398E-11-1.75E-06
1.928E+01 2.576E-04 2.576E-04 3.557E-11-1.64E-06
1.905E+01 2.571E-04 2.571E-04 3.724E-11-1.54E-06
1.884E+01 2.603E-04 2.603E-04 3.898E-11-1.44E-06
1.862E+01 2.745E-04 2.745E-04 4.081E-11-1.35E-06
1.841E+01 3.364E-04 3.364E-04 4.272E-11-1.25E-06
1.820E+01 4.021E-04 4.021E-04 4.473E-11-1.16E-06
1.799E+01 2.890E-04 2.890E-04 4.683E-11-1.07E-06
1.778E+01 2.560E-04 2.560E-04 4.904E-11-9.76E-07
1.758E+01 2.450E-04 2.450E-04 5.134E-11-8.82E-07
1.738E+01 2.401E-04 2.401E-04 5.376E-11-7.86E-07
1.718E+01 2.378E-04 2.378E-04 5.630E-11-6.88E-07
1.698E+01 2.376E-04 2.376E-04 5.895E-11-5.89E-07
1.679E+01 2.420E-04 2.420E-04 6.173E-11-4.88E-07
1.660E+01 2.687E-04 2.687E-04 6.465E-11-3.86E-07
1.641E+01 5.005E-04 5.005E-04 6.770E-11-2.83E-07
1.622E+01 2.710E-04 2.710E-04 7.090E-11-1.77E-07
1.603E+01 2.383E-04 2.383E-04 7.425E-11-7.06E-08
1.585E+01 2.310E-04 2.310E-04 7.776E-11 3.54E-08
1.567E+01 2.282E-04 2.282E-04 8.143E-11 1.38E-07
1.549E+01 2.268E-04 2.268E-04 8.528E-11 2.39E-07
1.531E+01 2.261E-04 2.261E-04 8.932E-11 3.41E-07
1.514E+01 2.258E-04 2.258E-04 9.355E-11 4.42E-07
1.496E+01 2.259E-04 2.258E-04 9.798E-11 5.46E-07
1.479E+01 2.261E-04 2.261E-04 1.026E-10 6.53E-07
1.462E+01 2.267E-04 2.267E-04 1.075E-10 7.61E-07
1.445E+01 2.278E-04 2.278E-04 1.126E-10 8.72E-07
1.429E+01 2.291E-04 2.291E-04 1.179E-10 9.85E-07
1.413E+01 2.309E-04 2.309E-04 1.235E-10 1.10E-06
1.396E+01 2.333E-04 2.333E-04 1.293E-10 1.22E-06
1.380E+01 2.364E-04 2.364E-04 1.355E-10 1.35E-06
1.365E+01 2.406E-04 2.406E-04 1.419E-10 1.47E-06
1.349E+01 2.464E-04 2.464E-04 1.486E-10 1.61E-06
1.334E+01 2.547E-04 2.547E-04 1.556E-10 1.75E-06
1.318E+01 2.667E-04 2.667E-04 1.630E-10 1.89E-06
1.303E+01 2.842E-04 2.842E-04 1.707E-10 2.04E-06
1.288E+01 3.062E-04 3.062E-04 1.788E-10 2.19E-06
1.274E+01 3.231E-04 3.231E-04 1.873E-10 2.36E-06
1.259E+01 3.220E-04 3.220E-04 1.961E-10 2.53E-06
1.245E+01 3.095E-04 3.095E-04 2.054E-10 2.71E-06
1.230E+01 3.008E-04 3.008E-04 2.152E-10 2.91E-06
1.216E+01 3.051E-04 3.051E-04 2.254E-10 3.09E-06
1.202E+01 3.353E-04 3.353E-04 2.360E-10 3.26E-06
1.189E+01 3.758E-04 3.758E-04 2.475E-10 3.43E-06
1.175E+01 3.523E-04 3.523E-04 2.597E-10 3.61E-06
1.161E+01 3.686E-04 3.686E-04 2.732E-10 3.78E-06
1.148E+01 4.818E-04 4.818E-04 2.780E-10 3.95E-06
1.135E+01 5.829E-04 5.829E-04 2.954E-10 4.12E-06
1.122E+01 5.543E-04 5.543E-04 3.100E-10 4.30E-06
1.109E+01 4.240E-04 4.240E-04 3.251E-10 4.48E-06
1.096E+01 3.516E-04 3.516E-04 3.406E-10 4.67E-06
1.084E+01 3.186E-04 3.186E-04 3.569E-10 4.86E-06
1.072E+01 3.030E-04 3.030E-04 3.739E-10 5.05E-06
1.059E+01 2.958E-04 2.958E-04 3.915E-10 5.24E-06
1.047E+01 2.930E-04 2.930E-04 4.099E-10 5.44E-06
1.035E+01 2.926E-04 2.926E-04 4.292E-10 5.64E-06
1.023E+01 2.936E-04 2.936E-04 4.494E-10 5.84E-06
1.012E+01 2.956E-04 2.956E-04 4.707E-10 6.05E-06
1.000E+01 2.983E-04 2.983E-04 4.929E-10 6.26E-06
9.886E+00 3.018E-04 3.018E-04 5.162E-10 6.47E-06
9.772E+00 3.060E-04 3.060E-04 5.405E-10 6.68E-06
9.661E+00 3.107E-04 3.107E-04 5.661E-10 6.89E-06
9.550E+00 3.161E-04 3.161E-04 5.928E-10 7.12E-06
9.441E+00 3.223E-04 3.223E-04 6.207E-10 7.34E-06
9.333E+00 3.294E-04 3.294E-04 6.499E-10 7.56E-06
9.226E+00 3.378E-04 3.378E-04 6.806E-10 7.79E-06
9.120E+00 3.480E-04 3.480E-04 7.126E-10 8.02E-06
9.016E+00 3.610E-04 3.610E-04 7.462E-10 8.26E-06
8.913E+00 3.790E-04 3.790E-04 7.813E-10 8.51E-06
8.810E+00 4.055E-04 4.055E-04 8.181E-10 8.76E-06
8.710E+00 4.436E-04 4.436E-04 8.565E-10 9.02E-06
8.610E+00 4.771E-04 4.771E-04 8.968E-10 9.29E-06
8.511E+00 4.758E-04 4.758E-04 9.390E-10 9.56E-06
8.414E+00 4.638E-04 4.638E-04 9.831E-10 9.84E-06
8.318E+00 4.653E-04 4.653E-04 1.029E-09 1.01E-05
8.222E+00 4.806E-04 4.806E-04 1.078E-09 1.04E-05
8.128E+00 5.077E-04 5.077E-04 1.128E-09 1.07E-05
8.035E+00 5.462E-04 5.462E-04 1.181E-09 1.11E-05
7.943E+00 5.955E-04 5.955E-04 1.236E-09 1.14E-05
7.852E+00 6.497E-04 6.497E-04 1.294E-09 1.18E-05
7.762E+00 6.936E-04 6.936E-04 1.355E-09 1.21E-05
7.674E+00 7.070E-04 7.070E-04 1.419E-09 1.25E-05
7.586E+00 6.851E-04 6.851E-04 1.485E-09 1.28E-05
7.499E+00 6.442E-04 6.442E-04 1.555E-09 1.32E-05
7.413E+00 6.029E-04 6.029E-04 1.628E-09 1.35E-05
7.328E+00 5.702E-04 5.702E-04 1.704E-09 1.39E-05
7.244E+00 5.472E-04 5.472E-04 1.784E-09 1.43E-05
7.161E+00 5.324E-04 5.324E-04 1.868E-09 1.46E-05
7.079E+00 5.239E-04 5.239E-04 1.955E-09 1.50E-05
6.998E+00 5.202E-04 5.201E-04 2.047E-09 1.54E-05
6.918E+00 5.201E-04 5.201E-04 2.143E-09 1.58E-05
6.839E+00 5.231E-04 5.231E-04 2.243E-09 1.62E-05
6.761E+00 5.288E-04 5.288E-04 2.348E-09 1.66E-05
6.683E+00 5.373E-04 5.373E-04 2.458E-09 1.70E-05
6.607E+00 5.494E-04 5.494E-04 2.573E-09 1.74E-05
6.531E+00 5.665E-04 5.665E-04 2.693E-09 1.79E-05
6.457E+00 5.919E-04 5.919E-04 2.819E-09 1.83E-05
6.383E+00 6.315E-04 6.314E-04 2.951E-09 1.89E-05
6.310E+00 6.870E-04 6.870E-04 3.088E-09 1.98E-05
6.237E+00 7.675E-04 7.675E-04 3.234E-09 1.95E-05
6.166E+00 7.776E-04 7.776E-04 3.385E-09 2.00E-05
6.095E+00 7.233E-04 7.233E-04 3.543E-09 2.05E-05
6.026E+00 6.764E-04 6.764E-04 3.709E-09 2.10E-05
5.957E+00 6.522E-04 6.522E-04 3.882E-09 2.15E-05
5.888E+00 6.427E-04 6.427E-04 4.063E-09 2.20E-05
5.821E+00 6.412E-04 6.412E-04 4.253E-09 2.25E-05
5.754E+00 6.443E-04 6.443E-04 4.452E-09 2.31E-05
5.689E+00 6.502E-04 6.502E-04 4.660E-09 2.36E-05
5.623E+00 6.579E-04 6.578E-04 4.877E-09 2.42E-05
5.559E+00 6.668E-04 6.668E-04 5.105E-09 2.47E-05
5.495E+00 6.766E-04 6.766E-04 5.343E-09 2.53E-05
5.433E+00 6.872E-04 6.872E-04 5.592E-09 2.59E-05
5.370E+00 6.984E-04 6.984E-04 5.853E-09 2.65E-05
5.309E+00 7.101E-04 7.101E-04 6.125E-09 2.71E-05
5.248E+00 7.221E-04 7.221E-04 6.411E-09 2.77E-05
5.188E+00 7.345E-04 7.345E-04 6.709E-09 2.84E-05
5.129E+00 7.472E-04 7.472E-04 7.021E-09 2.90E-05
5.070E+00 7.602E-04 7.602E-04 7.348E-09 2.97E-05
5.012E+00 7.736E-04 7.736E-04 7.689E-09 3.04E-05
4.955E+00 7.869E-04 7.869E-04 8.048E-09 3.11E-05
4.898E+00 8.005E-04 8.005E-04 8.423E-09 3.18E-05
4.842E+00 8.145E-04 8.145E-04 8.815E-09 3.26E-05
4.786E+00 8.287E-04 8.287E-04 9.225E-09 3.33E-05
4.732E+00 8.433E-04 8.433E-04 9.655E-09 3.41E-05
4.677E+00 8.582E-04 8.582E-04 1.010E-08 3.48E-05
4.624E+00 8.734E-04 8.734E-04 1.057E-08 3.56E-05
4.571E+00 8.889E-04 8.889E-04 1.107E-08 3.64E-05
4.519E+00 9.048E-04 9.048E-04 1.158E-08 3.72E-05
4.467E+00 9.210E-04 9.209E-04 1.212E-08 3.81E-05
4.416E+00 9.375E-04 9.374E-04 1.268E-08 3.89E-05
4.365E+00 9.543E-04 9.543E-04 1.327E-08 3.98E-05
4.315E+00 9.714E-04 9.714E-04 1.389E-08 4.07E-05
4.266E+00 9.889E-04 9.889E-04 1.453E-08 4.16E-05
4.217E+00 1.007E-03 1.007E-03 1.521E-08 4.25E-05
4.169E+00 1.025E-03 1.025E-03 1.592E-08 4.34E-05
4.121E+00 1.043E-03 1.043E-03 1.666E-08 4.44E-05
4.074E+00 1.062E-03 1.062E-03 1.743E-08 4.53E-05
4.027E+00 1.081E-03 1.081E-03 1.824E-08 4.63E-05
3.981E+00 1.101E-03 1.101E-03 1.908E-08 4.73E-05
3.936E+00 1.121E-03 1.121E-03 1.997E-08 4.83E-05
3.890E+00 1.141E-03 1.141E-03 2.090E-08 4.94E-05
3.846E+00 1.162E-03 1.162E-03 2.187E-08 5.04E-05
3.802E+00 1.183E-03 1.183E-03 2.288E-08 5.15E-05
3.758E+00 1.204E-03 1.204E-03 2.395E-08 5.26E-05
3.715E+00 1.226E-03 1.226E-03 2.506E-08 5.37E-05
3.673E+00 1.248E-03 1.248E-03 2.622E-08 5.48E-05
3.631E+00 1.271E-03 1.271E-03 2.744E-08 5.60E-05
3.589E+00 1.295E-03 1.295E-03 2.871E-08 5.71E-05
3.548E+00 1.319E-03 1.319E-03 3.005E-08 5.83E-05
3.508E+00 1.344E-03 1.344E-03 3.144E-08 5.95E-05
3.467E+00 1.371E-03 1.371E-03 3.290E-08 6.07E-05
3.428E+00 1.400E-03 1.400E-03 3.442E-08 6.20E-05
3.388E+00 1.435E-03 1.435E-03 3.602E-08 6.33E-05
3.350E+00 1.497E-03 1.497E-03 3.769E-08 6.46E-05
3.311E+00 1.768E-03 1.768E-03 3.944E-08 6.59E-05
3.273E+00 1.637E-03 1.637E-03 4.126E-08 6.73E-05
3.236E+00 1.556E-03 1.556E-03 4.318E-08 6.87E-05
3.199E+00 1.563E-03 1.563E-03 4.518E-08 7.01E-05
3.162E+00 1.582E-03 1.582E-03 4.726E-08 7.16E-05
3.126E+00 1.610E-03 1.610E-03 4.946E-08 7.31E-05
3.090E+00 1.638E-03 1.638E-03 5.175E-08 7.46E-05
3.055E+00 1.667E-03 1.666E-03 5.415E-08 7.61E-05
3.020E+00 1.696E-03 1.696E-03 5.665E-08 7.77E-05
2.985E+00 1.727E-03 1.727E-03 5.928E-08 7.92E-05
2.951E+00 1.757E-03 1.757E-03 6.202E-08 8.08E-05
2.917E+00 1.789E-03 1.789E-03 6.489E-08 8.25E-05
2.884E+00 1.821E-03 1.821E-03 6.790E-08 8.41E-05
2.851E+00 1.854E-03 1.854E-03 7.104E-08 8.59E-05
2.818E+00 1.888E-03 1.888E-03 7.432E-08 8.76E-05
2.786E+00 1.922E-03 1.922E-03 7.776E-08 8.94E-05
2.754E+00 1.957E-03 1.957E-03 8.135E-08 9.12E-05
2.723E+00 1.992E-03 1.992E-03 8.511E-08 9.31E-05
2.692E+00 2.028E-03 2.028E-03 8.903E-08 9.50E-05
2.661E+00 2.065E-03 2.065E-03 9.316E-08 9.70E-05
2.630E+00 2.102E-03 2.102E-03 9.746E-08 9.90E-05
2.600E+00 2.139E-03 2.139E-03 1.020E-07 1.01E-04
2.570E+00 2.177E-03 2.177E-03 1.067E-07 1.03E-04
2.541E+00 2.215E-03 2.215E-03 1.116E-07 1.05E-04
2.512E+00 2.255E-03 2.254E-03 1.167E-07 1.08E-04
2.483E+00 2.294E-03 2.294E-03 1.221E-07 1.10E-04
2.455E+00 2.335E-03 2.335E-03 1.278E-07 1.12E-04
2.427E+00 2.376E-03 2.376E-03 1.336E-07 1.14E-04
2.399E+00 2.419E-03 2.418E-03 1.398E-07 1.17E-04
2.371E+00 2.461E-03 2.461E-03 1.463E-07 1.19E-04
2.344E+00 2.505E-03 2.505E-03 1.530E-07 1.21E-04
2.317E+00 2.550E-03 2.550E-03 1.601E-07 1.24E-04
2.291E+00 2.595E-03 2.595E-03 1.675E-07 1.26E-04
2.265E+00 2.641E-03 2.641E-03 1.752E-07 1.29E-04
2.239E+00 2.689E-03 2.688E-03 1.833E-07 1.31E-04
2.213E+00 2.737E-03 2.736E-03 1.918E-07 1.34E-04
2.188E+00 2.786E-03 2.785E-03 2.007E-07 1.37E-04
2.163E+00 2.836E-03 2.835E-03 2.099E-07 1.39E-04
2.138E+00 2.887E-03 2.886E-03 2.196E-07 1.42E-04
2.113E+00 2.938E-03 2.938E-03 2.297E-07 1.45E-04
2.089E+00 2.990E-03 2.990E-03 2.403E-07 1.48E-04
2.065E+00 3.043E-03 3.042E-03 2.514E-07 1.51E-04
2.042E+00 3.096E-03 3.096E-03 2.630E-07 1.54E-04
2.018E+00 3.151E-03 3.151E-03 2.752E-07 1.57E-04
1.995E+00 3.207E-03 3.207E-03 2.878E-07 1.60E-04
1.972E+00 3.264E-03 3.264E-03 3.011E-07 1.64E-04
1.950E+00 3.322E-03 3.322E-03 3.150E-07 1.67E-04
1.928E+00 3.381E-03 3.381E-03 3.295E-07 1.70E-04
1.905E+00 3.441E-03 3.441E-03 3.447E-07 1.74E-04
1.884E+00 3.503E-03 3.503E-03 3.606E-07 1.77E-04
1.862E+00 3.566E-03 3.565E-03 3.773E-07 1.80E-04
1.841E+00 3.630E-03 3.629E-03 3.947E-07 1.84E-04
1.820E+00 3.695E-03 3.694E-03 4.129E-07 1.88E-04
1.799E+00 3.761E-03 3.761E-03 4.320E-07 1.91E-04
1.778E+00 3.829E-03 3.828E-03 4.519E-07 1.95E-04
1.758E+00 3.898E-03 3.897E-03 4.727E-07 1.99E-04
1.738E+00 3.968E-03 3.967E-03 4.945E-07 2.03E-04
1.718E+00 4.039E-03 4.039E-03 5.173E-07 2.07E-04
1.698E+00 4.112E-03 4.111E-03 5.411E-07 2.11E-04
1.679E+00 4.186E-03 4.185E-03 5.660E-07 2.15E-04
1.660E+00 4.261E-03 4.260E-03 5.921E-07 2.19E-04
1.641E+00 4.337E-03 4.336E-03 6.193E-07 2.24E-04
1.622E+00 4.413E-03 4.412E-03 6.478E-07 2.28E-04
1.603E+00 4.491E-03 4.490E-03 6.776E-07 2.33E-04
1.585E+00 4.570E-03 4.569E-03 7.088E-07 2.37E-04
1.567E+00 4.650E-03 4.649E-03 7.414E-07 2.42E-04
1.549E+00 4.731E-03 4.731E-03 7.756E-07 2.47E-04
1.531E+00 4.815E-03 4.814E-03 8.114E-07 2.52E-04
1.514E+00 4.900E-03 4.899E-03 8.489E-07 2.57E-04
1.496E+00 4.987E-03 4.986E-03 8.881E-07 2.62E-04
1.479E+00 5.076E-03 5.075E-03 9.291E-07 2.67E-04
1.462E+00 5.167E-03 5.166E-03 9.721E-07 2.72E-04
1.445E+00 5.261E-03 5.260E-03 1.017E-06 2.77E-04
1.429E+00 5.357E-03 5.356E-03 1.064E-06 2.82E-04
1.413E+00 5.455E-03 5.454E-03 1.113E-06 2.88E-04
1.396E+00 5.555E-03 5.554E-03 1.164E-06 2.93E-04
1.380E+00 5.658E-03 5.657E-03 1.218E-06 2.99E-04
1.365E+00 5.762E-03 5.761E-03 1.274E-06 3.05E-04
1.349E+00 5.868E-03 5.866E-03 1.333E-06 3.10E-04
1.334E+00 5.976E-03 5.974E-03 1.394E-06 3.16E-04
1.318E+00 6.085E-03 6.084E-03 1.459E-06 3.22E-04
1.303E+00 6.197E-03 6.196E-03 1.526E-06 3.29E-04
1.288E+00 6.311E-03 6.309E-03 1.596E-06 3.35E-04
1.274E+00 6.427E-03 6.425E-03 1.669E-06 3.42E-04
1.259E+00 6.544E-03 6.543E-03 1.746E-06 3.48E-04
1.245E+00 6.664E-03 6.662E-03 1.826E-06 3.55E-04
1.230E+00 6.784E-03 6.782E-03 1.911E-06 3.62E-04
1.216E+00 6.907E-03 6.905E-03 1.999E-06 3.69E-04
1.202E+00 7.033E-03 7.031E-03 2.091E-06 3.76E-04
1.189E+00 7.162E-03 7.160E-03 2.187E-06 3.83E-04
1.175E+00 7.294E-03 7.291E-03 2.288E-06 3.91E-04
1.161E+00 7.429E-03 7.426E-03 2.394E-06 3.98E-04
1.148E+00 7.567E-03 7.564E-03 2.504E-06 4.06E-04
1.135E+00 7.709E-03 7.706E-03 2.619E-06 4.14E-04
1.122E+00 7.855E-03 7.852E-03 2.740E-06 4.22E-04
1.109E+00 8.006E-03 8.003E-03 2.866E-06 4.30E-04
1.096E+00 8.162E-03 8.159E-03 2.998E-06 4.38E-04
1.084E+00 8.324E-03 8.321E-03 3.136E-06 4.46E-04
1.072E+00 8.492E-03 8.489E-03 3.281E-06 4.54E-04
1.059E+00 8.668E-03 8.665E-03 3.432E-06 4.63E-04
1.047E+00 8.854E-03 8.851E-03 3.589E-06 4.72E-04
1.035E+00 9.051E-03 9.048E-03 3.754E-06 4.81E-04
1.023E+00 9.260E-03 9.256E-03 3.927E-06 4.90E-04
1.012E+00 9.479E-03 9.475E-03 4.107E-06 4.99E-04
1.000E+00 9.704E-03 9.700E-03 4.296E-06 5.09E-04
9.886E-01 9.932E-03 9.927E-03 4.493E-06 5.19E-04
9.772E-01 1.016E-02 1.016E-02 4.700E-06 5.29E-04
9.661E-01 1.039E-02 1.039E-02 4.915E-06 5.39E-04
9.550E-01 1.062E-02 1.062E-02 5.141E-06 5.49E-04
9.441E-01 1.086E-02 1.085E-02 5.376E-06 5.60E-04
9.333E-01 1.109E-02 1.109E-02 5.623E-06 5.71E-04
9.226E-01 1.134E-02 1.133E-02 5.880E-06 5.82E-04
9.120E-01 1.160E-02 1.159E-02 6.149E-06 5.93E-04
9.016E-01 1.187E-02 1.186E-02 6.431E-06 6.05E-04
8.913E-01 1.216E-02 1.216E-02 6.725E-06 6.17E-04
8.810E-01 1.249E-02 1.248E-02 7.032E-06 6.30E-04
8.710E-01 1.286E-02 1.285E-02 7.353E-06 6.42E-04
8.610E-01 1.326E-02 1.325E-02 7.689E-06 6.55E-04
8.511E-01 1.370E-02 1.369E-02 8.040E-06 6.68E-04
8.414E-01 1.416E-02 1.415E-02 8.407E-06 6.82E-04
8.318E-01 1.463E-02 1.462E-02 8.790E-06 6.96E-04
8.222E-01 1.511E-02 1.510E-02 9.191E-06 7.10E-04
8.128E-01 1.559E-02 1.558E-02 9.610E-06 7.25E-04
8.035E-01 1.607E-02 1.606E-02 1.005E-05 7.40E-04
7.943E-01 1.656E-02 1.655E-02 1.051E-05 7.55E-04
7.852E-01 1.707E-02 1.706E-02 1.099E-05 7.70E-04
7.762E-01 1.759E-02 1.758E-02 1.149E-05 7.86E-04
7.674E-01 1.812E-02 1.811E-02 1.201E-05 8.03E-04
7.586E-01 1.867E-02 1.866E-02 1.256E-05 8.20E-04
7.499E-01 1.924E-02 1.922E-02 1.313E-05 8.37E-04
7.413E-01 1.982E-02 1.981E-02 1.373E-05 8.55E-04
7.328E-01 2.043E-02 2.041E-02 1.435E-05 8.73E-04
7.244E-01 2.105E-02 2.104E-02 1.501E-05 8.91E-04
7.161E-01 2.170E-02 2.169E-02 1.569E-05 9.10E-04
7.079E-01 2.237E-02 2.236E-02 1.641E-05 9.30E-04
6.998E-01 2.307E-02 2.305E-02 1.715E-05 9.50E-04
6.918E-01 2.379E-02 2.377E-02 1.794E-05 9.71E-04
6.839E-01 2.453E-02 2.451E-02 1.876E-05 9.92E-04
6.761E-01 2.531E-02 2.529E-02 1.961E-05 1.01E-03
6.683E-01 2.611E-02 2.609E-02 2.051E-05 1.04E-03
6.607E-01 2.694E-02 2.692E-02 2.145E-05 1.06E-03
6.531E-01 2.780E-02 2.778E-02 2.243E-05 1.08E-03
6.457E-01 2.869E-02 2.866E-02 2.346E-05 1.11E-03
6.383E-01 2.961E-02 2.958E-02 2.453E-05 1.13E-03
6.310E-01 3.056E-02 3.053E-02 2.566E-05 1.16E-03
6.237E-01 3.155E-02 3.152E-02 2.684E-05 1.18E-03
6.166E-01 3.258E-02 3.255E-02 2.808E-05 1.21E-03
6.095E-01 3.365E-02 3.362E-02 2.938E-05 1.23E-03
6.026E-01 3.475E-02 3.472E-02 3.073E-05 1.26E-03
5.957E-01 3.590E-02 3.587E-02 3.215E-05 1.29E-03
5.888E-01 3.709E-02 3.706E-02 3.364E-05 1.32E-03
5.821E-01 3.832E-02 3.829E-02 3.521E-05 1.35E-03
5.754E-01 3.960E-02 3.956E-02 3.684E-05 1.38E-03
5.689E-01 4.093E-02 4.089E-02 3.856E-05 1.41E-03
5.623E-01 4.230E-02 4.226E-02 4.036E-05 1.44E-03
5.559E-01 4.372E-02 4.367E-02 4.225E-05 1.47E-03
5.495E-01 4.518E-02 4.514E-02 4.423E-05 1.50E-03
5.433E-01 4.670E-02 4.665E-02 4.631E-05 1.54E-03
5.370E-01 4.827E-02 4.822E-02 4.850E-05 1.57E-03
5.309E-01 4.989E-02 4.984E-02 5.079E-05 1.60E-03
5.248E-01 5.157E-02 5.152E-02 5.320E-05 1.64E-03
5.188E-01 5.331E-02 5.325E-02 5.572E-05 1.67E-03
5.129E-01 5.510E-02 5.504E-02 5.838E-05 1.71E-03
5.070E-01 5.696E-02 5.689E-02 6.117E-05 1.75E-03
5.012E-01 5.887E-02 5.881E-02 6.410E-05 1.79E-03
4.955E-01 6.085E-02 6.078E-02 6.717E-05 1.82E-03
4.898E-01 6.289E-02 6.282E-02 7.041E-05 1.86E-03
4.842E-01 6.500E-02 6.493E-02 7.380E-05 1.90E-03
4.786E-01 6.720E-02 6.712E-02 7.735E-05 1.94E-03
4.732E-01 6.946E-02 6.938E-02 8.107E-05 1.98E-03
4.677E-01 7.180E-02 7.172E-02 8.499E-05 2.02E-03
4.624E-01 7.422E-02 7.413E-02 8.910E-05 2.06E-03
4.571E-01 7.672E-02 7.663E-02 9.342E-05 2.11E-03
4.519E-01 7.930E-02 7.920E-02 9.796E-05 2.15E-03
4.467E-01 8.196E-02 8.185E-02 1.027E-04 2.19E-03
4.416E-01 8.470E-02 8.459E-02 1.078E-04 2.23E-03
4.365E-01 8.753E-02 8.741E-02 1.130E-04 2.27E-03
4.315E-01 9.045E-02 9.033E-02 1.185E-04 2.31E-03
4.266E-01 9.346E-02 9.334E-02 1.243E-04 2.36E-03
4.217E-01 9.655E-02 9.642E-02 1.304E-04 2.40E-03
4.169E-01 9.970E-02 9.957E-02 1.367E-04 2.44E-03
4.121E-01 1.029E-01 1.028E-01 1.434E-04 2.48E-03
4.074E-01 1.062E-01 1.061E-01 1.504E-04 2.52E-03
4.027E-01 1.096E-01 1.094E-01 1.578E-04 2.57E-03
3.981E-01 1.130E-01 1.129E-01 1.655E-04 2.61E-03
3.935E-01 1.165E-01 1.164E-01 1.736E-04 2.65E-03
3.890E-01 1.201E-01 1.199E-01 1.821E-04 2.70E-03
3.846E-01 1.238E-01 1.236E-01 1.911E-04 2.74E-03
3.802E-01 1.275E-01 1.273E-01 2.005E-04 2.79E-03
3.758E-01 1.313E-01 1.311E-01 2.104E-04 2.83E-03
3.715E-01 1.352E-01 1.350E-01 2.209E-04 2.87E-03
3.673E-01 1.392E-01 1.389E-01 2.320E-04 2.92E-03
3.631E-01 1.432E-01 1.430E-01 2.438E-04 2.96E-03
3.589E-01 1.473E-01 1.470E-01 2.563E-04 3.01E-03
3.548E-01 1.515E-01 1.512E-01 2.696E-04 3.06E-03
3.508E-01 1.558E-01 1.555E-01 2.837E-04 3.10E-03
3.467E-01 1.603E-01 1.600E-01 2.987E-04 3.14E-03
3.428E-01 1.648E-01 1.645E-01 3.147E-04 3.18E-03
3.388E-01 1.695E-01 1.692E-01 3.318E-04 3.21E-03
3.350E-01 1.744E-01 1.741E-01 3.500E-04 3.24E-03
3.311E-01 1.794E-01 1.791E-01 3.695E-04 3.26E-03
3.273E-01 1.846E-01 1.842E-01 3.903E-04 3.27E-03
3.236E-01 1.900E-01 1.895E-01 4.127E-04 3.28E-03
3.199E-01 1.955E-01 1.950E-01 4.367E-04 3.27E-03
3.162E-01 2.011E-01 2.007E-01 4.622E-04 3.25E-03
3.126E-01 2.070E-01 2.065E-01 4.895E-04 3.21E-03
3.090E-01 2.130E-01 2.124E-01 5.187E-04 3.17E-03
3.055E-01 2.192E-01 2.186E-01 5.497E-04 3.10E-03
3.020E-01 2.251E-01 2.245E-01 5.829E-04 3.03E-03
2.985E-01 2.301E-01 2.295E-01 6.186E-04 2.93E-03
2.951E-01 2.356E-01 2.349E-01 6.570E-04 2.82E-03
2.917E-01 2.414E-01 2.407E-01 6.984E-04 2.68E-03
2.884E-01 2.475E-01 2.468E-01 7.437E-04 2.53E-03
2.851E-01 2.541E-01 2.533E-01 7.931E-04 2.34E-03
2.818E-01 2.614E-01 2.605E-01 8.502E-04 2.09E-03
2.786E-01 2.693E-01 2.684E-01 9.114E-04 1.84E-03
2.754E-01 2.779E-01 2.769E-01 9.772E-04 1.58E-03
2.723E-01 2.875E-01 2.865E-01 1.049E-03 1.33E-03
2.692E-01 2.982E-01 2.971E-01 1.129E-03 1.09E-03
2.661E-01 3.100E-01 3.088E-01 1.217E-03 8.76E-04
2.630E-01 3.232E-01 3.219E-01 1.316E-03 6.81E-04
2.600E-01 3.380E-01 3.366E-01 1.429E-03 5.13E-04
2.570E-01 3.547E-01 3.531E-01 1.556E-03 3.82E-04
2.541E-01 3.732E-01 3.715E-01 1.695E-03 2.97E-04
2.512E-01 3.941E-01 3.923E-01 1.853E-03 2.49E-04
2.483E-01 4.180E-01 4.160E-01 2.032E-03 2.35E-04
2.455E-01 4.452E-01 4.429E-01 2.238E-03 2.53E-04
2.427E-01 4.763E-01 4.739E-01 2.475E-03 3.08E-04
2.399E-01 5.122E-01 5.094E-01 2.748E-03 4.00E-04
2.371E-01 5.526E-01 5.496E-01 3.046E-03 5.35E-04
2.344E-01 5.969E-01 5.935E-01 3.362E-03 6.98E-04
2.317E-01 6.437E-01 6.400E-01 3.691E-03 8.73E-04
2.291E-01 6.914E-01 6.874E-01 4.025E-03 1.05E-03
2.265E-01 7.387E-01 7.343E-01 4.364E-03 1.24E-03
2.239E-01 7.845E-01 7.798E-01 4.716E-03 1.44E-03
2.213E-01 8.267E-01 8.216E-01 5.073E-03 1.65E-03
2.188E-01 8.595E-01 8.542E-01 5.343E-03 1.89E-03
2.163E-01 8.776E-01 8.721E-01 5.446E-03 2.16E-03
2.138E-01 8.785E-01 8.731E-01 5.391E-03 2.45E-03
2.113E-01 8.644E-01 8.592E-01 5.237E-03 2.73E-03
2.089E-01 8.387E-01 8.337E-01 5.006E-03 3.03E-03
2.065E-01 8.042E-01 7.995E-01 4.714E-03 3.33E-03
2.042E-01 7.638E-01 7.594E-01 4.376E-03 3.64E-03
2.018E-01 7.203E-01 7.163E-01 4.013E-03 3.96E-03
1.995E-01 6.760E-01 6.724E-01 3.645E-03 4.29E-03
1.972E-01 6.326E-01 6.294E-01 3.287E-03 4.63E-03
1.950E-01 5.915E-01 5.885E-01 2.951E-03 4.97E-03
1.928E-01 5.533E-01 5.506E-01 2.644E-03 5.32E-03
1.905E-01 5.183E-01 5.160E-01 2.369E-03 5.68E-03
1.884E-01 4.865E-01 4.844E-01 2.119E-03 6.06E-03
1.862E-01 4.581E-01 4.562E-01 1.903E-03 6.45E-03
1.841E-01 4.327E-01 4.310E-01 1.719E-03 6.86E-03
1.820E-01 4.102E-01 4.086E-01 1.563E-03 7.28E-03
1.799E-01 3.901E-01 3.886E-01 1.431E-03 7.72E-03
1.778E-01 3.723E-01 3.710E-01 1.323E-03 8.17E-03
1.758E-01 3.564E-01 3.552E-01 1.235E-03 8.63E-03
1.738E-01 3.422E-01 3.411E-01 1.163E-03 9.10E-03
1.718E-01 3.295E-01 3.284E-01 1.107E-03 9.58E-03
1.698E-01 3.182E-01 3.171E-01 1.066E-03 1.01E-02
1.679E-01 3.078E-01 3.067E-01 1.039E-03 1.05E-02
1.660E-01 2.986E-01 2.976E-01 1.027E-03 1.10E-02
1.641E-01 2.906E-01 2.896E-01 1.031E-03 1.15E-02
1.622E-01 2.837E-01 2.827E-01 1.050E-03 1.20E-02
1.603E-01 2.778E-01 2.767E-01 1.084E-03 1.25E-02
1.585E-01 2.729E-01 2.717E-01 1.134E-03 1.30E-02
1.567E-01 2.687E-01 2.675E-01 1.197E-03 1.35E-02
1.549E-01 2.654E-01 2.641E-01 1.275E-03 1.40E-02
1.531E-01 2.626E-01 2.613E-01 1.367E-03 1.45E-02
1.514E-01 2.607E-01 2.592E-01 1.475E-03 1.50E-02
1.496E-01 2.594E-01 2.578E-01 1.601E-03 1.56E-02
1.479E-01 2.590E-01 2.572E-01 1.746E-03 1.61E-02
1.462E-01 2.594E-01 2.575E-01 1.912E-03 1.67E-02
1.445E-01 2.608E-01 2.587E-01 2.103E-03 1.72E-02
1.429E-01 2.632E-01 2.609E-01 2.318E-03 1.78E-02
1.413E-01 2.666E-01 2.640E-01 2.559E-03 1.84E-02
1.396E-01 2.708E-01 2.680E-01 2.823E-03 1.89E-02
1.380E-01 2.758E-01 2.727E-01 3.112E-03 1.95E-02
1.365E-01 2.816E-01 2.781E-01 3.434E-03 2.02E-02
1.349E-01 2.882E-01 2.844E-01 3.795E-03 2.09E-02
1.334E-01 2.957E-01 2.915E-01 4.199E-03 2.16E-02
1.318E-01 3.042E-01 2.995E-01 4.649E-03 2.24E-02
1.303E-01 3.138E-01 3.087E-01 5.151E-03 2.32E-02
1.288E-01 3.295E-01 3.238E-01 5.711E-03 2.41E-02
1.274E-01 3.428E-01 3.364E-01 6.334E-03 2.51E-02
1.259E-01 3.572E-01 3.501E-01 7.023E-03 2.61E-02
1.245E-01 3.727E-01 3.649E-01 7.788E-03 2.71E-02
1.230E-01 3.894E-01 3.807E-01 8.633E-03 2.82E-02
1.216E-01 4.072E-01 3.977E-01 9.562E-03 2.93E-02
1.202E-01 4.264E-01 4.159E-01 1.058E-02 3.03E-02
1.189E-01 4.467E-01 4.350E-01 1.170E-02 3.13E-02
1.175E-01 4.676E-01 4.547E-01 1.292E-02 3.22E-02
1.161E-01 4.895E-01 4.752E-01 1.428E-02 3.31E-02
1.148E-01 5.132E-01 4.973E-01 1.586E-02 3.37E-02
1.135E-01 5.391E-01 5.211E-01 1.802E-02 3.42E-02
1.122E-01 5.666E-01 5.462E-01 2.031E-02 3.37E-02
1.109E-01 5.961E-01 5.732E-01 2.283E-02 3.20E-02
1.096E-01 6.313E-01 6.057E-01 2.560E-02 2.89E-02
1.084E-01 6.721E-01 6.431E-01 2.900E-02 2.58E-02
1.072E-01 7.183E-01 6.853E-01 3.292E-02 2.40E-02
1.059E-01 7.662E-01 7.296E-01 3.666E-02 2.37E-02
1.047E-01 8.166E-01 7.764E-01 4.016E-02 2.41E-02
1.035E-01 8.660E-01 8.226E-01 4.349E-02 2.42E-02
1.023E-01 9.136E-01 8.669E-01 4.665E-02 2.43E-02
1.012E-01 9.592E-01 9.090E-01 5.020E-02 2.40E-02
1.000E-01 1.008E+00 9.539E-01 5.421E-02 2.34E-02
9.886E-02 1.059E+00 9.993E-01 5.949E-02 2.25E-02
9.772E-02 1.114E+00 1.049E+00 6.541E-02 2.17E-02
9.661E-02 1.173E+00 1.102E+00 7.088E-02 2.13E-02
9.550E-02 1.229E+00 1.153E+00 7.558E-02 2.12E-02
9.441E-02 1.276E+00 1.197E+00 7.881E-02 2.15E-02
9.333E-02 1.317E+00 1.235E+00 8.126E-02 2.18E-02
9.226E-02 1.358E+00 1.274E+00 8.404E-02 2.22E-02
9.120E-02 1.397E+00 1.310E+00 8.662E-02 2.27E-02
9.016E-02 1.426E+00 1.339E+00 8.786E-02 2.35E-02
8.913E-02 1.458E+00 1.368E+00 8.949E-02 2.42E-02
8.810E-02 1.497E+00 1.404E+00 9.311E-02 2.44E-02
8.710E-02 1.546E+00 1.446E+00 9.935E-02 2.41E-02
8.610E-02 1.600E+00 1.494E+00 1.068E-01 2.37E-02
8.511E-02 1.662E+00 1.546E+00 1.153E-01 2.32E-02
8.414E-02 1.730E+00 1.605E+00 1.250E-01 2.28E-02
8.318E-02 1.806E+00 1.670E+00 1.359E-01 2.25E-02
8.222E-02 1.891E+00 1.744E+00 1.470E-01 2.25E-02
8.128E-02 1.984E+00 1.826E+00 1.578E-01 2.28E-02
8.035E-02 2.082E+00 1.913E+00 1.687E-01 2.33E-02
7.943E-02 2.186E+00 2.006E+00 1.792E-01 2.40E-02
7.852E-02 2.291E+00 2.102E+00 1.887E-01 2.50E-02
7.762E-02 2.394E+00 2.198E+00 1.961E-01 2.62E-02
7.674E-02 2.493E+00 2.291E+00 2.023E-01 2.74E-02
7.586E-02 2.585E+00 2.378E+00 2.072E-01 2.88E-02
7.499E-02 2.667E+00 2.456E+00 2.107E-01 3.02E-02
7.413E-02 2.731E+00 2.519E+00 2.126E-01 3.18E-02
7.328E-02 2.773E+00 2.560E+00 2.130E-01 3.34E-02
7.244E-02 2.787E+00 2.575E+00 2.129E-01 3.50E-02
7.161E-02 2.771E+00 2.559E+00 2.120E-01 3.66E-02
7.079E-02 2.724E+00 2.515E+00 2.096E-01 3.84E-02
6.998E-02 2.652E+00 2.446E+00 2.058E-01 4.02E-02
6.918E-02 2.561E+00 2.361E+00 2.006E-01 4.20E-02
6.839E-02 2.456E+00 2.264E+00 1.926E-01 4.40E-02
6.761E-02 2.348E+00 2.165E+00 1.832E-01 4.60E-02
6.683E-02 2.244E+00 2.070E+00 1.739E-01 4.80E-02
6.607E-02 2.148E+00 1.983E+00 1.646E-01 5.00E-02
6.531E-02 2.050E+00 1.894E+00 1.556E-01 5.20E-02
6.457E-02 1.962E+00 1.813E+00 1.490E-01 5.39E-02
6.383E-02 1.879E+00 1.735E+00 1.435E-01 5.57E-02
6.310E-02 1.798E+00 1.659E+00 1.388E-01 5.76E-02
6.237E-02 1.720E+00 1.586E+00 1.348E-01 5.94E-02
6.166E-02 1.646E+00 1.514E+00 1.318E-01 6.13E-02
6.095E-02 1.571E+00 1.442E+00 1.297E-01 6.33E-02
6.026E-02 1.497E+00 1.370E+00 1.278E-01 6.52E-02
5.957E-02 1.424E+00 1.298E+00 1.263E-01 6.72E-02
5.888E-02 1.350E+00 1.225E+00 1.249E-01 6.92E-02
5.821E-02 1.272E+00 1.150E+00 1.228E-01 7.12E-02
5.754E-02 1.032E+00 9.114E-01 1.205E-01 7.32E-02
5.689E-02 9.973E-01 8.791E-01 1.182E-01 7.53E-02
5.623E-02 9.613E-01 8.457E-01 1.156E-01 7.73E-02
5.559E-02 9.235E-01 8.111E-01 1.124E-01 7.95E-02
5.495E-02 8.869E-01 7.777E-01 1.092E-01 8.16E-02
5.433E-02 8.513E-01 7.453E-01 1.060E-01 8.38E-02
5.370E-02 8.184E-01 7.155E-01 1.029E-01 8.60E-02
5.309E-02 7.905E-01 6.904E-01 1.001E-01 8.83E-02
5.248E-02 7.645E-01 6.670E-01 9.748E-02 9.06E-02
5.188E-02 7.405E-01 6.455E-01 9.500E-02 9.30E-02
5.129E-02 7.174E-01 6.247E-01 9.273E-02 9.55E-02
5.070E-02 6.950E-01 6.044E-01 9.064E-02 9.79E-02
5.012E-02 6.736E-01 5.849E-01 8.869E-02 1.00E-01
4.955E-02 6.532E-01 5.664E-01 8.686E-02 1.03E-01
4.898E-02 6.340E-01 5.489E-01 8.514E-02 1.06E-01
4.842E-02 6.152E-01 5.318E-01 8.341E-02 1.08E-01
4.786E-02 5.968E-01 5.151E-01 8.167E-02 1.11E-01
4.732E-02 5.773E-01 4.976E-01 7.973E-02 1.14E-01
4.677E-02 5.577E-01 4.800E-01 7.773E-02 1.17E-01
4.624E-02 5.389E-01 4.631E-01 7.575E-02 1.20E-01
4.571E-02 5.222E-01 4.483E-01 7.390E-02 1.23E-01
4.519E-02 5.083E-01 4.361E-01 7.225E-02 1.26E-01
4.467E-02 4.949E-01 4.244E-01 7.055E-02 1.29E-01
4.416E-02 4.808E-01 4.121E-01 6.874E-02 1.32E-01
4.365E-02 4.633E-01 3.967E-01 6.665E-02 1.36E-01
4.315E-02 4.465E-01 3.820E-01 6.452E-02 1.39E-01
4.266E-02 4.313E-01 3.690E-01 6.232E-02 1.42E-01
4.217E-02 4.213E-01 3.612E-01 6.014E-02 1.46E-01
4.169E-02 4.135E-01 3.554E-01 5.805E-02 1.50E-01
4.121E-02 4.075E-01 3.514E-01 5.614E-02 1.54E-01
4.074E-02 4.020E-01 3.474E-01 5.458E-02 1.57E-01
4.027E-02 3.977E-01 3.445E-01 5.322E-02 1.61E-01
3.981E-02 3.945E-01 3.425E-01 5.200E-02 1.66E-01
3.935E-02 3.925E-01 3.416E-01 5.088E-02 1.70E-01
3.890E-02 3.918E-01 3.419E-01 4.995E-02 1.74E-01
3.846E-02 3.928E-01 3.437E-01 4.915E-02 1.79E-01
3.802E-02 3.958E-01 3.471E-01 4.870E-02 1.83E-01
3.758E-02 4.009E-01 3.522E-01 4.874E-02 1.88E-01
3.715E-02 4.120E-01 3.620E-01 5.003E-02 1.93E-01
3.673E-02 4.217E-01 3.700E-01 5.170E-02 1.98E-01
3.631E-02 4.262E-01 3.728E-01 5.341E-02 2.02E-01
3.589E-02 4.220E-01 3.674E-01 5.454E-02 2.07E-01
3.548E-02 4.142E-01 3.589E-01 5.538E-02 2.12E-01
3.508E-02 4.073E-01 3.516E-01 5.568E-02 2.17E-01
3.467E-02 4.005E-01 3.448E-01 5.567E-02 2.22E-01
3.428E-02 3.937E-01 3.382E-01 5.550E-02 2.27E-01
3.388E-02 3.870E-01 3.316E-01 5.538E-02 2.32E-01
3.350E-02 3.804E-01 3.252E-01 5.521E-02 2.38E-01
3.311E-02 3.739E-01 3.189E-01 5.500E-02 2.43E-01
3.273E-02 3.675E-01 3.128E-01 5.474E-02 2.49E-01
3.236E-02 3.611E-01 3.067E-01 5.445E-02 2.54E-01
3.199E-02 3.548E-01 3.007E-01 5.413E-02 2.60E-01
3.162E-02 3.486E-01 2.948E-01 5.378E-02 2.66E-01
3.126E-02 3.424E-01 2.890E-01 5.342E-02 2.72E-01
3.090E-02 3.364E-01 2.833E-01 5.304E-02 2.78E-01
3.055E-02 3.304E-01 2.777E-01 5.264E-02 2.85E-01
3.020E-02 3.245E-01 2.722E-01 5.223E-02 2.91E-01
2.985E-02 3.186E-01 2.668E-01 5.179E-02 2.97E-01
2.951E-02 3.128E-01 2.615E-01 5.135E-02 3.04E-01
2.917E-02 3.071E-01 2.562E-01 5.088E-02 3.11E-01
2.884E-02 3.015E-01 2.511E-01 5.040E-02 3.18E-01
2.851E-02 2.960E-01 2.461E-01 4.992E-02 3.25E-01
2.818E-02 2.906E-01 2.412E-01 4.942E-02 3.32E-01
2.786E-02 2.854E-01 2.364E-01 4.893E-02 3.39E-01
2.754E-02 2.802E-01 2.317E-01 4.843E-02 3.46E-01
2.723E-02 2.751E-01 2.271E-01 4.792E-02 3.54E-01
2.692E-02 2.700E-01 2.226E-01 4.741E-02 3.61E-01
2.661E-02 2.651E-01 2.182E-01 4.689E-02 3.69E-01
2.630E-02 2.602E-01 2.138E-01 4.636E-02 3.76E-01
2.600E-02 2.553E-01 2.095E-01 4.583E-02 3.84E-01
2.570E-02 2.506E-01 2.053E-01 4.529E-02 3.92E-01
2.541E-02 2.459E-01 2.011E-01 4.474E-02 4.00E-01
2.512E-02 2.412E-01 1.970E-01 4.418E-02 4.09E-01
2.483E-02 2.366E-01 1.930E-01 4.362E-02 4.17E-01
2.455E-02 2.321E-01 1.890E-01 4.306E-02 4.25E-01
2.427E-02 2.277E-01 1.852E-01 4.250E-02 4.34E-01
2.399E-02 2.233E-01 1.814E-01 4.194E-02 4.42E-01
2.371E-02 2.191E-01 1.777E-01 4.138E-02 4.51E-01
2.344E-02 2.149E-01 1.741E-01 4.082E-02 4.60E-01
2.317E-02 2.107E-01 1.705E-01 4.025E-02 4.68E-01
2.291E-02 2.066E-01 1.670E-01 3.969E-02 4.77E-01
2.265E-02 2.026E-01 1.635E-01 3.912E-02 4.86E-01
2.239E-02 1.986E-01 1.601E-01 3.856E-02 4.95E-01
2.213E-02 1.947E-01 1.568E-01 3.799E-02 5.04E-01
2.188E-02 1.909E-01 1.535E-01 3.742E-02 5.13E-01
2.163E-02 1.871E-01 1.503E-01 3.686E-02 5.23E-01
2.138E-02 1.835E-01 1.472E-01 3.630E-02 5.32E-01
2.113E-02 1.798E-01 1.441E-01 3.574E-02 5.41E-01
2.089E-02 1.762E-01 1.410E-01 3.518E-02 5.50E-01
2.065E-02 1.726E-01 1.380E-01 3.462E-02 5.59E-01
2.042E-02 1.692E-01 1.351E-01 3.408E-02 5.69E-01
2.018E-02 1.658E-01 1.323E-01 3.353E-02 5.78E-01
1.995E-02 1.625E-01 1.295E-01 3.299E-02 5.87E-01
1.972E-02 1.591E-01 1.267E-01 3.244E-02 5.96E-01
1.950E-02 1.558E-01 1.239E-01 3.189E-02 6.05E-01
1.928E-02 1.525E-01 1.212E-01 3.134E-02 6.14E-01
1.905E-02 1.493E-01 1.185E-01 3.080E-02 6.23E-01
1.884E-02 1.462E-01 1.159E-01 3.027E-02 6.32E-01
1.862E-02 1.431E-01 1.134E-01 2.975E-02 6.40E-01
1.841E-02 1.401E-01 1.109E-01 2.923E-02 6.49E-01
1.820E-02 1.371E-01 1.084E-01 2.871E-02 6.57E-01
1.799E-02 1.342E-01 1.060E-01 2.820E-02 6.65E-01
1.778E-02 1.314E-01 1.037E-01 2.771E-02 6.73E-01
1.758E-02 1.286E-01 1.014E-01 2.722E-02 6.81E-01
1.738E-02 1.259E-01 9.913E-02 2.673E-02 6.89E-01
1.718E-02 1.231E-01 9.689E-02 2.625E-02 6.96E-01
1.698E-02 1.205E-01 9.470E-02 2.578E-02 7.04E-01
1.679E-02 1.179E-01 9.255E-02 2.532E-02 7.11E-01
1.660E-02 1.153E-01 9.047E-02 2.486E-02 7.17E-01
1.641E-02 1.128E-01 8.843E-02 2.442E-02 7.24E-01
1.622E-02 1.104E-01 8.641E-02 2.398E-02 7.30E-01
1.603E-02 1.080E-01 8.442E-02 2.354E-02 7.36E-01
1.585E-02 1.056E-01 8.248E-02 2.311E-02 7.42E-01
1.567E-02 1.033E-01 8.058E-02 2.269E-02 7.47E-01
1.549E-02 1.010E-01 7.874E-02 2.228E-02 7.52E-01
1.531E-02 9.879E-02 7.691E-02 2.188E-02 7.57E-01
1.514E-02 9.659E-02 7.511E-02 2.148E-02 7.62E-01
1.496E-02 9.444E-02 7.335E-02 2.109E-02 7.66E-01
1.479E-02 9.233E-02 7.162E-02 2.071E-02 7.70E-01
1.462E-02 9.028E-02 6.995E-02 2.034E-02 7.74E-01
1.445E-02 8.829E-02 6.832E-02 1.997E-02 7.78E-01
1.429E-02 8.632E-02 6.671E-02 1.961E-02 7.81E-01
1.413E-02 8.439E-02 6.514E-02 1.925E-02 7.84E-01
1.396E-02 8.251E-02 6.361E-02 1.890E-02 7.87E-01
1.380E-02 8.068E-02 6.212E-02 1.856E-02 7.90E-01
1.365E-02 7.888E-02 6.066E-02 1.822E-02 7.93E-01
1.349E-02 7.710E-02 5.922E-02 1.788E-02 7.95E-01
1.334E-02 7.536E-02 5.781E-02 1.755E-02 7.98E-01
1.318E-02 7.366E-02 5.643E-02 1.723E-02 8.00E-01
1.303E-02 7.201E-02 5.510E-02 1.691E-02 8.02E-01
1.288E-02 7.040E-02 5.381E-02 1.660E-02 8.05E-01
1.274E-02 6.881E-02 5.252E-02 1.629E-02 8.07E-01
1.259E-02 6.724E-02 5.126E-02 1.598E-02 8.09E-01
1.245E-02 6.568E-02 5.001E-02 1.567E-02 8.12E-01
1.230E-02 6.422E-02 4.884E-02 1.538E-02 8.14E-01
1.216E-02 6.280E-02 4.771E-02 1.509E-02 8.17E-01
1.202E-02 6.139E-02 4.658E-02 1.481E-02 8.19E-01
1.189E-02 5.998E-02 4.546E-02 1.452E-02 8.22E-01
1.175E-02 5.858E-02 4.435E-02 1.423E-02 8.25E-01
1.161E-02 5.720E-02 4.326E-02 1.393E-02 8.28E-01
1.148E-02 5.583E-02 4.219E-02 1.365E-02 8.31E-01
1.135E-02 5.449E-02 4.113E-02 1.336E-02 8.34E-01
1.122E-02 5.319E-02 4.011E-02 1.308E-02 8.37E-01
1.109E-02 5.194E-02 3.913E-02 1.280E-02 8.40E-01
1.096E-02 5.070E-02 3.817E-02 1.253E-02 8.44E-01
1.084E-02 4.948E-02 3.722E-02 1.225E-02 8.47E-01
1.072E-02 4.828E-02 3.630E-02 1.199E-02 8.51E-01
1.059E-02 4.712E-02 3.540E-02 1.172E-02 8.54E-01
1.047E-02 4.599E-02 3.453E-02 1.146E-02 8.57E-01
1.035E-02 4.490E-02 3.369E-02 1.121E-02 8.61E-01
1.023E-02 4.382E-02 3.286E-02 1.096E-02 8.64E-01
1.012E-02 4.275E-02 3.204E-02 1.071E-02 8.68E-01
1.000E-02 4.170E-02 3.123E-02 1.047E-02 8.71E-01
9.886E-03 4.067E-02 3.044E-02 1.023E-02 8.74E-01
9.772E-03 3.967E-02 2.967E-02 9.993E-03 8.77E-01
9.661E-03 3.869E-02 2.893E-02 9.764E-03 8.80E-01
9.550E-03 3.775E-02 2.821E-02 9.541E-03 8.82E-01
9.441E-03 3.682E-02 2.750E-02 9.321E-03 8.85E-01
9.333E-03 3.591E-02 2.681E-02 9.103E-03 8.87E-01
9.226E-03 3.501E-02 2.612E-02 8.889E-03 8.89E-01
9.120E-03 3.413E-02 2.545E-02 8.679E-03 8.91E-01
9.016E-03 3.328E-02 2.480E-02 8.473E-03 8.93E-01
8.913E-03 3.245E-02 2.418E-02 8.273E-03 8.94E-01
8.810E-03 3.165E-02 2.357E-02 8.078E-03 8.96E-01
8.710E-03 3.085E-02 2.297E-02 7.883E-03 8.97E-01
8.610E-03 3.007E-02 2.238E-02 7.692E-03 8.99E-01
8.511E-03 2.930E-02 2.180E-02 7.503E-03 9.00E-01
8.414E-03 2.856E-02 2.124E-02 7.318E-03 9.01E-01
8.318E-03 2.784E-02 2.070E-02 7.137E-03 9.03E-01
8.222E-03 2.713E-02 2.017E-02 6.960E-03 9.04E-01
8.128E-03 2.643E-02 1.965E-02 6.783E-03 9.05E-01
8.035E-03 2.575E-02 1.914E-02 6.609E-03 9.07E-01
7.943E-03 2.508E-02 1.864E-02 6.437E-03 9.08E-01
7.852E-03 2.443E-02 1.816E-02 6.268E-03 9.10E-01
7.762E-03 2.379E-02 1.769E-02 6.103E-03 9.12E-01
7.674E-03 2.316E-02 1.723E-02 5.938E-03 9.13E-01
7.586E-03 2.254E-02 1.677E-02 5.775E-03 9.15E-01
7.499E-03 2.194E-02 1.633E-02 5.615E-03 9.17E-01
7.413E-03 2.136E-02 1.590E-02 5.460E-03 9.19E-01
7.328E-03 2.080E-02 1.549E-02 5.308E-03 9.21E-01
7.244E-03 2.025E-02 1.509E-02 5.158E-03 9.23E-01
7.161E-03 1.971E-02 1.470E-02 5.009E-03 9.25E-01
7.079E-03 1.918E-02 1.432E-02 4.864E-03 9.27E-01
6.998E-03 1.866E-02 1.394E-02 4.722E-03 9.28E-01
6.918E-03 1.815E-02 1.357E-02 4.581E-03 9.30E-01
6.839E-03 1.766E-02 1.322E-02 4.443E-03 9.31E-01
6.761E-03 1.718E-02 1.287E-02 4.307E-03 9.32E-01
6.683E-03 1.670E-02 1.253E-02 4.173E-03 9.34E-01
6.607E-03 1.623E-02 1.219E-02 4.040E-03 9.35E-01
6.531E-03 1.578E-02 1.187E-02 3.909E-03 9.36E-01
6.457E-03 1.534E-02 1.156E-02 3.783E-03 9.37E-01
6.383E-03 1.491E-02 1.125E-02 3.657E-03 9.38E-01
6.310E-03 1.448E-02 1.095E-02 3.532E-03 9.38E-01
6.237E-03 1.406E-02 1.065E-02 3.408E-03 9.39E-01
6.166E-03 1.366E-02 1.037E-02 3.289E-03 9.40E-01
6.095E-03 1.328E-02 1.011E-02 3.174E-03 9.41E-01
6.026E-03 1.290E-02 9.842E-03 3.057E-03 9.42E-01
5.957E-03 1.252E-02 9.580E-03 2.941E-03 9.43E-01
5.888E-03 1.215E-02 9.322E-03 2.823E-03 9.44E-01
5.821E-03 1.177E-02 9.068E-03 2.706E-03 9.46E-01
5.754E-03 1.141E-02 8.819E-03 2.589E-03 9.47E-01
5.689E-03 1.105E-02 8.575E-03 2.472E-03 9.48E-01
5.623E-03 1.070E-02 8.339E-03 2.357E-03 9.49E-01
5.559E-03 1.036E-02 8.114E-03 2.247E-03 9.50E-01
5.495E-03 1.003E-02 7.894E-03 2.136E-03 9.52E-01
5.433E-03 9.701E-03 7.678E-03 2.023E-03 9.53E-01
5.370E-03 9.377E-03 7.467E-03 1.910E-03 9.54E-01
5.309E-03 9.060E-03 7.263E-03 1.796E-03 9.54E-01
5.248E-03 8.749E-03 7.067E-03 1.682E-03 9.55E-01
5.188E-03 8.446E-03 6.879E-03 1.568E-03 9.56E-01
5.129E-03 8.186E-03 6.693E-03 1.493E-03 9.57E-01
5.070E-03 7.930E-03 6.509E-03 1.421E-03 9.57E-01
5.012E-03 7.654E-03 6.330E-03 1.324E-03 9.58E-01
4.955E-03 7.360E-03 6.156E-03 1.204E-03 9.59E-01
4.898E-03 7.050E-03 5.987E-03 1.063E-03 9.59E-01
4.842E-03 6.730E-03 5.825E-03 9.046E-04 9.60E-01
4.786E-03 6.404E-03 5.670E-03 7.339E-04 9.61E-01
4.732E-03 6.018E-03 5.515E-03 5.021E-04 9.62E-01
4.677E-03 5.624E-03 5.362E-03 2.620E-04 9.62E-01
4.624E-03 5.295E-03 5.214E-03 8.062E-05 9.63E-01
4.571E-03 5.082E-03 5.072E-03 9.779E-06 9.64E-01
4.519E-03 5.053E-03 4.937E-03 1.155E-04 9.65E-01
4.467E-03 5.290E-03 4.810E-03 4.800E-04 9.66E-01
4.416E-03 1.044E-01 1.010E-01 3.397E-03 9.67E-01
4.365E-03 1.020E-01 9.900E-02 3.003E-03 9.67E-01
4.315E-03 9.972E-02 9.702E-02 2.696E-03 9.68E-01
4.266E-03 9.768E-02 9.506E-02 2.619E-03 9.68E-01
4.217E-03 9.582E-02 9.311E-02 2.710E-03 9.69E-01
4.169E-03 9.409E-02 9.118E-02 2.908E-03 9.69E-01
4.121E-03 9.240E-02 8.928E-02 3.120E-03 9.70E-01
4.074E-03 9.067E-02 8.743E-02 3.234E-03 9.70E-01
4.027E-03 8.892E-02 8.560E-02 3.323E-03 9.71E-01
3.981E-03 8.715E-02 8.378E-02 3.374E-03 9.71E-01
3.935E-03 8.536E-02 8.199E-02 3.372E-03 9.72E-01
3.890E-03 8.353E-02 8.022E-02 3.309E-03 9.73E-01
3.846E-03 8.175E-02 7.847E-02 3.277E-03 9.73E-01
3.802E-03 8.002E-02 7.674E-02 3.285E-03 9.74E-01
3.758E-03 7.831E-02 7.503E-02 3.286E-03 9.74E-01
3.715E-03 7.662E-02 7.334E-02 3.280E-03 9.75E-01
3.673E-03 7.494E-02 7.168E-02 3.266E-03 9.75E-01
3.631E-03 7.329E-02 7.005E-02 3.246E-03 9.76E-01
3.589E-03 7.166E-02 6.843E-02 3.229E-03 9.76E-01
3.548E-03 7.005E-02 6.684E-02 3.209E-03 9.76E-01
3.508E-03 6.846E-02 6.528E-02 3.186E-03 9.77E-01
3.467E-03 6.690E-02 6.374E-02 3.158E-03 9.77E-01
3.428E-03 6.536E-02 6.223E-02 3.128E-03 9.78E-01
3.388E-03 6.384E-02 6.074E-02 3.097E-03 9.78E-01
3.350E-03 6.234E-02 5.927E-02 3.065E-03 9.79E-01
3.311E-03 6.086E-02 5.783E-02 3.031E-03 9.79E-01
3.273E-03 5.941E-02 5.642E-02 2.994E-03 9.80E-01
3.236E-03 5.801E-02 5.506E-02 2.956E-03 9.80E-01
3.199E-03 5.662E-02 5.370E-02 2.917E-03 9.80E-01
3.162E-03 5.524E-02 5.236E-02 2.878E-03 9.81E-01
3.126E-03 5.387E-02 5.103E-02 2.839E-03 9.81E-01
3.090E-03 5.255E-02 4.975E-02 2.800E-03 9.81E-01
3.055E-03 5.133E-02 4.857E-02 2.760E-03 9.82E-01
3.020E-03 5.011E-02 4.739E-02 2.720E-03 9.82E-01
2.985E-03 4.888E-02 4.620E-02 2.680E-03 9.82E-01
2.951E-03 4.766E-02 4.503E-02 2.639E-03 9.83E-01
2.917E-03 4.645E-02 4.385E-02 2.598E-03 9.83E-01
2.884E-03 4.525E-02 4.269E-02 2.557E-03 9.84E-01
2.851E-03 4.405E-02 4.154E-02 2.515E-03 9.84E-01
2.818E-03 4.288E-02 4.040E-02 2.474E-03 9.84E-01
2.786E-03 4.172E-02 3.928E-02 2.432E-03 9.84E-01
2.754E-03 4.058E-02 3.819E-02 2.390E-03 9.85E-01
2.723E-03 3.951E-02 3.717E-02 2.347E-03 9.85E-01
2.692E-03 3.846E-02 3.616E-02 2.305E-03 9.85E-01
2.661E-03 3.742E-02 3.516E-02 2.262E-03 9.86E-01
2.630E-03 3.641E-02 3.419E-02 2.220E-03 9.86E-01
2.600E-03 3.541E-02 3.324E-02 2.177E-03 9.86E-01
2.570E-03 3.445E-02 3.231E-02 2.135E-03 9.86E-01
2.541E-03 3.351E-02 3.142E-02 2.093E-03 9.87E-01
2.512E-03 3.261E-02 3.056E-02 2.051E-03 9.87E-01
2.483E-03 3.174E-02 2.973E-02 2.009E-03 9.87E-01
2.455E-03 3.088E-02 2.891E-02 1.969E-03 9.87E-01
2.427E-03 3.003E-02 2.810E-02 1.929E-03 9.88E-01
2.399E-03 2.919E-02 2.730E-02 1.890E-03 9.88E-01
2.371E-03 2.837E-02 2.651E-02 1.851E-03 9.88E-01
2.344E-03 2.757E-02 2.575E-02 1.813E-03 9.88E-01
2.317E-03 2.679E-02 2.502E-02 1.775E-03 9.89E-01
2.291E-03 2.604E-02 2.431E-02 1.738E-03 9.89E-01
2.265E-03 2.533E-02 2.363E-02 1.702E-03 9.89E-01
2.239E-03 2.463E-02 2.296E-02 1.667E-03 9.89E-01
2.213E-03 2.393E-02 2.230E-02 1.631E-03 9.89E-01
2.188E-03 2.324E-02 2.165E-02 1.596E-03 9.90E-01
2.163E-03 2.257E-02 2.101E-02 1.562E-03 9.90E-01
2.138E-03 2.192E-02 2.039E-02 1.528E-03 9.90E-01
2.113E-03 2.129E-02 1.979E-02 1.495E-03 9.90E-01
2.089E-03 2.068E-02 1.922E-02 1.462E-03 9.90E-01
2.065E-03 2.010E-02 1.867E-02 1.431E-03 9.91E-01
2.042E-03 1.952E-02 1.812E-02 1.399E-03 9.91E-01
2.018E-03 1.895E-02 1.758E-02 1.368E-03 9.91E-01
1.995E-03 1.840E-02 1.706E-02 1.338E-03 9.91E-01
1.972E-03 1.786E-02 1.655E-02 1.308E-03 9.91E-01
1.950E-03 1.733E-02 1.605E-02 1.279E-03 9.92E-01
1.928E-03 1.683E-02 1.558E-02 1.251E-03 9.92E-01
1.905E-03 1.634E-02 1.512E-02 1.223E-03 9.92E-01
1.884E-03 1.586E-02 1.467E-02 1.195E-03 9.92E-01
1.862E-03 1.539E-02 1.422E-02 1.168E-03 9.92E-01
1.841E-03 1.493E-02 1.379E-02 1.141E-03 9.92E-01
1.820E-03 1.448E-02 1.337E-02 1.115E-03 9.93E-01
1.799E-03 1.405E-02 1.296E-02 1.090E-03 9.93E-01
1.778E-03 1.364E-02 1.257E-02 1.065E-03 9.93E-01
1.758E-03 1.323E-02 1.219E-02 1.040E-03 9.93E-01
1.738E-03 1.284E-02 1.182E-02 1.016E-03 9.93E-01
1.718E-03 1.245E-02 1.146E-02 9.924E-04 9.93E-01
1.698E-03 1.207E-02 1.110E-02 9.692E-04 9.93E-01
1.679E-03 1.171E-02 1.076E-02 9.466E-04 9.93E-01
1.660E-03 1.136E-02 1.043E-02 9.245E-04 9.94E-01
1.641E-03 1.102E-02 1.012E-02 9.030E-04 9.94E-01
1.622E-03 1.068E-02 9.803E-03 8.819E-04 9.94E-01
1.603E-03 1.036E-02 9.497E-03 8.613E-04 9.94E-01
1.585E-03 1.004E-02 9.201E-03 8.410E-04 9.94E-01
1.567E-03 9.737E-03 8.915E-03 8.213E-04 9.94E-01
1.549E-03 9.443E-03 8.641E-03 8.022E-04 9.94E-01
1.531E-03 9.155E-03 8.372E-03 7.833E-04 9.94E-01
1.514E-03 8.875E-03 8.110E-03 7.648E-04 9.95E-01
1.496E-03 8.602E-03 7.855E-03 7.465E-04 9.95E-01
1.479E-03 8.338E-03 7.609E-03 7.289E-04 9.95E-01
1.462E-03 8.084E-03 7.372E-03 7.116E-04 9.95E-01
1.445E-03 7.836E-03 7.141E-03 6.948E-04 9.95E-01
1.429E-03 7.594E-03 6.916E-03 6.783E-04 9.95E-01
1.413E-03 7.358E-03 6.696E-03 6.622E-04 9.95E-01
1.396E-03 7.130E-03 6.483E-03 6.465E-04 9.95E-01
1.380E-03 6.910E-03 6.279E-03 6.312E-04 9.95E-01
1.365E-03 6.697E-03 6.081E-03 6.163E-04 9.95E-01
1.349E-03 6.490E-03 5.888E-03 6.016E-04 9.96E-01
1.334E-03 6.288E-03 5.701E-03 5.872E-04 9.96E-01
1.318E-03 6.093E-03 5.520E-03 5.732E-04 9.96E-01
1.303E-03 5.906E-03 5.347E-03 5.596E-04 9.96E-01
1.288E-03 5.726E-03 5.180E-03 5.464E-04 9.96E-01
1.274E-03 5.549E-03 5.016E-03 5.332E-04 9.96E-01
1.259E-03 5.375E-03 4.854E-03 5.203E-04 9.96E-01
1.245E-03 5.204E-03 4.697E-03 5.076E-04 9.96E-01
1.230E-03 5.047E-03 4.551E-03 4.957E-04 9.96E-01
1.216E-03 4.895E-03 4.411E-03 4.843E-04 9.96E-01
1.202E-03 4.745E-03 4.272E-03 4.730E-04 9.96E-01
1.189E-03 4.597E-03 4.135E-03 4.617E-04 9.96E-01
1.175E-03 4.452E-03 4.001E-03 4.506E-04 9.96E-01
1.161E-03 4.309E-03 3.870E-03 4.397E-04 9.97E-01
1.148E-03 4.170E-03 3.741E-03 4.290E-04 9.97E-01
1.135E-03 4.035E-03 3.616E-03 4.185E-04 9.97E-01
1.122E-03 3.906E-03 3.497E-03 4.084E-04 9.97E-01
1.109E-03 3.782E-03 3.384E-03 3.986E-04 9.97E-01
1.096E-03 3.662E-03 3.273E-03 3.889E-04 9.97E-01
1.084E-03 3.545E-03 3.165E-03 3.795E-04 9.97E-01
1.072E-03 3.432E-03 3.061E-03 3.703E-04 9.97E-01
1.059E-03 3.323E-03 2.961E-03 3.613E-04 9.97E-01
1.047E-03 3.218E-03 2.866E-03 3.526E-04 9.97E-01
1.035E-03 3.119E-03 2.775E-03 3.442E-04 9.97E-01
1.023E-03 3.021E-03 2.685E-03 3.360E-04 9.97E-01
1.012E-03 2.925E-03 2.597E-03 3.279E-04 9.97E-01
