w(micron)   Q_ext     Q_abs     Q_sca    g=<cos>
1.000E+03 4.309E-09 4.309E-09 4.131E-21 0.00E+00
9.886E+02 4.405E-09 4.405E-09 4.326E-21 0.00E+00
9.772E+02 4.504E-09 4.504E-09 4.530E-21 0.00E+00
9.661E+02 4.605E-09 4.605E-09 4.743E-21 0.00E+00
9.550E+02 4.708E-09 4.708E-09 4.966E-21 0.00E+00
9.441E+02 4.813E-09 4.813E-09 5.200E-21 0.00E+00
9.333E+02 4.921E-09 4.921E-09 5.445E-21 0.00E+00
9.226E+02 5.032E-09 5.032E-09 5.702E-21 0.00E+00
9.120E+02 5.145E-09 5.145E-09 5.970E-21 0.00E+00
9.016E+02 5.260E-09 5.260E-09 6.252E-21 0.00E+00
8.913E+02 5.379E-09 5.379E-09 6.546E-21 0.00E+00
8.810E+02 5.500E-09 5.500E-09 6.855E-21 0.00E+00
8.710E+02 5.624E-09 5.624E-09 7.177E-21 0.00E+00
8.610E+02 5.750E-09 5.750E-09 7.516E-21 0.00E+00
8.511E+02 5.880E-09 5.880E-09 7.870E-21 0.00E+00
8.414E+02 6.013E-09 6.013E-09 8.240E-21 0.00E+00
8.318E+02 6.148E-09 6.148E-09 8.628E-21 0.00E+00
8.222E+02 6.287E-09 6.287E-09 9.035E-21 0.00E+00
8.128E+02 6.429E-09 6.429E-09 9.460E-21 0.00E+00
8.035E+02 6.575E-09 6.575E-09 9.906E-21 0.00E+00
7.943E+02 6.724E-09 6.724E-09 1.037E-20 0.00E+00
7.852E+02 6.876E-09 6.876E-09 1.086E-20 0.00E+00
7.762E+02 7.032E-09 7.032E-09 1.137E-20 0.00E+00
7.674E+02 7.191E-09 7.191E-09 1.191E-20 0.00E+00
7.586E+02 7.354E-09 7.354E-09 1.247E-20 0.00E+00
7.499E+02 7.521E-09 7.521E-09 1.306E-20 0.00E+00
7.413E+02 7.692E-09 7.692E-09 1.367E-20 0.00E+00
7.328E+02 7.867E-09 7.867E-09 1.432E-20 0.00E+00
7.244E+02 8.045E-09 8.045E-09 1.499E-20 0.00E+00
7.161E+02 8.228E-09 8.228E-09 1.570E-20 0.00E+00
7.079E+02 8.416E-09 8.416E-09 1.644E-20 0.00E+00
6.998E+02 8.607E-09 8.607E-09 1.721E-20 0.00E+00
6.918E+02 8.803E-09 8.803E-09 1.802E-20 0.00E+00
6.839E+02 9.004E-09 9.004E-09 1.887E-20 0.00E+00
6.761E+02 9.209E-09 9.209E-09 1.976E-20 0.00E+00
6.683E+02 9.419E-09 9.419E-09 2.069E-20 0.00E+00
6.607E+02 9.634E-09 9.634E-09 2.166E-20 0.00E+00
6.531E+02 9.853E-09 9.853E-09 2.268E-20 0.00E+00
6.457E+02 1.008E-08 1.008E-08 2.375E-20 0.00E+00
6.383E+02 1.031E-08 1.031E-08 2.487E-20 0.00E+00
6.310E+02 1.054E-08 1.054E-08 2.604E-20 0.00E+00
6.237E+02 1.078E-08 1.078E-08 2.727E-20 0.00E+00
6.166E+02 1.103E-08 1.103E-08 2.855E-20 0.00E+00
6.095E+02 1.128E-08 1.128E-08 2.990E-20 0.00E+00
6.026E+02 1.154E-08 1.154E-08 3.130E-20 0.00E+00
5.957E+02 1.181E-08 1.181E-08 3.278E-20 0.00E+00
5.888E+02 1.208E-08 1.208E-08 3.432E-20 0.00E+00
5.821E+02 1.235E-08 1.235E-08 3.594E-20 0.00E+00
5.754E+02 1.264E-08 1.264E-08 3.763E-20 0.00E+00
5.689E+02 1.293E-08 1.293E-08 3.940E-20 0.00E+00
5.623E+02 1.322E-08 1.322E-08 4.126E-20 0.00E+00
5.559E+02 1.352E-08 1.352E-08 4.320E-20 0.00E+00
5.495E+02 1.384E-08 1.384E-08 4.523E-20 0.00E+00
5.433E+02 1.415E-08 1.415E-08 4.736E-20 0.00E+00
5.370E+02 1.448E-08 1.448E-08 4.959E-20 0.00E+00
5.309E+02 1.481E-08 1.481E-08 5.193E-20 0.00E+00
5.248E+02 1.515E-08 1.515E-08 5.437E-20 0.00E+00
5.188E+02 1.550E-08 1.550E-08 5.693E-20 0.00E+00
5.129E+02 1.585E-08 1.585E-08 5.961E-20 0.00E+00
5.070E+02 1.622E-08 1.622E-08 6.242E-20 0.00E+00
5.012E+02 1.659E-08 1.659E-08 6.536E-20 0.00E+00
4.955E+02 1.697E-08 1.697E-08 6.844E-20 0.00E+00
4.898E+02 1.736E-08 1.736E-08 7.166E-20 0.00E+00
4.842E+02 1.776E-08 1.776E-08 7.503E-20 0.00E+00
4.786E+02 1.817E-08 1.817E-08 7.856E-20 0.00E+00
4.732E+02 1.859E-08 1.859E-08 8.226E-20 0.00E+00
4.677E+02 1.902E-08 1.902E-08 8.613E-20 0.00E+00
4.624E+02 1.945E-08 1.945E-08 9.019E-20 0.00E+00
4.571E+02 1.990E-08 1.990E-08 9.443E-20 0.00E+00
4.519E+02 2.036E-08 2.036E-08 9.888E-20 0.00E+00
4.467E+02 2.083E-08 2.083E-08 1.035E-19 0.00E+00
4.416E+02 2.131E-08 2.131E-08 1.084E-19 0.00E+00
4.365E+02 2.180E-08 2.180E-08 1.135E-19 0.00E+00
4.315E+02 2.230E-08 2.230E-08 1.188E-19 0.00E+00
4.266E+02 2.282E-08 2.282E-08 1.244E-19 0.00E+00
4.217E+02 2.334E-08 2.334E-08 1.303E-19 0.00E+00
4.169E+02 2.388E-08 2.388E-08 1.364E-19 0.00E+00
4.121E+02 2.443E-08 2.443E-08 1.429E-19 0.00E+00
4.074E+02 2.499E-08 2.499E-08 1.496E-19 0.00E+00
4.027E+02 2.557E-08 2.557E-08 1.566E-19 0.00E+00
3.981E+02 2.616E-08 2.616E-08 1.640E-19 0.00E+00
3.936E+02 2.676E-08 2.676E-08 1.717E-19 0.00E+00
3.890E+02 2.738E-08 2.738E-08 1.798E-19 0.00E+00
3.846E+02 2.801E-08 2.801E-08 1.882E-19 0.00E+00
3.802E+02 2.866E-08 2.866E-08 1.971E-19 0.00E+00
3.758E+02 2.932E-08 2.932E-08 2.064E-19 0.00E+00
3.715E+02 3.000E-08 3.000E-08 2.161E-19 0.00E+00
3.673E+02 3.069E-08 3.069E-08 2.262E-19 0.00E+00
3.631E+02 3.140E-08 3.140E-08 2.369E-19 0.00E+00
3.589E+02 3.212E-08 3.212E-08 2.480E-19 0.00E+00
3.548E+02 3.286E-08 3.286E-08 2.597E-19 0.00E+00
3.508E+02 3.362E-08 3.362E-08 2.719E-19 0.00E+00
3.467E+02 3.440E-08 3.440E-08 2.847E-19 0.00E+00
3.428E+02 3.519E-08 3.519E-08 2.981E-19 0.00E+00
3.388E+02 3.600E-08 3.600E-08 3.121E-19 0.00E+00
3.350E+02 3.684E-08 3.684E-08 3.268E-19 0.00E+00
3.311E+02 3.769E-08 3.769E-08 3.421E-19 0.00E+00
3.273E+02 3.856E-08 3.856E-08 3.582E-19 0.00E+00
3.236E+02 3.945E-08 3.945E-08 3.750E-19 0.00E+00
3.199E+02 4.036E-08 4.036E-08 3.927E-19 0.00E+00
3.162E+02 4.129E-08 4.129E-08 4.111E-19 0.00E+00
3.126E+02 4.224E-08 4.224E-08 4.305E-19 0.00E+00
3.090E+02 4.322E-08 4.322E-08 4.507E-19 0.00E+00
3.055E+02 4.422E-08 4.422E-08 4.719E-19 0.00E+00
3.020E+02 4.524E-08 4.524E-08 4.941E-19 0.00E+00
2.985E+02 4.629E-08 4.629E-08 5.173E-19 0.00E+00
2.951E+02 4.736E-08 4.736E-08 5.416E-19 0.00E+00
2.917E+02 4.845E-08 4.845E-08 5.670E-19 0.00E+00
2.884E+02 4.957E-08 4.957E-08 5.937E-19 0.00E+00
2.851E+02 5.071E-08 5.071E-08 6.216E-19 0.00E+00
2.818E+02 5.189E-08 5.189E-08 6.508E-19 0.00E+00
2.786E+02 5.308E-08 5.308E-08 6.814E-19 0.00E+00
2.754E+02 5.431E-08 5.431E-08 7.134E-19 0.00E+00
2.723E+02 5.557E-08 5.557E-08 7.469E-19 0.00E+00
2.692E+02 5.685E-08 5.685E-08 7.820E-19 0.00E+00
2.661E+02 5.816E-08 5.816E-08 8.187E-19 0.00E+00
2.630E+02 5.951E-08 5.951E-08 8.571E-19 0.00E+00
2.600E+02 6.088E-08 6.088E-08 8.974E-19 0.00E+00
2.570E+02 6.229E-08 6.229E-08 9.395E-19 0.00E+00
2.541E+02 6.373E-08 6.373E-08 9.836E-19 0.00E+00
2.512E+02 6.520E-08 6.520E-08 1.030E-18 0.00E+00
2.483E+02 6.670E-08 6.670E-08 1.078E-18 0.00E+00
2.455E+02 6.825E-08 6.825E-08 1.129E-18 0.00E+00
2.427E+02 6.982E-08 6.982E-08 1.182E-18 0.00E+00
2.399E+02 7.143E-08 7.143E-08 1.237E-18 0.00E+00
2.371E+02 7.308E-08 7.308E-08 1.295E-18 0.00E+00
2.344E+02 7.477E-08 7.477E-08 1.356E-18 0.00E+00
2.317E+02 7.650E-08 7.650E-08 1.420E-18 0.00E+00
2.291E+02 7.826E-08 7.826E-08 1.486E-18 0.00E+00
2.265E+02 8.007E-08 8.007E-08 1.556E-18 0.00E+00
2.239E+02 8.192E-08 8.192E-08 1.629E-18 0.00E+00
2.213E+02 8.381E-08 8.381E-08 1.705E-18 0.00E+00
2.188E+02 8.574E-08 8.574E-08 1.785E-18 0.00E+00
2.163E+02 8.772E-08 8.772E-08 1.869E-18 0.00E+00
2.138E+02 8.975E-08 8.975E-08 1.957E-18 0.00E+00
2.113E+02 9.182E-08 9.182E-08 2.048E-18 0.00E+00
2.089E+02 9.394E-08 9.394E-08 2.144E-18 0.00E+00
2.065E+02 9.610E-08 9.610E-08 2.245E-18 0.00E+00
2.042E+02 9.832E-08 9.832E-08 2.350E-18 0.00E+00
2.018E+02 1.006E-07 1.006E-07 2.460E-18 0.00E+00
1.995E+02 1.029E-07 1.029E-07 2.575E-18 0.00E+00
1.972E+02 1.053E-07 1.053E-07 2.696E-18 0.00E+00
1.950E+02 1.077E-07 1.077E-07 2.822E-18 0.00E+00
1.928E+02 1.102E-07 1.102E-07 2.954E-18 0.00E+00
1.905E+02 1.127E-07 1.127E-07 3.093E-18 0.00E+00
1.884E+02 1.153E-07 1.153E-07 3.237E-18 0.00E+00
1.862E+02 1.180E-07 1.180E-07 3.389E-18 0.00E+00
1.841E+02 1.207E-07 1.207E-07 3.547E-18 0.00E+00
1.820E+02 1.235E-07 1.235E-07 3.713E-18 0.00E+00
1.799E+02 1.263E-07 1.263E-07 3.887E-18 0.00E+00
1.778E+02 1.293E-07 1.293E-07 4.069E-18 0.00E+00
1.758E+02 1.322E-07 1.322E-07 4.259E-18 0.00E+00
1.738E+02 1.353E-07 1.353E-07 4.458E-18 0.00E+00
1.718E+02 1.384E-07 1.384E-07 4.667E-18 0.00E+00
1.698E+02 1.416E-07 1.416E-07 4.885E-18 0.00E+00
1.679E+02 1.448E-07 1.448E-07 5.113E-18 0.00E+00
1.660E+02 1.482E-07 1.482E-07 5.352E-18 0.00E+00
1.641E+02 1.516E-07 1.516E-07 5.602E-18 0.00E+00
1.622E+02 1.551E-07 1.551E-07 5.864E-18 0.00E+00
1.603E+02 1.587E-07 1.587E-07 6.138E-18 0.00E+00
1.585E+02 1.623E-07 1.623E-07 6.425E-18 0.00E+00
1.567E+02 1.660E-07 1.660E-07 6.724E-18 0.00E+00
1.549E+02 1.699E-07 1.699E-07 7.038E-18 0.00E+00
1.531E+02 1.738E-07 1.738E-07 7.367E-18 0.00E+00
1.514E+02 1.778E-07 1.778E-07 7.710E-18 0.00E+00
1.496E+02 1.819E-07 1.819E-07 8.070E-18 0.00E+00
1.479E+02 1.860E-07 1.860E-07 8.446E-18 0.00E+00
1.462E+02 1.903E-07 1.903E-07 8.840E-18 0.00E+00
1.445E+02 1.947E-07 1.947E-07 9.252E-18 0.00E+00
1.429E+02 1.992E-07 1.992E-07 9.683E-18 0.00E+00
1.413E+02 2.037E-07 2.037E-07 1.013E-17 0.00E+00
1.396E+02 2.084E-07 2.084E-07 1.061E-17 0.00E+00
1.380E+02 2.132E-07 2.132E-07 1.110E-17 0.00E+00
1.365E+02 2.181E-07 2.181E-07 1.162E-17 0.00E+00
1.349E+02 2.231E-07 2.231E-07 1.216E-17 0.00E+00
1.334E+02 2.283E-07 2.283E-07 1.272E-17 0.00E+00
1.318E+02 2.335E-07 2.335E-07 1.332E-17 0.00E+00
1.303E+02 2.389E-07 2.389E-07 1.394E-17 0.00E+00
1.288E+02 2.444E-07 2.444E-07 1.458E-17 0.00E+00
1.274E+02 2.500E-07 2.500E-07 1.526E-17 0.00E+00
1.259E+02 2.557E-07 2.557E-07 1.597E-17 0.00E+00
1.245E+02 2.616E-07 2.616E-07 1.671E-17 0.00E+00
1.230E+02 2.676E-07 2.676E-07 1.749E-17 0.00E+00
1.216E+02 2.738E-07 2.738E-07 1.830E-17 0.00E+00
1.202E+02 2.800E-07 2.800E-07 1.915E-17 0.00E+00
1.189E+02 2.865E-07 2.865E-07 2.004E-17 0.00E+00
1.175E+02 2.931E-07 2.931E-07 2.097E-17 0.00E+00
1.161E+02 2.998E-07 2.998E-07 2.194E-17 0.00E+00
1.148E+02 3.067E-07 3.067E-07 2.296E-17 0.00E+00
1.135E+02 3.137E-07 3.137E-07 2.402E-17 0.00E+00
1.122E+02 3.209E-07 3.209E-07 2.513E-17 0.00E+00
1.109E+02 3.283E-07 3.283E-07 2.629E-17 0.00E+00
1.096E+02 3.358E-07 3.358E-07 2.751E-17 0.00E+00
1.084E+02 3.436E-07 3.436E-07 2.878E-17 0.00E+00
1.072E+02 3.514E-07 3.514E-07 3.011E-17 0.00E+00
1.059E+02 3.595E-07 3.595E-07 3.151E-17 0.00E+00
1.047E+02 3.678E-07 3.678E-07 3.296E-17 0.00E+00
1.035E+02 3.762E-07 3.762E-07 3.448E-17 0.00E+00
1.023E+02 3.849E-07 3.849E-07 3.608E-17 0.00E+00
1.012E+02 3.937E-07 3.937E-07 3.774E-17 0.00E+00
1.000E+02 4.027E-07 4.027E-07 3.948E-17 0.00E+00
9.886E+01 4.120E-07 4.120E-07 4.130E-17 0.00E+00
9.772E+01 4.214E-07 4.214E-07 4.320E-17 0.00E+00
9.661E+01 4.311E-07 4.311E-07 4.519E-17 0.00E+00
9.550E+01 4.410E-07 4.410E-07 4.727E-17 0.00E+00
9.441E+01 4.511E-07 4.511E-07 4.945E-17 0.00E+00
9.333E+01 4.615E-07 4.615E-07 5.172E-17 0.00E+00
9.226E+01 4.721E-07 4.721E-07 5.410E-17 0.00E+00
9.120E+01 4.829E-07 4.829E-07 5.658E-17 0.00E+00
9.016E+01 4.940E-07 4.940E-07 5.918E-17 0.00E+00
8.913E+01 5.053E-07 5.053E-07 6.190E-17 0.00E+00
8.810E+01 5.169E-07 5.169E-07 6.474E-17 0.00E+00
8.710E+01 5.288E-07 5.288E-07 6.771E-17 0.00E+00
8.610E+01 5.409E-07 5.409E-07 7.081E-17 0.00E+00
8.511E+01 5.533E-07 5.533E-07 7.406E-17 0.00E+00
8.414E+01 5.661E-07 5.661E-07 7.745E-17 0.00E+00
8.318E+01 5.791E-07 5.791E-07 8.099E-17 0.00E+00
8.222E+01 5.924E-07 5.924E-07 8.470E-17 0.00E+00
8.128E+01 6.060E-07 6.060E-07 8.857E-17 0.00E+00
8.035E+01 6.200E-07 6.200E-07 9.262E-17 0.00E+00
7.943E+01 6.343E-07 6.343E-07 9.685E-17 0.00E+00
7.852E+01 6.489E-07 6.489E-07 1.013E-16 0.00E+00
7.762E+01 6.639E-07 6.639E-07 1.059E-16 0.00E+00
7.674E+01 6.793E-07 6.793E-07 1.107E-16 0.00E+00
7.586E+01 6.950E-07 6.950E-07 1.158E-16 0.00E+00
7.499E+01 7.110E-07 7.110E-07 1.210E-16 0.00E+00
7.413E+01 7.275E-07 7.275E-07 1.266E-16 0.00E+00
7.328E+01 7.444E-07 7.444E-07 1.323E-16 0.00E+00
7.244E+01 7.617E-07 7.617E-07 1.383E-16 0.00E+00
7.161E+01 7.794E-07 7.794E-07 1.446E-16 0.00E+00
7.079E+01 7.975E-07 7.975E-07 1.512E-16 0.00E+00
6.998E+01 8.161E-07 8.161E-07 1.580E-16 0.00E+00
6.918E+01 8.352E-07 8.352E-07 1.652E-16 0.00E+00
6.839E+01 8.547E-07 8.547E-07 1.727E-16 0.00E+00
6.761E+01 8.748E-07 8.748E-07 1.805E-16 0.00E+00
6.683E+01 8.953E-07 8.953E-07 1.887E-16 0.00E+00
6.607E+01 9.163E-07 9.163E-07 1.973E-16 0.00E+00
6.531E+01 9.379E-07 9.379E-07 2.062E-16 0.00E+00
6.457E+01 9.601E-07 9.601E-07 2.155E-16 0.00E+00
6.383E+01 9.828E-07 9.828E-07 2.253E-16 0.00E+00
6.310E+01 1.006E-06 1.006E-06 2.354E-16 0.00E+00
6.237E+01 1.030E-06 1.030E-06 2.461E-16 0.00E+00
6.166E+01 1.055E-06 1.055E-06 2.572E-16 0.00E+00
6.095E+01 1.080E-06 1.080E-06 2.688E-16 0.00E+00
6.026E+01 1.106E-06 1.106E-06 2.809E-16 0.00E+00
5.957E+01 1.133E-06 1.133E-06 2.936E-16 0.00E+00
5.888E+01 1.160E-06 1.160E-06 3.068E-16 0.00E+00
5.821E+01 1.188E-06 1.188E-06 3.206E-16 0.00E+00
5.754E+01 1.217E-06 1.217E-06 3.350E-16 0.00E+00
5.689E+01 1.247E-06 1.247E-06 3.501E-16 0.00E+00
5.623E+01 1.277E-06 1.277E-06 3.659E-16 0.00E+00
5.559E+01 1.309E-06 1.309E-06 3.823E-16 0.00E+00
5.495E+01 1.341E-06 1.341E-06 3.995E-16 0.00E+00
5.433E+01 1.375E-06 1.375E-06 4.175E-16 0.00E+00
5.370E+01 1.409E-06 1.409E-06 4.362E-16 0.00E+00
5.309E+01 1.444E-06 1.444E-06 4.558E-16 0.00E+00
5.248E+01 1.481E-06 1.481E-06 4.762E-16 0.00E+00
5.188E+01 1.518E-06 1.518E-06 4.976E-16 0.00E+00
5.129E+01 1.557E-06 1.557E-06 5.199E-16 0.00E+00
5.070E+01 1.597E-06 1.597E-06 5.432E-16 0.00E+00
5.012E+01 1.638E-06 1.638E-06 5.676E-16 0.00E+00
4.955E+01 1.681E-06 1.681E-06 5.930E-16 0.00E+00
4.898E+01 1.725E-06 1.725E-06 6.196E-16 0.00E+00
4.842E+01 1.770E-06 1.770E-06 6.474E-16 0.00E+00
4.786E+01 1.817E-06 1.817E-06 6.764E-16 0.00E+00
4.732E+01 1.865E-06 1.865E-06 7.066E-16 0.00E+00
4.677E+01 1.915E-06 1.915E-06 7.383E-16 0.00E+00
4.624E+01 1.967E-06 1.967E-06 7.713E-16 0.00E+00
4.571E+01 2.021E-06 2.021E-06 8.059E-16 0.00E+00
4.519E+01 2.076E-06 2.076E-06 8.419E-16 0.00E+00
4.467E+01 2.133E-06 2.133E-06 8.796E-16 0.00E+00
4.416E+01 2.192E-06 2.192E-06 9.190E-16 0.00E+00
4.365E+01 2.253E-06 2.253E-06 9.601E-16 0.00E+00
4.315E+01 2.317E-06 2.317E-06 1.003E-15 0.00E+00
4.266E+01 2.382E-06 2.382E-06 1.048E-15 0.00E+00
4.217E+01 2.450E-06 2.450E-06 1.095E-15 0.00E+00
4.169E+01 2.521E-06 2.521E-06 1.144E-15 0.00E+00
4.121E+01 2.594E-06 2.594E-06 1.195E-15 0.00E+00
4.074E+01 2.669E-06 2.669E-06 1.248E-15 0.00E+00
4.027E+01 2.747E-06 2.747E-06 1.304E-15 0.00E+00
3.981E+01 2.828E-06 2.828E-06 1.363E-15 0.00E+00
3.936E+01 2.912E-06 2.912E-06 1.424E-15 0.00E+00
3.890E+01 2.998E-06 2.998E-06 1.488E-15 0.00E+00
3.846E+01 3.088E-06 3.088E-06 1.554E-15 0.00E+00
3.802E+01 3.180E-06 3.180E-06 1.624E-15 0.00E+00
3.758E+01 3.276E-06 3.276E-06 1.697E-15 0.00E+00
3.715E+01 3.375E-06 3.375E-06 1.773E-15 0.00E+00
3.673E+01 3.477E-06 3.477E-06 1.852E-15 0.00E+00
3.631E+01 3.583E-06 3.583E-06 1.936E-15 0.00E+00
3.589E+01 3.692E-06 3.692E-06 2.023E-15 0.00E+00
3.548E+01 3.804E-06 3.804E-06 2.114E-15 0.00E+00
3.508E+01 3.919E-06 3.919E-06 2.209E-15 0.00E+00
3.467E+01 4.037E-06 4.037E-06 2.308E-15 0.00E+00
3.428E+01 4.158E-06 4.158E-06 2.412E-15 0.00E+00
3.388E+01 4.282E-06 4.282E-06 2.521E-15 0.00E+00
3.350E+01 4.409E-06 4.409E-06 2.634E-15 0.00E+00
3.311E+01 4.539E-06 4.539E-06 2.753E-15 0.00E+00
3.273E+01 4.670E-06 4.670E-06 2.878E-15 0.00E+00
3.236E+01 4.804E-06 4.804E-06 3.008E-15 0.00E+00
3.199E+01 4.939E-06 4.939E-06 3.144E-15 0.00E+00
3.162E+01 5.076E-06 5.076E-06 3.286E-15 0.00E+00
3.126E+01 5.213E-06 5.213E-06 3.435E-15 0.00E+00
3.090E+01 5.351E-06 5.351E-06 3.591E-15 0.00E+00
3.055E+01 5.488E-06 5.488E-06 3.753E-15 0.00E+00
3.020E+01 5.625E-06 5.625E-06 3.924E-15 0.00E+00
2.985E+01 5.760E-06 5.760E-06 4.102E-15 0.00E+00
2.951E+01 5.895E-06 5.895E-06 4.289E-15 0.00E+00
2.917E+01 6.026E-06 6.026E-06 4.484E-15 0.00E+00
2.884E+01 6.156E-06 6.156E-06 4.688E-15 0.00E+00
2.851E+01 6.283E-06 6.283E-06 4.902E-15 0.00E+00
2.818E+01 6.407E-06 6.407E-06 5.125E-15 0.00E+00
2.786E+01 6.528E-06 6.528E-06 5.359E-15 0.00E+00
2.754E+01 6.647E-06 6.647E-06 5.604E-15 0.00E+00
2.723E+01 6.766E-06 6.766E-06 5.860E-15 0.00E+00
2.692E+01 6.885E-06 6.885E-06 6.128E-15 0.00E+00
2.661E+01 7.008E-06 7.008E-06 6.409E-15 0.00E+00
2.630E+01 7.139E-06 7.139E-06 6.702E-15 0.00E+00
2.600E+01 7.284E-06 7.284E-06 7.010E-15 0.00E+00
2.570E+01 7.451E-06 7.451E-06 7.331E-15 0.00E+00
2.541E+01 7.657E-06 7.657E-06 7.668E-15 0.00E+00
2.512E+01 7.923E-06 7.923E-06 8.020E-15 0.00E+00
2.483E+01 8.288E-06 8.288E-06 8.389E-15 0.00E+00
2.455E+01 8.820E-06 8.820E-06 8.774E-15 0.00E+00
2.427E+01 9.645E-06 9.645E-06 9.177E-15 0.00E+00
2.399E+01 1.101E-05 1.101E-05 9.599E-15 0.00E+00
2.371E+01 1.338E-05 1.338E-05 1.004E-14 0.00E+00
2.344E+01 1.729E-05 1.729E-05 1.050E-14 0.00E+00
2.317E+01 2.127E-05 2.127E-05 1.099E-14 0.00E+00
2.291E+01 2.067E-05 2.067E-05 1.150E-14 0.00E+00
2.265E+01 1.766E-05 1.766E-05 1.203E-14 0.00E+00
2.239E+01 1.645E-05 1.645E-05 1.259E-14 0.00E+00
2.213E+01 1.783E-05 1.783E-05 1.317E-14 0.00E+00
2.188E+01 2.270E-05 2.270E-05 1.378E-14 0.00E+00
2.163E+01 3.387E-05 3.387E-05 1.442E-14 0.00E+00
2.138E+01 5.374E-05 5.374E-05 1.509E-14 0.00E+00
2.113E+01 6.125E-05 6.125E-05 1.579E-14 0.00E+00
2.089E+01 4.156E-05 4.156E-05 1.652E-14 0.00E+00
2.065E+01 2.537E-05 2.537E-05 1.729E-14 0.00E+00
2.042E+01 1.712E-05 1.712E-05 1.809E-14 0.00E+00
2.018E+01 1.287E-05 1.287E-05 1.894E-14 0.00E+00
1.995E+01 1.053E-05 1.053E-05 1.982E-14 0.00E+00
1.972E+01 9.188E-06 9.188E-06 2.074E-14 0.00E+00
1.950E+01 8.457E-06 8.457E-06 2.170E-14 0.00E+00
1.928E+01 8.222E-06 8.222E-06 2.271E-14 0.00E+00
1.905E+01 8.590E-06 8.590E-06 2.377E-14 0.00E+00
1.884E+01 1.013E-05 1.013E-05 2.488E-14 0.00E+00
1.862E+01 1.517E-05 1.517E-05 2.604E-14 0.00E+00
1.841E+01 3.537E-05 3.537E-05 2.726E-14 0.00E+00
1.820E+01 5.675E-05 5.675E-05 2.853E-14 0.00E+00
1.799E+01 2.118E-05 2.118E-05 2.987E-14 0.00E+00
1.778E+01 1.108E-05 1.108E-05 3.126E-14 0.00E+00
1.758E+01 7.973E-06 7.973E-06 3.273E-14 0.00E+00
1.738E+01 6.765E-06 6.765E-06 3.426E-14 0.00E+00
1.718E+01 6.364E-06 6.364E-06 3.586E-14 0.00E+00
1.698E+01 6.636E-06 6.636E-06 3.755E-14 0.00E+00
1.679E+01 8.309E-06 8.309E-06 3.931E-14 0.00E+00
1.660E+01 1.707E-05 1.707E-05 4.115E-14 0.00E+00
1.641E+01 9.114E-05 9.114E-05 4.308E-14 0.00E+00
1.622E+01 1.824E-05 1.824E-05 4.510E-14 0.00E+00
1.603E+01 8.020E-06 8.020E-06 4.722E-14 0.00E+00
1.585E+01 5.860E-06 5.860E-06 4.944E-14 0.00E+00
1.567E+01 5.089E-06 5.089E-06 5.176E-14 0.00E+00
1.549E+01 4.748E-06 4.748E-06 5.419E-14 0.00E+00
1.531E+01 4.595E-06 4.595E-06 5.674E-14 0.00E+00
1.514E+01 4.546E-06 4.546E-06 5.941E-14 0.00E+00
1.496E+01 4.570E-06 4.570E-06 6.221E-14 0.00E+00
1.479E+01 4.656E-06 4.656E-06 6.514E-14 0.00E+00
1.462E+01 4.804E-06 4.804E-06 6.821E-14 0.00E+00
1.445E+01 5.021E-06 5.021E-06 7.142E-14 0.00E+00
1.429E+01 5.321E-06 5.321E-06 7.478E-14 0.00E+00
1.413E+01 5.731E-06 5.731E-06 7.830E-14 0.00E+00
1.396E+01 6.288E-06 6.288E-06 8.198E-14 0.00E+00
1.380E+01 7.057E-06 7.057E-06 8.584E-14 0.00E+00
1.365E+01 8.139E-06 8.139E-06 8.988E-14 0.00E+00
1.349E+01 9.701E-06 9.701E-06 9.412E-14 0.00E+00
1.334E+01 1.202E-05 1.202E-05 9.855E-14 0.00E+00
1.318E+01 1.554E-05 1.554E-05 1.032E-13 0.00E+00
1.303E+01 2.074E-05 2.074E-05 1.081E-13 0.00E+00
1.288E+01 2.734E-05 2.734E-05 1.131E-13 0.00E+00
1.274E+01 3.230E-05 3.230E-05 1.185E-13 0.00E+00
1.259E+01 3.150E-05 3.150E-05 1.241E-13 0.00E+00
1.245E+01 2.701E-05 2.701E-05 1.299E-13 0.00E+00
1.230E+01 2.378E-05 2.378E-05 1.361E-13 0.00E+00
1.216E+01 2.466E-05 2.466E-05 1.425E-13 0.00E+00
1.202E+01 3.380E-05 3.380E-05 1.492E-13 0.00E+00
1.189E+01 4.632E-05 4.632E-05 1.564E-13 0.00E+00
1.175E+01 3.838E-05 3.838E-05 1.641E-13 0.00E+00
1.161E+01 4.320E-05 4.320E-05 1.726E-13 0.00E+00
1.148E+01 6.784E-05 6.784E-05 1.757E-13 0.00E+00
1.135E+01 1.080E-04 1.080E-04 1.866E-13 0.00E+00
1.122E+01 9.864E-05 9.864E-05 1.957E-13 0.00E+00
1.109E+01 5.657E-05 5.657E-05 2.052E-13 0.00E+00
1.096E+01 3.279E-05 3.279E-05 2.151E-13 0.00E+00
1.084E+01 2.147E-05 2.147E-05 2.253E-13 0.00E+00
1.072E+01 1.566E-05 1.566E-05 2.360E-13 0.00E+00
1.059E+01 1.240E-05 1.240E-05 2.471E-13 0.00E+00
1.047E+01 1.046E-05 1.046E-05 2.587E-13 0.00E+00
1.035E+01 9.260E-06 9.260E-06 2.708E-13 0.00E+00
1.023E+01 8.517E-06 8.517E-06 2.836E-13 0.00E+00
1.012E+01 8.082E-06 8.082E-06 2.969E-13 0.00E+00
1.000E+01 7.871E-06 7.871E-06 3.109E-13 0.00E+00
9.886E+00 7.839E-06 7.839E-06 3.256E-13 0.00E+00
9.772E+00 7.966E-06 7.966E-06 3.409E-13 0.00E+00
9.661E+00 8.248E-06 8.248E-06 3.570E-13 0.00E+00
9.550E+00 8.697E-06 8.697E-06 3.738E-13 0.00E+00
9.441E+00 9.343E-06 9.343E-06 3.914E-13 0.00E+00
9.333E+00 1.024E-05 1.024E-05 4.098E-13 0.00E+00
9.226E+00 1.150E-05 1.150E-05 4.291E-13 0.00E+00
9.120E+00 1.329E-05 1.329E-05 4.493E-13 0.00E+00
9.016E+00 1.595E-05 1.595E-05 4.704E-13 0.00E+00
8.913E+00 2.013E-05 2.013E-05 4.925E-13 0.00E+00
8.810E+00 2.701E-05 2.701E-05 5.156E-13 0.00E+00
8.710E+00 3.753E-05 3.753E-05 5.399E-13 0.00E+00
8.610E+00 4.656E-05 4.656E-05 5.652E-13 0.00E+00
8.511E+00 4.438E-05 4.438E-05 5.918E-13 0.00E+00
8.414E+00 3.877E-05 3.877E-05 6.196E-13 0.00E+00
8.318E+00 3.739E-05 3.739E-05 6.487E-13 0.00E+00
8.222E+00 4.037E-05 4.037E-05 6.791E-13 0.00E+00
8.128E+00 4.708E-05 4.708E-05 7.109E-13 0.00E+00
8.035E+00 5.743E-05 5.743E-05 7.443E-13 0.00E+00
7.943E+00 7.117E-05 7.117E-05 7.792E-13 0.00E+00
7.852E+00 8.647E-05 8.647E-05 8.157E-13 0.00E+00
7.762E+00 9.842E-05 9.842E-05 8.539E-13 0.00E+00
7.674E+00 1.007E-04 1.007E-04 8.939E-13 0.00E+00
7.586E+00 9.161E-05 9.161E-05 9.358E-13 0.00E+00
7.499E+00 7.645E-05 7.645E-05 9.797E-13 0.00E+00
7.413E+00 6.110E-05 6.110E-05 1.026E-12 0.00E+00
7.328E+00 4.840E-05 4.840E-05 1.074E-12 0.00E+00
7.244E+00 3.875E-05 3.875E-05 1.124E-12 0.00E+00
7.161E+00 3.166E-05 3.166E-05 1.177E-12 0.00E+00
7.079E+00 2.653E-05 2.653E-05 1.232E-12 0.00E+00
6.998E+00 2.286E-05 2.286E-05 1.290E-12 0.00E+00
6.918E+00 2.031E-05 2.031E-05 1.350E-12 0.00E+00
6.839E+00 1.866E-05 1.866E-05 1.413E-12 0.00E+00
6.761E+00 1.784E-05 1.784E-05 1.480E-12 0.00E+00
6.683E+00 1.787E-05 1.787E-05 1.549E-12 0.00E+00
6.607E+00 1.896E-05 1.896E-05 1.621E-12 0.00E+00
6.531E+00 2.161E-05 2.161E-05 1.697E-12 0.00E+00
6.457E+00 2.684E-05 2.684E-05 1.777E-12 0.00E+00
6.383E+00 3.664E-05 3.664E-05 1.860E-12 0.00E+00
6.310E+00 5.358E-05 5.358E-05 1.946E-12 0.00E+00
6.237E+00 7.348E-05 7.348E-05 2.038E-12 5.23E-07
6.166E+00 7.369E-05 7.369E-05 2.133E-12 5.37E-07
6.095E+00 5.328E-05 5.328E-05 2.233E-12 5.50E-07
6.026E+00 3.513E-05 3.513E-05 2.337E-12 5.61E-07
5.957E+00 2.413E-05 2.413E-05 2.447E-12 5.74E-07
5.888E+00 1.771E-05 1.771E-05 2.561E-12 5.86E-07
5.821E+00 1.380E-05 1.380E-05 2.681E-12 6.00E-07
5.754E+00 1.128E-05 1.128E-05 2.806E-12 6.13E-07
5.689E+00 9.566E-06 9.566E-06 2.937E-12 6.26E-07
5.623E+00 8.349E-06 8.349E-06 3.074E-12 6.40E-07
5.559E+00 7.453E-06 7.453E-06 3.217E-12 6.53E-07
5.495E+00 6.774E-06 6.774E-06 3.368E-12 6.68E-07
5.433E+00 6.248E-06 6.248E-06 3.525E-12 6.82E-07
5.370E+00 5.831E-06 5.831E-06 3.689E-12 6.97E-07
5.309E+00 5.497E-06 5.497E-06 3.861E-12 7.12E-07
5.248E+00 5.224E-06 5.224E-06 4.041E-12 7.28E-07
5.188E+00 5.000E-06 5.000E-06 4.229E-12 7.44E-07
5.129E+00 4.815E-06 4.815E-06 4.426E-12 7.60E-07
5.070E+00 4.661E-06 4.661E-06 4.632E-12 7.77E-07
5.012E+00 4.533E-06 4.533E-06 4.848E-12 7.95E-07
4.955E+00 4.425E-06 4.425E-06 5.074E-12 8.12E-07
4.898E+00 4.335E-06 4.335E-06 5.310E-12 8.30E-07
4.842E+00 4.260E-06 4.260E-06 5.558E-12 8.47E-07
4.786E+00 4.199E-06 4.199E-06 5.817E-12 8.66E-07
4.732E+00 4.149E-06 4.149E-06 6.087E-12 8.85E-07
4.677E+00 4.110E-06 4.110E-06 6.371E-12 9.04E-07
4.624E+00 4.079E-06 4.079E-06 6.668E-12 9.23E-07
4.571E+00 4.057E-06 4.057E-06 6.978E-12 9.43E-07
4.519E+00 4.042E-06 4.042E-06 7.303E-12 9.63E-07
4.467E+00 4.034E-06 4.034E-06 7.643E-12 9.84E-07
4.416E+00 4.032E-06 4.032E-06 7.998E-12 1.01E-06
4.365E+00 4.035E-06 4.035E-06 8.370E-12 1.03E-06
4.315E+00 4.045E-06 4.045E-06 8.759E-12 1.05E-06
4.266E+00 4.059E-06 4.059E-06 9.166E-12 1.07E-06
4.217E+00 4.078E-06 4.078E-06 9.592E-12 1.09E-06
4.169E+00 4.102E-06 4.102E-06 1.004E-11 1.12E-06
4.121E+00 4.132E-06 4.132E-06 1.050E-11 1.14E-06
4.074E+00 4.166E-06 4.166E-06 1.099E-11 1.16E-06
4.027E+00 4.205E-06 4.205E-06 1.150E-11 1.19E-06
3.981E+00 4.249E-06 4.249E-06 1.204E-11 1.21E-06
3.936E+00 4.299E-06 4.299E-06 1.260E-11 1.24E-06
3.890E+00 4.356E-06 4.356E-06 1.318E-11 1.27E-06
3.846E+00 4.421E-06 4.421E-06 1.379E-11 1.29E-06
3.802E+00 4.495E-06 4.495E-06 1.443E-11 1.32E-06
3.758E+00 4.581E-06 4.581E-06 1.510E-11 1.35E-06
3.715E+00 4.682E-06 4.682E-06 1.581E-11 1.37E-06
3.673E+00 4.804E-06 4.804E-06 1.654E-11 1.40E-06
3.631E+00 4.957E-06 4.957E-06 1.731E-11 1.43E-06
3.589E+00 5.158E-06 5.158E-06 1.811E-11 1.46E-06
3.548E+00 5.437E-06 5.437E-06 1.895E-11 1.49E-06
3.508E+00 5.854E-06 5.854E-06 1.983E-11 1.52E-06
3.467E+00 6.548E-06 6.548E-06 2.075E-11 1.55E-06
3.428E+00 7.886E-06 7.886E-06 2.172E-11 1.58E-06
3.388E+00 1.112E-05 1.112E-05 2.272E-11 1.61E-06
3.350E+00 2.278E-05 2.278E-05 2.378E-11 1.64E-06
3.311E+00 1.010E-04 1.010E-04 2.488E-11 1.68E-06
3.273E+00 5.053E-05 5.053E-05 2.603E-11 1.71E-06
3.236E+00 1.613E-05 1.613E-05 2.724E-11 1.75E-06
3.199E+00 9.782E-06 9.782E-06 2.850E-11 1.78E-06
3.162E+00 7.729E-06 7.729E-06 2.982E-11 1.82E-06
3.126E+00 6.874E-06 6.874E-06 3.120E-11 1.86E-06
3.090E+00 6.457E-06 6.457E-06 3.265E-11 1.89E-06
3.055E+00 6.245E-06 6.245E-06 3.416E-11 1.93E-06
3.020E+00 6.141E-06 6.141E-06 3.574E-11 1.97E-06
2.985E+00 6.102E-06 6.102E-06 3.740E-11 2.01E-06
2.951E+00 6.099E-06 6.099E-06 3.913E-11 2.05E-06
2.917E+00 6.124E-06 6.124E-06 4.094E-11 2.09E-06
2.884E+00 6.167E-06 6.167E-06 4.284E-11 2.13E-06
2.851E+00 6.224E-06 6.224E-06 4.482E-11 2.17E-06
2.818E+00 6.291E-06 6.291E-06 4.689E-11 2.22E-06
2.786E+00 6.365E-06 6.365E-06 4.906E-11 2.26E-06
2.754E+00 6.446E-06 6.446E-06 5.133E-11 2.31E-06
2.723E+00 6.534E-06 6.534E-06 5.370E-11 2.36E-06
2.692E+00 6.625E-06 6.625E-06 5.618E-11 2.40E-06
2.661E+00 6.721E-06 6.721E-06 5.878E-11 2.45E-06
2.630E+00 6.821E-06 6.821E-06 6.149E-11 2.50E-06
2.600E+00 6.923E-06 6.923E-06 6.433E-11 2.55E-06
2.570E+00 7.028E-06 7.028E-06 6.730E-11 2.61E-06
2.541E+00 7.135E-06 7.135E-06 7.040E-11 2.66E-06
2.512E+00 7.246E-06 7.246E-06 7.365E-11 2.72E-06
2.483E+00 7.360E-06 7.360E-06 7.705E-11 2.77E-06
2.455E+00 7.478E-06 7.478E-06 8.061E-11 2.83E-06
2.427E+00 7.598E-06 7.598E-06 8.433E-11 2.89E-06
2.399E+00 7.721E-06 7.721E-06 8.822E-11 2.95E-06
2.371E+00 7.847E-06 7.847E-06 9.229E-11 3.01E-06
2.344E+00 7.976E-06 7.976E-06 9.655E-11 3.07E-06
2.317E+00 8.108E-06 8.108E-06 1.010E-10 3.13E-06
2.291E+00 8.243E-06 8.243E-06 1.057E-10 3.19E-06
2.265E+00 8.382E-06 8.381E-06 1.106E-10 3.25E-06
2.239E+00 8.523E-06 8.523E-06 1.157E-10 3.32E-06
2.213E+00 8.667E-06 8.667E-06 1.210E-10 3.38E-06
2.188E+00 8.814E-06 8.814E-06 1.266E-10 3.45E-06
2.163E+00 8.965E-06 8.965E-06 1.324E-10 3.52E-06
2.138E+00 9.119E-06 9.119E-06 1.386E-10 3.59E-06
2.113E+00 9.274E-06 9.274E-06 1.449E-10 3.66E-06
2.089E+00 9.431E-06 9.431E-06 1.516E-10 3.73E-06
2.065E+00 9.592E-06 9.591E-06 1.586E-10 3.81E-06
2.042E+00 9.755E-06 9.755E-06 1.659E-10 3.89E-06
2.018E+00 9.922E-06 9.922E-06 1.736E-10 3.96E-06
1.995E+00 1.009E-05 1.009E-05 1.816E-10 4.04E-06
1.972E+00 1.027E-05 1.027E-05 1.900E-10 4.12E-06
1.950E+00 1.044E-05 1.044E-05 1.987E-10 4.20E-06
1.928E+00 1.062E-05 1.062E-05 2.079E-10 4.29E-06
1.905E+00 1.081E-05 1.081E-05 2.175E-10 4.37E-06
1.884E+00 1.100E-05 1.100E-05 2.275E-10 4.46E-06
1.862E+00 1.119E-05 1.119E-05 2.380E-10 4.55E-06
1.841E+00 1.138E-05 1.138E-05 2.490E-10 4.64E-06
1.820E+00 1.158E-05 1.158E-05 2.605E-10 4.73E-06
1.799E+00 1.179E-05 1.179E-05 2.725E-10 4.82E-06
1.778E+00 1.200E-05 1.200E-05 2.851E-10 4.91E-06
1.758E+00 1.221E-05 1.221E-05 2.982E-10 5.01E-06
1.738E+00 1.242E-05 1.242E-05 3.119E-10 5.11E-06
1.718E+00 1.264E-05 1.264E-05 3.263E-10 5.21E-06
1.698E+00 1.287E-05 1.287E-05 3.413E-10 5.31E-06
1.679E+00 1.310E-05 1.310E-05 3.571E-10 5.41E-06
1.660E+00 1.333E-05 1.333E-05 3.735E-10 5.52E-06
1.641E+00 1.356E-05 1.356E-05 3.907E-10 5.63E-06
1.622E+00 1.380E-05 1.380E-05 4.086E-10 5.74E-06
1.603E+00 1.404E-05 1.404E-05 4.274E-10 5.86E-06
1.585E+00 1.428E-05 1.428E-05 4.471E-10 5.97E-06
1.567E+00 1.453E-05 1.453E-05 4.677E-10 6.09E-06
1.549E+00 1.478E-05 1.478E-05 4.892E-10 6.22E-06
1.531E+00 1.504E-05 1.504E-05 5.118E-10 6.34E-06
1.514E+00 1.530E-05 1.530E-05 5.354E-10 6.46E-06
1.496E+00 1.557E-05 1.557E-05 5.601E-10 6.59E-06
1.479E+00 1.585E-05 1.585E-05 5.860E-10 6.72E-06
1.462E+00 1.613E-05 1.613E-05 6.131E-10 6.85E-06
1.445E+00 1.642E-05 1.642E-05 6.414E-10 6.98E-06
1.429E+00 1.672E-05 1.672E-05 6.710E-10 7.11E-06
1.413E+00 1.702E-05 1.702E-05 7.019E-10 7.25E-06
1.396E+00 1.734E-05 1.734E-05 7.343E-10 7.38E-06
1.380E+00 1.766E-05 1.766E-05 7.681E-10 7.52E-06
1.365E+00 1.798E-05 1.798E-05 8.035E-10 7.67E-06
1.349E+00 1.831E-05 1.831E-05 8.405E-10 7.81E-06
1.334E+00 1.865E-05 1.865E-05 8.793E-10 7.96E-06
1.318E+00 1.900E-05 1.900E-05 9.197E-10 8.11E-06
1.303E+00 1.935E-05 1.935E-05 9.621E-10 8.27E-06
1.288E+00 1.971E-05 1.971E-05 1.006E-09 8.43E-06
1.274E+00 2.007E-05 2.007E-05 1.052E-09 8.60E-06
1.259E+00 2.045E-05 2.045E-05 1.101E-09 8.76E-06
1.245E+00 2.083E-05 2.083E-05 1.152E-09 8.93E-06
1.230E+00 2.122E-05 2.122E-05 1.205E-09 9.11E-06
1.216E+00 2.162E-05 2.162E-05 1.260E-09 9.28E-06
1.202E+00 2.203E-05 2.203E-05 1.318E-09 9.46E-06
1.189E+00 2.246E-05 2.246E-05 1.379E-09 9.65E-06
1.175E+00 2.290E-05 2.289E-05 1.443E-09 9.83E-06
1.161E+00 2.335E-05 2.335E-05 1.509E-09 1.00E-05
1.148E+00 2.382E-05 2.382E-05 1.578E-09 1.02E-05
1.135E+00 2.432E-05 2.432E-05 1.651E-09 1.04E-05
1.122E+00 2.483E-05 2.483E-05 1.727E-09 1.06E-05
1.109E+00 2.538E-05 2.538E-05 1.807E-09 1.08E-05
1.096E+00 2.595E-05 2.595E-05 1.890E-09 1.10E-05
1.084E+00 2.655E-05 2.655E-05 1.977E-09 1.12E-05
1.072E+00 2.720E-05 2.720E-05 2.068E-09 1.14E-05
1.059E+00 2.789E-05 2.789E-05 2.163E-09 1.17E-05
1.047E+00 2.863E-05 2.863E-05 2.262E-09 1.19E-05
1.035E+00 2.944E-05 2.944E-05 2.366E-09 1.21E-05
1.023E+00 3.033E-05 3.033E-05 2.475E-09 1.23E-05
1.012E+00 3.132E-05 3.132E-05 2.588E-09 1.26E-05
1.000E+00 3.243E-05 3.243E-05 2.707E-09 1.28E-05
9.886E-01 3.369E-05 3.369E-05 2.831E-09 1.31E-05
9.772E-01 3.515E-05 3.515E-05 2.961E-09 1.33E-05
9.661E-01 3.686E-05 3.686E-05 3.097E-09 1.36E-05
9.550E-01 3.889E-05 3.889E-05 3.239E-09 1.38E-05
9.441E-01 4.135E-05 4.135E-05 3.387E-09 1.41E-05
9.333E-01 4.437E-05 4.437E-05 3.542E-09 1.44E-05
9.226E-01 4.815E-05 4.814E-05 3.705E-09 1.47E-05
9.120E-01 5.295E-05 5.294E-05 3.874E-09 1.49E-05
9.016E-01 5.915E-05 5.915E-05 4.051E-09 1.52E-05
8.913E-01 6.731E-05 6.731E-05 4.236E-09 1.55E-05
8.810E-01 7.822E-05 7.821E-05 4.430E-09 1.59E-05
8.710E-01 9.299E-05 9.298E-05 4.632E-09 1.62E-05
8.610E-01 1.132E-04 1.132E-04 4.843E-09 1.65E-05
8.511E-01 1.408E-04 1.408E-04 5.064E-09 1.68E-05
8.414E-01 1.782E-04 1.782E-04 5.295E-09 1.72E-05
8.318E-01 2.269E-04 2.269E-04 5.536E-09 1.75E-05
8.222E-01 2.863E-04 2.863E-04 5.788E-09 1.79E-05
8.128E-01 3.529E-04 3.529E-04 6.052E-09 1.82E-05
8.035E-01 4.213E-04 4.213E-04 6.328E-09 1.86E-05
7.943E-01 4.869E-04 4.869E-04 6.616E-09 1.90E-05
7.852E-01 5.473E-04 5.473E-04 6.917E-09 1.94E-05
7.762E-01 6.022E-04 6.022E-04 7.232E-09 1.98E-05
7.674E-01 6.525E-04 6.524E-04 7.561E-09 2.02E-05
7.586E-01 7.000E-04 6.999E-04 7.905E-09 2.06E-05
7.499E-01 7.475E-04 7.475E-04 8.265E-09 2.11E-05
7.413E-01 7.990E-04 7.990E-04 8.641E-09 2.15E-05
7.328E-01 8.596E-04 8.596E-04 9.034E-09 2.20E-05
7.244E-01 9.358E-04 9.358E-04 9.445E-09 2.24E-05
7.161E-01 1.036E-03 1.036E-03 9.875E-09 2.29E-05
7.079E-01 1.168E-03 1.168E-03 1.032E-08 2.34E-05
6.998E-01 1.339E-03 1.339E-03 1.080E-08 2.39E-05
6.918E-01 1.549E-03 1.549E-03 1.129E-08 2.44E-05
6.839E-01 1.787E-03 1.787E-03 1.180E-08 2.50E-05
6.761E-01 2.037E-03 2.037E-03 1.234E-08 2.55E-05
6.683E-01 2.286E-03 2.286E-03 1.290E-08 2.61E-05
6.607E-01 2.528E-03 2.528E-03 1.349E-08 2.67E-05
6.531E-01 2.763E-03 2.763E-03 1.411E-08 2.72E-05
6.457E-01 2.995E-03 2.995E-03 1.476E-08 2.79E-05
6.383E-01 3.226E-03 3.226E-03 1.543E-08 2.85E-05
6.310E-01 3.458E-03 3.458E-03 1.614E-08 2.91E-05
6.237E-01 3.694E-03 3.694E-03 1.688E-08 2.98E-05
6.166E-01 3.936E-03 3.936E-03 1.766E-08 3.04E-05
6.095E-01 4.183E-03 4.183E-03 1.847E-08 3.11E-05
6.026E-01 4.439E-03 4.439E-03 1.932E-08 3.18E-05
5.957E-01 4.703E-03 4.703E-03 2.022E-08 3.25E-05
5.888E-01 4.976E-03 4.976E-03 2.115E-08 3.32E-05
5.821E-01 5.259E-03 5.259E-03 2.213E-08 3.40E-05
5.754E-01 5.553E-03 5.553E-03 2.316E-08 3.47E-05
5.689E-01 5.858E-03 5.858E-03 2.423E-08 3.55E-05
5.623E-01 6.174E-03 6.174E-03 2.536E-08 3.63E-05
5.559E-01 6.502E-03 6.501E-03 2.655E-08 3.71E-05
5.495E-01 6.842E-03 6.842E-03 2.779E-08 3.79E-05
5.433E-01 7.195E-03 7.195E-03 2.910E-08 3.87E-05
5.370E-01 7.561E-03 7.561E-03 3.047E-08 3.96E-05
5.309E-01 7.940E-03 7.940E-03 3.190E-08 4.04E-05
5.248E-01 8.333E-03 8.333E-03 3.341E-08 4.13E-05
5.188E-01 8.741E-03 8.740E-03 3.500E-08 4.22E-05
5.129E-01 9.162E-03 9.162E-03 3.666E-08 4.31E-05
5.070E-01 9.599E-03 9.599E-03 3.841E-08 4.41E-05
5.012E-01 1.005E-02 1.005E-02 4.024E-08 4.50E-05
4.955E-01 1.052E-02 1.052E-02 4.217E-08 4.60E-05
4.898E-01 1.100E-02 1.100E-02 4.419E-08 4.70E-05
4.842E-01 1.150E-02 1.150E-02 4.632E-08 4.80E-05
4.786E-01 1.201E-02 1.201E-02 4.854E-08 4.90E-05
4.732E-01 1.255E-02 1.255E-02 5.087E-08 5.00E-05
4.677E-01 1.310E-02 1.310E-02 5.332E-08 5.11E-05
4.624E-01 1.366E-02 1.366E-02 5.589E-08 5.21E-05
4.571E-01 1.424E-02 1.424E-02 5.859E-08 5.31E-05
4.519E-01 1.485E-02 1.485E-02 6.143E-08 5.42E-05
4.467E-01 1.547E-02 1.547E-02 6.442E-08 5.53E-05
4.416E-01 1.610E-02 1.610E-02 6.756E-08 5.64E-05
4.365E-01 1.676E-02 1.676E-02 7.085E-08 5.74E-05
4.315E-01 1.743E-02 1.743E-02 7.429E-08 5.85E-05
4.266E-01 1.813E-02 1.813E-02 7.790E-08 5.95E-05
4.217E-01 1.884E-02 1.884E-02 8.168E-08 6.06E-05
4.169E-01 1.957E-02 1.957E-02 8.565E-08 6.17E-05
4.121E-01 2.032E-02 2.032E-02 8.982E-08 6.27E-05
4.074E-01 2.109E-02 2.109E-02 9.419E-08 6.38E-05
4.027E-01 2.188E-02 2.188E-02 9.879E-08 6.49E-05
3.981E-01 2.270E-02 2.270E-02 1.036E-07 6.61E-05
3.935E-01 2.353E-02 2.353E-02 1.087E-07 6.72E-05
3.890E-01 2.438E-02 2.438E-02 1.140E-07 6.83E-05
3.846E-01 2.525E-02 2.525E-02 1.195E-07 6.94E-05
3.802E-01 2.614E-02 2.614E-02 1.254E-07 7.06E-05
3.758E-01 2.706E-02 2.706E-02 1.316E-07 7.17E-05
3.715E-01 2.799E-02 2.799E-02 1.381E-07 7.28E-05
3.673E-01 2.895E-02 2.895E-02 1.450E-07 7.40E-05
3.631E-01 2.992E-02 2.992E-02 1.524E-07 7.51E-05
3.589E-01 3.092E-02 3.092E-02 1.601E-07 7.64E-05
3.548E-01 3.194E-02 3.194E-02 1.684E-07 7.76E-05
3.508E-01 3.298E-02 3.298E-02 1.772E-07 7.87E-05
3.467E-01 3.404E-02 3.404E-02 1.865E-07 7.98E-05
3.428E-01 3.512E-02 3.512E-02 1.964E-07 8.08E-05
3.388E-01 3.623E-02 3.623E-02 2.070E-07 8.17E-05
3.350E-01 3.736E-02 3.736E-02 2.183E-07 8.25E-05
3.311E-01 3.850E-02 3.850E-02 2.304E-07 8.31E-05
3.273E-01 3.967E-02 3.967E-02 2.433E-07 8.35E-05
3.236E-01 4.087E-02 4.087E-02 2.571E-07 8.36E-05
3.199E-01 4.208E-02 4.208E-02 2.720E-07 8.35E-05
3.162E-01 4.331E-02 4.331E-02 2.878E-07 8.31E-05
3.126E-01 4.457E-02 4.457E-02 3.047E-07 8.23E-05
3.090E-01 4.585E-02 4.585E-02 3.227E-07 8.13E-05
3.055E-01 4.715E-02 4.715E-02 3.418E-07 7.98E-05
3.020E-01 4.834E-02 4.834E-02 3.623E-07 7.80E-05
2.985E-01 4.921E-02 4.921E-02 3.843E-07 7.57E-05
2.951E-01 5.017E-02 5.017E-02 4.079E-07 7.29E-05
2.917E-01 5.121E-02 5.121E-02 4.334E-07 6.96E-05
2.884E-01 5.235E-02 5.235E-02 4.612E-07 6.57E-05
2.851E-01 5.359E-02 5.359E-02 4.915E-07 6.11E-05
2.818E-01 5.497E-02 5.497E-02 5.265E-07 5.48E-05
2.786E-01 5.648E-02 5.648E-02 5.639E-07 4.83E-05
2.754E-01 5.816E-02 5.816E-02 6.041E-07 4.19E-05
2.723E-01 6.002E-02 6.002E-02 6.481E-07 3.54E-05
2.692E-01 6.210E-02 6.210E-02 6.966E-07 2.92E-05
2.661E-01 6.442E-02 6.442E-02 7.503E-07 2.34E-05
2.630E-01 6.703E-02 6.703E-02 8.104E-07 1.82E-05
2.600E-01 6.995E-02 6.995E-02 8.787E-07 1.36E-05
2.570E-01 7.325E-02 7.325E-02 9.555E-07 1.01E-05
2.541E-01 7.696E-02 7.696E-02 1.040E-06 7.62E-06
2.512E-01 8.115E-02 8.115E-02 1.135E-06 6.17E-06
2.483E-01 8.588E-02 8.588E-02 1.243E-06 5.59E-06
2.455E-01 9.120E-02 9.120E-02 1.367E-06 5.86E-06
2.427E-01 9.716E-02 9.716E-02 1.510E-06 7.08E-06
2.399E-01 1.038E-01 1.038E-01 1.675E-06 9.29E-06
2.371E-01 1.110E-01 1.110E-01 1.855E-06 1.26E-05
2.344E-01 1.188E-01 1.188E-01 2.046E-06 1.67E-05
2.317E-01 1.269E-01 1.269E-01 2.247E-06 2.10E-05
2.291E-01 1.351E-01 1.351E-01 2.452E-06 2.56E-05
2.265E-01 1.428E-01 1.428E-01 2.663E-06 3.03E-05
2.239E-01 1.496E-01 1.496E-01 2.885E-06 3.53E-05
2.213E-01 1.547E-01 1.547E-01 3.115E-06 4.06E-05
2.188E-01 1.575E-01 1.575E-01 3.299E-06 4.65E-05
2.163E-01 1.579E-01 1.579E-01 3.386E-06 5.33E-05
2.138E-01 1.557E-01 1.557E-01 3.378E-06 6.04E-05
2.113E-01 1.512E-01 1.512E-01 3.306E-06 6.75E-05
2.089E-01 1.449E-01 1.449E-01 3.181E-06 7.47E-05
2.065E-01 1.376E-01 1.376E-01 3.015E-06 8.22E-05
2.042E-01 1.298E-01 1.298E-01 2.814E-06 8.99E-05
2.018E-01 1.220E-01 1.220E-01 2.592E-06 9.78E-05
1.995E-01 1.144E-01 1.144E-01 2.362E-06 1.06E-04
1.972E-01 1.074E-01 1.074E-01 2.135E-06 1.14E-04
1.950E-01 1.010E-01 1.010E-01 1.920E-06 1.23E-04
1.928E-01 9.525E-02 9.524E-02 1.721E-06 1.32E-04
1.905E-01 9.014E-02 9.013E-02 1.541E-06 1.41E-04
1.884E-01 8.562E-02 8.562E-02 1.377E-06 1.50E-04
1.862E-01 8.165E-02 8.165E-02 1.235E-06 1.60E-04
1.841E-01 7.817E-02 7.816E-02 1.114E-06 1.70E-04
1.820E-01 7.511E-02 7.511E-02 1.010E-06 1.81E-04
1.799E-01 7.243E-02 7.243E-02 9.227E-07 1.92E-04
1.778E-01 7.008E-02 7.008E-02 8.512E-07 2.04E-04
1.758E-01 6.802E-02 6.802E-02 7.921E-07 2.15E-04
1.738E-01 6.621E-02 6.621E-02 7.441E-07 2.27E-04
1.718E-01 6.462E-02 6.462E-02 7.063E-07 2.39E-04
1.698E-01 6.322E-02 6.322E-02 6.782E-07 2.52E-04
1.679E-01 6.200E-02 6.200E-02 6.596E-07 2.64E-04
1.660E-01 6.099E-02 6.099E-02 6.505E-07 2.77E-04
1.641E-01 6.018E-02 6.018E-02 6.516E-07 2.89E-04
1.622E-01 5.954E-02 5.954E-02 6.622E-07 3.01E-04
1.603E-01 5.908E-02 5.907E-02 6.822E-07 3.14E-04
1.585E-01 5.877E-02 5.877E-02 7.123E-07 3.26E-04
1.567E-01 5.863E-02 5.863E-02 7.510E-07 3.39E-04
1.549E-01 5.864E-02 5.864E-02 7.987E-07 3.52E-04
1.531E-01 5.879E-02 5.879E-02 8.550E-07 3.65E-04
1.514E-01 5.910E-02 5.910E-02 9.212E-07 3.78E-04
1.496E-01 5.955E-02 5.955E-02 9.981E-07 3.92E-04
1.479E-01 6.016E-02 6.015E-02 1.087E-06 4.06E-04
1.462E-01 6.090E-02 6.090E-02 1.189E-06 4.20E-04
1.445E-01 6.180E-02 6.180E-02 1.306E-06 4.34E-04
1.429E-01 6.286E-02 6.285E-02 1.438E-06 4.48E-04
1.413E-01 6.406E-02 6.406E-02 1.585E-06 4.62E-04
1.396E-01 6.543E-02 6.543E-02 1.746E-06 4.77E-04
1.380E-01 6.696E-02 6.696E-02 1.923E-06 4.92E-04
1.365E-01 6.865E-02 6.865E-02 2.118E-06 5.08E-04
1.349E-01 7.052E-02 7.052E-02 2.337E-06 5.26E-04
1.334E-01 7.256E-02 7.256E-02 2.581E-06 5.44E-04
1.318E-01 7.479E-02 7.479E-02 2.852E-06 5.64E-04
1.303E-01 7.721E-02 7.720E-02 3.154E-06 5.85E-04
1.288E-01 8.137E-02 8.136E-02 3.489E-06 6.07E-04
1.274E-01 8.453E-02 8.453E-02 3.861E-06 6.31E-04
1.259E-01 8.784E-02 8.784E-02 4.270E-06 6.56E-04
1.245E-01 9.130E-02 9.130E-02 4.722E-06 6.82E-04
1.230E-01 9.491E-02 9.490E-02 5.220E-06 7.10E-04
1.216E-01 9.865E-02 9.865E-02 5.765E-06 7.38E-04
1.202E-01 1.025E-01 1.025E-01 6.360E-06 7.64E-04
1.189E-01 1.065E-01 1.065E-01 7.014E-06 7.90E-04
1.175E-01 1.107E-01 1.107E-01 7.722E-06 8.15E-04
1.161E-01 1.149E-01 1.149E-01 8.504E-06 8.39E-04
1.148E-01 1.193E-01 1.193E-01 9.410E-06 8.59E-04
1.135E-01 1.238E-01 1.238E-01 1.062E-05 8.84E-04
1.122E-01 1.284E-01 1.284E-01 1.191E-05 8.85E-04
1.109E-01 1.331E-01 1.331E-01 1.332E-05 8.59E-04
1.096E-01 1.379E-01 1.378E-01 1.489E-05 7.84E-04
1.084E-01 1.427E-01 1.427E-01 1.681E-05 7.00E-04
1.072E-01 1.477E-01 1.477E-01 1.904E-05 6.42E-04
1.059E-01 1.527E-01 1.527E-01 2.119E-05 6.26E-04
1.047E-01 1.577E-01 1.577E-01 2.327E-05 6.29E-04
1.035E-01 1.628E-01 1.628E-01 2.527E-05 6.32E-04
1.023E-01 1.679E-01 1.679E-01 2.719E-05 6.33E-04
1.012E-01 1.730E-01 1.730E-01 2.932E-05 6.25E-04
1.000E-01 1.788E-01 1.787E-01 3.172E-05 6.10E-04
9.886E-02 1.827E-01 1.827E-01 3.489E-05 5.84E-04
9.772E-02 1.869E-01 1.869E-01 3.851E-05 5.58E-04
9.661E-02 1.913E-01 1.913E-01 4.210E-05 5.42E-04
9.550E-02 1.959E-01 1.959E-01 4.543E-05 5.36E-04
9.441E-02 2.008E-01 2.008E-01 4.790E-05 5.39E-04
9.333E-02 2.060E-01 2.059E-01 4.988E-05 5.46E-04
9.226E-02 2.115E-01 2.114E-01 5.208E-05 5.52E-04
9.120E-02 2.173E-01 2.173E-01 5.419E-05 5.61E-04
9.016E-02 2.236E-01 2.236E-01 5.547E-05 5.80E-04
8.913E-02 2.304E-01 2.304E-01 5.690E-05 5.95E-04
8.810E-02 2.378E-01 2.377E-01 5.927E-05 6.00E-04
8.710E-02 2.459E-01 2.458E-01 6.302E-05 5.91E-04
8.610E-02 2.547E-01 2.547E-01 6.752E-05 5.78E-04
8.511E-02 2.645E-01 2.645E-01 7.283E-05 5.63E-04
8.414E-02 2.754E-01 2.753E-01 7.899E-05 5.48E-04
8.318E-02 2.875E-01 2.874E-01 8.609E-05 5.34E-04
8.222E-02 3.011E-01 3.010E-01 9.394E-05 5.26E-04
8.128E-02 3.163E-01 3.162E-01 1.024E-04 5.25E-04
8.035E-02 3.333E-01 3.331E-01 1.117E-04 5.30E-04
7.943E-02 3.522E-01 3.521E-01 1.216E-04 5.39E-04
7.852E-02 3.731E-01 3.729E-01 1.320E-04 5.54E-04
7.762E-02 3.958E-01 3.956E-01 1.424E-04 5.75E-04
7.674E-02 4.198E-01 4.197E-01 1.520E-04 5.98E-04
7.586E-02 4.443E-01 4.441E-01 1.612E-04 6.23E-04
7.499E-02 4.679E-01 4.677E-01 1.696E-04 6.50E-04
7.413E-02 4.886E-01 4.884E-01 1.770E-04 6.79E-04
7.328E-02 5.045E-01 5.043E-01 1.830E-04 7.10E-04
7.244E-02 5.137E-01 5.135E-01 1.889E-04 7.40E-04
7.161E-02 5.153E-01 5.151E-01 1.942E-04 7.70E-04
7.079E-02 5.096E-01 5.094E-01 1.979E-04 8.02E-04
6.998E-02 4.978E-01 4.976E-01 1.997E-04 8.36E-04
6.918E-02 4.821E-01 4.819E-01 1.996E-04 8.71E-04
6.839E-02 4.643E-01 4.641E-01 1.954E-04 9.11E-04
6.761E-02 4.462E-01 4.461E-01 1.887E-04 9.52E-04
6.683E-02 4.291E-01 4.289E-01 1.811E-04 9.95E-04
6.607E-02 4.136E-01 4.134E-01 1.730E-04 1.04E-03
6.531E-02 3.966E-01 3.964E-01 1.645E-04 1.08E-03
6.457E-02 3.794E-01 3.792E-01 1.583E-04 1.12E-03
6.383E-02 3.620E-01 3.619E-01 1.531E-04 1.16E-03
6.310E-02 3.445E-01 3.443E-01 1.487E-04 1.20E-03
6.237E-02 3.267E-01 3.266E-01 1.451E-04 1.24E-03
6.166E-02 3.088E-01 3.087E-01 1.426E-04 1.28E-03
6.095E-02 2.907E-01 2.905E-01 1.410E-04 1.32E-03
6.026E-02 2.723E-01 2.722E-01 1.396E-04 1.37E-03
5.957E-02 2.538E-01 2.537E-01 1.385E-04 1.41E-03
5.888E-02 2.350E-01 2.349E-01 1.374E-04 1.46E-03
5.821E-02 2.160E-01 2.159E-01 1.354E-04 1.50E-03
5.754E-02 2.056E-01 2.054E-01 1.331E-04 1.55E-03
5.689E-02 1.981E-01 1.980E-01 1.308E-04 1.59E-03
5.623E-02 1.905E-01 1.903E-01 1.281E-04 1.64E-03
5.559E-02 1.823E-01 1.821E-01 1.248E-04 1.69E-03
5.495E-02 1.743E-01 1.742E-01 1.214E-04 1.74E-03
5.433E-02 1.665E-01 1.664E-01 1.179E-04 1.79E-03
5.370E-02 1.593E-01 1.592E-01 1.145E-04 1.84E-03
5.309E-02 1.531E-01 1.530E-01 1.115E-04 1.89E-03
5.248E-02 1.473E-01 1.472E-01 1.087E-04 1.95E-03
5.188E-02 1.420E-01 1.419E-01 1.060E-04 2.00E-03
5.129E-02 1.369E-01 1.368E-01 1.036E-04 2.06E-03
5.070E-02 1.320E-01 1.319E-01 1.014E-04 2.12E-03
5.012E-02 1.273E-01 1.272E-01 9.936E-05 2.18E-03
4.955E-02 1.229E-01 1.228E-01 9.749E-05 2.23E-03
4.898E-02 1.188E-01 1.187E-01 9.575E-05 2.30E-03
4.842E-02 1.147E-01 1.146E-01 9.400E-05 2.36E-03
4.786E-02 1.108E-01 1.107E-01 9.223E-05 2.42E-03
4.732E-02 1.066E-01 1.065E-01 9.018E-05 2.49E-03
4.677E-02 1.024E-01 1.023E-01 8.803E-05 2.55E-03
4.624E-02 9.842E-02 9.834E-02 8.591E-05 2.62E-03
4.571E-02 9.493E-02 9.485E-02 8.398E-05 2.69E-03
4.519E-02 9.205E-02 9.197E-02 8.232E-05 2.77E-03
4.467E-02 8.929E-02 8.921E-02 8.060E-05 2.84E-03
4.416E-02 8.638E-02 8.630E-02 7.872E-05 2.91E-03
4.365E-02 8.279E-02 8.271E-02 7.644E-05 2.99E-03
4.315E-02 7.937E-02 7.929E-02 7.412E-05 3.07E-03
4.266E-02 7.633E-02 7.625E-02 7.173E-05 3.15E-03
4.217E-02 7.441E-02 7.434E-02 6.940E-05 3.24E-03
4.169E-02 7.294E-02 7.287E-02 6.721E-05 3.33E-03
4.121E-02 7.185E-02 7.178E-02 6.527E-05 3.41E-03
4.074E-02 7.081E-02 7.075E-02 6.377E-05 3.50E-03
4.027E-02 7.001E-02 6.995E-02 6.251E-05 3.59E-03
3.981E-02 6.943E-02 6.937E-02 6.145E-05 3.69E-03
3.935E-02 6.907E-02 6.901E-02 6.052E-05 3.78E-03
3.890E-02 6.898E-02 6.892E-02 5.984E-05 3.88E-03
3.846E-02 6.920E-02 6.914E-02 5.932E-05 3.98E-03
3.802E-02 6.980E-02 6.974E-02 5.929E-05 4.08E-03
3.758E-02 7.082E-02 7.076E-02 5.991E-05 4.18E-03
3.715E-02 7.299E-02 7.293E-02 6.229E-05 4.28E-03
3.673E-02 7.490E-02 7.484E-02 6.525E-05 4.38E-03
3.631E-02 7.576E-02 7.570E-02 6.834E-05 4.49E-03
3.589E-02 7.483E-02 7.476E-02 7.062E-05 4.59E-03
3.548E-02 7.317E-02 7.310E-02 7.250E-05 4.70E-03
3.508E-02 7.168E-02 7.161E-02 7.360E-05 4.81E-03
3.467E-02 7.025E-02 7.018E-02 7.429E-05 4.93E-03
3.428E-02 6.881E-02 6.874E-02 7.474E-05 5.05E-03
3.388E-02 6.741E-02 6.733E-02 7.529E-05 5.17E-03
3.350E-02 6.601E-02 6.594E-02 7.576E-05 5.30E-03
3.311E-02 6.465E-02 6.457E-02 7.618E-05 5.43E-03
3.273E-02 6.330E-02 6.322E-02 7.655E-05 5.56E-03
3.236E-02 6.196E-02 6.189E-02 7.687E-05 5.70E-03
3.199E-02 6.064E-02 6.056E-02 7.715E-05 5.83E-03
3.162E-02 5.934E-02 5.926E-02 7.739E-05 5.98E-03
3.126E-02 5.807E-02 5.799E-02 7.762E-05 6.12E-03
3.090E-02 5.681E-02 5.673E-02 7.782E-05 6.27E-03
3.055E-02 5.557E-02 5.549E-02 7.801E-05 6.43E-03
3.020E-02 5.435E-02 5.427E-02 7.817E-05 6.58E-03
2.985E-02 5.315E-02 5.307E-02 7.832E-05 6.74E-03
2.951E-02 5.196E-02 5.188E-02 7.844E-05 6.91E-03
2.917E-02 5.081E-02 5.073E-02 7.854E-05 7.07E-03
2.884E-02 4.967E-02 4.960E-02 7.862E-05 7.25E-03
2.851E-02 4.856E-02 4.848E-02 7.869E-05 7.42E-03
2.818E-02 4.748E-02 4.740E-02 7.875E-05 7.60E-03
2.786E-02 4.642E-02 4.634E-02 7.882E-05 7.79E-03
2.754E-02 4.539E-02 4.531E-02 7.888E-05 7.98E-03
2.723E-02 4.437E-02 4.429E-02 7.894E-05 8.17E-03
2.692E-02 4.338E-02 4.330E-02 7.900E-05 8.37E-03
2.661E-02 4.240E-02 4.232E-02 7.904E-05 8.57E-03
2.630E-02 4.144E-02 4.136E-02 7.907E-05 8.78E-03
2.600E-02 4.050E-02 4.042E-02 7.909E-05 9.00E-03
2.570E-02 3.958E-02 3.950E-02 7.909E-05 9.21E-03
2.541E-02 3.867E-02 3.859E-02 7.908E-05 9.44E-03
2.512E-02 3.778E-02 3.770E-02 7.906E-05 9.67E-03
2.483E-02 3.691E-02 3.683E-02 7.903E-05 9.90E-03
2.455E-02 3.606E-02 3.598E-02 7.901E-05 1.01E-02
2.427E-02 3.523E-02 3.515E-02 7.898E-05 1.04E-02
2.399E-02 3.441E-02 3.433E-02 7.896E-05 1.06E-02
2.371E-02 3.362E-02 3.354E-02 7.893E-05 1.09E-02
2.344E-02 3.285E-02 3.277E-02 7.890E-05 1.12E-02
2.317E-02 3.208E-02 3.200E-02 7.886E-05 1.14E-02
2.291E-02 3.134E-02 3.126E-02 7.882E-05 1.17E-02
2.265E-02 3.061E-02 3.053E-02 7.878E-05 1.20E-02
2.239E-02 2.989E-02 2.981E-02 7.872E-05 1.23E-02
2.213E-02 2.920E-02 2.912E-02 7.867E-05 1.26E-02
2.188E-02 2.851E-02 2.844E-02 7.861E-05 1.29E-02
2.163E-02 2.785E-02 2.777E-02 7.853E-05 1.32E-02
2.138E-02 2.720E-02 2.712E-02 7.848E-05 1.35E-02
2.113E-02 2.656E-02 2.649E-02 7.841E-05 1.38E-02
2.089E-02 2.594E-02 2.586E-02 7.833E-05 1.42E-02
2.065E-02 2.532E-02 2.524E-02 7.823E-05 1.45E-02
2.042E-02 2.474E-02 2.466E-02 7.818E-05 1.48E-02
2.018E-02 2.416E-02 2.408E-02 7.811E-05 1.52E-02
1.995E-02 2.359E-02 2.351E-02 7.802E-05 1.56E-02
1.972E-02 2.302E-02 2.295E-02 7.791E-05 1.59E-02
1.950E-02 2.247E-02 2.239E-02 7.778E-05 1.63E-02
1.928E-02 2.192E-02 2.185E-02 7.765E-05 1.67E-02
1.905E-02 2.139E-02 2.131E-02 7.751E-05 1.71E-02
1.884E-02 2.088E-02 2.080E-02 7.738E-05 1.75E-02
1.862E-02 2.038E-02 2.030E-02 7.725E-05 1.79E-02
1.841E-02 1.989E-02 1.981E-02 7.711E-05 1.84E-02
1.820E-02 1.941E-02 1.933E-02 7.696E-05 1.88E-02
1.799E-02 1.894E-02 1.887E-02 7.681E-05 1.93E-02
1.778E-02 1.849E-02 1.841E-02 7.668E-05 1.97E-02
1.758E-02 1.805E-02 1.797E-02 7.654E-05 2.02E-02
1.738E-02 1.761E-02 1.754E-02 7.639E-05 2.07E-02
1.718E-02 1.718E-02 1.711E-02 7.623E-05 2.12E-02
1.698E-02 1.676E-02 1.669E-02 7.606E-05 2.17E-02
1.679E-02 1.636E-02 1.628E-02 7.589E-05 2.22E-02
1.660E-02 1.596E-02 1.589E-02 7.573E-05 2.27E-02
1.641E-02 1.558E-02 1.550E-02 7.557E-05 2.33E-02
1.622E-02 1.520E-02 1.512E-02 7.539E-05 2.38E-02
1.603E-02 1.482E-02 1.475E-02 7.519E-05 2.44E-02
1.585E-02 1.446E-02 1.438E-02 7.499E-05 2.50E-02
1.567E-02 1.410E-02 1.403E-02 7.480E-05 2.56E-02
1.549E-02 1.376E-02 1.369E-02 7.461E-05 2.62E-02
1.531E-02 1.342E-02 1.335E-02 7.441E-05 2.68E-02
1.514E-02 1.309E-02 1.302E-02 7.420E-05 2.75E-02
1.496E-02 1.276E-02 1.269E-02 7.398E-05 2.81E-02
1.479E-02 1.245E-02 1.237E-02 7.376E-05 2.88E-02
1.462E-02 1.214E-02 1.207E-02 7.355E-05 2.95E-02
1.445E-02 1.184E-02 1.177E-02 7.333E-05 3.02E-02
1.429E-02 1.155E-02 1.147E-02 7.309E-05 3.09E-02
1.413E-02 1.126E-02 1.119E-02 7.285E-05 3.16E-02
1.396E-02 1.098E-02 1.091E-02 7.261E-05 3.24E-02
1.380E-02 1.071E-02 1.064E-02 7.237E-05 3.32E-02
1.365E-02 1.045E-02 1.037E-02 7.211E-05 3.40E-02
1.349E-02 1.018E-02 1.011E-02 7.185E-05 3.48E-02
1.334E-02 9.930E-03 9.858E-03 7.157E-05 3.56E-02
1.318E-02 9.681E-03 9.610E-03 7.130E-05 3.64E-02
1.303E-02 9.441E-03 9.370E-03 7.103E-05 3.73E-02
1.288E-02 9.208E-03 9.138E-03 7.078E-05 3.82E-02
1.274E-02 8.978E-03 8.908E-03 7.050E-05 3.91E-02
1.259E-02 8.751E-03 8.681E-03 7.021E-05 4.00E-02
1.245E-02 8.528E-03 8.458E-03 6.990E-05 4.10E-02
1.230E-02 8.319E-03 8.249E-03 6.964E-05 4.20E-02
1.216E-02 8.117E-03 8.047E-03 6.939E-05 4.30E-02
1.202E-02 7.915E-03 7.846E-03 6.911E-05 4.40E-02
1.189E-02 7.716E-03 7.648E-03 6.880E-05 4.50E-02
1.175E-02 7.520E-03 7.451E-03 6.847E-05 4.61E-02
1.161E-02 7.326E-03 7.258E-03 6.812E-05 4.72E-02
1.148E-02 7.136E-03 7.068E-03 6.775E-05 4.83E-02
1.135E-02 6.950E-03 6.883E-03 6.737E-05 4.95E-02
1.122E-02 6.771E-03 6.704E-03 6.701E-05 5.07E-02
1.109E-02 6.598E-03 6.532E-03 6.665E-05 5.19E-02
1.096E-02 6.429E-03 6.363E-03 6.627E-05 5.31E-02
1.084E-02 6.263E-03 6.198E-03 6.588E-05 5.44E-02
1.072E-02 6.102E-03 6.036E-03 6.549E-05 5.57E-02
1.059E-02 5.945E-03 5.880E-03 6.509E-05 5.70E-02
1.047E-02 5.794E-03 5.729E-03 6.470E-05 5.84E-02
1.035E-02 5.648E-03 5.584E-03 6.431E-05 5.98E-02
1.023E-02 5.505E-03 5.441E-03 6.392E-05 6.12E-02
1.012E-02 5.362E-03 5.299E-03 6.350E-05 6.27E-02
1.000E-02 5.223E-03 5.160E-03 6.307E-05 6.42E-02
9.886E-03 5.087E-03 5.025E-03 6.263E-05 6.57E-02
9.772E-03 4.955E-03 4.893E-03 6.219E-05 6.73E-02
9.661E-03 4.828E-03 4.766E-03 6.175E-05 6.89E-02
9.550E-03 4.705E-03 4.644E-03 6.132E-05 7.05E-02
9.441E-03 4.584E-03 4.523E-03 6.087E-05 7.22E-02
9.333E-03 4.464E-03 4.404E-03 6.040E-05 7.39E-02
9.226E-03 4.348E-03 4.288E-03 5.992E-05 7.57E-02
9.120E-03 4.234E-03 4.175E-03 5.943E-05 7.75E-02
9.016E-03 4.124E-03 4.065E-03 5.893E-05 7.94E-02
8.913E-03 4.017E-03 3.959E-03 5.844E-05 8.13E-02
8.810E-03 3.914E-03 3.856E-03 5.794E-05 8.32E-02
8.710E-03 3.812E-03 3.755E-03 5.742E-05 8.52E-02
8.610E-03 3.712E-03 3.655E-03 5.689E-05 8.72E-02
8.511E-03 3.615E-03 3.559E-03 5.634E-05 8.93E-02
8.414E-03 3.520E-03 3.464E-03 5.579E-05 9.14E-02
8.318E-03 3.429E-03 3.374E-03 5.524E-05 9.36E-02
8.222E-03 3.340E-03 3.285E-03 5.468E-05 9.59E-02
8.128E-03 3.252E-03 3.198E-03 5.410E-05 9.82E-02
8.035E-03 3.166E-03 3.113E-03 5.351E-05 1.01E-01
7.943E-03 3.083E-03 3.030E-03 5.290E-05 1.03E-01
7.852E-03 3.001E-03 2.949E-03 5.229E-05 1.05E-01
7.762E-03 2.923E-03 2.871E-03 5.168E-05 1.08E-01
7.674E-03 2.845E-03 2.794E-03 5.104E-05 1.11E-01
7.586E-03 2.768E-03 2.718E-03 5.039E-05 1.13E-01
7.499E-03 2.694E-03 2.645E-03 4.973E-05 1.16E-01
7.413E-03 2.623E-03 2.574E-03 4.907E-05 1.19E-01
7.328E-03 2.555E-03 2.507E-03 4.842E-05 1.21E-01
7.244E-03 2.488E-03 2.440E-03 4.775E-05 1.24E-01
7.161E-03 2.422E-03 2.375E-03 4.706E-05 1.27E-01
7.079E-03 2.358E-03 2.312E-03 4.636E-05 1.30E-01
6.998E-03 2.296E-03 2.250E-03 4.565E-05 1.34E-01
6.918E-03 2.235E-03 2.190E-03 4.493E-05 1.37E-01
6.839E-03 2.176E-03 2.131E-03 4.419E-05 1.40E-01
6.761E-03 2.118E-03 2.074E-03 4.344E-05 1.43E-01
6.683E-03 2.061E-03 2.018E-03 4.267E-05 1.47E-01
6.607E-03 2.005E-03 1.964E-03 4.187E-05 1.50E-01
6.531E-03 1.951E-03 1.910E-03 4.106E-05 1.54E-01
6.457E-03 1.899E-03 1.859E-03 4.027E-05 1.58E-01
6.383E-03 1.848E-03 1.809E-03 3.945E-05 1.61E-01
6.310E-03 1.798E-03 1.760E-03 3.860E-05 1.65E-01
6.237E-03 1.749E-03 1.711E-03 3.773E-05 1.69E-01
6.166E-03 1.702E-03 1.665E-03 3.688E-05 1.73E-01
6.095E-03 1.658E-03 1.622E-03 3.604E-05 1.77E-01
6.026E-03 1.614E-03 1.579E-03 3.516E-05 1.82E-01
5.957E-03 1.571E-03 1.537E-03 3.424E-05 1.86E-01
5.888E-03 1.528E-03 1.495E-03 3.328E-05 1.90E-01
5.821E-03 1.486E-03 1.453E-03 3.229E-05 1.95E-01
5.754E-03 1.444E-03 1.413E-03 3.126E-05 2.00E-01
5.689E-03 1.404E-03 1.373E-03 3.021E-05 2.04E-01
5.623E-03 1.364E-03 1.335E-03 2.915E-05 2.09E-01
5.559E-03 1.327E-03 1.299E-03 2.811E-05 2.14E-01
5.495E-03 1.290E-03 1.263E-03 2.703E-05 2.19E-01
5.433E-03 1.254E-03 1.228E-03 2.590E-05 2.25E-01
5.370E-03 1.219E-03 1.194E-03 2.472E-05 2.30E-01
5.309E-03 1.184E-03 1.161E-03 2.350E-05 2.35E-01
5.248E-03 1.151E-03 1.129E-03 2.224E-05 2.41E-01
5.188E-03 1.120E-03 1.099E-03 2.095E-05 2.47E-01
5.129E-03 1.089E-03 1.069E-03 2.015E-05 2.52E-01
5.070E-03 1.058E-03 1.039E-03 1.937E-05 2.58E-01
5.012E-03 1.028E-03 1.010E-03 1.823E-05 2.65E-01
4.955E-03 9.988E-04 9.821E-04 1.674E-05 2.71E-01
4.898E-03 9.698E-04 9.548E-04 1.492E-05 2.77E-01
4.842E-03 9.415E-04 9.286E-04 1.281E-05 2.84E-01
4.786E-03 9.141E-04 9.036E-04 1.049E-05 2.90E-01
4.732E-03 8.856E-04 8.784E-04 7.239E-06 2.97E-01
4.677E-03 8.572E-04 8.534E-04 3.810E-06 3.04E-01
4.624E-03 8.303E-04 8.292E-04 1.182E-06 3.11E-01
4.571E-03 8.062E-04 8.061E-04 1.353E-07 3.62E-01
4.519E-03 7.854E-04 7.837E-04 1.720E-06 3.26E-01
4.467E-03 7.698E-04 7.626E-04 7.207E-06 3.33E-01
4.416E-03 1.687E-02 1.682E-02 5.428E-05 3.42E-01
4.365E-03 1.653E-02 1.648E-02 4.832E-05 3.49E-01
4.315E-03 1.620E-02 1.615E-02 4.367E-05 3.57E-01
4.266E-03 1.587E-02 1.582E-02 4.269E-05 3.65E-01
4.217E-03 1.554E-02 1.550E-02 4.446E-05 3.73E-01
4.169E-03 1.522E-02 1.517E-02 4.799E-05 3.81E-01
4.121E-03 1.490E-02 1.485E-02 5.180E-05 3.89E-01
4.074E-03 1.458E-02 1.453E-02 5.399E-05 3.98E-01
4.027E-03 1.427E-02 1.421E-02 5.577E-05 4.06E-01
3.981E-03 1.395E-02 1.390E-02 5.691E-05 4.15E-01
3.935E-03 1.364E-02 1.359E-02 5.717E-05 4.24E-01
3.890E-03 1.334E-02 1.328E-02 5.636E-05 4.32E-01
3.846E-03 1.304E-02 1.298E-02 5.607E-05 4.41E-01
3.802E-03 1.274E-02 1.268E-02 5.645E-05 4.51E-01
3.758E-03 1.245E-02 1.239E-02 5.671E-05 4.60E-01
3.715E-03 1.216E-02 1.210E-02 5.684E-05 4.69E-01
3.673E-03 1.187E-02 1.182E-02 5.681E-05 4.78E-01
3.631E-03 1.159E-02 1.154E-02 5.668E-05 4.88E-01
3.589E-03 1.132E-02 1.126E-02 5.659E-05 4.97E-01
3.548E-03 1.105E-02 1.099E-02 5.643E-05 5.07E-01
3.508E-03 1.078E-02 1.072E-02 5.621E-05 5.16E-01
3.467E-03 1.052E-02 1.046E-02 5.591E-05 5.26E-01
3.428E-03 1.026E-02 1.021E-02 5.555E-05 5.36E-01
3.388E-03 1.001E-02 9.954E-03 5.518E-05 5.45E-01
3.350E-03 9.761E-03 9.706E-03 5.478E-05 5.55E-01
3.311E-03 9.517E-03 9.462E-03 5.433E-05 5.64E-01
3.273E-03 9.278E-03 9.224E-03 5.383E-05 5.74E-01
3.236E-03 9.048E-03 8.994E-03 5.329E-05 5.83E-01
3.199E-03 8.820E-03 8.767E-03 5.274E-05 5.93E-01
3.162E-03 8.594E-03 8.542E-03 5.218E-05 6.02E-01
3.126E-03 8.370E-03 8.319E-03 5.161E-05 6.11E-01
3.090E-03 8.155E-03 8.104E-03 5.103E-05 6.20E-01
3.055E-03 7.957E-03 7.906E-03 5.045E-05 6.29E-01
3.020E-03 7.759E-03 7.709E-03 4.986E-05 6.38E-01
2.985E-03 7.561E-03 7.511E-03 4.925E-05 6.47E-01
2.951E-03 7.364E-03 7.315E-03 4.864E-05 6.55E-01
2.917E-03 7.168E-03 7.120E-03 4.802E-05 6.63E-01
2.884E-03 6.974E-03 6.927E-03 4.740E-05 6.71E-01
2.851E-03 6.782E-03 6.735E-03 4.676E-05 6.79E-01
2.818E-03 6.593E-03 6.547E-03 4.613E-05 6.87E-01
2.786E-03 6.407E-03 6.362E-03 4.548E-05 6.94E-01
2.754E-03 6.226E-03 6.181E-03 4.484E-05 7.01E-01
2.723E-03 6.056E-03 6.012E-03 4.418E-05 7.08E-01
2.692E-03 5.888E-03 5.845E-03 4.353E-05 7.14E-01
2.661E-03 5.724E-03 5.681E-03 4.287E-05 7.20E-01
2.630E-03 5.563E-03 5.521E-03 4.221E-05 7.26E-01
2.600E-03 5.406E-03 5.364E-03 4.155E-05 7.32E-01
2.570E-03 5.253E-03 5.212E-03 4.089E-05 7.37E-01
2.541E-03 5.106E-03 5.065E-03 4.023E-05 7.42E-01
2.512E-03 4.964E-03 4.924E-03 3.957E-05 7.47E-01
2.483E-03 4.828E-03 4.789E-03 3.892E-05 7.51E-01
2.455E-03 4.693E-03 4.655E-03 3.830E-05 7.56E-01
2.427E-03 4.559E-03 4.521E-03 3.769E-05 7.60E-01
2.399E-03 4.428E-03 4.391E-03 3.707E-05 7.63E-01
2.371E-03 4.300E-03 4.263E-03 3.647E-05 7.67E-01
2.344E-03 4.175E-03 4.139E-03 3.587E-05 7.70E-01
2.317E-03 4.054E-03 4.019E-03 3.528E-05 7.73E-01
2.291E-03 3.938E-03 3.903E-03 3.469E-05 7.76E-01
2.265E-03 3.827E-03 3.792E-03 3.412E-05 7.79E-01
2.239E-03 3.718E-03 3.684E-03 3.355E-05 7.82E-01
2.213E-03 3.609E-03 3.576E-03 3.298E-05 7.84E-01
2.188E-03 3.503E-03 3.471E-03 3.241E-05 7.87E-01
2.163E-03 3.399E-03 3.368E-03 3.185E-05 7.89E-01
2.138E-03 3.299E-03 3.267E-03 3.129E-05 7.92E-01
2.113E-03 3.201E-03 3.171E-03 3.074E-05 7.94E-01
2.089E-03 3.108E-03 3.078E-03 3.019E-05 7.96E-01
2.065E-03 3.018E-03 2.989E-03 2.966E-05 7.99E-01
2.042E-03 2.929E-03 2.900E-03 2.913E-05 8.01E-01
2.018E-03 2.842E-03 2.813E-03 2.860E-05 8.04E-01
1.995E-03 2.756E-03 2.728E-03 2.806E-05 8.06E-01
1.972E-03 2.673E-03 2.646E-03 2.754E-05 8.09E-01
1.950E-03 2.593E-03 2.566E-03 2.702E-05 8.12E-01
1.928E-03 2.516E-03 2.489E-03 2.650E-05 8.15E-01
1.905E-03 2.442E-03 2.416E-03 2.600E-05 8.18E-01
1.884E-03 2.368E-03 2.343E-03 2.549E-05 8.21E-01
1.862E-03 2.296E-03 2.271E-03 2.499E-05 8.24E-01
1.841E-03 2.226E-03 2.201E-03 2.448E-05 8.27E-01
1.820E-03 2.158E-03 2.134E-03 2.399E-05 8.31E-01
1.799E-03 2.092E-03 2.069E-03 2.349E-05 8.34E-01
1.778E-03 2.029E-03 2.006E-03 2.301E-05 8.38E-01
1.758E-03 1.968E-03 1.945E-03 2.253E-05 8.41E-01
1.738E-03 1.907E-03 1.885E-03 2.206E-05 8.45E-01
1.718E-03 1.848E-03 1.827E-03 2.159E-05 8.48E-01
1.698E-03 1.791E-03 1.770E-03 2.113E-05 8.52E-01
1.679E-03 1.736E-03 1.715E-03 2.068E-05 8.56E-01
1.660E-03 1.683E-03 1.663E-03 2.024E-05 8.59E-01
1.641E-03 1.632E-03 1.612E-03 1.981E-05 8.62E-01
1.622E-03 1.581E-03 1.562E-03 1.938E-05 8.66E-01
1.603E-03 1.532E-03 1.513E-03 1.896E-05 8.69E-01
1.585E-03 1.484E-03 1.465E-03 1.855E-05 8.72E-01
1.567E-03 1.438E-03 1.420E-03 1.815E-05 8.75E-01
1.549E-03 1.393E-03 1.376E-03 1.777E-05 8.78E-01
1.531E-03 1.350E-03 1.333E-03 1.738E-05 8.80E-01
1.514E-03 1.308E-03 1.291E-03 1.701E-05 8.83E-01
1.496E-03 1.267E-03 1.250E-03 1.664E-05 8.85E-01
1.479E-03 1.227E-03 1.211E-03 1.628E-05 8.87E-01
1.462E-03 1.189E-03 1.173E-03 1.593E-05 8.89E-01
1.445E-03 1.152E-03 1.136E-03 1.558E-05 8.90E-01
1.429E-03 1.115E-03 1.100E-03 1.525E-05 8.92E-01
1.413E-03 1.080E-03 1.065E-03 1.492E-05 8.94E-01
1.396E-03 1.046E-03 1.031E-03 1.460E-05 8.95E-01
1.380E-03 1.013E-03 9.985E-04 1.428E-05 8.96E-01
1.365E-03 9.808E-04 9.669E-04 1.397E-05 8.98E-01
1.349E-03 9.497E-04 9.361E-04 1.367E-05 8.99E-01
1.334E-03 9.196E-04 9.062E-04 1.337E-05 9.01E-01
1.318E-03 8.904E-04 8.774E-04 1.308E-05 9.02E-01
1.303E-03 8.625E-04 8.497E-04 1.279E-05 9.03E-01
1.288E-03 8.357E-04 8.232E-04 1.251E-05 9.05E-01
1.274E-03 8.092E-04 7.970E-04 1.223E-05 9.06E-01
1.259E-03 7.833E-04 7.713E-04 1.196E-05 9.08E-01
1.245E-03 7.579E-04 7.462E-04 1.169E-05 9.10E-01
1.230E-03 7.344E-04 7.230E-04 1.143E-05 9.12E-01
1.216E-03 7.118E-04 7.006E-04 1.118E-05 9.14E-01
1.202E-03 6.895E-04 6.786E-04 1.094E-05 9.16E-01
1.189E-03 6.675E-04 6.568E-04 1.069E-05 9.17E-01
1.175E-03 6.459E-04 6.355E-04 1.045E-05 9.19E-01
1.161E-03 6.247E-04 6.145E-04 1.021E-05 9.21E-01
1.148E-03 6.041E-04 5.941E-04 9.969E-06 9.23E-01
1.135E-03 5.840E-04 5.742E-04 9.738E-06 9.25E-01
1.122E-03 5.648E-04 5.553E-04 9.514E-06 9.27E-01
1.109E-03 5.465E-04 5.372E-04 9.298E-06 9.28E-01
1.096E-03 5.287E-04 5.196E-04 9.084E-06 9.30E-01
1.084E-03 5.114E-04 5.025E-04 8.874E-06 9.31E-01
1.072E-03 4.946E-04 4.860E-04 8.670E-06 9.32E-01
1.059E-03 4.785E-04 4.700E-04 8.472E-06 9.33E-01
1.047E-03 4.631E-04 4.548E-04 8.278E-06 9.35E-01
1.035E-03 4.485E-04 4.404E-04 8.093E-06 9.36E-01
1.023E-03 4.341E-04 4.262E-04 7.910E-06 9.36E-01
1.012E-03 4.200E-04 4.122E-04 7.730E-06 9.37E-01
