w(micron)   Q_ext     Q_abs     Q_sca    g=<cos>
1.000E+03 1.097E-06 1.097E-06 1.653E-17 0.00E+00
9.886E+02 1.122E-06 1.122E-06 1.731E-17 0.00E+00
9.772E+02 1.147E-06 1.147E-06 1.812E-17 0.00E+00
9.661E+02 1.173E-06 1.173E-06 1.897E-17 0.00E+00
9.550E+02 1.200E-06 1.200E-06 1.987E-17 0.00E+00
9.441E+02 1.227E-06 1.227E-06 2.080E-17 0.00E+00
9.333E+02 1.255E-06 1.255E-06 2.178E-17 0.00E+00
9.226E+02 1.283E-06 1.283E-06 2.281E-17 0.00E+00
9.120E+02 1.312E-06 1.312E-06 2.389E-17 0.00E+00
9.016E+02 1.342E-06 1.342E-06 2.501E-17 0.00E+00
8.913E+02 1.372E-06 1.372E-06 2.619E-17 0.00E+00
8.810E+02 1.403E-06 1.403E-06 2.742E-17 0.00E+00
8.710E+02 1.435E-06 1.435E-06 2.871E-17 0.00E+00
8.610E+02 1.467E-06 1.467E-06 3.007E-17 0.00E+00
8.511E+02 1.500E-06 1.500E-06 3.148E-17 0.00E+00
8.414E+02 1.534E-06 1.534E-06 3.296E-17 0.00E+00
8.318E+02 1.569E-06 1.569E-06 3.452E-17 0.00E+00
8.222E+02 1.604E-06 1.604E-06 3.614E-17 0.00E+00
8.128E+02 1.640E-06 1.640E-06 3.785E-17 0.00E+00
8.035E+02 1.677E-06 1.677E-06 3.963E-17 0.00E+00
7.943E+02 1.715E-06 1.715E-06 4.149E-17 0.00E+00
7.852E+02 1.753E-06 1.753E-06 4.345E-17 0.00E+00
7.762E+02 1.793E-06 1.793E-06 4.549E-17 0.00E+00
7.674E+02 1.833E-06 1.833E-06 4.764E-17 0.00E+00
7.586E+02 1.874E-06 1.874E-06 4.988E-17 0.00E+00
7.499E+02 1.916E-06 1.916E-06 5.223E-17 0.00E+00
7.413E+02 1.959E-06 1.959E-06 5.469E-17 0.00E+00
7.328E+02 2.003E-06 2.003E-06 5.727E-17 0.00E+00
7.244E+02 2.048E-06 2.048E-06 5.996E-17 0.00E+00
7.161E+02 2.094E-06 2.094E-06 6.279E-17 0.00E+00
7.079E+02 2.140E-06 2.140E-06 6.574E-17 0.00E+00
6.998E+02 2.188E-06 2.188E-06 6.884E-17 0.00E+00
6.918E+02 2.237E-06 2.237E-06 7.208E-17 0.00E+00
6.839E+02 2.287E-06 2.287E-06 7.548E-17 0.00E+00
6.761E+02 2.338E-06 2.338E-06 7.903E-17 0.00E+00
6.683E+02 2.391E-06 2.391E-06 8.275E-17 0.00E+00
6.607E+02 2.444E-06 2.444E-06 8.665E-17 0.00E+00
6.531E+02 2.498E-06 2.498E-06 9.073E-17 0.00E+00
6.457E+02 2.554E-06 2.554E-06 9.500E-17 0.00E+00
6.383E+02 2.611E-06 2.611E-06 9.948E-17 0.00E+00
6.310E+02 2.669E-06 2.669E-06 1.042E-16 0.00E+00
6.237E+02 2.729E-06 2.729E-06 1.091E-16 0.00E+00
6.166E+02 2.790E-06 2.790E-06 1.142E-16 0.00E+00
6.095E+02 2.852E-06 2.852E-06 1.196E-16 0.00E+00
6.026E+02 2.915E-06 2.915E-06 1.252E-16 0.00E+00
5.957E+02 2.980E-06 2.980E-06 1.311E-16 0.00E+00
5.888E+02 3.046E-06 3.046E-06 1.373E-16 0.00E+00
5.821E+02 3.114E-06 3.114E-06 1.437E-16 0.00E+00
5.754E+02 3.183E-06 3.183E-06 1.505E-16 0.00E+00
5.689E+02 3.254E-06 3.254E-06 1.576E-16 0.00E+00
5.623E+02 3.326E-06 3.326E-06 1.650E-16 0.00E+00
5.559E+02 3.400E-06 3.400E-06 1.728E-16 0.00E+00
5.495E+02 3.475E-06 3.475E-06 1.809E-16 0.00E+00
5.433E+02 3.552E-06 3.552E-06 1.894E-16 0.00E+00
5.370E+02 3.631E-06 3.631E-06 1.984E-16 0.00E+00
5.309E+02 3.711E-06 3.711E-06 2.077E-16 0.00E+00
5.248E+02 3.793E-06 3.793E-06 2.175E-16 0.00E+00
5.188E+02 3.878E-06 3.878E-06 2.277E-16 0.00E+00
5.129E+02 3.963E-06 3.963E-06 2.384E-16 0.00E+00
5.070E+02 4.051E-06 4.051E-06 2.497E-16 0.00E+00
5.012E+02 4.141E-06 4.141E-06 2.614E-16 0.00E+00
4.955E+02 4.232E-06 4.232E-06 2.737E-16 0.00E+00
4.898E+02 4.326E-06 4.326E-06 2.866E-16 0.00E+00
4.842E+02 4.422E-06 4.422E-06 3.001E-16 0.00E+00
4.786E+02 4.519E-06 4.519E-06 3.142E-16 0.00E+00
4.732E+02 4.619E-06 4.619E-06 3.290E-16 0.00E+00
4.677E+02 4.721E-06 4.721E-06 3.445E-16 0.00E+00
4.624E+02 4.826E-06 4.826E-06 3.608E-16 0.00E+00
4.571E+02 4.932E-06 4.932E-06 3.777E-16 0.00E+00
4.519E+02 5.041E-06 5.041E-06 3.955E-16 0.00E+00
4.467E+02 5.153E-06 5.153E-06 4.141E-16 0.00E+00
4.416E+02 5.267E-06 5.267E-06 4.336E-16 0.00E+00
4.365E+02 5.383E-06 5.383E-06 4.541E-16 0.00E+00
4.315E+02 5.502E-06 5.502E-06 4.754E-16 0.00E+00
4.266E+02 5.623E-06 5.623E-06 4.978E-16 0.00E+00
4.217E+02 5.747E-06 5.747E-06 5.213E-16 0.00E+00
4.169E+02 5.874E-06 5.874E-06 5.458E-16 0.00E+00
4.121E+02 6.004E-06 6.004E-06 5.715E-16 0.00E+00
4.074E+02 6.137E-06 6.137E-06 5.984E-16 0.00E+00
4.027E+02 6.272E-06 6.272E-06 6.266E-16 0.00E+00
3.981E+02 6.411E-06 6.411E-06 6.561E-16 0.00E+00
3.936E+02 6.553E-06 6.553E-06 6.869E-16 0.00E+00
3.890E+02 6.697E-06 6.697E-06 7.193E-16 0.00E+00
3.846E+02 6.845E-06 6.845E-06 7.531E-16 0.00E+00
3.802E+02 6.997E-06 6.997E-06 7.886E-16 0.00E+00
3.758E+02 7.151E-06 7.151E-06 8.257E-16 0.00E+00
3.715E+02 7.309E-06 7.309E-06 8.646E-16 0.00E+00
3.673E+02 7.471E-06 7.471E-06 9.053E-16 0.00E+00
3.631E+02 7.636E-06 7.636E-06 9.479E-16 0.00E+00
3.589E+02 7.805E-06 7.805E-06 9.926E-16 0.00E+00
3.548E+02 7.978E-06 7.978E-06 1.039E-15 0.00E+00
3.508E+02 8.155E-06 8.155E-06 1.088E-15 0.00E+00
3.467E+02 8.335E-06 8.335E-06 1.139E-15 0.00E+00
3.428E+02 8.520E-06 8.520E-06 1.193E-15 0.00E+00
3.388E+02 8.708E-06 8.708E-06 1.249E-15 0.00E+00
3.350E+02 8.901E-06 8.901E-06 1.308E-15 0.00E+00
3.311E+02 9.099E-06 9.099E-06 1.370E-15 0.00E+00
3.273E+02 9.300E-06 9.300E-06 1.434E-15 0.00E+00
3.236E+02 9.507E-06 9.507E-06 1.502E-15 0.00E+00
3.199E+02 9.717E-06 9.717E-06 1.572E-15 0.00E+00
3.162E+02 9.933E-06 9.933E-06 1.646E-15 0.00E+00
3.126E+02 1.015E-05 1.015E-05 1.724E-15 0.00E+00
3.090E+02 1.038E-05 1.038E-05 1.805E-15 0.00E+00
3.055E+02 1.061E-05 1.061E-05 1.890E-15 0.00E+00
3.020E+02 1.085E-05 1.085E-05 1.979E-15 0.00E+00
2.985E+02 1.109E-05 1.109E-05 2.072E-15 0.00E+00
2.951E+02 1.133E-05 1.133E-05 2.170E-15 0.00E+00
2.917E+02 1.159E-05 1.159E-05 2.272E-15 0.00E+00
2.884E+02 1.184E-05 1.184E-05 2.379E-15 0.00E+00
2.851E+02 1.211E-05 1.211E-05 2.491E-15 0.00E+00
2.818E+02 1.238E-05 1.238E-05 2.608E-15 0.00E+00
2.786E+02 1.265E-05 1.265E-05 2.731E-15 0.00E+00
2.754E+02 1.294E-05 1.294E-05 2.859E-15 0.00E+00
2.723E+02 1.322E-05 1.322E-05 2.994E-15 0.00E+00
2.692E+02 1.352E-05 1.352E-05 3.135E-15 0.00E+00
2.661E+02 1.382E-05 1.382E-05 3.282E-15 0.00E+00
2.630E+02 1.413E-05 1.413E-05 3.437E-15 0.00E+00
2.600E+02 1.445E-05 1.445E-05 3.599E-15 0.00E+00
2.570E+02 1.477E-05 1.477E-05 3.768E-15 0.00E+00
2.541E+02 1.510E-05 1.510E-05 3.945E-15 0.00E+00
2.512E+02 1.544E-05 1.544E-05 4.131E-15 0.00E+00
2.483E+02 1.579E-05 1.579E-05 4.325E-15 0.00E+00
2.455E+02 1.614E-05 1.614E-05 4.529E-15 0.00E+00
2.427E+02 1.650E-05 1.650E-05 4.742E-15 0.00E+00
2.399E+02 1.687E-05 1.687E-05 4.965E-15 0.00E+00
2.371E+02 1.725E-05 1.725E-05 5.199E-15 0.00E+00
2.344E+02 1.764E-05 1.764E-05 5.444E-15 0.00E+00
2.317E+02 1.804E-05 1.804E-05 5.700E-15 0.00E+00
2.291E+02 1.844E-05 1.844E-05 5.968E-15 0.00E+00
2.265E+02 1.886E-05 1.886E-05 6.249E-15 0.00E+00
2.239E+02 1.929E-05 1.929E-05 6.543E-15 0.00E+00
2.213E+02 1.972E-05 1.972E-05 6.851E-15 0.00E+00
2.188E+02 2.017E-05 2.017E-05 7.174E-15 0.00E+00
2.163E+02 2.062E-05 2.062E-05 7.512E-15 0.00E+00
2.138E+02 2.109E-05 2.109E-05 7.865E-15 0.00E+00
2.113E+02 2.156E-05 2.156E-05 8.235E-15 0.00E+00
2.089E+02 2.205E-05 2.205E-05 8.623E-15 0.00E+00
2.065E+02 2.255E-05 2.255E-05 9.029E-15 0.00E+00
2.042E+02 2.306E-05 2.306E-05 9.453E-15 0.00E+00
2.018E+02 2.359E-05 2.359E-05 9.898E-15 0.00E+00
1.995E+02 2.412E-05 2.412E-05 1.036E-14 0.00E+00
1.972E+02 2.467E-05 2.467E-05 1.085E-14 0.00E+00
1.950E+02 2.523E-05 2.523E-05 1.136E-14 0.00E+00
1.928E+02 2.580E-05 2.580E-05 1.190E-14 0.00E+00
1.905E+02 2.639E-05 2.639E-05 1.246E-14 0.00E+00
1.884E+02 2.699E-05 2.699E-05 1.304E-14 0.00E+00
1.862E+02 2.761E-05 2.761E-05 1.366E-14 0.00E+00
1.841E+02 2.824E-05 2.824E-05 1.430E-14 0.00E+00
1.820E+02 2.888E-05 2.888E-05 1.497E-14 0.00E+00
1.799E+02 2.954E-05 2.954E-05 1.568E-14 0.00E+00
1.778E+02 3.022E-05 3.022E-05 1.641E-14 0.00E+00
1.758E+02 3.091E-05 3.091E-05 1.719E-14 0.00E+00
1.738E+02 3.161E-05 3.161E-05 1.800E-14 0.00E+00
1.718E+02 3.234E-05 3.234E-05 1.884E-14 0.00E+00
1.698E+02 3.308E-05 3.308E-05 1.973E-14 0.00E+00
1.679E+02 3.384E-05 3.384E-05 2.066E-14 0.00E+00
1.660E+02 3.462E-05 3.462E-05 2.163E-14 0.00E+00
1.641E+02 3.541E-05 3.541E-05 2.265E-14 0.00E+00
1.622E+02 3.623E-05 3.623E-05 2.371E-14 0.00E+00
1.603E+02 3.706E-05 3.706E-05 2.483E-14 0.00E+00
1.585E+02 3.791E-05 3.791E-05 2.599E-14 0.00E+00
1.567E+02 3.879E-05 3.879E-05 2.722E-14 0.00E+00
1.549E+02 3.968E-05 3.968E-05 2.850E-14 0.00E+00
1.531E+02 4.060E-05 4.060E-05 2.984E-14 0.00E+00
1.514E+02 4.154E-05 4.154E-05 3.124E-14 0.00E+00
1.496E+02 4.250E-05 4.250E-05 3.271E-14 0.00E+00
1.479E+02 4.348E-05 4.348E-05 3.425E-14 0.00E+00
1.462E+02 4.449E-05 4.449E-05 3.586E-14 0.00E+00
1.445E+02 4.552E-05 4.552E-05 3.755E-14 0.00E+00
1.429E+02 4.658E-05 4.658E-05 3.931E-14 0.00E+00
1.413E+02 4.766E-05 4.766E-05 4.116E-14 0.00E+00
1.396E+02 4.877E-05 4.877E-05 4.309E-14 0.00E+00
1.380E+02 4.990E-05 4.990E-05 4.512E-14 0.00E+00
1.365E+02 5.106E-05 5.106E-05 4.724E-14 0.00E+00
1.349E+02 5.225E-05 5.225E-05 4.946E-14 0.00E+00
1.334E+02 5.347E-05 5.347E-05 5.179E-14 0.00E+00
1.318E+02 5.472E-05 5.472E-05 5.422E-14 0.00E+00
1.303E+02 5.600E-05 5.600E-05 5.677E-14 0.00E+00
1.288E+02 5.731E-05 5.731E-05 5.943E-14 0.00E+00
1.274E+02 5.865E-05 5.865E-05 6.223E-14 0.00E+00
1.259E+02 6.002E-05 6.002E-05 6.515E-14 0.00E+00
1.245E+02 6.143E-05 6.143E-05 6.821E-14 0.00E+00
1.230E+02 6.287E-05 6.287E-05 7.142E-14 0.00E+00
1.216E+02 6.435E-05 6.435E-05 7.477E-14 0.00E+00
1.202E+02 6.587E-05 6.587E-05 7.828E-14 0.00E+00
1.189E+02 6.742E-05 6.742E-05 8.196E-14 0.00E+00
1.175E+02 6.900E-05 6.900E-05 8.580E-14 0.00E+00
1.161E+02 7.063E-05 7.063E-05 8.983E-14 0.00E+00
1.148E+02 7.230E-05 7.230E-05 9.405E-14 0.00E+00
1.135E+02 7.400E-05 7.400E-05 9.846E-14 0.00E+00
1.122E+02 7.575E-05 7.575E-05 1.031E-13 0.00E+00
1.109E+02 7.754E-05 7.754E-05 1.079E-13 0.00E+00
1.096E+02 7.938E-05 7.938E-05 1.130E-13 0.00E+00
1.084E+02 8.126E-05 8.126E-05 1.183E-13 0.00E+00
1.072E+02 8.318E-05 8.318E-05 1.238E-13 0.00E+00
1.059E+02 8.515E-05 8.515E-05 1.296E-13 0.00E+00
1.047E+02 8.717E-05 8.717E-05 1.357E-13 0.00E+00
1.035E+02 8.924E-05 8.924E-05 1.421E-13 0.00E+00
1.023E+02 9.136E-05 9.136E-05 1.487E-13 0.00E+00
1.012E+02 9.352E-05 9.352E-05 1.557E-13 0.00E+00
1.000E+02 9.574E-05 9.574E-05 1.630E-13 0.00E+00
9.886E+01 9.801E-05 9.801E-05 1.706E-13 0.00E+00
9.772E+01 1.003E-04 1.003E-04 1.786E-13 0.00E+00
9.661E+01 1.027E-04 1.027E-04 1.869E-13 0.00E+00
9.550E+01 1.052E-04 1.052E-04 1.957E-13 0.00E+00
9.441E+01 1.076E-04 1.076E-04 2.048E-13 0.00E+00
9.333E+01 1.102E-04 1.102E-04 2.144E-13 0.00E+00
9.226E+01 1.128E-04 1.128E-04 2.244E-13 0.00E+00
9.120E+01 1.155E-04 1.155E-04 2.349E-13 0.00E+00
9.016E+01 1.182E-04 1.182E-04 2.459E-13 0.00E+00
8.913E+01 1.210E-04 1.210E-04 2.573E-13 0.00E+00
8.810E+01 1.238E-04 1.238E-04 2.694E-13 0.00E+00
8.710E+01 1.267E-04 1.267E-04 2.819E-13 0.00E+00
8.610E+01 1.297E-04 1.297E-04 2.951E-13 0.00E+00
8.511E+01 1.328E-04 1.328E-04 3.088E-13 0.00E+00
8.414E+01 1.359E-04 1.359E-04 3.232E-13 0.00E+00
8.318E+01 1.391E-04 1.391E-04 3.383E-13 0.00E+00
8.222E+01 1.424E-04 1.424E-04 3.540E-13 0.00E+00
8.128E+01 1.457E-04 1.457E-04 3.705E-13 0.00E+00
8.035E+01 1.491E-04 1.491E-04 3.878E-13 0.00E+00
7.943E+01 1.526E-04 1.526E-04 4.058E-13 0.00E+00
7.852E+01 1.562E-04 1.562E-04 4.247E-13 0.00E+00
7.762E+01 1.598E-04 1.598E-04 4.444E-13 0.00E+00
7.674E+01 1.636E-04 1.636E-04 4.650E-13 0.00E+00
7.586E+01 1.674E-04 1.674E-04 4.866E-13 0.00E+00
7.499E+01 1.713E-04 1.713E-04 5.092E-13 0.00E+00
7.413E+01 1.752E-04 1.752E-04 5.328E-13 0.00E+00
7.328E+01 1.793E-04 1.793E-04 5.575E-13 0.00E+00
7.244E+01 1.835E-04 1.835E-04 5.833E-13 0.00E+00
7.161E+01 1.877E-04 1.877E-04 6.103E-13 0.00E+00
7.079E+01 1.920E-04 1.920E-04 6.385E-13 0.00E+00
6.998E+01 1.964E-04 1.964E-04 6.680E-13 0.00E+00
6.918E+01 2.009E-04 2.009E-04 6.989E-13 0.00E+00
6.839E+01 2.055E-04 2.055E-04 7.312E-13 0.00E+00
6.761E+01 2.102E-04 2.102E-04 7.649E-13 0.00E+00
6.683E+01 2.150E-04 2.150E-04 8.001E-13 0.00E+00
6.607E+01 2.199E-04 2.199E-04 8.370E-13 0.00E+00
6.531E+01 2.248E-04 2.248E-04 8.755E-13 0.00E+00
6.457E+01 2.299E-04 2.299E-04 9.157E-13 0.00E+00
6.383E+01 2.350E-04 2.350E-04 9.578E-13 0.00E+00
6.310E+01 2.403E-04 2.403E-04 1.002E-12 0.00E+00
6.237E+01 2.456E-04 2.456E-04 1.048E-12 0.00E+00
6.166E+01 2.511E-04 2.511E-04 1.096E-12 0.00E+00
6.095E+01 2.566E-04 2.566E-04 1.146E-12 0.00E+00
6.026E+01 2.622E-04 2.622E-04 1.198E-12 0.00E+00
5.957E+01 2.679E-04 2.679E-04 1.253E-12 0.00E+00
5.888E+01 2.737E-04 2.737E-04 1.310E-12 0.00E+00
5.821E+01 2.796E-04 2.796E-04 1.370E-12 0.00E+00
5.754E+01 2.856E-04 2.856E-04 1.432E-12 0.00E+00
5.689E+01 2.917E-04 2.917E-04 1.497E-12 0.00E+00
5.623E+01 2.979E-04 2.979E-04 1.565E-12 0.00E+00
5.559E+01 3.041E-04 3.041E-04 1.636E-12 0.00E+00
5.495E+01 3.105E-04 3.105E-04 1.710E-12 0.00E+00
5.433E+01 3.169E-04 3.169E-04 1.788E-12 0.00E+00
5.370E+01 3.234E-04 3.234E-04 1.869E-12 0.00E+00
5.309E+01 3.299E-04 3.299E-04 1.953E-12 0.00E+00
5.248E+01 3.365E-04 3.365E-04 2.041E-12 0.00E+00
5.188E+01 3.432E-04 3.432E-04 2.133E-12 0.00E+00
5.129E+01 3.500E-04 3.500E-04 2.229E-12 0.00E+00
5.070E+01 3.568E-04 3.568E-04 2.329E-12 0.00E+00
5.012E+01 3.637E-04 3.637E-04 2.433E-12 0.00E+00
4.955E+01 3.706E-04 3.706E-04 2.542E-12 1.12E-06
4.898E+01 3.776E-04 3.776E-04 2.655E-12 8.11E-07
4.842E+01 3.846E-04 3.846E-04 2.774E-12 5.06E-07
4.786E+01 3.916E-04 3.916E-04 2.897E-12 2.06E-07
4.732E+01 3.986E-04 3.986E-04 3.026E-12-8.89E-08
4.677E+01 4.057E-04 4.057E-04 3.160E-12-3.76E-07
4.624E+01 4.127E-04 4.127E-04 3.300E-12-6.54E-07
4.571E+01 4.198E-04 4.198E-04 3.446E-12-9.22E-07
4.519E+01 4.268E-04 4.268E-04 3.598E-12-1.18E-06
4.467E+01 4.338E-04 4.338E-04 3.757E-12-1.40E-06
4.416E+01 4.408E-04 4.408E-04 3.922E-12-1.61E-06
4.365E+01 4.477E-04 4.477E-04 4.094E-12-1.81E-06
4.315E+01 4.545E-04 4.545E-04 4.274E-12-2.00E-06
4.266E+01 4.613E-04 4.613E-04 4.461E-12-2.18E-06
4.217E+01 4.680E-04 4.680E-04 4.656E-12-2.35E-06
4.169E+01 4.746E-04 4.746E-04 4.859E-12-2.51E-06
4.121E+01 4.812E-04 4.812E-04 5.071E-12-2.67E-06
4.074E+01 4.875E-04 4.875E-04 5.292E-12-2.82E-06
4.027E+01 4.938E-04 4.938E-04 5.522E-12-2.98E-06
3.981E+01 4.999E-04 4.999E-04 5.761E-12-3.14E-06
3.936E+01 5.058E-04 5.058E-04 6.011E-12-3.29E-06
3.890E+01 5.116E-04 5.116E-04 6.271E-12-3.45E-06
3.846E+01 5.172E-04 5.172E-04 6.543E-12-3.60E-06
3.802E+01 5.226E-04 5.226E-04 6.825E-12-3.74E-06
3.758E+01 5.278E-04 5.278E-04 7.120E-12-3.89E-06
3.715E+01 5.328E-04 5.328E-04 7.427E-12-4.03E-06
3.673E+01 5.376E-04 5.376E-04 7.747E-12-4.16E-06
3.631E+01 5.421E-04 5.421E-04 8.081E-12-4.30E-06
3.589E+01 5.464E-04 5.464E-04 8.429E-12-4.43E-06
3.548E+01 5.505E-04 5.505E-04 8.792E-12-4.56E-06
3.508E+01 5.542E-04 5.542E-04 9.170E-12-4.69E-06
3.467E+01 5.577E-04 5.577E-04 9.565E-12-4.81E-06
3.428E+01 5.609E-04 5.609E-04 9.976E-12-4.93E-06
3.388E+01 5.638E-04 5.638E-04 1.041E-11-5.04E-06
3.350E+01 5.664E-04 5.664E-04 1.085E-11-5.15E-06
3.311E+01 5.687E-04 5.687E-04 1.132E-11-5.25E-06
3.273E+01 5.707E-04 5.707E-04 1.181E-11-5.34E-06
3.236E+01 5.724E-04 5.724E-04 1.232E-11-5.43E-06
3.199E+01 5.738E-04 5.738E-04 1.285E-11-5.51E-06
3.162E+01 5.748E-04 5.748E-04 1.341E-11-5.58E-06
3.126E+01 5.756E-04 5.756E-04 1.399E-11-5.65E-06
3.090E+01 5.761E-04 5.761E-04 1.459E-11-5.71E-06
3.055E+01 5.762E-04 5.762E-04 1.522E-11-5.77E-06
3.020E+01 5.761E-04 5.761E-04 1.589E-11-5.81E-06
2.985E+01 5.757E-04 5.757E-04 1.658E-11-5.85E-06
2.951E+01 5.751E-04 5.751E-04 1.730E-11-5.89E-06
2.917E+01 5.741E-04 5.741E-04 1.806E-11-5.92E-06
2.884E+01 5.730E-04 5.730E-04 1.885E-11-5.94E-06
2.851E+01 5.716E-04 5.716E-04 1.967E-11-5.96E-06
2.818E+01 5.699E-04 5.699E-04 2.054E-11-5.97E-06
2.786E+01 5.680E-04 5.680E-04 2.144E-11-5.98E-06
2.754E+01 5.659E-04 5.659E-04 2.239E-11-5.97E-06
2.723E+01 5.635E-04 5.635E-04 2.338E-11-5.97E-06
2.692E+01 5.610E-04 5.610E-04 2.442E-11-5.95E-06
2.661E+01 5.583E-04 5.583E-04 2.550E-11-5.93E-06
2.630E+01 5.555E-04 5.555E-04 2.664E-11-5.90E-06
2.600E+01 5.525E-04 5.525E-04 2.783E-11-5.86E-06
2.570E+01 5.495E-04 5.495E-04 2.908E-11-5.81E-06
2.541E+01 5.464E-04 5.464E-04 3.038E-11-5.75E-06
2.512E+01 5.433E-04 5.433E-04 3.175E-11-5.67E-06
2.483E+01 5.403E-04 5.403E-04 3.318E-11-5.56E-06
2.455E+01 5.375E-04 5.375E-04 3.467E-11-5.42E-06
2.427E+01 5.352E-04 5.352E-04 3.624E-11-5.26E-06
2.399E+01 5.338E-04 5.338E-04 3.788E-11-5.15E-06
2.371E+01 5.343E-04 5.343E-04 3.960E-11-5.07E-06
2.344E+01 5.377E-04 5.377E-04 4.140E-11-4.99E-06
2.317E+01 5.413E-04 5.413E-04 4.329E-11-4.91E-06
2.291E+01 5.359E-04 5.359E-04 4.528E-11-4.84E-06
2.265E+01 5.256E-04 5.256E-04 4.735E-11-4.76E-06
2.239E+01 5.189E-04 5.189E-04 4.953E-11-4.68E-06
2.213E+01 5.175E-04 5.175E-04 5.181E-11-4.60E-06
2.188E+01 5.234E-04 5.234E-04 5.419E-11-4.51E-06
2.163E+01 5.417E-04 5.417E-04 5.669E-11-4.42E-06
2.138E+01 5.769E-04 5.769E-04 5.931E-11-4.32E-06
2.113E+01 5.874E-04 5.874E-04 6.207E-11-4.21E-06
2.089E+01 5.443E-04 5.443E-04 6.495E-11-4.10E-06
2.065E+01 5.085E-04 5.085E-04 6.797E-11-3.98E-06
2.042E+01 4.884E-04 4.884E-04 7.113E-11-3.84E-06
2.018E+01 4.764E-04 4.764E-04 7.444E-11-3.70E-06
1.995E+01 4.683E-04 4.683E-04 7.791E-11-3.52E-06
1.972E+01 4.622E-04 4.622E-04 8.154E-11-3.32E-06
1.950E+01 4.573E-04 4.573E-04 8.534E-11-3.13E-06
1.928E+01 4.535E-04 4.535E-04 8.933E-11-2.94E-06
1.905E+01 4.510E-04 4.510E-04 9.351E-11-2.78E-06
1.884E+01 4.508E-04 4.508E-04 9.789E-11-2.62E-06
1.862E+01 4.577E-04 4.577E-04 1.025E-10-2.47E-06
1.841E+01 4.948E-04 4.948E-04 1.073E-10-2.32E-06
1.820E+01 5.344E-04 5.344E-04 1.123E-10-2.17E-06
1.799E+01 4.612E-04 4.612E-04 1.176E-10-2.02E-06
1.778E+01 4.387E-04 4.387E-04 1.231E-10-1.87E-06
1.758E+01 4.302E-04 4.302E-04 1.289E-10-1.72E-06
1.738E+01 4.256E-04 4.256E-04 1.350E-10-1.56E-06
1.718E+01 4.228E-04 4.228E-04 1.414E-10-1.40E-06
1.698E+01 4.215E-04 4.215E-04 1.481E-10-1.24E-06
1.679E+01 4.231E-04 4.231E-04 1.550E-10-1.08E-06
1.660E+01 4.389E-04 4.389E-04 1.624E-10-9.14E-07
1.641E+01 5.842E-04 5.842E-04 1.700E-10-7.48E-07
1.622E+01 4.385E-04 4.385E-04 1.781E-10-5.77E-07
1.603E+01 4.172E-04 4.172E-04 1.865E-10-4.04E-07
1.585E+01 4.120E-04 4.120E-04 1.953E-10-2.33E-07
1.567E+01 4.096E-04 4.096E-04 2.045E-10-6.64E-08
1.549E+01 4.084E-04 4.084E-04 2.142E-10 9.78E-08
1.531E+01 4.076E-04 4.076E-04 2.244E-10 2.62E-07
1.514E+01 4.073E-04 4.073E-04 2.350E-10 4.25E-07
1.496E+01 4.072E-04 4.072E-04 2.461E-10 5.95E-07
1.479E+01 4.073E-04 4.073E-04 2.578E-10 7.67E-07
1.462E+01 4.080E-04 4.080E-04 2.700E-10 9.42E-07
1.445E+01 4.091E-04 4.091E-04 2.828E-10 1.12E-06
1.429E+01 4.105E-04 4.105E-04 2.962E-10 1.30E-06
1.413E+01 4.123E-04 4.123E-04 3.102E-10 1.49E-06
1.396E+01 4.145E-04 4.145E-04 3.249E-10 1.69E-06
1.380E+01 4.174E-04 4.174E-04 3.403E-10 1.89E-06
1.365E+01 4.212E-04 4.212E-04 3.564E-10 2.09E-06
1.349E+01 4.260E-04 4.260E-04 3.733E-10 2.31E-06
1.334E+01 4.324E-04 4.324E-04 3.910E-10 2.53E-06
1.318E+01 4.414E-04 4.414E-04 4.095E-10 2.76E-06
1.303E+01 4.540E-04 4.540E-04 4.289E-10 3.00E-06
1.288E+01 4.696E-04 4.696E-04 4.491E-10 3.25E-06
1.274E+01 4.820E-04 4.820E-04 4.704E-10 3.51E-06
1.259E+01 4.831E-04 4.831E-04 4.927E-10 3.79E-06
1.245E+01 4.771E-04 4.771E-04 5.161E-10 4.08E-06
1.230E+01 4.735E-04 4.735E-04 5.405E-10 4.39E-06
1.216E+01 4.781E-04 4.781E-04 5.661E-10 4.68E-06
1.202E+01 4.992E-04 4.992E-04 5.930E-10 4.96E-06
1.189E+01 5.266E-04 5.266E-04 6.217E-10 5.24E-06
1.175E+01 5.134E-04 5.134E-04 6.524E-10 5.52E-06
1.161E+01 5.253E-04 5.253E-04 6.863E-10 5.79E-06
1.148E+01 6.417E-04 6.417E-04 6.982E-10 6.06E-06
1.135E+01 6.750E-04 6.750E-04 7.421E-10 6.34E-06
1.122E+01 6.578E-04 6.578E-04 7.786E-10 6.63E-06
1.109E+01 5.772E-04 5.772E-04 8.165E-10 6.92E-06
1.096E+01 5.341E-04 5.341E-04 8.557E-10 7.22E-06
1.084E+01 5.162E-04 5.162E-04 8.966E-10 7.52E-06
1.072E+01 5.097E-04 5.097E-04 9.391E-10 7.83E-06
1.059E+01 5.089E-04 5.089E-04 9.835E-10 8.14E-06
1.047E+01 5.112E-04 5.112E-04 1.030E-09 8.45E-06
1.035E+01 5.151E-04 5.151E-04 1.078E-09 8.77E-06
1.023E+01 5.198E-04 5.198E-04 1.129E-09 9.09E-06
1.012E+01 5.253E-04 5.253E-04 1.182E-09 9.43E-06
1.000E+01 5.314E-04 5.314E-04 1.238E-09 9.77E-06
9.886E+00 5.381E-04 5.381E-04 1.297E-09 1.01E-05
9.772E+00 5.454E-04 5.454E-04 1.358E-09 1.04E-05
9.661E+00 5.532E-04 5.532E-04 1.422E-09 1.08E-05
9.550E+00 5.616E-04 5.616E-04 1.489E-09 1.11E-05
9.441E+00 5.707E-04 5.707E-04 1.559E-09 1.15E-05
9.333E+00 5.806E-04 5.806E-04 1.633E-09 1.18E-05
9.226E+00 5.915E-04 5.915E-04 1.710E-09 1.22E-05
9.120E+00 6.037E-04 6.037E-04 1.790E-09 1.26E-05
9.016E+00 6.179E-04 6.179E-04 1.874E-09 1.30E-05
8.913E+00 6.353E-04 6.353E-04 1.963E-09 1.34E-05
8.810E+00 6.583E-04 6.583E-04 2.055E-09 1.38E-05
8.710E+00 6.888E-04 6.888E-04 2.152E-09 1.42E-05
8.610E+00 7.166E-04 7.166E-04 2.253E-09 1.46E-05
8.511E+00 7.225E-04 7.225E-04 2.359E-09 1.50E-05
8.414E+00 7.220E-04 7.220E-04 2.469E-09 1.55E-05
8.318E+00 7.301E-04 7.301E-04 2.585E-09 1.59E-05
8.222E+00 7.471E-04 7.471E-04 2.707E-09 1.64E-05
8.128E+00 7.717E-04 7.717E-04 2.834E-09 1.69E-05
8.035E+00 8.036E-04 8.036E-04 2.967E-09 1.74E-05
7.943E+00 8.423E-04 8.423E-04 3.106E-09 1.80E-05
7.852E+00 8.843E-04 8.843E-04 3.251E-09 1.85E-05
7.762E+00 9.198E-04 9.198E-04 3.404E-09 1.91E-05
7.674E+00 9.363E-04 9.363E-04 3.563E-09 1.97E-05
7.586E+00 9.307E-04 9.307E-04 3.731E-09 2.02E-05
7.499E+00 9.132E-04 9.132E-04 3.906E-09 2.08E-05
7.413E+00 8.958E-04 8.958E-04 4.089E-09 2.14E-05
7.328E+00 8.841E-04 8.841E-04 4.281E-09 2.19E-05
7.244E+00 8.787E-04 8.787E-04 4.481E-09 2.25E-05
7.161E+00 8.787E-04 8.787E-04 4.691E-09 2.31E-05
7.079E+00 8.829E-04 8.829E-04 4.911E-09 2.37E-05
6.998E+00 8.903E-04 8.903E-04 5.141E-09 2.43E-05
6.918E+00 9.002E-04 9.002E-04 5.382E-09 2.49E-05
6.839E+00 9.123E-04 9.123E-04 5.634E-09 2.56E-05
6.761E+00 9.263E-04 9.263E-04 5.898E-09 2.62E-05
6.683E+00 9.423E-04 9.422E-04 6.174E-09 2.69E-05
6.607E+00 9.607E-04 9.607E-04 6.463E-09 2.76E-05
6.531E+00 9.825E-04 9.825E-04 6.765E-09 2.82E-05
6.457E+00 1.010E-03 1.010E-03 7.082E-09 2.90E-05
6.383E+00 1.046E-03 1.046E-03 7.412E-09 2.98E-05
6.310E+00 1.084E-03 1.084E-03 7.757E-09 3.13E-05
6.237E+00 1.157E-03 1.157E-03 8.125E-09 3.08E-05
6.166E+00 1.175E-03 1.175E-03 8.503E-09 3.17E-05
6.095E+00 1.153E-03 1.153E-03 8.900E-09 3.25E-05
6.026E+00 1.136E-03 1.136E-03 9.316E-09 3.32E-05
5.957E+00 1.134E-03 1.134E-03 9.752E-09 3.40E-05
5.888E+00 1.141E-03 1.141E-03 1.021E-08 3.48E-05
5.821E+00 1.154E-03 1.154E-03 1.068E-08 3.57E-05
5.754E+00 1.169E-03 1.169E-03 1.118E-08 3.65E-05
5.689E+00 1.187E-03 1.187E-03 1.170E-08 3.74E-05
5.623E+00 1.207E-03 1.207E-03 1.225E-08 3.82E-05
5.559E+00 1.227E-03 1.227E-03 1.282E-08 3.91E-05
5.495E+00 1.248E-03 1.248E-03 1.342E-08 4.00E-05
5.433E+00 1.270E-03 1.270E-03 1.405E-08 4.10E-05
5.370E+00 1.293E-03 1.293E-03 1.470E-08 4.19E-05
5.309E+00 1.316E-03 1.316E-03 1.539E-08 4.29E-05
5.248E+00 1.340E-03 1.340E-03 1.610E-08 4.39E-05
5.188E+00 1.364E-03 1.364E-03 1.685E-08 4.49E-05
5.129E+00 1.389E-03 1.389E-03 1.764E-08 4.60E-05
5.070E+00 1.414E-03 1.414E-03 1.846E-08 4.71E-05
5.012E+00 1.439E-03 1.439E-03 1.931E-08 4.82E-05
4.955E+00 1.465E-03 1.465E-03 2.021E-08 4.93E-05
4.898E+00 1.491E-03 1.491E-03 2.116E-08 5.04E-05
4.842E+00 1.517E-03 1.517E-03 2.214E-08 5.15E-05
4.786E+00 1.545E-03 1.544E-03 2.317E-08 5.27E-05
4.732E+00 1.572E-03 1.572E-03 2.425E-08 5.39E-05
4.677E+00 1.600E-03 1.600E-03 2.538E-08 5.51E-05
4.624E+00 1.629E-03 1.629E-03 2.656E-08 5.64E-05
4.571E+00 1.658E-03 1.658E-03 2.780E-08 5.77E-05
4.519E+00 1.688E-03 1.688E-03 2.909E-08 5.90E-05
4.467E+00 1.719E-03 1.719E-03 3.044E-08 6.03E-05
4.416E+00 1.750E-03 1.750E-03 3.186E-08 6.16E-05
4.365E+00 1.782E-03 1.781E-03 3.334E-08 6.30E-05
4.315E+00 1.814E-03 1.814E-03 3.489E-08 6.44E-05
4.266E+00 1.847E-03 1.847E-03 3.651E-08 6.58E-05
4.217E+00 1.880E-03 1.880E-03 3.821E-08 6.73E-05
4.169E+00 1.914E-03 1.914E-03 3.998E-08 6.88E-05
4.121E+00 1.949E-03 1.949E-03 4.184E-08 7.03E-05
4.074E+00 1.984E-03 1.984E-03 4.378E-08 7.18E-05
4.027E+00 2.020E-03 2.020E-03 4.581E-08 7.34E-05
3.981E+00 2.057E-03 2.057E-03 4.794E-08 7.50E-05
3.936E+00 2.094E-03 2.094E-03 5.016E-08 7.66E-05
3.890E+00 2.132E-03 2.132E-03 5.249E-08 7.82E-05
3.846E+00 2.171E-03 2.171E-03 5.493E-08 7.99E-05
3.802E+00 2.210E-03 2.210E-03 5.748E-08 8.16E-05
3.758E+00 2.250E-03 2.250E-03 6.015E-08 8.33E-05
3.715E+00 2.291E-03 2.291E-03 6.294E-08 8.51E-05
3.673E+00 2.332E-03 2.332E-03 6.587E-08 8.68E-05
3.631E+00 2.375E-03 2.375E-03 6.893E-08 8.86E-05
3.589E+00 2.418E-03 2.418E-03 7.213E-08 9.05E-05
3.548E+00 2.463E-03 2.463E-03 7.547E-08 9.24E-05
3.508E+00 2.509E-03 2.509E-03 7.898E-08 9.43E-05
3.467E+00 2.556E-03 2.556E-03 8.264E-08 9.62E-05
3.428E+00 2.605E-03 2.605E-03 8.647E-08 9.82E-05
3.388E+00 2.659E-03 2.659E-03 9.048E-08 1.00E-04
3.350E+00 2.731E-03 2.731E-03 9.467E-08 1.02E-04
3.311E+00 2.934E-03 2.934E-03 9.906E-08 1.04E-04
3.273E+00 2.884E-03 2.884E-03 1.037E-07 1.07E-04
3.236E+00 2.867E-03 2.867E-03 1.085E-07 1.09E-04
3.199E+00 2.906E-03 2.906E-03 1.135E-07 1.11E-04
3.162E+00 2.949E-03 2.949E-03 1.187E-07 1.13E-04
3.126E+00 3.006E-03 3.006E-03 1.242E-07 1.16E-04
3.090E+00 3.059E-03 3.059E-03 1.300E-07 1.18E-04
3.055E+00 3.114E-03 3.114E-03 1.360E-07 1.21E-04
3.020E+00 3.170E-03 3.170E-03 1.423E-07 1.23E-04
2.985E+00 3.228E-03 3.228E-03 1.489E-07 1.25E-04
2.951E+00 3.286E-03 3.286E-03 1.558E-07 1.28E-04
2.917E+00 3.346E-03 3.345E-03 1.630E-07 1.31E-04
2.884E+00 3.406E-03 3.406E-03 1.706E-07 1.33E-04
2.851E+00 3.468E-03 3.468E-03 1.785E-07 1.36E-04
2.818E+00 3.531E-03 3.531E-03 1.867E-07 1.39E-04
2.786E+00 3.595E-03 3.595E-03 1.953E-07 1.42E-04
2.754E+00 3.660E-03 3.660E-03 2.044E-07 1.45E-04
2.723E+00 3.727E-03 3.727E-03 2.138E-07 1.47E-04
2.692E+00 3.794E-03 3.794E-03 2.237E-07 1.51E-04
2.661E+00 3.862E-03 3.862E-03 2.340E-07 1.54E-04
2.630E+00 3.932E-03 3.932E-03 2.448E-07 1.57E-04
2.600E+00 4.002E-03 4.002E-03 2.561E-07 1.60E-04
2.570E+00 4.073E-03 4.073E-03 2.679E-07 1.63E-04
2.541E+00 4.145E-03 4.145E-03 2.803E-07 1.67E-04
2.512E+00 4.218E-03 4.218E-03 2.933E-07 1.70E-04
2.483E+00 4.293E-03 4.292E-03 3.068E-07 1.74E-04
2.455E+00 4.369E-03 4.369E-03 3.209E-07 1.77E-04
2.427E+00 4.446E-03 4.446E-03 3.358E-07 1.81E-04
2.399E+00 4.525E-03 4.525E-03 3.513E-07 1.85E-04
2.371E+00 4.606E-03 4.605E-03 3.675E-07 1.89E-04
2.344E+00 4.688E-03 4.687E-03 3.845E-07 1.92E-04
2.317E+00 4.771E-03 4.771E-03 4.022E-07 1.96E-04
2.291E+00 4.856E-03 4.856E-03 4.208E-07 2.00E-04
2.265E+00 4.943E-03 4.943E-03 4.402E-07 2.04E-04
2.239E+00 5.031E-03 5.031E-03 4.606E-07 2.08E-04
2.213E+00 5.121E-03 5.121E-03 4.819E-07 2.12E-04
2.188E+00 5.213E-03 5.213E-03 5.041E-07 2.17E-04
2.163E+00 5.307E-03 5.306E-03 5.274E-07 2.21E-04
2.138E+00 5.402E-03 5.402E-03 5.517E-07 2.25E-04
2.113E+00 5.498E-03 5.498E-03 5.772E-07 2.30E-04
2.089E+00 5.596E-03 5.595E-03 6.038E-07 2.35E-04
2.065E+00 5.694E-03 5.694E-03 6.317E-07 2.39E-04
2.042E+00 5.795E-03 5.795E-03 6.608E-07 2.44E-04
2.018E+00 5.898E-03 5.897E-03 6.913E-07 2.49E-04
1.995E+00 6.003E-03 6.002E-03 7.232E-07 2.54E-04
1.972E+00 6.109E-03 6.109E-03 7.565E-07 2.59E-04
1.950E+00 6.218E-03 6.217E-03 7.914E-07 2.64E-04
1.928E+00 6.329E-03 6.328E-03 8.279E-07 2.70E-04
1.905E+00 6.442E-03 6.441E-03 8.661E-07 2.75E-04
1.884E+00 6.557E-03 6.556E-03 9.061E-07 2.80E-04
1.862E+00 6.675E-03 6.674E-03 9.479E-07 2.86E-04
1.841E+00 6.795E-03 6.794E-03 9.917E-07 2.91E-04
1.820E+00 6.917E-03 6.916E-03 1.037E-06 2.97E-04
1.799E+00 7.041E-03 7.040E-03 1.085E-06 3.03E-04
1.778E+00 7.168E-03 7.167E-03 1.135E-06 3.09E-04
1.758E+00 7.297E-03 7.296E-03 1.188E-06 3.15E-04
1.738E+00 7.429E-03 7.428E-03 1.243E-06 3.21E-04
1.718E+00 7.563E-03 7.561E-03 1.300E-06 3.27E-04
1.698E+00 7.699E-03 7.697E-03 1.360E-06 3.34E-04
1.679E+00 7.837E-03 7.836E-03 1.422E-06 3.40E-04
1.660E+00 7.978E-03 7.976E-03 1.488E-06 3.47E-04
1.641E+00 8.120E-03 8.118E-03 1.556E-06 3.54E-04
1.622E+00 8.263E-03 8.261E-03 1.628E-06 3.61E-04
1.603E+00 8.409E-03 8.407E-03 1.703E-06 3.68E-04
1.585E+00 8.557E-03 8.555E-03 1.781E-06 3.76E-04
1.567E+00 8.707E-03 8.705E-03 1.863E-06 3.83E-04
1.549E+00 8.860E-03 8.858E-03 1.949E-06 3.91E-04
1.531E+00 9.017E-03 9.015E-03 2.039E-06 3.99E-04
1.514E+00 9.177E-03 9.175E-03 2.133E-06 4.07E-04
1.496E+00 9.340E-03 9.338E-03 2.232E-06 4.15E-04
1.479E+00 9.507E-03 9.505E-03 2.335E-06 4.23E-04
1.462E+00 9.678E-03 9.676E-03 2.443E-06 4.31E-04
1.445E+00 9.854E-03 9.851E-03 2.556E-06 4.39E-04
1.429E+00 1.003E-02 1.003E-02 2.674E-06 4.47E-04
1.413E+00 1.022E-02 1.022E-02 2.797E-06 4.56E-04
1.396E+00 1.041E-02 1.040E-02 2.926E-06 4.64E-04
1.380E+00 1.060E-02 1.060E-02 3.061E-06 4.73E-04
1.365E+00 1.079E-02 1.079E-02 3.202E-06 4.82E-04
1.349E+00 1.099E-02 1.099E-02 3.350E-06 4.92E-04
1.334E+00 1.119E-02 1.119E-02 3.504E-06 5.01E-04
1.318E+00 1.140E-02 1.140E-02 3.666E-06 5.11E-04
1.303E+00 1.161E-02 1.161E-02 3.834E-06 5.20E-04
1.288E+00 1.182E-02 1.182E-02 4.011E-06 5.31E-04
1.274E+00 1.204E-02 1.204E-02 4.195E-06 5.41E-04
1.259E+00 1.226E-02 1.226E-02 4.388E-06 5.51E-04
1.245E+00 1.248E-02 1.248E-02 4.590E-06 5.62E-04
1.230E+00 1.271E-02 1.271E-02 4.802E-06 5.73E-04
1.216E+00 1.294E-02 1.294E-02 5.024E-06 5.84E-04
1.202E+00 1.318E-02 1.317E-02 5.255E-06 5.95E-04
1.189E+00 1.342E-02 1.341E-02 5.498E-06 6.07E-04
1.175E+00 1.366E-02 1.366E-02 5.751E-06 6.19E-04
1.161E+00 1.392E-02 1.391E-02 6.017E-06 6.30E-04
1.148E+00 1.417E-02 1.417E-02 6.294E-06 6.43E-04
1.135E+00 1.444E-02 1.443E-02 6.584E-06 6.55E-04
1.122E+00 1.471E-02 1.470E-02 6.887E-06 6.67E-04
1.109E+00 1.499E-02 1.498E-02 7.205E-06 6.80E-04
1.096E+00 1.527E-02 1.527E-02 7.537E-06 6.93E-04
1.084E+00 1.557E-02 1.556E-02 7.884E-06 7.06E-04
1.072E+00 1.587E-02 1.586E-02 8.247E-06 7.20E-04
1.059E+00 1.618E-02 1.617E-02 8.626E-06 7.33E-04
1.047E+00 1.650E-02 1.649E-02 9.023E-06 7.47E-04
1.035E+00 1.683E-02 1.682E-02 9.438E-06 7.61E-04
1.023E+00 1.718E-02 1.717E-02 9.872E-06 7.76E-04
1.012E+00 1.753E-02 1.752E-02 1.033E-05 7.91E-04
1.000E+00 1.789E-02 1.788E-02 1.080E-05 8.06E-04
9.886E-01 1.826E-02 1.825E-02 1.130E-05 8.21E-04
9.772E-01 1.863E-02 1.862E-02 1.182E-05 8.37E-04
9.661E-01 1.900E-02 1.899E-02 1.236E-05 8.53E-04
9.550E-01 1.938E-02 1.937E-02 1.292E-05 8.70E-04
9.441E-01 1.977E-02 1.976E-02 1.352E-05 8.86E-04
9.333E-01 2.017E-02 2.015E-02 1.414E-05 9.04E-04
9.226E-01 2.057E-02 2.056E-02 1.478E-05 9.21E-04
9.120E-01 2.099E-02 2.097E-02 1.546E-05 9.39E-04
9.016E-01 2.142E-02 2.140E-02 1.617E-05 9.58E-04
8.913E-01 2.187E-02 2.186E-02 1.691E-05 9.77E-04
8.810E-01 2.235E-02 2.233E-02 1.768E-05 9.97E-04
8.710E-01 2.285E-02 2.284E-02 1.849E-05 1.02E-03
8.610E-01 2.339E-02 2.337E-02 1.934E-05 1.04E-03
8.511E-01 2.395E-02 2.393E-02 2.022E-05 1.06E-03
8.414E-01 2.452E-02 2.450E-02 2.114E-05 1.08E-03
8.318E-01 2.510E-02 2.508E-02 2.211E-05 1.10E-03
8.222E-01 2.569E-02 2.566E-02 2.312E-05 1.12E-03
8.128E-01 2.628E-02 2.626E-02 2.417E-05 1.15E-03
8.035E-01 2.689E-02 2.686E-02 2.527E-05 1.17E-03
7.943E-01 2.750E-02 2.747E-02 2.643E-05 1.19E-03
7.852E-01 2.813E-02 2.810E-02 2.763E-05 1.22E-03
7.762E-01 2.877E-02 2.874E-02 2.889E-05 1.24E-03
7.674E-01 2.942E-02 2.939E-02 3.021E-05 1.27E-03
7.586E-01 3.010E-02 3.006E-02 3.158E-05 1.30E-03
7.499E-01 3.078E-02 3.075E-02 3.302E-05 1.32E-03
7.413E-01 3.149E-02 3.145E-02 3.453E-05 1.35E-03
7.328E-01 3.221E-02 3.217E-02 3.611E-05 1.38E-03
7.244E-01 3.295E-02 3.291E-02 3.775E-05 1.41E-03
7.161E-01 3.370E-02 3.366E-02 3.947E-05 1.44E-03
7.079E-01 3.448E-02 3.444E-02 4.127E-05 1.47E-03
6.998E-01 3.527E-02 3.523E-02 4.316E-05 1.50E-03
6.918E-01 3.609E-02 3.604E-02 4.513E-05 1.54E-03
6.839E-01 3.693E-02 3.688E-02 4.719E-05 1.57E-03
6.761E-01 3.779E-02 3.774E-02 4.935E-05 1.60E-03
6.683E-01 3.868E-02 3.863E-02 5.160E-05 1.64E-03
6.607E-01 3.959E-02 3.954E-02 5.397E-05 1.67E-03
6.531E-01 4.052E-02 4.047E-02 5.644E-05 1.71E-03
6.457E-01 4.147E-02 4.141E-02 5.903E-05 1.75E-03
6.383E-01 4.244E-02 4.238E-02 6.174E-05 1.79E-03
6.310E-01 4.345E-02 4.339E-02 6.459E-05 1.83E-03
6.237E-01 4.449E-02 4.442E-02 6.756E-05 1.87E-03
6.166E-01 4.556E-02 4.549E-02 7.068E-05 1.91E-03
6.095E-01 4.666E-02 4.659E-02 7.394E-05 1.95E-03
6.026E-01 4.780E-02 4.773E-02 7.736E-05 2.00E-03
5.957E-01 4.898E-02 4.890E-02 8.094E-05 2.04E-03
5.888E-01 5.019E-02 5.011E-02 8.470E-05 2.09E-03
5.821E-01 5.144E-02 5.135E-02 8.863E-05 2.13E-03
5.754E-01 5.273E-02 5.264E-02 9.276E-05 2.18E-03
5.689E-01 5.406E-02 5.396E-02 9.708E-05 2.23E-03
5.623E-01 5.543E-02 5.532E-02 1.016E-04 2.28E-03
5.559E-01 5.684E-02 5.673E-02 1.064E-04 2.33E-03
5.495E-01 5.829E-02 5.818E-02 1.114E-04 2.38E-03
5.433E-01 5.979E-02 5.967E-02 1.166E-04 2.43E-03
5.370E-01 6.133E-02 6.120E-02 1.221E-04 2.48E-03
5.309E-01 6.292E-02 6.279E-02 1.279E-04 2.54E-03
5.248E-01 6.456E-02 6.442E-02 1.340E-04 2.59E-03
5.188E-01 6.625E-02 6.611E-02 1.404E-04 2.65E-03
5.129E-01 6.799E-02 6.784E-02 1.471E-04 2.71E-03
5.070E-01 6.979E-02 6.963E-02 1.541E-04 2.76E-03
5.012E-01 7.164E-02 7.148E-02 1.615E-04 2.82E-03
4.955E-01 7.355E-02 7.338E-02 1.692E-04 2.88E-03
4.898E-01 7.552E-02 7.534E-02 1.774E-04 2.95E-03
4.842E-01 7.756E-02 7.738E-02 1.860E-04 3.01E-03
4.786E-01 7.969E-02 7.950E-02 1.949E-04 3.07E-03
4.732E-01 8.190E-02 8.169E-02 2.043E-04 3.13E-03
4.677E-01 8.417E-02 8.396E-02 2.142E-04 3.20E-03
4.624E-01 8.653E-02 8.630E-02 2.246E-04 3.26E-03
4.571E-01 8.896E-02 8.873E-02 2.355E-04 3.33E-03
4.519E-01 9.148E-02 9.123E-02 2.470E-04 3.39E-03
4.467E-01 9.409E-02 9.383E-02 2.590E-04 3.46E-03
4.416E-01 9.678E-02 9.651E-02 2.717E-04 3.53E-03
4.365E-01 9.956E-02 9.927E-02 2.850E-04 3.59E-03
4.315E-01 1.024E-01 1.021E-01 2.990E-04 3.66E-03
4.266E-01 1.054E-01 1.051E-01 3.135E-04 3.72E-03
4.217E-01 1.085E-01 1.081E-01 3.288E-04 3.79E-03
4.169E-01 1.116E-01 1.112E-01 3.449E-04 3.85E-03
4.121E-01 1.147E-01 1.144E-01 3.618E-04 3.92E-03
4.074E-01 1.179E-01 1.176E-01 3.795E-04 3.99E-03
4.027E-01 1.212E-01 1.208E-01 3.981E-04 4.05E-03
3.981E-01 1.245E-01 1.241E-01 4.177E-04 4.12E-03
3.935E-01 1.279E-01 1.275E-01 4.382E-04 4.19E-03
3.890E-01 1.313E-01 1.309E-01 4.597E-04 4.26E-03
3.846E-01 1.348E-01 1.343E-01 4.824E-04 4.33E-03
3.802E-01 1.384E-01 1.379E-01 5.062E-04 4.39E-03
3.758E-01 1.420E-01 1.415E-01 5.313E-04 4.46E-03
3.715E-01 1.458E-01 1.452E-01 5.579E-04 4.53E-03
3.673E-01 1.495E-01 1.490E-01 5.860E-04 4.60E-03
3.631E-01 1.534E-01 1.527E-01 6.159E-04 4.67E-03
3.589E-01 1.572E-01 1.565E-01 6.475E-04 4.74E-03
3.548E-01 1.612E-01 1.605E-01 6.812E-04 4.81E-03
3.508E-01 1.653E-01 1.646E-01 7.169E-04 4.88E-03
3.467E-01 1.695E-01 1.688E-01 7.550E-04 4.94E-03
3.428E-01 1.740E-01 1.732E-01 7.955E-04 5.00E-03
3.388E-01 1.786E-01 1.778E-01 8.389E-04 5.05E-03
3.350E-01 1.834E-01 1.825E-01 8.851E-04 5.09E-03
3.311E-01 1.885E-01 1.875E-01 9.345E-04 5.12E-03
3.273E-01 1.937E-01 1.927E-01 9.873E-04 5.14E-03
3.236E-01 1.992E-01 1.981E-01 1.044E-03 5.14E-03
3.199E-01 2.049E-01 2.038E-01 1.105E-03 5.13E-03
3.162E-01 2.108E-01 2.097E-01 1.170E-03 5.09E-03
3.126E-01 2.170E-01 2.158E-01 1.239E-03 5.03E-03
3.090E-01 2.234E-01 2.221E-01 1.314E-03 4.95E-03
3.055E-01 2.301E-01 2.287E-01 1.393E-03 4.85E-03
3.020E-01 2.367E-01 2.352E-01 1.477E-03 4.73E-03
2.985E-01 2.430E-01 2.414E-01 1.568E-03 4.57E-03
2.951E-01 2.496E-01 2.479E-01 1.666E-03 4.39E-03
2.917E-01 2.566E-01 2.548E-01 1.771E-03 4.18E-03
2.884E-01 2.638E-01 2.619E-01 1.887E-03 3.93E-03
2.851E-01 2.715E-01 2.695E-01 2.013E-03 3.63E-03
2.818E-01 2.800E-01 2.779E-01 2.159E-03 3.23E-03
2.786E-01 2.892E-01 2.868E-01 2.315E-03 2.83E-03
2.754E-01 2.990E-01 2.965E-01 2.483E-03 2.44E-03
2.723E-01 3.099E-01 3.072E-01 2.668E-03 2.05E-03
2.692E-01 3.221E-01 3.192E-01 2.872E-03 1.68E-03
2.661E-01 3.354E-01 3.323E-01 3.098E-03 1.35E-03
2.630E-01 3.503E-01 3.469E-01 3.352E-03 1.05E-03
2.600E-01 3.671E-01 3.634E-01 3.641E-03 7.95E-04
2.570E-01 3.858E-01 3.819E-01 3.967E-03 6.00E-04
2.541E-01 4.064E-01 4.021E-01 4.325E-03 4.74E-04
2.512E-01 4.300E-01 4.252E-01 4.731E-03 4.07E-04
2.483E-01 4.569E-01 4.517E-01 5.193E-03 3.93E-04
2.455E-01 4.878E-01 4.820E-01 5.722E-03 4.29E-04
2.427E-01 5.238E-01 5.175E-01 6.332E-03 5.21E-04
2.399E-01 5.663E-01 5.592E-01 7.035E-03 6.72E-04
2.371E-01 6.149E-01 6.071E-01 7.799E-03 8.89E-04
2.344E-01 6.686E-01 6.600E-01 8.606E-03 1.15E-03
2.317E-01 7.256E-01 7.161E-01 9.444E-03 1.43E-03
2.291E-01 7.841E-01 7.738E-01 1.029E-02 1.71E-03
2.265E-01 8.431E-01 8.319E-01 1.114E-02 2.01E-03
2.239E-01 9.030E-01 8.909E-01 1.201E-02 2.33E-03
2.213E-01 9.617E-01 9.489E-01 1.288E-02 2.67E-03
2.188E-01 1.011E+00 9.970E-01 1.351E-02 3.05E-03
2.163E-01 1.040E+00 1.027E+00 1.371E-02 3.48E-03
2.138E-01 1.048E+00 1.034E+00 1.351E-02 3.93E-03
2.113E-01 1.036E+00 1.023E+00 1.306E-02 4.39E-03
2.089E-01 1.009E+00 9.965E-01 1.244E-02 4.86E-03
2.065E-01 9.704E-01 9.587E-01 1.167E-02 5.34E-03
2.042E-01 9.234E-01 9.126E-01 1.080E-02 5.84E-03
2.018E-01 8.712E-01 8.613E-01 9.883E-03 6.36E-03
1.995E-01 8.170E-01 8.080E-01 8.964E-03 6.88E-03
1.972E-01 7.627E-01 7.547E-01 8.074E-03 7.42E-03
1.950E-01 7.106E-01 7.034E-01 7.246E-03 7.97E-03
1.928E-01 6.617E-01 6.552E-01 6.493E-03 8.52E-03
1.905E-01 6.165E-01 6.107E-01 5.820E-03 9.10E-03
1.884E-01 5.750E-01 5.698E-01 5.211E-03 9.70E-03
1.862E-01 5.377E-01 5.330E-01 4.685E-03 1.03E-02
1.841E-01 5.043E-01 5.001E-01 4.238E-03 1.10E-02
1.820E-01 4.744E-01 4.706E-01 3.859E-03 1.16E-02
1.799E-01 4.477E-01 4.441E-01 3.539E-03 1.23E-02
1.778E-01 4.239E-01 4.206E-01 3.279E-03 1.30E-02
1.758E-01 4.025E-01 3.995E-01 3.065E-03 1.38E-02
1.738E-01 3.833E-01 3.804E-01 2.892E-03 1.45E-02
1.718E-01 3.661E-01 3.633E-01 2.757E-03 1.52E-02
1.698E-01 3.505E-01 3.479E-01 2.659E-03 1.60E-02
1.679E-01 3.361E-01 3.335E-01 2.597E-03 1.68E-02
1.660E-01 3.231E-01 3.205E-01 2.571E-03 1.75E-02
1.641E-01 3.115E-01 3.090E-01 2.584E-03 1.83E-02
1.622E-01 3.013E-01 2.986E-01 2.635E-03 1.90E-02
1.603E-01 2.922E-01 2.894E-01 2.723E-03 1.98E-02
1.585E-01 2.843E-01 2.814E-01 2.851E-03 2.06E-02
1.567E-01 2.773E-01 2.743E-01 3.013E-03 2.14E-02
1.549E-01 2.712E-01 2.680E-01 3.213E-03 2.22E-02
1.531E-01 2.657E-01 2.622E-01 3.448E-03 2.30E-02
1.514E-01 2.610E-01 2.573E-01 3.724E-03 2.38E-02
1.496E-01 2.572E-01 2.531E-01 4.044E-03 2.47E-02
1.479E-01 2.543E-01 2.498E-01 4.413E-03 2.56E-02
1.462E-01 2.524E-01 2.475E-01 4.837E-03 2.64E-02
1.445E-01 2.519E-01 2.466E-01 5.324E-03 2.73E-02
1.429E-01 2.527E-01 2.468E-01 5.873E-03 2.82E-02
1.413E-01 2.546E-01 2.481E-01 6.487E-03 2.91E-02
1.396E-01 2.577E-01 2.505E-01 7.164E-03 3.00E-02
1.380E-01 2.615E-01 2.536E-01 7.902E-03 3.10E-02
1.365E-01 2.663E-01 2.575E-01 8.725E-03 3.20E-02
1.349E-01 2.719E-01 2.623E-01 9.651E-03 3.31E-02
1.334E-01 2.787E-01 2.680E-01 1.069E-02 3.43E-02
1.318E-01 2.867E-01 2.748E-01 1.185E-02 3.55E-02
1.303E-01 2.961E-01 2.830E-01 1.314E-02 3.68E-02
1.288E-01 3.104E-01 2.958E-01 1.459E-02 3.83E-02
1.274E-01 3.240E-01 3.078E-01 1.620E-02 3.98E-02
1.259E-01 3.394E-01 3.214E-01 1.798E-02 4.14E-02
1.245E-01 3.565E-01 3.365E-01 1.997E-02 4.31E-02
1.230E-01 3.755E-01 3.533E-01 2.217E-02 4.48E-02
1.216E-01 3.965E-01 3.719E-01 2.458E-02 4.66E-02
1.202E-01 4.197E-01 3.924E-01 2.724E-02 4.82E-02
1.189E-01 4.448E-01 4.146E-01 3.017E-02 4.97E-02
1.175E-01 4.707E-01 4.374E-01 3.337E-02 5.11E-02
1.161E-01 4.983E-01 4.614E-01 3.693E-02 5.24E-02
1.148E-01 5.297E-01 4.886E-01 4.109E-02 5.31E-02
1.135E-01 5.664E-01 5.196E-01 4.681E-02 5.35E-02
1.122E-01 6.057E-01 5.528E-01 5.289E-02 5.20E-02
1.109E-01 6.481E-01 5.885E-01 5.955E-02 4.88E-02
1.096E-01 6.999E-01 6.332E-01 6.674E-02 4.40E-02
1.084E-01 7.623E-01 6.868E-01 7.554E-02 3.97E-02
1.072E-01 8.351E-01 7.495E-01 8.562E-02 3.73E-02
1.059E-01 9.111E-01 8.161E-01 9.508E-02 3.72E-02
1.047E-01 9.905E-01 8.867E-01 1.037E-01 3.80E-02
1.035E-01 1.067E+00 9.550E-01 1.118E-01 3.84E-02
1.023E-01 1.139E+00 1.019E+00 1.194E-01 3.85E-02
1.012E-01 1.207E+00 1.079E+00 1.280E-01 3.80E-02
1.000E-01 1.278E+00 1.141E+00 1.377E-01 3.72E-02
9.886E-02 1.359E+00 1.209E+00 1.503E-01 3.59E-02
9.772E-02 1.446E+00 1.282E+00 1.641E-01 3.48E-02
9.661E-02 1.533E+00 1.357E+00 1.761E-01 3.43E-02
9.550E-02 1.613E+00 1.427E+00 1.859E-01 3.44E-02
9.441E-02 1.673E+00 1.481E+00 1.922E-01 3.49E-02
9.333E-02 1.722E+00 1.525E+00 1.968E-01 3.56E-02
9.226E-02 1.769E+00 1.567E+00 2.020E-01 3.63E-02
9.120E-02 1.811E+00 1.605E+00 2.068E-01 3.72E-02
9.016E-02 1.835E+00 1.626E+00 2.086E-01 3.86E-02
8.913E-02 1.861E+00 1.649E+00 2.115E-01 3.97E-02
8.810E-02 1.902E+00 1.683E+00 2.193E-01 4.01E-02
8.710E-02 1.961E+00 1.728E+00 2.335E-01 3.97E-02
8.610E-02 2.027E+00 1.777E+00 2.499E-01 3.92E-02
8.511E-02 2.098E+00 1.830E+00 2.684E-01 3.88E-02
8.414E-02 2.176E+00 1.888E+00 2.888E-01 3.84E-02
8.318E-02 2.261E+00 1.950E+00 3.107E-01 3.82E-02
8.222E-02 2.350E+00 2.018E+00 3.318E-01 3.85E-02
8.128E-02 2.440E+00 2.089E+00 3.505E-01 3.94E-02
8.035E-02 2.529E+00 2.161E+00 3.681E-01 4.05E-02
7.943E-02 2.615E+00 2.232E+00 3.835E-01 4.19E-02
7.852E-02 2.693E+00 2.298E+00 3.953E-01 4.38E-02
7.762E-02 2.760E+00 2.358E+00 4.025E-01 4.60E-02
7.674E-02 2.819E+00 2.411E+00 4.080E-01 4.84E-02
7.586E-02 2.868E+00 2.456E+00 4.115E-01 5.09E-02
7.499E-02 2.904E+00 2.492E+00 4.126E-01 5.35E-02
7.413E-02 2.925E+00 2.514E+00 4.113E-01 5.63E-02
7.328E-02 2.928E+00 2.520E+00 4.078E-01 5.92E-02
7.244E-02 2.909E+00 2.505E+00 4.035E-01 6.22E-02
7.161E-02 2.866E+00 2.468E+00 3.979E-01 6.52E-02
7.079E-02 2.800E+00 2.410E+00 3.902E-01 6.83E-02
6.998E-02 2.714E+00 2.334E+00 3.805E-01 7.15E-02
6.918E-02 2.615E+00 2.246E+00 3.692E-01 7.47E-02
6.839E-02 2.502E+00 2.149E+00 3.536E-01 7.81E-02
6.761E-02 2.388E+00 2.052E+00 3.363E-01 8.14E-02
6.683E-02 2.279E+00 1.960E+00 3.192E-01 8.47E-02
6.607E-02 2.177E+00 1.875E+00 3.026E-01 8.79E-02
6.531E-02 2.076E+00 1.790E+00 2.865E-01 9.11E-02
6.457E-02 1.992E+00 1.717E+00 2.747E-01 9.41E-02
6.383E-02 1.914E+00 1.650E+00 2.646E-01 9.71E-02
6.310E-02 1.841E+00 1.586E+00 2.559E-01 1.00E-01
6.237E-02 1.774E+00 1.525E+00 2.486E-01 1.03E-01
6.166E-02 1.711E+00 1.467E+00 2.432E-01 1.06E-01
6.095E-02 1.649E+00 1.410E+00 2.392E-01 1.09E-01
6.026E-02 1.588E+00 1.353E+00 2.358E-01 1.13E-01
5.957E-02 1.529E+00 1.296E+00 2.331E-01 1.16E-01
5.888E-02 1.469E+00 1.238E+00 2.306E-01 1.19E-01
5.821E-02 1.404E+00 1.177E+00 2.268E-01 1.22E-01
5.754E-02 1.192E+00 9.693E-01 2.229E-01 1.25E-01
5.689E-02 1.156E+00 9.369E-01 2.186E-01 1.28E-01
5.623E-02 1.117E+00 9.034E-01 2.140E-01 1.32E-01
5.559E-02 1.077E+00 8.689E-01 2.083E-01 1.35E-01
5.495E-02 1.038E+00 8.355E-01 2.026E-01 1.38E-01
5.433E-02 1.000E+00 8.032E-01 1.969E-01 1.42E-01
5.370E-02 9.648E-01 7.735E-01 1.912E-01 1.45E-01
5.309E-02 9.348E-01 7.486E-01 1.862E-01 1.49E-01
5.248E-02 9.068E-01 7.253E-01 1.815E-01 1.52E-01
5.188E-02 8.808E-01 7.039E-01 1.770E-01 1.56E-01
5.129E-02 8.558E-01 6.830E-01 1.728E-01 1.60E-01
5.070E-02 8.315E-01 6.625E-01 1.690E-01 1.64E-01
5.012E-02 8.082E-01 6.428E-01 1.654E-01 1.68E-01
4.955E-02 7.859E-01 6.240E-01 1.620E-01 1.72E-01
4.898E-02 7.649E-01 6.062E-01 1.587E-01 1.76E-01
4.842E-02 7.442E-01 5.887E-01 1.555E-01 1.80E-01
4.786E-02 7.239E-01 5.716E-01 1.523E-01 1.84E-01
4.732E-02 7.022E-01 5.536E-01 1.487E-01 1.89E-01
4.677E-02 6.804E-01 5.355E-01 1.450E-01 1.93E-01
4.624E-02 6.593E-01 5.180E-01 1.413E-01 1.97E-01
4.571E-02 6.405E-01 5.027E-01 1.379E-01 2.02E-01
4.519E-02 6.248E-01 4.901E-01 1.347E-01 2.07E-01
4.467E-02 6.095E-01 4.780E-01 1.315E-01 2.12E-01
4.416E-02 5.932E-01 4.652E-01 1.280E-01 2.17E-01
4.365E-02 5.732E-01 4.490E-01 1.242E-01 2.22E-01
4.315E-02 5.538E-01 4.336E-01 1.202E-01 2.27E-01
4.266E-02 5.360E-01 4.199E-01 1.161E-01 2.32E-01
4.217E-02 5.239E-01 4.120E-01 1.119E-01 2.38E-01
4.169E-02 5.142E-01 4.063E-01 1.079E-01 2.43E-01
4.121E-02 5.067E-01 4.025E-01 1.042E-01 2.49E-01
4.074E-02 4.998E-01 3.987E-01 1.011E-01 2.55E-01
4.027E-02 4.944E-01 3.960E-01 9.835E-02 2.61E-01
3.981E-02 4.903E-01 3.944E-01 9.587E-02 2.68E-01
3.935E-02 4.875E-01 3.939E-01 9.357E-02 2.74E-01
3.890E-02 4.864E-01 3.948E-01 9.160E-02 2.81E-01
3.846E-02 4.872E-01 3.974E-01 8.984E-02 2.88E-01
3.802E-02 4.904E-01 4.016E-01 8.872E-02 2.95E-01
3.758E-02 4.962E-01 4.077E-01 8.843E-02 3.02E-01
3.715E-02 5.091E-01 4.188E-01 9.031E-02 3.09E-01
3.673E-02 5.206E-01 4.278E-01 9.283E-02 3.17E-01
3.631E-02 5.263E-01 4.308E-01 9.547E-02 3.24E-01
3.589E-02 5.221E-01 4.249E-01 9.720E-02 3.31E-01
3.548E-02 5.139E-01 4.154E-01 9.847E-02 3.37E-01
3.508E-02 5.063E-01 4.075E-01 9.877E-02 3.44E-01
3.467E-02 4.988E-01 4.002E-01 9.854E-02 3.51E-01
3.428E-02 4.911E-01 3.931E-01 9.803E-02 3.58E-01
3.388E-02 4.836E-01 3.860E-01 9.762E-02 3.66E-01
3.350E-02 4.762E-01 3.791E-01 9.712E-02 3.73E-01
3.311E-02 4.688E-01 3.723E-01 9.655E-02 3.81E-01
3.273E-02 4.615E-01 3.656E-01 9.591E-02 3.88E-01
3.236E-02 4.542E-01 3.590E-01 9.521E-02 3.96E-01
3.199E-02 4.470E-01 3.525E-01 9.446E-02 4.04E-01
3.162E-02 4.398E-01 3.461E-01 9.367E-02 4.12E-01
3.126E-02 4.327E-01 3.398E-01 9.286E-02 4.19E-01
3.090E-02 4.256E-01 3.336E-01 9.201E-02 4.28E-01
3.055E-02 4.187E-01 3.275E-01 9.115E-02 4.36E-01
3.020E-02 4.117E-01 3.215E-01 9.026E-02 4.44E-01
2.985E-02 4.049E-01 3.155E-01 8.935E-02 4.52E-01
2.951E-02 3.980E-01 3.096E-01 8.841E-02 4.61E-01
2.917E-02 3.913E-01 3.039E-01 8.745E-02 4.69E-01
2.884E-02 3.847E-01 2.982E-01 8.647E-02 4.77E-01
2.851E-02 3.781E-01 2.926E-01 8.548E-02 4.86E-01
2.818E-02 3.717E-01 2.872E-01 8.447E-02 4.95E-01
2.786E-02 3.653E-01 2.819E-01 8.348E-02 5.03E-01
2.754E-02 3.591E-01 2.766E-01 8.248E-02 5.12E-01
2.723E-02 3.529E-01 2.714E-01 8.148E-02 5.21E-01
2.692E-02 3.468E-01 2.663E-01 8.047E-02 5.30E-01
2.661E-02 3.408E-01 2.613E-01 7.946E-02 5.38E-01
2.630E-02 3.348E-01 2.564E-01 7.843E-02 5.47E-01
2.600E-02 3.289E-01 2.515E-01 7.740E-02 5.56E-01
2.570E-02 3.230E-01 2.467E-01 7.637E-02 5.65E-01
2.541E-02 3.172E-01 2.419E-01 7.532E-02 5.74E-01
2.512E-02 3.115E-01 2.372E-01 7.427E-02 5.83E-01
2.483E-02 3.058E-01 2.326E-01 7.321E-02 5.91E-01
2.455E-02 3.002E-01 2.280E-01 7.217E-02 6.00E-01
2.427E-02 2.947E-01 2.236E-01 7.113E-02 6.09E-01
2.399E-02 2.893E-01 2.192E-01 7.010E-02 6.18E-01
2.371E-02 2.840E-01 2.149E-01 6.908E-02 6.26E-01
2.344E-02 2.787E-01 2.107E-01 6.806E-02 6.35E-01
2.317E-02 2.735E-01 2.065E-01 6.704E-02 6.43E-01
2.291E-02 2.684E-01 2.023E-01 6.603E-02 6.51E-01
2.265E-02 2.633E-01 1.983E-01 6.503E-02 6.59E-01
2.239E-02 2.583E-01 1.943E-01 6.403E-02 6.68E-01
2.213E-02 2.534E-01 1.903E-01 6.304E-02 6.75E-01
2.188E-02 2.485E-01 1.865E-01 6.206E-02 6.83E-01
2.163E-02 2.437E-01 1.827E-01 6.107E-02 6.91E-01
2.138E-02 2.391E-01 1.790E-01 6.012E-02 6.98E-01
2.113E-02 2.345E-01 1.753E-01 5.917E-02 7.05E-01
2.089E-02 2.299E-01 1.717E-01 5.822E-02 7.12E-01
2.065E-02 2.253E-01 1.681E-01 5.727E-02 7.19E-01
2.042E-02 2.210E-01 1.646E-01 5.637E-02 7.26E-01
2.018E-02 2.167E-01 1.612E-01 5.547E-02 7.32E-01
1.995E-02 2.124E-01 1.579E-01 5.457E-02 7.38E-01
1.972E-02 2.082E-01 1.545E-01 5.368E-02 7.44E-01
1.950E-02 2.040E-01 1.512E-01 5.279E-02 7.49E-01
1.928E-02 1.998E-01 1.479E-01 5.191E-02 7.55E-01
1.905E-02 1.957E-01 1.447E-01 5.104E-02 7.60E-01
1.884E-02 1.918E-01 1.416E-01 5.020E-02 7.64E-01
1.862E-02 1.879E-01 1.385E-01 4.937E-02 7.69E-01
1.841E-02 1.840E-01 1.355E-01 4.854E-02 7.73E-01
1.820E-02 1.803E-01 1.325E-01 4.773E-02 7.77E-01
1.799E-02 1.766E-01 1.296E-01 4.694E-02 7.81E-01
1.778E-02 1.730E-01 1.268E-01 4.616E-02 7.84E-01
1.758E-02 1.695E-01 1.241E-01 4.540E-02 7.88E-01
1.738E-02 1.660E-01 1.214E-01 4.465E-02 7.91E-01
1.718E-02 1.626E-01 1.187E-01 4.390E-02 7.94E-01
1.698E-02 1.592E-01 1.160E-01 4.317E-02 7.97E-01
1.679E-02 1.559E-01 1.134E-01 4.244E-02 7.99E-01
1.660E-02 1.527E-01 1.109E-01 4.174E-02 8.02E-01
1.641E-02 1.495E-01 1.085E-01 4.104E-02 8.04E-01
1.622E-02 1.464E-01 1.061E-01 4.034E-02 8.07E-01
1.603E-02 1.433E-01 1.037E-01 3.965E-02 8.09E-01
1.585E-02 1.403E-01 1.014E-01 3.896E-02 8.11E-01
1.567E-02 1.374E-01 9.909E-02 3.829E-02 8.14E-01
1.549E-02 1.345E-01 9.689E-02 3.763E-02 8.16E-01
1.531E-02 1.317E-01 9.470E-02 3.697E-02 8.18E-01
1.514E-02 1.289E-01 9.254E-02 3.632E-02 8.21E-01
1.496E-02 1.261E-01 9.043E-02 3.567E-02 8.23E-01
1.479E-02 1.234E-01 8.836E-02 3.503E-02 8.26E-01
1.462E-02 1.207E-01 8.635E-02 3.439E-02 8.28E-01
1.445E-02 1.182E-01 8.440E-02 3.377E-02 8.31E-01
1.429E-02 1.156E-01 8.247E-02 3.314E-02 8.34E-01
1.413E-02 1.131E-01 8.058E-02 3.252E-02 8.37E-01
1.396E-02 1.106E-01 7.874E-02 3.190E-02 8.40E-01
1.380E-02 1.082E-01 7.695E-02 3.129E-02 8.43E-01
1.365E-02 1.059E-01 7.518E-02 3.068E-02 8.47E-01
1.349E-02 1.035E-01 7.344E-02 3.008E-02 8.50E-01
1.334E-02 1.012E-01 7.173E-02 2.948E-02 8.53E-01
1.318E-02 9.896E-02 7.007E-02 2.889E-02 8.57E-01
1.303E-02 9.676E-02 6.845E-02 2.831E-02 8.60E-01
1.288E-02 9.462E-02 6.687E-02 2.775E-02 8.63E-01
1.274E-02 9.249E-02 6.531E-02 2.718E-02 8.67E-01
1.259E-02 9.038E-02 6.376E-02 2.662E-02 8.70E-01
1.245E-02 8.830E-02 6.223E-02 2.606E-02 8.73E-01
1.230E-02 8.634E-02 6.080E-02 2.554E-02 8.76E-01
1.216E-02 8.443E-02 5.940E-02 2.502E-02 8.79E-01
1.202E-02 8.252E-02 5.801E-02 2.451E-02 8.82E-01
1.189E-02 8.063E-02 5.663E-02 2.400E-02 8.84E-01
1.175E-02 7.875E-02 5.527E-02 2.349E-02 8.87E-01
1.161E-02 7.690E-02 5.391E-02 2.298E-02 8.89E-01
1.148E-02 7.507E-02 5.258E-02 2.249E-02 8.91E-01
1.135E-02 7.328E-02 5.128E-02 2.200E-02 8.93E-01
1.122E-02 7.154E-02 5.002E-02 2.152E-02 8.95E-01
1.109E-02 6.986E-02 4.880E-02 2.106E-02 8.96E-01
1.096E-02 6.821E-02 4.761E-02 2.060E-02 8.98E-01
1.084E-02 6.659E-02 4.644E-02 2.015E-02 8.99E-01
1.072E-02 6.500E-02 4.529E-02 1.971E-02 9.00E-01
1.059E-02 6.345E-02 4.418E-02 1.927E-02 9.02E-01
1.047E-02 6.195E-02 4.310E-02 1.885E-02 9.03E-01
1.035E-02 6.050E-02 4.206E-02 1.844E-02 9.04E-01
1.023E-02 5.906E-02 4.103E-02 1.803E-02 9.06E-01
1.012E-02 5.764E-02 4.002E-02 1.762E-02 9.07E-01
1.000E-02 5.624E-02 3.902E-02 1.722E-02 9.09E-01
9.886E-03 5.487E-02 3.804E-02 1.683E-02 9.10E-01
9.772E-03 5.353E-02 3.709E-02 1.644E-02 9.12E-01
9.661E-03 5.223E-02 3.617E-02 1.606E-02 9.13E-01
9.550E-03 5.097E-02 3.528E-02 1.569E-02 9.15E-01
9.441E-03 4.972E-02 3.440E-02 1.532E-02 9.17E-01
9.333E-03 4.849E-02 3.354E-02 1.495E-02 9.19E-01
9.226E-03 4.728E-02 3.269E-02 1.459E-02 9.21E-01
9.120E-03 4.610E-02 3.186E-02 1.424E-02 9.23E-01
9.016E-03 4.494E-02 3.106E-02 1.389E-02 9.25E-01
8.913E-03 4.382E-02 3.028E-02 1.355E-02 9.26E-01
8.810E-03 4.274E-02 2.952E-02 1.322E-02 9.28E-01
8.710E-03 4.166E-02 2.877E-02 1.289E-02 9.30E-01
8.610E-03 4.060E-02 2.803E-02 1.256E-02 9.31E-01
8.511E-03 3.956E-02 2.732E-02 1.224E-02 9.33E-01
8.414E-03 3.855E-02 2.662E-02 1.193E-02 9.34E-01
8.318E-03 3.757E-02 2.594E-02 1.163E-02 9.35E-01
8.222E-03 3.662E-02 2.528E-02 1.133E-02 9.36E-01
8.128E-03 3.567E-02 2.463E-02 1.104E-02 9.37E-01
8.035E-03 3.475E-02 2.400E-02 1.075E-02 9.38E-01
7.943E-03 3.384E-02 2.338E-02 1.047E-02 9.39E-01
7.852E-03 3.296E-02 2.277E-02 1.019E-02 9.39E-01
7.762E-03 3.210E-02 2.219E-02 9.916E-03 9.40E-01
7.674E-03 3.125E-02 2.160E-02 9.646E-03 9.41E-01
7.586E-03 3.041E-02 2.104E-02 9.379E-03 9.42E-01
7.499E-03 2.960E-02 2.048E-02 9.118E-03 9.43E-01
7.413E-03 2.881E-02 1.995E-02 8.863E-03 9.44E-01
7.328E-03 2.806E-02 1.944E-02 8.615E-03 9.46E-01
7.244E-03 2.731E-02 1.894E-02 8.369E-03 9.47E-01
7.161E-03 2.657E-02 1.845E-02 8.125E-03 9.48E-01
7.079E-03 2.586E-02 1.797E-02 7.888E-03 9.49E-01
6.998E-03 2.515E-02 1.750E-02 7.654E-03 9.50E-01
6.918E-03 2.446E-02 1.704E-02 7.423E-03 9.52E-01
6.839E-03 2.379E-02 1.659E-02 7.197E-03 9.53E-01
6.761E-03 2.313E-02 1.616E-02 6.974E-03 9.54E-01
6.683E-03 2.249E-02 1.573E-02 6.754E-03 9.54E-01
6.607E-03 2.185E-02 1.531E-02 6.536E-03 9.55E-01
6.531E-03 2.123E-02 1.490E-02 6.322E-03 9.56E-01
6.457E-03 2.063E-02 1.452E-02 6.115E-03 9.57E-01
6.383E-03 2.004E-02 1.413E-02 5.910E-03 9.57E-01
6.310E-03 1.946E-02 1.375E-02 5.706E-03 9.58E-01
6.237E-03 1.888E-02 1.338E-02 5.504E-03 9.59E-01
6.166E-03 1.834E-02 1.303E-02 5.309E-03 9.59E-01
6.095E-03 1.782E-02 1.270E-02 5.121E-03 9.60E-01
6.026E-03 1.730E-02 1.237E-02 4.932E-03 9.61E-01
5.957E-03 1.678E-02 1.204E-02 4.741E-03 9.62E-01
5.888E-03 1.627E-02 1.171E-02 4.551E-03 9.62E-01
5.821E-03 1.576E-02 1.140E-02 4.360E-03 9.63E-01
5.754E-03 1.525E-02 1.108E-02 4.170E-03 9.64E-01
5.689E-03 1.476E-02 1.078E-02 3.981E-03 9.65E-01
5.623E-03 1.428E-02 1.048E-02 3.795E-03 9.66E-01
5.559E-03 1.382E-02 1.020E-02 3.617E-03 9.66E-01
5.495E-03 1.336E-02 9.922E-03 3.438E-03 9.67E-01
5.433E-03 1.291E-02 9.651E-03 3.256E-03 9.68E-01
5.370E-03 1.246E-02 9.387E-03 3.074E-03 9.68E-01
5.309E-03 1.202E-02 9.132E-03 2.890E-03 9.69E-01
5.248E-03 1.159E-02 8.885E-03 2.705E-03 9.69E-01
5.188E-03 1.117E-02 8.649E-03 2.521E-03 9.70E-01
5.129E-03 1.082E-02 8.416E-03 2.400E-03 9.70E-01
5.070E-03 1.047E-02 8.185E-03 2.283E-03 9.71E-01
5.012E-03 1.009E-02 7.960E-03 2.127E-03 9.71E-01
4.955E-03 9.674E-03 7.741E-03 1.933E-03 9.72E-01
4.898E-03 9.236E-03 7.529E-03 1.706E-03 9.73E-01
4.842E-03 8.778E-03 7.326E-03 1.452E-03 9.73E-01
4.786E-03 8.309E-03 7.132E-03 1.178E-03 9.74E-01
4.732E-03 7.742E-03 6.937E-03 8.053E-04 9.74E-01
4.677E-03 7.165E-03 6.744E-03 4.203E-04 9.75E-01
4.624E-03 6.688E-03 6.559E-03 1.293E-04 9.75E-01
4.571E-03 6.397E-03 6.381E-03 1.568E-05 9.76E-01
4.519E-03 6.397E-03 6.211E-03 1.852E-04 9.76E-01
4.467E-03 6.821E-03 6.052E-03 7.696E-04 9.76E-01
4.416E-03 1.306E-01 1.252E-01 5.360E-03 9.77E-01
4.365E-03 1.275E-01 1.228E-01 4.739E-03 9.77E-01
4.315E-03 1.246E-01 1.204E-01 4.254E-03 9.78E-01
4.266E-03 1.221E-01 1.179E-01 4.133E-03 9.78E-01
4.217E-03 1.198E-01 1.156E-01 4.276E-03 9.79E-01
4.169E-03 1.178E-01 1.132E-01 4.589E-03 9.79E-01
4.121E-03 1.158E-01 1.109E-01 4.925E-03 9.80E-01
4.074E-03 1.137E-01 1.086E-01 5.104E-03 9.80E-01
4.027E-03 1.116E-01 1.064E-01 5.246E-03 9.80E-01
3.981E-03 1.094E-01 1.041E-01 5.327E-03 9.81E-01
3.935E-03 1.072E-01 1.019E-01 5.325E-03 9.81E-01
3.890E-03 1.050E-01 9.975E-02 5.226E-03 9.81E-01
3.846E-03 1.028E-01 9.761E-02 5.177E-03 9.82E-01
3.802E-03 1.007E-01 9.548E-02 5.189E-03 9.82E-01
3.758E-03 9.856E-02 9.337E-02 5.192E-03 9.82E-01
3.715E-03 9.648E-02 9.129E-02 5.184E-03 9.83E-01
3.673E-03 9.441E-02 8.925E-02 5.161E-03 9.83E-01
3.631E-03 9.237E-02 8.724E-02 5.130E-03 9.84E-01
3.589E-03 9.036E-02 8.526E-02 5.103E-03 9.84E-01
3.548E-03 8.837E-02 8.329E-02 5.072E-03 9.84E-01
3.508E-03 8.640E-02 8.136E-02 5.036E-03 9.84E-01
3.467E-03 8.446E-02 7.946E-02 4.993E-03 9.85E-01
3.428E-03 8.255E-02 7.760E-02 4.945E-03 9.85E-01
3.388E-03 8.066E-02 7.576E-02 4.898E-03 9.85E-01
3.350E-03 7.880E-02 7.395E-02 4.847E-03 9.86E-01
3.311E-03 7.696E-02 7.217E-02 4.794E-03 9.86E-01
3.273E-03 7.516E-02 7.042E-02 4.736E-03 9.86E-01
3.236E-03 7.341E-02 6.873E-02 4.676E-03 9.86E-01
3.199E-03 7.168E-02 6.706E-02 4.615E-03 9.87E-01
3.162E-03 6.995E-02 6.540E-02 4.554E-03 9.87E-01
3.126E-03 6.824E-02 6.375E-02 4.492E-03 9.87E-01
3.090E-03 6.659E-02 6.216E-02 4.430E-03 9.87E-01
3.055E-03 6.506E-02 6.069E-02 4.368E-03 9.88E-01
3.020E-03 6.353E-02 5.923E-02 4.305E-03 9.88E-01
2.985E-03 6.200E-02 5.776E-02 4.241E-03 9.88E-01
2.951E-03 6.047E-02 5.630E-02 4.177E-03 9.88E-01
2.917E-03 5.895E-02 5.484E-02 4.113E-03 9.89E-01
2.884E-03 5.744E-02 5.340E-02 4.048E-03 9.89E-01
2.851E-03 5.595E-02 5.197E-02 3.982E-03 9.89E-01
2.818E-03 5.447E-02 5.055E-02 3.917E-03 9.89E-01
2.786E-03 5.301E-02 4.916E-02 3.851E-03 9.89E-01
2.754E-03 5.158E-02 4.780E-02 3.784E-03 9.90E-01
2.723E-03 5.024E-02 4.653E-02 3.717E-03 9.90E-01
2.692E-03 4.892E-02 4.527E-02 3.650E-03 9.90E-01
2.661E-03 4.762E-02 4.403E-02 3.583E-03 9.90E-01
2.630E-03 4.633E-02 4.282E-02 3.516E-03 9.90E-01
2.600E-03 4.508E-02 4.163E-02 3.449E-03 9.91E-01
2.570E-03 4.386E-02 4.048E-02 3.382E-03 9.91E-01
2.541E-03 4.268E-02 3.937E-02 3.315E-03 9.91E-01
2.512E-03 4.154E-02 3.829E-02 3.249E-03 9.91E-01
2.483E-03 4.045E-02 3.727E-02 3.183E-03 9.91E-01
2.455E-03 3.936E-02 3.624E-02 3.119E-03 9.92E-01
2.427E-03 3.828E-02 3.522E-02 3.057E-03 9.92E-01
2.399E-03 3.722E-02 3.422E-02 2.995E-03 9.92E-01
2.371E-03 3.618E-02 3.325E-02 2.934E-03 9.92E-01
2.344E-03 3.517E-02 3.230E-02 2.873E-03 9.92E-01
2.317E-03 3.419E-02 3.138E-02 2.814E-03 9.92E-01
2.291E-03 3.324E-02 3.049E-02 2.755E-03 9.93E-01
2.265E-03 3.234E-02 2.964E-02 2.698E-03 9.93E-01
2.239E-03 3.145E-02 2.881E-02 2.642E-03 9.93E-01
2.213E-03 3.056E-02 2.798E-02 2.586E-03 9.93E-01
2.188E-03 2.969E-02 2.716E-02 2.530E-03 9.93E-01
2.163E-03 2.884E-02 2.637E-02 2.476E-03 9.93E-01
2.138E-03 2.802E-02 2.559E-02 2.422E-03 9.93E-01
2.113E-03 2.722E-02 2.485E-02 2.370E-03 9.93E-01
2.089E-03 2.645E-02 2.413E-02 2.318E-03 9.94E-01
2.065E-03 2.571E-02 2.344E-02 2.268E-03 9.94E-01
2.042E-03 2.497E-02 2.275E-02 2.218E-03 9.94E-01
2.018E-03 2.425E-02 2.208E-02 2.170E-03 9.94E-01
1.995E-03 2.354E-02 2.142E-02 2.121E-03 9.94E-01
1.972E-03 2.285E-02 2.078E-02 2.074E-03 9.94E-01
1.950E-03 2.219E-02 2.016E-02 2.028E-03 9.94E-01
1.928E-03 2.155E-02 1.956E-02 1.983E-03 9.94E-01
1.905E-03 2.093E-02 1.899E-02 1.939E-03 9.95E-01
1.884E-03 2.032E-02 1.842E-02 1.895E-03 9.95E-01
1.862E-03 1.972E-02 1.787E-02 1.852E-03 9.95E-01
1.841E-03 1.913E-02 1.732E-02 1.810E-03 9.95E-01
1.820E-03 1.856E-02 1.680E-02 1.769E-03 9.95E-01
1.799E-03 1.801E-02 1.629E-02 1.728E-03 9.95E-01
1.778E-03 1.749E-02 1.580E-02 1.688E-03 9.95E-01
1.758E-03 1.697E-02 1.532E-02 1.650E-03 9.95E-01
1.738E-03 1.647E-02 1.485E-02 1.611E-03 9.95E-01
1.718E-03 1.597E-02 1.440E-02 1.574E-03 9.95E-01
1.698E-03 1.549E-02 1.396E-02 1.537E-03 9.96E-01
1.679E-03 1.503E-02 1.353E-02 1.501E-03 9.96E-01
1.660E-03 1.458E-02 1.312E-02 1.466E-03 9.96E-01
1.641E-03 1.415E-02 1.272E-02 1.432E-03 9.96E-01
1.622E-03 1.372E-02 1.232E-02 1.399E-03 9.96E-01
1.603E-03 1.331E-02 1.194E-02 1.366E-03 9.96E-01
1.585E-03 1.290E-02 1.157E-02 1.334E-03 9.96E-01
1.567E-03 1.251E-02 1.121E-02 1.303E-03 9.96E-01
1.549E-03 1.214E-02 1.086E-02 1.272E-03 9.96E-01
1.531E-03 1.177E-02 1.053E-02 1.242E-03 9.96E-01
1.514E-03 1.141E-02 1.020E-02 1.213E-03 9.96E-01
1.496E-03 1.106E-02 9.878E-03 1.184E-03 9.96E-01
1.479E-03 1.072E-02 9.568E-03 1.156E-03 9.96E-01
1.462E-03 1.040E-02 9.271E-03 1.129E-03 9.97E-01
1.445E-03 1.008E-02 8.981E-03 1.102E-03 9.97E-01
1.429E-03 9.773E-03 8.697E-03 1.076E-03 9.97E-01
1.413E-03 9.471E-03 8.421E-03 1.050E-03 9.97E-01
1.396E-03 9.180E-03 8.154E-03 1.025E-03 9.97E-01
1.380E-03 8.899E-03 7.898E-03 1.001E-03 9.97E-01
1.365E-03 8.626E-03 7.649E-03 9.774E-04 9.97E-01
1.349E-03 8.360E-03 7.406E-03 9.541E-04 9.97E-01
1.334E-03 8.102E-03 7.171E-03 9.313E-04 9.97E-01
1.318E-03 7.852E-03 6.943E-03 9.090E-04 9.97E-01
1.303E-03 7.613E-03 6.726E-03 8.874E-04 9.97E-01
1.288E-03 7.382E-03 6.516E-03 8.665E-04 9.97E-01
1.274E-03 7.155E-03 6.309E-03 8.456E-04 9.97E-01
1.259E-03 6.932E-03 6.107E-03 8.252E-04 9.97E-01
1.245E-03 6.714E-03 5.908E-03 8.050E-04 9.97E-01
1.230E-03 6.511E-03 5.725E-03 7.862E-04 9.97E-01
1.216E-03 6.317E-03 5.549E-03 7.680E-04 9.98E-01
1.202E-03 6.125E-03 5.375E-03 7.501E-04 9.98E-01
1.189E-03 5.935E-03 5.203E-03 7.322E-04 9.98E-01
1.175E-03 5.749E-03 5.034E-03 7.146E-04 9.98E-01
1.161E-03 5.566E-03 4.869E-03 6.973E-04 9.98E-01
1.148E-03 5.387E-03 4.707E-03 6.803E-04 9.98E-01
1.135E-03 5.214E-03 4.550E-03 6.637E-04 9.98E-01
1.122E-03 5.048E-03 4.401E-03 6.477E-04 9.98E-01
1.109E-03 4.890E-03 4.258E-03 6.321E-04 9.98E-01
1.096E-03 4.735E-03 4.119E-03 6.168E-04 9.98E-01
1.084E-03 4.585E-03 3.983E-03 6.018E-04 9.98E-01
1.072E-03 4.439E-03 3.852E-03 5.871E-04 9.98E-01
1.059E-03 4.299E-03 3.726E-03 5.730E-04 9.98E-01
1.047E-03 4.165E-03 3.606E-03 5.591E-04 9.98E-01
1.035E-03 4.038E-03 3.492E-03 5.459E-04 9.98E-01
1.023E-03 3.912E-03 3.379E-03 5.328E-04 9.98E-01
1.012E-03 3.789E-03 3.269E-03 5.199E-04 9.98E-01
