w(micron)   Q_ext     Q_abs     Q_sca    g=<cos>
1.000E+03 2.963E-09 2.963E-09 6.544E-22 0.00E+00
9.886E+02 3.031E-09 3.031E-09 6.852E-22 0.00E+00
9.772E+02 3.099E-09 3.099E-09 7.175E-22 0.00E+00
9.661E+02 3.170E-09 3.170E-09 7.512E-22 0.00E+00
9.550E+02 3.242E-09 3.242E-09 7.866E-22 0.00E+00
9.441E+02 3.315E-09 3.315E-09 8.237E-22 0.00E+00
9.333E+02 3.391E-09 3.391E-09 8.625E-22 0.00E+00
9.226E+02 3.468E-09 3.468E-09 9.031E-22 0.00E+00
9.120E+02 3.546E-09 3.546E-09 9.456E-22 0.00E+00
9.016E+02 3.627E-09 3.627E-09 9.902E-22 0.00E+00
8.913E+02 3.710E-09 3.710E-09 1.037E-21 0.00E+00
8.810E+02 3.794E-09 3.794E-09 1.086E-21 0.00E+00
8.710E+02 3.881E-09 3.881E-09 1.137E-21 0.00E+00
8.610E+02 3.969E-09 3.969E-09 1.190E-21 0.00E+00
8.511E+02 4.060E-09 4.060E-09 1.246E-21 0.00E+00
8.414E+02 4.152E-09 4.152E-09 1.305E-21 0.00E+00
8.318E+02 4.247E-09 4.247E-09 1.367E-21 0.00E+00
8.222E+02 4.344E-09 4.344E-09 1.431E-21 0.00E+00
8.128E+02 4.443E-09 4.443E-09 1.498E-21 0.00E+00
8.035E+02 4.545E-09 4.545E-09 1.569E-21 0.00E+00
7.943E+02 4.648E-09 4.648E-09 1.643E-21 0.00E+00
7.852E+02 4.755E-09 4.755E-09 1.720E-21 0.00E+00
7.762E+02 4.863E-09 4.863E-09 1.801E-21 0.00E+00
7.674E+02 4.975E-09 4.975E-09 1.886E-21 0.00E+00
7.586E+02 5.088E-09 5.088E-09 1.975E-21 0.00E+00
7.499E+02 5.205E-09 5.205E-09 2.068E-21 0.00E+00
7.413E+02 5.324E-09 5.324E-09 2.165E-21 0.00E+00
7.328E+02 5.446E-09 5.446E-09 2.267E-21 0.00E+00
7.244E+02 5.570E-09 5.570E-09 2.374E-21 0.00E+00
7.161E+02 5.698E-09 5.698E-09 2.486E-21 0.00E+00
7.079E+02 5.829E-09 5.829E-09 2.603E-21 0.00E+00
6.998E+02 5.962E-09 5.962E-09 2.725E-21 0.00E+00
6.918E+02 6.099E-09 6.099E-09 2.853E-21 0.00E+00
6.839E+02 6.239E-09 6.239E-09 2.988E-21 0.00E+00
6.761E+02 6.382E-09 6.382E-09 3.128E-21 0.00E+00
6.683E+02 6.528E-09 6.528E-09 3.276E-21 0.00E+00
6.607E+02 6.678E-09 6.678E-09 3.430E-21 0.00E+00
6.531E+02 6.831E-09 6.831E-09 3.591E-21 0.00E+00
6.457E+02 6.988E-09 6.988E-09 3.761E-21 0.00E+00
6.383E+02 7.148E-09 7.148E-09 3.938E-21 0.00E+00
6.310E+02 7.312E-09 7.312E-09 4.123E-21 0.00E+00
6.237E+02 7.480E-09 7.480E-09 4.317E-21 0.00E+00
6.166E+02 7.652E-09 7.652E-09 4.520E-21 0.00E+00
6.095E+02 7.828E-09 7.828E-09 4.733E-21 0.00E+00
6.026E+02 8.008E-09 8.008E-09 4.956E-21 0.00E+00
5.957E+02 8.192E-09 8.192E-09 5.189E-21 0.00E+00
5.888E+02 8.380E-09 8.380E-09 5.433E-21 0.00E+00
5.821E+02 8.572E-09 8.572E-09 5.689E-21 0.00E+00
5.754E+02 8.769E-09 8.769E-09 5.957E-21 0.00E+00
5.689E+02 8.971E-09 8.971E-09 6.237E-21 0.00E+00
5.623E+02 9.177E-09 9.177E-09 6.531E-21 0.00E+00
5.559E+02 9.388E-09 9.388E-09 6.838E-21 0.00E+00
5.495E+02 9.604E-09 9.604E-09 7.160E-21 0.00E+00
5.433E+02 9.825E-09 9.825E-09 7.497E-21 0.00E+00
5.370E+02 1.005E-08 1.005E-08 7.849E-21 0.00E+00
5.309E+02 1.028E-08 1.028E-08 8.219E-21 0.00E+00
5.248E+02 1.052E-08 1.052E-08 8.605E-21 0.00E+00
5.188E+02 1.076E-08 1.076E-08 9.010E-21 0.00E+00
5.129E+02 1.101E-08 1.101E-08 9.434E-21 0.00E+00
5.070E+02 1.126E-08 1.126E-08 9.878E-21 0.00E+00
5.012E+02 1.152E-08 1.152E-08 1.034E-20 0.00E+00
4.955E+02 1.179E-08 1.179E-08 1.083E-20 0.00E+00
4.898E+02 1.206E-08 1.206E-08 1.134E-20 0.00E+00
4.842E+02 1.233E-08 1.233E-08 1.187E-20 0.00E+00
4.786E+02 1.262E-08 1.262E-08 1.243E-20 0.00E+00
4.732E+02 1.291E-08 1.291E-08 1.302E-20 0.00E+00
4.677E+02 1.320E-08 1.320E-08 1.363E-20 0.00E+00
4.624E+02 1.351E-08 1.351E-08 1.427E-20 0.00E+00
4.571E+02 1.382E-08 1.382E-08 1.494E-20 0.00E+00
4.519E+02 1.414E-08 1.414E-08 1.564E-20 0.00E+00
4.467E+02 1.446E-08 1.446E-08 1.638E-20 0.00E+00
4.416E+02 1.479E-08 1.479E-08 1.715E-20 0.00E+00
4.365E+02 1.513E-08 1.513E-08 1.795E-20 0.00E+00
4.315E+02 1.548E-08 1.548E-08 1.880E-20 0.00E+00
4.266E+02 1.584E-08 1.584E-08 1.968E-20 0.00E+00
4.217E+02 1.620E-08 1.620E-08 2.061E-20 0.00E+00
4.169E+02 1.658E-08 1.658E-08 2.158E-20 0.00E+00
4.121E+02 1.696E-08 1.696E-08 2.259E-20 0.00E+00
4.074E+02 1.735E-08 1.735E-08 2.365E-20 0.00E+00
4.027E+02 1.775E-08 1.775E-08 2.476E-20 0.00E+00
3.981E+02 1.815E-08 1.815E-08 2.593E-20 0.00E+00
3.936E+02 1.857E-08 1.857E-08 2.715E-20 0.00E+00
3.890E+02 1.900E-08 1.900E-08 2.842E-20 0.00E+00
3.846E+02 1.943E-08 1.943E-08 2.976E-20 0.00E+00
3.802E+02 1.988E-08 1.988E-08 3.116E-20 0.00E+00
3.758E+02 2.034E-08 2.034E-08 3.262E-20 0.00E+00
3.715E+02 2.080E-08 2.080E-08 3.415E-20 0.00E+00
3.673E+02 2.128E-08 2.128E-08 3.576E-20 0.00E+00
3.631E+02 2.177E-08 2.177E-08 3.744E-20 0.00E+00
3.589E+02 2.227E-08 2.227E-08 3.920E-20 0.00E+00
3.548E+02 2.278E-08 2.278E-08 4.104E-20 0.00E+00
3.508E+02 2.331E-08 2.331E-08 4.296E-20 0.00E+00
3.467E+02 2.384E-08 2.384E-08 4.498E-20 0.00E+00
3.428E+02 2.439E-08 2.439E-08 4.709E-20 0.00E+00
3.388E+02 2.495E-08 2.495E-08 4.931E-20 0.00E+00
3.350E+02 2.552E-08 2.552E-08 5.162E-20 0.00E+00
3.311E+02 2.611E-08 2.611E-08 5.404E-20 0.00E+00
3.273E+02 2.670E-08 2.670E-08 5.658E-20 0.00E+00
3.236E+02 2.732E-08 2.732E-08 5.924E-20 0.00E+00
3.199E+02 2.794E-08 2.794E-08 6.202E-20 0.00E+00
3.162E+02 2.858E-08 2.858E-08 6.493E-20 0.00E+00
3.126E+02 2.924E-08 2.924E-08 6.797E-20 0.00E+00
3.090E+02 2.991E-08 2.991E-08 7.116E-20 0.00E+00
3.055E+02 3.059E-08 3.059E-08 7.450E-20 0.00E+00
3.020E+02 3.129E-08 3.129E-08 7.800E-20 0.00E+00
2.985E+02 3.201E-08 3.201E-08 8.166E-20 0.00E+00
2.951E+02 3.274E-08 3.274E-08 8.549E-20 0.00E+00
2.917E+02 3.349E-08 3.349E-08 8.950E-20 0.00E+00
2.884E+02 3.426E-08 3.426E-08 9.369E-20 0.00E+00
2.851E+02 3.504E-08 3.504E-08 9.809E-20 0.00E+00
2.818E+02 3.584E-08 3.584E-08 1.027E-19 0.00E+00
2.786E+02 3.666E-08 3.666E-08 1.075E-19 0.00E+00
2.754E+02 3.750E-08 3.750E-08 1.125E-19 0.00E+00
2.723E+02 3.835E-08 3.835E-08 1.178E-19 0.00E+00
2.692E+02 3.923E-08 3.923E-08 1.233E-19 0.00E+00
2.661E+02 4.012E-08 4.012E-08 1.291E-19 0.00E+00
2.630E+02 4.104E-08 4.104E-08 1.352E-19 0.00E+00
2.600E+02 4.197E-08 4.197E-08 1.415E-19 0.00E+00
2.570E+02 4.293E-08 4.293E-08 1.481E-19 0.00E+00
2.541E+02 4.391E-08 4.391E-08 1.551E-19 0.00E+00
2.512E+02 4.491E-08 4.491E-08 1.623E-19 0.00E+00
2.483E+02 4.593E-08 4.593E-08 1.699E-19 0.00E+00
2.455E+02 4.698E-08 4.698E-08 1.779E-19 0.00E+00
2.427E+02 4.805E-08 4.805E-08 1.862E-19 0.00E+00
2.399E+02 4.914E-08 4.914E-08 1.949E-19 0.00E+00
2.371E+02 5.025E-08 5.025E-08 2.040E-19 0.00E+00
2.344E+02 5.140E-08 5.140E-08 2.136E-19 0.00E+00
2.317E+02 5.256E-08 5.256E-08 2.236E-19 0.00E+00
2.291E+02 5.376E-08 5.376E-08 2.340E-19 0.00E+00
2.265E+02 5.498E-08 5.498E-08 2.450E-19 0.00E+00
2.239E+02 5.622E-08 5.622E-08 2.564E-19 0.00E+00
2.213E+02 5.750E-08 5.750E-08 2.684E-19 0.00E+00
2.188E+02 5.880E-08 5.880E-08 2.809E-19 0.00E+00
2.163E+02 6.013E-08 6.013E-08 2.941E-19 0.00E+00
2.138E+02 6.149E-08 6.149E-08 3.078E-19 0.00E+00
2.113E+02 6.288E-08 6.288E-08 3.222E-19 0.00E+00
2.089E+02 6.430E-08 6.430E-08 3.372E-19 0.00E+00
2.065E+02 6.576E-08 6.576E-08 3.530E-19 0.00E+00
2.042E+02 6.724E-08 6.724E-08 3.694E-19 0.00E+00
2.018E+02 6.876E-08 6.876E-08 3.867E-19 0.00E+00
1.995E+02 7.031E-08 7.031E-08 4.047E-19 0.00E+00
1.972E+02 7.190E-08 7.190E-08 4.236E-19 0.00E+00
1.950E+02 7.352E-08 7.352E-08 4.434E-19 0.00E+00
1.928E+02 7.517E-08 7.517E-08 4.641E-19 0.00E+00
1.905E+02 7.686E-08 7.686E-08 4.857E-19 0.00E+00
1.884E+02 7.859E-08 7.859E-08 5.083E-19 0.00E+00
1.862E+02 8.036E-08 8.036E-08 5.320E-19 0.00E+00
1.841E+02 8.217E-08 8.217E-08 5.568E-19 0.00E+00
1.820E+02 8.401E-08 8.401E-08 5.828E-19 0.00E+00
1.799E+02 8.590E-08 8.590E-08 6.099E-19 0.00E+00
1.778E+02 8.782E-08 8.782E-08 6.383E-19 0.00E+00
1.758E+02 8.979E-08 8.979E-08 6.681E-19 0.00E+00
1.738E+02 9.180E-08 9.180E-08 6.991E-19 0.00E+00
1.718E+02 9.386E-08 9.386E-08 7.317E-19 0.00E+00
1.698E+02 9.596E-08 9.596E-08 7.657E-19 0.00E+00
1.679E+02 9.810E-08 9.810E-08 8.013E-19 0.00E+00
1.660E+02 1.003E-07 1.003E-07 8.386E-19 0.00E+00
1.641E+02 1.025E-07 1.025E-07 8.776E-19 0.00E+00
1.622E+02 1.048E-07 1.048E-07 9.184E-19 0.00E+00
1.603E+02 1.072E-07 1.072E-07 9.610E-19 0.00E+00
1.585E+02 1.095E-07 1.095E-07 1.006E-18 0.00E+00
1.567E+02 1.120E-07 1.120E-07 1.052E-18 0.00E+00
1.549E+02 1.145E-07 1.145E-07 1.101E-18 0.00E+00
1.531E+02 1.170E-07 1.170E-07 1.152E-18 0.00E+00
1.514E+02 1.196E-07 1.196E-07 1.206E-18 0.00E+00
1.496E+02 1.223E-07 1.223E-07 1.262E-18 0.00E+00
1.479E+02 1.250E-07 1.250E-07 1.320E-18 0.00E+00
1.462E+02 1.277E-07 1.277E-07 1.381E-18 0.00E+00
1.445E+02 1.306E-07 1.306E-07 1.445E-18 0.00E+00
1.429E+02 1.335E-07 1.335E-07 1.512E-18 0.00E+00
1.413E+02 1.364E-07 1.364E-07 1.582E-18 0.00E+00
1.396E+02 1.394E-07 1.394E-07 1.656E-18 0.00E+00
1.380E+02 1.425E-07 1.425E-07 1.732E-18 0.00E+00
1.365E+02 1.456E-07 1.456E-07 1.813E-18 0.00E+00
1.349E+02 1.489E-07 1.489E-07 1.896E-18 0.00E+00
1.334E+02 1.521E-07 1.521E-07 1.984E-18 0.00E+00
1.318E+02 1.555E-07 1.555E-07 2.076E-18 0.00E+00
1.303E+02 1.589E-07 1.589E-07 2.172E-18 0.00E+00
1.288E+02 1.624E-07 1.624E-07 2.272E-18 0.00E+00
1.274E+02 1.660E-07 1.660E-07 2.377E-18 0.00E+00
1.259E+02 1.696E-07 1.696E-07 2.487E-18 0.00E+00
1.245E+02 1.733E-07 1.733E-07 2.601E-18 0.00E+00
1.230E+02 1.771E-07 1.771E-07 2.721E-18 0.00E+00
1.216E+02 1.810E-07 1.810E-07 2.847E-18 0.00E+00
1.202E+02 1.850E-07 1.850E-07 2.978E-18 0.00E+00
1.189E+02 1.890E-07 1.890E-07 3.115E-18 0.00E+00
1.175E+02 1.932E-07 1.932E-07 3.259E-18 0.00E+00
1.161E+02 1.974E-07 1.974E-07 3.409E-18 0.00E+00
1.148E+02 2.017E-07 2.017E-07 3.566E-18 0.00E+00
1.135E+02 2.061E-07 2.061E-07 3.730E-18 0.00E+00
1.122E+02 2.106E-07 2.106E-07 3.901E-18 0.00E+00
1.109E+02 2.152E-07 2.152E-07 4.081E-18 0.00E+00
1.096E+02 2.199E-07 2.199E-07 4.268E-18 0.00E+00
1.084E+02 2.246E-07 2.246E-07 4.464E-18 0.00E+00
1.072E+02 2.295E-07 2.295E-07 4.669E-18 0.00E+00
1.059E+02 2.345E-07 2.345E-07 4.883E-18 0.00E+00
1.047E+02 2.396E-07 2.396E-07 5.107E-18 0.00E+00
1.035E+02 2.448E-07 2.448E-07 5.342E-18 0.00E+00
1.023E+02 2.501E-07 2.501E-07 5.586E-18 0.00E+00
1.012E+02 2.556E-07 2.556E-07 5.842E-18 0.00E+00
1.000E+02 2.611E-07 2.611E-07 6.110E-18 0.00E+00
9.886E+01 2.668E-07 2.668E-07 6.389E-18 0.00E+00
9.772E+01 2.726E-07 2.726E-07 6.682E-18 0.00E+00
9.661E+01 2.785E-07 2.785E-07 6.987E-18 0.00E+00
9.550E+01 2.845E-07 2.845E-07 7.307E-18 0.00E+00
9.441E+01 2.906E-07 2.906E-07 7.640E-18 0.00E+00
9.333E+01 2.969E-07 2.969E-07 7.989E-18 0.00E+00
9.226E+01 3.033E-07 3.033E-07 8.354E-18 0.00E+00
9.120E+01 3.099E-07 3.099E-07 8.735E-18 0.00E+00
9.016E+01 3.166E-07 3.166E-07 9.134E-18 0.00E+00
8.913E+01 3.234E-07 3.234E-07 9.550E-18 0.00E+00
8.810E+01 3.304E-07 3.304E-07 9.986E-18 0.00E+00
8.710E+01 3.376E-07 3.376E-07 1.044E-17 0.00E+00
8.610E+01 3.449E-07 3.449E-07 1.092E-17 0.00E+00
8.511E+01 3.523E-07 3.523E-07 1.141E-17 0.00E+00
8.414E+01 3.599E-07 3.599E-07 1.193E-17 0.00E+00
8.318E+01 3.677E-07 3.677E-07 1.248E-17 0.00E+00
8.222E+01 3.757E-07 3.757E-07 1.304E-17 0.00E+00
8.128E+01 3.838E-07 3.838E-07 1.364E-17 0.00E+00
8.035E+01 3.922E-07 3.922E-07 1.426E-17 0.00E+00
7.943E+01 4.007E-07 4.007E-07 1.490E-17 0.00E+00
7.852E+01 4.094E-07 4.094E-07 1.558E-17 0.00E+00
7.762E+01 4.183E-07 4.183E-07 1.629E-17 0.00E+00
7.674E+01 4.274E-07 4.274E-07 1.703E-17 0.00E+00
7.586E+01 4.367E-07 4.367E-07 1.780E-17 0.00E+00
7.499E+01 4.463E-07 4.463E-07 1.861E-17 0.00E+00
7.413E+01 4.561E-07 4.561E-07 1.945E-17 0.00E+00
7.328E+01 4.660E-07 4.660E-07 2.033E-17 0.00E+00
7.244E+01 4.763E-07 4.763E-07 2.125E-17 0.00E+00
7.161E+01 4.867E-07 4.867E-07 2.221E-17 0.00E+00
7.079E+01 4.975E-07 4.975E-07 2.322E-17 0.00E+00
6.998E+01 5.085E-07 5.085E-07 2.427E-17 0.00E+00
6.918E+01 5.197E-07 5.197E-07 2.537E-17 0.00E+00
6.839E+01 5.313E-07 5.313E-07 2.652E-17 0.00E+00
6.761E+01 5.431E-07 5.431E-07 2.772E-17 0.00E+00
6.683E+01 5.552E-07 5.552E-07 2.897E-17 0.00E+00
6.607E+01 5.676E-07 5.676E-07 3.028E-17 0.00E+00
6.531E+01 5.804E-07 5.804E-07 3.165E-17 0.00E+00
6.457E+01 5.935E-07 5.935E-07 3.308E-17 0.00E+00
6.383E+01 6.069E-07 6.069E-07 3.457E-17 0.00E+00
6.310E+01 6.207E-07 6.207E-07 3.613E-17 0.00E+00
6.237E+01 6.348E-07 6.348E-07 3.777E-17 0.00E+00
6.166E+01 6.494E-07 6.494E-07 3.947E-17 0.00E+00
6.095E+01 6.643E-07 6.643E-07 4.125E-17 0.00E+00
6.026E+01 6.796E-07 6.796E-07 4.312E-17 0.00E+00
5.957E+01 6.954E-07 6.954E-07 4.506E-17 0.00E+00
5.888E+01 7.116E-07 7.116E-07 4.710E-17 0.00E+00
5.821E+01 7.283E-07 7.283E-07 4.922E-17 0.00E+00
5.754E+01 7.455E-07 7.455E-07 5.145E-17 0.00E+00
5.689E+01 7.631E-07 7.631E-07 5.377E-17 0.00E+00
5.623E+01 7.813E-07 7.813E-07 5.619E-17 0.00E+00
5.559E+01 8.000E-07 8.000E-07 5.873E-17 0.00E+00
5.495E+01 8.193E-07 8.193E-07 6.138E-17 0.00E+00
5.433E+01 8.392E-07 8.392E-07 6.415E-17 0.00E+00
5.370E+01 8.597E-07 8.597E-07 6.705E-17 0.00E+00
5.309E+01 8.809E-07 8.809E-07 7.007E-17 0.00E+00
5.248E+01 9.027E-07 9.027E-07 7.324E-17 0.00E+00
5.188E+01 9.252E-07 9.252E-07 7.655E-17 0.00E+00
5.129E+01 9.485E-07 9.485E-07 8.000E-17 0.00E+00
5.070E+01 9.725E-07 9.725E-07 8.362E-17 0.00E+00
5.012E+01 9.973E-07 9.973E-07 8.739E-17 0.00E+00
4.955E+01 1.023E-06 1.023E-06 9.134E-17 0.00E+00
4.898E+01 1.049E-06 1.049E-06 9.547E-17 0.00E+00
4.842E+01 1.077E-06 1.077E-06 9.978E-17 0.00E+00
4.786E+01 1.105E-06 1.105E-06 1.043E-16 0.00E+00
4.732E+01 1.135E-06 1.135E-06 1.090E-16 0.00E+00
4.677E+01 1.165E-06 1.165E-06 1.139E-16 0.00E+00
4.624E+01 1.196E-06 1.196E-06 1.191E-16 0.00E+00
4.571E+01 1.229E-06 1.229E-06 1.245E-16 0.00E+00
4.519E+01 1.263E-06 1.263E-06 1.301E-16 0.00E+00
4.467E+01 1.298E-06 1.298E-06 1.360E-16 0.00E+00
4.416E+01 1.334E-06 1.334E-06 1.422E-16 0.00E+00
4.365E+01 1.371E-06 1.371E-06 1.486E-16 0.00E+00
4.315E+01 1.410E-06 1.410E-06 1.553E-16 0.00E+00
4.266E+01 1.451E-06 1.451E-06 1.623E-16 0.00E+00
4.217E+01 1.493E-06 1.493E-06 1.697E-16 0.00E+00
4.169E+01 1.536E-06 1.536E-06 1.774E-16 0.00E+00
4.121E+01 1.581E-06 1.581E-06 1.854E-16 0.00E+00
4.074E+01 1.627E-06 1.627E-06 1.938E-16 0.00E+00
4.027E+01 1.676E-06 1.676E-06 2.026E-16 0.00E+00
3.981E+01 1.726E-06 1.726E-06 2.118E-16 0.00E+00
3.936E+01 1.778E-06 1.778E-06 2.215E-16 0.00E+00
3.890E+01 1.832E-06 1.832E-06 2.315E-16 0.00E+00
3.846E+01 1.887E-06 1.887E-06 2.421E-16 0.00E+00
3.802E+01 1.945E-06 1.945E-06 2.531E-16 0.00E+00
3.758E+01 2.005E-06 2.005E-06 2.646E-16 0.00E+00
3.715E+01 2.067E-06 2.067E-06 2.766E-16 0.00E+00
3.673E+01 2.131E-06 2.131E-06 2.892E-16 0.00E+00
3.631E+01 2.196E-06 2.196E-06 3.024E-16 0.00E+00
3.589E+01 2.265E-06 2.265E-06 3.162E-16 0.00E+00
3.548E+01 2.335E-06 2.335E-06 3.306E-16 0.00E+00
3.508E+01 2.407E-06 2.407E-06 3.457E-16 0.00E+00
3.467E+01 2.481E-06 2.481E-06 3.615E-16 0.00E+00
3.428E+01 2.557E-06 2.557E-06 3.780E-16 0.00E+00
3.388E+01 2.635E-06 2.635E-06 3.953E-16 0.00E+00
3.350E+01 2.715E-06 2.715E-06 4.134E-16 0.00E+00
3.311E+01 2.796E-06 2.796E-06 4.323E-16 0.00E+00
3.273E+01 2.879E-06 2.879E-06 4.521E-16 0.00E+00
3.236E+01 2.964E-06 2.964E-06 4.728E-16 0.00E+00
3.199E+01 3.049E-06 3.049E-06 4.945E-16 0.00E+00
3.162E+01 3.135E-06 3.135E-06 5.172E-16 0.00E+00
3.126E+01 3.222E-06 3.222E-06 5.409E-16 0.00E+00
3.090E+01 3.309E-06 3.309E-06 5.658E-16 0.00E+00
3.055E+01 3.395E-06 3.395E-06 5.918E-16 0.00E+00
3.020E+01 3.482E-06 3.482E-06 6.190E-16 0.00E+00
2.985E+01 3.568E-06 3.568E-06 6.474E-16 0.00E+00
2.951E+01 3.653E-06 3.653E-06 6.772E-16 0.00E+00
2.917E+01 3.736E-06 3.736E-06 7.084E-16 0.00E+00
2.884E+01 3.818E-06 3.818E-06 7.410E-16 0.00E+00
2.851E+01 3.899E-06 3.899E-06 7.752E-16 0.00E+00
2.818E+01 3.978E-06 3.978E-06 8.109E-16 0.00E+00
2.786E+01 4.055E-06 4.055E-06 8.483E-16 0.00E+00
2.754E+01 4.131E-06 4.131E-06 8.874E-16 0.00E+00
2.723E+01 4.206E-06 4.206E-06 9.284E-16 0.00E+00
2.692E+01 4.282E-06 4.282E-06 9.713E-16 0.00E+00
2.661E+01 4.360E-06 4.360E-06 1.016E-15 0.00E+00
2.630E+01 4.444E-06 4.444E-06 1.063E-15 0.00E+00
2.600E+01 4.536E-06 4.536E-06 1.112E-15 0.00E+00
2.570E+01 4.642E-06 4.642E-06 1.164E-15 0.00E+00
2.541E+01 4.773E-06 4.773E-06 1.218E-15 0.00E+00
2.512E+01 4.941E-06 4.941E-06 1.274E-15 0.00E+00
2.483E+01 5.173E-06 5.173E-06 1.333E-15 0.00E+00
2.455E+01 5.509E-06 5.509E-06 1.395E-15 0.00E+00
2.427E+01 6.030E-06 6.030E-06 1.459E-15 0.00E+00
2.399E+01 6.892E-06 6.892E-06 1.527E-15 0.00E+00
2.371E+01 8.388E-06 8.388E-06 1.597E-15 0.00E+00
2.344E+01 1.085E-05 1.085E-05 1.671E-15 0.00E+00
2.317E+01 1.336E-05 1.336E-05 1.749E-15 0.00E+00
2.291E+01 1.299E-05 1.299E-05 1.830E-15 0.00E+00
2.265E+01 1.109E-05 1.109E-05 1.915E-15 0.00E+00
2.239E+01 1.033E-05 1.033E-05 2.004E-15 0.00E+00
2.213E+01 1.120E-05 1.120E-05 2.097E-15 0.00E+00
2.188E+01 1.428E-05 1.428E-05 2.195E-15 0.00E+00
2.163E+01 2.132E-05 2.132E-05 2.297E-15 0.00E+00
2.138E+01 3.385E-05 3.385E-05 2.404E-15 0.00E+00
2.113E+01 3.859E-05 3.859E-05 2.516E-15 0.00E+00
2.089E+01 2.617E-05 2.617E-05 2.633E-15 0.00E+00
2.065E+01 1.597E-05 1.597E-05 2.756E-15 0.00E+00
2.042E+01 1.076E-05 1.076E-05 2.884E-15 0.00E+00
2.018E+01 8.087E-06 8.087E-06 3.018E-15 0.00E+00
1.995E+01 6.612E-06 6.612E-06 3.159E-15 0.00E+00
1.972E+01 5.765E-06 5.765E-06 3.306E-15 0.00E+00
1.950E+01 5.305E-06 5.305E-06 3.459E-15 0.00E+00
1.928E+01 5.158E-06 5.158E-06 3.621E-15 0.00E+00
1.905E+01 5.391E-06 5.391E-06 3.789E-15 0.00E+00
1.884E+01 6.363E-06 6.363E-06 3.966E-15 0.00E+00
1.862E+01 9.541E-06 9.541E-06 4.151E-15 0.00E+00
1.841E+01 2.228E-05 2.228E-05 4.345E-15 0.00E+00
1.820E+01 3.577E-05 3.577E-05 4.548E-15 0.00E+00
1.799E+01 1.333E-05 1.333E-05 4.761E-15 0.00E+00
1.778E+01 6.967E-06 6.967E-06 4.983E-15 0.00E+00
1.758E+01 5.011E-06 5.011E-06 5.216E-15 0.00E+00
1.738E+01 4.251E-06 4.251E-06 5.460E-15 0.00E+00
1.718E+01 3.999E-06 3.999E-06 5.716E-15 0.00E+00
1.698E+01 4.172E-06 4.172E-06 5.983E-15 0.00E+00
1.679E+01 5.229E-06 5.229E-06 6.264E-15 0.00E+00
1.660E+01 1.076E-05 1.076E-05 6.557E-15 0.00E+00
1.641E+01 5.747E-05 5.747E-05 6.864E-15 0.00E+00
1.622E+01 1.149E-05 1.149E-05 7.186E-15 0.00E+00
1.603E+01 5.052E-06 5.052E-06 7.522E-15 0.00E+00
1.585E+01 3.692E-06 3.692E-06 7.875E-15 0.00E+00
1.567E+01 3.207E-06 3.207E-06 8.244E-15 0.00E+00
1.549E+01 2.994E-06 2.994E-06 8.631E-15 0.00E+00
1.531E+01 2.899E-06 2.899E-06 9.036E-15 0.00E+00
1.514E+01 2.870E-06 2.870E-06 9.460E-15 0.00E+00
1.496E+01 2.887E-06 2.887E-06 9.905E-15 0.00E+00
1.479E+01 2.944E-06 2.944E-06 1.037E-14 0.00E+00
1.462E+01 3.039E-06 3.039E-06 1.086E-14 0.00E+00
1.445E+01 3.179E-06 3.179E-06 1.137E-14 0.00E+00
1.429E+01 3.372E-06 3.372E-06 1.190E-14 0.00E+00
1.413E+01 3.635E-06 3.635E-06 1.246E-14 0.00E+00
1.396E+01 3.992E-06 3.992E-06 1.305E-14 0.00E+00
1.380E+01 4.484E-06 4.484E-06 1.366E-14 0.00E+00
1.365E+01 5.176E-06 5.176E-06 1.430E-14 0.00E+00
1.349E+01 6.174E-06 6.174E-06 1.497E-14 0.00E+00
1.334E+01 7.658E-06 7.658E-06 1.568E-14 0.00E+00
1.318E+01 9.903E-06 9.903E-06 1.641E-14 0.00E+00
1.303E+01 1.322E-05 1.322E-05 1.718E-14 0.00E+00
1.288E+01 1.744E-05 1.744E-05 1.799E-14 0.00E+00
1.274E+01 2.061E-05 2.061E-05 1.884E-14 0.00E+00
1.259E+01 2.010E-05 2.010E-05 1.972E-14 0.00E+00
1.245E+01 1.723E-05 1.723E-05 2.065E-14 0.00E+00
1.230E+01 1.517E-05 1.517E-05 2.163E-14 0.00E+00
1.216E+01 1.573E-05 1.573E-05 2.264E-14 0.00E+00
1.202E+01 2.157E-05 2.157E-05 2.371E-14 0.00E+00
1.189E+01 2.957E-05 2.957E-05 2.485E-14 0.00E+00
1.175E+01 2.449E-05 2.449E-05 2.607E-14 0.00E+00
1.161E+01 2.757E-05 2.757E-05 2.741E-14 0.00E+00
1.148E+01 4.331E-05 4.331E-05 2.792E-14 0.00E+00
1.135E+01 6.897E-05 6.897E-05 2.965E-14 0.00E+00
1.122E+01 6.298E-05 6.298E-05 3.109E-14 0.00E+00
1.109E+01 3.611E-05 3.611E-05 3.260E-14 0.00E+00
1.096E+01 2.092E-05 2.092E-05 3.415E-14 0.00E+00
1.084E+01 1.369E-05 1.369E-05 3.578E-14 0.00E+00
1.072E+01 9.981E-06 9.981E-06 3.747E-14 0.00E+00
1.059E+01 7.902E-06 7.902E-06 3.923E-14 0.00E+00
1.047E+01 6.660E-06 6.660E-06 4.107E-14 0.00E+00
1.035E+01 5.892E-06 5.892E-06 4.299E-14 0.00E+00
1.023E+01 5.417E-06 5.417E-06 4.501E-14 0.00E+00
1.012E+01 5.137E-06 5.137E-06 4.713E-14 0.00E+00
1.000E+01 5.000E-06 5.000E-06 4.935E-14 0.00E+00
9.886E+00 4.978E-06 4.978E-06 5.167E-14 0.00E+00
9.772E+00 5.057E-06 5.057E-06 5.410E-14 0.00E+00
9.661E+00 5.235E-06 5.235E-06 5.665E-14 0.00E+00
9.550E+00 5.518E-06 5.518E-06 5.931E-14 0.00E+00
9.441E+00 5.927E-06 5.927E-06 6.210E-14 0.00E+00
9.333E+00 6.498E-06 6.498E-06 6.501E-14 0.00E+00
9.226E+00 7.294E-06 7.294E-06 6.807E-14 0.00E+00
9.120E+00 8.431E-06 8.431E-06 7.127E-14 0.00E+00
9.016E+00 1.012E-05 1.012E-05 7.461E-14 0.00E+00
8.913E+00 1.278E-05 1.278E-05 7.812E-14 0.00E+00
8.810E+00 1.717E-05 1.717E-05 8.179E-14 0.00E+00
8.710E+00 2.387E-05 2.387E-05 8.562E-14 0.00E+00
8.610E+00 2.962E-05 2.962E-05 8.964E-14 0.00E+00
8.511E+00 2.820E-05 2.820E-05 9.385E-14 0.00E+00
8.414E+00 2.459E-05 2.459E-05 9.825E-14 0.00E+00
8.318E+00 2.367E-05 2.367E-05 1.029E-13 0.00E+00
8.222E+00 2.552E-05 2.552E-05 1.077E-13 0.00E+00
8.128E+00 2.974E-05 2.974E-05 1.127E-13 0.00E+00
8.035E+00 3.626E-05 3.626E-05 1.180E-13 0.00E+00
7.943E+00 4.491E-05 4.491E-05 1.235E-13 0.00E+00
7.852E+00 5.456E-05 5.456E-05 1.293E-13 0.00E+00
7.762E+00 6.209E-05 6.209E-05 1.354E-13 0.00E+00
7.674E+00 6.350E-05 6.350E-05 1.417E-13 0.00E+00
7.586E+00 5.779E-05 5.779E-05 1.483E-13 0.00E+00
7.499E+00 4.823E-05 4.823E-05 1.553E-13 0.00E+00
7.413E+00 3.855E-05 3.855E-05 1.626E-13 0.00E+00
7.328E+00 3.054E-05 3.054E-05 1.702E-13 0.00E+00
7.244E+00 2.445E-05 2.445E-05 1.782E-13 0.00E+00
7.161E+00 1.998E-05 1.998E-05 1.865E-13 0.00E+00
7.079E+00 1.675E-05 1.675E-05 1.953E-13 0.00E+00
6.998E+00 1.443E-05 1.443E-05 2.044E-13 0.00E+00
6.918E+00 1.282E-05 1.282E-05 2.140E-13 0.00E+00
6.839E+00 1.178E-05 1.178E-05 2.240E-13 0.00E+00
6.761E+00 1.126E-05 1.126E-05 2.345E-13 0.00E+00
6.683E+00 1.128E-05 1.128E-05 2.454E-13 0.00E+00
6.607E+00 1.197E-05 1.197E-05 2.569E-13 0.00E+00
6.531E+00 1.364E-05 1.364E-05 2.689E-13 0.00E+00
6.457E+00 1.694E-05 1.694E-05 2.815E-13 0.00E+00
6.383E+00 2.312E-05 2.312E-05 2.947E-13 0.00E+00
6.310E+00 3.380E-05 3.380E-05 3.084E-13 0.00E+00
6.237E+00 4.635E-05 4.635E-05 3.230E-13 0.00E+00
6.166E+00 4.648E-05 4.648E-05 3.380E-13 0.00E+00
6.095E+00 3.361E-05 3.361E-05 3.538E-13 0.00E+00
6.026E+00 2.216E-05 2.216E-05 3.703E-13 0.00E+00
5.957E+00 1.523E-05 1.523E-05 3.876E-13 0.00E+00
5.888E+00 1.118E-05 1.118E-05 4.057E-13 0.00E+00
5.821E+00 8.713E-06 8.713E-06 4.247E-13 0.00E+00
5.754E+00 7.122E-06 7.122E-06 4.445E-13 0.00E+00
5.689E+00 6.040E-06 6.040E-06 4.653E-13 0.00E+00
5.623E+00 5.272E-06 5.272E-06 4.870E-13 0.00E+00
5.559E+00 4.707E-06 4.707E-06 5.097E-13 0.00E+00
5.495E+00 4.279E-06 4.279E-06 5.335E-13 0.00E+00
5.433E+00 3.947E-06 3.947E-06 5.584E-13 0.00E+00
5.370E+00 3.684E-06 3.684E-06 5.844E-13 0.00E+00
5.309E+00 3.472E-06 3.472E-06 6.117E-13 0.00E+00
5.248E+00 3.300E-06 3.300E-06 6.402E-13 0.00E+00
5.188E+00 3.159E-06 3.159E-06 6.700E-13 0.00E+00
5.129E+00 3.042E-06 3.042E-06 7.011E-13 0.00E+00
5.070E+00 2.945E-06 2.945E-06 7.338E-13 0.00E+00
5.012E+00 2.863E-06 2.863E-06 7.679E-13 0.00E+00
4.955E+00 2.795E-06 2.795E-06 8.037E-13 0.00E+00
4.898E+00 2.738E-06 2.738E-06 8.412E-13 0.00E+00
4.842E+00 2.691E-06 2.691E-06 8.804E-13 0.00E+00
4.786E+00 2.652E-06 2.652E-06 9.214E-13 0.00E+00
4.732E+00 2.620E-06 2.620E-06 9.643E-13 0.00E+00
4.677E+00 2.595E-06 2.595E-06 1.009E-12 0.00E+00
4.624E+00 2.576E-06 2.576E-06 1.056E-12 0.00E+00
4.571E+00 2.561E-06 2.561E-06 1.105E-12 0.00E+00
4.519E+00 2.552E-06 2.552E-06 1.157E-12 0.00E+00
4.467E+00 2.546E-06 2.546E-06 1.211E-12 0.00E+00
4.416E+00 2.545E-06 2.545E-06 1.267E-12 0.00E+00
4.365E+00 2.547E-06 2.547E-06 1.326E-12 0.00E+00
4.315E+00 2.552E-06 2.552E-06 1.388E-12 0.00E+00
4.266E+00 2.561E-06 2.561E-06 1.452E-12 0.00E+00
4.217E+00 2.573E-06 2.573E-06 1.519E-12 0.00E+00
4.169E+00 2.588E-06 2.588E-06 1.590E-12 0.00E+00
4.121E+00 2.607E-06 2.607E-06 1.664E-12 0.00E+00
4.074E+00 2.628E-06 2.628E-06 1.741E-12 0.00E+00
4.027E+00 2.652E-06 2.652E-06 1.822E-12 0.00E+00
3.981E+00 2.680E-06 2.680E-06 1.907E-12 0.00E+00
3.936E+00 2.712E-06 2.712E-06 1.995E-12 4.98E-07
3.890E+00 2.748E-06 2.748E-06 2.088E-12 5.09E-07
3.846E+00 2.789E-06 2.789E-06 2.185E-12 5.19E-07
3.802E+00 2.835E-06 2.835E-06 2.286E-12 5.29E-07
3.758E+00 2.889E-06 2.889E-06 2.393E-12 5.40E-07
3.715E+00 2.953E-06 2.953E-06 2.504E-12 5.51E-07
3.673E+00 3.031E-06 3.031E-06 2.620E-12 5.62E-07
3.631E+00 3.128E-06 3.128E-06 2.742E-12 5.74E-07
3.589E+00 3.256E-06 3.256E-06 2.869E-12 5.85E-07
3.548E+00 3.433E-06 3.433E-06 3.003E-12 5.97E-07
3.508E+00 3.699E-06 3.699E-06 3.142E-12 6.08E-07
3.467E+00 4.141E-06 4.141E-06 3.288E-12 6.21E-07
3.428E+00 4.995E-06 4.995E-06 3.440E-12 6.33E-07
3.388E+00 7.060E-06 7.060E-06 3.600E-12 6.46E-07
3.350E+00 1.450E-05 1.450E-05 3.767E-12 6.59E-07
3.311E+00 6.444E-05 6.444E-05 3.941E-12 6.72E-07
3.273E+00 3.222E-05 3.222E-05 4.124E-12 6.86E-07
3.236E+00 1.025E-05 1.025E-05 4.316E-12 7.00E-07
3.199E+00 6.201E-06 6.201E-06 4.516E-12 7.14E-07
3.162E+00 4.890E-06 4.890E-06 4.724E-12 7.29E-07
3.126E+00 4.343E-06 4.343E-06 4.943E-12 7.43E-07
3.090E+00 4.076E-06 4.076E-06 5.172E-12 7.58E-07
3.055E+00 3.939E-06 3.939E-06 5.412E-12 7.73E-07
3.020E+00 3.872E-06 3.872E-06 5.663E-12 7.89E-07
2.985E+00 3.846E-06 3.846E-06 5.925E-12 8.04E-07
2.951E+00 3.844E-06 3.844E-06 6.199E-12 8.21E-07
2.917E+00 3.859E-06 3.859E-06 6.487E-12 8.37E-07
2.884E+00 3.886E-06 3.886E-06 6.788E-12 8.53E-07
2.851E+00 3.921E-06 3.921E-06 7.102E-12 8.70E-07
2.818E+00 3.963E-06 3.963E-06 7.430E-12 8.88E-07
2.786E+00 4.009E-06 4.009E-06 7.773E-12 9.06E-07
2.754E+00 4.060E-06 4.060E-06 8.133E-12 9.24E-07
2.723E+00 4.115E-06 4.115E-06 8.508E-12 9.43E-07
2.692E+00 4.173E-06 4.173E-06 8.901E-12 9.62E-07
2.661E+00 4.233E-06 4.233E-06 9.314E-12 9.81E-07
2.630E+00 4.296E-06 4.296E-06 9.743E-12 1.00E-06
2.600E+00 4.360E-06 4.360E-06 1.019E-11 1.02E-06
2.570E+00 4.426E-06 4.426E-06 1.066E-11 1.04E-06
2.541E+00 4.493E-06 4.493E-06 1.116E-11 1.06E-06
2.512E+00 4.563E-06 4.563E-06 1.167E-11 1.09E-06
2.483E+00 4.635E-06 4.635E-06 1.221E-11 1.11E-06
2.455E+00 4.709E-06 4.709E-06 1.277E-11 1.13E-06
2.427E+00 4.785E-06 4.784E-06 1.336E-11 1.15E-06
2.399E+00 4.862E-06 4.862E-06 1.398E-11 1.18E-06
2.371E+00 4.942E-06 4.942E-06 1.462E-11 1.20E-06
2.344E+00 5.023E-06 5.023E-06 1.530E-11 1.22E-06
2.317E+00 5.106E-06 5.106E-06 1.601E-11 1.25E-06
2.291E+00 5.191E-06 5.191E-06 1.675E-11 1.27E-06
2.265E+00 5.278E-06 5.278E-06 1.752E-11 1.30E-06
2.239E+00 5.367E-06 5.367E-06 1.833E-11 1.32E-06
2.213E+00 5.458E-06 5.458E-06 1.918E-11 1.35E-06
2.188E+00 5.551E-06 5.551E-06 2.006E-11 1.38E-06
2.163E+00 5.646E-06 5.646E-06 2.099E-11 1.40E-06
2.138E+00 5.743E-06 5.743E-06 2.196E-11 1.43E-06
2.113E+00 5.841E-06 5.841E-06 2.297E-11 1.46E-06
2.089E+00 5.940E-06 5.940E-06 2.403E-11 1.49E-06
2.065E+00 6.041E-06 6.041E-06 2.514E-11 1.52E-06
2.042E+00 6.144E-06 6.144E-06 2.630E-11 1.55E-06
2.018E+00 6.250E-06 6.250E-06 2.751E-11 1.58E-06
1.995E+00 6.357E-06 6.357E-06 2.878E-11 1.61E-06
1.972E+00 6.467E-06 6.467E-06 3.011E-11 1.65E-06
1.950E+00 6.578E-06 6.578E-06 3.149E-11 1.68E-06
1.928E+00 6.692E-06 6.692E-06 3.295E-11 1.71E-06
1.905E+00 6.809E-06 6.809E-06 3.447E-11 1.74E-06
1.884E+00 6.928E-06 6.928E-06 3.606E-11 1.78E-06
1.862E+00 7.049E-06 7.049E-06 3.772E-11 1.81E-06
1.841E+00 7.173E-06 7.173E-06 3.946E-11 1.85E-06
1.820E+00 7.299E-06 7.299E-06 4.128E-11 1.88E-06
1.799E+00 7.427E-06 7.427E-06 4.319E-11 1.92E-06
1.778E+00 7.558E-06 7.558E-06 4.518E-11 1.96E-06
1.758E+00 7.692E-06 7.692E-06 4.726E-11 2.00E-06
1.738E+00 7.829E-06 7.829E-06 4.944E-11 2.04E-06
1.718E+00 7.967E-06 7.967E-06 5.172E-11 2.08E-06
1.698E+00 8.109E-06 8.109E-06 5.410E-11 2.12E-06
1.679E+00 8.252E-06 8.252E-06 5.659E-11 2.16E-06
1.660E+00 8.398E-06 8.398E-06 5.919E-11 2.20E-06
1.641E+00 8.545E-06 8.545E-06 6.192E-11 2.24E-06
1.622E+00 8.694E-06 8.694E-06 6.476E-11 2.29E-06
1.603E+00 8.845E-06 8.845E-06 6.774E-11 2.33E-06
1.585E+00 8.999E-06 8.999E-06 7.086E-11 2.38E-06
1.567E+00 9.155E-06 9.155E-06 7.412E-11 2.43E-06
1.549E+00 9.314E-06 9.314E-06 7.753E-11 2.48E-06
1.531E+00 9.477E-06 9.477E-06 8.111E-11 2.53E-06
1.514E+00 9.643E-06 9.643E-06 8.485E-11 2.58E-06
1.496E+00 9.813E-06 9.813E-06 8.877E-11 2.63E-06
1.479E+00 9.987E-06 9.987E-06 9.287E-11 2.68E-06
1.462E+00 1.017E-05 1.017E-05 9.717E-11 2.73E-06
1.445E+00 1.035E-05 1.035E-05 1.017E-10 2.78E-06
1.429E+00 1.054E-05 1.054E-05 1.063E-10 2.83E-06
1.413E+00 1.073E-05 1.073E-05 1.112E-10 2.89E-06
1.396E+00 1.092E-05 1.092E-05 1.164E-10 2.94E-06
1.380E+00 1.112E-05 1.112E-05 1.217E-10 3.00E-06
1.365E+00 1.133E-05 1.133E-05 1.274E-10 3.05E-06
1.349E+00 1.154E-05 1.154E-05 1.332E-10 3.11E-06
1.334E+00 1.175E-05 1.175E-05 1.394E-10 3.17E-06
1.318E+00 1.196E-05 1.196E-05 1.458E-10 3.23E-06
1.303E+00 1.218E-05 1.218E-05 1.525E-10 3.30E-06
1.288E+00 1.241E-05 1.241E-05 1.595E-10 3.36E-06
1.274E+00 1.263E-05 1.263E-05 1.668E-10 3.42E-06
1.259E+00 1.287E-05 1.287E-05 1.745E-10 3.49E-06
1.245E+00 1.310E-05 1.310E-05 1.825E-10 3.56E-06
1.230E+00 1.334E-05 1.334E-05 1.909E-10 3.63E-06
1.216E+00 1.358E-05 1.358E-05 1.997E-10 3.70E-06
1.202E+00 1.383E-05 1.383E-05 2.089E-10 3.77E-06
1.189E+00 1.409E-05 1.409E-05 2.186E-10 3.84E-06
1.175E+00 1.435E-05 1.435E-05 2.286E-10 3.92E-06
1.161E+00 1.462E-05 1.462E-05 2.392E-10 3.99E-06
1.148E+00 1.490E-05 1.490E-05 2.502E-10 4.07E-06
1.135E+00 1.518E-05 1.518E-05 2.617E-10 4.15E-06
1.122E+00 1.547E-05 1.547E-05 2.738E-10 4.23E-06
1.109E+00 1.578E-05 1.578E-05 2.864E-10 4.31E-06
1.096E+00 1.609E-05 1.609E-05 2.995E-10 4.39E-06
1.084E+00 1.641E-05 1.641E-05 3.133E-10 4.47E-06
1.072E+00 1.674E-05 1.674E-05 3.277E-10 4.56E-06
1.059E+00 1.708E-05 1.708E-05 3.428E-10 4.64E-06
1.047E+00 1.743E-05 1.743E-05 3.585E-10 4.73E-06
1.035E+00 1.780E-05 1.780E-05 3.750E-10 4.82E-06
1.023E+00 1.817E-05 1.817E-05 3.922E-10 4.91E-06
1.012E+00 1.857E-05 1.857E-05 4.102E-10 5.01E-06
1.000E+00 1.898E-05 1.898E-05 4.291E-10 5.10E-06
9.886E-01 1.940E-05 1.940E-05 4.488E-10 5.20E-06
9.772E-01 1.985E-05 1.985E-05 4.693E-10 5.30E-06
9.661E-01 2.032E-05 2.032E-05 4.909E-10 5.40E-06
9.550E-01 2.082E-05 2.082E-05 5.134E-10 5.51E-06
9.441E-01 2.135E-05 2.135E-05 5.369E-10 5.61E-06
9.333E-01 2.191E-05 2.191E-05 5.615E-10 5.72E-06
9.226E-01 2.251E-05 2.251E-05 5.871E-10 5.84E-06
9.120E-01 2.317E-05 2.317E-05 6.140E-10 5.95E-06
9.016E-01 2.388E-05 2.388E-05 6.421E-10 6.07E-06
8.913E-01 2.465E-05 2.465E-05 6.714E-10 6.19E-06
8.810E-01 2.551E-05 2.551E-05 7.021E-10 6.31E-06
8.710E-01 2.647E-05 2.647E-05 7.341E-10 6.44E-06
8.610E-01 2.755E-05 2.755E-05 7.676E-10 6.57E-06
8.511E-01 2.878E-05 2.878E-05 8.026E-10 6.70E-06
8.414E-01 3.019E-05 3.019E-05 8.392E-10 6.84E-06
8.318E-01 3.183E-05 3.183E-05 8.774E-10 6.98E-06
8.222E-01 3.375E-05 3.375E-05 9.174E-10 7.12E-06
8.128E-01 3.604E-05 3.604E-05 9.592E-10 7.27E-06
8.035E-01 3.879E-05 3.878E-05 1.003E-09 7.41E-06
7.943E-01 4.212E-05 4.212E-05 1.049E-09 7.57E-06
7.852E-01 4.623E-05 4.623E-05 1.096E-09 7.72E-06
7.762E-01 5.135E-05 5.135E-05 1.146E-09 7.89E-06
7.674E-01 5.781E-05 5.781E-05 1.198E-09 8.05E-06
7.586E-01 6.606E-05 6.606E-05 1.253E-09 8.22E-06
7.499E-01 7.676E-05 7.675E-05 1.310E-09 8.39E-06
7.413E-01 9.080E-05 9.079E-05 1.369E-09 8.57E-06
7.328E-01 1.095E-04 1.095E-04 1.432E-09 8.75E-06
7.244E-01 1.346E-04 1.346E-04 1.497E-09 8.94E-06
7.161E-01 1.688E-04 1.688E-04 1.565E-09 9.13E-06
7.079E-01 2.153E-04 2.153E-04 1.636E-09 9.32E-06
6.998E-01 2.782E-04 2.782E-04 1.711E-09 9.53E-06
6.918E-01 3.607E-04 3.607E-04 1.789E-09 9.73E-06
6.839E-01 4.630E-04 4.630E-04 1.870E-09 9.95E-06
6.761E-01 5.798E-04 5.798E-04 1.956E-09 1.02E-05
6.683E-01 7.012E-04 7.012E-04 2.045E-09 1.04E-05
6.607E-01 8.173E-04 8.173E-04 2.138E-09 1.06E-05
6.531E-01 9.223E-04 9.223E-04 2.236E-09 1.08E-05
6.457E-01 1.014E-03 1.014E-03 2.339E-09 1.11E-05
6.383E-01 1.095E-03 1.095E-03 2.446E-09 1.13E-05
6.310E-01 1.168E-03 1.168E-03 2.558E-09 1.16E-05
6.237E-01 1.236E-03 1.236E-03 2.676E-09 1.19E-05
6.166E-01 1.307E-03 1.307E-03 2.799E-09 1.21E-05
6.095E-01 1.388E-03 1.388E-03 2.927E-09 1.24E-05
6.026E-01 1.489E-03 1.489E-03 3.062E-09 1.27E-05
5.957E-01 1.622E-03 1.622E-03 3.204E-09 1.29E-05
5.888E-01 1.800E-03 1.800E-03 3.352E-09 1.32E-05
5.821E-01 2.034E-03 2.034E-03 3.507E-09 1.35E-05
5.754E-01 2.329E-03 2.329E-03 3.670E-09 1.38E-05
5.689E-01 2.670E-03 2.670E-03 3.841E-09 1.41E-05
5.623E-01 3.034E-03 3.034E-03 4.020E-09 1.44E-05
5.559E-01 3.395E-03 3.395E-03 4.207E-09 1.48E-05
5.495E-01 3.740E-03 3.740E-03 4.404E-09 1.51E-05
5.433E-01 4.068E-03 4.068E-03 4.611E-09 1.54E-05
5.370E-01 4.381E-03 4.381E-03 4.828E-09 1.58E-05
5.309E-01 4.685E-03 4.685E-03 5.056E-09 1.61E-05
5.248E-01 4.984E-03 4.984E-03 5.295E-09 1.65E-05
5.188E-01 5.281E-03 5.281E-03 5.546E-09 1.68E-05
5.129E-01 5.580E-03 5.580E-03 5.810E-09 1.72E-05
5.070E-01 5.882E-03 5.882E-03 6.086E-09 1.76E-05
5.012E-01 6.188E-03 6.188E-03 6.377E-09 1.79E-05
4.955E-01 6.501E-03 6.501E-03 6.683E-09 1.83E-05
4.898E-01 6.820E-03 6.820E-03 7.004E-09 1.87E-05
4.842E-01 7.147E-03 7.147E-03 7.340E-09 1.91E-05
4.786E-01 7.483E-03 7.483E-03 7.692E-09 1.95E-05
4.732E-01 7.828E-03 7.828E-03 8.061E-09 1.99E-05
4.677E-01 8.182E-03 8.182E-03 8.449E-09 2.03E-05
4.624E-01 8.546E-03 8.546E-03 8.857E-09 2.07E-05
4.571E-01 8.920E-03 8.920E-03 9.285E-09 2.12E-05
4.519E-01 9.304E-03 9.304E-03 9.735E-09 2.16E-05
4.467E-01 9.699E-03 9.699E-03 1.021E-08 2.20E-05
4.416E-01 1.011E-02 1.011E-02 1.071E-08 2.24E-05
4.365E-01 1.052E-02 1.052E-02 1.123E-08 2.29E-05
4.315E-01 1.095E-02 1.095E-02 1.177E-08 2.33E-05
4.266E-01 1.139E-02 1.139E-02 1.234E-08 2.37E-05
4.217E-01 1.184E-02 1.184E-02 1.294E-08 2.41E-05
4.169E-01 1.231E-02 1.231E-02 1.357E-08 2.46E-05
4.121E-01 1.278E-02 1.278E-02 1.423E-08 2.50E-05
4.074E-01 1.327E-02 1.327E-02 1.493E-08 2.54E-05
4.027E-01 1.377E-02 1.377E-02 1.565E-08 2.59E-05
3.981E-01 1.429E-02 1.429E-02 1.642E-08 2.63E-05
3.935E-01 1.481E-02 1.481E-02 1.722E-08 2.67E-05
3.890E-01 1.535E-02 1.535E-02 1.806E-08 2.72E-05
3.846E-01 1.590E-02 1.590E-02 1.894E-08 2.76E-05
3.802E-01 1.646E-02 1.646E-02 1.987E-08 2.81E-05
3.758E-01 1.704E-02 1.704E-02 2.085E-08 2.85E-05
3.715E-01 1.763E-02 1.763E-02 2.189E-08 2.90E-05
3.673E-01 1.824E-02 1.824E-02 2.298E-08 2.94E-05
3.631E-01 1.885E-02 1.885E-02 2.414E-08 2.99E-05
3.589E-01 1.948E-02 1.948E-02 2.538E-08 3.04E-05
3.548E-01 2.013E-02 2.013E-02 2.668E-08 3.09E-05
3.508E-01 2.078E-02 2.078E-02 2.807E-08 3.13E-05
3.467E-01 2.145E-02 2.145E-02 2.955E-08 3.18E-05
3.428E-01 2.214E-02 2.214E-02 3.112E-08 3.22E-05
3.388E-01 2.283E-02 2.283E-02 3.280E-08 3.25E-05
3.350E-01 2.354E-02 2.354E-02 3.459E-08 3.28E-05
3.311E-01 2.427E-02 2.427E-02 3.650E-08 3.31E-05
3.273E-01 2.501E-02 2.501E-02 3.855E-08 3.33E-05
3.236E-01 2.576E-02 2.576E-02 4.075E-08 3.33E-05
3.199E-01 2.653E-02 2.653E-02 4.310E-08 3.33E-05
3.162E-01 2.731E-02 2.731E-02 4.560E-08 3.31E-05
3.126E-01 2.810E-02 2.810E-02 4.828E-08 3.28E-05
3.090E-01 2.891E-02 2.891E-02 5.113E-08 3.24E-05
3.055E-01 2.973E-02 2.973E-02 5.416E-08 3.18E-05
3.020E-01 3.048E-02 3.048E-02 5.741E-08 3.10E-05
2.985E-01 3.104E-02 3.104E-02 6.089E-08 3.01E-05
2.951E-01 3.164E-02 3.164E-02 6.463E-08 2.90E-05
2.917E-01 3.229E-02 3.229E-02 6.867E-08 2.77E-05
2.884E-01 3.301E-02 3.301E-02 7.308E-08 2.62E-05
2.851E-01 3.380E-02 3.380E-02 7.788E-08 2.44E-05
2.818E-01 3.466E-02 3.466E-02 8.342E-08 2.18E-05
2.786E-01 3.562E-02 3.562E-02 8.935E-08 1.93E-05
2.754E-01 3.668E-02 3.668E-02 9.572E-08 1.67E-05
2.723E-01 3.785E-02 3.785E-02 1.027E-07 1.41E-05
2.692E-01 3.916E-02 3.916E-02 1.104E-07 1.16E-05
2.661E-01 4.063E-02 4.063E-02 1.189E-07 9.33E-06
2.630E-01 4.227E-02 4.227E-02 1.284E-07 7.25E-06
2.600E-01 4.411E-02 4.411E-02 1.392E-07 5.44E-06
2.570E-01 4.619E-02 4.619E-02 1.514E-07 4.01E-06
2.541E-01 4.853E-02 4.853E-02 1.647E-07 3.04E-06
2.512E-01 5.118E-02 5.118E-02 1.798E-07 2.46E-06
2.483E-01 5.416E-02 5.416E-02 1.970E-07 2.23E-06
2.455E-01 5.751E-02 5.751E-02 2.166E-07 2.33E-06
2.427E-01 6.127E-02 6.127E-02 2.392E-07 2.82E-06
2.399E-01 6.544E-02 6.544E-02 2.653E-07 3.70E-06
2.371E-01 7.001E-02 7.001E-02 2.937E-07 5.02E-06
2.344E-01 7.492E-02 7.492E-02 3.241E-07 6.63E-06
2.317E-01 8.006E-02 8.006E-02 3.559E-07 8.37E-06
2.291E-01 8.521E-02 8.521E-02 3.884E-07 1.02E-05
2.265E-01 9.009E-02 9.008E-02 4.218E-07 1.21E-05
2.239E-01 9.433E-02 9.433E-02 4.570E-07 1.40E-05
2.213E-01 9.753E-02 9.753E-02 4.935E-07 1.62E-05
2.188E-01 9.935E-02 9.935E-02 5.226E-07 1.85E-05
2.163E-01 9.957E-02 9.957E-02 5.364E-07 2.12E-05
2.138E-01 9.817E-02 9.816E-02 5.351E-07 2.40E-05
2.113E-01 9.533E-02 9.533E-02 5.238E-07 2.69E-05
2.089E-01 9.141E-02 9.141E-02 5.042E-07 2.98E-05
2.065E-01 8.679E-02 8.679E-02 4.779E-07 3.27E-05
2.042E-01 8.186E-02 8.186E-02 4.460E-07 3.58E-05
2.018E-01 7.691E-02 7.691E-02 4.109E-07 3.89E-05
1.995E-01 7.216E-02 7.216E-02 3.745E-07 4.22E-05
1.972E-01 6.773E-02 6.773E-02 3.385E-07 4.55E-05
1.950E-01 6.369E-02 6.369E-02 3.043E-07 4.89E-05
1.928E-01 6.007E-02 6.007E-02 2.729E-07 5.24E-05
1.905E-01 5.684E-02 5.684E-02 2.444E-07 5.60E-05
1.884E-01 5.400E-02 5.400E-02 2.184E-07 5.98E-05
1.862E-01 5.149E-02 5.149E-02 1.958E-07 6.37E-05
1.841E-01 4.929E-02 4.929E-02 1.765E-07 6.78E-05
1.820E-01 4.737E-02 4.737E-02 1.602E-07 7.21E-05
1.799E-01 4.568E-02 4.568E-02 1.463E-07 7.65E-05
1.778E-01 4.420E-02 4.420E-02 1.349E-07 8.10E-05
1.758E-01 4.290E-02 4.290E-02 1.256E-07 8.57E-05
1.738E-01 4.176E-02 4.176E-02 1.180E-07 9.05E-05
1.718E-01 4.075E-02 4.075E-02 1.120E-07 9.53E-05
1.698E-01 3.987E-02 3.987E-02 1.075E-07 1.00E-04
1.679E-01 3.910E-02 3.910E-02 1.046E-07 1.05E-04
1.660E-01 3.847E-02 3.847E-02 1.031E-07 1.10E-04
1.641E-01 3.795E-02 3.795E-02 1.033E-07 1.15E-04
1.622E-01 3.755E-02 3.755E-02 1.050E-07 1.20E-04
1.603E-01 3.726E-02 3.726E-02 1.081E-07 1.25E-04
1.585E-01 3.706E-02 3.706E-02 1.129E-07 1.30E-04
1.567E-01 3.697E-02 3.697E-02 1.190E-07 1.35E-04
1.549E-01 3.698E-02 3.698E-02 1.266E-07 1.40E-04
1.531E-01 3.708E-02 3.708E-02 1.355E-07 1.45E-04
1.514E-01 3.727E-02 3.727E-02 1.460E-07 1.51E-04
1.496E-01 3.756E-02 3.756E-02 1.582E-07 1.56E-04
1.479E-01 3.794E-02 3.794E-02 1.722E-07 1.62E-04
1.462E-01 3.841E-02 3.841E-02 1.884E-07 1.67E-04
1.445E-01 3.898E-02 3.898E-02 2.069E-07 1.73E-04
1.429E-01 3.964E-02 3.964E-02 2.278E-07 1.78E-04
1.413E-01 4.040E-02 4.040E-02 2.511E-07 1.84E-04
1.396E-01 4.126E-02 4.126E-02 2.767E-07 1.90E-04
1.380E-01 4.223E-02 4.223E-02 3.046E-07 1.96E-04
1.365E-01 4.329E-02 4.329E-02 3.355E-07 2.02E-04
1.349E-01 4.447E-02 4.447E-02 3.702E-07 2.09E-04
1.334E-01 4.576E-02 4.576E-02 4.089E-07 2.17E-04
1.318E-01 4.716E-02 4.716E-02 4.519E-07 2.24E-04
1.303E-01 4.869E-02 4.869E-02 4.996E-07 2.33E-04
1.288E-01 5.131E-02 5.131E-02 5.527E-07 2.42E-04
1.274E-01 5.331E-02 5.331E-02 6.115E-07 2.51E-04
1.259E-01 5.540E-02 5.540E-02 6.763E-07 2.61E-04
1.245E-01 5.758E-02 5.758E-02 7.479E-07 2.72E-04
1.230E-01 5.985E-02 5.985E-02 8.268E-07 2.83E-04
1.216E-01 6.221E-02 6.221E-02 9.130E-07 2.94E-04
1.202E-01 6.466E-02 6.466E-02 1.007E-06 3.04E-04
1.189E-01 6.719E-02 6.719E-02 1.111E-06 3.15E-04
1.175E-01 6.980E-02 6.980E-02 1.223E-06 3.25E-04
1.161E-01 7.249E-02 7.249E-02 1.346E-06 3.34E-04
1.148E-01 7.525E-02 7.524E-02 1.490E-06 3.42E-04
1.135E-01 7.807E-02 7.807E-02 1.682E-06 3.52E-04
1.122E-01 8.096E-02 8.096E-02 1.885E-06 3.53E-04
1.109E-01 8.392E-02 8.391E-02 2.108E-06 3.42E-04
1.096E-01 8.693E-02 8.693E-02 2.356E-06 3.12E-04
1.084E-01 9.000E-02 9.000E-02 2.660E-06 2.79E-04
1.072E-01 9.312E-02 9.312E-02 3.012E-06 2.56E-04
1.059E-01 9.628E-02 9.628E-02 3.353E-06 2.49E-04
1.047E-01 9.947E-02 9.946E-02 3.681E-06 2.51E-04
1.035E-01 1.027E-01 1.027E-01 3.997E-06 2.52E-04
1.023E-01 1.059E-01 1.059E-01 4.302E-06 2.52E-04
1.012E-01 1.091E-01 1.091E-01 4.638E-06 2.49E-04
1.000E-01 1.127E-01 1.127E-01 5.018E-06 2.43E-04
9.886E-02 1.152E-01 1.152E-01 5.518E-06 2.33E-04
9.772E-02 1.179E-01 1.178E-01 6.092E-06 2.22E-04
9.661E-02 1.206E-01 1.206E-01 6.659E-06 2.16E-04
9.550E-02 1.235E-01 1.235E-01 7.186E-06 2.14E-04
9.441E-02 1.266E-01 1.266E-01 7.578E-06 2.15E-04
9.333E-02 1.299E-01 1.299E-01 7.892E-06 2.17E-04
9.226E-02 1.333E-01 1.333E-01 8.241E-06 2.20E-04
9.120E-02 1.370E-01 1.370E-01 8.576E-06 2.24E-04
9.016E-02 1.410E-01 1.410E-01 8.779E-06 2.31E-04
8.913E-02 1.453E-01 1.453E-01 9.006E-06 2.37E-04
8.810E-02 1.499E-01 1.499E-01 9.382E-06 2.39E-04
8.710E-02 1.550E-01 1.550E-01 9.974E-06 2.36E-04
8.610E-02 1.606E-01 1.606E-01 1.069E-05 2.30E-04
8.511E-02 1.668E-01 1.668E-01 1.152E-05 2.24E-04
8.414E-02 1.736E-01 1.736E-01 1.250E-05 2.18E-04
8.318E-02 1.813E-01 1.813E-01 1.362E-05 2.13E-04
8.222E-02 1.898E-01 1.898E-01 1.486E-05 2.09E-04
8.128E-02 1.994E-01 1.994E-01 1.619E-05 2.09E-04
8.035E-02 2.101E-01 2.101E-01 1.766E-05 2.11E-04
7.943E-02 2.220E-01 2.220E-01 1.924E-05 2.15E-04
7.852E-02 2.352E-01 2.352E-01 2.089E-05 2.20E-04
7.762E-02 2.495E-01 2.495E-01 2.253E-05 2.29E-04
7.674E-02 2.647E-01 2.647E-01 2.407E-05 2.38E-04
7.586E-02 2.801E-01 2.801E-01 2.554E-05 2.48E-04
7.499E-02 2.950E-01 2.949E-01 2.688E-05 2.58E-04
7.413E-02 3.081E-01 3.080E-01 2.806E-05 2.70E-04
7.328E-02 3.181E-01 3.180E-01 2.903E-05 2.82E-04
7.244E-02 3.239E-01 3.238E-01 2.998E-05 2.94E-04
7.161E-02 3.249E-01 3.249E-01 3.084E-05 3.06E-04
7.079E-02 3.213E-01 3.212E-01 3.145E-05 3.19E-04
6.998E-02 3.139E-01 3.138E-01 3.176E-05 3.32E-04
6.918E-02 3.039E-01 3.039E-01 3.175E-05 3.46E-04
6.839E-02 2.927E-01 2.927E-01 3.111E-05 3.62E-04
6.761E-02 2.813E-01 2.813E-01 3.005E-05 3.78E-04
6.683E-02 2.705E-01 2.705E-01 2.886E-05 3.95E-04
6.607E-02 2.608E-01 2.607E-01 2.757E-05 4.12E-04
6.531E-02 2.500E-01 2.500E-01 2.622E-05 4.29E-04
6.457E-02 2.392E-01 2.392E-01 2.524E-05 4.45E-04
6.383E-02 2.283E-01 2.282E-01 2.442E-05 4.61E-04
6.310E-02 2.172E-01 2.172E-01 2.372E-05 4.77E-04
6.237E-02 2.060E-01 2.060E-01 2.315E-05 4.93E-04
6.166E-02 1.947E-01 1.947E-01 2.276E-05 5.09E-04
6.095E-02 1.833E-01 1.832E-01 2.250E-05 5.26E-04
6.026E-02 1.717E-01 1.717E-01 2.228E-05 5.43E-04
5.957E-02 1.600E-01 1.600E-01 2.211E-05 5.60E-04
5.888E-02 1.482E-01 1.481E-01 2.194E-05 5.78E-04
5.821E-02 1.362E-01 1.362E-01 2.162E-05 5.96E-04
5.754E-02 1.303E-01 1.302E-01 2.127E-05 6.14E-04
5.689E-02 1.256E-01 1.256E-01 2.089E-05 6.33E-04
5.623E-02 1.207E-01 1.207E-01 2.046E-05 6.52E-04
5.559E-02 1.155E-01 1.155E-01 1.993E-05 6.71E-04
5.495E-02 1.105E-01 1.105E-01 1.939E-05 6.91E-04
5.433E-02 1.056E-01 1.055E-01 1.884E-05 7.11E-04
5.370E-02 1.010E-01 1.009E-01 1.830E-05 7.31E-04
5.309E-02 9.704E-02 9.702E-02 1.782E-05 7.52E-04
5.248E-02 9.338E-02 9.336E-02 1.737E-05 7.74E-04
5.188E-02 8.999E-02 8.997E-02 1.694E-05 7.96E-04
5.129E-02 8.676E-02 8.675E-02 1.656E-05 8.18E-04
5.070E-02 8.366E-02 8.364E-02 1.621E-05 8.41E-04
5.012E-02 8.070E-02 8.069E-02 1.589E-05 8.64E-04
4.955E-02 7.790E-02 7.788E-02 1.559E-05 8.87E-04
4.898E-02 7.527E-02 7.525E-02 1.531E-05 9.11E-04
4.842E-02 7.270E-02 7.268E-02 1.503E-05 9.36E-04
4.786E-02 7.019E-02 7.018E-02 1.475E-05 9.61E-04
4.732E-02 6.754E-02 6.753E-02 1.442E-05 9.87E-04
4.677E-02 6.490E-02 6.489E-02 1.408E-05 1.01E-03
4.624E-02 6.237E-02 6.235E-02 1.374E-05 1.04E-03
4.571E-02 6.015E-02 6.014E-02 1.344E-05 1.07E-03
4.519E-02 5.833E-02 5.831E-02 1.317E-05 1.10E-03
4.467E-02 5.657E-02 5.656E-02 1.290E-05 1.13E-03
4.416E-02 5.473E-02 5.472E-02 1.260E-05 1.16E-03
4.365E-02 5.245E-02 5.244E-02 1.223E-05 1.19E-03
4.315E-02 5.028E-02 5.027E-02 1.186E-05 1.22E-03
4.266E-02 4.835E-02 4.834E-02 1.148E-05 1.25E-03
4.217E-02 4.714E-02 4.713E-02 1.111E-05 1.29E-03
4.169E-02 4.620E-02 4.619E-02 1.076E-05 1.32E-03
4.121E-02 4.551E-02 4.550E-02 1.045E-05 1.36E-03
4.074E-02 4.485E-02 4.484E-02 1.021E-05 1.39E-03
4.027E-02 4.434E-02 4.433E-02 1.001E-05 1.43E-03
3.981E-02 4.398E-02 4.397E-02 9.839E-06 1.46E-03
3.935E-02 4.374E-02 4.373E-02 9.691E-06 1.50E-03
3.890E-02 4.369E-02 4.368E-02 9.583E-06 1.54E-03
3.846E-02 4.383E-02 4.382E-02 9.501E-06 1.58E-03
3.802E-02 4.421E-02 4.420E-02 9.497E-06 1.62E-03
3.758E-02 4.485E-02 4.484E-02 9.598E-06 1.66E-03
3.715E-02 4.622E-02 4.621E-02 9.981E-06 1.70E-03
3.673E-02 4.744E-02 4.743E-02 1.046E-05 1.74E-03
3.631E-02 4.799E-02 4.798E-02 1.096E-05 1.78E-03
3.589E-02 4.740E-02 4.739E-02 1.132E-05 1.82E-03
3.548E-02 4.635E-02 4.634E-02 1.163E-05 1.87E-03
3.508E-02 4.541E-02 4.540E-02 1.181E-05 1.91E-03
3.467E-02 4.451E-02 4.450E-02 1.192E-05 1.96E-03
3.428E-02 4.360E-02 4.358E-02 1.200E-05 2.00E-03
3.388E-02 4.271E-02 4.269E-02 1.209E-05 2.05E-03
3.350E-02 4.183E-02 4.181E-02 1.217E-05 2.10E-03
3.311E-02 4.096E-02 4.095E-02 1.224E-05 2.15E-03
3.273E-02 4.011E-02 4.009E-02 1.230E-05 2.21E-03
3.236E-02 3.926E-02 3.925E-02 1.235E-05 2.26E-03
3.199E-02 3.842E-02 3.841E-02 1.240E-05 2.32E-03
3.162E-02 3.760E-02 3.759E-02 1.244E-05 2.37E-03
3.126E-02 3.679E-02 3.678E-02 1.248E-05 2.43E-03
3.090E-02 3.599E-02 3.598E-02 1.252E-05 2.49E-03
3.055E-02 3.521E-02 3.520E-02 1.255E-05 2.55E-03
3.020E-02 3.444E-02 3.443E-02 1.258E-05 2.61E-03
2.985E-02 3.367E-02 3.366E-02 1.261E-05 2.68E-03
2.951E-02 3.292E-02 3.291E-02 1.263E-05 2.74E-03
2.917E-02 3.219E-02 3.218E-02 1.265E-05 2.81E-03
2.884E-02 3.147E-02 3.146E-02 1.267E-05 2.88E-03
2.851E-02 3.077E-02 3.076E-02 1.268E-05 2.95E-03
2.818E-02 3.008E-02 3.007E-02 1.270E-05 3.02E-03
2.786E-02 2.941E-02 2.940E-02 1.271E-05 3.09E-03
2.754E-02 2.876E-02 2.874E-02 1.272E-05 3.16E-03
2.723E-02 2.811E-02 2.810E-02 1.274E-05 3.24E-03
2.692E-02 2.748E-02 2.747E-02 1.275E-05 3.32E-03
2.661E-02 2.686E-02 2.685E-02 1.276E-05 3.40E-03
2.630E-02 2.626E-02 2.624E-02 1.277E-05 3.48E-03
2.600E-02 2.566E-02 2.565E-02 1.278E-05 3.57E-03
2.570E-02 2.507E-02 2.506E-02 1.278E-05 3.65E-03
2.541E-02 2.450E-02 2.449E-02 1.279E-05 3.74E-03
2.512E-02 2.394E-02 2.392E-02 1.279E-05 3.83E-03
2.483E-02 2.338E-02 2.337E-02 1.279E-05 3.93E-03
2.455E-02 2.284E-02 2.283E-02 1.279E-05 4.02E-03
2.427E-02 2.231E-02 2.230E-02 1.279E-05 4.12E-03
2.399E-02 2.180E-02 2.178E-02 1.279E-05 4.22E-03
2.371E-02 2.130E-02 2.128E-02 1.279E-05 4.32E-03
2.344E-02 2.080E-02 2.079E-02 1.279E-05 4.42E-03
2.317E-02 2.032E-02 2.031E-02 1.279E-05 4.53E-03
2.291E-02 1.985E-02 1.984E-02 1.279E-05 4.64E-03
2.265E-02 1.938E-02 1.937E-02 1.279E-05 4.75E-03
2.239E-02 1.893E-02 1.892E-02 1.278E-05 4.86E-03
2.213E-02 1.849E-02 1.848E-02 1.278E-05 4.98E-03
2.188E-02 1.806E-02 1.804E-02 1.277E-05 5.10E-03
2.163E-02 1.763E-02 1.762E-02 1.277E-05 5.22E-03
2.138E-02 1.722E-02 1.721E-02 1.277E-05 5.35E-03
2.113E-02 1.682E-02 1.681E-02 1.276E-05 5.48E-03
2.089E-02 1.642E-02 1.641E-02 1.275E-05 5.61E-03
2.065E-02 1.603E-02 1.602E-02 1.274E-05 5.74E-03
2.042E-02 1.566E-02 1.565E-02 1.274E-05 5.88E-03
2.018E-02 1.529E-02 1.528E-02 1.274E-05 6.02E-03
1.995E-02 1.493E-02 1.492E-02 1.273E-05 6.16E-03
1.972E-02 1.457E-02 1.456E-02 1.272E-05 6.31E-03
1.950E-02 1.422E-02 1.421E-02 1.271E-05 6.46E-03
1.928E-02 1.387E-02 1.386E-02 1.269E-05 6.62E-03
1.905E-02 1.354E-02 1.352E-02 1.267E-05 6.78E-03
1.884E-02 1.321E-02 1.320E-02 1.266E-05 6.94E-03
1.862E-02 1.289E-02 1.288E-02 1.265E-05 7.10E-03
1.841E-02 1.258E-02 1.257E-02 1.263E-05 7.27E-03
1.820E-02 1.228E-02 1.227E-02 1.262E-05 7.45E-03
1.799E-02 1.198E-02 1.197E-02 1.260E-05 7.62E-03
1.778E-02 1.170E-02 1.168E-02 1.259E-05 7.81E-03
1.758E-02 1.142E-02 1.140E-02 1.257E-05 7.99E-03
1.738E-02 1.114E-02 1.113E-02 1.256E-05 8.18E-03
1.718E-02 1.087E-02 1.085E-02 1.254E-05 8.38E-03
1.698E-02 1.060E-02 1.059E-02 1.252E-05 8.58E-03
1.679E-02 1.034E-02 1.033E-02 1.250E-05 8.78E-03
1.660E-02 1.009E-02 1.008E-02 1.249E-05 8.99E-03
1.641E-02 9.846E-03 9.834E-03 1.247E-05 9.21E-03
1.622E-02 9.605E-03 9.593E-03 1.245E-05 9.42E-03
1.603E-02 9.369E-03 9.356E-03 1.243E-05 9.65E-03
1.585E-02 9.138E-03 9.125E-03 1.240E-05 9.88E-03
1.567E-02 8.913E-03 8.901E-03 1.238E-05 1.01E-02
1.549E-02 8.696E-03 8.684E-03 1.236E-05 1.04E-02
1.531E-02 8.481E-03 8.468E-03 1.234E-05 1.06E-02
1.514E-02 8.269E-03 8.257E-03 1.232E-05 1.09E-02
1.496E-02 8.063E-03 8.051E-03 1.229E-05 1.11E-02
1.479E-02 7.862E-03 7.849E-03 1.227E-05 1.14E-02
1.462E-02 7.667E-03 7.654E-03 1.224E-05 1.16E-02
1.445E-02 7.477E-03 7.465E-03 1.222E-05 1.19E-02
1.429E-02 7.291E-03 7.279E-03 1.219E-05 1.22E-02
1.413E-02 7.109E-03 7.097E-03 1.216E-05 1.25E-02
1.396E-02 6.932E-03 6.920E-03 1.214E-05 1.28E-02
1.380E-02 6.760E-03 6.748E-03 1.211E-05 1.31E-02
1.365E-02 6.592E-03 6.580E-03 1.208E-05 1.34E-02
1.349E-02 6.427E-03 6.414E-03 1.205E-05 1.37E-02
1.334E-02 6.265E-03 6.253E-03 1.202E-05 1.40E-02
1.318E-02 6.107E-03 6.095E-03 1.199E-05 1.44E-02
1.303E-02 5.955E-03 5.943E-03 1.196E-05 1.47E-02
1.288E-02 5.807E-03 5.795E-03 1.193E-05 1.51E-02
1.274E-02 5.661E-03 5.649E-03 1.190E-05 1.54E-02
1.259E-02 5.517E-03 5.506E-03 1.186E-05 1.58E-02
1.245E-02 5.376E-03 5.364E-03 1.183E-05 1.62E-02
1.230E-02 5.243E-03 5.232E-03 1.180E-05 1.65E-02
1.216E-02 5.115E-03 5.103E-03 1.177E-05 1.69E-02
1.202E-02 4.988E-03 4.976E-03 1.174E-05 1.73E-02
1.189E-02 4.861E-03 4.850E-03 1.171E-05 1.78E-02
1.175E-02 4.737E-03 4.725E-03 1.167E-05 1.82E-02
1.161E-02 4.614E-03 4.602E-03 1.163E-05 1.86E-02
1.148E-02 4.493E-03 4.482E-03 1.158E-05 1.90E-02
1.135E-02 4.376E-03 4.364E-03 1.153E-05 1.95E-02
1.122E-02 4.262E-03 4.251E-03 1.149E-05 2.00E-02
1.109E-02 4.153E-03 4.141E-03 1.145E-05 2.04E-02
1.096E-02 4.046E-03 4.034E-03 1.140E-05 2.09E-02
1.084E-02 3.941E-03 3.929E-03 1.136E-05 2.14E-02
1.072E-02 3.838E-03 3.827E-03 1.131E-05 2.19E-02
1.059E-02 3.739E-03 3.728E-03 1.126E-05 2.24E-02
1.047E-02 3.643E-03 3.632E-03 1.121E-05 2.30E-02
1.035E-02 3.551E-03 3.540E-03 1.117E-05 2.35E-02
1.023E-02 3.460E-03 3.449E-03 1.112E-05 2.41E-02
1.012E-02 3.370E-03 3.359E-03 1.107E-05 2.46E-02
1.000E-02 3.282E-03 3.271E-03 1.102E-05 2.52E-02
9.886E-03 3.196E-03 3.185E-03 1.096E-05 2.58E-02
9.772E-03 3.112E-03 3.101E-03 1.091E-05 2.64E-02
9.661E-03 3.031E-03 3.020E-03 1.086E-05 2.70E-02
9.550E-03 2.954E-03 2.943E-03 1.080E-05 2.77E-02
9.441E-03 2.877E-03 2.866E-03 1.075E-05 2.83E-02
9.333E-03 2.802E-03 2.791E-03 1.069E-05 2.90E-02
9.226E-03 2.728E-03 2.717E-03 1.063E-05 2.97E-02
9.120E-03 2.656E-03 2.645E-03 1.057E-05 3.04E-02
9.016E-03 2.586E-03 2.576E-03 1.051E-05 3.11E-02
8.913E-03 2.519E-03 2.508E-03 1.045E-05 3.19E-02
8.810E-03 2.454E-03 2.443E-03 1.038E-05 3.26E-02
8.710E-03 2.389E-03 2.379E-03 1.032E-05 3.34E-02
8.610E-03 2.326E-03 2.316E-03 1.025E-05 3.42E-02
8.511E-03 2.264E-03 2.254E-03 1.018E-05 3.50E-02
8.414E-03 2.205E-03 2.195E-03 1.011E-05 3.58E-02
8.318E-03 2.147E-03 2.137E-03 1.003E-05 3.67E-02
8.222E-03 2.091E-03 2.081E-03 9.962E-06 3.75E-02
8.128E-03 2.035E-03 2.026E-03 9.886E-06 3.84E-02
8.035E-03 1.981E-03 1.972E-03 9.808E-06 3.93E-02
7.943E-03 1.928E-03 1.919E-03 9.727E-06 4.03E-02
7.852E-03 1.877E-03 1.868E-03 9.646E-06 4.12E-02
7.762E-03 1.828E-03 1.818E-03 9.564E-06 4.22E-02
7.674E-03 1.778E-03 1.769E-03 9.477E-06 4.32E-02
7.586E-03 1.730E-03 1.721E-03 9.387E-06 4.42E-02
7.499E-03 1.684E-03 1.675E-03 9.297E-06 4.53E-02
7.413E-03 1.639E-03 1.630E-03 9.207E-06 4.63E-02
7.328E-03 1.596E-03 1.587E-03 9.117E-06 4.74E-02
7.244E-03 1.554E-03 1.545E-03 9.024E-06 4.86E-02
7.161E-03 1.512E-03 1.503E-03 8.926E-06 4.97E-02
7.079E-03 1.472E-03 1.464E-03 8.827E-06 5.09E-02
6.998E-03 1.433E-03 1.424E-03 8.727E-06 5.21E-02
6.918E-03 1.395E-03 1.386E-03 8.622E-06 5.33E-02
6.839E-03 1.357E-03 1.349E-03 8.516E-06 5.46E-02
6.761E-03 1.321E-03 1.313E-03 8.406E-06 5.59E-02
6.683E-03 1.286E-03 1.277E-03 8.291E-06 5.72E-02
6.607E-03 1.251E-03 1.243E-03 8.172E-06 5.86E-02
6.531E-03 1.217E-03 1.209E-03 8.049E-06 6.00E-02
6.457E-03 1.184E-03 1.176E-03 7.929E-06 6.14E-02
6.383E-03 1.152E-03 1.145E-03 7.803E-06 6.29E-02
6.310E-03 1.121E-03 1.113E-03 7.671E-06 6.44E-02
6.237E-03 1.090E-03 1.083E-03 7.533E-06 6.59E-02
6.166E-03 1.061E-03 1.054E-03 7.399E-06 6.75E-02
6.095E-03 1.033E-03 1.026E-03 7.266E-06 6.91E-02
6.026E-03 1.006E-03 9.988E-04 7.124E-06 7.07E-02
5.957E-03 9.788E-04 9.718E-04 6.973E-06 7.24E-02
5.888E-03 9.520E-04 9.452E-04 6.813E-06 7.41E-02
5.821E-03 9.257E-04 9.191E-04 6.645E-06 7.59E-02
5.754E-03 8.999E-04 8.934E-04 6.469E-06 7.77E-02
5.689E-03 8.746E-04 8.683E-04 6.285E-06 7.95E-02
5.623E-03 8.502E-04 8.441E-04 6.098E-06 8.14E-02
5.559E-03 8.269E-04 8.210E-04 5.916E-06 8.34E-02
5.495E-03 8.040E-04 7.983E-04 5.721E-06 8.54E-02
5.433E-03 7.817E-04 7.761E-04 5.513E-06 8.74E-02
5.370E-03 7.599E-04 7.546E-04 5.294E-06 8.95E-02
5.309E-03 7.388E-04 7.337E-04 5.063E-06 9.16E-02
5.248E-03 7.184E-04 7.136E-04 4.822E-06 9.38E-02
5.188E-03 6.988E-04 6.943E-04 4.570E-06 9.61E-02
5.129E-03 6.798E-04 6.754E-04 4.424E-06 9.84E-02
5.070E-03 6.609E-04 6.566E-04 4.280E-06 1.01E-01
5.012E-03 6.423E-04 6.383E-04 4.054E-06 1.03E-01
4.955E-03 6.242E-04 6.205E-04 3.747E-06 1.06E-01
4.898E-03 6.066E-04 6.032E-04 3.363E-06 1.08E-01
4.842E-03 5.895E-04 5.866E-04 2.908E-06 1.11E-01
4.786E-03 5.731E-04 5.707E-04 2.397E-06 1.13E-01
4.732E-03 5.564E-04 5.547E-04 1.666E-06 1.16E-01
4.677E-03 5.397E-04 5.388E-04 8.830E-07 1.19E-01
4.624E-03 5.238E-04 5.235E-04 2.722E-07 1.32E-01
4.571E-03 5.086E-04 5.086E-04 3.144E-08 1.84E-01
4.519E-03 4.948E-04 4.944E-04 4.073E-07 1.28E-01
4.467E-03 4.827E-04 4.810E-04 1.719E-06 1.31E-01
4.416E-03 1.065E-02 1.064E-02 1.310E-05 1.34E-01
4.365E-03 1.044E-02 1.043E-02 1.175E-05 1.37E-01
4.315E-03 1.023E-02 1.022E-02 1.071E-05 1.40E-01
4.266E-03 1.003E-02 1.002E-02 1.055E-05 1.44E-01
4.217E-03 9.823E-03 9.812E-03 1.108E-05 1.47E-01
4.169E-03 9.618E-03 9.606E-03 1.205E-05 1.51E-01
4.121E-03 9.415E-03 9.402E-03 1.312E-05 1.54E-01
4.074E-03 9.215E-03 9.201E-03 1.378E-05 1.58E-01
4.027E-03 9.015E-03 9.000E-03 1.435E-05 1.62E-01
3.981E-03 8.816E-03 8.802E-03 1.476E-05 1.66E-01
3.935E-03 8.620E-03 8.605E-03 1.494E-05 1.70E-01
3.890E-03 8.425E-03 8.410E-03 1.485E-05 1.74E-01
3.846E-03 8.234E-03 8.219E-03 1.490E-05 1.78E-01
3.802E-03 8.046E-03 8.030E-03 1.512E-05 1.82E-01
3.758E-03 7.859E-03 7.844E-03 1.531E-05 1.86E-01
3.715E-03 7.676E-03 7.660E-03 1.547E-05 1.91E-01
3.673E-03 7.495E-03 7.480E-03 1.559E-05 1.95E-01
3.631E-03 7.318E-03 7.303E-03 1.568E-05 2.00E-01
3.589E-03 7.144E-03 7.128E-03 1.578E-05 2.05E-01
3.548E-03 6.972E-03 6.956E-03 1.587E-05 2.10E-01
3.508E-03 6.803E-03 6.787E-03 1.593E-05 2.15E-01
3.467E-03 6.637E-03 6.621E-03 1.597E-05 2.20E-01
3.428E-03 6.475E-03 6.459E-03 1.599E-05 2.25E-01
3.388E-03 6.315E-03 6.299E-03 1.601E-05 2.30E-01
3.350E-03 6.157E-03 6.141E-03 1.601E-05 2.36E-01
3.311E-03 6.003E-03 5.987E-03 1.600E-05 2.41E-01
3.273E-03 5.852E-03 5.836E-03 1.597E-05 2.47E-01
3.236E-03 5.706E-03 5.690E-03 1.593E-05 2.53E-01
3.199E-03 5.562E-03 5.546E-03 1.587E-05 2.59E-01
3.162E-03 5.419E-03 5.403E-03 1.581E-05 2.65E-01
3.126E-03 5.277E-03 5.262E-03 1.575E-05 2.71E-01
3.090E-03 5.141E-03 5.126E-03 1.568E-05 2.77E-01
3.055E-03 5.016E-03 5.000E-03 1.560E-05 2.84E-01
3.020E-03 4.890E-03 4.875E-03 1.551E-05 2.90E-01
2.985E-03 4.765E-03 4.750E-03 1.542E-05 2.97E-01
2.951E-03 4.641E-03 4.626E-03 1.531E-05 3.04E-01
2.917E-03 4.517E-03 4.502E-03 1.520E-05 3.11E-01
2.884E-03 4.395E-03 4.380E-03 1.508E-05 3.18E-01
2.851E-03 4.273E-03 4.259E-03 1.496E-05 3.25E-01
2.818E-03 4.154E-03 4.139E-03 1.483E-05 3.33E-01
2.786E-03 4.037E-03 4.022E-03 1.469E-05 3.40E-01
2.754E-03 3.922E-03 3.907E-03 1.454E-05 3.48E-01
2.723E-03 3.815E-03 3.800E-03 1.438E-05 3.56E-01
2.692E-03 3.709E-03 3.695E-03 1.422E-05 3.64E-01
2.661E-03 3.605E-03 3.591E-03 1.406E-05 3.72E-01
2.630E-03 3.504E-03 3.490E-03 1.388E-05 3.80E-01
2.600E-03 3.404E-03 3.391E-03 1.371E-05 3.88E-01
2.570E-03 3.308E-03 3.294E-03 1.352E-05 3.97E-01
2.541E-03 3.215E-03 3.202E-03 1.334E-05 4.06E-01
2.512E-03 3.125E-03 3.112E-03 1.315E-05 4.14E-01
2.483E-03 3.040E-03 3.027E-03 1.295E-05 4.23E-01
2.455E-03 2.954E-03 2.942E-03 1.276E-05 4.32E-01
2.427E-03 2.870E-03 2.857E-03 1.258E-05 4.41E-01
2.399E-03 2.787E-03 2.775E-03 1.238E-05 4.50E-01
2.371E-03 2.706E-03 2.694E-03 1.219E-05 4.59E-01
2.344E-03 2.627E-03 2.616E-03 1.200E-05 4.69E-01
2.317E-03 2.551E-03 2.540E-03 1.180E-05 4.78E-01
2.291E-03 2.478E-03 2.466E-03 1.161E-05 4.88E-01
2.265E-03 2.408E-03 2.396E-03 1.142E-05 4.97E-01
2.239E-03 2.339E-03 2.328E-03 1.123E-05 5.07E-01
2.213E-03 2.271E-03 2.260E-03 1.104E-05 5.16E-01
2.188E-03 2.204E-03 2.193E-03 1.084E-05 5.26E-01
2.163E-03 2.138E-03 2.128E-03 1.065E-05 5.35E-01
2.138E-03 2.075E-03 2.064E-03 1.046E-05 5.45E-01
2.113E-03 2.013E-03 2.003E-03 1.027E-05 5.55E-01
2.089E-03 1.954E-03 1.944E-03 1.009E-05 5.64E-01
2.065E-03 1.898E-03 1.888E-03 9.903E-06 5.74E-01
2.042E-03 1.842E-03 1.832E-03 9.722E-06 5.83E-01
2.018E-03 1.787E-03 1.777E-03 9.541E-06 5.93E-01
1.995E-03 1.733E-03 1.723E-03 9.361E-06 6.02E-01
1.972E-03 1.680E-03 1.671E-03 9.185E-06 6.11E-01
1.950E-03 1.630E-03 1.621E-03 9.010E-06 6.20E-01
1.928E-03 1.581E-03 1.572E-03 8.839E-06 6.29E-01
1.905E-03 1.534E-03 1.526E-03 8.672E-06 6.38E-01
1.884E-03 1.488E-03 1.480E-03 8.507E-06 6.47E-01
1.862E-03 1.443E-03 1.434E-03 8.341E-06 6.55E-01
1.841E-03 1.398E-03 1.390E-03 8.179E-06 6.63E-01
1.820E-03 1.356E-03 1.348E-03 8.019E-06 6.71E-01
1.799E-03 1.314E-03 1.306E-03 7.863E-06 6.79E-01
1.778E-03 1.274E-03 1.267E-03 7.710E-06 6.87E-01
1.758E-03 1.236E-03 1.228E-03 7.561E-06 6.94E-01
1.738E-03 1.198E-03 1.190E-03 7.413E-06 7.01E-01
1.718E-03 1.161E-03 1.154E-03 7.267E-06 7.08E-01
1.698E-03 1.125E-03 1.118E-03 7.125E-06 7.14E-01
1.679E-03 1.090E-03 1.083E-03 6.986E-06 7.20E-01
1.660E-03 1.057E-03 1.050E-03 6.851E-06 7.26E-01
1.641E-03 1.024E-03 1.018E-03 6.719E-06 7.32E-01
1.622E-03 9.926E-04 9.860E-04 6.590E-06 7.37E-01
1.603E-03 9.616E-04 9.551E-04 6.463E-06 7.42E-01
1.585E-03 9.315E-04 9.251E-04 6.338E-06 7.47E-01
1.567E-03 9.025E-04 8.962E-04 6.217E-06 7.51E-01
1.549E-03 8.746E-04 8.685E-04 6.100E-06 7.56E-01
1.531E-03 8.473E-04 8.414E-04 5.983E-06 7.60E-01
1.514E-03 8.208E-04 8.149E-04 5.869E-06 7.63E-01
1.496E-03 7.949E-04 7.892E-04 5.756E-06 7.67E-01
1.479E-03 7.700E-04 7.643E-04 5.646E-06 7.70E-01
1.462E-03 7.460E-04 7.404E-04 5.539E-06 7.73E-01
1.445E-03 7.226E-04 7.172E-04 5.434E-06 7.76E-01
1.429E-03 6.997E-04 6.944E-04 5.330E-06 7.79E-01
1.413E-03 6.775E-04 6.722E-04 5.228E-06 7.82E-01
1.396E-03 6.559E-04 6.508E-04 5.129E-06 7.84E-01
1.380E-03 6.353E-04 6.302E-04 5.031E-06 7.87E-01
1.365E-03 6.152E-04 6.103E-04 4.935E-06 7.89E-01
1.349E-03 5.957E-04 5.908E-04 4.840E-06 7.92E-01
1.334E-03 5.767E-04 5.720E-04 4.746E-06 7.94E-01
1.318E-03 5.584E-04 5.538E-04 4.653E-06 7.96E-01
1.303E-03 5.409E-04 5.363E-04 4.562E-06 7.99E-01
1.288E-03 5.240E-04 5.195E-04 4.473E-06 8.01E-01
1.274E-03 5.074E-04 5.030E-04 4.384E-06 8.04E-01
1.259E-03 4.911E-04 4.868E-04 4.295E-06 8.06E-01
1.245E-03 4.751E-04 4.709E-04 4.207E-06 8.09E-01
1.230E-03 4.604E-04 4.563E-04 4.123E-06 8.12E-01
1.216E-03 4.462E-04 4.422E-04 4.043E-06 8.15E-01
1.202E-03 4.322E-04 4.283E-04 3.962E-06 8.18E-01
1.189E-03 4.184E-04 4.145E-04 3.881E-06 8.21E-01
1.175E-03 4.048E-04 4.010E-04 3.800E-06 8.24E-01
1.161E-03 3.915E-04 3.878E-04 3.719E-06 8.27E-01
1.148E-03 3.786E-04 3.749E-04 3.638E-06 8.31E-01
1.135E-03 3.660E-04 3.624E-04 3.560E-06 8.34E-01
1.122E-03 3.539E-04 3.504E-04 3.483E-06 8.38E-01
1.109E-03 3.425E-04 3.390E-04 3.408E-06 8.41E-01
1.096E-03 3.313E-04 3.279E-04 3.333E-06 8.45E-01
1.084E-03 3.204E-04 3.171E-04 3.260E-06 8.48E-01
1.072E-03 3.099E-04 3.067E-04 3.188E-06 8.52E-01
1.059E-03 2.998E-04 2.966E-04 3.118E-06 8.56E-01
1.047E-03 2.901E-04 2.870E-04 3.049E-06 8.59E-01
1.035E-03 2.809E-04 2.779E-04 2.983E-06 8.62E-01
1.023E-03 2.719E-04 2.690E-04 2.918E-06 8.66E-01
1.012E-03 2.630E-04 2.601E-04 2.854E-06 8.69E-01
