w(micron)   Q_ext     Q_abs     Q_sca    g=<cos>
1.000E+03 1.737E-08 1.737E-08 1.650E-18 0.00E+00
9.886E+02 1.776E-08 1.776E-08 1.728E-18 0.00E+00
9.772E+02 1.816E-08 1.816E-08 1.810E-18 0.00E+00
9.661E+02 1.856E-08 1.856E-08 1.895E-18 0.00E+00
9.550E+02 1.898E-08 1.898E-08 1.984E-18 0.00E+00
9.441E+02 1.940E-08 1.940E-08 2.077E-18 0.00E+00
9.333E+02 1.984E-08 1.984E-08 2.175E-18 0.00E+00
9.226E+02 2.028E-08 2.028E-08 2.278E-18 0.00E+00
9.120E+02 2.073E-08 2.073E-08 2.385E-18 0.00E+00
9.016E+02 2.120E-08 2.120E-08 2.497E-18 0.00E+00
8.913E+02 2.167E-08 2.167E-08 2.615E-18 0.00E+00
8.810E+02 2.216E-08 2.216E-08 2.738E-18 0.00E+00
8.710E+02 2.265E-08 2.265E-08 2.867E-18 0.00E+00
8.610E+02 2.316E-08 2.316E-08 3.002E-18 0.00E+00
8.511E+02 2.368E-08 2.368E-08 3.143E-18 0.00E+00
8.414E+02 2.421E-08 2.421E-08 3.291E-18 0.00E+00
8.318E+02 2.475E-08 2.475E-08 3.446E-18 0.00E+00
8.222E+02 2.530E-08 2.530E-08 3.608E-18 0.00E+00
8.128E+02 2.587E-08 2.587E-08 3.778E-18 0.00E+00
8.035E+02 2.645E-08 2.645E-08 3.956E-18 0.00E+00
7.943E+02 2.704E-08 2.704E-08 4.143E-18 0.00E+00
7.852E+02 2.764E-08 2.764E-08 4.338E-18 0.00E+00
7.762E+02 2.826E-08 2.826E-08 4.542E-18 0.00E+00
7.674E+02 2.889E-08 2.889E-08 4.756E-18 0.00E+00
7.586E+02 2.954E-08 2.954E-08 4.980E-18 0.00E+00
7.499E+02 3.020E-08 3.020E-08 5.214E-18 0.00E+00
7.413E+02 3.087E-08 3.087E-08 5.460E-18 0.00E+00
7.328E+02 3.156E-08 3.156E-08 5.717E-18 0.00E+00
7.244E+02 3.227E-08 3.227E-08 5.986E-18 0.00E+00
7.161E+02 3.299E-08 3.299E-08 6.268E-18 0.00E+00
7.079E+02 3.373E-08 3.373E-08 6.563E-18 0.00E+00
6.998E+02 3.448E-08 3.448E-08 6.872E-18 0.00E+00
6.918E+02 3.526E-08 3.526E-08 7.195E-18 0.00E+00
6.839E+02 3.605E-08 3.605E-08 7.534E-18 0.00E+00
6.761E+02 3.685E-08 3.685E-08 7.889E-18 0.00E+00
6.683E+02 3.768E-08 3.768E-08 8.261E-18 0.00E+00
6.607E+02 3.852E-08 3.852E-08 8.649E-18 0.00E+00
6.531E+02 3.938E-08 3.938E-08 9.057E-18 0.00E+00
6.457E+02 4.027E-08 4.027E-08 9.483E-18 0.00E+00
6.383E+02 4.117E-08 4.117E-08 9.930E-18 0.00E+00
6.310E+02 4.209E-08 4.209E-08 1.040E-17 0.00E+00
6.237E+02 4.303E-08 4.303E-08 1.089E-17 0.00E+00
6.166E+02 4.400E-08 4.400E-08 1.140E-17 0.00E+00
6.095E+02 4.499E-08 4.499E-08 1.194E-17 0.00E+00
6.026E+02 4.599E-08 4.599E-08 1.250E-17 0.00E+00
5.957E+02 4.703E-08 4.703E-08 1.309E-17 0.00E+00
5.888E+02 4.808E-08 4.808E-08 1.370E-17 0.00E+00
5.821E+02 4.916E-08 4.916E-08 1.435E-17 0.00E+00
5.754E+02 5.027E-08 5.027E-08 1.502E-17 0.00E+00
5.689E+02 5.140E-08 5.140E-08 1.573E-17 0.00E+00
5.623E+02 5.255E-08 5.255E-08 1.647E-17 0.00E+00
5.559E+02 5.373E-08 5.373E-08 1.725E-17 0.00E+00
5.495E+02 5.494E-08 5.494E-08 1.806E-17 0.00E+00
5.433E+02 5.618E-08 5.618E-08 1.891E-17 0.00E+00
5.370E+02 5.744E-08 5.744E-08 1.980E-17 0.00E+00
5.309E+02 5.873E-08 5.873E-08 2.073E-17 0.00E+00
5.248E+02 6.006E-08 6.006E-08 2.171E-17 0.00E+00
5.188E+02 6.141E-08 6.141E-08 2.273E-17 0.00E+00
5.129E+02 6.279E-08 6.279E-08 2.380E-17 0.00E+00
5.070E+02 6.421E-08 6.421E-08 2.492E-17 0.00E+00
5.012E+02 6.566E-08 6.566E-08 2.610E-17 0.00E+00
4.955E+02 6.714E-08 6.714E-08 2.733E-17 0.00E+00
4.898E+02 6.865E-08 6.865E-08 2.861E-17 0.00E+00
4.842E+02 7.020E-08 7.020E-08 2.996E-17 0.00E+00
4.786E+02 7.179E-08 7.179E-08 3.137E-17 0.00E+00
4.732E+02 7.341E-08 7.341E-08 3.285E-17 0.00E+00
4.677E+02 7.507E-08 7.507E-08 3.439E-17 0.00E+00
4.624E+02 7.677E-08 7.677E-08 3.601E-17 0.00E+00
4.571E+02 7.850E-08 7.850E-08 3.771E-17 0.00E+00
4.519E+02 8.028E-08 8.028E-08 3.949E-17 0.00E+00
4.467E+02 8.210E-08 8.210E-08 4.134E-17 0.00E+00
4.416E+02 8.396E-08 8.396E-08 4.329E-17 0.00E+00
4.365E+02 8.586E-08 8.586E-08 4.533E-17 0.00E+00
4.315E+02 8.781E-08 8.781E-08 4.746E-17 0.00E+00
4.266E+02 8.980E-08 8.980E-08 4.970E-17 0.00E+00
4.217E+02 9.184E-08 9.184E-08 5.204E-17 0.00E+00
4.169E+02 9.392E-08 9.392E-08 5.449E-17 0.00E+00
4.121E+02 9.606E-08 9.606E-08 5.706E-17 0.00E+00
4.074E+02 9.824E-08 9.824E-08 5.974E-17 0.00E+00
4.027E+02 1.005E-07 1.005E-07 6.256E-17 0.00E+00
3.981E+02 1.028E-07 1.028E-07 6.550E-17 0.00E+00
3.936E+02 1.051E-07 1.051E-07 6.859E-17 0.00E+00
3.890E+02 1.075E-07 1.075E-07 7.182E-17 0.00E+00
3.846E+02 1.099E-07 1.099E-07 7.520E-17 0.00E+00
3.802E+02 1.124E-07 1.124E-07 7.874E-17 0.00E+00
3.758E+02 1.150E-07 1.150E-07 8.245E-17 0.00E+00
3.715E+02 1.176E-07 1.176E-07 8.633E-17 0.00E+00
3.673E+02 1.203E-07 1.203E-07 9.039E-17 0.00E+00
3.631E+02 1.231E-07 1.231E-07 9.465E-17 0.00E+00
3.589E+02 1.259E-07 1.259E-07 9.911E-17 0.00E+00
3.548E+02 1.288E-07 1.288E-07 1.038E-16 0.00E+00
3.508E+02 1.317E-07 1.317E-07 1.087E-16 0.00E+00
3.467E+02 1.347E-07 1.347E-07 1.138E-16 0.00E+00
3.428E+02 1.378E-07 1.378E-07 1.191E-16 0.00E+00
3.388E+02 1.409E-07 1.409E-07 1.247E-16 0.00E+00
3.350E+02 1.442E-07 1.442E-07 1.306E-16 0.00E+00
3.311E+02 1.475E-07 1.475E-07 1.368E-16 0.00E+00
3.273E+02 1.509E-07 1.509E-07 1.432E-16 0.00E+00
3.236E+02 1.543E-07 1.543E-07 1.499E-16 0.00E+00
3.199E+02 1.579E-07 1.579E-07 1.570E-16 0.00E+00
3.162E+02 1.615E-07 1.615E-07 1.644E-16 0.00E+00
3.126E+02 1.652E-07 1.652E-07 1.721E-16 0.00E+00
3.090E+02 1.690E-07 1.690E-07 1.802E-16 0.00E+00
3.055E+02 1.729E-07 1.729E-07 1.887E-16 0.00E+00
3.020E+02 1.769E-07 1.769E-07 1.976E-16 0.00E+00
2.985E+02 1.809E-07 1.809E-07 2.069E-16 0.00E+00
2.951E+02 1.851E-07 1.851E-07 2.167E-16 0.00E+00
2.917E+02 1.894E-07 1.894E-07 2.269E-16 0.00E+00
2.884E+02 1.937E-07 1.937E-07 2.376E-16 0.00E+00
2.851E+02 1.982E-07 1.982E-07 2.487E-16 0.00E+00
2.818E+02 2.028E-07 2.028E-07 2.604E-16 0.00E+00
2.786E+02 2.075E-07 2.075E-07 2.727E-16 0.00E+00
2.754E+02 2.122E-07 2.122E-07 2.855E-16 0.00E+00
2.723E+02 2.171E-07 2.171E-07 2.990E-16 0.00E+00
2.692E+02 2.222E-07 2.222E-07 3.131E-16 0.00E+00
2.661E+02 2.273E-07 2.273E-07 3.278E-16 0.00E+00
2.630E+02 2.326E-07 2.326E-07 3.432E-16 0.00E+00
2.600E+02 2.379E-07 2.379E-07 3.594E-16 0.00E+00
2.570E+02 2.435E-07 2.435E-07 3.763E-16 0.00E+00
2.541E+02 2.491E-07 2.491E-07 3.940E-16 0.00E+00
2.512E+02 2.549E-07 2.549E-07 4.126E-16 0.00E+00
2.483E+02 2.608E-07 2.608E-07 4.320E-16 0.00E+00
2.455E+02 2.668E-07 2.668E-07 4.523E-16 0.00E+00
2.427E+02 2.730E-07 2.730E-07 4.736E-16 0.00E+00
2.399E+02 2.794E-07 2.794E-07 4.959E-16 0.00E+00
2.371E+02 2.859E-07 2.859E-07 5.193E-16 0.00E+00
2.344E+02 2.925E-07 2.925E-07 5.437E-16 0.00E+00
2.317E+02 2.993E-07 2.993E-07 5.693E-16 0.00E+00
2.291E+02 3.063E-07 3.063E-07 5.961E-16 0.00E+00
2.265E+02 3.134E-07 3.134E-07 6.241E-16 0.00E+00
2.239E+02 3.207E-07 3.207E-07 6.535E-16 0.00E+00
2.213E+02 3.282E-07 3.282E-07 6.843E-16 0.00E+00
2.188E+02 3.359E-07 3.359E-07 7.165E-16 0.00E+00
2.163E+02 3.437E-07 3.437E-07 7.502E-16 0.00E+00
2.138E+02 3.517E-07 3.517E-07 7.855E-16 0.00E+00
2.113E+02 3.599E-07 3.599E-07 8.224E-16 0.00E+00
2.089E+02 3.684E-07 3.684E-07 8.611E-16 0.00E+00
2.065E+02 3.770E-07 3.770E-07 9.017E-16 0.00E+00
2.042E+02 3.858E-07 3.858E-07 9.441E-16 0.00E+00
2.018E+02 3.948E-07 3.948E-07 9.885E-16 0.00E+00
1.995E+02 4.041E-07 4.041E-07 1.035E-15 0.00E+00
1.972E+02 4.135E-07 4.135E-07 1.084E-15 0.00E+00
1.950E+02 4.232E-07 4.232E-07 1.135E-15 0.00E+00
1.928E+02 4.332E-07 4.332E-07 1.188E-15 0.00E+00
1.905E+02 4.433E-07 4.433E-07 1.244E-15 0.00E+00
1.884E+02 4.537E-07 4.537E-07 1.303E-15 0.00E+00
1.862E+02 4.644E-07 4.644E-07 1.364E-15 0.00E+00
1.841E+02 4.753E-07 4.753E-07 1.428E-15 0.00E+00
1.820E+02 4.865E-07 4.865E-07 1.495E-15 0.00E+00
1.799E+02 4.980E-07 4.980E-07 1.565E-15 0.00E+00
1.778E+02 5.097E-07 5.097E-07 1.639E-15 0.00E+00
1.758E+02 5.217E-07 5.217E-07 1.716E-15 0.00E+00
1.738E+02 5.340E-07 5.340E-07 1.797E-15 0.00E+00
1.718E+02 5.466E-07 5.466E-07 1.881E-15 0.00E+00
1.698E+02 5.595E-07 5.595E-07 1.970E-15 0.00E+00
1.679E+02 5.727E-07 5.727E-07 2.062E-15 0.00E+00
1.660E+02 5.863E-07 5.863E-07 2.159E-15 0.00E+00
1.641E+02 6.002E-07 6.002E-07 2.261E-15 0.00E+00
1.622E+02 6.144E-07 6.144E-07 2.367E-15 0.00E+00
1.603E+02 6.289E-07 6.289E-07 2.478E-15 0.00E+00
1.585E+02 6.438E-07 6.438E-07 2.595E-15 0.00E+00
1.567E+02 6.591E-07 6.591E-07 2.717E-15 0.00E+00
1.549E+02 6.748E-07 6.748E-07 2.845E-15 0.00E+00
1.531E+02 6.908E-07 6.908E-07 2.978E-15 0.00E+00
1.514E+02 7.072E-07 7.072E-07 3.118E-15 0.00E+00
1.496E+02 7.241E-07 7.241E-07 3.265E-15 0.00E+00
1.479E+02 7.413E-07 7.413E-07 3.418E-15 0.00E+00
1.462E+02 7.590E-07 7.590E-07 3.579E-15 0.00E+00
1.445E+02 7.771E-07 7.771E-07 3.747E-15 0.00E+00
1.429E+02 7.956E-07 7.956E-07 3.923E-15 0.00E+00
1.413E+02 8.146E-07 8.146E-07 4.107E-15 0.00E+00
1.396E+02 8.341E-07 8.341E-07 4.300E-15 0.00E+00
1.380E+02 8.541E-07 8.541E-07 4.502E-15 0.00E+00
1.365E+02 8.745E-07 8.745E-07 4.714E-15 0.00E+00
1.349E+02 8.955E-07 8.955E-07 4.935E-15 0.00E+00
1.334E+02 9.170E-07 9.170E-07 5.167E-15 0.00E+00
1.318E+02 9.390E-07 9.390E-07 5.409E-15 0.00E+00
1.303E+02 9.616E-07 9.616E-07 5.663E-15 0.00E+00
1.288E+02 9.847E-07 9.847E-07 5.929E-15 0.00E+00
1.274E+02 1.008E-06 1.008E-06 6.207E-15 0.00E+00
1.259E+02 1.033E-06 1.033E-06 6.498E-15 0.00E+00
1.245E+02 1.058E-06 1.058E-06 6.803E-15 0.00E+00
1.230E+02 1.083E-06 1.083E-06 7.122E-15 0.00E+00
1.216E+02 1.109E-06 1.109E-06 7.456E-15 0.00E+00
1.202E+02 1.136E-06 1.136E-06 7.806E-15 0.00E+00
1.189E+02 1.164E-06 1.164E-06 8.172E-15 0.00E+00
1.175E+02 1.192E-06 1.192E-06 8.555E-15 0.00E+00
1.161E+02 1.221E-06 1.221E-06 8.956E-15 0.00E+00
1.148E+02 1.251E-06 1.251E-06 9.376E-15 0.00E+00
1.135E+02 1.281E-06 1.281E-06 9.815E-15 0.00E+00
1.122E+02 1.312E-06 1.312E-06 1.028E-14 0.00E+00
1.109E+02 1.344E-06 1.344E-06 1.076E-14 0.00E+00
1.096E+02 1.377E-06 1.377E-06 1.126E-14 0.00E+00
1.084E+02 1.411E-06 1.411E-06 1.179E-14 0.00E+00
1.072E+02 1.445E-06 1.445E-06 1.234E-14 0.00E+00
1.059E+02 1.481E-06 1.481E-06 1.292E-14 0.00E+00
1.047E+02 1.517E-06 1.517E-06 1.352E-14 0.00E+00
1.035E+02 1.554E-06 1.554E-06 1.415E-14 0.00E+00
1.023E+02 1.593E-06 1.593E-06 1.481E-14 0.00E+00
1.012E+02 1.632E-06 1.632E-06 1.551E-14 0.00E+00
1.000E+02 1.672E-06 1.672E-06 1.623E-14 0.00E+00
9.886E+01 1.713E-06 1.713E-06 1.699E-14 0.00E+00
9.772E+01 1.755E-06 1.755E-06 1.778E-14 0.00E+00
9.661E+01 1.799E-06 1.799E-06 1.861E-14 0.00E+00
9.550E+01 1.843E-06 1.843E-06 1.948E-14 0.00E+00
9.441E+01 1.889E-06 1.889E-06 2.039E-14 0.00E+00
9.333E+01 1.936E-06 1.936E-06 2.134E-14 0.00E+00
9.226E+01 1.984E-06 1.984E-06 2.234E-14 0.00E+00
9.120E+01 2.033E-06 2.033E-06 2.338E-14 0.00E+00
9.016E+01 2.083E-06 2.083E-06 2.447E-14 0.00E+00
8.913E+01 2.135E-06 2.135E-06 2.561E-14 0.00E+00
8.810E+01 2.188E-06 2.188E-06 2.680E-14 0.00E+00
8.710E+01 2.243E-06 2.243E-06 2.805E-14 0.00E+00
8.610E+01 2.299E-06 2.299E-06 2.935E-14 0.00E+00
8.511E+01 2.356E-06 2.356E-06 3.072E-14 0.00E+00
8.414E+01 2.415E-06 2.415E-06 3.215E-14 0.00E+00
8.318E+01 2.476E-06 2.476E-06 3.364E-14 0.00E+00
8.222E+01 2.538E-06 2.538E-06 3.520E-14 0.00E+00
8.128E+01 2.602E-06 2.602E-06 3.684E-14 0.00E+00
8.035E+01 2.668E-06 2.668E-06 3.855E-14 0.00E+00
7.943E+01 2.735E-06 2.735E-06 4.034E-14 0.00E+00
7.852E+01 2.804E-06 2.804E-06 4.221E-14 0.00E+00
7.762E+01 2.875E-06 2.875E-06 4.416E-14 0.00E+00
7.674E+01 2.948E-06 2.948E-06 4.621E-14 0.00E+00
7.586E+01 3.022E-06 3.022E-06 4.835E-14 0.00E+00
7.499E+01 3.099E-06 3.099E-06 5.058E-14 0.00E+00
7.413E+01 3.178E-06 3.178E-06 5.292E-14 0.00E+00
7.328E+01 3.259E-06 3.259E-06 5.536E-14 0.00E+00
7.244E+01 3.342E-06 3.342E-06 5.792E-14 0.00E+00
7.161E+01 3.428E-06 3.428E-06 6.059E-14 0.00E+00
7.079E+01 3.515E-06 3.515E-06 6.339E-14 0.00E+00
6.998E+01 3.606E-06 3.606E-06 6.631E-14 0.00E+00
6.918E+01 3.698E-06 3.698E-06 6.936E-14 0.00E+00
6.839E+01 3.793E-06 3.793E-06 7.255E-14 0.00E+00
6.761E+01 3.891E-06 3.891E-06 7.589E-14 0.00E+00
6.683E+01 3.992E-06 3.992E-06 7.938E-14 0.00E+00
6.607E+01 4.095E-06 4.095E-06 8.302E-14 0.00E+00
6.531E+01 4.201E-06 4.201E-06 8.683E-14 0.00E+00
6.457E+01 4.310E-06 4.310E-06 9.081E-14 0.00E+00
6.383E+01 4.423E-06 4.423E-06 9.497E-14 0.00E+00
6.310E+01 4.538E-06 4.538E-06 9.931E-14 0.00E+00
6.237E+01 4.656E-06 4.656E-06 1.039E-13 0.00E+00
6.166E+01 4.778E-06 4.778E-06 1.086E-13 0.00E+00
6.095E+01 4.904E-06 4.904E-06 1.135E-13 0.00E+00
6.026E+01 5.033E-06 5.033E-06 1.187E-13 0.00E+00
5.957E+01 5.165E-06 5.165E-06 1.241E-13 0.00E+00
5.888E+01 5.302E-06 5.302E-06 1.298E-13 0.00E+00
5.821E+01 5.442E-06 5.442E-06 1.357E-13 0.00E+00
5.754E+01 5.586E-06 5.586E-06 1.418E-13 0.00E+00
5.689E+01 5.735E-06 5.735E-06 1.483E-13 0.00E+00
5.623E+01 5.888E-06 5.888E-06 1.550E-13 0.00E+00
5.559E+01 6.045E-06 6.045E-06 1.620E-13 0.00E+00
5.495E+01 6.207E-06 6.207E-06 1.693E-13 0.00E+00
5.433E+01 6.374E-06 6.374E-06 1.769E-13 0.00E+00
5.370E+01 6.545E-06 6.545E-06 1.849E-13 0.00E+00
5.309E+01 6.722E-06 6.722E-06 1.932E-13 0.00E+00
5.248E+01 6.904E-06 6.904E-06 2.019E-13 0.00E+00
5.188E+01 7.091E-06 7.091E-06 2.110E-13 0.00E+00
5.129E+01 7.284E-06 7.284E-06 2.205E-13 0.00E+00
5.070E+01 7.483E-06 7.483E-06 2.303E-13 0.00E+00
5.012E+01 7.688E-06 7.688E-06 2.406E-13 0.00E+00
4.955E+01 7.899E-06 7.899E-06 2.514E-13 0.00E+00
4.898E+01 8.117E-06 8.117E-06 2.626E-13 0.00E+00
4.842E+01 8.341E-06 8.341E-06 2.743E-13 0.00E+00
4.786E+01 8.573E-06 8.573E-06 2.865E-13 0.00E+00
4.732E+01 8.811E-06 8.811E-06 2.992E-13 0.00E+00
4.677E+01 9.057E-06 9.057E-06 3.125E-13 0.00E+00
4.624E+01 9.311E-06 9.311E-06 3.264E-13 0.00E+00
4.571E+01 9.573E-06 9.573E-06 3.408E-13 0.00E+00
4.519E+01 9.843E-06 9.843E-06 3.558E-13 0.00E+00
4.467E+01 1.012E-05 1.012E-05 3.715E-13 0.00E+00
4.416E+01 1.041E-05 1.041E-05 3.879E-13 0.00E+00
4.365E+01 1.070E-05 1.070E-05 4.050E-13 0.00E+00
4.315E+01 1.101E-05 1.101E-05 4.227E-13 0.00E+00
4.266E+01 1.133E-05 1.133E-05 4.413E-13 0.00E+00
4.217E+01 1.165E-05 1.165E-05 4.606E-13 0.00E+00
4.169E+01 1.199E-05 1.199E-05 4.808E-13 0.00E+00
4.121E+01 1.234E-05 1.234E-05 5.018E-13 0.00E+00
4.074E+01 1.269E-05 1.269E-05 5.237E-13 0.00E+00
4.027E+01 1.306E-05 1.306E-05 5.465E-13 0.00E+00
3.981E+01 1.345E-05 1.345E-05 5.703E-13 0.00E+00
3.936E+01 1.384E-05 1.384E-05 5.952E-13 0.00E+00
3.890E+01 1.425E-05 1.425E-05 6.210E-13 0.00E+00
3.846E+01 1.466E-05 1.466E-05 6.480E-13 0.00E+00
3.802E+01 1.510E-05 1.510E-05 6.762E-13 0.00E+00
3.758E+01 1.554E-05 1.554E-05 7.055E-13 0.00E+00
3.715E+01 1.600E-05 1.600E-05 7.361E-13 0.00E+00
3.673E+01 1.647E-05 1.647E-05 7.681E-13 0.00E+00
3.631E+01 1.696E-05 1.696E-05 8.014E-13 0.00E+00
3.589E+01 1.745E-05 1.745E-05 8.361E-13 0.00E+00
3.548E+01 1.797E-05 1.797E-05 8.723E-13 0.00E+00
3.508E+01 1.849E-05 1.849E-05 9.101E-13 0.00E+00
3.467E+01 1.903E-05 1.903E-05 9.496E-13 0.00E+00
3.428E+01 1.958E-05 1.958E-05 9.908E-13 0.00E+00
3.388E+01 2.014E-05 2.014E-05 1.034E-12 0.00E+00
3.350E+01 2.071E-05 2.071E-05 1.079E-12 0.00E+00
3.311E+01 2.130E-05 2.130E-05 1.125E-12 0.00E+00
3.273E+01 2.189E-05 2.189E-05 1.174E-12 0.00E+00
3.236E+01 2.249E-05 2.249E-05 1.225E-12 0.00E+00
3.199E+01 2.309E-05 2.309E-05 1.279E-12 0.00E+00
3.162E+01 2.370E-05 2.370E-05 1.334E-12 0.00E+00
3.126E+01 2.431E-05 2.431E-05 1.393E-12 0.00E+00
3.090E+01 2.492E-05 2.492E-05 1.453E-12 0.00E+00
3.055E+01 2.553E-05 2.553E-05 1.517E-12 0.00E+00
3.020E+01 2.613E-05 2.613E-05 1.583E-12 0.00E+00
2.985E+01 2.673E-05 2.673E-05 1.653E-12 0.00E+00
2.951E+01 2.732E-05 2.732E-05 1.725E-12 0.00E+00
2.917E+01 2.790E-05 2.790E-05 1.801E-12 0.00E+00
2.884E+01 2.847E-05 2.847E-05 1.881E-12 0.00E+00
2.851E+01 2.902E-05 2.902E-05 1.964E-12 0.00E+00
2.818E+01 2.956E-05 2.956E-05 2.051E-12 0.00E+00
2.786E+01 3.009E-05 3.009E-05 2.142E-12-1.61E-06
2.754E+01 3.061E-05 3.061E-05 2.237E-12-1.61E-06
2.723E+01 3.112E-05 3.112E-05 2.336E-12-1.60E-06
2.692E+01 3.164E-05 3.164E-05 2.440E-12-1.59E-06
2.661E+01 3.217E-05 3.217E-05 2.549E-12-1.59E-06
2.630E+01 3.273E-05 3.273E-05 2.663E-12-1.57E-06
2.600E+01 3.336E-05 3.336E-05 2.783E-12-1.56E-06
2.570E+01 3.409E-05 3.409E-05 2.908E-12-1.54E-06
2.541E+01 3.498E-05 3.498E-05 3.039E-12-1.52E-06
2.512E+01 3.615E-05 3.615E-05 3.176E-12-1.50E-06
2.483E+01 3.776E-05 3.776E-05 3.319E-12-1.46E-06
2.455E+01 4.011E-05 4.011E-05 3.469E-12-1.41E-06
2.427E+01 4.377E-05 4.377E-05 3.626E-12-1.36E-06
2.399E+01 4.985E-05 4.985E-05 3.791E-12-1.33E-06
2.371E+01 6.041E-05 6.041E-05 3.964E-12-1.30E-06
2.344E+01 7.783E-05 7.783E-05 4.144E-12-1.27E-06
2.317E+01 9.560E-05 9.560E-05 4.334E-12-1.25E-06
2.291E+01 9.292E-05 9.292E-05 4.532E-12-1.23E-06
2.265E+01 7.942E-05 7.942E-05 4.740E-12-1.20E-06
2.239E+01 7.400E-05 7.400E-05 4.958E-12-1.18E-06
2.213E+01 8.017E-05 8.017E-05 5.187E-12-1.15E-06
2.188E+01 1.019E-04 1.019E-04 5.425E-12-1.12E-06
2.163E+01 1.518E-04 1.518E-04 5.676E-12-1.09E-06
2.138E+01 2.405E-04 2.405E-04 5.938E-12-1.06E-06
2.113E+01 2.740E-04 2.740E-04 6.214E-12-1.03E-06
2.089E+01 1.860E-04 1.860E-04 6.503E-12-9.95E-07
2.065E+01 1.137E-04 1.137E-04 6.805E-12-9.57E-07
2.042E+01 7.680E-05 7.680E-05 7.121E-12-9.15E-07
2.018E+01 5.783E-05 5.783E-05 7.452E-12-8.70E-07
1.995E+01 4.735E-05 4.735E-05 7.799E-12-8.16E-07
1.972E+01 4.132E-05 4.132E-05 8.162E-12-7.54E-07
1.950E+01 3.804E-05 3.804E-05 8.543E-12-6.93E-07
1.928E+01 3.697E-05 3.697E-05 8.942E-12-6.37E-07
1.905E+01 3.859E-05 3.859E-05 9.360E-12-5.86E-07
1.884E+01 4.545E-05 4.545E-05 9.798E-12-5.38E-07
1.862E+01 6.793E-05 6.793E-05 1.026E-11-4.91E-07
1.841E+01 1.581E-04 1.581E-04 1.074E-11-4.46E-07
1.820E+01 2.537E-04 2.537E-04 1.124E-11-4.00E-07
1.799E+01 9.472E-05 9.472E-05 1.177E-11-3.54E-07
1.778E+01 4.960E-05 4.960E-05 1.232E-11-3.08E-07
1.758E+01 3.572E-05 3.572E-05 1.290E-11-2.62E-07
1.738E+01 3.031E-05 3.031E-05 1.351E-11-2.15E-07
1.718E+01 2.850E-05 2.850E-05 1.415E-11-1.67E-07
1.698E+01 2.970E-05 2.970E-05 1.481E-11-1.18E-07
1.679E+01 3.716E-05 3.716E-05 1.551E-11-6.80E-08
1.660E+01 7.630E-05 7.630E-05 1.624E-11-1.80E-08
1.641E+01 4.071E-04 4.071E-04 1.701E-11 3.27E-08
1.622E+01 8.148E-05 8.148E-05 1.781E-11 8.45E-08
1.603E+01 3.582E-05 3.582E-05 1.865E-11 1.37E-07
1.585E+01 2.616E-05 2.616E-05 1.954E-11 1.89E-07
1.567E+01 2.270E-05 2.270E-05 2.046E-11 2.39E-07
1.549E+01 2.117E-05 2.117E-05 2.143E-11 2.89E-07
1.531E+01 2.047E-05 2.047E-05 2.244E-11 3.38E-07
1.514E+01 2.025E-05 2.025E-05 2.350E-11 3.88E-07
1.496E+01 2.034E-05 2.034E-05 2.461E-11 4.39E-07
1.479E+01 2.072E-05 2.072E-05 2.578E-11 4.91E-07
1.462E+01 2.136E-05 2.136E-05 2.700E-11 5.44E-07
1.445E+01 2.232E-05 2.232E-05 2.828E-11 5.98E-07
1.429E+01 2.365E-05 2.365E-05 2.962E-11 6.53E-07
1.413E+01 2.546E-05 2.546E-05 3.102E-11 7.10E-07
1.396E+01 2.794E-05 2.794E-05 3.249E-11 7.69E-07
1.380E+01 3.135E-05 3.135E-05 3.403E-11 8.30E-07
1.365E+01 3.616E-05 3.616E-05 3.564E-11 8.92E-07
1.349E+01 4.311E-05 4.310E-05 3.732E-11 9.57E-07
1.334E+01 5.343E-05 5.343E-05 3.909E-11 1.03E-06
1.318E+01 6.906E-05 6.906E-05 4.095E-11 1.10E-06
1.303E+01 9.218E-05 9.218E-05 4.288E-11 1.17E-06
1.288E+01 1.216E-04 1.216E-04 4.491E-11 1.25E-06
1.274E+01 1.436E-04 1.436E-04 4.704E-11 1.32E-06
1.259E+01 1.400E-04 1.400E-04 4.926E-11 1.41E-06
1.245E+01 1.201E-04 1.201E-04 5.160E-11 1.50E-06
1.230E+01 1.057E-04 1.057E-04 5.404E-11 1.60E-06
1.216E+01 1.096E-04 1.096E-04 5.660E-11 1.68E-06
1.202E+01 1.503E-04 1.503E-04 5.928E-11 1.77E-06
1.189E+01 2.060E-04 2.060E-04 6.215E-11 1.85E-06
1.175E+01 1.706E-04 1.706E-04 6.523E-11 1.94E-06
1.161E+01 1.921E-04 1.921E-04 6.861E-11 2.02E-06
1.148E+01 3.017E-04 3.017E-04 6.981E-11 2.11E-06
1.135E+01 4.804E-04 4.804E-04 7.420E-11 2.19E-06
1.122E+01 4.387E-04 4.387E-04 7.785E-11 2.28E-06
1.109E+01 2.516E-04 2.516E-04 8.164E-11 2.37E-06
1.096E+01 1.458E-04 1.458E-04 8.555E-11 2.46E-06
1.084E+01 9.544E-05 9.544E-05 8.964E-11 2.56E-06
1.072E+01 6.960E-05 6.960E-05 9.390E-11 2.65E-06
1.059E+01 5.513E-05 5.513E-05 9.833E-11 2.75E-06
1.047E+01 4.649E-05 4.649E-05 1.030E-10 2.84E-06
1.035E+01 4.116E-05 4.116E-05 1.078E-10 2.94E-06
1.023E+01 3.786E-05 3.786E-05 1.129E-10 3.04E-06
1.012E+01 3.592E-05 3.592E-05 1.182E-10 3.14E-06
1.000E+01 3.499E-05 3.499E-05 1.238E-10 3.25E-06
9.886E+00 3.486E-05 3.486E-05 1.296E-10 3.35E-06
9.772E+00 3.543E-05 3.543E-05 1.358E-10 3.46E-06
9.661E+00 3.670E-05 3.670E-05 1.422E-10 3.56E-06
9.550E+00 3.870E-05 3.870E-05 1.489E-10 3.67E-06
9.441E+00 4.159E-05 4.159E-05 1.559E-10 3.78E-06
9.333E+00 4.561E-05 4.561E-05 1.632E-10 3.89E-06
9.226E+00 5.121E-05 5.121E-05 1.709E-10 4.00E-06
9.120E+00 5.918E-05 5.918E-05 1.790E-10 4.12E-06
9.016E+00 7.103E-05 7.103E-05 1.874E-10 4.24E-06
8.913E+00 8.965E-05 8.965E-05 1.962E-10 4.36E-06
8.810E+00 1.203E-04 1.203E-04 2.055E-10 4.49E-06
8.710E+00 1.671E-04 1.671E-04 2.151E-10 4.61E-06
8.610E+00 2.073E-04 2.073E-04 2.252E-10 4.75E-06
8.511E+00 1.977E-04 1.977E-04 2.358E-10 4.88E-06
8.414E+00 1.728E-04 1.728E-04 2.469E-10 5.02E-06
8.318E+00 1.668E-04 1.668E-04 2.585E-10 5.16E-06
8.222E+00 1.801E-04 1.801E-04 2.707E-10 5.31E-06
8.128E+00 2.102E-04 2.102E-04 2.834E-10 5.47E-06
8.035E+00 2.564E-04 2.564E-04 2.967E-10 5.63E-06
7.943E+00 3.178E-04 3.178E-04 3.106E-10 5.80E-06
7.852E+00 3.862E-04 3.862E-04 3.251E-10 5.98E-06
7.762E+00 4.396E-04 4.396E-04 3.404E-10 6.16E-06
7.674E+00 4.496E-04 4.496E-04 3.563E-10 6.33E-06
7.586E+00 4.092E-04 4.092E-04 3.730E-10 6.51E-06
7.499E+00 3.414E-04 3.414E-04 3.905E-10 6.68E-06
7.413E+00 2.729E-04 2.729E-04 4.089E-10 6.86E-06
7.328E+00 2.162E-04 2.162E-04 4.280E-10 7.03E-06
7.244E+00 1.731E-04 1.731E-04 4.481E-10 7.21E-06
7.161E+00 1.414E-04 1.414E-04 4.691E-10 7.40E-06
7.079E+00 1.185E-04 1.185E-04 4.911E-10 7.59E-06
6.998E+00 1.021E-04 1.021E-04 5.141E-10 7.78E-06
6.918E+00 9.072E-05 9.072E-05 5.382E-10 7.97E-06
6.839E+00 8.338E-05 8.338E-05 5.634E-10 8.17E-06
6.761E+00 7.970E-05 7.970E-05 5.898E-10 8.38E-06
6.683E+00 7.984E-05 7.984E-05 6.174E-10 8.59E-06
6.607E+00 8.472E-05 8.472E-05 6.463E-10 8.80E-06
6.531E+00 9.655E-05 9.655E-05 6.765E-10 9.02E-06
6.457E+00 1.199E-04 1.199E-04 7.082E-10 9.25E-06
6.383E+00 1.637E-04 1.637E-04 7.412E-10 9.51E-06
6.310E+00 2.394E-04 2.394E-04 7.757E-10 9.97E-06
6.237E+00 3.283E-04 3.283E-04 8.125E-10 9.82E-06
6.166E+00 3.292E-04 3.292E-04 8.503E-10 1.01E-05
6.095E+00 2.380E-04 2.380E-04 8.900E-10 1.03E-05
6.026E+00 1.570E-04 1.570E-04 9.316E-10 1.06E-05
5.957E+00 1.078E-04 1.078E-04 9.752E-10 1.08E-05
5.888E+00 7.918E-05 7.918E-05 1.021E-09 1.11E-05
5.821E+00 6.172E-05 6.172E-05 1.068E-09 1.14E-05
5.754E+00 5.045E-05 5.045E-05 1.118E-09 1.16E-05
5.689E+00 4.280E-05 4.279E-05 1.170E-09 1.19E-05
5.623E+00 3.736E-05 3.736E-05 1.225E-09 1.22E-05
5.559E+00 3.336E-05 3.336E-05 1.282E-09 1.24E-05
5.495E+00 3.034E-05 3.033E-05 1.342E-09 1.27E-05
5.433E+00 2.799E-05 2.799E-05 1.405E-09 1.30E-05
5.370E+00 2.613E-05 2.613E-05 1.470E-09 1.33E-05
5.309E+00 2.464E-05 2.464E-05 1.539E-09 1.36E-05
5.248E+00 2.343E-05 2.342E-05 1.610E-09 1.39E-05
5.188E+00 2.243E-05 2.243E-05 1.685E-09 1.43E-05
5.129E+00 2.160E-05 2.160E-05 1.764E-09 1.46E-05
5.070E+00 2.092E-05 2.092E-05 1.846E-09 1.49E-05
5.012E+00 2.035E-05 2.035E-05 1.932E-09 1.53E-05
4.955E+00 1.987E-05 1.987E-05 2.022E-09 1.56E-05
4.898E+00 1.947E-05 1.947E-05 2.116E-09 1.60E-05
4.842E+00 1.914E-05 1.914E-05 2.214E-09 1.64E-05
4.786E+00 1.887E-05 1.887E-05 2.317E-09 1.67E-05
4.732E+00 1.865E-05 1.865E-05 2.425E-09 1.71E-05
4.677E+00 1.847E-05 1.847E-05 2.538E-09 1.75E-05
4.624E+00 1.834E-05 1.834E-05 2.656E-09 1.79E-05
4.571E+00 1.824E-05 1.824E-05 2.780E-09 1.83E-05
4.519E+00 1.818E-05 1.817E-05 2.909E-09 1.87E-05
4.467E+00 1.814E-05 1.814E-05 3.044E-09 1.91E-05
4.416E+00 1.814E-05 1.813E-05 3.186E-09 1.95E-05
4.365E+00 1.815E-05 1.815E-05 3.334E-09 2.00E-05
4.315E+00 1.820E-05 1.819E-05 3.489E-09 2.04E-05
4.266E+00 1.826E-05 1.826E-05 3.651E-09 2.09E-05
4.217E+00 1.835E-05 1.835E-05 3.821E-09 2.13E-05
4.169E+00 1.846E-05 1.846E-05 3.998E-09 2.18E-05
4.121E+00 1.859E-05 1.859E-05 4.184E-09 2.23E-05
4.074E+00 1.875E-05 1.874E-05 4.378E-09 2.28E-05
4.027E+00 1.892E-05 1.892E-05 4.581E-09 2.32E-05
3.981E+00 1.912E-05 1.912E-05 4.794E-09 2.38E-05
3.936E+00 1.935E-05 1.934E-05 5.016E-09 2.43E-05
3.890E+00 1.960E-05 1.960E-05 5.249E-09 2.48E-05
3.846E+00 1.989E-05 1.989E-05 5.493E-09 2.53E-05
3.802E+00 2.023E-05 2.022E-05 5.748E-09 2.58E-05
3.758E+00 2.061E-05 2.060E-05 6.015E-09 2.64E-05
3.715E+00 2.106E-05 2.106E-05 6.294E-09 2.69E-05
3.673E+00 2.161E-05 2.160E-05 6.587E-09 2.75E-05
3.631E+00 2.229E-05 2.228E-05 6.893E-09 2.81E-05
3.589E+00 2.319E-05 2.318E-05 7.212E-09 2.87E-05
3.548E+00 2.443E-05 2.442E-05 7.547E-09 2.93E-05
3.508E+00 2.629E-05 2.628E-05 7.897E-09 2.99E-05
3.467E+00 2.937E-05 2.937E-05 8.264E-09 3.05E-05
3.428E+00 3.533E-05 3.532E-05 8.647E-09 3.11E-05
3.388E+00 4.972E-05 4.971E-05 9.048E-09 3.17E-05
3.350E+00 1.016E-04 1.016E-04 9.467E-09 3.24E-05
3.311E+00 4.494E-04 4.494E-04 9.906E-09 3.31E-05
3.273E+00 2.250E-04 2.250E-04 1.036E-08 3.37E-05
3.236E+00 7.200E-05 7.199E-05 1.085E-08 3.44E-05
3.199E+00 4.377E-05 4.376E-05 1.135E-08 3.52E-05
3.162E+00 3.465E-05 3.464E-05 1.187E-08 3.59E-05
3.126E+00 3.085E-05 3.084E-05 1.242E-08 3.66E-05
3.090E+00 2.899E-05 2.898E-05 1.300E-08 3.74E-05
3.055E+00 2.805E-05 2.804E-05 1.360E-08 3.82E-05
3.020E+00 2.759E-05 2.758E-05 1.423E-08 3.89E-05
2.985E+00 2.742E-05 2.741E-05 1.489E-08 3.97E-05
2.951E+00 2.741E-05 2.740E-05 1.558E-08 4.05E-05
2.917E+00 2.753E-05 2.751E-05 1.630E-08 4.14E-05
2.884E+00 2.772E-05 2.771E-05 1.706E-08 4.22E-05
2.851E+00 2.798E-05 2.796E-05 1.784E-08 4.31E-05
2.818E+00 2.828E-05 2.826E-05 1.867E-08 4.39E-05
2.786E+00 2.861E-05 2.859E-05 1.953E-08 4.48E-05
2.754E+00 2.898E-05 2.895E-05 2.043E-08 4.58E-05
2.723E+00 2.937E-05 2.935E-05 2.138E-08 4.67E-05
2.692E+00 2.978E-05 2.976E-05 2.236E-08 4.77E-05
2.661E+00 3.021E-05 3.018E-05 2.340E-08 4.86E-05
2.630E+00 3.066E-05 3.063E-05 2.448E-08 4.96E-05
2.600E+00 3.111E-05 3.109E-05 2.561E-08 5.07E-05
2.570E+00 3.158E-05 3.155E-05 2.679E-08 5.17E-05
2.541E+00 3.206E-05 3.204E-05 2.803E-08 5.28E-05
2.512E+00 3.256E-05 3.253E-05 2.932E-08 5.39E-05
2.483E+00 3.307E-05 3.304E-05 3.067E-08 5.50E-05
2.455E+00 3.360E-05 3.357E-05 3.209E-08 5.62E-05
2.427E+00 3.414E-05 3.410E-05 3.357E-08 5.73E-05
2.399E+00 3.469E-05 3.465E-05 3.512E-08 5.85E-05
2.371E+00 3.525E-05 3.522E-05 3.674E-08 5.97E-05
2.344E+00 3.583E-05 3.579E-05 3.844E-08 6.09E-05
2.317E+00 3.642E-05 3.638E-05 4.021E-08 6.21E-05
2.291E+00 3.703E-05 3.699E-05 4.207E-08 6.34E-05
2.265E+00 3.765E-05 3.760E-05 4.401E-08 6.47E-05
2.239E+00 3.828E-05 3.823E-05 4.605E-08 6.59E-05
2.213E+00 3.893E-05 3.888E-05 4.817E-08 6.72E-05
2.188E+00 3.959E-05 3.954E-05 5.040E-08 6.86E-05
2.163E+00 4.026E-05 4.021E-05 5.272E-08 7.00E-05
2.138E+00 4.095E-05 4.090E-05 5.516E-08 7.13E-05
2.113E+00 4.165E-05 4.159E-05 5.770E-08 7.28E-05
2.089E+00 4.236E-05 4.230E-05 6.036E-08 7.43E-05
2.065E+00 4.307E-05 4.301E-05 6.315E-08 7.58E-05
2.042E+00 4.381E-05 4.374E-05 6.606E-08 7.73E-05
2.018E+00 4.456E-05 4.449E-05 6.910E-08 7.88E-05
1.995E+00 4.532E-05 4.525E-05 7.229E-08 8.04E-05
1.972E+00 4.610E-05 4.603E-05 7.562E-08 8.20E-05
1.950E+00 4.690E-05 4.682E-05 7.911E-08 8.37E-05
1.928E+00 4.771E-05 4.763E-05 8.276E-08 8.53E-05
1.905E+00 4.854E-05 4.845E-05 8.658E-08 8.70E-05
1.884E+00 4.938E-05 4.929E-05 9.057E-08 8.87E-05
1.862E+00 5.025E-05 5.015E-05 9.475E-08 9.05E-05
1.841E+00 5.113E-05 5.103E-05 9.912E-08 9.23E-05
1.820E+00 5.203E-05 5.192E-05 1.037E-07 9.41E-05
1.799E+00 5.294E-05 5.283E-05 1.085E-07 9.59E-05
1.778E+00 5.388E-05 5.376E-05 1.135E-07 9.78E-05
1.758E+00 5.483E-05 5.471E-05 1.187E-07 9.97E-05
1.738E+00 5.581E-05 5.568E-05 1.242E-07 1.02E-04
1.718E+00 5.680E-05 5.667E-05 1.299E-07 1.04E-04
1.698E+00 5.780E-05 5.767E-05 1.359E-07 1.06E-04
1.679E+00 5.883E-05 5.868E-05 1.421E-07 1.08E-04
1.660E+00 5.987E-05 5.972E-05 1.487E-07 1.10E-04
1.641E+00 6.092E-05 6.077E-05 1.555E-07 1.12E-04
1.622E+00 6.199E-05 6.182E-05 1.627E-07 1.14E-04
1.603E+00 6.307E-05 6.290E-05 1.702E-07 1.17E-04
1.585E+00 6.417E-05 6.399E-05 1.780E-07 1.19E-04
1.567E+00 6.529E-05 6.510E-05 1.862E-07 1.21E-04
1.549E+00 6.643E-05 6.623E-05 1.948E-07 1.24E-04
1.531E+00 6.760E-05 6.739E-05 2.038E-07 1.26E-04
1.514E+00 6.880E-05 6.858E-05 2.132E-07 1.29E-04
1.496E+00 7.002E-05 6.980E-05 2.230E-07 1.31E-04
1.479E+00 7.128E-05 7.104E-05 2.333E-07 1.34E-04
1.462E+00 7.256E-05 7.232E-05 2.441E-07 1.36E-04
1.445E+00 7.389E-05 7.364E-05 2.554E-07 1.39E-04
1.429E+00 7.526E-05 7.499E-05 2.672E-07 1.42E-04
1.413E+00 7.666E-05 7.638E-05 2.795E-07 1.44E-04
1.396E+00 7.809E-05 7.780E-05 2.924E-07 1.47E-04
1.380E+00 7.957E-05 7.927E-05 3.058E-07 1.50E-04
1.365E+00 8.108E-05 8.076E-05 3.199E-07 1.53E-04
1.349E+00 8.264E-05 8.230E-05 3.347E-07 1.56E-04
1.334E+00 8.424E-05 8.389E-05 3.501E-07 1.59E-04
1.318E+00 8.588E-05 8.552E-05 3.662E-07 1.62E-04
1.303E+00 8.759E-05 8.721E-05 3.831E-07 1.65E-04
1.288E+00 8.935E-05 8.895E-05 4.007E-07 1.68E-04
1.274E+00 9.119E-05 9.077E-05 4.191E-07 1.71E-04
1.259E+00 9.312E-05 9.268E-05 4.384E-07 1.75E-04
1.245E+00 9.513E-05 9.468E-05 4.586E-07 1.78E-04
1.230E+00 9.726E-05 9.678E-05 4.797E-07 1.81E-04
1.216E+00 9.955E-05 9.905E-05 5.018E-07 1.85E-04
1.202E+00 1.020E-04 1.015E-04 5.250E-07 1.89E-04
1.189E+00 1.048E-04 1.042E-04 5.492E-07 1.92E-04
1.175E+00 1.078E-04 1.073E-04 5.745E-07 1.96E-04
1.161E+00 1.113E-04 1.107E-04 6.010E-07 2.00E-04
1.148E+00 1.153E-04 1.147E-04 6.286E-07 2.04E-04
1.135E+00 1.201E-04 1.194E-04 6.576E-07 2.07E-04
1.122E+00 1.258E-04 1.251E-04 6.879E-07 2.11E-04
1.109E+00 1.330E-04 1.322E-04 7.196E-07 2.15E-04
1.096E+00 1.420E-04 1.413E-04 7.527E-07 2.20E-04
1.084E+00 1.538E-04 1.530E-04 7.873E-07 2.24E-04
1.072E+00 1.694E-04 1.686E-04 8.235E-07 2.28E-04
1.059E+00 1.905E-04 1.896E-04 8.614E-07 2.32E-04
1.047E+00 2.193E-04 2.184E-04 9.010E-07 2.37E-04
1.035E+00 2.583E-04 2.573E-04 9.424E-07 2.41E-04
1.023E+00 3.097E-04 3.087E-04 9.857E-07 2.46E-04
1.012E+00 3.737E-04 3.727E-04 1.031E-06 2.51E-04
1.000E+00 4.475E-04 4.464E-04 1.078E-06 2.55E-04
9.886E-01 5.258E-04 5.247E-04 1.128E-06 2.60E-04
9.772E-01 6.038E-04 6.027E-04 1.180E-06 2.65E-04
9.661E-01 6.788E-04 6.775E-04 1.234E-06 2.70E-04
9.550E-01 7.498E-04 7.485E-04 1.290E-06 2.76E-04
9.441E-01 8.176E-04 8.162E-04 1.349E-06 2.81E-04
9.333E-01 8.840E-04 8.826E-04 1.411E-06 2.86E-04
9.226E-01 9.519E-04 9.505E-04 1.476E-06 2.92E-04
9.120E-01 1.026E-03 1.024E-03 1.543E-06 2.98E-04
9.016E-01 1.112E-03 1.111E-03 1.614E-06 3.04E-04
8.913E-01 1.219E-03 1.217E-03 1.688E-06 3.10E-04
8.810E-01 1.356E-03 1.355E-03 1.765E-06 3.16E-04
8.710E-01 1.537E-03 1.535E-03 1.845E-06 3.22E-04
8.610E-01 1.771E-03 1.769E-03 1.930E-06 3.29E-04
8.511E-01 2.061E-03 2.059E-03 2.018E-06 3.35E-04
8.414E-01 2.397E-03 2.395E-03 2.110E-06 3.42E-04
8.318E-01 2.758E-03 2.755E-03 2.206E-06 3.49E-04
8.222E-01 3.127E-03 3.125E-03 2.306E-06 3.56E-04
8.128E-01 3.497E-03 3.495E-03 2.412E-06 3.64E-04
8.035E-01 3.868E-03 3.865E-03 2.521E-06 3.71E-04
7.943E-01 4.241E-03 4.239E-03 2.636E-06 3.79E-04
7.852E-01 4.622E-03 4.619E-03 2.756E-06 3.87E-04
7.762E-01 5.014E-03 5.011E-03 2.882E-06 3.95E-04
7.674E-01 5.419E-03 5.416E-03 3.013E-06 4.03E-04
7.586E-01 5.841E-03 5.838E-03 3.150E-06 4.11E-04
7.499E-01 6.282E-03 6.278E-03 3.294E-06 4.20E-04
7.413E-01 6.743E-03 6.740E-03 3.444E-06 4.29E-04
7.328E-01 7.227E-03 7.224E-03 3.601E-06 4.38E-04
7.244E-01 7.735E-03 7.732E-03 3.765E-06 4.47E-04
7.161E-01 8.269E-03 8.265E-03 3.936E-06 4.57E-04
7.079E-01 8.830E-03 8.826E-03 4.115E-06 4.67E-04
6.998E-01 9.419E-03 9.415E-03 4.303E-06 4.77E-04
6.918E-01 1.004E-02 1.003E-02 4.499E-06 4.87E-04
6.839E-01 1.069E-02 1.068E-02 4.704E-06 4.98E-04
6.761E-01 1.137E-02 1.137E-02 4.919E-06 5.09E-04
6.683E-01 1.209E-02 1.208E-02 5.144E-06 5.20E-04
6.607E-01 1.284E-02 1.284E-02 5.379E-06 5.31E-04
6.531E-01 1.363E-02 1.363E-02 5.625E-06 5.43E-04
6.457E-01 1.446E-02 1.445E-02 5.883E-06 5.55E-04
6.383E-01 1.532E-02 1.532E-02 6.153E-06 5.67E-04
6.310E-01 1.623E-02 1.622E-02 6.435E-06 5.80E-04
6.237E-01 1.718E-02 1.717E-02 6.731E-06 5.93E-04
6.166E-01 1.817E-02 1.816E-02 7.041E-06 6.06E-04
6.095E-01 1.921E-02 1.920E-02 7.366E-06 6.20E-04
6.026E-01 2.029E-02 2.028E-02 7.706E-06 6.33E-04
5.957E-01 2.142E-02 2.142E-02 8.062E-06 6.47E-04
5.888E-01 2.260E-02 2.259E-02 8.435E-06 6.62E-04
5.821E-01 2.383E-02 2.382E-02 8.826E-06 6.76E-04
5.754E-01 2.511E-02 2.511E-02 9.236E-06 6.91E-04
5.689E-01 2.645E-02 2.644E-02 9.666E-06 7.07E-04
5.623E-01 2.784E-02 2.783E-02 1.012E-05 7.22E-04
5.559E-01 2.928E-02 2.927E-02 1.059E-05 7.38E-04
5.495E-01 3.079E-02 3.078E-02 1.109E-05 7.55E-04
5.433E-01 3.235E-02 3.234E-02 1.161E-05 7.71E-04
5.370E-01 3.397E-02 3.396E-02 1.215E-05 7.88E-04
5.309E-01 3.565E-02 3.564E-02 1.273E-05 8.05E-04
5.248E-01 3.740E-02 3.739E-02 1.333E-05 8.23E-04
5.188E-01 3.921E-02 3.920E-02 1.396E-05 8.41E-04
5.129E-01 4.109E-02 4.107E-02 1.463E-05 8.59E-04
5.070E-01 4.303E-02 4.301E-02 1.533E-05 8.78E-04
5.012E-01 4.504E-02 4.502E-02 1.606E-05 8.97E-04
4.955E-01 4.712E-02 4.710E-02 1.683E-05 9.16E-04
4.898E-01 4.927E-02 4.925E-02 1.764E-05 9.36E-04
4.842E-01 5.150E-02 5.148E-02 1.849E-05 9.56E-04
4.786E-01 5.379E-02 5.377E-02 1.937E-05 9.76E-04
4.732E-01 5.616E-02 5.614E-02 2.031E-05 9.96E-04
4.677E-01 5.861E-02 5.859E-02 2.128E-05 1.02E-03
4.624E-01 6.114E-02 6.112E-02 2.231E-05 1.04E-03
4.571E-01 6.374E-02 6.372E-02 2.339E-05 1.06E-03
4.519E-01 6.643E-02 6.640E-02 2.453E-05 1.08E-03
4.467E-01 6.919E-02 6.916E-02 2.572E-05 1.10E-03
4.416E-01 7.203E-02 7.201E-02 2.698E-05 1.12E-03
4.365E-01 7.496E-02 7.493E-02 2.830E-05 1.14E-03
4.315E-01 7.797E-02 7.794E-02 2.967E-05 1.16E-03
4.266E-01 8.107E-02 8.104E-02 3.112E-05 1.18E-03
4.217E-01 8.425E-02 8.422E-02 3.263E-05 1.21E-03
4.169E-01 8.752E-02 8.749E-02 3.422E-05 1.23E-03
4.121E-01 9.088E-02 9.084E-02 3.589E-05 1.25E-03
4.074E-01 9.432E-02 9.429E-02 3.764E-05 1.27E-03
4.027E-01 9.786E-02 9.782E-02 3.948E-05 1.29E-03
3.981E-01 1.015E-01 1.014E-01 4.141E-05 1.31E-03
3.935E-01 1.052E-01 1.051E-01 4.343E-05 1.34E-03
3.890E-01 1.090E-01 1.090E-01 4.556E-05 1.36E-03
3.846E-01 1.129E-01 1.128E-01 4.779E-05 1.38E-03
3.802E-01 1.169E-01 1.168E-01 5.014E-05 1.40E-03
3.758E-01 1.210E-01 1.209E-01 5.261E-05 1.42E-03
3.715E-01 1.251E-01 1.251E-01 5.523E-05 1.45E-03
3.673E-01 1.294E-01 1.293E-01 5.801E-05 1.47E-03
3.631E-01 1.338E-01 1.337E-01 6.094E-05 1.49E-03
3.589E-01 1.382E-01 1.382E-01 6.406E-05 1.52E-03
3.548E-01 1.428E-01 1.427E-01 6.737E-05 1.54E-03
3.508E-01 1.474E-01 1.474E-01 7.089E-05 1.56E-03
3.467E-01 1.522E-01 1.521E-01 7.463E-05 1.58E-03
3.428E-01 1.570E-01 1.569E-01 7.861E-05 1.60E-03
3.388E-01 1.620E-01 1.619E-01 8.287E-05 1.62E-03
3.350E-01 1.670E-01 1.669E-01 8.741E-05 1.63E-03
3.311E-01 1.721E-01 1.720E-01 9.225E-05 1.65E-03
3.273E-01 1.774E-01 1.773E-01 9.743E-05 1.65E-03
3.236E-01 1.827E-01 1.826E-01 1.030E-04 1.66E-03
3.199E-01 1.881E-01 1.880E-01 1.090E-04 1.65E-03
3.162E-01 1.936E-01 1.935E-01 1.153E-04 1.64E-03
3.126E-01 1.993E-01 1.991E-01 1.221E-04 1.63E-03
3.090E-01 2.050E-01 2.049E-01 1.294E-04 1.60E-03
3.055E-01 2.108E-01 2.107E-01 1.371E-04 1.57E-03
3.020E-01 2.161E-01 2.159E-01 1.453E-04 1.54E-03
2.985E-01 2.200E-01 2.198E-01 1.542E-04 1.49E-03
2.951E-01 2.243E-01 2.241E-01 1.637E-04 1.43E-03
2.917E-01 2.289E-01 2.288E-01 1.740E-04 1.37E-03
2.884E-01 2.340E-01 2.338E-01 1.852E-04 1.29E-03
2.851E-01 2.396E-01 2.394E-01 1.974E-04 1.20E-03
2.818E-01 2.458E-01 2.455E-01 2.116E-04 1.07E-03
2.786E-01 2.525E-01 2.523E-01 2.267E-04 9.42E-04
2.754E-01 2.601E-01 2.598E-01 2.430E-04 8.14E-04
2.723E-01 2.684E-01 2.681E-01 2.608E-04 6.87E-04
2.692E-01 2.777E-01 2.774E-01 2.804E-04 5.65E-04
2.661E-01 2.881E-01 2.878E-01 3.022E-04 4.52E-04
2.630E-01 2.997E-01 2.994E-01 3.266E-04 3.51E-04
2.600E-01 3.128E-01 3.125E-01 3.543E-04 2.64E-04
2.570E-01 3.276E-01 3.272E-01 3.855E-04 1.95E-04
2.541E-01 3.442E-01 3.438E-01 4.198E-04 1.49E-04
2.512E-01 3.630E-01 3.625E-01 4.586E-04 1.23E-04
2.483E-01 3.842E-01 3.837E-01 5.027E-04 1.13E-04
2.455E-01 4.080E-01 4.074E-01 5.532E-04 1.21E-04
2.427E-01 4.346E-01 4.340E-01 6.114E-04 1.47E-04
2.399E-01 4.643E-01 4.636E-01 6.786E-04 1.92E-04
2.371E-01 4.967E-01 4.960E-01 7.519E-04 2.59E-04
2.344E-01 5.316E-01 5.308E-01 8.298E-04 3.40E-04
2.317E-01 5.680E-01 5.671E-01 9.112E-04 4.27E-04
2.291E-01 6.046E-01 6.036E-01 9.943E-04 5.18E-04
2.265E-01 6.392E-01 6.382E-01 1.079E-03 6.13E-04
2.239E-01 6.694E-01 6.682E-01 1.168E-03 7.12E-04
2.213E-01 6.922E-01 6.909E-01 1.259E-03 8.18E-04
2.188E-01 7.051E-01 7.038E-01 1.330E-03 9.37E-04
2.163E-01 7.067E-01 7.053E-01 1.361E-03 1.07E-03
2.138E-01 6.967E-01 6.954E-01 1.352E-03 1.21E-03
2.113E-01 6.766E-01 6.753E-01 1.319E-03 1.36E-03
2.089E-01 6.487E-01 6.475E-01 1.265E-03 1.50E-03
2.065E-01 6.160E-01 6.148E-01 1.195E-03 1.65E-03
2.042E-01 5.809E-01 5.798E-01 1.112E-03 1.81E-03
2.018E-01 5.458E-01 5.447E-01 1.022E-03 1.97E-03
1.995E-01 5.120E-01 5.111E-01 9.299E-04 2.13E-03
1.972E-01 4.805E-01 4.797E-01 8.393E-04 2.30E-03
1.950E-01 4.518E-01 4.511E-01 7.540E-04 2.47E-03
1.928E-01 4.261E-01 4.254E-01 6.757E-04 2.64E-03
1.905E-01 4.032E-01 4.026E-01 6.052E-04 2.83E-03
1.884E-01 3.830E-01 3.824E-01 5.410E-04 3.02E-03
1.862E-01 3.652E-01 3.647E-01 4.854E-04 3.21E-03
1.841E-01 3.496E-01 3.491E-01 4.380E-04 3.42E-03
1.820E-01 3.359E-01 3.355E-01 3.977E-04 3.63E-03
1.799E-01 3.239E-01 3.235E-01 3.637E-04 3.85E-03
1.778E-01 3.134E-01 3.130E-01 3.359E-04 4.08E-03
1.758E-01 3.042E-01 3.038E-01 3.130E-04 4.31E-03
1.738E-01 2.960E-01 2.958E-01 2.944E-04 4.55E-03
1.718E-01 2.889E-01 2.886E-01 2.798E-04 4.79E-03
1.698E-01 2.827E-01 2.824E-01 2.690E-04 5.03E-03
1.679E-01 2.772E-01 2.770E-01 2.619E-04 5.28E-03
1.660E-01 2.727E-01 2.725E-01 2.586E-04 5.52E-03
1.641E-01 2.691E-01 2.688E-01 2.593E-04 5.77E-03
1.622E-01 2.662E-01 2.660E-01 2.638E-04 6.01E-03
1.603E-01 2.642E-01 2.639E-01 2.720E-04 6.26E-03
1.585E-01 2.628E-01 2.625E-01 2.843E-04 6.50E-03
1.567E-01 2.622E-01 2.619E-01 3.000E-04 6.75E-03
1.549E-01 2.622E-01 2.619E-01 3.192E-04 7.01E-03
1.531E-01 2.630E-01 2.626E-01 3.420E-04 7.27E-03
1.514E-01 2.644E-01 2.640E-01 3.688E-04 7.54E-03
1.496E-01 2.664E-01 2.660E-01 3.999E-04 7.81E-03
1.479E-01 2.691E-01 2.687E-01 4.357E-04 8.09E-03
1.462E-01 2.725E-01 2.721E-01 4.769E-04 8.36E-03
1.445E-01 2.766E-01 2.761E-01 5.241E-04 8.64E-03
1.429E-01 2.814E-01 2.808E-01 5.775E-04 8.92E-03
1.413E-01 2.868E-01 2.862E-01 6.370E-04 9.21E-03
1.396E-01 2.930E-01 2.923E-01 7.024E-04 9.50E-03
1.380E-01 2.999E-01 2.991E-01 7.738E-04 9.80E-03
1.365E-01 3.075E-01 3.067E-01 8.531E-04 1.01E-02
1.349E-01 3.160E-01 3.150E-01 9.421E-04 1.05E-02
1.334E-01 3.252E-01 3.241E-01 1.042E-03 1.08E-02
1.318E-01 3.352E-01 3.341E-01 1.152E-03 1.12E-02
1.303E-01 3.462E-01 3.449E-01 1.275E-03 1.16E-02
1.288E-01 3.649E-01 3.635E-01 1.412E-03 1.21E-02
1.274E-01 3.792E-01 3.776E-01 1.564E-03 1.26E-02
1.259E-01 3.941E-01 3.924E-01 1.733E-03 1.31E-02
1.245E-01 4.098E-01 4.079E-01 1.919E-03 1.36E-02
1.230E-01 4.261E-01 4.240E-01 2.124E-03 1.41E-02
1.216E-01 4.431E-01 4.407E-01 2.349E-03 1.47E-02
1.202E-01 4.607E-01 4.581E-01 2.596E-03 1.52E-02
1.189E-01 4.789E-01 4.760E-01 2.867E-03 1.57E-02
1.175E-01 4.977E-01 4.945E-01 3.162E-03 1.62E-02
1.161E-01 5.170E-01 5.135E-01 3.488E-03 1.66E-02
1.148E-01 5.369E-01 5.331E-01 3.867E-03 1.70E-02
1.135E-01 5.575E-01 5.531E-01 4.380E-03 1.74E-02
1.122E-01 5.786E-01 5.736E-01 4.925E-03 1.73E-02
1.109E-01 6.001E-01 5.946E-01 5.523E-03 1.66E-02
1.096E-01 6.221E-01 6.159E-01 6.185E-03 1.50E-02
1.084E-01 6.447E-01 6.377E-01 7.001E-03 1.34E-02
1.072E-01 6.678E-01 6.599E-01 7.944E-03 1.23E-02
1.059E-01 6.911E-01 6.822E-01 8.853E-03 1.21E-02
1.047E-01 7.146E-01 7.048E-01 9.717E-03 1.22E-02
1.035E-01 7.381E-01 7.276E-01 1.054E-02 1.23E-02
1.023E-01 7.617E-01 7.504E-01 1.134E-02 1.23E-02
1.012E-01 7.854E-01 7.731E-01 1.222E-02 1.22E-02
1.000E-01 8.120E-01 7.988E-01 1.322E-02 1.19E-02
9.886E-02 8.311E-01 8.166E-01 1.454E-02 1.14E-02
9.772E-02 8.513E-01 8.352E-01 1.605E-02 1.09E-02
9.661E-02 8.724E-01 8.549E-01 1.749E-02 1.06E-02
9.550E-02 8.944E-01 8.756E-01 1.879E-02 1.06E-02
9.441E-02 9.171E-01 8.974E-01 1.972E-02 1.06E-02
9.333E-02 9.408E-01 9.204E-01 2.045E-02 1.08E-02
9.226E-02 9.661E-01 9.449E-01 2.126E-02 1.10E-02
9.120E-02 9.931E-01 9.711E-01 2.204E-02 1.12E-02
9.016E-02 1.022E+00 9.991E-01 2.246E-02 1.16E-02
8.913E-02 1.052E+00 1.029E+00 2.296E-02 1.19E-02
8.810E-02 1.086E+00 1.062E+00 2.392E-02 1.20E-02
8.710E-02 1.124E+00 1.098E+00 2.550E-02 1.18E-02
8.610E-02 1.165E+00 1.138E+00 2.740E-02 1.16E-02
8.511E-02 1.211E+00 1.182E+00 2.963E-02 1.13E-02
8.414E-02 1.263E+00 1.230E+00 3.220E-02 1.10E-02
8.318E-02 1.320E+00 1.285E+00 3.513E-02 1.08E-02
8.222E-02 1.383E+00 1.345E+00 3.828E-02 1.07E-02
8.128E-02 1.454E+00 1.413E+00 4.153E-02 1.08E-02
8.035E-02 1.534E+00 1.489E+00 4.500E-02 1.09E-02
7.943E-02 1.622E+00 1.573E+00 4.856E-02 1.12E-02
7.852E-02 1.718E+00 1.666E+00 5.204E-02 1.16E-02
7.762E-02 1.823E+00 1.767E+00 5.521E-02 1.21E-02
7.674E-02 1.933E+00 1.875E+00 5.801E-02 1.26E-02
7.586E-02 2.044E+00 1.984E+00 6.050E-02 1.32E-02
7.499E-02 2.151E+00 2.089E+00 6.256E-02 1.38E-02
7.413E-02 2.245E+00 2.181E+00 6.414E-02 1.45E-02
7.328E-02 2.317E+00 2.252E+00 6.520E-02 1.52E-02
7.244E-02 2.359E+00 2.293E+00 6.611E-02 1.59E-02
7.161E-02 2.366E+00 2.299E+00 6.677E-02 1.66E-02
7.079E-02 2.340E+00 2.274E+00 6.686E-02 1.74E-02
6.998E-02 2.287E+00 2.221E+00 6.637E-02 1.82E-02
6.918E-02 2.216E+00 2.150E+00 6.533E-02 1.90E-02
6.839E-02 2.134E+00 2.071E+00 6.315E-02 1.99E-02
6.761E-02 2.051E+00 1.990E+00 6.034E-02 2.08E-02
6.683E-02 1.971E+00 1.914E+00 5.743E-02 2.18E-02
6.607E-02 1.899E+00 1.845E+00 5.447E-02 2.27E-02
6.531E-02 1.820E+00 1.769E+00 5.152E-02 2.36E-02
6.457E-02 1.741E+00 1.692E+00 4.939E-02 2.45E-02
6.383E-02 1.662E+00 1.615E+00 4.760E-02 2.54E-02
6.310E-02 1.582E+00 1.536E+00 4.608E-02 2.63E-02
6.237E-02 1.502E+00 1.457E+00 4.480E-02 2.71E-02
6.166E-02 1.421E+00 1.377E+00 4.388E-02 2.80E-02
6.095E-02 1.339E+00 1.296E+00 4.321E-02 2.90E-02
6.026E-02 1.257E+00 1.214E+00 4.263E-02 2.99E-02
5.957E-02 1.174E+00 1.131E+00 4.216E-02 3.08E-02
5.888E-02 1.089E+00 1.048E+00 4.172E-02 3.18E-02
5.821E-02 1.004E+00 9.629E-01 4.102E-02 3.28E-02
5.754E-02 8.086E-01 7.683E-01 4.027E-02 3.37E-02
5.689E-02 7.797E-01 7.402E-01 3.949E-02 3.47E-02
5.623E-02 7.498E-01 7.111E-01 3.862E-02 3.57E-02
5.559E-02 7.183E-01 6.807E-01 3.756E-02 3.68E-02
5.495E-02 6.877E-01 6.512E-01 3.649E-02 3.78E-02
5.433E-02 6.581E-01 6.227E-01 3.540E-02 3.89E-02
5.370E-02 6.306E-01 5.963E-01 3.434E-02 4.00E-02
5.309E-02 6.073E-01 5.739E-01 3.341E-02 4.11E-02
5.248E-02 5.857E-01 5.532E-01 3.254E-02 4.23E-02
5.188E-02 5.657E-01 5.340E-01 3.171E-02 4.34E-02
5.129E-02 5.465E-01 5.156E-01 3.095E-02 4.46E-02
5.070E-02 5.280E-01 4.978E-01 3.026E-02 4.58E-02
5.012E-02 5.104E-01 4.808E-01 2.962E-02 4.71E-02
4.955E-02 4.936E-01 4.646E-01 2.902E-02 4.83E-02
4.898E-02 4.779E-01 4.494E-01 2.846E-02 4.96E-02
4.842E-02 4.625E-01 4.346E-01 2.790E-02 5.09E-02
4.786E-02 4.474E-01 4.201E-01 2.734E-02 5.23E-02
4.732E-02 4.315E-01 4.048E-01 2.670E-02 5.37E-02
4.677E-02 4.157E-01 3.896E-01 2.603E-02 5.51E-02
4.624E-02 4.004E-01 3.751E-01 2.538E-02 5.65E-02
4.571E-02 3.871E-01 3.623E-01 2.477E-02 5.80E-02
4.519E-02 3.760E-01 3.517E-01 2.424E-02 5.95E-02
4.467E-02 3.653E-01 3.416E-01 2.370E-02 6.11E-02
4.416E-02 3.541E-01 3.310E-01 2.311E-02 6.27E-02
4.365E-02 3.403E-01 3.179E-01 2.241E-02 6.43E-02
4.315E-02 3.270E-01 3.053E-01 2.171E-02 6.60E-02
4.266E-02 3.152E-01 2.942E-01 2.098E-02 6.77E-02
4.217E-02 3.077E-01 2.874E-01 2.027E-02 6.95E-02
4.169E-02 3.018E-01 2.822E-01 1.960E-02 7.13E-02
4.121E-02 2.975E-01 2.785E-01 1.899E-02 7.32E-02
4.074E-02 2.933E-01 2.748E-01 1.851E-02 7.51E-02
4.027E-02 2.902E-01 2.721E-01 1.809E-02 7.71E-02
3.981E-02 2.879E-01 2.701E-01 1.772E-02 7.90E-02
3.935E-02 2.864E-01 2.690E-01 1.740E-02 8.11E-02
3.890E-02 2.861E-01 2.689E-01 1.714E-02 8.32E-02
3.846E-02 2.870E-01 2.701E-01 1.692E-02 8.53E-02
3.802E-02 2.894E-01 2.725E-01 1.683E-02 8.75E-02
3.758E-02 2.934E-01 2.765E-01 1.692E-02 8.98E-02
3.715E-02 3.019E-01 2.845E-01 1.748E-02 9.21E-02
3.673E-02 3.094E-01 2.912E-01 1.817E-02 9.44E-02
3.631E-02 3.126E-01 2.937E-01 1.889E-02 9.68E-02
3.589E-02 3.089E-01 2.895E-01 1.938E-02 9.91E-02
3.548E-02 3.023E-01 2.826E-01 1.976E-02 1.02E-01
3.508E-02 2.966E-01 2.766E-01 1.994E-02 1.04E-01
3.467E-02 2.910E-01 2.710E-01 2.001E-02 1.07E-01
3.428E-02 2.855E-01 2.654E-01 2.002E-02 1.09E-01
3.388E-02 2.800E-01 2.600E-01 2.005E-02 1.12E-01
3.350E-02 2.747E-01 2.546E-01 2.005E-02 1.15E-01
3.311E-02 2.694E-01 2.494E-01 2.005E-02 1.17E-01
3.273E-02 2.643E-01 2.442E-01 2.003E-02 1.20E-01
3.236E-02 2.591E-01 2.391E-01 1.999E-02 1.23E-01
3.199E-02 2.541E-01 2.341E-01 1.995E-02 1.26E-01
3.162E-02 2.491E-01 2.292E-01 1.989E-02 1.29E-01
3.126E-02 2.442E-01 2.244E-01 1.983E-02 1.33E-01
3.090E-02 2.394E-01 2.196E-01 1.976E-02 1.36E-01
3.055E-02 2.346E-01 2.150E-01 1.968E-02 1.39E-01
3.020E-02 2.300E-01 2.104E-01 1.960E-02 1.43E-01
2.985E-02 2.253E-01 2.058E-01 1.951E-02 1.46E-01
2.951E-02 2.208E-01 2.014E-01 1.941E-02 1.50E-01
2.917E-02 2.164E-01 1.971E-01 1.931E-02 1.53E-01
2.884E-02 2.120E-01 1.928E-01 1.920E-02 1.57E-01
2.851E-02 2.077E-01 1.887E-01 1.909E-02 1.61E-01
2.818E-02 2.036E-01 1.846E-01 1.897E-02 1.65E-01
2.786E-02 1.995E-01 1.807E-01 1.885E-02 1.69E-01
2.754E-02 1.955E-01 1.768E-01 1.873E-02 1.73E-01
2.723E-02 1.916E-01 1.730E-01 1.861E-02 1.77E-01
2.692E-02 1.878E-01 1.693E-01 1.848E-02 1.81E-01
2.661E-02 1.840E-01 1.657E-01 1.836E-02 1.85E-01
2.630E-02 1.803E-01 1.621E-01 1.822E-02 1.90E-01
2.600E-02 1.766E-01 1.586E-01 1.808E-02 1.94E-01
2.570E-02 1.731E-01 1.551E-01 1.794E-02 1.99E-01
2.541E-02 1.695E-01 1.517E-01 1.780E-02 2.04E-01
2.512E-02 1.661E-01 1.484E-01 1.765E-02 2.09E-01
2.483E-02 1.627E-01 1.452E-01 1.749E-02 2.14E-01
2.455E-02 1.593E-01 1.420E-01 1.734E-02 2.19E-01
2.427E-02 1.561E-01 1.389E-01 1.719E-02 2.24E-01
2.399E-02 1.529E-01 1.358E-01 1.703E-02 2.29E-01
2.371E-02 1.498E-01 1.329E-01 1.687E-02 2.34E-01
2.344E-02 1.467E-01 1.300E-01 1.671E-02 2.40E-01
2.317E-02 1.437E-01 1.271E-01 1.655E-02 2.46E-01
2.291E-02 1.407E-01 1.244E-01 1.639E-02 2.51E-01
2.265E-02 1.378E-01 1.216E-01 1.622E-02 2.57E-01
2.239E-02 1.350E-01 1.189E-01 1.605E-02 2.63E-01
2.213E-02 1.322E-01 1.163E-01 1.588E-02 2.69E-01
2.188E-02 1.295E-01 1.138E-01 1.571E-02 2.75E-01
2.163E-02 1.268E-01 1.112E-01 1.554E-02 2.82E-01
2.138E-02 1.242E-01 1.088E-01 1.536E-02 2.88E-01
2.113E-02 1.216E-01 1.064E-01 1.519E-02 2.95E-01
2.089E-02 1.191E-01 1.040E-01 1.501E-02 3.02E-01
2.065E-02 1.165E-01 1.017E-01 1.483E-02 3.08E-01
2.042E-02 1.142E-01 9.951E-02 1.465E-02 3.15E-01
2.018E-02 1.118E-01 9.733E-02 1.448E-02 3.22E-01
1.995E-02 1.095E-01 9.516E-02 1.429E-02 3.30E-01
1.972E-02 1.071E-01 9.302E-02 1.411E-02 3.37E-01
1.950E-02 1.048E-01 9.090E-02 1.392E-02 3.45E-01
1.928E-02 1.026E-01 8.883E-02 1.373E-02 3.52E-01
1.905E-02 1.003E-01 8.680E-02 1.354E-02 3.60E-01
1.884E-02 9.820E-02 8.485E-02 1.335E-02 3.68E-01
1.862E-02 9.609E-02 8.293E-02 1.316E-02 3.76E-01
1.841E-02 9.401E-02 8.104E-02 1.297E-02 3.84E-01
1.820E-02 9.198E-02 7.920E-02 1.277E-02 3.92E-01
1.799E-02 8.999E-02 7.741E-02 1.258E-02 4.00E-01
1.778E-02 8.806E-02 7.567E-02 1.239E-02 4.09E-01
1.758E-02 8.617E-02 7.396E-02 1.221E-02 4.17E-01
1.738E-02 8.429E-02 7.227E-02 1.202E-02 4.26E-01
1.718E-02 8.243E-02 7.061E-02 1.183E-02 4.35E-01
1.698E-02 8.061E-02 6.898E-02 1.164E-02 4.44E-01
1.679E-02 7.883E-02 6.739E-02 1.145E-02 4.53E-01
1.660E-02 7.711E-02 6.585E-02 1.126E-02 4.62E-01
1.641E-02 7.541E-02 6.434E-02 1.107E-02 4.71E-01
1.622E-02 7.373E-02 6.285E-02 1.089E-02 4.80E-01
1.603E-02 7.208E-02 6.138E-02 1.070E-02 4.89E-01
1.585E-02 7.046E-02 5.995E-02 1.051E-02 4.99E-01
1.567E-02 6.888E-02 5.856E-02 1.033E-02 5.08E-01
1.549E-02 6.735E-02 5.720E-02 1.014E-02 5.17E-01
1.531E-02 6.582E-02 5.586E-02 9.963E-03 5.27E-01
1.514E-02 6.432E-02 5.453E-02 9.782E-03 5.36E-01
1.496E-02 6.284E-02 5.324E-02 9.603E-03 5.46E-01
1.479E-02 6.140E-02 5.197E-02 9.425E-03 5.55E-01
1.462E-02 5.999E-02 5.074E-02 9.251E-03 5.65E-01
1.445E-02 5.862E-02 4.954E-02 9.078E-03 5.74E-01
1.429E-02 5.727E-02 4.837E-02 8.906E-03 5.84E-01
1.413E-02 5.595E-02 4.721E-02 8.735E-03 5.93E-01
1.396E-02 5.465E-02 4.609E-02 8.567E-03 6.02E-01
1.380E-02 5.340E-02 4.499E-02 8.402E-03 6.11E-01
1.365E-02 5.216E-02 4.392E-02 8.239E-03 6.20E-01
1.349E-02 5.094E-02 4.286E-02 8.077E-03 6.29E-01
1.334E-02 4.974E-02 4.183E-02 7.917E-03 6.38E-01
1.318E-02 4.857E-02 4.081E-02 7.760E-03 6.47E-01
1.303E-02 4.744E-02 3.983E-02 7.607E-03 6.55E-01
1.288E-02 4.634E-02 3.888E-02 7.458E-03 6.64E-01
1.274E-02 4.525E-02 3.794E-02 7.310E-03 6.72E-01
1.259E-02 4.417E-02 3.701E-02 7.164E-03 6.80E-01
1.245E-02 4.311E-02 3.609E-02 7.019E-03 6.87E-01
1.230E-02 4.211E-02 3.523E-02 6.882E-03 6.95E-01
1.216E-02 4.114E-02 3.439E-02 6.749E-03 7.02E-01
1.202E-02 4.018E-02 3.356E-02 6.616E-03 7.09E-01
1.189E-02 3.922E-02 3.274E-02 6.484E-03 7.16E-01
1.175E-02 3.828E-02 3.192E-02 6.353E-03 7.22E-01
1.161E-02 3.734E-02 3.112E-02 6.223E-03 7.28E-01
1.148E-02 3.643E-02 3.033E-02 6.095E-03 7.34E-01
1.135E-02 3.553E-02 2.956E-02 5.970E-03 7.39E-01
1.122E-02 3.466E-02 2.881E-02 5.848E-03 7.45E-01
1.109E-02 3.382E-02 2.809E-02 5.730E-03 7.50E-01
1.096E-02 3.300E-02 2.738E-02 5.613E-03 7.54E-01
1.084E-02 3.219E-02 2.669E-02 5.498E-03 7.59E-01
1.072E-02 3.140E-02 2.602E-02 5.386E-03 7.63E-01
1.059E-02 3.064E-02 2.536E-02 5.276E-03 7.67E-01
1.047E-02 2.989E-02 2.472E-02 5.169E-03 7.70E-01
1.035E-02 2.918E-02 2.412E-02 5.065E-03 7.74E-01
1.023E-02 2.847E-02 2.351E-02 4.963E-03 7.77E-01
1.012E-02 2.778E-02 2.291E-02 4.861E-03 7.80E-01
1.000E-02 2.709E-02 2.233E-02 4.761E-03 7.83E-01
9.886E-03 2.642E-02 2.176E-02 4.663E-03 7.86E-01
9.772E-03 2.577E-02 2.120E-02 4.566E-03 7.88E-01
9.661E-03 2.513E-02 2.066E-02 4.471E-03 7.91E-01
9.550E-03 2.453E-02 2.015E-02 4.379E-03 7.93E-01
9.441E-03 2.392E-02 1.963E-02 4.288E-03 7.96E-01
9.333E-03 2.333E-02 1.913E-02 4.197E-03 7.98E-01
9.226E-03 2.275E-02 1.864E-02 4.107E-03 8.00E-01
9.120E-03 2.218E-02 1.816E-02 4.017E-03 8.03E-01
9.016E-03 2.162E-02 1.769E-02 3.930E-03 8.05E-01
8.913E-03 2.108E-02 1.724E-02 3.844E-03 8.08E-01
8.810E-03 2.056E-02 1.680E-02 3.759E-03 8.10E-01
8.710E-03 2.005E-02 1.637E-02 3.674E-03 8.13E-01
8.610E-03 1.954E-02 1.595E-02 3.590E-03 8.15E-01
8.511E-03 1.904E-02 1.554E-02 3.506E-03 8.18E-01
8.414E-03 1.856E-02 1.513E-02 3.424E-03 8.21E-01
8.318E-03 1.809E-02 1.475E-02 3.342E-03 8.24E-01
8.222E-03 1.763E-02 1.437E-02 3.263E-03 8.27E-01
8.128E-03 1.718E-02 1.399E-02 3.183E-03 8.30E-01
8.035E-03 1.673E-02 1.363E-02 3.104E-03 8.34E-01
7.943E-03 1.630E-02 1.327E-02 3.025E-03 8.37E-01
7.852E-03 1.587E-02 1.293E-02 2.948E-03 8.41E-01
7.762E-03 1.546E-02 1.259E-02 2.873E-03 8.44E-01
7.674E-03 1.505E-02 1.226E-02 2.797E-03 8.48E-01
7.586E-03 1.465E-02 1.193E-02 2.723E-03 8.51E-01
7.499E-03 1.426E-02 1.162E-02 2.649E-03 8.55E-01
7.413E-03 1.389E-02 1.131E-02 2.578E-03 8.58E-01
7.328E-03 1.353E-02 1.102E-02 2.508E-03 8.62E-01
7.244E-03 1.317E-02 1.073E-02 2.439E-03 8.65E-01
7.161E-03 1.282E-02 1.045E-02 2.370E-03 8.68E-01
7.079E-03 1.248E-02 1.018E-02 2.303E-03 8.71E-01
6.998E-03 1.215E-02 9.909E-03 2.237E-03 8.74E-01
6.918E-03 1.182E-02 9.646E-03 2.172E-03 8.77E-01
6.839E-03 1.150E-02 9.392E-03 2.108E-03 8.80E-01
6.761E-03 1.119E-02 9.145E-03 2.046E-03 8.82E-01
6.683E-03 1.088E-02 8.901E-03 1.983E-03 8.85E-01
6.607E-03 1.058E-02 8.663E-03 1.921E-03 8.87E-01
6.531E-03 1.029E-02 8.429E-03 1.861E-03 8.89E-01
6.457E-03 1.001E-02 8.207E-03 1.802E-03 8.91E-01
6.383E-03 9.733E-03 7.989E-03 1.744E-03 8.92E-01
6.310E-03 9.459E-03 7.774E-03 1.686E-03 8.94E-01
6.237E-03 9.190E-03 7.562E-03 1.628E-03 8.95E-01
6.166E-03 8.935E-03 7.362E-03 1.573E-03 8.97E-01
6.095E-03 8.692E-03 7.173E-03 1.519E-03 8.98E-01
6.026E-03 8.450E-03 6.985E-03 1.465E-03 8.99E-01
5.957E-03 8.209E-03 6.799E-03 1.410E-03 9.01E-01
5.888E-03 7.971E-03 6.615E-03 1.355E-03 9.02E-01
5.821E-03 7.735E-03 6.435E-03 1.300E-03 9.04E-01
5.754E-03 7.503E-03 6.257E-03 1.245E-03 9.05E-01
5.689E-03 7.274E-03 6.084E-03 1.190E-03 9.07E-01
5.623E-03 7.052E-03 5.916E-03 1.136E-03 9.08E-01
5.559E-03 6.840E-03 5.756E-03 1.084E-03 9.10E-01
5.495E-03 6.630E-03 5.599E-03 1.031E-03 9.12E-01
5.433E-03 6.423E-03 5.446E-03 9.774E-04 9.14E-01
5.370E-03 6.219E-03 5.296E-03 9.232E-04 9.15E-01
5.309E-03 6.020E-03 5.151E-03 8.686E-04 9.17E-01
5.248E-03 5.825E-03 5.012E-03 8.137E-04 9.19E-01
5.188E-03 5.637E-03 4.878E-03 7.588E-04 9.21E-01
5.129E-03 5.469E-03 4.746E-03 7.227E-04 9.23E-01
5.070E-03 5.303E-03 4.616E-03 6.879E-04 9.25E-01
5.012E-03 5.129E-03 4.488E-03 6.413E-04 9.27E-01
4.955E-03 4.948E-03 4.364E-03 5.835E-04 9.28E-01
4.898E-03 4.760E-03 4.244E-03 5.154E-04 9.30E-01
4.842E-03 4.568E-03 4.129E-03 4.388E-04 9.31E-01
4.786E-03 4.376E-03 4.019E-03 3.562E-04 9.32E-01
4.732E-03 4.153E-03 3.909E-03 2.438E-04 9.34E-01
4.677E-03 3.927E-03 3.800E-03 1.273E-04 9.35E-01
4.624E-03 3.734E-03 3.695E-03 3.921E-05 9.36E-01
4.571E-03 3.599E-03 3.594E-03 4.759E-06 9.36E-01
4.519E-03 3.554E-03 3.498E-03 5.625E-05 9.37E-01
4.467E-03 3.641E-03 3.407E-03 2.340E-04 9.38E-01
4.416E-03 7.444E-02 7.275E-02 1.687E-03 9.40E-01
4.365E-03 7.279E-02 7.130E-02 1.492E-03 9.40E-01
4.315E-03 7.120E-02 6.986E-02 1.339E-03 9.41E-01
4.266E-03 6.973E-02 6.843E-02 1.301E-03 9.43E-01
4.217E-03 6.835E-02 6.701E-02 1.346E-03 9.44E-01
4.169E-03 6.704E-02 6.560E-02 1.445E-03 9.45E-01
4.121E-03 6.577E-02 6.421E-02 1.550E-03 9.46E-01
4.074E-03 6.447E-02 6.287E-02 1.607E-03 9.47E-01
4.027E-03 6.318E-02 6.153E-02 1.651E-03 9.48E-01
3.981E-03 6.188E-02 6.020E-02 1.676E-03 9.50E-01
3.935E-03 6.057E-02 5.889E-02 1.676E-03 9.51E-01
3.890E-03 5.925E-02 5.760E-02 1.644E-03 9.52E-01
3.846E-03 5.796E-02 5.633E-02 1.629E-03 9.53E-01
3.802E-03 5.670E-02 5.507E-02 1.633E-03 9.54E-01
3.758E-03 5.546E-02 5.382E-02 1.634E-03 9.55E-01
3.715E-03 5.423E-02 5.260E-02 1.631E-03 9.55E-01
3.673E-03 5.301E-02 5.139E-02 1.624E-03 9.56E-01
3.631E-03 5.182E-02 5.021E-02 1.614E-03 9.57E-01
3.589E-03 5.064E-02 4.904E-02 1.606E-03 9.57E-01
3.548E-03 4.948E-02 4.788E-02 1.596E-03 9.58E-01
3.508E-03 4.833E-02 4.675E-02 1.585E-03 9.59E-01
3.467E-03 4.720E-02 4.563E-02 1.571E-03 9.59E-01
3.428E-03 4.610E-02 4.454E-02 1.556E-03 9.60E-01
3.388E-03 4.501E-02 4.346E-02 1.541E-03 9.61E-01
3.350E-03 4.393E-02 4.240E-02 1.525E-03 9.62E-01
3.311E-03 4.287E-02 4.136E-02 1.508E-03 9.63E-01
3.273E-03 4.183E-02 4.034E-02 1.490E-03 9.63E-01
3.236E-03 4.083E-02 3.935E-02 1.471E-03 9.64E-01
3.199E-03 3.983E-02 3.838E-02 1.452E-03 9.65E-01
3.162E-03 3.884E-02 3.741E-02 1.432E-03 9.66E-01
3.126E-03 3.787E-02 3.645E-02 1.413E-03 9.66E-01
3.090E-03 3.692E-02 3.553E-02 1.393E-03 9.67E-01
3.055E-03 3.605E-02 3.468E-02 1.374E-03 9.68E-01
3.020E-03 3.518E-02 3.383E-02 1.354E-03 9.68E-01
2.985E-03 3.431E-02 3.297E-02 1.334E-03 9.69E-01
2.951E-03 3.344E-02 3.213E-02 1.314E-03 9.69E-01
2.917E-03 3.258E-02 3.128E-02 1.294E-03 9.70E-01
2.884E-03 3.172E-02 3.045E-02 1.273E-03 9.70E-01
2.851E-03 3.087E-02 2.962E-02 1.253E-03 9.71E-01
2.818E-03 3.004E-02 2.880E-02 1.232E-03 9.71E-01
2.786E-03 2.921E-02 2.800E-02 1.211E-03 9.72E-01
2.754E-03 2.841E-02 2.722E-02 1.190E-03 9.73E-01
2.723E-03 2.765E-02 2.648E-02 1.169E-03 9.73E-01
2.692E-03 2.691E-02 2.576E-02 1.148E-03 9.74E-01
2.661E-03 2.617E-02 2.504E-02 1.127E-03 9.74E-01
2.630E-03 2.545E-02 2.435E-02 1.106E-03 9.75E-01
2.600E-03 2.475E-02 2.367E-02 1.085E-03 9.75E-01
2.570E-03 2.407E-02 2.300E-02 1.064E-03 9.76E-01
2.541E-03 2.341E-02 2.236E-02 1.043E-03 9.76E-01
2.512E-03 2.277E-02 2.175E-02 1.022E-03 9.76E-01
2.483E-03 2.216E-02 2.116E-02 1.001E-03 9.77E-01
2.455E-03 2.155E-02 2.057E-02 9.812E-04 9.77E-01
2.427E-03 2.095E-02 1.999E-02 9.616E-04 9.78E-01
2.399E-03 2.036E-02 1.942E-02 9.421E-04 9.78E-01
2.371E-03 1.978E-02 1.886E-02 9.228E-04 9.79E-01
2.344E-03 1.922E-02 1.831E-02 9.038E-04 9.79E-01
2.317E-03 1.867E-02 1.779E-02 8.851E-04 9.80E-01
2.291E-03 1.815E-02 1.728E-02 8.667E-04 9.80E-01
2.265E-03 1.764E-02 1.679E-02 8.487E-04 9.80E-01
2.239E-03 1.715E-02 1.632E-02 8.310E-04 9.81E-01
2.213E-03 1.666E-02 1.584E-02 8.134E-04 9.81E-01
2.188E-03 1.618E-02 1.538E-02 7.960E-04 9.81E-01
2.163E-03 1.571E-02 1.493E-02 7.789E-04 9.82E-01
2.138E-03 1.525E-02 1.449E-02 7.621E-04 9.82E-01
2.113E-03 1.481E-02 1.406E-02 7.455E-04 9.82E-01
2.089E-03 1.438E-02 1.365E-02 7.293E-04 9.83E-01
2.065E-03 1.397E-02 1.326E-02 7.135E-04 9.83E-01
2.042E-03 1.357E-02 1.287E-02 6.980E-04 9.84E-01
2.018E-03 1.317E-02 1.249E-02 6.826E-04 9.84E-01
1.995E-03 1.278E-02 1.211E-02 6.675E-04 9.84E-01
1.972E-03 1.240E-02 1.175E-02 6.528E-04 9.84E-01
1.950E-03 1.203E-02 1.140E-02 6.382E-04 9.85E-01
1.928E-03 1.168E-02 1.106E-02 6.240E-04 9.85E-01
1.905E-03 1.134E-02 1.073E-02 6.102E-04 9.85E-01
1.884E-03 1.101E-02 1.041E-02 5.965E-04 9.86E-01
1.862E-03 1.068E-02 1.009E-02 5.830E-04 9.86E-01
1.841E-03 1.035E-02 9.784E-03 5.697E-04 9.86E-01
1.820E-03 1.004E-02 9.485E-03 5.566E-04 9.86E-01
1.799E-03 9.740E-03 9.197E-03 5.439E-04 9.87E-01
1.778E-03 9.451E-03 8.919E-03 5.315E-04 9.87E-01
1.758E-03 9.169E-03 8.650E-03 5.193E-04 9.87E-01
1.738E-03 8.892E-03 8.385E-03 5.073E-04 9.87E-01
1.718E-03 8.622E-03 8.126E-03 4.955E-04 9.88E-01
1.698E-03 8.359E-03 7.876E-03 4.839E-04 9.88E-01
1.679E-03 8.106E-03 7.633E-03 4.726E-04 9.88E-01
1.660E-03 7.862E-03 7.400E-03 4.616E-04 9.88E-01
1.641E-03 7.625E-03 7.174E-03 4.509E-04 9.89E-01
1.622E-03 7.392E-03 6.951E-03 4.404E-04 9.89E-01
1.603E-03 7.165E-03 6.734E-03 4.301E-04 9.89E-01
1.585E-03 6.944E-03 6.524E-03 4.200E-04 9.89E-01
1.567E-03 6.731E-03 6.321E-03 4.102E-04 9.89E-01
1.549E-03 6.527E-03 6.126E-03 4.007E-04 9.90E-01
1.531E-03 6.327E-03 5.935E-03 3.912E-04 9.90E-01
1.514E-03 6.131E-03 5.749E-03 3.820E-04 9.90E-01
1.496E-03 5.941E-03 5.569E-03 3.729E-04 9.90E-01
1.479E-03 5.758E-03 5.394E-03 3.641E-04 9.90E-01
1.462E-03 5.581E-03 5.226E-03 3.555E-04 9.91E-01
1.445E-03 5.409E-03 5.062E-03 3.471E-04 9.91E-01
1.429E-03 5.240E-03 4.902E-03 3.389E-04 9.91E-01
1.413E-03 5.077E-03 4.746E-03 3.309E-04 9.91E-01
1.396E-03 4.918E-03 4.595E-03 3.230E-04 9.91E-01
1.380E-03 4.765E-03 4.450E-03 3.154E-04 9.92E-01
1.365E-03 4.618E-03 4.310E-03 3.080E-04 9.92E-01
1.349E-03 4.473E-03 4.173E-03 3.006E-04 9.92E-01
1.334E-03 4.333E-03 4.040E-03 2.935E-04 9.92E-01
1.318E-03 4.198E-03 3.911E-03 2.865E-04 9.92E-01
1.303E-03 4.068E-03 3.788E-03 2.797E-04 9.92E-01
1.288E-03 3.943E-03 3.670E-03 2.731E-04 9.93E-01
1.274E-03 3.820E-03 3.554E-03 2.665E-04 9.93E-01
1.259E-03 3.699E-03 3.439E-03 2.601E-04 9.93E-01
1.245E-03 3.581E-03 3.328E-03 2.538E-04 9.93E-01
1.230E-03 3.472E-03 3.224E-03 2.478E-04 9.93E-01
1.216E-03 3.367E-03 3.125E-03 2.421E-04 9.93E-01
1.202E-03 3.263E-03 3.027E-03 2.365E-04 9.93E-01
1.189E-03 3.161E-03 2.930E-03 2.308E-04 9.93E-01
1.175E-03 3.060E-03 2.834E-03 2.253E-04 9.94E-01
1.161E-03 2.961E-03 2.741E-03 2.199E-04 9.94E-01
1.148E-03 2.865E-03 2.650E-03 2.145E-04 9.94E-01
1.135E-03 2.771E-03 2.562E-03 2.093E-04 9.94E-01
1.122E-03 2.682E-03 2.477E-03 2.042E-04 9.94E-01
1.109E-03 2.596E-03 2.397E-03 1.993E-04 9.94E-01
1.096E-03 2.513E-03 2.318E-03 1.945E-04 9.94E-01
1.084E-03 2.432E-03 2.242E-03 1.898E-04 9.94E-01
1.072E-03 2.354E-03 2.168E-03 1.852E-04 9.95E-01
1.059E-03 2.278E-03 2.097E-03 1.807E-04 9.95E-01
1.047E-03 2.206E-03 2.030E-03 1.763E-04 9.95E-01
1.035E-03 2.138E-03 1.965E-03 1.722E-04 9.95E-01
1.023E-03 2.070E-03 1.902E-03 1.681E-04 9.95E-01
1.012E-03 2.004E-03 1.840E-03 1.640E-04 9.95E-01
