w(micron)   Q_ext     Q_abs     Q_sca    g=<cos>
1.000E+03 2.159E-09 2.159E-09 1.036E-22 0.00E+00
9.886E+02 2.208E-09 2.208E-09 1.085E-22 0.00E+00
9.772E+02 2.258E-09 2.258E-09 1.136E-22 0.00E+00
9.661E+02 2.310E-09 2.310E-09 1.190E-22 0.00E+00
9.550E+02 2.363E-09 2.363E-09 1.246E-22 0.00E+00
9.441E+02 2.417E-09 2.417E-09 1.304E-22 0.00E+00
9.333E+02 2.473E-09 2.473E-09 1.366E-22 0.00E+00
9.226E+02 2.529E-09 2.529E-09 1.430E-22 0.00E+00
9.120E+02 2.587E-09 2.587E-09 1.497E-22 0.00E+00
9.016E+02 2.646E-09 2.646E-09 1.568E-22 0.00E+00
8.913E+02 2.707E-09 2.707E-09 1.642E-22 0.00E+00
8.810E+02 2.769E-09 2.769E-09 1.719E-22 0.00E+00
8.710E+02 2.832E-09 2.832E-09 1.800E-22 0.00E+00
8.610E+02 2.897E-09 2.897E-09 1.885E-22 0.00E+00
8.511E+02 2.964E-09 2.964E-09 1.973E-22 0.00E+00
8.414E+02 3.032E-09 3.032E-09 2.066E-22 0.00E+00
8.318E+02 3.101E-09 3.101E-09 2.163E-22 0.00E+00
8.222E+02 3.172E-09 3.172E-09 2.265E-22 0.00E+00
8.128E+02 3.245E-09 3.245E-09 2.372E-22 0.00E+00
8.035E+02 3.320E-09 3.320E-09 2.484E-22 0.00E+00
7.943E+02 3.396E-09 3.396E-09 2.600E-22 0.00E+00
7.852E+02 3.474E-09 3.474E-09 2.723E-22 0.00E+00
7.762E+02 3.553E-09 3.553E-09 2.851E-22 0.00E+00
7.674E+02 3.635E-09 3.635E-09 2.985E-22 0.00E+00
7.586E+02 3.718E-09 3.718E-09 3.126E-22 0.00E+00
7.499E+02 3.804E-09 3.804E-09 3.273E-22 0.00E+00
7.413E+02 3.891E-09 3.891E-09 3.427E-22 0.00E+00
7.328E+02 3.980E-09 3.980E-09 3.588E-22 0.00E+00
7.244E+02 4.072E-09 4.072E-09 3.757E-22 0.00E+00
7.161E+02 4.165E-09 4.165E-09 3.934E-22 0.00E+00
7.079E+02 4.261E-09 4.261E-09 4.119E-22 0.00E+00
6.998E+02 4.359E-09 4.359E-09 4.312E-22 0.00E+00
6.918E+02 4.459E-09 4.459E-09 4.515E-22 0.00E+00
6.839E+02 4.561E-09 4.561E-09 4.728E-22 0.00E+00
6.761E+02 4.666E-09 4.666E-09 4.950E-22 0.00E+00
6.683E+02 4.773E-09 4.773E-09 5.183E-22 0.00E+00
6.607E+02 4.882E-09 4.882E-09 5.427E-22 0.00E+00
6.531E+02 4.994E-09 4.994E-09 5.682E-22 0.00E+00
6.457E+02 5.109E-09 5.109E-09 5.949E-22 0.00E+00
6.383E+02 5.226E-09 5.226E-09 6.229E-22 0.00E+00
6.310E+02 5.346E-09 5.346E-09 6.522E-22 0.00E+00
6.237E+02 5.469E-09 5.469E-09 6.829E-22 0.00E+00
6.166E+02 5.594E-09 5.594E-09 7.150E-22 0.00E+00
6.095E+02 5.722E-09 5.722E-09 7.486E-22 0.00E+00
6.026E+02 5.854E-09 5.854E-09 7.839E-22 0.00E+00
5.957E+02 5.988E-09 5.988E-09 8.207E-22 0.00E+00
5.888E+02 6.125E-09 6.125E-09 8.593E-22 0.00E+00
5.821E+02 6.266E-09 6.266E-09 8.997E-22 0.00E+00
5.754E+02 6.409E-09 6.409E-09 9.420E-22 0.00E+00
5.689E+02 6.556E-09 6.556E-09 9.863E-22 0.00E+00
5.623E+02 6.707E-09 6.707E-09 1.033E-21 0.00E+00
5.559E+02 6.860E-09 6.860E-09 1.081E-21 0.00E+00
5.495E+02 7.018E-09 7.018E-09 1.132E-21 0.00E+00
5.433E+02 7.178E-09 7.178E-09 1.185E-21 0.00E+00
5.370E+02 7.343E-09 7.343E-09 1.241E-21 0.00E+00
5.309E+02 7.511E-09 7.511E-09 1.299E-21 0.00E+00
5.248E+02 7.683E-09 7.683E-09 1.360E-21 0.00E+00
5.188E+02 7.859E-09 7.859E-09 1.424E-21 0.00E+00
5.129E+02 8.039E-09 8.039E-09 1.491E-21 0.00E+00
5.070E+02 8.223E-09 8.223E-09 1.561E-21 0.00E+00
5.012E+02 8.411E-09 8.411E-09 1.635E-21 0.00E+00
4.955E+02 8.603E-09 8.603E-09 1.711E-21 0.00E+00
4.898E+02 8.800E-09 8.800E-09 1.792E-21 0.00E+00
4.842E+02 9.001E-09 9.001E-09 1.876E-21 0.00E+00
4.786E+02 9.207E-09 9.207E-09 1.964E-21 0.00E+00
4.732E+02 9.417E-09 9.417E-09 2.056E-21 0.00E+00
4.677E+02 9.632E-09 9.632E-09 2.153E-21 0.00E+00
4.624E+02 9.852E-09 9.852E-09 2.254E-21 0.00E+00
4.571E+02 1.008E-08 1.008E-08 2.360E-21 0.00E+00
4.519E+02 1.031E-08 1.031E-08 2.471E-21 0.00E+00
4.467E+02 1.054E-08 1.054E-08 2.587E-21 0.00E+00
4.416E+02 1.078E-08 1.078E-08 2.708E-21 0.00E+00
4.365E+02 1.103E-08 1.103E-08 2.835E-21 0.00E+00
4.315E+02 1.128E-08 1.128E-08 2.968E-21 0.00E+00
4.266E+02 1.154E-08 1.154E-08 3.107E-21 0.00E+00
4.217E+02 1.180E-08 1.180E-08 3.253E-21 0.00E+00
4.169E+02 1.207E-08 1.207E-08 3.406E-21 0.00E+00
4.121E+02 1.234E-08 1.234E-08 3.566E-21 0.00E+00
4.074E+02 1.262E-08 1.262E-08 3.733E-21 0.00E+00
4.027E+02 1.291E-08 1.291E-08 3.908E-21 0.00E+00
3.981E+02 1.320E-08 1.320E-08 4.091E-21 0.00E+00
3.936E+02 1.350E-08 1.350E-08 4.283E-21 0.00E+00
3.890E+02 1.381E-08 1.381E-08 4.484E-21 0.00E+00
3.846E+02 1.413E-08 1.413E-08 4.694E-21 0.00E+00
3.802E+02 1.445E-08 1.445E-08 4.914E-21 0.00E+00
3.758E+02 1.477E-08 1.477E-08 5.145E-21 0.00E+00
3.715E+02 1.511E-08 1.511E-08 5.386E-21 0.00E+00
3.673E+02 1.545E-08 1.545E-08 5.638E-21 0.00E+00
3.631E+02 1.580E-08 1.580E-08 5.902E-21 0.00E+00
3.589E+02 1.616E-08 1.616E-08 6.179E-21 0.00E+00
3.548E+02 1.652E-08 1.652E-08 6.468E-21 0.00E+00
3.508E+02 1.690E-08 1.690E-08 6.771E-21 0.00E+00
3.467E+02 1.728E-08 1.728E-08 7.089E-21 0.00E+00
3.428E+02 1.767E-08 1.767E-08 7.421E-21 0.00E+00
3.388E+02 1.807E-08 1.807E-08 7.768E-21 0.00E+00
3.350E+02 1.848E-08 1.848E-08 8.132E-21 0.00E+00
3.311E+02 1.889E-08 1.889E-08 8.512E-21 0.00E+00
3.273E+02 1.932E-08 1.932E-08 8.911E-21 0.00E+00
3.236E+02 1.975E-08 1.975E-08 9.328E-21 0.00E+00
3.199E+02 2.020E-08 2.020E-08 9.764E-21 0.00E+00
3.162E+02 2.065E-08 2.065E-08 1.022E-20 0.00E+00
3.126E+02 2.112E-08 2.112E-08 1.070E-20 0.00E+00
3.090E+02 2.159E-08 2.159E-08 1.120E-20 0.00E+00
3.055E+02 2.207E-08 2.207E-08 1.172E-20 0.00E+00
3.020E+02 2.257E-08 2.257E-08 1.227E-20 0.00E+00
2.985E+02 2.308E-08 2.308E-08 1.284E-20 0.00E+00
2.951E+02 2.359E-08 2.359E-08 1.345E-20 0.00E+00
2.917E+02 2.412E-08 2.412E-08 1.407E-20 0.00E+00
2.884E+02 2.466E-08 2.466E-08 1.473E-20 0.00E+00
2.851E+02 2.521E-08 2.521E-08 1.542E-20 0.00E+00
2.818E+02 2.577E-08 2.577E-08 1.614E-20 0.00E+00
2.786E+02 2.635E-08 2.635E-08 1.689E-20 0.00E+00
2.754E+02 2.693E-08 2.693E-08 1.768E-20 0.00E+00
2.723E+02 2.753E-08 2.753E-08 1.851E-20 0.00E+00
2.692E+02 2.815E-08 2.815E-08 1.937E-20 0.00E+00
2.661E+02 2.877E-08 2.877E-08 2.027E-20 0.00E+00
2.630E+02 2.941E-08 2.941E-08 2.122E-20 0.00E+00
2.600E+02 3.006E-08 3.006E-08 2.221E-20 0.00E+00
2.570E+02 3.073E-08 3.073E-08 2.325E-20 0.00E+00
2.541E+02 3.141E-08 3.141E-08 2.433E-20 0.00E+00
2.512E+02 3.210E-08 3.210E-08 2.546E-20 0.00E+00
2.483E+02 3.281E-08 3.281E-08 2.665E-20 0.00E+00
2.455E+02 3.354E-08 3.354E-08 2.789E-20 0.00E+00
2.427E+02 3.428E-08 3.428E-08 2.919E-20 0.00E+00
2.399E+02 3.503E-08 3.503E-08 3.055E-20 0.00E+00
2.371E+02 3.580E-08 3.580E-08 3.197E-20 0.00E+00
2.344E+02 3.659E-08 3.659E-08 3.346E-20 0.00E+00
2.317E+02 3.739E-08 3.739E-08 3.502E-20 0.00E+00
2.291E+02 3.821E-08 3.821E-08 3.665E-20 0.00E+00
2.265E+02 3.905E-08 3.905E-08 3.835E-20 0.00E+00
2.239E+02 3.990E-08 3.990E-08 4.014E-20 0.00E+00
2.213E+02 4.077E-08 4.077E-08 4.200E-20 0.00E+00
2.188E+02 4.166E-08 4.166E-08 4.396E-20 0.00E+00
2.163E+02 4.257E-08 4.257E-08 4.600E-20 0.00E+00
2.138E+02 4.350E-08 4.350E-08 4.814E-20 0.00E+00
2.113E+02 4.445E-08 4.445E-08 5.037E-20 0.00E+00
2.089E+02 4.541E-08 4.541E-08 5.271E-20 0.00E+00
2.065E+02 4.640E-08 4.640E-08 5.516E-20 0.00E+00
2.042E+02 4.740E-08 4.740E-08 5.772E-20 0.00E+00
2.018E+02 4.843E-08 4.843E-08 6.039E-20 0.00E+00
1.995E+02 4.947E-08 4.947E-08 6.320E-20 0.00E+00
1.972E+02 5.054E-08 5.054E-08 6.613E-20 0.00E+00
1.950E+02 5.163E-08 5.163E-08 6.919E-20 0.00E+00
1.928E+02 5.274E-08 5.274E-08 7.240E-20 0.00E+00
1.905E+02 5.387E-08 5.387E-08 7.575E-20 0.00E+00
1.884E+02 5.503E-08 5.503E-08 7.926E-20 0.00E+00
1.862E+02 5.621E-08 5.621E-08 8.293E-20 0.00E+00
1.841E+02 5.741E-08 5.741E-08 8.677E-20 0.00E+00
1.820E+02 5.864E-08 5.864E-08 9.079E-20 0.00E+00
1.799E+02 5.989E-08 5.989E-08 9.499E-20 0.00E+00
1.778E+02 6.117E-08 6.117E-08 9.938E-20 0.00E+00
1.758E+02 6.247E-08 6.247E-08 1.040E-19 0.00E+00
1.738E+02 6.380E-08 6.380E-08 1.088E-19 0.00E+00
1.718E+02 6.515E-08 6.515E-08 1.138E-19 0.00E+00
1.698E+02 6.653E-08 6.653E-08 1.191E-19 0.00E+00
1.679E+02 6.794E-08 6.794E-08 1.246E-19 0.00E+00
1.660E+02 6.938E-08 6.938E-08 1.303E-19 0.00E+00
1.641E+02 7.084E-08 7.084E-08 1.363E-19 0.00E+00
1.622E+02 7.233E-08 7.233E-08 1.426E-19 0.00E+00
1.603E+02 7.385E-08 7.385E-08 1.492E-19 0.00E+00
1.585E+02 7.540E-08 7.540E-08 1.561E-19 0.00E+00
1.567E+02 7.698E-08 7.698E-08 1.633E-19 0.00E+00
1.549E+02 7.859E-08 7.859E-08 1.708E-19 0.00E+00
1.531E+02 8.023E-08 8.023E-08 1.787E-19 0.00E+00
1.514E+02 8.190E-08 8.190E-08 1.869E-19 0.00E+00
1.496E+02 8.361E-08 8.361E-08 1.955E-19 0.00E+00
1.479E+02 8.535E-08 8.535E-08 2.045E-19 0.00E+00
1.462E+02 8.712E-08 8.712E-08 2.139E-19 0.00E+00
1.445E+02 8.893E-08 8.893E-08 2.237E-19 0.00E+00
1.429E+02 9.077E-08 9.077E-08 2.340E-19 0.00E+00
1.413E+02 9.264E-08 9.264E-08 2.448E-19 0.00E+00
1.396E+02 9.456E-08 9.456E-08 2.560E-19 0.00E+00
1.380E+02 9.650E-08 9.650E-08 2.677E-19 0.00E+00
1.365E+02 9.849E-08 9.849E-08 2.800E-19 0.00E+00
1.349E+02 1.005E-07 1.005E-07 2.929E-19 0.00E+00
1.334E+02 1.026E-07 1.026E-07 3.063E-19 0.00E+00
1.318E+02 1.047E-07 1.047E-07 3.204E-19 0.00E+00
1.303E+02 1.068E-07 1.068E-07 3.351E-19 0.00E+00
1.288E+02 1.090E-07 1.090E-07 3.504E-19 0.00E+00
1.274E+02 1.112E-07 1.112E-07 3.665E-19 0.00E+00
1.259E+02 1.135E-07 1.135E-07 3.833E-19 0.00E+00
1.245E+02 1.158E-07 1.158E-07 4.008E-19 0.00E+00
1.230E+02 1.182E-07 1.182E-07 4.191E-19 0.00E+00
1.216E+02 1.206E-07 1.206E-07 4.383E-19 0.00E+00
1.202E+02 1.230E-07 1.230E-07 4.584E-19 0.00E+00
1.189E+02 1.255E-07 1.255E-07 4.793E-19 0.00E+00
1.175E+02 1.280E-07 1.280E-07 5.012E-19 0.00E+00
1.161E+02 1.306E-07 1.306E-07 5.241E-19 0.00E+00
1.148E+02 1.333E-07 1.333E-07 5.481E-19 0.00E+00
1.135E+02 1.359E-07 1.359E-07 5.731E-19 0.00E+00
1.122E+02 1.387E-07 1.387E-07 5.993E-19 0.00E+00
1.109E+02 1.415E-07 1.415E-07 6.266E-19 0.00E+00
1.096E+02 1.443E-07 1.443E-07 6.552E-19 0.00E+00
1.084E+02 1.472E-07 1.472E-07 6.851E-19 0.00E+00
1.072E+02 1.502E-07 1.502E-07 7.163E-19 0.00E+00
1.059E+02 1.532E-07 1.532E-07 7.490E-19 0.00E+00
1.047E+02 1.563E-07 1.563E-07 7.831E-19 0.00E+00
1.035E+02 1.594E-07 1.594E-07 8.188E-19 0.00E+00
1.023E+02 1.626E-07 1.626E-07 8.561E-19 0.00E+00
1.012E+02 1.659E-07 1.659E-07 8.950E-19 0.00E+00
1.000E+02 1.692E-07 1.692E-07 9.358E-19 0.00E+00
9.886E+01 1.726E-07 1.726E-07 9.784E-19 0.00E+00
9.772E+01 1.760E-07 1.760E-07 1.023E-18 0.00E+00
9.661E+01 1.796E-07 1.796E-07 1.069E-18 0.00E+00
9.550E+01 1.832E-07 1.832E-07 1.118E-18 0.00E+00
9.441E+01 1.868E-07 1.868E-07 1.169E-18 0.00E+00
9.333E+01 1.906E-07 1.906E-07 1.222E-18 0.00E+00
9.226E+01 1.944E-07 1.944E-07 1.277E-18 0.00E+00
9.120E+01 1.983E-07 1.983E-07 1.335E-18 0.00E+00
9.016E+01 2.022E-07 2.022E-07 1.396E-18 0.00E+00
8.913E+01 2.063E-07 2.063E-07 1.460E-18 0.00E+00
8.810E+01 2.104E-07 2.104E-07 1.526E-18 0.00E+00
8.710E+01 2.146E-07 2.146E-07 1.595E-18 0.00E+00
8.610E+01 2.189E-07 2.189E-07 1.667E-18 0.00E+00
8.511E+01 2.233E-07 2.233E-07 1.743E-18 0.00E+00
8.414E+01 2.278E-07 2.278E-07 1.822E-18 0.00E+00
8.318E+01 2.324E-07 2.324E-07 1.905E-18 0.00E+00
8.222E+01 2.371E-07 2.371E-07 1.991E-18 0.00E+00
8.128E+01 2.420E-07 2.420E-07 2.082E-18 0.00E+00
8.035E+01 2.469E-07 2.469E-07 2.176E-18 0.00E+00
7.943E+01 2.519E-07 2.519E-07 2.275E-18 0.00E+00
7.852E+01 2.570E-07 2.570E-07 2.378E-18 0.00E+00
7.762E+01 2.623E-07 2.623E-07 2.486E-18 0.00E+00
7.674E+01 2.676E-07 2.676E-07 2.599E-18 0.00E+00
7.586E+01 2.731E-07 2.731E-07 2.717E-18 0.00E+00
7.499E+01 2.788E-07 2.788E-07 2.840E-18 0.00E+00
7.413E+01 2.845E-07 2.845E-07 2.969E-18 0.00E+00
7.328E+01 2.904E-07 2.904E-07 3.103E-18 0.00E+00
7.244E+01 2.965E-07 2.965E-07 3.244E-18 0.00E+00
7.161E+01 3.027E-07 3.027E-07 3.391E-18 0.00E+00
7.079E+01 3.090E-07 3.090E-07 3.545E-18 0.00E+00
6.998E+01 3.155E-07 3.155E-07 3.706E-18 0.00E+00
6.918E+01 3.222E-07 3.222E-07 3.874E-18 0.00E+00
6.839E+01 3.290E-07 3.290E-07 4.050E-18 0.00E+00
6.761E+01 3.361E-07 3.361E-07 4.234E-18 0.00E+00
6.683E+01 3.433E-07 3.433E-07 4.426E-18 0.00E+00
6.607E+01 3.507E-07 3.507E-07 4.627E-18 0.00E+00
6.531E+01 3.583E-07 3.583E-07 4.837E-18 0.00E+00
6.457E+01 3.661E-07 3.661E-07 5.056E-18 0.00E+00
6.383E+01 3.741E-07 3.741E-07 5.286E-18 0.00E+00
6.310E+01 3.823E-07 3.823E-07 5.526E-18 0.00E+00
6.237E+01 3.908E-07 3.908E-07 5.777E-18 0.00E+00
6.166E+01 3.995E-07 3.995E-07 6.039E-18 0.00E+00
6.095E+01 4.085E-07 4.085E-07 6.314E-18 0.00E+00
6.026E+01 4.177E-07 4.177E-07 6.601E-18 0.00E+00
5.957E+01 4.272E-07 4.272E-07 6.901E-18 0.00E+00
5.888E+01 4.370E-07 4.370E-07 7.215E-18 0.00E+00
5.821E+01 4.471E-07 4.471E-07 7.543E-18 0.00E+00
5.754E+01 4.575E-07 4.575E-07 7.886E-18 0.00E+00
5.689E+01 4.682E-07 4.682E-07 8.245E-18 0.00E+00
5.623E+01 4.793E-07 4.793E-07 8.621E-18 0.00E+00
5.559E+01 4.907E-07 4.907E-07 9.013E-18 0.00E+00
5.495E+01 5.024E-07 5.024E-07 9.424E-18 0.00E+00
5.433E+01 5.146E-07 5.146E-07 9.853E-18 0.00E+00
5.370E+01 5.272E-07 5.272E-07 1.030E-17 0.00E+00
5.309E+01 5.401E-07 5.401E-07 1.077E-17 0.00E+00
5.248E+01 5.535E-07 5.535E-07 1.126E-17 0.00E+00
5.188E+01 5.674E-07 5.674E-07 1.178E-17 0.00E+00
5.129E+01 5.817E-07 5.817E-07 1.232E-17 0.00E+00
5.070E+01 5.965E-07 5.965E-07 1.288E-17 0.00E+00
5.012E+01 6.119E-07 6.119E-07 1.347E-17 0.00E+00
4.955E+01 6.278E-07 6.278E-07 1.408E-17 0.00E+00
4.898E+01 6.443E-07 6.443E-07 1.472E-17 0.00E+00
4.842E+01 6.613E-07 6.613E-07 1.540E-17 0.00E+00
4.786E+01 6.790E-07 6.790E-07 1.610E-17 0.00E+00
4.732E+01 6.973E-07 6.973E-07 1.684E-17 0.00E+00
4.677E+01 7.163E-07 7.163E-07 1.761E-17 0.00E+00
4.624E+01 7.360E-07 7.360E-07 1.842E-17 0.00E+00
4.571E+01 7.564E-07 7.564E-07 1.926E-17 0.00E+00
4.519E+01 7.776E-07 7.776E-07 2.014E-17 0.00E+00
4.467E+01 7.995E-07 7.995E-07 2.107E-17 0.00E+00
4.416E+01 8.223E-07 8.223E-07 2.203E-17 0.00E+00
4.365E+01 8.460E-07 8.460E-07 2.304E-17 0.00E+00
4.315E+01 8.706E-07 8.706E-07 2.410E-17 0.00E+00
4.266E+01 8.961E-07 8.961E-07 2.521E-17 0.00E+00
4.217E+01 9.225E-07 9.225E-07 2.636E-17 0.00E+00
4.169E+01 9.500E-07 9.500E-07 2.758E-17 0.00E+00
4.121E+01 9.785E-07 9.785E-07 2.884E-17 0.00E+00
4.074E+01 1.008E-06 1.008E-06 3.017E-17 0.00E+00
4.027E+01 1.039E-06 1.039E-06 3.156E-17 0.00E+00
3.981E+01 1.071E-06 1.071E-06 3.301E-17 0.00E+00
3.936E+01 1.104E-06 1.104E-06 3.453E-17 0.00E+00
3.890E+01 1.138E-06 1.138E-06 3.612E-17 0.00E+00
3.846E+01 1.174E-06 1.174E-06 3.778E-17 0.00E+00
3.802E+01 1.210E-06 1.210E-06 3.952E-17 0.00E+00
3.758E+01 1.249E-06 1.249E-06 4.135E-17 0.00E+00
3.715E+01 1.288E-06 1.288E-06 4.325E-17 0.00E+00
3.673E+01 1.329E-06 1.329E-06 4.525E-17 0.00E+00
3.631E+01 1.371E-06 1.371E-06 4.734E-17 0.00E+00
3.589E+01 1.415E-06 1.415E-06 4.952E-17 0.00E+00
3.548E+01 1.460E-06 1.460E-06 5.181E-17 0.00E+00
3.508E+01 1.506E-06 1.506E-06 5.421E-17 0.00E+00
3.467E+01 1.554E-06 1.554E-06 5.672E-17 0.00E+00
3.428E+01 1.603E-06 1.603E-06 5.934E-17 0.00E+00
3.388E+01 1.653E-06 1.653E-06 6.209E-17 0.00E+00
3.350E+01 1.704E-06 1.704E-06 6.496E-17 0.00E+00
3.311E+01 1.757E-06 1.757E-06 6.797E-17 0.00E+00
3.273E+01 1.810E-06 1.810E-06 7.112E-17 0.00E+00
3.236E+01 1.864E-06 1.864E-06 7.442E-17 0.00E+00
3.199E+01 1.919E-06 1.919E-06 7.787E-17 0.00E+00
3.162E+01 1.975E-06 1.975E-06 8.148E-17 0.00E+00
3.126E+01 2.031E-06 2.031E-06 8.527E-17 0.00E+00
3.090E+01 2.087E-06 2.087E-06 8.923E-17 0.00E+00
3.055E+01 2.143E-06 2.143E-06 9.337E-17 0.00E+00
3.020E+01 2.199E-06 2.199E-06 9.771E-17 0.00E+00
2.985E+01 2.255E-06 2.255E-06 1.022E-16 0.00E+00
2.951E+01 2.310E-06 2.310E-06 1.070E-16 0.00E+00
2.917E+01 2.364E-06 2.364E-06 1.120E-16 0.00E+00
2.884E+01 2.418E-06 2.418E-06 1.172E-16 0.00E+00
2.851E+01 2.470E-06 2.470E-06 1.226E-16 0.00E+00
2.818E+01 2.521E-06 2.521E-06 1.283E-16 0.00E+00
2.786E+01 2.572E-06 2.572E-06 1.343E-16 0.00E+00
2.754E+01 2.621E-06 2.621E-06 1.406E-16 0.00E+00
2.723E+01 2.671E-06 2.671E-06 1.471E-16 0.00E+00
2.692E+01 2.721E-06 2.721E-06 1.539E-16 0.00E+00
2.661E+01 2.772E-06 2.772E-06 1.611E-16 0.00E+00
2.630E+01 2.826E-06 2.826E-06 1.686E-16 0.00E+00
2.600E+01 2.887E-06 2.887E-06 1.765E-16 0.00E+00
2.570E+01 2.956E-06 2.956E-06 1.847E-16 0.00E+00
2.541E+01 3.041E-06 3.041E-06 1.933E-16 0.00E+00
2.512E+01 3.151E-06 3.151E-06 2.023E-16 0.00E+00
2.483E+01 3.300E-06 3.300E-06 2.117E-16 0.00E+00
2.455E+01 3.517E-06 3.517E-06 2.216E-16 0.00E+00
2.427E+01 3.852E-06 3.852E-06 2.319E-16 0.00E+00
2.399E+01 4.404E-06 4.404E-06 2.427E-16 0.00E+00
2.371E+01 5.361E-06 5.361E-06 2.540E-16 0.00E+00
2.344E+01 6.938E-06 6.938E-06 2.658E-16 0.00E+00
2.317E+01 8.544E-06 8.544E-06 2.782E-16 0.00E+00
2.291E+01 8.308E-06 8.308E-06 2.912E-16 0.00E+00
2.265E+01 7.097E-06 7.097E-06 3.047E-16 0.00E+00
2.239E+01 6.614E-06 6.614E-06 3.190E-16 0.00E+00
2.213E+01 7.175E-06 7.175E-06 3.339E-16 0.00E+00
2.188E+01 9.139E-06 9.139E-06 3.494E-16 0.00E+00
2.163E+01 1.364E-05 1.364E-05 3.657E-16 0.00E+00
2.138E+01 2.165E-05 2.165E-05 3.828E-16 0.00E+00
2.113E+01 2.468E-05 2.468E-05 4.007E-16 0.00E+00
2.089E+01 1.675E-05 1.675E-05 4.194E-16 0.00E+00
2.065E+01 1.024E-05 1.024E-05 4.390E-16 0.00E+00
2.042E+01 6.917E-06 6.917E-06 4.595E-16 0.00E+00
2.018E+01 5.213E-06 5.213E-06 4.809E-16 0.00E+00
1.995E+01 4.276E-06 4.276E-06 5.033E-16 0.00E+00
1.972E+01 3.740E-06 3.740E-06 5.268E-16 0.00E+00
1.950E+01 3.451E-06 3.451E-06 5.514E-16 0.00E+00
1.928E+01 3.363E-06 3.363E-06 5.771E-16 0.00E+00
1.905E+01 3.518E-06 3.518E-06 6.040E-16 0.00E+00
1.884E+01 4.145E-06 4.145E-06 6.322E-16 0.00E+00
1.862E+01 6.181E-06 6.181E-06 6.617E-16 0.00E+00
1.841E+01 1.433E-05 1.433E-05 6.927E-16 0.00E+00
1.820E+01 2.295E-05 2.295E-05 7.250E-16 0.00E+00
1.799E+01 8.628E-06 8.628E-06 7.589E-16 0.00E+00
1.778E+01 4.571E-06 4.571E-06 7.944E-16 0.00E+00
1.758E+01 3.332E-06 3.332E-06 8.316E-16 0.00E+00
1.738E+01 2.857E-06 2.857E-06 8.705E-16 0.00E+00
1.718E+01 2.709E-06 2.709E-06 9.112E-16 0.00E+00
1.698E+01 2.832E-06 2.832E-06 9.538E-16 0.00E+00
1.679E+01 3.522E-06 3.522E-06 9.984E-16 0.00E+00
1.660E+01 7.069E-06 7.069E-06 1.045E-15 0.00E+00
1.641E+01 3.692E-05 3.692E-05 1.094E-15 0.00E+00
1.622E+01 7.578E-06 7.578E-06 1.145E-15 0.00E+00
1.603E+01 3.487E-06 3.487E-06 1.199E-15 0.00E+00
1.585E+01 2.644E-06 2.644E-06 1.255E-15 0.00E+00
1.567E+01 2.364E-06 2.364E-06 1.314E-15 0.00E+00
1.549E+01 2.262E-06 2.262E-06 1.375E-15 0.00E+00
1.531E+01 2.241E-06 2.241E-06 1.440E-15 0.00E+00
1.514E+01 2.269E-06 2.269E-06 1.507E-15 0.00E+00
1.496E+01 2.335E-06 2.335E-06 1.578E-15 0.00E+00
1.479E+01 2.436E-06 2.436E-06 1.652E-15 0.00E+00
1.462E+01 2.577E-06 2.577E-06 1.730E-15 0.00E+00
1.445E+01 2.764E-06 2.764E-06 1.811E-15 0.00E+00
1.429E+01 3.010E-06 3.010E-06 1.896E-15 0.00E+00
1.413E+01 3.334E-06 3.334E-06 1.985E-15 0.00E+00
1.396E+01 3.766E-06 3.766E-06 2.078E-15 0.00E+00
1.380E+01 4.354E-06 4.354E-06 2.175E-15 0.00E+00
1.365E+01 5.174E-06 5.174E-06 2.277E-15 0.00E+00
1.349E+01 6.352E-06 6.352E-06 2.384E-15 0.00E+00
1.334E+01 8.097E-06 8.097E-06 2.496E-15 0.00E+00
1.318E+01 1.073E-05 1.073E-05 2.613E-15 0.00E+00
1.303E+01 1.463E-05 1.463E-05 2.735E-15 0.00E+00
1.288E+01 1.957E-05 1.957E-05 2.864E-15 0.00E+00
1.274E+01 2.329E-05 2.329E-05 2.998E-15 0.00E+00
1.259E+01 2.268E-05 2.268E-05 3.139E-15 0.00E+00
1.245E+01 1.932E-05 1.932E-05 3.286E-15 0.00E+00
1.230E+01 1.689E-05 1.689E-05 3.441E-15 0.00E+00
1.216E+01 1.755E-05 1.755E-05 3.602E-15 0.00E+00
1.202E+01 2.438E-05 2.438E-05 3.772E-15 0.00E+00
1.189E+01 3.375E-05 3.375E-05 3.953E-15 0.00E+00
1.175E+01 2.779E-05 2.779E-05 4.146E-15 0.00E+00
1.161E+01 3.138E-05 3.138E-05 4.359E-15 0.00E+00
1.148E+01 4.977E-05 4.977E-05 4.442E-15 0.00E+00
1.135E+01 7.987E-05 7.987E-05 4.715E-15 0.00E+00
1.122E+01 7.282E-05 7.282E-05 4.944E-15 0.00E+00
1.109E+01 4.130E-05 4.130E-05 5.183E-15 0.00E+00
1.096E+01 2.346E-05 2.346E-05 5.430E-15 0.00E+00
1.084E+01 1.496E-05 1.496E-05 5.687E-15 0.00E+00
1.072E+01 1.057E-05 1.057E-05 5.955E-15 0.00E+00
1.059E+01 8.090E-06 8.090E-06 6.235E-15 0.00E+00
1.047E+01 6.587E-06 6.587E-06 6.526E-15 0.00E+00
1.035E+01 5.634E-06 5.634E-06 6.832E-15 0.00E+00
1.023E+01 5.015E-06 5.015E-06 7.152E-15 0.00E+00
1.012E+01 4.619E-06 4.619E-06 7.488E-15 0.00E+00
1.000E+01 4.381E-06 4.381E-06 7.840E-15 0.00E+00
9.886E+00 4.266E-06 4.266E-06 8.208E-15 0.00E+00
9.772E+00 4.256E-06 4.256E-06 8.593E-15 0.00E+00
9.661E+00 4.347E-06 4.347E-06 8.998E-15 0.00E+00
9.550E+00 4.543E-06 4.543E-06 9.420E-15 0.00E+00
9.441E+00 4.864E-06 4.864E-06 9.862E-15 0.00E+00
9.333E+00 5.348E-06 5.348E-06 1.032E-14 0.00E+00
9.226E+00 6.062E-06 6.062E-06 1.081E-14 0.00E+00
9.120E+00 7.132E-06 7.132E-06 1.132E-14 0.00E+00
9.016E+00 8.800E-06 8.800E-06 1.185E-14 0.00E+00
8.913E+00 1.154E-05 1.154E-05 1.240E-14 0.00E+00
8.810E+00 1.620E-05 1.620E-05 1.298E-14 0.00E+00
8.710E+00 2.348E-05 2.348E-05 1.359E-14 0.00E+00
8.610E+00 2.948E-05 2.948E-05 1.423E-14 0.00E+00
8.511E+00 2.687E-05 2.687E-05 1.490E-14 0.00E+00
8.414E+00 2.140E-05 2.140E-05 1.559E-14 0.00E+00
8.318E+00 1.868E-05 1.868E-05 1.632E-14 0.00E+00
8.222E+00 1.866E-05 1.866E-05 1.709E-14 0.00E+00
8.128E+00 2.065E-05 2.065E-05 1.789E-14 0.00E+00
8.035E+00 2.439E-05 2.439E-05 1.872E-14 0.00E+00
7.943E+00 2.964E-05 2.964E-05 1.960E-14 0.00E+00
7.852E+00 3.561E-05 3.561E-05 2.052E-14 0.00E+00
7.762E+00 4.028E-05 4.028E-05 2.147E-14 0.00E+00
7.674E+00 4.108E-05 4.108E-05 2.248E-14 0.00E+00
7.586E+00 3.736E-05 3.736E-05 2.353E-14 0.00E+00
7.499E+00 3.119E-05 3.119E-05 2.463E-14 0.00E+00
7.413E+00 2.496E-05 2.496E-05 2.579E-14 0.00E+00
7.328E+00 1.981E-05 1.981E-05 2.699E-14 0.00E+00
7.244E+00 1.589E-05 1.589E-05 2.826E-14 0.00E+00
7.161E+00 1.301E-05 1.301E-05 2.958E-14 0.00E+00
7.079E+00 1.092E-05 1.092E-05 3.097E-14 0.00E+00
6.998E+00 9.420E-06 9.420E-06 3.241E-14 0.00E+00
6.918E+00 8.375E-06 8.375E-06 3.393E-14 0.00E+00
6.839E+00 7.697E-06 7.697E-06 3.552E-14 0.00E+00
6.761E+00 7.352E-06 7.352E-06 3.718E-14 0.00E+00
6.683E+00 7.353E-06 7.353E-06 3.892E-14 0.00E+00
6.607E+00 7.783E-06 7.783E-06 4.074E-14 0.00E+00
6.531E+00 8.839E-06 8.839E-06 4.264E-14 0.00E+00
6.457E+00 1.094E-05 1.094E-05 4.463E-14 0.00E+00
6.383E+00 1.488E-05 1.488E-05 4.671E-14 0.00E+00
6.310E+00 2.169E-05 2.169E-05 4.889E-14 0.00E+00
6.237E+00 2.970E-05 2.970E-05 5.120E-14 0.00E+00
6.166E+00 2.978E-05 2.978E-05 5.358E-14 0.00E+00
6.095E+00 2.155E-05 2.155E-05 5.608E-14 0.00E+00
6.026E+00 1.424E-05 1.424E-05 5.870E-14 0.00E+00
5.957E+00 9.804E-06 9.804E-06 6.144E-14 0.00E+00
5.888E+00 7.216E-06 7.216E-06 6.431E-14 0.00E+00
5.821E+00 5.637E-06 5.637E-06 6.731E-14 0.00E+00
5.754E+00 4.618E-06 4.618E-06 7.046E-14 0.00E+00
5.689E+00 3.924E-06 3.924E-06 7.374E-14 0.00E+00
5.623E+00 3.430E-06 3.430E-06 7.718E-14 0.00E+00
5.559E+00 3.067E-06 3.067E-06 8.078E-14 0.00E+00
5.495E+00 2.791E-06 2.791E-06 8.455E-14 0.00E+00
5.433E+00 2.576E-06 2.576E-06 8.849E-14 0.00E+00
5.370E+00 2.406E-06 2.406E-06 9.262E-14 0.00E+00
5.309E+00 2.269E-06 2.269E-06 9.693E-14 0.00E+00
5.248E+00 2.157E-06 2.157E-06 1.014E-13 0.00E+00
5.188E+00 2.065E-06 2.065E-06 1.062E-13 0.00E+00
5.129E+00 1.988E-06 1.988E-06 1.111E-13 0.00E+00
5.070E+00 1.925E-06 1.925E-06 1.163E-13 0.00E+00
5.012E+00 1.871E-06 1.871E-06 1.217E-13 0.00E+00
4.955E+00 1.826E-06 1.826E-06 1.274E-13 0.00E+00
4.898E+00 1.789E-06 1.789E-06 1.333E-13 0.00E+00
4.842E+00 1.757E-06 1.757E-06 1.395E-13 0.00E+00
4.786E+00 1.731E-06 1.731E-06 1.460E-13 0.00E+00
4.732E+00 1.710E-06 1.710E-06 1.528E-13 0.00E+00
4.677E+00 1.694E-06 1.694E-06 1.599E-13 0.00E+00
4.624E+00 1.681E-06 1.681E-06 1.673E-13 0.00E+00
4.571E+00 1.671E-06 1.671E-06 1.751E-13 0.00E+00
4.519E+00 1.665E-06 1.665E-06 1.833E-13 0.00E+00
4.467E+00 1.661E-06 1.661E-06 1.918E-13 0.00E+00
4.416E+00 1.660E-06 1.660E-06 2.007E-13 0.00E+00
4.365E+00 1.662E-06 1.662E-06 2.101E-13 0.00E+00
4.315E+00 1.666E-06 1.666E-06 2.198E-13 0.00E+00
4.266E+00 1.672E-06 1.672E-06 2.300E-13 0.00E+00
4.217E+00 1.681E-06 1.681E-06 2.407E-13 0.00E+00
4.169E+00 1.692E-06 1.692E-06 2.519E-13 0.00E+00
4.121E+00 1.706E-06 1.706E-06 2.636E-13 0.00E+00
4.074E+00 1.722E-06 1.722E-06 2.759E-13 0.00E+00
4.027E+00 1.741E-06 1.741E-06 2.887E-13 0.00E+00
3.981E+00 1.762E-06 1.762E-06 3.021E-13 0.00E+00
3.936E+00 1.788E-06 1.788E-06 3.161E-13 0.00E+00
3.890E+00 1.817E-06 1.817E-06 3.308E-13 0.00E+00
3.846E+00 1.851E-06 1.851E-06 3.462E-13 0.00E+00
3.802E+00 1.891E-06 1.891E-06 3.622E-13 0.00E+00
3.758E+00 1.939E-06 1.939E-06 3.791E-13 0.00E+00
3.715E+00 1.998E-06 1.998E-06 3.967E-13 0.00E+00
3.673E+00 2.072E-06 2.072E-06 4.151E-13 0.00E+00
3.631E+00 2.168E-06 2.168E-06 4.344E-13 0.00E+00
3.589E+00 2.299E-06 2.299E-06 4.546E-13 0.00E+00
3.548E+00 2.488E-06 2.488E-06 4.757E-13 0.00E+00
3.508E+00 2.779E-06 2.779E-06 4.977E-13 0.00E+00
3.467E+00 3.277E-06 3.277E-06 5.208E-13 0.00E+00
3.428E+00 4.256E-06 4.256E-06 5.450E-13 0.00E+00
3.388E+00 6.654E-06 6.654E-06 5.703E-13 0.00E+00
3.350E+00 1.536E-05 1.536E-05 5.967E-13 0.00E+00
3.311E+00 7.387E-05 7.387E-05 6.244E-13 0.00E+00
3.273E+00 3.608E-05 3.608E-05 6.533E-13 0.00E+00
3.236E+00 1.030E-05 1.030E-05 6.837E-13 0.00E+00
3.199E+00 5.525E-06 5.525E-06 7.154E-13 0.00E+00
3.162E+00 3.964E-06 3.964E-06 7.484E-13 0.00E+00
3.126E+00 3.293E-06 3.293E-06 7.831E-13 0.00E+00
3.090E+00 2.952E-06 2.952E-06 8.194E-13 0.00E+00
3.055E+00 2.764E-06 2.764E-06 8.574E-13 0.00E+00
3.020E+00 2.657E-06 2.657E-06 8.971E-13 0.00E+00
2.985E+00 2.596E-06 2.596E-06 9.387E-13 0.00E+00
2.951E+00 2.563E-06 2.563E-06 9.821E-13 0.00E+00
2.917E+00 2.549E-06 2.549E-06 1.028E-12 0.00E+00
2.884E+00 2.548E-06 2.548E-06 1.075E-12 0.00E+00
2.851E+00 2.556E-06 2.556E-06 1.125E-12 0.00E+00
2.818E+00 2.572E-06 2.572E-06 1.177E-12 0.00E+00
2.786E+00 2.592E-06 2.592E-06 1.231E-12 0.00E+00
2.754E+00 2.617E-06 2.617E-06 1.288E-12 0.00E+00
2.723E+00 2.646E-06 2.646E-06 1.348E-12 0.00E+00
2.692E+00 2.677E-06 2.677E-06 1.410E-12 0.00E+00
2.661E+00 2.710E-06 2.710E-06 1.476E-12 0.00E+00
2.630E+00 2.746E-06 2.746E-06 1.544E-12 0.00E+00
2.600E+00 2.784E-06 2.784E-06 1.615E-12 0.00E+00
2.570E+00 2.822E-06 2.822E-06 1.689E-12 0.00E+00
2.541E+00 2.862E-06 2.862E-06 1.767E-12 0.00E+00
2.512E+00 2.904E-06 2.904E-06 1.849E-12 0.00E+00
2.483E+00 2.947E-06 2.947E-06 1.934E-12 4.43E-07
2.455E+00 2.992E-06 2.992E-06 2.024E-12 4.52E-07
2.427E+00 3.038E-06 3.038E-06 2.117E-12 4.61E-07
2.399E+00 3.086E-06 3.086E-06 2.215E-12 4.71E-07
2.371E+00 3.134E-06 3.134E-06 2.317E-12 4.80E-07
2.344E+00 3.185E-06 3.185E-06 2.424E-12 4.89E-07
2.317E+00 3.236E-06 3.236E-06 2.536E-12 4.99E-07
2.291E+00 3.289E-06 3.289E-06 2.653E-12 5.09E-07
2.265E+00 3.342E-06 3.342E-06 2.776E-12 5.19E-07
2.239E+00 3.398E-06 3.398E-06 2.904E-12 5.29E-07
2.213E+00 3.454E-06 3.454E-06 3.038E-12 5.40E-07
2.188E+00 3.512E-06 3.512E-06 3.179E-12 5.50E-07
2.163E+00 3.571E-06 3.571E-06 3.326E-12 5.61E-07
2.138E+00 3.632E-06 3.632E-06 3.479E-12 5.72E-07
2.113E+00 3.693E-06 3.693E-06 3.640E-12 5.84E-07
2.089E+00 3.755E-06 3.755E-06 3.807E-12 5.95E-07
2.065E+00 3.818E-06 3.818E-06 3.983E-12 6.07E-07
2.042E+00 3.882E-06 3.882E-06 4.167E-12 6.19E-07
2.018E+00 3.948E-06 3.948E-06 4.359E-12 6.31E-07
1.995E+00 4.015E-06 4.015E-06 4.560E-12 6.44E-07
1.972E+00 4.084E-06 4.084E-06 4.770E-12 6.57E-07
1.950E+00 4.154E-06 4.154E-06 4.990E-12 6.70E-07
1.928E+00 4.226E-06 4.226E-06 5.221E-12 6.83E-07
1.905E+00 4.299E-06 4.299E-06 5.461E-12 6.97E-07
1.884E+00 4.373E-06 4.373E-06 5.713E-12 7.10E-07
1.862E+00 4.449E-06 4.449E-06 5.977E-12 7.24E-07
1.841E+00 4.527E-06 4.527E-06 6.253E-12 7.38E-07
1.820E+00 4.606E-06 4.606E-06 6.541E-12 7.52E-07
1.799E+00 4.687E-06 4.687E-06 6.843E-12 7.67E-07
1.778E+00 4.769E-06 4.769E-06 7.159E-12 7.82E-07
1.758E+00 4.854E-06 4.854E-06 7.489E-12 7.97E-07
1.738E+00 4.939E-06 4.939E-06 7.834E-12 8.12E-07
1.718E+00 5.026E-06 5.026E-06 8.195E-12 8.28E-07
1.698E+00 5.115E-06 5.115E-06 8.572E-12 8.44E-07
1.679E+00 5.205E-06 5.205E-06 8.967E-12 8.61E-07
1.660E+00 5.297E-06 5.297E-06 9.380E-12 8.78E-07
1.641E+00 5.390E-06 5.390E-06 9.812E-12 8.95E-07
1.622E+00 5.484E-06 5.484E-06 1.026E-11 9.13E-07
1.603E+00 5.579E-06 5.579E-06 1.073E-11 9.31E-07
1.585E+00 5.675E-06 5.675E-06 1.123E-11 9.50E-07
1.567E+00 5.774E-06 5.774E-06 1.175E-11 9.69E-07
1.549E+00 5.874E-06 5.874E-06 1.229E-11 9.88E-07
1.531E+00 5.976E-06 5.976E-06 1.285E-11 1.01E-06
1.514E+00 6.081E-06 6.081E-06 1.345E-11 1.03E-06
1.496E+00 6.188E-06 6.188E-06 1.407E-11 1.05E-06
1.479E+00 6.298E-06 6.298E-06 1.472E-11 1.07E-06
1.462E+00 6.409E-06 6.409E-06 1.540E-11 1.09E-06
1.445E+00 6.525E-06 6.525E-06 1.611E-11 1.11E-06
1.429E+00 6.643E-06 6.643E-06 1.685E-11 1.13E-06
1.413E+00 6.763E-06 6.763E-06 1.763E-11 1.15E-06
1.396E+00 6.887E-06 6.887E-06 1.844E-11 1.17E-06
1.380E+00 7.013E-06 7.013E-06 1.929E-11 1.19E-06
1.365E+00 7.141E-06 7.141E-06 2.018E-11 1.22E-06
1.349E+00 7.271E-06 7.271E-06 2.111E-11 1.24E-06
1.334E+00 7.404E-06 7.404E-06 2.209E-11 1.26E-06
1.318E+00 7.539E-06 7.539E-06 2.310E-11 1.29E-06
1.303E+00 7.677E-06 7.677E-06 2.417E-11 1.31E-06
1.288E+00 7.817E-06 7.817E-06 2.528E-11 1.34E-06
1.274E+00 7.960E-06 7.960E-06 2.644E-11 1.36E-06
1.259E+00 8.105E-06 8.105E-06 2.765E-11 1.39E-06
1.245E+00 8.252E-06 8.252E-06 2.892E-11 1.42E-06
1.230E+00 8.400E-06 8.400E-06 3.026E-11 1.45E-06
1.216E+00 8.552E-06 8.552E-06 3.165E-11 1.47E-06
1.202E+00 8.707E-06 8.707E-06 3.311E-11 1.50E-06
1.189E+00 8.866E-06 8.866E-06 3.464E-11 1.53E-06
1.175E+00 9.028E-06 9.028E-06 3.624E-11 1.56E-06
1.161E+00 9.194E-06 9.193E-06 3.790E-11 1.59E-06
1.148E+00 9.363E-06 9.363E-06 3.965E-11 1.62E-06
1.135E+00 9.536E-06 9.536E-06 4.148E-11 1.65E-06
1.122E+00 9.715E-06 9.714E-06 4.339E-11 1.68E-06
1.109E+00 9.898E-06 9.898E-06 4.538E-11 1.72E-06
1.096E+00 1.008E-05 1.008E-05 4.747E-11 1.75E-06
1.084E+00 1.028E-05 1.028E-05 4.966E-11 1.78E-06
1.072E+00 1.047E-05 1.047E-05 5.194E-11 1.82E-06
1.059E+00 1.067E-05 1.067E-05 5.433E-11 1.85E-06
1.047E+00 1.088E-05 1.088E-05 5.683E-11 1.88E-06
1.035E+00 1.108E-05 1.108E-05 5.944E-11 1.92E-06
1.023E+00 1.130E-05 1.130E-05 6.217E-11 1.96E-06
1.012E+00 1.152E-05 1.152E-05 6.502E-11 1.99E-06
1.000E+00 1.174E-05 1.174E-05 6.801E-11 2.03E-06
9.886E-01 1.197E-05 1.197E-05 7.113E-11 2.07E-06
9.772E-01 1.220E-05 1.220E-05 7.439E-11 2.11E-06
9.661E-01 1.244E-05 1.244E-05 7.780E-11 2.15E-06
9.550E-01 1.268E-05 1.268E-05 8.136E-11 2.19E-06
9.441E-01 1.293E-05 1.293E-05 8.509E-11 2.24E-06
9.333E-01 1.319E-05 1.319E-05 8.899E-11 2.28E-06
9.226E-01 1.345E-05 1.345E-05 9.306E-11 2.32E-06
9.120E-01 1.372E-05 1.372E-05 9.732E-11 2.37E-06
9.016E-01 1.399E-05 1.399E-05 1.018E-10 2.42E-06
8.913E-01 1.427E-05 1.427E-05 1.064E-10 2.46E-06
8.810E-01 1.456E-05 1.456E-05 1.113E-10 2.51E-06
8.710E-01 1.485E-05 1.485E-05 1.163E-10 2.56E-06
8.610E-01 1.516E-05 1.516E-05 1.217E-10 2.62E-06
8.511E-01 1.547E-05 1.547E-05 1.272E-10 2.67E-06
8.414E-01 1.579E-05 1.579E-05 1.330E-10 2.72E-06
8.318E-01 1.612E-05 1.612E-05 1.391E-10 2.78E-06
8.222E-01 1.647E-05 1.647E-05 1.454E-10 2.84E-06
8.128E-01 1.682E-05 1.682E-05 1.520E-10 2.89E-06
8.035E-01 1.719E-05 1.719E-05 1.589E-10 2.95E-06
7.943E-01 1.758E-05 1.758E-05 1.662E-10 3.01E-06
7.852E-01 1.798E-05 1.798E-05 1.737E-10 3.08E-06
7.762E-01 1.839E-05 1.839E-05 1.817E-10 3.14E-06
7.674E-01 1.883E-05 1.883E-05 1.899E-10 3.21E-06
7.586E-01 1.929E-05 1.929E-05 1.986E-10 3.27E-06
7.499E-01 1.977E-05 1.977E-05 2.076E-10 3.34E-06
7.413E-01 2.027E-05 2.027E-05 2.171E-10 3.41E-06
7.328E-01 2.081E-05 2.081E-05 2.269E-10 3.48E-06
7.244E-01 2.138E-05 2.138E-05 2.373E-10 3.56E-06
7.161E-01 2.199E-05 2.199E-05 2.481E-10 3.63E-06
7.079E-01 2.264E-05 2.264E-05 2.594E-10 3.71E-06
6.998E-01 2.334E-05 2.334E-05 2.712E-10 3.79E-06
6.918E-01 2.410E-05 2.410E-05 2.835E-10 3.88E-06
6.839E-01 2.493E-05 2.493E-05 2.964E-10 3.96E-06
6.761E-01 2.583E-05 2.583E-05 3.100E-10 4.05E-06
6.683E-01 2.682E-05 2.682E-05 3.241E-10 4.14E-06
6.607E-01 2.791E-05 2.791E-05 3.389E-10 4.23E-06
6.531E-01 2.911E-05 2.911E-05 3.544E-10 4.32E-06
6.457E-01 3.045E-05 3.045E-05 3.706E-10 4.42E-06
6.383E-01 3.196E-05 3.196E-05 3.876E-10 4.51E-06
6.310E-01 3.366E-05 3.366E-05 4.054E-10 4.62E-06
6.237E-01 3.559E-05 3.559E-05 4.240E-10 4.72E-06
6.166E-01 3.780E-05 3.780E-05 4.436E-10 4.82E-06
6.095E-01 4.033E-05 4.033E-05 4.640E-10 4.93E-06
6.026E-01 4.327E-05 4.327E-05 4.854E-10 5.04E-06
5.957E-01 4.668E-05 4.668E-05 5.078E-10 5.15E-06
5.888E-01 5.068E-05 5.068E-05 5.313E-10 5.27E-06
5.821E-01 5.540E-05 5.540E-05 5.559E-10 5.38E-06
5.754E-01 6.099E-05 6.099E-05 5.817E-10 5.50E-06
5.689E-01 6.768E-05 6.768E-05 6.087E-10 5.62E-06
5.623E-01 7.573E-05 7.573E-05 6.371E-10 5.75E-06
5.559E-01 8.551E-05 8.551E-05 6.668E-10 5.88E-06
5.495E-01 9.748E-05 9.747E-05 6.980E-10 6.01E-06
5.433E-01 1.123E-04 1.123E-04 7.308E-10 6.14E-06
5.370E-01 1.307E-04 1.307E-04 7.652E-10 6.27E-06
5.309E-01 1.539E-04 1.539E-04 8.014E-10 6.41E-06
5.248E-01 1.834E-04 1.834E-04 8.392E-10 6.55E-06
5.188E-01 2.215E-04 2.215E-04 8.790E-10 6.69E-06
5.129E-01 2.711E-04 2.711E-04 9.208E-10 6.84E-06
5.070E-01 3.364E-04 3.364E-04 9.646E-10 6.99E-06
5.012E-01 4.234E-04 4.234E-04 1.011E-09 7.14E-06
4.955E-01 5.401E-04 5.401E-04 1.059E-09 7.29E-06
4.898E-01 6.968E-04 6.968E-04 1.110E-09 7.45E-06
4.842E-01 9.050E-04 9.050E-04 1.163E-09 7.61E-06
4.786E-01 1.173E-03 1.173E-03 1.219E-09 7.77E-06
4.732E-01 1.497E-03 1.497E-03 1.278E-09 7.93E-06
4.677E-01 1.855E-03 1.855E-03 1.339E-09 8.09E-06
4.624E-01 2.214E-03 2.214E-03 1.404E-09 8.26E-06
4.571E-01 2.541E-03 2.541E-03 1.472E-09 8.42E-06
4.519E-01 2.821E-03 2.821E-03 1.543E-09 8.59E-06
4.467E-01 3.052E-03 3.052E-03 1.618E-09 8.76E-06
4.416E-01 3.240E-03 3.240E-03 1.697E-09 8.93E-06
4.365E-01 3.396E-03 3.396E-03 1.780E-09 9.10E-06
4.315E-01 3.537E-03 3.537E-03 1.866E-09 9.27E-06
4.266E-01 3.679E-03 3.679E-03 1.956E-09 9.44E-06
4.217E-01 3.846E-03 3.846E-03 2.051E-09 9.61E-06
4.169E-01 4.063E-03 4.063E-03 2.151E-09 9.78E-06
4.121E-01 4.360E-03 4.360E-03 2.256E-09 9.95E-06
4.074E-01 4.768E-03 4.768E-03 2.366E-09 1.01E-05
4.027E-01 5.312E-03 5.312E-03 2.481E-09 1.03E-05
3.981E-01 5.994E-03 5.994E-03 2.602E-09 1.05E-05
3.935E-01 6.772E-03 6.772E-03 2.729E-09 1.06E-05
3.890E-01 7.578E-03 7.578E-03 2.862E-09 1.08E-05
3.846E-01 8.350E-03 8.350E-03 3.002E-09 1.10E-05
3.802E-01 9.059E-03 9.059E-03 3.149E-09 1.12E-05
3.758E-01 9.704E-03 9.704E-03 3.305E-09 1.14E-05
3.715E-01 1.030E-02 1.030E-02 3.469E-09 1.15E-05
3.673E-01 1.085E-02 1.085E-02 3.642E-09 1.17E-05
3.631E-01 1.137E-02 1.137E-02 3.826E-09 1.19E-05
3.589E-01 1.188E-02 1.188E-02 4.022E-09 1.21E-05
3.548E-01 1.237E-02 1.237E-02 4.229E-09 1.23E-05
3.508E-01 1.286E-02 1.286E-02 4.449E-09 1.25E-05
3.467E-01 1.334E-02 1.334E-02 4.683E-09 1.27E-05
3.428E-01 1.382E-02 1.382E-02 4.932E-09 1.28E-05
3.388E-01 1.430E-02 1.430E-02 5.199E-09 1.30E-05
3.350E-01 1.479E-02 1.479E-02 5.482E-09 1.31E-05
3.311E-01 1.528E-02 1.528E-02 5.785E-09 1.32E-05
3.273E-01 1.577E-02 1.577E-02 6.109E-09 1.32E-05
3.236E-01 1.627E-02 1.627E-02 6.457E-09 1.33E-05
3.199E-01 1.678E-02 1.678E-02 6.830E-09 1.32E-05
3.162E-01 1.729E-02 1.729E-02 7.227E-09 1.32E-05
3.126E-01 1.781E-02 1.781E-02 7.650E-09 1.31E-05
3.090E-01 1.834E-02 1.834E-02 8.102E-09 1.29E-05
3.055E-01 1.887E-02 1.887E-02 8.583E-09 1.27E-05
3.020E-01 1.947E-02 1.947E-02 9.097E-09 1.24E-05
2.985E-01 1.982E-02 1.982E-02 9.649E-09 1.20E-05
2.951E-01 2.020E-02 2.020E-02 1.024E-08 1.16E-05
2.917E-01 2.062E-02 2.062E-02 1.088E-08 1.10E-05
2.884E-01 2.108E-02 2.108E-02 1.158E-08 1.04E-05
2.851E-01 2.158E-02 2.158E-02 1.234E-08 9.70E-06
2.818E-01 2.214E-02 2.214E-02 1.322E-08 8.69E-06
2.786E-01 2.275E-02 2.275E-02 1.416E-08 7.67E-06
2.754E-01 2.342E-02 2.342E-02 1.517E-08 6.65E-06
2.723E-01 2.417E-02 2.417E-02 1.627E-08 5.62E-06
2.692E-01 2.501E-02 2.501E-02 1.749E-08 4.63E-06
2.661E-01 2.594E-02 2.594E-02 1.884E-08 3.71E-06
2.630E-01 2.699E-02 2.699E-02 2.034E-08 2.89E-06
2.600E-01 2.817E-02 2.817E-02 2.206E-08 2.17E-06
2.570E-01 2.950E-02 2.950E-02 2.399E-08 1.60E-06
2.541E-01 3.099E-02 3.099E-02 2.610E-08 1.21E-06
2.512E-01 3.268E-02 3.268E-02 2.849E-08 9.78E-07
2.483E-01 3.459E-02 3.459E-02 3.121E-08 8.86E-07
2.455E-01 3.673E-02 3.673E-02 3.432E-08 9.28E-07
2.427E-01 3.913E-02 3.913E-02 3.789E-08 1.12E-06
2.399E-01 4.179E-02 4.179E-02 4.203E-08 1.47E-06
2.371E-01 4.471E-02 4.471E-02 4.654E-08 2.00E-06
2.344E-01 4.784E-02 4.784E-02 5.135E-08 2.64E-06
2.317E-01 5.112E-02 5.112E-02 5.638E-08 3.33E-06
2.291E-01 5.441E-02 5.441E-02 6.154E-08 4.05E-06
2.265E-01 5.753E-02 5.753E-02 6.682E-08 4.80E-06
2.239E-01 6.023E-02 6.023E-02 7.241E-08 5.59E-06
2.213E-01 6.228E-02 6.228E-02 7.819E-08 6.43E-06
2.188E-01 6.344E-02 6.344E-02 8.280E-08 7.38E-06
2.163E-01 6.358E-02 6.358E-02 8.500E-08 8.44E-06
2.138E-01 6.268E-02 6.268E-02 8.480E-08 9.57E-06
2.113E-01 6.087E-02 6.087E-02 8.300E-08 1.07E-05
2.089E-01 5.837E-02 5.837E-02 7.990E-08 1.18E-05
2.065E-01 5.542E-02 5.542E-02 7.573E-08 1.30E-05
2.042E-01 5.227E-02 5.227E-02 7.069E-08 1.42E-05
2.018E-01 4.911E-02 4.911E-02 6.512E-08 1.55E-05
1.995E-01 4.607E-02 4.607E-02 5.936E-08 1.68E-05
1.972E-01 4.325E-02 4.325E-02 5.365E-08 1.81E-05
1.950E-01 4.067E-02 4.067E-02 4.824E-08 1.95E-05
1.928E-01 3.836E-02 3.835E-02 4.325E-08 2.09E-05
1.905E-01 3.630E-02 3.630E-02 3.874E-08 2.23E-05
1.884E-01 3.448E-02 3.448E-02 3.462E-08 2.38E-05
1.862E-01 3.288E-02 3.288E-02 3.104E-08 2.54E-05
1.841E-01 3.148E-02 3.148E-02 2.799E-08 2.70E-05
1.820E-01 3.025E-02 3.025E-02 2.539E-08 2.87E-05
1.799E-01 2.917E-02 2.917E-02 2.319E-08 3.05E-05
1.778E-01 2.822E-02 2.822E-02 2.139E-08 3.23E-05
1.758E-01 2.739E-02 2.739E-02 1.990E-08 3.41E-05
1.738E-01 2.666E-02 2.666E-02 1.870E-08 3.60E-05
1.718E-01 2.602E-02 2.602E-02 1.775E-08 3.79E-05
1.698E-01 2.546E-02 2.546E-02 1.704E-08 3.99E-05
1.679E-01 2.497E-02 2.497E-02 1.657E-08 4.19E-05
1.660E-01 2.456E-02 2.456E-02 1.634E-08 4.38E-05
1.641E-01 2.423E-02 2.423E-02 1.637E-08 4.58E-05
1.622E-01 2.398E-02 2.398E-02 1.663E-08 4.77E-05
1.603E-01 2.379E-02 2.379E-02 1.714E-08 4.97E-05
1.585E-01 2.367E-02 2.367E-02 1.789E-08 5.17E-05
1.567E-01 2.361E-02 2.361E-02 1.886E-08 5.37E-05
1.549E-01 2.361E-02 2.361E-02 2.006E-08 5.57E-05
1.531E-01 2.368E-02 2.368E-02 2.147E-08 5.78E-05
1.514E-01 2.380E-02 2.380E-02 2.313E-08 6.00E-05
1.496E-01 2.398E-02 2.398E-02 2.506E-08 6.21E-05
1.479E-01 2.423E-02 2.423E-02 2.729E-08 6.43E-05
1.462E-01 2.453E-02 2.453E-02 2.985E-08 6.65E-05
1.445E-01 2.489E-02 2.489E-02 3.278E-08 6.87E-05
1.429E-01 2.531E-02 2.531E-02 3.610E-08 7.10E-05
1.413E-01 2.580E-02 2.580E-02 3.979E-08 7.33E-05
1.396E-01 2.635E-02 2.635E-02 4.385E-08 7.56E-05
1.380E-01 2.697E-02 2.696E-02 4.827E-08 7.80E-05
1.365E-01 2.765E-02 2.765E-02 5.317E-08 8.06E-05
1.349E-01 2.840E-02 2.840E-02 5.867E-08 8.33E-05
1.334E-01 2.922E-02 2.922E-02 6.480E-08 8.63E-05
1.318E-01 3.012E-02 3.012E-02 7.160E-08 8.94E-05
1.303E-01 3.109E-02 3.109E-02 7.916E-08 9.27E-05
1.288E-01 3.277E-02 3.277E-02 8.758E-08 9.62E-05
1.274E-01 3.404E-02 3.404E-02 9.689E-08 1.00E-04
1.259E-01 3.538E-02 3.538E-02 1.072E-07 1.04E-04
1.245E-01 3.677E-02 3.677E-02 1.185E-07 1.08E-04
1.230E-01 3.822E-02 3.822E-02 1.310E-07 1.13E-04
1.216E-01 3.973E-02 3.973E-02 1.446E-07 1.17E-04
1.202E-01 4.129E-02 4.129E-02 1.596E-07 1.21E-04
1.189E-01 4.291E-02 4.291E-02 1.760E-07 1.25E-04
1.175E-01 4.457E-02 4.457E-02 1.937E-07 1.29E-04
1.161E-01 4.629E-02 4.629E-02 2.133E-07 1.33E-04
1.148E-01 4.805E-02 4.805E-02 2.360E-07 1.36E-04
1.135E-01 4.986E-02 4.986E-02 2.664E-07 1.40E-04
1.122E-01 5.170E-02 5.170E-02 2.987E-07 1.40E-04
1.109E-01 5.359E-02 5.359E-02 3.340E-07 1.36E-04
1.096E-01 5.551E-02 5.551E-02 3.732E-07 1.24E-04
1.084E-01 5.747E-02 5.747E-02 4.214E-07 1.11E-04
1.072E-01 5.946E-02 5.946E-02 4.771E-07 1.02E-04
1.059E-01 6.148E-02 6.148E-02 5.311E-07 9.94E-05
1.047E-01 6.352E-02 6.351E-02 5.830E-07 9.99E-05
1.035E-01 6.556E-02 6.556E-02 6.331E-07 1.00E-04
1.023E-01 6.761E-02 6.761E-02 6.814E-07 1.01E-04
1.012E-01 6.966E-02 6.966E-02 7.345E-07 9.92E-05
1.000E-01 7.197E-02 7.197E-02 7.946E-07 9.68E-05
9.886E-02 7.357E-02 7.357E-02 8.739E-07 9.27E-05
9.772E-02 7.525E-02 7.525E-02 9.648E-07 8.85E-05
9.661E-02 7.702E-02 7.702E-02 1.055E-06 8.61E-05
9.550E-02 7.889E-02 7.889E-02 1.138E-06 8.51E-05
9.441E-02 8.085E-02 8.085E-02 1.200E-06 8.55E-05
9.333E-02 8.292E-02 8.292E-02 1.250E-06 8.66E-05
9.226E-02 8.514E-02 8.513E-02 1.305E-06 8.76E-05
9.120E-02 8.750E-02 8.750E-02 1.358E-06 8.90E-05
9.016E-02 9.003E-02 9.003E-02 1.391E-06 9.20E-05
8.913E-02 9.276E-02 9.276E-02 1.427E-06 9.45E-05
8.810E-02 9.574E-02 9.573E-02 1.486E-06 9.52E-05
8.710E-02 9.899E-02 9.898E-02 1.580E-06 9.38E-05
8.610E-02 1.026E-01 1.026E-01 1.692E-06 9.18E-05
8.511E-02 1.065E-01 1.065E-01 1.825E-06 8.94E-05
8.414E-02 1.109E-01 1.109E-01 1.979E-06 8.69E-05
8.318E-02 1.158E-01 1.157E-01 2.157E-06 8.46E-05
8.222E-02 1.212E-01 1.212E-01 2.353E-06 8.33E-05
8.128E-02 1.273E-01 1.273E-01 2.564E-06 8.33E-05
8.035E-02 1.342E-01 1.342E-01 2.797E-06 8.40E-05
7.943E-02 1.418E-01 1.418E-01 3.047E-06 8.54E-05
7.852E-02 1.502E-01 1.502E-01 3.309E-06 8.78E-05
7.762E-02 1.593E-01 1.593E-01 3.569E-06 9.10E-05
7.674E-02 1.690E-01 1.690E-01 3.814E-06 9.47E-05
7.586E-02 1.789E-01 1.789E-01 4.046E-06 9.86E-05
7.499E-02 1.883E-01 1.883E-01 4.260E-06 1.03E-04
7.413E-02 1.967E-01 1.967E-01 4.448E-06 1.07E-04
7.328E-02 2.031E-01 2.031E-01 4.603E-06 1.12E-04
7.244E-02 2.068E-01 2.068E-01 4.754E-06 1.17E-04
7.161E-02 2.074E-01 2.074E-01 4.892E-06 1.22E-04
7.079E-02 2.051E-01 2.051E-01 4.989E-06 1.27E-04
6.998E-02 2.004E-01 2.004E-01 5.039E-06 1.32E-04
6.918E-02 1.941E-01 1.941E-01 5.040E-06 1.38E-04
6.839E-02 1.869E-01 1.869E-01 4.938E-06 1.44E-04
6.761E-02 1.796E-01 1.796E-01 4.771E-06 1.50E-04
6.683E-02 1.727E-01 1.727E-01 4.583E-06 1.57E-04
6.607E-02 1.665E-01 1.665E-01 4.379E-06 1.64E-04
6.531E-02 1.597E-01 1.596E-01 4.165E-06 1.71E-04
6.457E-02 1.527E-01 1.527E-01 4.010E-06 1.77E-04
6.383E-02 1.457E-01 1.457E-01 3.880E-06 1.83E-04
6.310E-02 1.387E-01 1.387E-01 3.769E-06 1.90E-04
6.237E-02 1.315E-01 1.315E-01 3.678E-06 1.96E-04
6.166E-02 1.243E-01 1.243E-01 3.616E-06 2.03E-04
6.095E-02 1.170E-01 1.170E-01 3.576E-06 2.09E-04
6.026E-02 1.096E-01 1.096E-01 3.541E-06 2.16E-04
5.957E-02 1.022E-01 1.022E-01 3.514E-06 2.23E-04
5.888E-02 9.460E-02 9.460E-02 3.488E-06 2.30E-04
5.821E-02 8.695E-02 8.695E-02 3.436E-06 2.37E-04
5.754E-02 8.234E-02 8.233E-02 3.381E-06 2.44E-04
5.689E-02 7.937E-02 7.937E-02 3.321E-06 2.52E-04
5.623E-02 7.630E-02 7.629E-02 3.253E-06 2.59E-04
5.559E-02 7.302E-02 7.302E-02 3.169E-06 2.67E-04
5.495E-02 6.983E-02 6.983E-02 3.083E-06 2.75E-04
5.433E-02 6.672E-02 6.672E-02 2.996E-06 2.83E-04
5.370E-02 6.382E-02 6.382E-02 2.909E-06 2.91E-04
5.309E-02 6.134E-02 6.133E-02 2.834E-06 2.99E-04
5.248E-02 5.903E-02 5.902E-02 2.762E-06 3.08E-04
5.188E-02 5.688E-02 5.688E-02 2.694E-06 3.16E-04
5.129E-02 5.484E-02 5.484E-02 2.633E-06 3.25E-04
5.070E-02 5.288E-02 5.288E-02 2.578E-06 3.34E-04
5.012E-02 5.101E-02 5.101E-02 2.526E-06 3.44E-04
4.955E-02 4.924E-02 4.924E-02 2.479E-06 3.53E-04
4.898E-02 4.758E-02 4.757E-02 2.435E-06 3.62E-04
4.842E-02 4.595E-02 4.595E-02 2.391E-06 3.72E-04
4.786E-02 4.437E-02 4.436E-02 2.346E-06 3.82E-04
4.732E-02 4.269E-02 4.269E-02 2.294E-06 3.93E-04
4.677E-02 4.102E-02 4.102E-02 2.240E-06 4.03E-04
4.624E-02 3.942E-02 3.942E-02 2.186E-06 4.14E-04
4.571E-02 3.802E-02 3.802E-02 2.137E-06 4.25E-04
4.519E-02 3.687E-02 3.686E-02 2.095E-06 4.37E-04
4.467E-02 3.576E-02 3.575E-02 2.051E-06 4.48E-04
4.416E-02 3.459E-02 3.459E-02 2.004E-06 4.60E-04
4.365E-02 3.315E-02 3.315E-02 1.946E-06 4.73E-04
4.315E-02 3.178E-02 3.178E-02 1.887E-06 4.85E-04
4.266E-02 3.056E-02 3.056E-02 1.826E-06 4.98E-04
4.217E-02 2.979E-02 2.979E-02 1.767E-06 5.12E-04
4.169E-02 2.920E-02 2.920E-02 1.712E-06 5.25E-04
4.121E-02 2.876E-02 2.876E-02 1.662E-06 5.39E-04
4.074E-02 2.834E-02 2.834E-02 1.624E-06 5.53E-04
4.027E-02 2.802E-02 2.802E-02 1.592E-06 5.68E-04
3.981E-02 2.779E-02 2.779E-02 1.566E-06 5.82E-04
3.935E-02 2.764E-02 2.764E-02 1.542E-06 5.97E-04
3.890E-02 2.761E-02 2.760E-02 1.525E-06 6.13E-04
3.846E-02 2.769E-02 2.769E-02 1.512E-06 6.28E-04
3.802E-02 2.793E-02 2.793E-02 1.511E-06 6.44E-04
3.758E-02 2.834E-02 2.834E-02 1.528E-06 6.60E-04
3.715E-02 2.921E-02 2.921E-02 1.589E-06 6.76E-04
3.673E-02 2.998E-02 2.998E-02 1.665E-06 6.92E-04
3.631E-02 3.033E-02 3.032E-02 1.744E-06 7.09E-04
3.589E-02 2.996E-02 2.995E-02 1.803E-06 7.25E-04
3.548E-02 2.930E-02 2.929E-02 1.852E-06 7.42E-04
3.508E-02 2.870E-02 2.870E-02 1.881E-06 7.60E-04
3.467E-02 2.813E-02 2.813E-02 1.899E-06 7.78E-04
3.428E-02 2.755E-02 2.755E-02 1.911E-06 7.97E-04
3.388E-02 2.699E-02 2.699E-02 1.926E-06 8.17E-04
3.350E-02 2.644E-02 2.643E-02 1.938E-06 8.36E-04
3.311E-02 2.589E-02 2.589E-02 1.950E-06 8.57E-04
3.273E-02 2.535E-02 2.535E-02 1.960E-06 8.78E-04
3.236E-02 2.482E-02 2.481E-02 1.969E-06 8.99E-04
3.199E-02 2.429E-02 2.428E-02 1.976E-06 9.21E-04
3.162E-02 2.377E-02 2.376E-02 1.983E-06 9.43E-04
3.126E-02 2.326E-02 2.325E-02 1.990E-06 9.66E-04
3.090E-02 2.275E-02 2.275E-02 1.996E-06 9.90E-04
3.055E-02 2.226E-02 2.226E-02 2.001E-06 1.01E-03
3.020E-02 2.177E-02 2.177E-02 2.006E-06 1.04E-03
2.985E-02 2.129E-02 2.128E-02 2.011E-06 1.06E-03
2.951E-02 2.081E-02 2.081E-02 2.015E-06 1.09E-03
2.917E-02 2.035E-02 2.035E-02 2.018E-06 1.12E-03
2.884E-02 1.989E-02 1.989E-02 2.021E-06 1.14E-03
2.851E-02 1.945E-02 1.945E-02 2.023E-06 1.17E-03
2.818E-02 1.902E-02 1.901E-02 2.026E-06 1.20E-03
2.786E-02 1.859E-02 1.859E-02 2.028E-06 1.23E-03
2.754E-02 1.818E-02 1.817E-02 2.031E-06 1.26E-03
2.723E-02 1.777E-02 1.777E-02 2.033E-06 1.29E-03
2.692E-02 1.737E-02 1.737E-02 2.035E-06 1.32E-03
2.661E-02 1.698E-02 1.698E-02 2.037E-06 1.35E-03
2.630E-02 1.660E-02 1.659E-02 2.039E-06 1.38E-03
2.600E-02 1.622E-02 1.622E-02 2.041E-06 1.42E-03
2.570E-02 1.585E-02 1.585E-02 2.042E-06 1.45E-03
2.541E-02 1.549E-02 1.548E-02 2.042E-06 1.49E-03
2.512E-02 1.513E-02 1.513E-02 2.043E-06 1.52E-03
2.483E-02 1.478E-02 1.478E-02 2.043E-06 1.56E-03
2.455E-02 1.444E-02 1.444E-02 2.044E-06 1.60E-03
2.427E-02 1.410E-02 1.410E-02 2.044E-06 1.64E-03
2.399E-02 1.378E-02 1.378E-02 2.044E-06 1.68E-03
2.371E-02 1.346E-02 1.346E-02 2.045E-06 1.72E-03
2.344E-02 1.315E-02 1.315E-02 2.045E-06 1.76E-03
2.317E-02 1.284E-02 1.284E-02 2.045E-06 1.80E-03
2.291E-02 1.255E-02 1.254E-02 2.045E-06 1.84E-03
2.265E-02 1.225E-02 1.225E-02 2.046E-06 1.89E-03
2.239E-02 1.197E-02 1.196E-02 2.045E-06 1.93E-03
2.213E-02 1.169E-02 1.168E-02 2.045E-06 1.98E-03
2.188E-02 1.141E-02 1.141E-02 2.045E-06 2.03E-03
2.163E-02 1.114E-02 1.114E-02 2.044E-06 2.08E-03
2.138E-02 1.088E-02 1.088E-02 2.044E-06 2.12E-03
2.113E-02 1.063E-02 1.063E-02 2.044E-06 2.18E-03
2.089E-02 1.038E-02 1.038E-02 2.043E-06 2.23E-03
2.065E-02 1.013E-02 1.013E-02 2.042E-06 2.28E-03
2.042E-02 9.896E-03 9.894E-03 2.042E-06 2.34E-03
2.018E-02 9.665E-03 9.663E-03 2.042E-06 2.39E-03
1.995E-02 9.436E-03 9.434E-03 2.041E-06 2.45E-03
1.972E-02 9.209E-03 9.207E-03 2.040E-06 2.51E-03
1.950E-02 8.987E-03 8.984E-03 2.038E-06 2.57E-03
1.928E-02 8.768E-03 8.766E-03 2.036E-06 2.63E-03
1.905E-02 8.554E-03 8.552E-03 2.034E-06 2.69E-03
1.884E-02 8.350E-03 8.348E-03 2.033E-06 2.76E-03
1.862E-02 8.148E-03 8.146E-03 2.031E-06 2.82E-03
1.841E-02 7.951E-03 7.949E-03 2.029E-06 2.89E-03
1.820E-02 7.759E-03 7.757E-03 2.027E-06 2.96E-03
1.799E-02 7.572E-03 7.570E-03 2.025E-06 3.03E-03
1.778E-02 7.391E-03 7.389E-03 2.023E-06 3.10E-03
1.758E-02 7.213E-03 7.211E-03 2.021E-06 3.17E-03
1.738E-02 7.038E-03 7.036E-03 2.019E-06 3.25E-03
1.718E-02 6.866E-03 6.864E-03 2.017E-06 3.33E-03
1.698E-02 6.698E-03 6.696E-03 2.015E-06 3.41E-03
1.679E-02 6.534E-03 6.532E-03 2.013E-06 3.49E-03
1.660E-02 6.376E-03 6.374E-03 2.010E-06 3.57E-03
1.641E-02 6.221E-03 6.219E-03 2.008E-06 3.65E-03
1.622E-02 6.068E-03 6.066E-03 2.006E-06 3.74E-03
1.603E-02 5.919E-03 5.917E-03 2.003E-06 3.83E-03
1.585E-02 5.773E-03 5.771E-03 2.000E-06 3.92E-03
1.567E-02 5.631E-03 5.629E-03 1.997E-06 4.01E-03
1.549E-02 5.493E-03 5.491E-03 1.994E-06 4.11E-03
1.531E-02 5.357E-03 5.355E-03 1.992E-06 4.21E-03
1.514E-02 5.224E-03 5.222E-03 1.988E-06 4.31E-03
1.496E-02 5.093E-03 5.091E-03 1.985E-06 4.41E-03
1.479E-02 4.966E-03 4.964E-03 1.982E-06 4.51E-03
1.462E-02 4.842E-03 4.840E-03 1.979E-06 4.62E-03
1.445E-02 4.722E-03 4.720E-03 1.976E-06 4.73E-03
1.429E-02 4.605E-03 4.603E-03 1.972E-06 4.84E-03
1.413E-02 4.490E-03 4.488E-03 1.969E-06 4.96E-03
1.396E-02 4.378E-03 4.376E-03 1.965E-06 5.07E-03
1.380E-02 4.269E-03 4.267E-03 1.962E-06 5.19E-03
1.365E-02 4.163E-03 4.161E-03 1.958E-06 5.32E-03
1.349E-02 4.058E-03 4.056E-03 1.954E-06 5.44E-03
1.334E-02 3.956E-03 3.954E-03 1.950E-06 5.57E-03
1.318E-02 3.856E-03 3.854E-03 1.945E-06 5.70E-03
1.303E-02 3.760E-03 3.758E-03 1.941E-06 5.84E-03
1.288E-02 3.667E-03 3.665E-03 1.938E-06 5.98E-03
1.274E-02 3.574E-03 3.572E-03 1.934E-06 6.12E-03
1.259E-02 3.483E-03 3.481E-03 1.929E-06 6.26E-03
1.245E-02 3.394E-03 3.392E-03 1.924E-06 6.41E-03
1.230E-02 3.310E-03 3.308E-03 1.921E-06 6.56E-03
1.216E-02 3.229E-03 3.227E-03 1.918E-06 6.72E-03
1.202E-02 3.148E-03 3.146E-03 1.914E-06 6.87E-03
1.189E-02 3.068E-03 3.067E-03 1.909E-06 7.04E-03
1.175E-02 2.990E-03 2.988E-03 1.904E-06 7.20E-03
1.161E-02 2.912E-03 2.910E-03 1.898E-06 7.37E-03
1.148E-02 2.836E-03 2.834E-03 1.892E-06 7.55E-03
1.135E-02 2.761E-03 2.759E-03 1.886E-06 7.72E-03
1.122E-02 2.690E-03 2.688E-03 1.880E-06 7.91E-03
1.109E-02 2.620E-03 2.619E-03 1.874E-06 8.09E-03
1.096E-02 2.553E-03 2.551E-03 1.868E-06 8.28E-03
1.084E-02 2.486E-03 2.484E-03 1.862E-06 8.48E-03
1.072E-02 2.422E-03 2.420E-03 1.855E-06 8.68E-03
1.059E-02 2.359E-03 2.357E-03 1.849E-06 8.88E-03
1.047E-02 2.298E-03 2.296E-03 1.843E-06 9.09E-03
1.035E-02 2.240E-03 2.238E-03 1.837E-06 9.31E-03
1.023E-02 2.182E-03 2.181E-03 1.830E-06 9.53E-03
1.012E-02 2.126E-03 2.124E-03 1.823E-06 9.75E-03
1.000E-02 2.070E-03 2.068E-03 1.816E-06 9.98E-03
9.886E-03 2.015E-03 2.014E-03 1.809E-06 1.02E-02
9.772E-03 1.963E-03 1.961E-03 1.802E-06 1.05E-02
9.661E-03 1.912E-03 1.910E-03 1.794E-06 1.07E-02
9.550E-03 1.862E-03 1.861E-03 1.788E-06 1.10E-02
9.441E-03 1.814E-03 1.812E-03 1.780E-06 1.12E-02
9.333E-03 1.766E-03 1.764E-03 1.772E-06 1.15E-02
9.226E-03 1.720E-03 1.718E-03 1.764E-06 1.17E-02
9.120E-03 1.674E-03 1.672E-03 1.755E-06 1.20E-02
9.016E-03 1.630E-03 1.628E-03 1.747E-06 1.23E-02
8.913E-03 1.588E-03 1.586E-03 1.739E-06 1.26E-02
8.810E-03 1.546E-03 1.545E-03 1.730E-06 1.29E-02
8.710E-03 1.506E-03 1.504E-03 1.721E-06 1.32E-02
8.610E-03 1.466E-03 1.464E-03 1.711E-06 1.35E-02
8.511E-03 1.427E-03 1.425E-03 1.702E-06 1.38E-02
8.414E-03 1.389E-03 1.387E-03 1.692E-06 1.41E-02
8.318E-03 1.353E-03 1.351E-03 1.682E-06 1.45E-02
8.222E-03 1.317E-03 1.315E-03 1.672E-06 1.48E-02
8.128E-03 1.282E-03 1.280E-03 1.661E-06 1.52E-02
8.035E-03 1.248E-03 1.246E-03 1.650E-06 1.55E-02
7.943E-03 1.215E-03 1.213E-03 1.638E-06 1.59E-02
7.852E-03 1.182E-03 1.181E-03 1.627E-06 1.63E-02
7.762E-03 1.151E-03 1.149E-03 1.615E-06 1.66E-02
7.674E-03 1.120E-03 1.118E-03 1.603E-06 1.70E-02
7.586E-03 1.089E-03 1.088E-03 1.590E-06 1.74E-02
7.499E-03 1.060E-03 1.058E-03 1.577E-06 1.79E-02
7.413E-03 1.032E-03 1.030E-03 1.564E-06 1.83E-02
7.328E-03 1.005E-03 1.003E-03 1.551E-06 1.87E-02
7.244E-03 9.780E-04 9.764E-04 1.538E-06 1.91E-02
7.161E-03 9.518E-04 9.502E-04 1.523E-06 1.96E-02
7.079E-03 9.265E-04 9.250E-04 1.509E-06 2.01E-02
6.998E-03 9.017E-04 9.002E-04 1.495E-06 2.05E-02
6.918E-03 8.774E-04 8.759E-04 1.479E-06 2.10E-02
6.839E-03 8.540E-04 8.525E-04 1.463E-06 2.15E-02
6.761E-03 8.311E-04 8.297E-04 1.447E-06 2.20E-02
6.683E-03 8.087E-04 8.072E-04 1.430E-06 2.25E-02
6.607E-03 7.867E-04 7.852E-04 1.412E-06 2.31E-02
6.531E-03 7.651E-04 7.637E-04 1.394E-06 2.36E-02
6.457E-03 7.447E-04 7.434E-04 1.375E-06 2.42E-02
6.383E-03 7.246E-04 7.233E-04 1.356E-06 2.47E-02
6.310E-03 7.048E-04 7.035E-04 1.336E-06 2.53E-02
6.237E-03 6.854E-04 6.841E-04 1.315E-06 2.59E-02
6.166E-03 6.670E-04 6.657E-04 1.294E-06 2.65E-02
6.095E-03 6.496E-04 6.484E-04 1.274E-06 2.71E-02
6.026E-03 6.324E-04 6.311E-04 1.251E-06 2.78E-02
5.957E-03 6.153E-04 6.141E-04 1.228E-06 2.84E-02
5.888E-03 5.984E-04 5.972E-04 1.202E-06 2.91E-02
5.821E-03 5.819E-04 5.807E-04 1.176E-06 2.98E-02
5.754E-03 5.656E-04 5.645E-04 1.147E-06 3.05E-02
5.689E-03 5.497E-04 5.486E-04 1.117E-06 3.12E-02
5.623E-03 5.344E-04 5.333E-04 1.087E-06 3.20E-02
5.559E-03 5.197E-04 5.187E-04 1.057E-06 3.27E-02
5.495E-03 5.053E-04 5.043E-04 1.025E-06 3.35E-02
5.433E-03 4.913E-04 4.903E-04 9.904E-07 3.43E-02
5.370E-03 4.776E-04 4.767E-04 9.537E-07 3.51E-02
5.309E-03 4.644E-04 4.635E-04 9.146E-07 3.59E-02
5.248E-03 4.516E-04 4.507E-04 8.735E-07 3.68E-02
5.188E-03 4.394E-04 4.385E-04 8.303E-07 3.76E-02
5.129E-03 4.274E-04 4.266E-04 8.062E-07 3.85E-02
5.070E-03 4.155E-04 4.147E-04 7.824E-07 3.94E-02
5.012E-03 4.039E-04 4.031E-04 7.435E-07 4.04E-02
4.955E-03 3.925E-04 3.919E-04 6.894E-07 4.13E-02
4.898E-03 3.816E-04 3.809E-04 6.206E-07 4.23E-02
4.842E-03 3.710E-04 3.704E-04 5.384E-07 4.33E-02
4.786E-03 3.608E-04 3.604E-04 4.454E-07 4.43E-02
4.732E-03 3.505E-04 3.502E-04 3.105E-07 4.54E-02
4.677E-03 3.403E-04 3.401E-04 1.652E-07 4.64E-02
4.624E-03 3.305E-04 3.305E-04 4.954E-08 8.07E-02
4.571E-03 3.209E-04 3.209E-04 6.119E-09 8.24E-02
4.519E-03 3.119E-04 3.118E-04 7.520E-08 6.74E-02
4.467E-03 3.037E-04 3.033E-04 3.261E-07 5.10E-02
4.416E-03 6.722E-03 6.720E-03 2.500E-06 5.23E-02
4.365E-03 6.590E-03 6.588E-03 2.252E-06 5.35E-02
4.315E-03 6.462E-03 6.460E-03 2.060E-06 5.47E-02
4.266E-03 6.333E-03 6.331E-03 2.040E-06 5.60E-02
4.217E-03 6.204E-03 6.202E-03 2.151E-06 5.73E-02
4.169E-03 6.076E-03 6.073E-03 2.351E-06 5.87E-02
4.121E-03 5.948E-03 5.945E-03 2.570E-06 6.01E-02
4.074E-03 5.821E-03 5.818E-03 2.712E-06 6.15E-02
4.027E-03 5.695E-03 5.692E-03 2.838E-06 6.30E-02
3.981E-03 5.569E-03 5.566E-03 2.933E-06 6.44E-02
3.935E-03 5.445E-03 5.442E-03 2.984E-06 6.60E-02
3.890E-03 5.322E-03 5.319E-03 2.980E-06 6.75E-02
3.846E-03 5.201E-03 5.198E-03 3.004E-06 6.91E-02
3.802E-03 5.082E-03 5.079E-03 3.064E-06 7.08E-02
3.758E-03 4.964E-03 4.961E-03 3.120E-06 7.25E-02
3.715E-03 4.847E-03 4.844E-03 3.169E-06 7.42E-02
3.673E-03 4.733E-03 4.730E-03 3.210E-06 7.59E-02
3.631E-03 4.621E-03 4.618E-03 3.246E-06 7.78E-02
3.589E-03 4.511E-03 4.508E-03 3.285E-06 7.96E-02
3.548E-03 4.402E-03 4.399E-03 3.321E-06 8.15E-02
3.508E-03 4.295E-03 4.292E-03 3.354E-06 8.34E-02
3.467E-03 4.190E-03 4.187E-03 3.382E-06 8.54E-02
3.428E-03 4.088E-03 4.084E-03 3.406E-06 8.75E-02
3.388E-03 3.986E-03 3.983E-03 3.430E-06 8.95E-02
3.350E-03 3.887E-03 3.883E-03 3.452E-06 9.17E-02
3.311E-03 3.789E-03 3.785E-03 3.471E-06 9.39E-02
3.273E-03 3.693E-03 3.690E-03 3.487E-06 9.61E-02
3.236E-03 3.601E-03 3.597E-03 3.499E-06 9.84E-02
3.199E-03 3.510E-03 3.506E-03 3.511E-06 1.01E-01
3.162E-03 3.419E-03 3.416E-03 3.521E-06 1.03E-01
3.126E-03 3.330E-03 3.326E-03 3.529E-06 1.06E-01
3.090E-03 3.244E-03 3.240E-03 3.537E-06 1.08E-01
3.055E-03 3.164E-03 3.161E-03 3.543E-06 1.11E-01
3.020E-03 3.085E-03 3.082E-03 3.548E-06 1.13E-01
2.985E-03 3.006E-03 3.003E-03 3.552E-06 1.16E-01
2.951E-03 2.927E-03 2.924E-03 3.553E-06 1.19E-01
2.917E-03 2.849E-03 2.846E-03 3.553E-06 1.22E-01
2.884E-03 2.772E-03 2.768E-03 3.551E-06 1.25E-01
2.851E-03 2.695E-03 2.691E-03 3.548E-06 1.28E-01
2.818E-03 2.619E-03 2.616E-03 3.543E-06 1.31E-01
2.786E-03 2.545E-03 2.542E-03 3.536E-06 1.34E-01
2.754E-03 2.473E-03 2.469E-03 3.527E-06 1.37E-01
2.723E-03 2.405E-03 2.401E-03 3.517E-06 1.40E-01
2.692E-03 2.338E-03 2.335E-03 3.505E-06 1.44E-01
2.661E-03 2.273E-03 2.269E-03 3.491E-06 1.47E-01
2.630E-03 2.208E-03 2.205E-03 3.475E-06 1.51E-01
2.600E-03 2.146E-03 2.142E-03 3.458E-06 1.54E-01
2.570E-03 2.085E-03 2.081E-03 3.439E-06 1.58E-01
2.541E-03 2.026E-03 2.023E-03 3.419E-06 1.62E-01
2.512E-03 1.970E-03 1.966E-03 3.398E-06 1.65E-01
2.483E-03 1.916E-03 1.912E-03 3.375E-06 1.69E-01
2.455E-03 1.862E-03 1.858E-03 3.353E-06 1.73E-01
2.427E-03 1.808E-03 1.805E-03 3.331E-06 1.78E-01
2.399E-03 1.756E-03 1.753E-03 3.307E-06 1.82E-01
2.371E-03 1.705E-03 1.702E-03 3.282E-06 1.86E-01
2.344E-03 1.655E-03 1.652E-03 3.257E-06 1.91E-01
2.317E-03 1.607E-03 1.604E-03 3.230E-06 1.95E-01
2.291E-03 1.561E-03 1.558E-03 3.204E-06 2.00E-01
2.265E-03 1.517E-03 1.513E-03 3.176E-06 2.05E-01
2.239E-03 1.473E-03 1.470E-03 3.149E-06 2.09E-01
2.213E-03 1.430E-03 1.427E-03 3.120E-06 2.14E-01
2.188E-03 1.388E-03 1.385E-03 3.090E-06 2.20E-01
2.163E-03 1.347E-03 1.344E-03 3.059E-06 2.25E-01
2.138E-03 1.307E-03 1.304E-03 3.028E-06 2.30E-01
2.113E-03 1.268E-03 1.265E-03 2.996E-06 2.36E-01
2.089E-03 1.231E-03 1.228E-03 2.964E-06 2.41E-01
2.065E-03 1.195E-03 1.192E-03 2.932E-06 2.47E-01
2.042E-03 1.160E-03 1.157E-03 2.899E-06 2.53E-01
2.018E-03 1.125E-03 1.122E-03 2.866E-06 2.59E-01
1.995E-03 1.091E-03 1.088E-03 2.832E-06 2.65E-01
1.972E-03 1.058E-03 1.055E-03 2.798E-06 2.71E-01
1.950E-03 1.026E-03 1.023E-03 2.763E-06 2.77E-01
1.928E-03 9.954E-04 9.927E-04 2.728E-06 2.84E-01
1.905E-03 9.660E-04 9.633E-04 2.694E-06 2.90E-01
1.884E-03 9.368E-04 9.341E-04 2.658E-06 2.97E-01
1.862E-03 9.082E-04 9.056E-04 2.622E-06 3.04E-01
1.841E-03 8.803E-04 8.777E-04 2.585E-06 3.11E-01
1.820E-03 8.533E-04 8.507E-04 2.548E-06 3.18E-01
1.799E-03 8.272E-04 8.247E-04 2.511E-06 3.25E-01
1.778E-03 8.021E-04 7.997E-04 2.475E-06 3.33E-01
1.758E-03 7.778E-04 7.754E-04 2.438E-06 3.40E-01
1.738E-03 7.539E-04 7.515E-04 2.400E-06 3.48E-01
1.718E-03 7.306E-04 7.282E-04 2.363E-06 3.56E-01
1.698E-03 7.079E-04 7.056E-04 2.325E-06 3.64E-01
1.679E-03 6.861E-04 6.838E-04 2.288E-06 3.72E-01
1.660E-03 6.651E-04 6.628E-04 2.250E-06 3.80E-01
1.641E-03 6.447E-04 6.425E-04 2.214E-06 3.88E-01
1.622E-03 6.246E-04 6.224E-04 2.177E-06 3.97E-01
1.603E-03 6.051E-04 6.029E-04 2.140E-06 4.06E-01
1.585E-03 5.861E-04 5.840E-04 2.103E-06 4.14E-01
1.567E-03 5.678E-04 5.658E-04 2.066E-06 4.23E-01
1.549E-03 5.503E-04 5.482E-04 2.030E-06 4.32E-01
1.531E-03 5.331E-04 5.311E-04 1.994E-06 4.41E-01
1.514E-03 5.164E-04 5.144E-04 1.958E-06 4.50E-01
1.496E-03 5.001E-04 4.982E-04 1.922E-06 4.59E-01
1.479E-03 4.844E-04 4.825E-04 1.886E-06 4.69E-01
1.462E-03 4.692E-04 4.674E-04 1.851E-06 4.78E-01
1.445E-03 4.545E-04 4.527E-04 1.816E-06 4.88E-01
1.429E-03 4.401E-04 4.383E-04 1.782E-06 4.97E-01
1.413E-03 4.261E-04 4.243E-04 1.748E-06 5.07E-01
1.396E-03 4.125E-04 4.108E-04 1.714E-06 5.16E-01
1.380E-03 3.995E-04 3.978E-04 1.681E-06 5.26E-01
1.365E-03 3.869E-04 3.852E-04 1.649E-06 5.36E-01
1.349E-03 3.746E-04 3.729E-04 1.616E-06 5.45E-01
1.334E-03 3.626E-04 3.610E-04 1.584E-06 5.55E-01
1.318E-03 3.511E-04 3.495E-04 1.552E-06 5.64E-01
1.303E-03 3.400E-04 3.385E-04 1.522E-06 5.74E-01
1.288E-03 3.294E-04 3.279E-04 1.491E-06 5.83E-01
1.274E-03 3.190E-04 3.175E-04 1.461E-06 5.93E-01
1.259E-03 3.087E-04 3.073E-04 1.431E-06 6.02E-01
1.245E-03 2.986E-04 2.972E-04 1.401E-06 6.11E-01
1.230E-03 2.894E-04 2.880E-04 1.374E-06 6.20E-01
1.216E-03 2.804E-04 2.791E-04 1.347E-06 6.29E-01
1.202E-03 2.716E-04 2.703E-04 1.320E-06 6.38E-01
1.189E-03 2.629E-04 2.616E-04 1.294E-06 6.47E-01
1.175E-03 2.544E-04 2.531E-04 1.267E-06 6.55E-01
1.161E-03 2.460E-04 2.448E-04 1.241E-06 6.63E-01
1.148E-03 2.378E-04 2.366E-04 1.216E-06 6.71E-01
1.135E-03 2.299E-04 2.287E-04 1.190E-06 6.79E-01
1.122E-03 2.223E-04 2.212E-04 1.166E-06 6.87E-01
1.109E-03 2.151E-04 2.140E-04 1.143E-06 6.94E-01
1.096E-03 2.081E-04 2.070E-04 1.119E-06 7.01E-01
1.084E-03 2.012E-04 2.001E-04 1.097E-06 7.08E-01
1.072E-03 1.946E-04 1.935E-04 1.074E-06 7.14E-01
1.059E-03 1.883E-04 1.872E-04 1.053E-06 7.20E-01
1.047E-03 1.822E-04 1.811E-04 1.032E-06 7.26E-01
1.035E-03 1.764E-04 1.754E-04 1.012E-06 7.32E-01
1.023E-03 1.707E-04 1.697E-04 9.916E-07 7.37E-01
1.012E-03 1.651E-04 1.642E-04 9.721E-07 7.42E-01
