w(micron)   Q_ext     Q_abs     Q_sca    g=<cos>
1.000E+03 3.243E-09 3.243E-09 1.037E-21 0.00E+00
9.886E+02 3.316E-09 3.316E-09 1.086E-21 0.00E+00
9.772E+02 3.391E-09 3.391E-09 1.137E-21 0.00E+00
9.661E+02 3.468E-09 3.468E-09 1.191E-21 0.00E+00
9.550E+02 3.547E-09 3.547E-09 1.247E-21 0.00E+00
9.441E+02 3.627E-09 3.627E-09 1.306E-21 0.00E+00
9.333E+02 3.709E-09 3.709E-09 1.367E-21 0.00E+00
9.226E+02 3.793E-09 3.793E-09 1.432E-21 0.00E+00
9.120E+02 3.879E-09 3.879E-09 1.499E-21 0.00E+00
9.016E+02 3.967E-09 3.967E-09 1.570E-21 0.00E+00
8.913E+02 4.057E-09 4.057E-09 1.644E-21 0.00E+00
8.810E+02 4.149E-09 4.149E-09 1.721E-21 0.00E+00
8.710E+02 4.244E-09 4.244E-09 1.802E-21 0.00E+00
8.610E+02 4.340E-09 4.340E-09 1.887E-21 0.00E+00
8.511E+02 4.439E-09 4.439E-09 1.976E-21 0.00E+00
8.414E+02 4.540E-09 4.540E-09 2.069E-21 0.00E+00
8.318E+02 4.643E-09 4.643E-09 2.166E-21 0.00E+00
8.222E+02 4.749E-09 4.749E-09 2.268E-21 0.00E+00
8.128E+02 4.857E-09 4.857E-09 2.375E-21 0.00E+00
8.035E+02 4.968E-09 4.968E-09 2.487E-21 0.00E+00
7.943E+02 5.081E-09 5.081E-09 2.604E-21 0.00E+00
7.852E+02 5.197E-09 5.197E-09 2.727E-21 0.00E+00
7.762E+02 5.316E-09 5.316E-09 2.855E-21 0.00E+00
7.674E+02 5.437E-09 5.437E-09 2.990E-21 0.00E+00
7.586E+02 5.562E-09 5.562E-09 3.130E-21 0.00E+00
7.499E+02 5.689E-09 5.689E-09 3.278E-21 0.00E+00
7.413E+02 5.819E-09 5.819E-09 3.432E-21 0.00E+00
7.328E+02 5.952E-09 5.952E-09 3.594E-21 0.00E+00
7.244E+02 6.088E-09 6.088E-09 3.763E-21 0.00E+00
7.161E+02 6.227E-09 6.227E-09 3.940E-21 0.00E+00
7.079E+02 6.369E-09 6.369E-09 4.126E-21 0.00E+00
6.998E+02 6.515E-09 6.515E-09 4.320E-21 0.00E+00
6.918E+02 6.664E-09 6.664E-09 4.524E-21 0.00E+00
6.839E+02 6.817E-09 6.817E-09 4.737E-21 0.00E+00
6.761E+02 6.973E-09 6.973E-09 4.960E-21 0.00E+00
6.683E+02 7.133E-09 7.133E-09 5.193E-21 0.00E+00
6.607E+02 7.296E-09 7.296E-09 5.438E-21 0.00E+00
6.531E+02 7.464E-09 7.464E-09 5.694E-21 0.00E+00
6.457E+02 7.635E-09 7.635E-09 5.962E-21 0.00E+00
6.383E+02 7.810E-09 7.810E-09 6.242E-21 0.00E+00
6.310E+02 7.989E-09 7.989E-09 6.536E-21 0.00E+00
6.237E+02 8.172E-09 8.172E-09 6.844E-21 0.00E+00
6.166E+02 8.360E-09 8.360E-09 7.166E-21 0.00E+00
6.095E+02 8.552E-09 8.552E-09 7.504E-21 0.00E+00
6.026E+02 8.748E-09 8.748E-09 7.857E-21 0.00E+00
5.957E+02 8.949E-09 8.949E-09 8.227E-21 0.00E+00
5.888E+02 9.155E-09 9.155E-09 8.614E-21 0.00E+00
5.821E+02 9.365E-09 9.365E-09 9.020E-21 0.00E+00
5.754E+02 9.580E-09 9.580E-09 9.444E-21 0.00E+00
5.689E+02 9.800E-09 9.800E-09 9.889E-21 0.00E+00
5.623E+02 1.003E-08 1.003E-08 1.035E-20 0.00E+00
5.559E+02 1.026E-08 1.026E-08 1.084E-20 0.00E+00
5.495E+02 1.049E-08 1.049E-08 1.135E-20 0.00E+00
5.433E+02 1.073E-08 1.073E-08 1.189E-20 0.00E+00
5.370E+02 1.098E-08 1.098E-08 1.245E-20 0.00E+00
5.309E+02 1.123E-08 1.123E-08 1.303E-20 0.00E+00
5.248E+02 1.149E-08 1.149E-08 1.364E-20 0.00E+00
5.188E+02 1.175E-08 1.175E-08 1.429E-20 0.00E+00
5.129E+02 1.203E-08 1.203E-08 1.496E-20 0.00E+00
5.070E+02 1.230E-08 1.230E-08 1.566E-20 0.00E+00
5.012E+02 1.258E-08 1.258E-08 1.640E-20 0.00E+00
4.955E+02 1.287E-08 1.287E-08 1.717E-20 0.00E+00
4.898E+02 1.317E-08 1.317E-08 1.798E-20 0.00E+00
4.842E+02 1.347E-08 1.347E-08 1.883E-20 0.00E+00
4.786E+02 1.378E-08 1.378E-08 1.971E-20 0.00E+00
4.732E+02 1.410E-08 1.410E-08 2.064E-20 0.00E+00
4.677E+02 1.443E-08 1.443E-08 2.161E-20 0.00E+00
4.624E+02 1.476E-08 1.476E-08 2.263E-20 0.00E+00
4.571E+02 1.510E-08 1.510E-08 2.369E-20 0.00E+00
4.519E+02 1.545E-08 1.545E-08 2.481E-20 0.00E+00
4.467E+02 1.580E-08 1.580E-08 2.597E-20 0.00E+00
4.416E+02 1.616E-08 1.616E-08 2.719E-20 0.00E+00
4.365E+02 1.654E-08 1.654E-08 2.847E-20 0.00E+00
4.315E+02 1.692E-08 1.692E-08 2.981E-20 0.00E+00
4.266E+02 1.731E-08 1.731E-08 3.121E-20 0.00E+00
4.217E+02 1.771E-08 1.771E-08 3.268E-20 0.00E+00
4.169E+02 1.811E-08 1.811E-08 3.422E-20 0.00E+00
4.121E+02 1.853E-08 1.853E-08 3.583E-20 0.00E+00
4.074E+02 1.896E-08 1.896E-08 3.751E-20 0.00E+00
4.027E+02 1.939E-08 1.939E-08 3.928E-20 0.00E+00
3.981E+02 1.984E-08 1.984E-08 4.112E-20 0.00E+00
3.936E+02 2.030E-08 2.030E-08 4.306E-20 0.00E+00
3.890E+02 2.076E-08 2.076E-08 4.508E-20 0.00E+00
3.846E+02 2.124E-08 2.124E-08 4.720E-20 0.00E+00
3.802E+02 2.173E-08 2.173E-08 4.942E-20 0.00E+00
3.758E+02 2.223E-08 2.223E-08 5.174E-20 0.00E+00
3.715E+02 2.274E-08 2.274E-08 5.417E-20 0.00E+00
3.673E+02 2.327E-08 2.327E-08 5.672E-20 0.00E+00
3.631E+02 2.380E-08 2.380E-08 5.939E-20 0.00E+00
3.589E+02 2.435E-08 2.435E-08 6.218E-20 0.00E+00
3.548E+02 2.491E-08 2.491E-08 6.510E-20 0.00E+00
3.508E+02 2.548E-08 2.548E-08 6.816E-20 0.00E+00
3.467E+02 2.607E-08 2.607E-08 7.136E-20 0.00E+00
3.428E+02 2.667E-08 2.667E-08 7.471E-20 0.00E+00
3.388E+02 2.728E-08 2.728E-08 7.822E-20 0.00E+00
3.350E+02 2.791E-08 2.791E-08 8.190E-20 0.00E+00
3.311E+02 2.855E-08 2.855E-08 8.574E-20 0.00E+00
3.273E+02 2.921E-08 2.921E-08 8.977E-20 0.00E+00
3.236E+02 2.988E-08 2.988E-08 9.398E-20 0.00E+00
3.199E+02 3.056E-08 3.056E-08 9.840E-20 0.00E+00
3.162E+02 3.127E-08 3.127E-08 1.030E-19 0.00E+00
3.126E+02 3.199E-08 3.199E-08 1.079E-19 0.00E+00
3.090E+02 3.272E-08 3.272E-08 1.129E-19 0.00E+00
3.055E+02 3.347E-08 3.347E-08 1.182E-19 0.00E+00
3.020E+02 3.424E-08 3.424E-08 1.238E-19 0.00E+00
2.985E+02 3.503E-08 3.503E-08 1.296E-19 0.00E+00
2.951E+02 3.583E-08 3.583E-08 1.357E-19 0.00E+00
2.917E+02 3.665E-08 3.665E-08 1.420E-19 0.00E+00
2.884E+02 3.749E-08 3.749E-08 1.487E-19 0.00E+00
2.851E+02 3.835E-08 3.835E-08 1.557E-19 0.00E+00
2.818E+02 3.923E-08 3.923E-08 1.630E-19 0.00E+00
2.786E+02 4.013E-08 4.013E-08 1.706E-19 0.00E+00
2.754E+02 4.105E-08 4.105E-08 1.786E-19 0.00E+00
2.723E+02 4.200E-08 4.200E-08 1.870E-19 0.00E+00
2.692E+02 4.296E-08 4.296E-08 1.958E-19 0.00E+00
2.661E+02 4.394E-08 4.394E-08 2.049E-19 0.00E+00
2.630E+02 4.495E-08 4.495E-08 2.145E-19 0.00E+00
2.600E+02 4.598E-08 4.598E-08 2.246E-19 0.00E+00
2.570E+02 4.703E-08 4.703E-08 2.351E-19 0.00E+00
2.541E+02 4.811E-08 4.811E-08 2.462E-19 0.00E+00
2.512E+02 4.921E-08 4.921E-08 2.577E-19 0.00E+00
2.483E+02 5.033E-08 5.033E-08 2.698E-19 0.00E+00
2.455E+02 5.148E-08 5.148E-08 2.824E-19 0.00E+00
2.427E+02 5.266E-08 5.266E-08 2.956E-19 0.00E+00
2.399E+02 5.387E-08 5.387E-08 3.095E-19 0.00E+00
2.371E+02 5.510E-08 5.510E-08 3.240E-19 0.00E+00
2.344E+02 5.635E-08 5.635E-08 3.391E-19 0.00E+00
2.317E+02 5.764E-08 5.764E-08 3.550E-19 0.00E+00
2.291E+02 5.896E-08 5.896E-08 3.716E-19 0.00E+00
2.265E+02 6.030E-08 6.030E-08 3.890E-19 0.00E+00
2.239E+02 6.168E-08 6.168E-08 4.072E-19 0.00E+00
2.213E+02 6.308E-08 6.308E-08 4.263E-19 0.00E+00
2.188E+02 6.452E-08 6.452E-08 4.462E-19 0.00E+00
2.163E+02 6.599E-08 6.599E-08 4.671E-19 0.00E+00
2.138E+02 6.749E-08 6.749E-08 4.889E-19 0.00E+00
2.113E+02 6.903E-08 6.903E-08 5.118E-19 0.00E+00
2.089E+02 7.060E-08 7.060E-08 5.357E-19 0.00E+00
2.065E+02 7.221E-08 7.221E-08 5.608E-19 0.00E+00
2.042E+02 7.385E-08 7.385E-08 5.870E-19 0.00E+00
2.018E+02 7.553E-08 7.553E-08 6.144E-19 0.00E+00
1.995E+02 7.724E-08 7.724E-08 6.431E-19 0.00E+00
1.972E+02 7.900E-08 7.900E-08 6.732E-19 0.00E+00
1.950E+02 8.079E-08 8.079E-08 7.046E-19 0.00E+00
1.928E+02 8.262E-08 8.262E-08 7.375E-19 0.00E+00
1.905E+02 8.450E-08 8.450E-08 7.719E-19 0.00E+00
1.884E+02 8.641E-08 8.641E-08 8.080E-19 0.00E+00
1.862E+02 8.837E-08 8.837E-08 8.457E-19 0.00E+00
1.841E+02 9.038E-08 9.038E-08 8.851E-19 0.00E+00
1.820E+02 9.242E-08 9.242E-08 9.264E-19 0.00E+00
1.799E+02 9.451E-08 9.451E-08 9.696E-19 0.00E+00
1.778E+02 9.665E-08 9.665E-08 1.015E-18 0.00E+00
1.758E+02 9.884E-08 9.884E-08 1.062E-18 0.00E+00
1.738E+02 1.011E-07 1.011E-07 1.112E-18 0.00E+00
1.718E+02 1.034E-07 1.034E-07 1.163E-18 0.00E+00
1.698E+02 1.057E-07 1.057E-07 1.218E-18 0.00E+00
1.679E+02 1.081E-07 1.081E-07 1.274E-18 0.00E+00
1.660E+02 1.105E-07 1.105E-07 1.334E-18 0.00E+00
1.641E+02 1.130E-07 1.130E-07 1.396E-18 0.00E+00
1.622E+02 1.155E-07 1.155E-07 1.461E-18 0.00E+00
1.603E+02 1.181E-07 1.181E-07 1.529E-18 0.00E+00
1.585E+02 1.208E-07 1.208E-07 1.600E-18 0.00E+00
1.567E+02 1.235E-07 1.235E-07 1.674E-18 0.00E+00
1.549E+02 1.263E-07 1.263E-07 1.752E-18 0.00E+00
1.531E+02 1.291E-07 1.291E-07 1.834E-18 0.00E+00
1.514E+02 1.320E-07 1.320E-07 1.919E-18 0.00E+00
1.496E+02 1.350E-07 1.350E-07 2.008E-18 0.00E+00
1.479E+02 1.380E-07 1.380E-07 2.101E-18 0.00E+00
1.462E+02 1.411E-07 1.411E-07 2.199E-18 0.00E+00
1.445E+02 1.443E-07 1.443E-07 2.301E-18 0.00E+00
1.429E+02 1.475E-07 1.475E-07 2.408E-18 0.00E+00
1.413E+02 1.508E-07 1.508E-07 2.519E-18 0.00E+00
1.396E+02 1.542E-07 1.542E-07 2.636E-18 0.00E+00
1.380E+02 1.576E-07 1.576E-07 2.758E-18 0.00E+00
1.365E+02 1.612E-07 1.612E-07 2.886E-18 0.00E+00
1.349E+02 1.648E-07 1.648E-07 3.020E-18 0.00E+00
1.334E+02 1.684E-07 1.684E-07 3.160E-18 0.00E+00
1.318E+02 1.722E-07 1.722E-07 3.306E-18 0.00E+00
1.303E+02 1.760E-07 1.760E-07 3.459E-18 0.00E+00
1.288E+02 1.799E-07 1.799E-07 3.619E-18 0.00E+00
1.274E+02 1.840E-07 1.840E-07 3.787E-18 0.00E+00
1.259E+02 1.880E-07 1.880E-07 3.962E-18 0.00E+00
1.245E+02 1.922E-07 1.922E-07 4.145E-18 0.00E+00
1.230E+02 1.965E-07 1.965E-07 4.337E-18 0.00E+00
1.216E+02 2.009E-07 2.009E-07 4.537E-18 0.00E+00
1.202E+02 2.053E-07 2.053E-07 4.746E-18 0.00E+00
1.189E+02 2.099E-07 2.099E-07 4.965E-18 0.00E+00
1.175E+02 2.146E-07 2.146E-07 5.195E-18 0.00E+00
1.161E+02 2.193E-07 2.193E-07 5.434E-18 0.00E+00
1.148E+02 2.242E-07 2.242E-07 5.685E-18 0.00E+00
1.135E+02 2.291E-07 2.291E-07 5.947E-18 0.00E+00
1.122E+02 2.342E-07 2.342E-07 6.221E-18 0.00E+00
1.109E+02 2.394E-07 2.394E-07 6.507E-18 0.00E+00
1.096E+02 2.447E-07 2.447E-07 6.807E-18 0.00E+00
1.084E+02 2.501E-07 2.501E-07 7.120E-18 0.00E+00
1.072E+02 2.557E-07 2.557E-07 7.448E-18 0.00E+00
1.059E+02 2.613E-07 2.613E-07 7.790E-18 0.00E+00
1.047E+02 2.671E-07 2.671E-07 8.148E-18 0.00E+00
1.035E+02 2.730E-07 2.730E-07 8.522E-18 0.00E+00
1.023E+02 2.790E-07 2.790E-07 8.914E-18 0.00E+00
1.012E+02 2.852E-07 2.852E-07 9.323E-18 0.00E+00
1.000E+02 2.915E-07 2.915E-07 9.750E-18 0.00E+00
9.886E+01 2.979E-07 2.979E-07 1.020E-17 0.00E+00
9.772E+01 3.044E-07 3.044E-07 1.066E-17 0.00E+00
9.661E+01 3.112E-07 3.112E-07 1.115E-17 0.00E+00
9.550E+01 3.180E-07 3.180E-07 1.166E-17 0.00E+00
9.441E+01 3.250E-07 3.250E-07 1.220E-17 0.00E+00
9.333E+01 3.322E-07 3.322E-07 1.276E-17 0.00E+00
9.226E+01 3.395E-07 3.395E-07 1.334E-17 0.00E+00
9.120E+01 3.469E-07 3.469E-07 1.395E-17 0.00E+00
9.016E+01 3.545E-07 3.545E-07 1.459E-17 0.00E+00
8.913E+01 3.623E-07 3.623E-07 1.525E-17 0.00E+00
8.810E+01 3.703E-07 3.703E-07 1.595E-17 0.00E+00
8.710E+01 3.784E-07 3.784E-07 1.668E-17 0.00E+00
8.610E+01 3.868E-07 3.868E-07 1.744E-17 0.00E+00
8.511E+01 3.953E-07 3.953E-07 1.823E-17 0.00E+00
8.414E+01 4.040E-07 4.040E-07 1.906E-17 0.00E+00
8.318E+01 4.129E-07 4.129E-07 1.993E-17 0.00E+00
8.222E+01 4.220E-07 4.220E-07 2.084E-17 0.00E+00
8.128E+01 4.313E-07 4.313E-07 2.179E-17 0.00E+00
8.035E+01 4.408E-07 4.408E-07 2.278E-17 0.00E+00
7.943E+01 4.505E-07 4.505E-07 2.382E-17 0.00E+00
7.852E+01 4.605E-07 4.605E-07 2.490E-17 0.00E+00
7.762E+01 4.707E-07 4.707E-07 2.603E-17 0.00E+00
7.674E+01 4.811E-07 4.811E-07 2.721E-17 0.00E+00
7.586E+01 4.918E-07 4.918E-07 2.845E-17 0.00E+00
7.499E+01 5.027E-07 5.027E-07 2.974E-17 0.00E+00
7.413E+01 5.138E-07 5.138E-07 3.109E-17 0.00E+00
7.328E+01 5.253E-07 5.253E-07 3.250E-17 0.00E+00
7.244E+01 5.370E-07 5.370E-07 3.397E-17 0.00E+00
7.161E+01 5.490E-07 5.490E-07 3.551E-17 0.00E+00
7.079E+01 5.612E-07 5.612E-07 3.712E-17 0.00E+00
6.998E+01 5.738E-07 5.738E-07 3.880E-17 0.00E+00
6.918E+01 5.867E-07 5.867E-07 4.055E-17 0.00E+00
6.839E+01 5.999E-07 5.999E-07 4.239E-17 0.00E+00
6.761E+01 6.134E-07 6.134E-07 4.431E-17 0.00E+00
6.683E+01 6.273E-07 6.273E-07 4.631E-17 0.00E+00
6.607E+01 6.415E-07 6.415E-07 4.840E-17 0.00E+00
6.531E+01 6.561E-07 6.561E-07 5.059E-17 0.00E+00
6.457E+01 6.711E-07 6.711E-07 5.288E-17 0.00E+00
6.383E+01 6.865E-07 6.865E-07 5.527E-17 0.00E+00
6.310E+01 7.022E-07 7.022E-07 5.776E-17 0.00E+00
6.237E+01 7.184E-07 7.184E-07 6.037E-17 0.00E+00
6.166E+01 7.350E-07 7.350E-07 6.309E-17 0.00E+00
6.095E+01 7.521E-07 7.521E-07 6.594E-17 0.00E+00
6.026E+01 7.696E-07 7.696E-07 6.892E-17 0.00E+00
5.957E+01 7.877E-07 7.877E-07 7.202E-17 0.00E+00
5.888E+01 8.062E-07 8.062E-07 7.527E-17 0.00E+00
5.821E+01 8.252E-07 8.252E-07 7.867E-17 0.00E+00
5.754E+01 8.448E-07 8.448E-07 8.221E-17 0.00E+00
5.689E+01 8.650E-07 8.650E-07 8.592E-17 0.00E+00
5.623E+01 8.857E-07 8.857E-07 8.979E-17 0.00E+00
5.559E+01 9.071E-07 9.071E-07 9.384E-17 0.00E+00
5.495E+01 9.291E-07 9.291E-07 9.807E-17 0.00E+00
5.433E+01 9.518E-07 9.518E-07 1.025E-16 0.00E+00
5.370E+01 9.752E-07 9.752E-07 1.071E-16 0.00E+00
5.309E+01 9.993E-07 9.993E-07 1.119E-16 0.00E+00
5.248E+01 1.024E-06 1.024E-06 1.170E-16 0.00E+00
5.188E+01 1.050E-06 1.050E-06 1.222E-16 0.00E+00
5.129E+01 1.076E-06 1.076E-06 1.278E-16 0.00E+00
5.070E+01 1.103E-06 1.103E-06 1.335E-16 0.00E+00
5.012E+01 1.132E-06 1.132E-06 1.395E-16 0.00E+00
4.955E+01 1.161E-06 1.161E-06 1.458E-16 0.00E+00
4.898E+01 1.191E-06 1.191E-06 1.524E-16 0.00E+00
4.842E+01 1.222E-06 1.222E-06 1.593E-16 0.00E+00
4.786E+01 1.254E-06 1.254E-06 1.664E-16 0.00E+00
4.732E+01 1.288E-06 1.288E-06 1.739E-16 0.00E+00
4.677E+01 1.322E-06 1.322E-06 1.818E-16 0.00E+00
4.624E+01 1.358E-06 1.358E-06 1.900E-16 0.00E+00
4.571E+01 1.395E-06 1.395E-06 1.986E-16 0.00E+00
4.519E+01 1.433E-06 1.433E-06 2.075E-16 0.00E+00
4.467E+01 1.472E-06 1.472E-06 2.169E-16 0.00E+00
4.416E+01 1.513E-06 1.513E-06 2.267E-16 0.00E+00
4.365E+01 1.556E-06 1.556E-06 2.369E-16 0.00E+00
4.315E+01 1.600E-06 1.600E-06 2.476E-16 0.00E+00
4.266E+01 1.646E-06 1.646E-06 2.588E-16 0.00E+00
4.217E+01 1.693E-06 1.693E-06 2.704E-16 0.00E+00
4.169E+01 1.742E-06 1.742E-06 2.827E-16 0.00E+00
4.121E+01 1.793E-06 1.793E-06 2.954E-16 0.00E+00
4.074E+01 1.845E-06 1.845E-06 3.088E-16 0.00E+00
4.027E+01 1.900E-06 1.900E-06 3.227E-16 0.00E+00
3.981E+01 1.956E-06 1.956E-06 3.373E-16 0.00E+00
3.936E+01 2.015E-06 2.015E-06 3.526E-16 0.00E+00
3.890E+01 2.076E-06 2.076E-06 3.686E-16 0.00E+00
3.846E+01 2.138E-06 2.138E-06 3.853E-16 0.00E+00
3.802E+01 2.204E-06 2.204E-06 4.027E-16 0.00E+00
3.758E+01 2.271E-06 2.271E-06 4.210E-16 0.00E+00
3.715E+01 2.340E-06 2.340E-06 4.401E-16 0.00E+00
3.673E+01 2.412E-06 2.412E-06 4.601E-16 0.00E+00
3.631E+01 2.487E-06 2.487E-06 4.809E-16 0.00E+00
3.589E+01 2.563E-06 2.563E-06 5.028E-16 0.00E+00
3.548E+01 2.642E-06 2.642E-06 5.256E-16 0.00E+00
3.508E+01 2.723E-06 2.723E-06 5.496E-16 0.00E+00
3.467E+01 2.807E-06 2.807E-06 5.746E-16 0.00E+00
3.428E+01 2.893E-06 2.893E-06 6.007E-16 0.00E+00
3.388E+01 2.980E-06 2.980E-06 6.281E-16 0.00E+00
3.350E+01 3.070E-06 3.070E-06 6.567E-16 0.00E+00
3.311E+01 3.162E-06 3.162E-06 6.867E-16 0.00E+00
3.273E+01 3.255E-06 3.255E-06 7.180E-16 0.00E+00
3.236E+01 3.350E-06 3.350E-06 7.508E-16 0.00E+00
3.199E+01 3.445E-06 3.445E-06 7.851E-16 0.00E+00
3.162E+01 3.542E-06 3.542E-06 8.211E-16 0.00E+00
3.126E+01 3.640E-06 3.640E-06 8.586E-16 0.00E+00
3.090E+01 3.737E-06 3.737E-06 8.979E-16 0.00E+00
3.055E+01 3.835E-06 3.835E-06 9.391E-16 0.00E+00
3.020E+01 3.932E-06 3.932E-06 9.821E-16 0.00E+00
2.985E+01 4.029E-06 4.029E-06 1.027E-15 0.00E+00
2.951E+01 4.124E-06 4.124E-06 1.074E-15 0.00E+00
2.917E+01 4.218E-06 4.218E-06 1.124E-15 0.00E+00
2.884E+01 4.310E-06 4.310E-06 1.175E-15 0.00E+00
2.851E+01 4.400E-06 4.400E-06 1.229E-15 0.00E+00
2.818E+01 4.489E-06 4.489E-06 1.286E-15 0.00E+00
2.786E+01 4.575E-06 4.575E-06 1.345E-15 0.00E+00
2.754E+01 4.660E-06 4.660E-06 1.407E-15 0.00E+00
2.723E+01 4.745E-06 4.745E-06 1.472E-15 0.00E+00
2.692E+01 4.830E-06 4.830E-06 1.539E-15 0.00E+00
2.661E+01 4.918E-06 4.918E-06 1.610E-15 0.00E+00
2.630E+01 5.011E-06 5.011E-06 1.685E-15 0.00E+00
2.600E+01 5.115E-06 5.115E-06 1.762E-15 0.00E+00
2.570E+01 5.234E-06 5.234E-06 1.844E-15 0.00E+00
2.541E+01 5.381E-06 5.381E-06 1.929E-15 0.00E+00
2.512E+01 5.570E-06 5.570E-06 2.018E-15 0.00E+00
2.483E+01 5.830E-06 5.830E-06 2.111E-15 0.00E+00
2.455E+01 6.207E-06 6.207E-06 2.209E-15 0.00E+00
2.427E+01 6.793E-06 6.793E-06 2.311E-15 0.00E+00
2.399E+01 7.762E-06 7.762E-06 2.417E-15 0.00E+00
2.371E+01 9.443E-06 9.443E-06 2.529E-15 0.00E+00
2.344E+01 1.221E-05 1.221E-05 2.646E-15 0.00E+00
2.317E+01 1.504E-05 1.504E-05 2.769E-15 0.00E+00
2.291E+01 1.462E-05 1.462E-05 2.897E-15 0.00E+00
2.265E+01 1.248E-05 1.248E-05 3.032E-15 0.00E+00
2.239E+01 1.162E-05 1.162E-05 3.173E-15 0.00E+00
2.213E+01 1.261E-05 1.261E-05 3.320E-15 0.00E+00
2.188E+01 1.606E-05 1.606E-05 3.474E-15 0.00E+00
2.163E+01 2.398E-05 2.398E-05 3.635E-15 0.00E+00
2.138E+01 3.807E-05 3.807E-05 3.804E-15 0.00E+00
2.113E+01 4.339E-05 4.339E-05 3.982E-15 0.00E+00
2.089E+01 2.943E-05 2.943E-05 4.167E-15 0.00E+00
2.065E+01 1.796E-05 1.796E-05 4.361E-15 0.00E+00
2.042E+01 1.211E-05 1.211E-05 4.564E-15 0.00E+00
2.018E+01 9.099E-06 9.099E-06 4.777E-15 0.00E+00
1.995E+01 7.441E-06 7.441E-06 4.999E-15 0.00E+00
1.972E+01 6.488E-06 6.488E-06 5.231E-15 0.00E+00
1.950E+01 5.971E-06 5.971E-06 5.475E-15 0.00E+00
1.928E+01 5.805E-06 5.805E-06 5.730E-15 0.00E+00
1.905E+01 6.067E-06 6.067E-06 5.997E-15 0.00E+00
1.884E+01 7.159E-06 7.159E-06 6.277E-15 0.00E+00
1.862E+01 1.073E-05 1.073E-05 6.570E-15 0.00E+00
1.841E+01 2.505E-05 2.505E-05 6.876E-15 0.00E+00
1.820E+01 4.022E-05 4.022E-05 7.198E-15 0.00E+00
1.799E+01 1.499E-05 1.499E-05 7.534E-15 0.00E+00
1.778E+01 7.836E-06 7.836E-06 7.886E-15 0.00E+00
1.758E+01 5.636E-06 5.636E-06 8.255E-15 0.00E+00
1.738E+01 4.781E-06 4.781E-06 8.642E-15 0.00E+00
1.718E+01 4.497E-06 4.497E-06 9.046E-15 0.00E+00
1.698E+01 4.691E-06 4.691E-06 9.469E-15 0.00E+00
1.679E+01 5.878E-06 5.878E-06 9.913E-15 0.00E+00
1.660E+01 1.209E-05 1.209E-05 1.038E-14 0.00E+00
1.641E+01 6.460E-05 6.460E-05 1.086E-14 0.00E+00
1.622E+01 1.292E-05 1.292E-05 1.137E-14 0.00E+00
1.603E+01 5.677E-06 5.677E-06 1.191E-14 0.00E+00
1.585E+01 4.147E-06 4.147E-06 1.246E-14 0.00E+00
1.567E+01 3.601E-06 3.601E-06 1.305E-14 0.00E+00
1.549E+01 3.360E-06 3.360E-06 1.366E-14 0.00E+00
1.531E+01 3.252E-06 3.252E-06 1.430E-14 0.00E+00
1.514E+01 3.218E-06 3.218E-06 1.497E-14 0.00E+00
1.496E+01 3.236E-06 3.236E-06 1.568E-14 0.00E+00
1.479E+01 3.298E-06 3.298E-06 1.642E-14 0.00E+00
1.462E+01 3.404E-06 3.404E-06 1.719E-14 0.00E+00
1.445E+01 3.558E-06 3.558E-06 1.800E-14 0.00E+00
1.429E+01 3.773E-06 3.773E-06 1.884E-14 0.00E+00
1.413E+01 4.064E-06 4.064E-06 1.973E-14 0.00E+00
1.396E+01 4.461E-06 4.461E-06 2.065E-14 0.00E+00
1.380E+01 5.007E-06 5.007E-06 2.162E-14 0.00E+00
1.365E+01 5.776E-06 5.776E-06 2.264E-14 0.00E+00
1.349E+01 6.886E-06 6.886E-06 2.370E-14 0.00E+00
1.334E+01 8.535E-06 8.535E-06 2.482E-14 0.00E+00
1.318E+01 1.103E-05 1.103E-05 2.599E-14 0.00E+00
1.303E+01 1.472E-05 1.472E-05 2.721E-14 0.00E+00
1.288E+01 1.942E-05 1.942E-05 2.849E-14 0.00E+00
1.274E+01 2.294E-05 2.294E-05 2.983E-14 0.00E+00
1.259E+01 2.237E-05 2.237E-05 3.123E-14 0.00E+00
1.245E+01 1.918E-05 1.918E-05 3.270E-14 0.00E+00
1.230E+01 1.689E-05 1.689E-05 3.425E-14 0.00E+00
1.216E+01 1.751E-05 1.751E-05 3.586E-14 0.00E+00
1.202E+01 2.401E-05 2.401E-05 3.755E-14 0.00E+00
1.189E+01 3.290E-05 3.290E-05 3.935E-14 0.00E+00
1.175E+01 2.726E-05 2.726E-05 4.129E-14 0.00E+00
1.161E+01 3.068E-05 3.068E-05 4.341E-14 0.00E+00
1.148E+01 4.818E-05 4.818E-05 4.421E-14 0.00E+00
1.135E+01 7.672E-05 7.672E-05 4.695E-14 0.00E+00
1.122E+01 7.006E-05 7.006E-05 4.925E-14 0.00E+00
1.109E+01 4.018E-05 4.018E-05 5.163E-14 0.00E+00
1.096E+01 2.329E-05 2.329E-05 5.410E-14 0.00E+00
1.084E+01 1.525E-05 1.525E-05 5.667E-14 0.00E+00
1.072E+01 1.112E-05 1.112E-05 5.935E-14 0.00E+00
1.059E+01 8.810E-06 8.810E-06 6.214E-14 0.00E+00
1.047E+01 7.431E-06 7.431E-06 6.505E-14 0.00E+00
1.035E+01 6.578E-06 6.578E-06 6.810E-14 0.00E+00
1.023E+01 6.051E-06 6.051E-06 7.130E-14 0.00E+00
1.012E+01 5.741E-06 5.741E-06 7.466E-14 0.00E+00
1.000E+01 5.591E-06 5.591E-06 7.817E-14 0.00E+00
9.886E+00 5.568E-06 5.568E-06 8.185E-14 0.00E+00
9.772E+00 5.658E-06 5.658E-06 8.570E-14 0.00E+00
9.661E+00 5.858E-06 5.858E-06 8.974E-14 0.00E+00
9.550E+00 6.176E-06 6.176E-06 9.396E-14 0.00E+00
9.441E+00 6.635E-06 6.635E-06 9.838E-14 0.00E+00
9.333E+00 7.274E-06 7.274E-06 1.030E-13 0.00E+00
9.226E+00 8.164E-06 8.164E-06 1.078E-13 0.00E+00
9.120E+00 9.434E-06 9.434E-06 1.129E-13 0.00E+00
9.016E+00 1.132E-05 1.132E-05 1.182E-13 0.00E+00
8.913E+00 1.429E-05 1.429E-05 1.238E-13 0.00E+00
8.810E+00 1.917E-05 1.917E-05 1.296E-13 0.00E+00
8.710E+00 2.664E-05 2.664E-05 1.357E-13 0.00E+00
8.610E+00 3.306E-05 3.306E-05 1.420E-13 0.00E+00
8.511E+00 3.150E-05 3.150E-05 1.487E-13 0.00E+00
8.414E+00 2.751E-05 2.751E-05 1.557E-13 0.00E+00
8.318E+00 2.653E-05 2.653E-05 1.630E-13 0.00E+00
8.222E+00 2.863E-05 2.863E-05 1.706E-13 0.00E+00
8.128E+00 3.339E-05 3.339E-05 1.786E-13 0.00E+00
8.035E+00 4.073E-05 4.073E-05 1.870E-13 0.00E+00
7.943E+00 5.047E-05 5.047E-05 1.958E-13 0.00E+00
7.852E+00 6.131E-05 6.131E-05 2.049E-13 0.00E+00
7.762E+00 6.979E-05 6.979E-05 2.145E-13 0.00E+00
7.674E+00 7.137E-05 7.137E-05 2.246E-13 0.00E+00
7.586E+00 6.496E-05 6.496E-05 2.351E-13 0.00E+00
7.499E+00 5.420E-05 5.420E-05 2.461E-13 0.00E+00
7.413E+00 4.333E-05 4.333E-05 2.576E-13 0.00E+00
7.328E+00 3.432E-05 3.432E-05 2.697E-13 0.00E+00
7.244E+00 2.748E-05 2.748E-05 2.824E-13 0.00E+00
7.161E+00 2.246E-05 2.246E-05 2.956E-13 0.00E+00
7.079E+00 1.882E-05 1.882E-05 3.094E-13 0.00E+00
6.998E+00 1.622E-05 1.622E-05 3.239E-13 0.00E+00
6.918E+00 1.440E-05 1.440E-05 3.391E-13 0.00E+00
6.839E+00 1.324E-05 1.324E-05 3.550E-13 0.00E+00
6.761E+00 1.265E-05 1.265E-05 3.716E-13 0.00E+00
6.683E+00 1.267E-05 1.267E-05 3.890E-13 0.00E+00
6.607E+00 1.345E-05 1.345E-05 4.072E-13 0.00E+00
6.531E+00 1.532E-05 1.532E-05 4.262E-13 0.00E+00
6.457E+00 1.903E-05 1.903E-05 4.462E-13 0.00E+00
6.383E+00 2.598E-05 2.598E-05 4.670E-13 0.00E+00
6.310E+00 3.799E-05 3.799E-05 4.888E-13 0.00E+00
6.237E+00 5.210E-05 5.210E-05 5.119E-13 0.00E+00
6.166E+00 5.225E-05 5.225E-05 5.357E-13 0.00E+00
6.095E+00 3.778E-05 3.778E-05 5.608E-13 0.00E+00
6.026E+00 2.491E-05 2.491E-05 5.870E-13 0.00E+00
5.957E+00 1.711E-05 1.711E-05 6.144E-13 0.00E+00
5.888E+00 1.256E-05 1.256E-05 6.431E-13 0.00E+00
5.821E+00 9.789E-06 9.789E-06 6.731E-13 0.00E+00
5.754E+00 8.000E-06 8.000E-06 7.046E-13 0.00E+00
5.689E+00 6.784E-06 6.784E-06 7.375E-13 0.00E+00
5.623E+00 5.921E-06 5.921E-06 7.719E-13 0.00E+00
5.559E+00 5.286E-06 5.286E-06 8.079E-13 0.00E+00
5.495E+00 4.804E-06 4.804E-06 8.456E-13 0.00E+00
5.433E+00 4.431E-06 4.431E-06 8.851E-13 0.00E+00
5.370E+00 4.135E-06 4.135E-06 9.263E-13 0.00E+00
5.309E+00 3.898E-06 3.898E-06 9.695E-13 0.00E+00
5.248E+00 3.704E-06 3.704E-06 1.015E-12 0.00E+00
5.188E+00 3.545E-06 3.545E-06 1.062E-12 0.00E+00
5.129E+00 3.414E-06 3.414E-06 1.111E-12 0.00E+00
5.070E+00 3.305E-06 3.305E-06 1.163E-12 0.00E+00
5.012E+00 3.213E-06 3.213E-06 1.217E-12 0.00E+00
4.955E+00 3.137E-06 3.137E-06 1.274E-12 0.00E+00
4.898E+00 3.072E-06 3.072E-06 1.333E-12 0.00E+00
4.842E+00 3.019E-06 3.019E-06 1.395E-12 0.00E+00
4.786E+00 2.976E-06 2.976E-06 1.460E-12 0.00E+00
4.732E+00 2.940E-06 2.940E-06 1.528E-12 0.00E+00
4.677E+00 2.912E-06 2.912E-06 1.600E-12 0.00E+00
4.624E+00 2.890E-06 2.890E-06 1.674E-12 0.00E+00
4.571E+00 2.874E-06 2.874E-06 1.752E-12 0.00E+00
4.519E+00 2.863E-06 2.863E-06 1.834E-12 0.00E+00
4.467E+00 2.857E-06 2.857E-06 1.919E-12 0.00E+00
4.416E+00 2.855E-06 2.855E-06 2.008E-12 5.08E-07
4.365E+00 2.857E-06 2.857E-06 2.102E-12 5.19E-07
4.315E+00 2.864E-06 2.864E-06 2.199E-12 5.30E-07
4.266E+00 2.874E-06 2.874E-06 2.302E-12 5.41E-07
4.217E+00 2.887E-06 2.887E-06 2.409E-12 5.53E-07
4.169E+00 2.904E-06 2.904E-06 2.520E-12 5.64E-07
4.121E+00 2.924E-06 2.924E-06 2.638E-12 5.76E-07
4.074E+00 2.948E-06 2.948E-06 2.760E-12 5.88E-07
4.027E+00 2.976E-06 2.976E-06 2.888E-12 6.00E-07
3.981E+00 3.007E-06 3.007E-06 3.022E-12 6.13E-07
3.936E+00 3.042E-06 3.042E-06 3.163E-12 6.26E-07
3.890E+00 3.083E-06 3.083E-06 3.310E-12 6.39E-07
3.846E+00 3.128E-06 3.128E-06 3.463E-12 6.52E-07
3.802E+00 3.180E-06 3.180E-06 3.624E-12 6.65E-07
3.758E+00 3.241E-06 3.241E-06 3.793E-12 6.79E-07
3.715E+00 3.313E-06 3.313E-06 3.969E-12 6.92E-07
3.673E+00 3.399E-06 3.399E-06 4.153E-12 7.06E-07
3.631E+00 3.508E-06 3.508E-06 4.346E-12 7.21E-07
3.589E+00 3.650E-06 3.650E-06 4.548E-12 7.35E-07
3.548E+00 3.847E-06 3.847E-06 4.759E-12 7.50E-07
3.508E+00 4.143E-06 4.143E-06 4.980E-12 7.65E-07
3.467E+00 4.636E-06 4.636E-06 5.211E-12 7.80E-07
3.428E+00 5.585E-06 5.585E-06 5.453E-12 7.96E-07
3.388E+00 7.883E-06 7.883E-06 5.706E-12 8.12E-07
3.350E+00 1.616E-05 1.616E-05 5.970E-12 8.28E-07
3.311E+00 7.170E-05 7.170E-05 6.247E-12 8.45E-07
3.273E+00 3.587E-05 3.587E-05 6.537E-12 8.62E-07
3.236E+00 1.144E-05 1.144E-05 6.841E-12 8.79E-07
3.199E+00 6.930E-06 6.930E-06 7.158E-12 8.97E-07
3.162E+00 5.472E-06 5.472E-06 7.488E-12 9.16E-07
3.126E+00 4.864E-06 4.864E-06 7.836E-12 9.34E-07
3.090E+00 4.568E-06 4.568E-06 8.199E-12 9.53E-07
3.055E+00 4.417E-06 4.417E-06 8.579E-12 9.72E-07
3.020E+00 4.343E-06 4.343E-06 8.976E-12 9.92E-07
2.985E+00 4.314E-06 4.314E-06 9.392E-12 1.01E-06
2.951E+00 4.312E-06 4.312E-06 9.826E-12 1.03E-06
2.917E+00 4.330E-06 4.330E-06 1.028E-11 1.05E-06
2.884E+00 4.360E-06 4.360E-06 1.076E-11 1.07E-06
2.851E+00 4.400E-06 4.400E-06 1.126E-11 1.09E-06
2.818E+00 4.447E-06 4.447E-06 1.178E-11 1.12E-06
2.786E+00 4.499E-06 4.499E-06 1.232E-11 1.14E-06
2.754E+00 4.557E-06 4.557E-06 1.289E-11 1.16E-06
2.723E+00 4.619E-06 4.619E-06 1.349E-11 1.19E-06
2.692E+00 4.683E-06 4.683E-06 1.411E-11 1.21E-06
2.661E+00 4.751E-06 4.751E-06 1.476E-11 1.23E-06
2.630E+00 4.822E-06 4.822E-06 1.544E-11 1.26E-06
2.600E+00 4.894E-06 4.894E-06 1.616E-11 1.28E-06
2.570E+00 4.968E-06 4.968E-06 1.690E-11 1.31E-06
2.541E+00 5.044E-06 5.044E-06 1.768E-11 1.34E-06
2.512E+00 5.122E-06 5.122E-06 1.850E-11 1.37E-06
2.483E+00 5.203E-06 5.203E-06 1.935E-11 1.39E-06
2.455E+00 5.286E-06 5.286E-06 2.024E-11 1.42E-06
2.427E+00 5.371E-06 5.371E-06 2.118E-11 1.45E-06
2.399E+00 5.458E-06 5.458E-06 2.216E-11 1.48E-06
2.371E+00 5.547E-06 5.547E-06 2.318E-11 1.51E-06
2.344E+00 5.638E-06 5.638E-06 2.425E-11 1.54E-06
2.317E+00 5.732E-06 5.732E-06 2.537E-11 1.57E-06
2.291E+00 5.827E-06 5.827E-06 2.654E-11 1.60E-06
2.265E+00 5.925E-06 5.925E-06 2.777E-11 1.63E-06
2.239E+00 6.025E-06 6.025E-06 2.905E-11 1.67E-06
2.213E+00 6.127E-06 6.127E-06 3.040E-11 1.70E-06
2.188E+00 6.231E-06 6.231E-06 3.180E-11 1.73E-06
2.163E+00 6.338E-06 6.338E-06 3.327E-11 1.77E-06
2.138E+00 6.447E-06 6.447E-06 3.480E-11 1.80E-06
2.113E+00 6.557E-06 6.557E-06 3.641E-11 1.84E-06
2.089E+00 6.668E-06 6.668E-06 3.809E-11 1.87E-06
2.065E+00 6.781E-06 6.781E-06 3.984E-11 1.91E-06
2.042E+00 6.897E-06 6.897E-06 4.168E-11 1.95E-06
2.018E+00 7.015E-06 7.015E-06 4.360E-11 1.99E-06
1.995E+00 7.136E-06 7.136E-06 4.561E-11 2.03E-06
1.972E+00 7.259E-06 7.259E-06 4.772E-11 2.07E-06
1.950E+00 7.384E-06 7.384E-06 4.992E-11 2.11E-06
1.928E+00 7.512E-06 7.512E-06 5.222E-11 2.15E-06
1.905E+00 7.643E-06 7.643E-06 5.463E-11 2.19E-06
1.884E+00 7.776E-06 7.776E-06 5.715E-11 2.24E-06
1.862E+00 7.912E-06 7.912E-06 5.978E-11 2.28E-06
1.841E+00 8.051E-06 8.051E-06 6.254E-11 2.33E-06
1.820E+00 8.193E-06 8.192E-06 6.543E-11 2.37E-06
1.799E+00 8.337E-06 8.337E-06 6.845E-11 2.42E-06
1.778E+00 8.484E-06 8.484E-06 7.160E-11 2.46E-06
1.758E+00 8.634E-06 8.634E-06 7.491E-11 2.51E-06
1.738E+00 8.787E-06 8.787E-06 7.836E-11 2.56E-06
1.718E+00 8.943E-06 8.943E-06 8.197E-11 2.61E-06
1.698E+00 9.101E-06 9.101E-06 8.574E-11 2.66E-06
1.679E+00 9.262E-06 9.262E-06 8.969E-11 2.72E-06
1.660E+00 9.426E-06 9.426E-06 9.382E-11 2.77E-06
1.641E+00 9.591E-06 9.591E-06 9.813E-11 2.82E-06
1.622E+00 9.758E-06 9.758E-06 1.026E-10 2.88E-06
1.603E+00 9.928E-06 9.928E-06 1.074E-10 2.94E-06
1.585E+00 1.010E-05 1.010E-05 1.123E-10 3.00E-06
1.567E+00 1.028E-05 1.028E-05 1.175E-10 3.06E-06
1.549E+00 1.045E-05 1.045E-05 1.229E-10 3.12E-06
1.531E+00 1.064E-05 1.064E-05 1.285E-10 3.18E-06
1.514E+00 1.082E-05 1.082E-05 1.345E-10 3.24E-06
1.496E+00 1.101E-05 1.101E-05 1.407E-10 3.30E-06
1.479E+00 1.121E-05 1.121E-05 1.472E-10 3.37E-06
1.462E+00 1.141E-05 1.141E-05 1.540E-10 3.43E-06
1.445E+00 1.161E-05 1.161E-05 1.611E-10 3.50E-06
1.429E+00 1.183E-05 1.183E-05 1.685E-10 3.57E-06
1.413E+00 1.204E-05 1.204E-05 1.763E-10 3.63E-06
1.396E+00 1.226E-05 1.226E-05 1.844E-10 3.70E-06
1.380E+00 1.249E-05 1.249E-05 1.929E-10 3.77E-06
1.365E+00 1.272E-05 1.271E-05 2.018E-10 3.84E-06
1.349E+00 1.295E-05 1.295E-05 2.111E-10 3.92E-06
1.334E+00 1.319E-05 1.319E-05 2.209E-10 3.99E-06
1.318E+00 1.343E-05 1.343E-05 2.310E-10 4.07E-06
1.303E+00 1.368E-05 1.368E-05 2.417E-10 4.15E-06
1.288E+00 1.393E-05 1.393E-05 2.528E-10 4.23E-06
1.274E+00 1.418E-05 1.418E-05 2.644E-10 4.31E-06
1.259E+00 1.445E-05 1.444E-05 2.765E-10 4.39E-06
1.245E+00 1.471E-05 1.471E-05 2.893E-10 4.48E-06
1.230E+00 1.498E-05 1.498E-05 3.026E-10 4.57E-06
1.216E+00 1.525E-05 1.525E-05 3.165E-10 4.65E-06
1.202E+00 1.554E-05 1.554E-05 3.311E-10 4.74E-06
1.189E+00 1.583E-05 1.583E-05 3.464E-10 4.84E-06
1.175E+00 1.612E-05 1.612E-05 3.624E-10 4.93E-06
1.161E+00 1.643E-05 1.643E-05 3.791E-10 5.02E-06
1.148E+00 1.674E-05 1.674E-05 3.965E-10 5.12E-06
1.135E+00 1.707E-05 1.707E-05 4.148E-10 5.22E-06
1.122E+00 1.740E-05 1.740E-05 4.339E-10 5.32E-06
1.109E+00 1.775E-05 1.775E-05 4.538E-10 5.42E-06
1.096E+00 1.810E-05 1.810E-05 4.747E-10 5.52E-06
1.084E+00 1.847E-05 1.847E-05 4.966E-10 5.63E-06
1.072E+00 1.886E-05 1.885E-05 5.194E-10 5.74E-06
1.059E+00 1.925E-05 1.925E-05 5.433E-10 5.84E-06
1.047E+00 1.966E-05 1.966E-05 5.682E-10 5.96E-06
1.035E+00 2.009E-05 2.009E-05 5.944E-10 6.07E-06
1.023E+00 2.055E-05 2.054E-05 6.217E-10 6.18E-06
1.012E+00 2.102E-05 2.102E-05 6.502E-10 6.30E-06
1.000E+00 2.152E-05 2.152E-05 6.800E-10 6.42E-06
9.886E-01 2.204E-05 2.204E-05 7.112E-10 6.55E-06
9.772E-01 2.260E-05 2.260E-05 7.439E-10 6.67E-06
9.661E-01 2.320E-05 2.320E-05 7.780E-10 6.80E-06
9.550E-01 2.385E-05 2.384E-05 8.136E-10 6.93E-06
9.441E-01 2.454E-05 2.454E-05 8.509E-10 7.07E-06
9.333E-01 2.531E-05 2.531E-05 8.898E-10 7.20E-06
9.226E-01 2.615E-05 2.615E-05 9.306E-10 7.35E-06
9.120E-01 2.709E-05 2.709E-05 9.731E-10 7.49E-06
9.016E-01 2.815E-05 2.815E-05 1.018E-09 7.64E-06
8.913E-01 2.935E-05 2.935E-05 1.064E-09 7.79E-06
8.810E-01 3.073E-05 3.073E-05 1.113E-09 7.95E-06
8.710E-01 3.233E-05 3.233E-05 1.163E-09 8.11E-06
8.610E-01 3.422E-05 3.422E-05 1.217E-09 8.27E-06
8.511E-01 3.648E-05 3.648E-05 1.272E-09 8.44E-06
8.414E-01 3.920E-05 3.920E-05 1.330E-09 8.61E-06
8.318E-01 4.253E-05 4.253E-05 1.391E-09 8.78E-06
8.222E-01 4.666E-05 4.666E-05 1.454E-09 8.96E-06
8.128E-01 5.186E-05 5.185E-05 1.520E-09 9.15E-06
8.035E-01 5.848E-05 5.847E-05 1.589E-09 9.33E-06
7.943E-01 6.703E-05 6.703E-05 1.662E-09 9.53E-06
7.852E-01 7.826E-05 7.825E-05 1.737E-09 9.72E-06
7.762E-01 9.318E-05 9.317E-05 1.817E-09 9.93E-06
7.674E-01 1.133E-04 1.133E-04 1.899E-09 1.01E-05
7.586E-01 1.406E-04 1.406E-04 1.986E-09 1.03E-05
7.499E-01 1.779E-04 1.779E-04 2.076E-09 1.06E-05
7.413E-01 2.285E-04 2.285E-04 2.170E-09 1.08E-05
7.328E-01 2.953E-04 2.953E-04 2.269E-09 1.10E-05
7.244E-01 3.790E-04 3.790E-04 2.373E-09 1.13E-05
7.161E-01 4.758E-04 4.758E-04 2.481E-09 1.15E-05
7.079E-01 5.779E-04 5.779E-04 2.593E-09 1.17E-05
6.998E-01 6.769E-04 6.769E-04 2.712E-09 1.20E-05
6.918E-01 7.676E-04 7.675E-04 2.835E-09 1.23E-05
6.839E-01 8.482E-04 8.482E-04 2.964E-09 1.25E-05
6.761E-01 9.195E-04 9.195E-04 3.100E-09 1.28E-05
6.683E-01 9.841E-04 9.840E-04 3.241E-09 1.31E-05
6.607E-01 1.045E-03 1.045E-03 3.389E-09 1.34E-05
6.531E-01 1.108E-03 1.108E-03 3.544E-09 1.37E-05
6.457E-01 1.180E-03 1.180E-03 3.706E-09 1.40E-05
6.383E-01 1.268E-03 1.268E-03 3.876E-09 1.43E-05
6.310E-01 1.382E-03 1.382E-03 4.054E-09 1.46E-05
6.237E-01 1.535E-03 1.535E-03 4.240E-09 1.49E-05
6.166E-01 1.737E-03 1.737E-03 4.435E-09 1.53E-05
6.095E-01 1.992E-03 1.992E-03 4.640E-09 1.56E-05
6.026E-01 2.291E-03 2.291E-03 4.854E-09 1.59E-05
5.957E-01 2.613E-03 2.612E-03 5.078E-09 1.63E-05
5.888E-01 2.935E-03 2.935E-03 5.313E-09 1.67E-05
5.821E-01 3.247E-03 3.247E-03 5.559E-09 1.70E-05
5.754E-01 3.544E-03 3.544E-03 5.817E-09 1.74E-05
5.689E-01 3.830E-03 3.830E-03 6.087E-09 1.78E-05
5.623E-01 4.109E-03 4.109E-03 6.371E-09 1.82E-05
5.559E-01 4.385E-03 4.385E-03 6.668E-09 1.86E-05
5.495E-01 4.660E-03 4.660E-03 6.980E-09 1.90E-05
5.433E-01 4.938E-03 4.938E-03 7.308E-09 1.94E-05
5.370E-01 5.220E-03 5.220E-03 7.652E-09 1.98E-05
5.309E-01 5.507E-03 5.507E-03 8.013E-09 2.03E-05
5.248E-01 5.800E-03 5.800E-03 8.392E-09 2.07E-05
5.188E-01 6.102E-03 6.102E-03 8.790E-09 2.12E-05
5.129E-01 6.411E-03 6.411E-03 9.208E-09 2.16E-05
5.070E-01 6.729E-03 6.729E-03 9.646E-09 2.21E-05
5.012E-01 7.057E-03 7.057E-03 1.011E-08 2.26E-05
4.955E-01 7.395E-03 7.395E-03 1.059E-08 2.31E-05
4.898E-01 7.743E-03 7.743E-03 1.110E-08 2.36E-05
4.842E-01 8.102E-03 8.101E-03 1.163E-08 2.41E-05
4.786E-01 8.471E-03 8.471E-03 1.219E-08 2.46E-05
4.732E-01 8.852E-03 8.852E-03 1.278E-08 2.51E-05
4.677E-01 9.244E-03 9.244E-03 1.339E-08 2.56E-05
4.624E-01 9.649E-03 9.649E-03 1.404E-08 2.61E-05
4.571E-01 1.006E-02 1.006E-02 1.472E-08 2.66E-05
4.519E-01 1.049E-02 1.049E-02 1.543E-08 2.72E-05
4.467E-01 1.093E-02 1.093E-02 1.618E-08 2.77E-05
4.416E-01 1.139E-02 1.139E-02 1.697E-08 2.83E-05
4.365E-01 1.186E-02 1.186E-02 1.780E-08 2.88E-05
4.315E-01 1.234E-02 1.233E-02 1.866E-08 2.93E-05
4.266E-01 1.283E-02 1.283E-02 1.956E-08 2.98E-05
4.217E-01 1.333E-02 1.333E-02 2.051E-08 3.04E-05
4.169E-01 1.385E-02 1.385E-02 2.151E-08 3.09E-05
4.121E-01 1.439E-02 1.439E-02 2.256E-08 3.15E-05
4.074E-01 1.494E-02 1.494E-02 2.366E-08 3.20E-05
4.027E-01 1.550E-02 1.550E-02 2.481E-08 3.26E-05
3.981E-01 1.607E-02 1.607E-02 2.602E-08 3.31E-05
3.935E-01 1.666E-02 1.666E-02 2.729E-08 3.37E-05
3.890E-01 1.727E-02 1.727E-02 2.862E-08 3.42E-05
3.846E-01 1.789E-02 1.789E-02 3.002E-08 3.48E-05
3.802E-01 1.852E-02 1.852E-02 3.149E-08 3.54E-05
3.758E-01 1.917E-02 1.917E-02 3.305E-08 3.59E-05
3.715E-01 1.983E-02 1.983E-02 3.469E-08 3.65E-05
3.673E-01 2.051E-02 2.051E-02 3.643E-08 3.71E-05
3.631E-01 2.120E-02 2.120E-02 3.827E-08 3.77E-05
3.589E-01 2.191E-02 2.191E-02 4.022E-08 3.83E-05
3.548E-01 2.263E-02 2.263E-02 4.229E-08 3.89E-05
3.508E-01 2.337E-02 2.337E-02 4.449E-08 3.95E-05
3.467E-01 2.412E-02 2.412E-02 4.683E-08 4.00E-05
3.428E-01 2.489E-02 2.489E-02 4.933E-08 4.05E-05
3.388E-01 2.568E-02 2.568E-02 5.199E-08 4.10E-05
3.350E-01 2.647E-02 2.647E-02 5.483E-08 4.13E-05
3.311E-01 2.729E-02 2.729E-02 5.786E-08 4.16E-05
3.273E-01 2.812E-02 2.812E-02 6.109E-08 4.19E-05
3.236E-01 2.896E-02 2.896E-02 6.458E-08 4.19E-05
3.199E-01 2.982E-02 2.982E-02 6.831E-08 4.19E-05
3.162E-01 3.070E-02 3.070E-02 7.228E-08 4.16E-05
3.126E-01 3.159E-02 3.159E-02 7.651E-08 4.13E-05
3.090E-01 3.250E-02 3.250E-02 8.103E-08 4.07E-05
3.055E-01 3.342E-02 3.342E-02 8.584E-08 4.00E-05
3.020E-01 3.427E-02 3.427E-02 9.099E-08 3.91E-05
2.985E-01 3.489E-02 3.489E-02 9.650E-08 3.79E-05
2.951E-01 3.557E-02 3.557E-02 1.024E-07 3.66E-05
2.917E-01 3.630E-02 3.630E-02 1.088E-07 3.49E-05
2.884E-01 3.711E-02 3.711E-02 1.158E-07 3.29E-05
2.851E-01 3.799E-02 3.799E-02 1.234E-07 3.07E-05
2.818E-01 3.897E-02 3.897E-02 1.322E-07 2.75E-05
2.786E-01 4.004E-02 4.004E-02 1.416E-07 2.42E-05
2.754E-01 4.123E-02 4.123E-02 1.517E-07 2.10E-05
2.723E-01 4.255E-02 4.255E-02 1.628E-07 1.78E-05
2.692E-01 4.403E-02 4.403E-02 1.749E-07 1.46E-05
2.661E-01 4.567E-02 4.567E-02 1.884E-07 1.17E-05
2.630E-01 4.752E-02 4.752E-02 2.035E-07 9.12E-06
2.600E-01 4.959E-02 4.959E-02 2.206E-07 6.84E-06
2.570E-01 5.193E-02 5.193E-02 2.399E-07 5.05E-06
2.541E-01 5.456E-02 5.456E-02 2.611E-07 3.82E-06
2.512E-01 5.753E-02 5.753E-02 2.850E-07 3.09E-06
2.483E-01 6.089E-02 6.088E-02 3.122E-07 2.80E-06
2.455E-01 6.466E-02 6.466E-02 3.433E-07 2.93E-06
2.427E-01 6.888E-02 6.888E-02 3.791E-07 3.55E-06
2.399E-01 7.357E-02 7.357E-02 4.205E-07 4.65E-06
2.371E-01 7.871E-02 7.870E-02 4.656E-07 6.32E-06
2.344E-01 8.423E-02 8.423E-02 5.137E-07 8.35E-06
2.317E-01 9.000E-02 9.000E-02 5.641E-07 1.05E-05
2.291E-01 9.579E-02 9.579E-02 6.157E-07 1.28E-05
2.265E-01 1.013E-01 1.013E-01 6.685E-07 1.52E-05
2.239E-01 1.060E-01 1.060E-01 7.244E-07 1.77E-05
2.213E-01 1.096E-01 1.096E-01 7.822E-07 2.03E-05
2.188E-01 1.117E-01 1.117E-01 8.283E-07 2.33E-05
2.163E-01 1.119E-01 1.119E-01 8.503E-07 2.67E-05
2.138E-01 1.104E-01 1.104E-01 8.482E-07 3.03E-05
2.113E-01 1.072E-01 1.072E-01 8.302E-07 3.38E-05
2.089E-01 1.028E-01 1.028E-01 7.991E-07 3.75E-05
2.065E-01 9.757E-02 9.757E-02 7.574E-07 4.12E-05
2.042E-01 9.202E-02 9.202E-02 7.068E-07 4.51E-05
2.018E-01 8.646E-02 8.646E-02 6.512E-07 4.90E-05
1.995E-01 8.111E-02 8.111E-02 5.935E-07 5.31E-05
1.972E-01 7.614E-02 7.614E-02 5.364E-07 5.73E-05
1.950E-01 7.160E-02 7.160E-02 4.823E-07 6.16E-05
1.928E-01 6.752E-02 6.752E-02 4.324E-07 6.60E-05
1.905E-01 6.390E-02 6.390E-02 3.873E-07 7.05E-05
1.884E-01 6.070E-02 6.070E-02 3.461E-07 7.53E-05
1.862E-01 5.788E-02 5.788E-02 3.103E-07 8.02E-05
1.841E-01 5.541E-02 5.541E-02 2.798E-07 8.54E-05
1.820E-01 5.325E-02 5.325E-02 2.538E-07 9.07E-05
1.799E-01 5.135E-02 5.135E-02 2.318E-07 9.63E-05
1.778E-01 4.969E-02 4.968E-02 2.139E-07 1.02E-04
1.758E-01 4.822E-02 4.822E-02 1.990E-07 1.08E-04
1.738E-01 4.694E-02 4.694E-02 1.869E-07 1.14E-04
1.718E-01 4.581E-02 4.581E-02 1.774E-07 1.20E-04
1.698E-01 4.482E-02 4.482E-02 1.704E-07 1.26E-04
1.679E-01 4.396E-02 4.396E-02 1.657E-07 1.32E-04
1.660E-01 4.324E-02 4.324E-02 1.634E-07 1.39E-04
1.641E-01 4.266E-02 4.266E-02 1.637E-07 1.45E-04
1.622E-01 4.221E-02 4.221E-02 1.663E-07 1.51E-04
1.603E-01 4.188E-02 4.188E-02 1.714E-07 1.57E-04
1.585E-01 4.167E-02 4.167E-02 1.789E-07 1.63E-04
1.567E-01 4.156E-02 4.156E-02 1.886E-07 1.70E-04
1.549E-01 4.157E-02 4.157E-02 2.006E-07 1.76E-04
1.531E-01 4.168E-02 4.168E-02 2.147E-07 1.83E-04
1.514E-01 4.190E-02 4.190E-02 2.314E-07 1.90E-04
1.496E-01 4.222E-02 4.222E-02 2.507E-07 1.97E-04
1.479E-01 4.265E-02 4.265E-02 2.730E-07 2.03E-04
1.462E-01 4.318E-02 4.318E-02 2.985E-07 2.10E-04
1.445E-01 4.382E-02 4.382E-02 3.279E-07 2.17E-04
1.429E-01 4.456E-02 4.456E-02 3.610E-07 2.24E-04
1.413E-01 4.542E-02 4.542E-02 3.980E-07 2.32E-04
1.396E-01 4.639E-02 4.639E-02 4.386E-07 2.39E-04
1.380E-01 4.747E-02 4.747E-02 4.828E-07 2.47E-04
1.365E-01 4.867E-02 4.867E-02 5.318E-07 2.55E-04
1.349E-01 4.999E-02 4.999E-02 5.868E-07 2.63E-04
1.334E-01 5.144E-02 5.144E-02 6.482E-07 2.73E-04
1.318E-01 5.302E-02 5.302E-02 7.162E-07 2.83E-04
1.303E-01 5.473E-02 5.473E-02 7.918E-07 2.93E-04
1.288E-01 5.768E-02 5.768E-02 8.761E-07 3.04E-04
1.274E-01 5.993E-02 5.992E-02 9.692E-07 3.16E-04
1.259E-01 6.227E-02 6.227E-02 1.072E-06 3.29E-04
1.245E-01 6.473E-02 6.473E-02 1.186E-06 3.42E-04
1.230E-01 6.728E-02 6.728E-02 1.310E-06 3.56E-04
1.216E-01 6.994E-02 6.994E-02 1.447E-06 3.70E-04
1.202E-01 7.269E-02 7.269E-02 1.596E-06 3.83E-04
1.189E-01 7.554E-02 7.553E-02 1.760E-06 3.96E-04
1.175E-01 7.847E-02 7.847E-02 1.938E-06 4.09E-04
1.161E-01 8.149E-02 8.149E-02 2.134E-06 4.21E-04
1.148E-01 8.459E-02 8.459E-02 2.362E-06 4.31E-04
1.135E-01 8.777E-02 8.776E-02 2.666E-06 4.43E-04
1.122E-01 9.102E-02 9.102E-02 2.989E-06 4.44E-04
1.109E-01 9.434E-02 9.433E-02 3.342E-06 4.31E-04
1.096E-01 9.773E-02 9.772E-02 3.735E-06 3.93E-04
1.084E-01 1.012E-01 1.012E-01 4.218E-06 3.51E-04
1.072E-01 1.047E-01 1.047E-01 4.775E-06 3.22E-04
1.059E-01 1.082E-01 1.082E-01 5.316E-06 3.14E-04
1.047E-01 1.118E-01 1.118E-01 5.836E-06 3.16E-04
1.035E-01 1.154E-01 1.154E-01 6.337E-06 3.17E-04
1.023E-01 1.190E-01 1.190E-01 6.821E-06 3.18E-04
1.012E-01 1.226E-01 1.226E-01 7.353E-06 3.13E-04
1.000E-01 1.267E-01 1.267E-01 7.955E-06 3.06E-04
9.886E-02 1.295E-01 1.295E-01 8.749E-06 2.93E-04
9.772E-02 1.325E-01 1.325E-01 9.659E-06 2.80E-04
9.661E-02 1.356E-01 1.356E-01 1.056E-05 2.72E-04
9.550E-02 1.389E-01 1.389E-01 1.139E-05 2.69E-04
9.441E-02 1.423E-01 1.423E-01 1.201E-05 2.70E-04
9.333E-02 1.460E-01 1.460E-01 1.251E-05 2.74E-04
9.226E-02 1.499E-01 1.499E-01 1.307E-05 2.77E-04
9.120E-02 1.541E-01 1.540E-01 1.360E-05 2.81E-04
9.016E-02 1.585E-01 1.585E-01 1.392E-05 2.91E-04
8.913E-02 1.633E-01 1.633E-01 1.428E-05 2.99E-04
8.810E-02 1.686E-01 1.685E-01 1.487E-05 3.01E-04
8.710E-02 1.743E-01 1.743E-01 1.581E-05 2.97E-04
8.610E-02 1.806E-01 1.805E-01 1.694E-05 2.90E-04
8.511E-02 1.875E-01 1.875E-01 1.827E-05 2.83E-04
8.414E-02 1.952E-01 1.952E-01 1.981E-05 2.75E-04
8.318E-02 2.038E-01 2.038E-01 2.159E-05 2.68E-04
8.222E-02 2.134E-01 2.134E-01 2.356E-05 2.63E-04
8.128E-02 2.242E-01 2.241E-01 2.567E-05 2.63E-04
8.035E-02 2.362E-01 2.362E-01 2.800E-05 2.66E-04
7.943E-02 2.496E-01 2.496E-01 3.051E-05 2.70E-04
7.852E-02 2.644E-01 2.644E-01 3.312E-05 2.78E-04
7.762E-02 2.805E-01 2.805E-01 3.572E-05 2.88E-04
7.674E-02 2.976E-01 2.975E-01 3.816E-05 3.00E-04
7.586E-02 3.149E-01 3.149E-01 4.048E-05 3.12E-04
7.499E-02 3.316E-01 3.316E-01 4.261E-05 3.25E-04
7.413E-02 3.463E-01 3.463E-01 4.447E-05 3.40E-04
7.328E-02 3.576E-01 3.575E-01 4.601E-05 3.55E-04
7.244E-02 3.641E-01 3.641E-01 4.750E-05 3.70E-04
7.161E-02 3.652E-01 3.652E-01 4.886E-05 3.85E-04
7.079E-02 3.612E-01 3.611E-01 4.982E-05 4.01E-04
6.998E-02 3.528E-01 3.528E-01 5.030E-05 4.18E-04
6.918E-02 3.417E-01 3.416E-01 5.029E-05 4.36E-04
6.839E-02 3.291E-01 3.290E-01 4.926E-05 4.56E-04
6.761E-02 3.163E-01 3.162E-01 4.759E-05 4.76E-04
6.683E-02 3.041E-01 3.041E-01 4.570E-05 4.98E-04
6.607E-02 2.932E-01 2.931E-01 4.366E-05 5.19E-04
6.531E-02 2.811E-01 2.811E-01 4.152E-05 5.41E-04
6.457E-02 2.689E-01 2.689E-01 3.997E-05 5.61E-04
6.383E-02 2.566E-01 2.566E-01 3.867E-05 5.81E-04
6.310E-02 2.442E-01 2.441E-01 3.756E-05 6.01E-04
6.237E-02 2.316E-01 2.316E-01 3.664E-05 6.21E-04
6.166E-02 2.189E-01 2.188E-01 3.603E-05 6.41E-04
6.095E-02 2.060E-01 2.060E-01 3.562E-05 6.62E-04
6.026E-02 1.930E-01 1.930E-01 3.527E-05 6.84E-04
5.957E-02 1.799E-01 1.798E-01 3.500E-05 7.06E-04
5.888E-02 1.666E-01 1.665E-01 3.473E-05 7.28E-04
5.821E-02 1.531E-01 1.531E-01 3.422E-05 7.51E-04
5.754E-02 1.461E-01 1.460E-01 3.366E-05 7.74E-04
5.689E-02 1.408E-01 1.408E-01 3.306E-05 7.97E-04
5.623E-02 1.353E-01 1.353E-01 3.239E-05 8.21E-04
5.559E-02 1.295E-01 1.295E-01 3.155E-05 8.45E-04
5.495E-02 1.239E-01 1.238E-01 3.069E-05 8.70E-04
5.433E-02 1.183E-01 1.183E-01 2.982E-05 8.95E-04
5.370E-02 1.132E-01 1.132E-01 2.896E-05 9.21E-04
5.309E-02 1.088E-01 1.088E-01 2.820E-05 9.47E-04
5.248E-02 1.047E-01 1.047E-01 2.749E-05 9.74E-04
5.188E-02 1.009E-01 1.009E-01 2.682E-05 1.00E-03
5.129E-02 9.727E-02 9.725E-02 2.620E-05 1.03E-03
5.070E-02 9.379E-02 9.377E-02 2.565E-05 1.06E-03
5.012E-02 9.048E-02 9.045E-02 2.514E-05 1.09E-03
4.955E-02 8.734E-02 8.731E-02 2.467E-05 1.12E-03
4.898E-02 8.439E-02 8.436E-02 2.423E-05 1.15E-03
4.842E-02 8.151E-02 8.148E-02 2.379E-05 1.18E-03
4.786E-02 7.870E-02 7.867E-02 2.334E-05 1.21E-03
4.732E-02 7.573E-02 7.570E-02 2.282E-05 1.24E-03
4.677E-02 7.277E-02 7.274E-02 2.228E-05 1.28E-03
4.624E-02 6.993E-02 6.990E-02 2.175E-05 1.31E-03
4.571E-02 6.744E-02 6.742E-02 2.126E-05 1.35E-03
4.519E-02 6.540E-02 6.537E-02 2.084E-05 1.38E-03
4.467E-02 6.343E-02 6.341E-02 2.041E-05 1.42E-03
4.416E-02 6.136E-02 6.134E-02 1.993E-05 1.46E-03
4.365E-02 5.881E-02 5.879E-02 1.936E-05 1.50E-03
4.315E-02 5.638E-02 5.636E-02 1.877E-05 1.54E-03
4.266E-02 5.421E-02 5.420E-02 1.816E-05 1.58E-03
4.217E-02 5.285E-02 5.283E-02 1.757E-05 1.62E-03
4.169E-02 5.180E-02 5.179E-02 1.702E-05 1.66E-03
4.121E-02 5.103E-02 5.101E-02 1.653E-05 1.71E-03
4.074E-02 5.029E-02 5.027E-02 1.615E-05 1.75E-03
4.027E-02 4.972E-02 4.970E-02 1.583E-05 1.80E-03
3.981E-02 4.931E-02 4.929E-02 1.557E-05 1.84E-03
3.935E-02 4.905E-02 4.903E-02 1.533E-05 1.89E-03
3.890E-02 4.898E-02 4.897E-02 1.516E-05 1.94E-03
3.846E-02 4.914E-02 4.913E-02 1.503E-05 1.99E-03
3.802E-02 4.957E-02 4.955E-02 1.502E-05 2.04E-03
3.758E-02 5.029E-02 5.027E-02 1.518E-05 2.09E-03
3.715E-02 5.183E-02 5.182E-02 1.579E-05 2.14E-03
3.673E-02 5.319E-02 5.318E-02 1.654E-05 2.19E-03
3.631E-02 5.381E-02 5.379E-02 1.733E-05 2.24E-03
3.589E-02 5.315E-02 5.313E-02 1.791E-05 2.30E-03
3.548E-02 5.197E-02 5.196E-02 1.839E-05 2.35E-03
3.508E-02 5.092E-02 5.090E-02 1.868E-05 2.41E-03
3.467E-02 4.990E-02 4.989E-02 1.885E-05 2.46E-03
3.428E-02 4.888E-02 4.886E-02 1.897E-05 2.52E-03
3.388E-02 4.788E-02 4.786E-02 1.912E-05 2.59E-03
3.350E-02 4.690E-02 4.688E-02 1.924E-05 2.65E-03
3.311E-02 4.593E-02 4.591E-02 1.935E-05 2.71E-03
3.273E-02 4.497E-02 4.495E-02 1.945E-05 2.78E-03
3.236E-02 4.402E-02 4.400E-02 1.953E-05 2.85E-03
3.199E-02 4.308E-02 4.306E-02 1.961E-05 2.92E-03
3.162E-02 4.216E-02 4.214E-02 1.967E-05 2.99E-03
3.126E-02 4.125E-02 4.123E-02 1.973E-05 3.06E-03
3.090E-02 4.036E-02 4.034E-02 1.979E-05 3.14E-03
3.055E-02 3.948E-02 3.946E-02 1.984E-05 3.21E-03
3.020E-02 3.861E-02 3.859E-02 1.989E-05 3.29E-03
2.985E-02 3.776E-02 3.774E-02 1.993E-05 3.37E-03
2.951E-02 3.691E-02 3.689E-02 1.996E-05 3.45E-03
2.917E-02 3.609E-02 3.607E-02 1.999E-05 3.54E-03
2.884E-02 3.529E-02 3.527E-02 2.002E-05 3.62E-03
2.851E-02 3.450E-02 3.448E-02 2.004E-05 3.71E-03
2.818E-02 3.373E-02 3.371E-02 2.006E-05 3.80E-03
2.786E-02 3.298E-02 3.296E-02 2.009E-05 3.89E-03
2.754E-02 3.224E-02 3.222E-02 2.011E-05 3.99E-03
2.723E-02 3.152E-02 3.150E-02 2.013E-05 4.08E-03
2.692E-02 3.081E-02 3.079E-02 2.015E-05 4.18E-03
2.661E-02 3.012E-02 3.010E-02 2.016E-05 4.28E-03
2.630E-02 2.944E-02 2.942E-02 2.017E-05 4.39E-03
2.600E-02 2.877E-02 2.875E-02 2.018E-05 4.49E-03
2.570E-02 2.811E-02 2.809E-02 2.019E-05 4.60E-03
2.541E-02 2.747E-02 2.745E-02 2.020E-05 4.71E-03
2.512E-02 2.684E-02 2.682E-02 2.020E-05 4.83E-03
2.483E-02 2.622E-02 2.620E-02 2.019E-05 4.94E-03
2.455E-02 2.561E-02 2.559E-02 2.019E-05 5.06E-03
2.427E-02 2.502E-02 2.500E-02 2.019E-05 5.19E-03
2.399E-02 2.444E-02 2.442E-02 2.019E-05 5.31E-03
2.371E-02 2.388E-02 2.386E-02 2.019E-05 5.44E-03
2.344E-02 2.333E-02 2.331E-02 2.019E-05 5.57E-03
2.317E-02 2.278E-02 2.276E-02 2.019E-05 5.71E-03
2.291E-02 2.225E-02 2.223E-02 2.018E-05 5.84E-03
2.265E-02 2.173E-02 2.171E-02 2.018E-05 5.98E-03
2.239E-02 2.123E-02 2.121E-02 2.017E-05 6.13E-03
2.213E-02 2.073E-02 2.071E-02 2.017E-05 6.27E-03
2.188E-02 2.024E-02 2.022E-02 2.016E-05 6.43E-03
2.163E-02 1.977E-02 1.975E-02 2.015E-05 6.58E-03
2.138E-02 1.931E-02 1.929E-02 2.014E-05 6.74E-03
2.113E-02 1.886E-02 1.884E-02 2.013E-05 6.90E-03
2.089E-02 1.841E-02 1.839E-02 2.012E-05 7.07E-03
2.065E-02 1.797E-02 1.795E-02 2.010E-05 7.23E-03
2.042E-02 1.756E-02 1.754E-02 2.010E-05 7.41E-03
2.018E-02 1.715E-02 1.713E-02 2.009E-05 7.59E-03
1.995E-02 1.674E-02 1.672E-02 2.008E-05 7.77E-03
1.972E-02 1.634E-02 1.632E-02 2.006E-05 7.95E-03
1.950E-02 1.595E-02 1.593E-02 2.003E-05 8.14E-03
1.928E-02 1.556E-02 1.554E-02 2.001E-05 8.34E-03
1.905E-02 1.518E-02 1.516E-02 1.998E-05 8.54E-03
1.884E-02 1.482E-02 1.480E-02 1.996E-05 8.74E-03
1.862E-02 1.446E-02 1.444E-02 1.993E-05 8.95E-03
1.841E-02 1.411E-02 1.409E-02 1.991E-05 9.17E-03
1.820E-02 1.377E-02 1.375E-02 1.988E-05 9.38E-03
1.799E-02 1.344E-02 1.342E-02 1.985E-05 9.61E-03
1.778E-02 1.312E-02 1.310E-02 1.983E-05 9.84E-03
1.758E-02 1.280E-02 1.278E-02 1.980E-05 1.01E-02
1.738E-02 1.249E-02 1.247E-02 1.978E-05 1.03E-02
1.718E-02 1.219E-02 1.217E-02 1.975E-05 1.06E-02
1.698E-02 1.189E-02 1.187E-02 1.972E-05 1.08E-02
1.679E-02 1.160E-02 1.158E-02 1.968E-05 1.11E-02
1.660E-02 1.132E-02 1.130E-02 1.966E-05 1.13E-02
1.641E-02 1.104E-02 1.102E-02 1.963E-05 1.16E-02
1.622E-02 1.077E-02 1.075E-02 1.959E-05 1.19E-02
1.603E-02 1.051E-02 1.049E-02 1.955E-05 1.22E-02
1.585E-02 1.025E-02 1.023E-02 1.952E-05 1.25E-02
1.567E-02 9.997E-03 9.977E-03 1.948E-05 1.27E-02
1.549E-02 9.753E-03 9.734E-03 1.944E-05 1.31E-02
1.531E-02 9.512E-03 9.493E-03 1.940E-05 1.34E-02
1.514E-02 9.275E-03 9.256E-03 1.936E-05 1.37E-02
1.496E-02 9.044E-03 9.024E-03 1.932E-05 1.40E-02
1.479E-02 8.818E-03 8.799E-03 1.928E-05 1.43E-02
1.462E-02 8.599E-03 8.580E-03 1.924E-05 1.47E-02
1.445E-02 8.387E-03 8.368E-03 1.920E-05 1.50E-02
1.429E-02 8.178E-03 8.159E-03 1.915E-05 1.54E-02
1.413E-02 7.974E-03 7.955E-03 1.911E-05 1.57E-02
1.396E-02 7.776E-03 7.757E-03 1.906E-05 1.61E-02
1.380E-02 7.583E-03 7.564E-03 1.901E-05 1.65E-02
1.365E-02 7.395E-03 7.376E-03 1.897E-05 1.69E-02
1.349E-02 7.209E-03 7.190E-03 1.891E-05 1.73E-02
1.334E-02 7.028E-03 7.009E-03 1.886E-05 1.77E-02
1.318E-02 6.851E-03 6.833E-03 1.881E-05 1.81E-02
1.303E-02 6.681E-03 6.662E-03 1.875E-05 1.86E-02
1.288E-02 6.515E-03 6.496E-03 1.871E-05 1.90E-02
1.274E-02 6.352E-03 6.333E-03 1.865E-05 1.95E-02
1.259E-02 6.190E-03 6.172E-03 1.859E-05 1.99E-02
1.245E-02 6.032E-03 6.013E-03 1.853E-05 2.04E-02
1.230E-02 5.883E-03 5.865E-03 1.849E-05 2.09E-02
1.216E-02 5.739E-03 5.721E-03 1.844E-05 2.14E-02
1.202E-02 5.596E-03 5.578E-03 1.839E-05 2.19E-02
1.189E-02 5.455E-03 5.436E-03 1.833E-05 2.24E-02
1.175E-02 5.315E-03 5.297E-03 1.826E-05 2.29E-02
1.161E-02 5.177E-03 5.159E-03 1.819E-05 2.35E-02
1.148E-02 5.042E-03 5.024E-03 1.812E-05 2.40E-02
1.135E-02 4.910E-03 4.892E-03 1.804E-05 2.46E-02
1.122E-02 4.783E-03 4.765E-03 1.797E-05 2.52E-02
1.109E-02 4.660E-03 4.643E-03 1.789E-05 2.58E-02
1.096E-02 4.540E-03 4.522E-03 1.782E-05 2.64E-02
1.084E-02 4.422E-03 4.405E-03 1.774E-05 2.70E-02
1.072E-02 4.308E-03 4.290E-03 1.766E-05 2.76E-02
1.059E-02 4.196E-03 4.179E-03 1.758E-05 2.83E-02
1.047E-02 4.089E-03 4.071E-03 1.750E-05 2.90E-02
1.035E-02 3.986E-03 3.968E-03 1.742E-05 2.97E-02
1.023E-02 3.884E-03 3.866E-03 1.734E-05 3.04E-02
1.012E-02 3.783E-03 3.765E-03 1.726E-05 3.11E-02
1.000E-02 3.684E-03 3.667E-03 1.717E-05 3.18E-02
9.886E-03 3.587E-03 3.570E-03 1.708E-05 3.26E-02
9.772E-03 3.494E-03 3.477E-03 1.699E-05 3.33E-02
9.661E-03 3.403E-03 3.386E-03 1.690E-05 3.41E-02
9.550E-03 3.316E-03 3.299E-03 1.681E-05 3.49E-02
9.441E-03 3.230E-03 3.213E-03 1.672E-05 3.58E-02
9.333E-03 3.145E-03 3.129E-03 1.662E-05 3.66E-02
9.226E-03 3.063E-03 3.046E-03 1.652E-05 3.75E-02
9.120E-03 2.982E-03 2.966E-03 1.642E-05 3.84E-02
9.016E-03 2.904E-03 2.888E-03 1.632E-05 3.93E-02
8.913E-03 2.828E-03 2.812E-03 1.621E-05 4.02E-02
8.810E-03 2.755E-03 2.739E-03 1.611E-05 4.12E-02
8.710E-03 2.683E-03 2.667E-03 1.600E-05 4.21E-02
8.610E-03 2.612E-03 2.596E-03 1.588E-05 4.31E-02
8.511E-03 2.543E-03 2.527E-03 1.577E-05 4.42E-02
8.414E-03 2.476E-03 2.460E-03 1.565E-05 4.52E-02
8.318E-03 2.411E-03 2.396E-03 1.553E-05 4.63E-02
8.222E-03 2.348E-03 2.333E-03 1.541E-05 4.74E-02
8.128E-03 2.286E-03 2.271E-03 1.528E-05 4.85E-02
8.035E-03 2.226E-03 2.210E-03 1.516E-05 4.97E-02
7.943E-03 2.166E-03 2.151E-03 1.502E-05 5.09E-02
7.852E-03 2.109E-03 2.094E-03 1.489E-05 5.21E-02
7.762E-03 2.053E-03 2.039E-03 1.475E-05 5.33E-02
7.674E-03 1.998E-03 1.983E-03 1.461E-05 5.46E-02
7.586E-03 1.944E-03 1.930E-03 1.446E-05 5.59E-02
7.499E-03 1.892E-03 1.878E-03 1.432E-05 5.72E-02
7.413E-03 1.841E-03 1.827E-03 1.417E-05 5.85E-02
7.328E-03 1.793E-03 1.779E-03 1.402E-05 5.99E-02
7.244E-03 1.746E-03 1.732E-03 1.387E-05 6.14E-02
7.161E-03 1.699E-03 1.686E-03 1.371E-05 6.28E-02
7.079E-03 1.655E-03 1.641E-03 1.355E-05 6.43E-02
6.998E-03 1.611E-03 1.597E-03 1.338E-05 6.59E-02
6.918E-03 1.567E-03 1.554E-03 1.321E-05 6.74E-02
6.839E-03 1.526E-03 1.513E-03 1.304E-05 6.90E-02
6.761E-03 1.485E-03 1.472E-03 1.286E-05 7.07E-02
6.683E-03 1.445E-03 1.432E-03 1.268E-05 7.24E-02
6.607E-03 1.406E-03 1.393E-03 1.249E-05 7.41E-02
6.531E-03 1.367E-03 1.355E-03 1.229E-05 7.58E-02
6.457E-03 1.331E-03 1.319E-03 1.210E-05 7.77E-02
6.383E-03 1.295E-03 1.283E-03 1.189E-05 7.95E-02
6.310E-03 1.260E-03 1.248E-03 1.168E-05 8.14E-02
6.237E-03 1.225E-03 1.214E-03 1.146E-05 8.33E-02
6.166E-03 1.193E-03 1.181E-03 1.125E-05 8.53E-02
6.095E-03 1.162E-03 1.151E-03 1.104E-05 8.74E-02
6.026E-03 1.131E-03 1.120E-03 1.081E-05 8.95E-02
5.957E-03 1.100E-03 1.090E-03 1.057E-05 9.16E-02
5.888E-03 1.070E-03 1.060E-03 1.032E-05 9.38E-02
5.821E-03 1.041E-03 1.031E-03 1.005E-05 9.60E-02
5.754E-03 1.012E-03 1.002E-03 9.779E-06 9.83E-02
5.689E-03 9.833E-04 9.738E-04 9.492E-06 1.01E-01
5.623E-03 9.558E-04 9.466E-04 9.200E-06 1.03E-01
5.559E-03 9.296E-04 9.207E-04 8.915E-06 1.06E-01
5.495E-03 9.039E-04 8.953E-04 8.611E-06 1.08E-01
5.433E-03 8.788E-04 8.705E-04 8.290E-06 1.11E-01
5.370E-03 8.543E-04 8.463E-04 7.951E-06 1.13E-01
5.309E-03 8.305E-04 8.229E-04 7.596E-06 1.16E-01
5.248E-03 8.075E-04 8.003E-04 7.225E-06 1.19E-01
5.188E-03 7.855E-04 7.787E-04 6.840E-06 1.22E-01
5.129E-03 7.641E-04 7.575E-04 6.613E-06 1.25E-01
5.070E-03 7.428E-04 7.365E-04 6.390E-06 1.28E-01
5.012E-03 7.220E-04 7.159E-04 6.046E-06 1.31E-01
4.955E-03 7.015E-04 6.959E-04 5.581E-06 1.34E-01
4.898E-03 6.816E-04 6.766E-04 5.001E-06 1.37E-01
4.842E-03 6.623E-04 6.580E-04 4.319E-06 1.40E-01
4.786E-03 6.437E-04 6.402E-04 3.556E-06 1.44E-01
4.732E-03 6.247E-04 6.223E-04 2.468E-06 1.47E-01
4.677E-03 6.057E-04 6.044E-04 1.306E-06 1.51E-01
4.624E-03 5.876E-04 5.872E-04 4.076E-07 1.54E-01
4.571E-03 5.707E-04 5.707E-04 4.615E-08 2.21E-01
4.519E-03 5.554E-04 5.548E-04 6.000E-07 1.62E-01
4.467E-03 5.423E-04 5.397E-04 2.528E-06 1.66E-01
4.416E-03 1.195E-02 1.193E-02 1.923E-05 1.70E-01
4.365E-03 1.171E-02 1.170E-02 1.722E-05 1.74E-01
4.315E-03 1.148E-02 1.146E-02 1.566E-05 1.78E-01
4.266E-03 1.125E-02 1.123E-02 1.541E-05 1.82E-01
4.217E-03 1.102E-02 1.100E-02 1.615E-05 1.86E-01
4.169E-03 1.079E-02 1.077E-02 1.754E-05 1.91E-01
4.121E-03 1.056E-02 1.054E-02 1.905E-05 1.95E-01
4.074E-03 1.034E-02 1.032E-02 1.998E-05 2.00E-01
4.027E-03 1.011E-02 1.009E-02 2.077E-05 2.05E-01
3.981E-03 9.889E-03 9.867E-03 2.133E-05 2.10E-01
3.935E-03 9.668E-03 9.647E-03 2.156E-05 2.15E-01
3.890E-03 9.450E-03 9.429E-03 2.138E-05 2.20E-01
3.846E-03 9.236E-03 9.215E-03 2.141E-05 2.25E-01
3.802E-03 9.025E-03 9.003E-03 2.169E-05 2.30E-01
3.758E-03 8.816E-03 8.794E-03 2.192E-05 2.36E-01
3.715E-03 8.610E-03 8.588E-03 2.211E-05 2.41E-01
3.673E-03 8.408E-03 8.386E-03 2.223E-05 2.47E-01
3.631E-03 8.210E-03 8.188E-03 2.232E-05 2.53E-01
3.589E-03 8.014E-03 7.992E-03 2.242E-05 2.59E-01
3.548E-03 7.822E-03 7.799E-03 2.249E-05 2.65E-01
3.508E-03 7.632E-03 7.609E-03 2.253E-05 2.71E-01
3.467E-03 7.446E-03 7.424E-03 2.254E-05 2.77E-01
3.428E-03 7.265E-03 7.242E-03 2.253E-05 2.84E-01
3.388E-03 7.085E-03 7.063E-03 2.251E-05 2.90E-01
3.350E-03 6.908E-03 6.886E-03 2.246E-05 2.97E-01
3.311E-03 6.735E-03 6.713E-03 2.240E-05 3.04E-01
3.273E-03 6.566E-03 6.544E-03 2.231E-05 3.11E-01
3.236E-03 6.402E-03 6.380E-03 2.220E-05 3.18E-01
3.199E-03 6.241E-03 6.219E-03 2.208E-05 3.25E-01
3.162E-03 6.081E-03 6.059E-03 2.195E-05 3.33E-01
3.126E-03 5.922E-03 5.900E-03 2.181E-05 3.40E-01
3.090E-03 5.769E-03 5.748E-03 2.166E-05 3.48E-01
3.055E-03 5.629E-03 5.607E-03 2.151E-05 3.56E-01
3.020E-03 5.488E-03 5.467E-03 2.134E-05 3.64E-01
2.985E-03 5.348E-03 5.327E-03 2.117E-05 3.72E-01
2.951E-03 5.208E-03 5.187E-03 2.098E-05 3.80E-01
2.917E-03 5.070E-03 5.049E-03 2.078E-05 3.88E-01
2.884E-03 4.932E-03 4.912E-03 2.058E-05 3.97E-01
2.851E-03 4.796E-03 4.776E-03 2.036E-05 4.06E-01
2.818E-03 4.662E-03 4.642E-03 2.014E-05 4.14E-01
2.786E-03 4.531E-03 4.511E-03 1.991E-05 4.23E-01
2.754E-03 4.402E-03 4.382E-03 1.967E-05 4.32E-01
2.723E-03 4.282E-03 4.262E-03 1.942E-05 4.41E-01
2.692E-03 4.163E-03 4.144E-03 1.916E-05 4.50E-01
2.661E-03 4.047E-03 4.028E-03 1.890E-05 4.59E-01
2.630E-03 3.933E-03 3.914E-03 1.863E-05 4.69E-01
2.600E-03 3.821E-03 3.803E-03 1.836E-05 4.78E-01
2.570E-03 3.713E-03 3.695E-03 1.808E-05 4.88E-01
2.541E-03 3.609E-03 3.591E-03 1.780E-05 4.97E-01
2.512E-03 3.508E-03 3.491E-03 1.751E-05 5.07E-01
2.483E-03 3.412E-03 3.395E-03 1.723E-05 5.16E-01
2.455E-03 3.317E-03 3.300E-03 1.695E-05 5.26E-01
2.427E-03 3.222E-03 3.205E-03 1.667E-05 5.35E-01
2.399E-03 3.129E-03 3.112E-03 1.639E-05 5.45E-01
2.371E-03 3.038E-03 3.022E-03 1.612E-05 5.55E-01
2.344E-03 2.950E-03 2.934E-03 1.584E-05 5.64E-01
2.317E-03 2.864E-03 2.849E-03 1.557E-05 5.74E-01
2.291E-03 2.782E-03 2.767E-03 1.529E-05 5.83E-01
2.265E-03 2.703E-03 2.688E-03 1.502E-05 5.93E-01
2.239E-03 2.626E-03 2.611E-03 1.476E-05 6.02E-01
2.213E-03 2.549E-03 2.535E-03 1.449E-05 6.11E-01
2.188E-03 2.474E-03 2.460E-03 1.423E-05 6.20E-01
2.163E-03 2.401E-03 2.387E-03 1.397E-05 6.29E-01
2.138E-03 2.329E-03 2.316E-03 1.371E-05 6.38E-01
2.113E-03 2.260E-03 2.247E-03 1.346E-05 6.47E-01
2.089E-03 2.194E-03 2.181E-03 1.321E-05 6.55E-01
2.065E-03 2.131E-03 2.118E-03 1.296E-05 6.63E-01
2.042E-03 2.068E-03 2.055E-03 1.272E-05 6.71E-01
2.018E-03 2.006E-03 1.993E-03 1.249E-05 6.79E-01
1.995E-03 1.945E-03 1.933E-03 1.225E-05 6.87E-01
1.972E-03 1.887E-03 1.875E-03 1.202E-05 6.94E-01
1.950E-03 1.830E-03 1.818E-03 1.180E-05 7.01E-01
1.928E-03 1.775E-03 1.764E-03 1.158E-05 7.08E-01
1.905E-03 1.723E-03 1.711E-03 1.136E-05 7.14E-01
1.884E-03 1.671E-03 1.660E-03 1.115E-05 7.20E-01
1.862E-03 1.620E-03 1.609E-03 1.094E-05 7.26E-01
1.841E-03 1.570E-03 1.560E-03 1.073E-05 7.32E-01
1.820E-03 1.522E-03 1.512E-03 1.053E-05 7.37E-01
1.799E-03 1.476E-03 1.465E-03 1.033E-05 7.42E-01
1.778E-03 1.431E-03 1.421E-03 1.014E-05 7.47E-01
1.758E-03 1.388E-03 1.378E-03 9.945E-06 7.51E-01
1.738E-03 1.345E-03 1.335E-03 9.757E-06 7.56E-01
1.718E-03 1.304E-03 1.294E-03 9.573E-06 7.60E-01
1.698E-03 1.263E-03 1.254E-03 9.392E-06 7.63E-01
1.679E-03 1.224E-03 1.215E-03 9.215E-06 7.67E-01
1.660E-03 1.187E-03 1.178E-03 9.042E-06 7.70E-01
1.641E-03 1.151E-03 1.142E-03 8.873E-06 7.73E-01
1.622E-03 1.115E-03 1.106E-03 8.706E-06 7.76E-01
1.603E-03 1.080E-03 1.071E-03 8.542E-06 7.79E-01
1.585E-03 1.046E-03 1.038E-03 8.381E-06 7.82E-01
1.567E-03 1.014E-03 1.005E-03 8.223E-06 7.84E-01
1.549E-03 9.824E-04 9.743E-04 8.069E-06 7.87E-01
1.531E-03 9.518E-04 9.439E-04 7.915E-06 7.89E-01
1.514E-03 9.220E-04 9.142E-04 7.763E-06 7.92E-01
1.496E-03 8.930E-04 8.853E-04 7.612E-06 7.94E-01
1.479E-03 8.649E-04 8.575E-04 7.464E-06 7.96E-01
1.462E-03 8.380E-04 8.307E-04 7.319E-06 7.99E-01
1.445E-03 8.117E-04 8.046E-04 7.176E-06 8.01E-01
1.429E-03 7.860E-04 7.790E-04 7.034E-06 8.04E-01
1.413E-03 7.611E-04 7.542E-04 6.895E-06 8.06E-01
1.396E-03 7.369E-04 7.302E-04 6.757E-06 8.09E-01
1.380E-03 7.137E-04 7.071E-04 6.622E-06 8.12E-01
1.365E-03 6.912E-04 6.847E-04 6.488E-06 8.15E-01
1.349E-03 6.692E-04 6.629E-04 6.355E-06 8.18E-01
1.334E-03 6.479E-04 6.417E-04 6.224E-06 8.21E-01
1.318E-03 6.274E-04 6.213E-04 6.094E-06 8.24E-01
1.303E-03 6.077E-04 6.017E-04 5.967E-06 8.27E-01
1.288E-03 5.887E-04 5.829E-04 5.843E-06 8.31E-01
1.274E-03 5.701E-04 5.644E-04 5.718E-06 8.34E-01
1.259E-03 5.518E-04 5.462E-04 5.594E-06 8.38E-01
1.245E-03 5.338E-04 5.284E-04 5.472E-06 8.41E-01
1.230E-03 5.173E-04 5.119E-04 5.356E-06 8.45E-01
1.216E-03 5.014E-04 4.961E-04 5.245E-06 8.48E-01
1.202E-03 4.856E-04 4.805E-04 5.134E-06 8.52E-01
1.189E-03 4.701E-04 4.651E-04 5.023E-06 8.56E-01
1.175E-03 4.549E-04 4.500E-04 4.913E-06 8.59E-01
1.161E-03 4.399E-04 4.351E-04 4.803E-06 8.62E-01
1.148E-03 4.253E-04 4.207E-04 4.696E-06 8.66E-01
1.135E-03 4.112E-04 4.066E-04 4.591E-06 8.69E-01
1.122E-03 3.977E-04 3.932E-04 4.490E-06 8.72E-01
1.109E-03 3.848E-04 3.804E-04 4.391E-06 8.75E-01
1.096E-03 3.722E-04 3.679E-04 4.294E-06 8.78E-01
1.084E-03 3.600E-04 3.558E-04 4.198E-06 8.80E-01
1.072E-03 3.482E-04 3.441E-04 4.105E-06 8.83E-01
1.059E-03 3.368E-04 3.328E-04 4.015E-06 8.85E-01
1.047E-03 3.260E-04 3.220E-04 3.927E-06 8.87E-01
1.035E-03 3.157E-04 3.118E-04 3.843E-06 8.89E-01
1.023E-03 3.055E-04 3.018E-04 3.759E-06 8.90E-01
1.012E-03 2.955E-04 2.919E-04 3.677E-06 8.92E-01
