w(micron)   Q_ext     Q_abs     Q_sca    g=<cos>
1.000E+03 1.005E-08 1.005E-08 1.648E-19 0.00E+00
9.886E+02 1.027E-08 1.027E-08 1.725E-19 0.00E+00
9.772E+02 1.050E-08 1.050E-08 1.806E-19 0.00E+00
9.661E+02 1.073E-08 1.073E-08 1.891E-19 0.00E+00
9.550E+02 1.096E-08 1.096E-08 1.981E-19 0.00E+00
9.441E+02 1.120E-08 1.120E-08 2.074E-19 0.00E+00
9.333E+02 1.145E-08 1.145E-08 2.171E-19 0.00E+00
9.226E+02 1.170E-08 1.170E-08 2.274E-19 0.00E+00
9.120E+02 1.196E-08 1.196E-08 2.381E-19 0.00E+00
9.016E+02 1.222E-08 1.222E-08 2.493E-19 0.00E+00
8.913E+02 1.249E-08 1.249E-08 2.610E-19 0.00E+00
8.810E+02 1.276E-08 1.276E-08 2.733E-19 0.00E+00
8.710E+02 1.304E-08 1.304E-08 2.862E-19 0.00E+00
8.610E+02 1.333E-08 1.333E-08 2.997E-19 0.00E+00
8.511E+02 1.363E-08 1.363E-08 3.138E-19 0.00E+00
8.414E+02 1.393E-08 1.393E-08 3.286E-19 0.00E+00
8.318E+02 1.423E-08 1.423E-08 3.440E-19 0.00E+00
8.222E+02 1.455E-08 1.455E-08 3.602E-19 0.00E+00
8.128E+02 1.487E-08 1.487E-08 3.772E-19 0.00E+00
8.035E+02 1.520E-08 1.520E-08 3.950E-19 0.00E+00
7.943E+02 1.554E-08 1.554E-08 4.136E-19 0.00E+00
7.852E+02 1.588E-08 1.588E-08 4.331E-19 0.00E+00
7.762E+02 1.623E-08 1.623E-08 4.535E-19 0.00E+00
7.674E+02 1.659E-08 1.659E-08 4.748E-19 0.00E+00
7.586E+02 1.696E-08 1.696E-08 4.972E-19 0.00E+00
7.499E+02 1.734E-08 1.734E-08 5.206E-19 0.00E+00
7.413E+02 1.772E-08 1.772E-08 5.451E-19 0.00E+00
7.328E+02 1.812E-08 1.812E-08 5.708E-19 0.00E+00
7.244E+02 1.852E-08 1.852E-08 5.977E-19 0.00E+00
7.161E+02 1.893E-08 1.893E-08 6.258E-19 0.00E+00
7.079E+02 1.935E-08 1.935E-08 6.553E-19 0.00E+00
6.998E+02 1.979E-08 1.979E-08 6.861E-19 0.00E+00
6.918E+02 2.023E-08 2.023E-08 7.185E-19 0.00E+00
6.839E+02 2.068E-08 2.068E-08 7.523E-19 0.00E+00
6.761E+02 2.114E-08 2.114E-08 7.877E-19 0.00E+00
6.683E+02 2.161E-08 2.161E-08 8.248E-19 0.00E+00
6.607E+02 2.210E-08 2.210E-08 8.637E-19 0.00E+00
6.531E+02 2.259E-08 2.259E-08 9.044E-19 0.00E+00
6.457E+02 2.310E-08 2.310E-08 9.470E-19 0.00E+00
6.383E+02 2.362E-08 2.362E-08 9.916E-19 0.00E+00
6.310E+02 2.415E-08 2.415E-08 1.038E-18 0.00E+00
6.237E+02 2.469E-08 2.469E-08 1.087E-18 0.00E+00
6.166E+02 2.524E-08 2.524E-08 1.138E-18 0.00E+00
6.095E+02 2.581E-08 2.581E-08 1.192E-18 0.00E+00
6.026E+02 2.639E-08 2.639E-08 1.248E-18 0.00E+00
5.957E+02 2.698E-08 2.698E-08 1.307E-18 0.00E+00
5.888E+02 2.759E-08 2.759E-08 1.368E-18 0.00E+00
5.821E+02 2.821E-08 2.821E-08 1.433E-18 0.00E+00
5.754E+02 2.885E-08 2.885E-08 1.500E-18 0.00E+00
5.689E+02 2.950E-08 2.950E-08 1.571E-18 0.00E+00
5.623E+02 3.016E-08 3.016E-08 1.645E-18 0.00E+00
5.559E+02 3.084E-08 3.084E-08 1.723E-18 0.00E+00
5.495E+02 3.154E-08 3.154E-08 1.804E-18 0.00E+00
5.433E+02 3.225E-08 3.225E-08 1.889E-18 0.00E+00
5.370E+02 3.298E-08 3.298E-08 1.978E-18 0.00E+00
5.309E+02 3.373E-08 3.373E-08 2.071E-18 0.00E+00
5.248E+02 3.449E-08 3.449E-08 2.168E-18 0.00E+00
5.188E+02 3.527E-08 3.527E-08 2.270E-18 0.00E+00
5.129E+02 3.607E-08 3.607E-08 2.377E-18 0.00E+00
5.070E+02 3.689E-08 3.689E-08 2.489E-18 0.00E+00
5.012E+02 3.773E-08 3.773E-08 2.606E-18 0.00E+00
4.955E+02 3.858E-08 3.858E-08 2.729E-18 0.00E+00
4.898E+02 3.946E-08 3.946E-08 2.858E-18 0.00E+00
4.842E+02 4.035E-08 4.035E-08 2.992E-18 0.00E+00
4.786E+02 4.127E-08 4.127E-08 3.133E-18 0.00E+00
4.732E+02 4.221E-08 4.221E-08 3.281E-18 0.00E+00
4.677E+02 4.317E-08 4.317E-08 3.435E-18 0.00E+00
4.624E+02 4.415E-08 4.415E-08 3.597E-18 0.00E+00
4.571E+02 4.516E-08 4.516E-08 3.767E-18 0.00E+00
4.519E+02 4.619E-08 4.619E-08 3.944E-18 0.00E+00
4.467E+02 4.724E-08 4.724E-08 4.130E-18 0.00E+00
4.416E+02 4.832E-08 4.832E-08 4.324E-18 0.00E+00
4.365E+02 4.942E-08 4.942E-08 4.528E-18 0.00E+00
4.315E+02 5.055E-08 5.055E-08 4.741E-18 0.00E+00
4.266E+02 5.171E-08 5.171E-08 4.964E-18 0.00E+00
4.217E+02 5.289E-08 5.289E-08 5.198E-18 0.00E+00
4.169E+02 5.410E-08 5.410E-08 5.443E-18 0.00E+00
4.121E+02 5.533E-08 5.533E-08 5.699E-18 0.00E+00
4.074E+02 5.660E-08 5.660E-08 5.968E-18 0.00E+00
4.027E+02 5.790E-08 5.790E-08 6.249E-18 0.00E+00
3.981E+02 5.922E-08 5.922E-08 6.543E-18 0.00E+00
3.936E+02 6.058E-08 6.058E-08 6.851E-18 0.00E+00
3.890E+02 6.197E-08 6.197E-08 7.174E-18 0.00E+00
3.846E+02 6.339E-08 6.339E-08 7.511E-18 0.00E+00
3.802E+02 6.485E-08 6.485E-08 7.865E-18 0.00E+00
3.758E+02 6.633E-08 6.633E-08 8.235E-18 0.00E+00
3.715E+02 6.786E-08 6.786E-08 8.623E-18 0.00E+00
3.673E+02 6.942E-08 6.942E-08 9.029E-18 0.00E+00
3.631E+02 7.101E-08 7.101E-08 9.454E-18 0.00E+00
3.589E+02 7.265E-08 7.265E-08 9.900E-18 0.00E+00
3.548E+02 7.432E-08 7.432E-08 1.037E-17 0.00E+00
3.508E+02 7.603E-08 7.603E-08 1.085E-17 0.00E+00
3.467E+02 7.778E-08 7.778E-08 1.136E-17 0.00E+00
3.428E+02 7.957E-08 7.957E-08 1.190E-17 0.00E+00
3.388E+02 8.140E-08 8.140E-08 1.246E-17 0.00E+00
3.350E+02 8.328E-08 8.328E-08 1.305E-17 0.00E+00
3.311E+02 8.520E-08 8.520E-08 1.366E-17 0.00E+00
3.273E+02 8.717E-08 8.717E-08 1.430E-17 0.00E+00
3.236E+02 8.918E-08 8.918E-08 1.498E-17 0.00E+00
3.199E+02 9.124E-08 9.124E-08 1.568E-17 0.00E+00
3.162E+02 9.334E-08 9.334E-08 1.642E-17 0.00E+00
3.126E+02 9.550E-08 9.550E-08 1.719E-17 0.00E+00
3.090E+02 9.771E-08 9.771E-08 1.800E-17 0.00E+00
3.055E+02 9.996E-08 9.996E-08 1.885E-17 0.00E+00
3.020E+02 1.023E-07 1.023E-07 1.974E-17 0.00E+00
2.985E+02 1.046E-07 1.046E-07 2.067E-17 0.00E+00
2.951E+02 1.071E-07 1.071E-07 2.164E-17 0.00E+00
2.917E+02 1.095E-07 1.095E-07 2.266E-17 0.00E+00
2.884E+02 1.121E-07 1.121E-07 2.373E-17 0.00E+00
2.851E+02 1.147E-07 1.147E-07 2.484E-17 0.00E+00
2.818E+02 1.173E-07 1.173E-07 2.601E-17 0.00E+00
2.786E+02 1.201E-07 1.201E-07 2.724E-17 0.00E+00
2.754E+02 1.228E-07 1.228E-07 2.852E-17 0.00E+00
2.723E+02 1.257E-07 1.257E-07 2.986E-17 0.00E+00
2.692E+02 1.286E-07 1.286E-07 3.126E-17 0.00E+00
2.661E+02 1.316E-07 1.316E-07 3.274E-17 0.00E+00
2.630E+02 1.346E-07 1.346E-07 3.428E-17 0.00E+00
2.600E+02 1.378E-07 1.378E-07 3.589E-17 0.00E+00
2.570E+02 1.410E-07 1.410E-07 3.758E-17 0.00E+00
2.541E+02 1.443E-07 1.443E-07 3.935E-17 0.00E+00
2.512E+02 1.476E-07 1.476E-07 4.120E-17 0.00E+00
2.483E+02 1.510E-07 1.510E-07 4.314E-17 0.00E+00
2.455E+02 1.546E-07 1.546E-07 4.517E-17 0.00E+00
2.427E+02 1.582E-07 1.582E-07 4.729E-17 0.00E+00
2.399E+02 1.618E-07 1.618E-07 4.952E-17 0.00E+00
2.371E+02 1.656E-07 1.656E-07 5.184E-17 0.00E+00
2.344E+02 1.695E-07 1.695E-07 5.428E-17 0.00E+00
2.317E+02 1.734E-07 1.734E-07 5.684E-17 0.00E+00
2.291E+02 1.775E-07 1.775E-07 5.951E-17 0.00E+00
2.265E+02 1.816E-07 1.816E-07 6.231E-17 0.00E+00
2.239E+02 1.858E-07 1.858E-07 6.524E-17 0.00E+00
2.213E+02 1.902E-07 1.902E-07 6.831E-17 0.00E+00
2.188E+02 1.946E-07 1.946E-07 7.152E-17 0.00E+00
2.163E+02 1.992E-07 1.992E-07 7.488E-17 0.00E+00
2.138E+02 2.038E-07 2.038E-07 7.841E-17 0.00E+00
2.113E+02 2.086E-07 2.086E-07 8.209E-17 0.00E+00
2.089E+02 2.135E-07 2.135E-07 8.595E-17 0.00E+00
2.065E+02 2.185E-07 2.185E-07 8.999E-17 0.00E+00
2.042E+02 2.236E-07 2.236E-07 9.423E-17 0.00E+00
2.018E+02 2.288E-07 2.288E-07 9.866E-17 0.00E+00
1.995E+02 2.342E-07 2.342E-07 1.033E-16 0.00E+00
1.972E+02 2.396E-07 2.396E-07 1.081E-16 0.00E+00
1.950E+02 2.453E-07 2.453E-07 1.132E-16 0.00E+00
1.928E+02 2.510E-07 2.510E-07 1.186E-16 0.00E+00
1.905E+02 2.569E-07 2.569E-07 1.241E-16 0.00E+00
1.884E+02 2.629E-07 2.629E-07 1.300E-16 0.00E+00
1.862E+02 2.691E-07 2.691E-07 1.361E-16 0.00E+00
1.841E+02 2.754E-07 2.754E-07 1.425E-16 0.00E+00
1.820E+02 2.819E-07 2.819E-07 1.492E-16 0.00E+00
1.799E+02 2.885E-07 2.885E-07 1.562E-16 0.00E+00
1.778E+02 2.953E-07 2.953E-07 1.635E-16 0.00E+00
1.758E+02 3.022E-07 3.022E-07 1.712E-16 0.00E+00
1.738E+02 3.093E-07 3.093E-07 1.792E-16 0.00E+00
1.718E+02 3.166E-07 3.166E-07 1.876E-16 0.00E+00
1.698E+02 3.241E-07 3.241E-07 1.965E-16 0.00E+00
1.679E+02 3.317E-07 3.317E-07 2.057E-16 0.00E+00
1.660E+02 3.395E-07 3.395E-07 2.153E-16 0.00E+00
1.641E+02 3.476E-07 3.476E-07 2.254E-16 0.00E+00
1.622E+02 3.558E-07 3.558E-07 2.360E-16 0.00E+00
1.603E+02 3.642E-07 3.642E-07 2.471E-16 0.00E+00
1.585E+02 3.728E-07 3.728E-07 2.587E-16 0.00E+00
1.567E+02 3.816E-07 3.816E-07 2.709E-16 0.00E+00
1.549E+02 3.906E-07 3.906E-07 2.836E-16 0.00E+00
1.531E+02 3.998E-07 3.998E-07 2.969E-16 0.00E+00
1.514E+02 4.093E-07 4.093E-07 3.108E-16 0.00E+00
1.496E+02 4.190E-07 4.190E-07 3.254E-16 0.00E+00
1.479E+02 4.289E-07 4.289E-07 3.406E-16 0.00E+00
1.462E+02 4.391E-07 4.391E-07 3.566E-16 0.00E+00
1.445E+02 4.495E-07 4.495E-07 3.734E-16 0.00E+00
1.429E+02 4.602E-07 4.602E-07 3.909E-16 0.00E+00
1.413E+02 4.711E-07 4.711E-07 4.092E-16 0.00E+00
1.396E+02 4.823E-07 4.823E-07 4.284E-16 0.00E+00
1.380E+02 4.937E-07 4.937E-07 4.485E-16 0.00E+00
1.365E+02 5.055E-07 5.055E-07 4.695E-16 0.00E+00
1.349E+02 5.175E-07 5.175E-07 4.915E-16 0.00E+00
1.334E+02 5.299E-07 5.299E-07 5.145E-16 0.00E+00
1.318E+02 5.425E-07 5.425E-07 5.386E-16 0.00E+00
1.303E+02 5.554E-07 5.554E-07 5.638E-16 0.00E+00
1.288E+02 5.687E-07 5.687E-07 5.902E-16 0.00E+00
1.274E+02 5.823E-07 5.823E-07 6.179E-16 0.00E+00
1.259E+02 5.962E-07 5.962E-07 6.468E-16 0.00E+00
1.245E+02 6.105E-07 6.105E-07 6.771E-16 0.00E+00
1.230E+02 6.251E-07 6.251E-07 7.088E-16 0.00E+00
1.216E+02 6.401E-07 6.401E-07 7.419E-16 0.00E+00
1.202E+02 6.554E-07 6.554E-07 7.767E-16 0.00E+00
1.189E+02 6.711E-07 6.711E-07 8.130E-16 0.00E+00
1.175E+02 6.872E-07 6.872E-07 8.510E-16 0.00E+00
1.161E+02 7.038E-07 7.038E-07 8.908E-16 0.00E+00
1.148E+02 7.207E-07 7.207E-07 9.324E-16 0.00E+00
1.135E+02 7.380E-07 7.380E-07 9.760E-16 0.00E+00
1.122E+02 7.558E-07 7.558E-07 1.022E-15 0.00E+00
1.109E+02 7.740E-07 7.740E-07 1.069E-15 0.00E+00
1.096E+02 7.927E-07 7.927E-07 1.119E-15 0.00E+00
1.084E+02 8.119E-07 8.119E-07 1.171E-15 0.00E+00
1.072E+02 8.315E-07 8.315E-07 1.226E-15 0.00E+00
1.059E+02 8.516E-07 8.516E-07 1.283E-15 0.00E+00
1.047E+02 8.722E-07 8.722E-07 1.343E-15 0.00E+00
1.035E+02 8.933E-07 8.933E-07 1.406E-15 0.00E+00
1.023E+02 9.150E-07 9.150E-07 1.471E-15 0.00E+00
1.012E+02 9.372E-07 9.372E-07 1.540E-15 0.00E+00
1.000E+02 9.600E-07 9.600E-07 1.612E-15 0.00E+00
9.886E+01 9.833E-07 9.833E-07 1.687E-15 0.00E+00
9.772E+01 1.007E-06 1.007E-06 1.765E-15 0.00E+00
9.661E+01 1.032E-06 1.032E-06 1.847E-15 0.00E+00
9.550E+01 1.057E-06 1.057E-06 1.933E-15 0.00E+00
9.441E+01 1.083E-06 1.083E-06 2.023E-15 0.00E+00
9.333E+01 1.109E-06 1.109E-06 2.117E-15 0.00E+00
9.226E+01 1.136E-06 1.136E-06 2.216E-15 0.00E+00
9.120E+01 1.164E-06 1.164E-06 2.318E-15 0.00E+00
9.016E+01 1.192E-06 1.192E-06 2.426E-15 0.00E+00
8.913E+01 1.221E-06 1.221E-06 2.539E-15 0.00E+00
8.810E+01 1.251E-06 1.251E-06 2.656E-15 0.00E+00
8.710E+01 1.282E-06 1.282E-06 2.780E-15 0.00E+00
8.610E+01 1.313E-06 1.313E-06 2.908E-15 0.00E+00
8.511E+01 1.346E-06 1.346E-06 3.043E-15 0.00E+00
8.414E+01 1.379E-06 1.379E-06 3.184E-15 0.00E+00
8.318E+01 1.413E-06 1.413E-06 3.331E-15 0.00E+00
8.222E+01 1.447E-06 1.447E-06 3.485E-15 0.00E+00
8.128E+01 1.483E-06 1.483E-06 3.647E-15 0.00E+00
8.035E+01 1.520E-06 1.520E-06 3.815E-15 0.00E+00
7.943E+01 1.557E-06 1.557E-06 3.991E-15 0.00E+00
7.852E+01 1.596E-06 1.596E-06 4.175E-15 0.00E+00
7.762E+01 1.635E-06 1.635E-06 4.368E-15 0.00E+00
7.674E+01 1.676E-06 1.676E-06 4.569E-15 0.00E+00
7.586E+01 1.717E-06 1.717E-06 4.780E-15 0.00E+00
7.499E+01 1.760E-06 1.760E-06 5.000E-15 0.00E+00
7.413E+01 1.804E-06 1.804E-06 5.230E-15 0.00E+00
7.328E+01 1.849E-06 1.849E-06 5.471E-15 0.00E+00
7.244E+01 1.895E-06 1.895E-06 5.722E-15 0.00E+00
7.161E+01 1.942E-06 1.942E-06 5.985E-15 0.00E+00
7.079E+01 1.991E-06 1.991E-06 6.260E-15 0.00E+00
6.998E+01 2.041E-06 2.041E-06 6.547E-15 0.00E+00
6.918E+01 2.092E-06 2.092E-06 6.847E-15 0.00E+00
6.839E+01 2.145E-06 2.145E-06 7.160E-15 0.00E+00
6.761E+01 2.199E-06 2.199E-06 7.488E-15 0.00E+00
6.683E+01 2.254E-06 2.254E-06 7.830E-15 0.00E+00
6.607E+01 2.311E-06 2.311E-06 8.188E-15 0.00E+00
6.531E+01 2.370E-06 2.370E-06 8.562E-15 0.00E+00
6.457E+01 2.430E-06 2.430E-06 8.953E-15 0.00E+00
6.383E+01 2.492E-06 2.492E-06 9.361E-15 0.00E+00
6.310E+01 2.555E-06 2.555E-06 9.787E-15 0.00E+00
6.237E+01 2.620E-06 2.620E-06 1.023E-14 0.00E+00
6.166E+01 2.687E-06 2.687E-06 1.070E-14 0.00E+00
6.095E+01 2.756E-06 2.756E-06 1.118E-14 0.00E+00
6.026E+01 2.827E-06 2.827E-06 1.169E-14 0.00E+00
5.957E+01 2.899E-06 2.899E-06 1.222E-14 0.00E+00
5.888E+01 2.974E-06 2.974E-06 1.277E-14 0.00E+00
5.821E+01 3.051E-06 3.051E-06 1.335E-14 0.00E+00
5.754E+01 3.130E-06 3.130E-06 1.396E-14 0.00E+00
5.689E+01 3.211E-06 3.211E-06 1.459E-14 0.00E+00
5.623E+01 3.295E-06 3.295E-06 1.525E-14 0.00E+00
5.559E+01 3.381E-06 3.381E-06 1.593E-14 0.00E+00
5.495E+01 3.469E-06 3.469E-06 1.665E-14 0.00E+00
5.433E+01 3.560E-06 3.560E-06 1.740E-14 0.00E+00
5.370E+01 3.654E-06 3.654E-06 1.818E-14 0.00E+00
5.309E+01 3.751E-06 3.751E-06 1.900E-14 0.00E+00
5.248E+01 3.850E-06 3.850E-06 1.985E-14 0.00E+00
5.188E+01 3.952E-06 3.952E-06 2.074E-14 0.00E+00
5.129E+01 4.058E-06 4.058E-06 2.167E-14 0.00E+00
5.070E+01 4.166E-06 4.166E-06 2.264E-14 0.00E+00
5.012E+01 4.278E-06 4.278E-06 2.365E-14 0.00E+00
4.955E+01 4.393E-06 4.393E-06 2.470E-14 0.00E+00
4.898E+01 4.512E-06 4.512E-06 2.580E-14 0.00E+00
4.842E+01 4.635E-06 4.635E-06 2.695E-14 0.00E+00
4.786E+01 4.761E-06 4.761E-06 2.815E-14 0.00E+00
4.732E+01 4.892E-06 4.892E-06 2.940E-14 0.00E+00
4.677E+01 5.026E-06 5.026E-06 3.071E-14 0.00E+00
4.624E+01 5.165E-06 5.165E-06 3.207E-14 0.00E+00
4.571E+01 5.308E-06 5.308E-06 3.349E-14 0.00E+00
4.519E+01 5.456E-06 5.456E-06 3.497E-14 0.00E+00
4.467E+01 5.609E-06 5.609E-06 3.652E-14 0.00E+00
4.416E+01 5.766E-06 5.766E-06 3.813E-14 0.00E+00
4.365E+01 5.929E-06 5.929E-06 3.982E-14 0.00E+00
4.315E+01 6.097E-06 6.097E-06 4.157E-14 0.00E+00
4.266E+01 6.270E-06 6.270E-06 4.340E-14 0.00E+00
4.217E+01 6.450E-06 6.450E-06 4.531E-14 0.00E+00
4.169E+01 6.635E-06 6.635E-06 4.730E-14 0.00E+00
4.121E+01 6.826E-06 6.826E-06 4.938E-14 0.00E+00
4.074E+01 7.024E-06 7.024E-06 5.155E-14 0.00E+00
4.027E+01 7.228E-06 7.228E-06 5.381E-14 0.00E+00
3.981E+01 7.438E-06 7.438E-06 5.618E-14 0.00E+00
3.936E+01 7.656E-06 7.656E-06 5.864E-14 0.00E+00
3.890E+01 7.881E-06 7.881E-06 6.121E-14 0.00E+00
3.846E+01 8.113E-06 8.113E-06 6.389E-14 0.00E+00
3.802E+01 8.352E-06 8.352E-06 6.669E-14 0.00E+00
3.758E+01 8.599E-06 8.599E-06 6.961E-14 0.00E+00
3.715E+01 8.854E-06 8.854E-06 7.266E-14 0.00E+00
3.673E+01 9.116E-06 9.116E-06 7.584E-14 0.00E+00
3.631E+01 9.386E-06 9.386E-06 7.917E-14 0.00E+00
3.589E+01 9.664E-06 9.664E-06 8.263E-14 0.00E+00
3.548E+01 9.950E-06 9.950E-06 8.626E-14 0.00E+00
3.508E+01 1.024E-05 1.024E-05 9.004E-14 0.00E+00
3.467E+01 1.054E-05 1.054E-05 9.398E-14 0.00E+00
3.428E+01 1.085E-05 1.085E-05 9.811E-14 0.00E+00
3.388E+01 1.117E-05 1.117E-05 1.024E-13 0.00E+00
3.350E+01 1.149E-05 1.149E-05 1.069E-13 0.00E+00
3.311E+01 1.181E-05 1.181E-05 1.116E-13 0.00E+00
3.273E+01 1.215E-05 1.215E-05 1.165E-13 0.00E+00
3.236E+01 1.248E-05 1.248E-05 1.216E-13 0.00E+00
3.199E+01 1.282E-05 1.282E-05 1.270E-13 0.00E+00
3.162E+01 1.316E-05 1.316E-05 1.326E-13 0.00E+00
3.126E+01 1.351E-05 1.351E-05 1.384E-13 0.00E+00
3.090E+01 1.385E-05 1.385E-05 1.446E-13 0.00E+00
3.055E+01 1.420E-05 1.420E-05 1.510E-13 0.00E+00
3.020E+01 1.454E-05 1.454E-05 1.576E-13 0.00E+00
2.985E+01 1.487E-05 1.487E-05 1.646E-13 0.00E+00
2.951E+01 1.521E-05 1.521E-05 1.719E-13 0.00E+00
2.917E+01 1.554E-05 1.554E-05 1.796E-13 0.00E+00
2.884E+01 1.586E-05 1.586E-05 1.876E-13 0.00E+00
2.851E+01 1.617E-05 1.617E-05 1.960E-13 0.00E+00
2.818E+01 1.648E-05 1.648E-05 2.047E-13 0.00E+00
2.786E+01 1.678E-05 1.678E-05 2.139E-13 0.00E+00
2.754E+01 1.707E-05 1.707E-05 2.234E-13 0.00E+00
2.723E+01 1.736E-05 1.736E-05 2.335E-13 0.00E+00
2.692E+01 1.766E-05 1.766E-05 2.440E-13 0.00E+00
2.661E+01 1.796E-05 1.796E-05 2.549E-13 0.00E+00
2.630E+01 1.828E-05 1.828E-05 2.664E-13 0.00E+00
2.600E+01 1.864E-05 1.864E-05 2.785E-13 0.00E+00
2.570E+01 1.905E-05 1.905E-05 2.911E-13 0.00E+00
2.541E+01 1.956E-05 1.956E-05 3.042E-13 0.00E+00
2.512E+01 2.022E-05 2.022E-05 3.180E-13 0.00E+00
2.483E+01 2.113E-05 2.113E-05 3.325E-13 0.00E+00
2.455E+01 2.245E-05 2.245E-05 3.475E-13 0.00E+00
2.427E+01 2.452E-05 2.452E-05 3.633E-13 0.00E+00
2.399E+01 2.794E-05 2.794E-05 3.799E-13 0.00E+00
2.371E+01 3.388E-05 3.388E-05 3.972E-13 0.00E+00
2.344E+01 4.368E-05 4.368E-05 4.154E-13 0.00E+00
2.317E+01 5.368E-05 5.368E-05 4.345E-13 0.00E+00
2.291E+01 5.217E-05 5.217E-05 4.544E-13 0.00E+00
2.265E+01 4.459E-05 4.459E-05 4.753E-13 0.00E+00
2.239E+01 4.154E-05 4.154E-05 4.972E-13 0.00E+00
2.213E+01 4.501E-05 4.501E-05 5.201E-13 0.00E+00
2.188E+01 5.723E-05 5.723E-05 5.441E-13 0.00E+00
2.163E+01 8.529E-05 8.529E-05 5.692E-13 0.00E+00
2.138E+01 1.352E-04 1.352E-04 5.955E-13 0.00E+00
2.113E+01 1.540E-04 1.540E-04 6.232E-13 0.00E+00
2.089E+01 1.046E-04 1.046E-04 6.521E-13 0.00E+00
2.065E+01 6.390E-05 6.390E-05 6.824E-13 0.00E+00
2.042E+01 4.315E-05 4.315E-05 7.141E-13 0.00E+00
2.018E+01 3.248E-05 3.248E-05 7.473E-13 0.00E+00
1.995E+01 2.660E-05 2.660E-05 7.820E-13 0.00E+00
1.972E+01 2.321E-05 2.321E-05 8.184E-13 0.00E+00
1.950E+01 2.136E-05 2.136E-05 8.565E-13 0.00E+00
1.928E+01 2.076E-05 2.076E-05 8.964E-13 0.00E+00
1.905E+01 2.168E-05 2.168E-05 9.383E-13 0.00E+00
1.884E+01 2.554E-05 2.554E-05 9.821E-13 0.00E+00
1.862E+01 3.818E-05 3.818E-05 1.028E-12 0.00E+00
1.841E+01 8.892E-05 8.892E-05 1.076E-12 0.00E+00
1.820E+01 1.426E-04 1.426E-04 1.127E-12 0.00E+00
1.799E+01 5.326E-05 5.326E-05 1.180E-12 0.00E+00
1.778E+01 2.788E-05 2.788E-05 1.235E-12 0.00E+00
1.758E+01 2.008E-05 2.008E-05 1.293E-12 0.00E+00
1.738E+01 1.704E-05 1.704E-05 1.354E-12 0.00E+00
1.718E+01 1.602E-05 1.602E-05 1.417E-12 0.00E+00
1.698E+01 1.670E-05 1.670E-05 1.484E-12 0.00E+00
1.679E+01 2.090E-05 2.090E-05 1.554E-12 0.00E+00
1.660E+01 4.291E-05 4.291E-05 1.627E-12 0.00E+00
1.641E+01 2.289E-04 2.289E-04 1.704E-12 0.00E+00
1.622E+01 4.582E-05 4.582E-05 1.784E-12 0.00E+00
1.603E+01 2.015E-05 2.015E-05 1.868E-12 0.00E+00
1.585E+01 1.472E-05 1.472E-05 1.956E-12 0.00E+00
1.567E+01 1.278E-05 1.278E-05 2.048E-12 1.69E-07
1.549E+01 1.191E-05 1.191E-05 2.145E-12 1.85E-07
1.531E+01 1.152E-05 1.152E-05 2.246E-12 2.01E-07
1.514E+01 1.140E-05 1.140E-05 2.352E-12 2.16E-07
1.496E+01 1.145E-05 1.145E-05 2.464E-12 2.33E-07
1.479E+01 1.166E-05 1.166E-05 2.580E-12 2.49E-07
1.462E+01 1.203E-05 1.203E-05 2.702E-12 2.66E-07
1.445E+01 1.256E-05 1.256E-05 2.830E-12 2.84E-07
1.429E+01 1.331E-05 1.331E-05 2.964E-12 3.01E-07
1.413E+01 1.433E-05 1.433E-05 3.104E-12 3.20E-07
1.396E+01 1.572E-05 1.572E-05 3.250E-12 3.38E-07
1.380E+01 1.764E-05 1.764E-05 3.404E-12 3.58E-07
1.365E+01 2.035E-05 2.035E-05 3.565E-12 3.77E-07
1.349E+01 2.425E-05 2.425E-05 3.733E-12 3.98E-07
1.334E+01 3.006E-05 3.006E-05 3.910E-12 4.19E-07
1.318E+01 3.884E-05 3.884E-05 4.095E-12 4.41E-07
1.303E+01 5.184E-05 5.184E-05 4.289E-12 4.64E-07
1.288E+01 6.836E-05 6.836E-05 4.491E-12 4.88E-07
1.274E+01 8.076E-05 8.076E-05 4.704E-12 5.13E-07
1.259E+01 7.875E-05 7.875E-05 4.926E-12 5.40E-07
1.245E+01 6.753E-05 6.753E-05 5.160E-12 5.68E-07
1.230E+01 5.944E-05 5.944E-05 5.404E-12 5.98E-07
1.216E+01 6.165E-05 6.165E-05 5.660E-12 6.26E-07
1.202E+01 8.451E-05 8.451E-05 5.928E-12 6.53E-07
1.189E+01 1.158E-04 1.158E-04 6.214E-12 6.79E-07
1.175E+01 9.596E-05 9.596E-05 6.521E-12 7.06E-07
1.161E+01 1.080E-04 1.080E-04 6.859E-12 7.32E-07
1.148E+01 1.696E-04 1.696E-04 6.981E-12 7.61E-07
1.135E+01 2.702E-04 2.702E-04 7.418E-12 7.86E-07
1.122E+01 2.467E-04 2.467E-04 7.782E-12 8.13E-07
1.109E+01 1.415E-04 1.415E-04 8.161E-12 8.42E-07
1.096E+01 8.198E-05 8.198E-05 8.553E-12 8.70E-07
1.084E+01 5.367E-05 5.367E-05 8.961E-12 8.99E-07
1.072E+01 3.914E-05 3.914E-05 9.386E-12 9.28E-07
1.059E+01 3.100E-05 3.100E-05 9.829E-12 9.58E-07
1.047E+01 2.615E-05 2.615E-05 1.029E-11 9.88E-07
1.035E+01 2.315E-05 2.315E-05 1.077E-11 1.02E-06
1.023E+01 2.129E-05 2.129E-05 1.128E-11 1.05E-06
1.012E+01 2.020E-05 2.020E-05 1.182E-11 1.08E-06
1.000E+01 1.968E-05 1.968E-05 1.237E-11 1.11E-06
9.886E+00 1.960E-05 1.960E-05 1.296E-11 1.15E-06
9.772E+00 1.993E-05 1.993E-05 1.357E-11 1.18E-06
9.661E+00 2.064E-05 2.064E-05 1.421E-11 1.21E-06
9.550E+00 2.176E-05 2.176E-05 1.488E-11 1.25E-06
9.441E+00 2.339E-05 2.339E-05 1.558E-11 1.28E-06
9.333E+00 2.565E-05 2.565E-05 1.632E-11 1.31E-06
9.226E+00 2.879E-05 2.879E-05 1.708E-11 1.35E-06
9.120E+00 3.328E-05 3.328E-05 1.789E-11 1.38E-06
9.016E+00 3.994E-05 3.994E-05 1.873E-11 1.42E-06
8.913E+00 5.041E-05 5.041E-05 1.961E-11 1.46E-06
8.810E+00 6.763E-05 6.763E-05 2.054E-11 1.50E-06
8.710E+00 9.397E-05 9.397E-05 2.150E-11 1.54E-06
8.610E+00 1.166E-04 1.166E-04 2.251E-11 1.58E-06
8.511E+00 1.111E-04 1.111E-04 2.357E-11 1.62E-06
8.414E+00 9.716E-05 9.716E-05 2.468E-11 1.66E-06
8.318E+00 9.377E-05 9.377E-05 2.584E-11 1.71E-06
8.222E+00 1.013E-04 1.013E-04 2.705E-11 1.76E-06
8.128E+00 1.182E-04 1.182E-04 2.832E-11 1.80E-06
8.035E+00 1.442E-04 1.442E-04 2.965E-11 1.85E-06
7.943E+00 1.787E-04 1.787E-04 3.104E-11 1.91E-06
7.852E+00 2.172E-04 2.172E-04 3.250E-11 1.96E-06
7.762E+00 2.472E-04 2.472E-04 3.402E-11 2.02E-06
7.674E+00 2.528E-04 2.528E-04 3.562E-11 2.07E-06
7.586E+00 2.301E-04 2.301E-04 3.729E-11 2.13E-06
7.499E+00 1.920E-04 1.920E-04 3.904E-11 2.18E-06
7.413E+00 1.534E-04 1.534E-04 4.087E-11 2.24E-06
7.328E+00 1.215E-04 1.215E-04 4.279E-11 2.29E-06
7.244E+00 9.731E-05 9.731E-05 4.479E-11 2.35E-06
7.161E+00 7.951E-05 7.951E-05 4.690E-11 2.41E-06
7.079E+00 6.663E-05 6.663E-05 4.909E-11 2.46E-06
6.998E+00 5.741E-05 5.741E-05 5.139E-11 2.52E-06
6.918E+00 5.100E-05 5.100E-05 5.380E-11 2.59E-06
6.839E+00 4.687E-05 4.687E-05 5.632E-11 2.65E-06
6.761E+00 4.480E-05 4.480E-05 5.896E-11 2.71E-06
6.683E+00 4.488E-05 4.488E-05 6.172E-11 2.78E-06
6.607E+00 4.762E-05 4.762E-05 6.461E-11 2.84E-06
6.531E+00 5.427E-05 5.427E-05 6.764E-11 2.91E-06
6.457E+00 6.741E-05 6.741E-05 7.080E-11 2.98E-06
6.383E+00 9.204E-05 9.204E-05 7.410E-11 3.06E-06
6.310E+00 1.346E-04 1.346E-04 7.756E-11 3.21E-06
6.237E+00 1.846E-04 1.846E-04 8.123E-11 3.16E-06
6.166E+00 1.851E-04 1.851E-04 8.501E-11 3.25E-06
6.095E+00 1.338E-04 1.338E-04 8.899E-11 3.33E-06
6.026E+00 8.825E-05 8.825E-05 9.315E-11 3.40E-06
5.957E+00 6.062E-05 6.062E-05 9.750E-11 3.48E-06
5.888E+00 4.450E-05 4.450E-05 1.021E-10 3.56E-06
5.821E+00 3.468E-05 3.468E-05 1.068E-10 3.64E-06
5.754E+00 2.835E-05 2.835E-05 1.118E-10 3.72E-06
5.689E+00 2.404E-05 2.404E-05 1.170E-10 3.81E-06
5.623E+00 2.099E-05 2.099E-05 1.225E-10 3.89E-06
5.559E+00 1.874E-05 1.874E-05 1.282E-10 3.98E-06
5.495E+00 1.703E-05 1.703E-05 1.342E-10 4.07E-06
5.433E+00 1.571E-05 1.571E-05 1.404E-10 4.16E-06
5.370E+00 1.467E-05 1.467E-05 1.470E-10 4.26E-06
5.309E+00 1.383E-05 1.383E-05 1.539E-10 4.35E-06
5.248E+00 1.315E-05 1.315E-05 1.610E-10 4.45E-06
5.188E+00 1.259E-05 1.259E-05 1.685E-10 4.56E-06
5.129E+00 1.212E-05 1.212E-05 1.764E-10 4.66E-06
5.070E+00 1.174E-05 1.174E-05 1.846E-10 4.77E-06
5.012E+00 1.142E-05 1.142E-05 1.931E-10 4.88E-06
4.955E+00 1.115E-05 1.115E-05 2.021E-10 4.99E-06
4.898E+00 1.092E-05 1.092E-05 2.116E-10 5.10E-06
4.842E+00 1.074E-05 1.073E-05 2.214E-10 5.21E-06
4.786E+00 1.058E-05 1.058E-05 2.317E-10 5.33E-06
4.732E+00 1.046E-05 1.046E-05 2.425E-10 5.45E-06
4.677E+00 1.036E-05 1.036E-05 2.538E-10 5.57E-06
4.624E+00 1.029E-05 1.028E-05 2.656E-10 5.69E-06
4.571E+00 1.023E-05 1.023E-05 2.780E-10 5.82E-06
4.519E+00 1.019E-05 1.019E-05 2.909E-10 5.95E-06
4.467E+00 1.017E-05 1.017E-05 3.044E-10 6.08E-06
4.416E+00 1.017E-05 1.017E-05 3.186E-10 6.21E-06
4.365E+00 1.018E-05 1.018E-05 3.334E-10 6.35E-06
4.315E+00 1.020E-05 1.020E-05 3.489E-10 6.49E-06
4.266E+00 1.024E-05 1.024E-05 3.651E-10 6.63E-06
4.217E+00 1.029E-05 1.029E-05 3.821E-10 6.78E-06
4.169E+00 1.035E-05 1.035E-05 3.998E-10 6.92E-06
4.121E+00 1.043E-05 1.043E-05 4.184E-10 7.07E-06
4.074E+00 1.051E-05 1.051E-05 4.378E-10 7.23E-06
4.027E+00 1.061E-05 1.061E-05 4.581E-10 7.38E-06
3.981E+00 1.072E-05 1.072E-05 4.794E-10 7.54E-06
3.936E+00 1.085E-05 1.085E-05 5.017E-10 7.70E-06
3.890E+00 1.099E-05 1.099E-05 5.249E-10 7.87E-06
3.846E+00 1.116E-05 1.116E-05 5.493E-10 8.03E-06
3.802E+00 1.134E-05 1.134E-05 5.748E-10 8.20E-06
3.758E+00 1.156E-05 1.156E-05 6.015E-10 8.37E-06
3.715E+00 1.181E-05 1.181E-05 6.295E-10 8.55E-06
3.673E+00 1.212E-05 1.212E-05 6.587E-10 8.73E-06
3.631E+00 1.250E-05 1.250E-05 6.893E-10 8.91E-06
3.589E+00 1.301E-05 1.301E-05 7.213E-10 9.09E-06
3.548E+00 1.371E-05 1.370E-05 7.548E-10 9.28E-06
3.508E+00 1.475E-05 1.475E-05 7.898E-10 9.47E-06
3.467E+00 1.649E-05 1.649E-05 8.264E-10 9.66E-06
3.428E+00 1.983E-05 1.983E-05 8.647E-10 9.86E-06
3.388E+00 2.793E-05 2.792E-05 9.048E-10 1.01E-05
3.350E+00 5.708E-05 5.708E-05 9.467E-10 1.03E-05
3.311E+00 2.526E-04 2.526E-04 9.906E-10 1.05E-05
3.273E+00 1.265E-04 1.265E-04 1.037E-09 1.07E-05
3.236E+00 4.045E-05 4.045E-05 1.085E-09 1.09E-05
3.199E+00 2.458E-05 2.458E-05 1.135E-09 1.11E-05
3.162E+00 1.945E-05 1.945E-05 1.187E-09 1.14E-05
3.126E+00 1.731E-05 1.731E-05 1.242E-09 1.16E-05
3.090E+00 1.627E-05 1.627E-05 1.300E-09 1.18E-05
3.055E+00 1.574E-05 1.574E-05 1.360E-09 1.21E-05
3.020E+00 1.548E-05 1.548E-05 1.423E-09 1.23E-05
2.985E+00 1.539E-05 1.538E-05 1.489E-09 1.26E-05
2.951E+00 1.538E-05 1.538E-05 1.558E-09 1.28E-05
2.917E+00 1.544E-05 1.544E-05 1.630E-09 1.31E-05
2.884E+00 1.555E-05 1.555E-05 1.706E-09 1.34E-05
2.851E+00 1.570E-05 1.569E-05 1.785E-09 1.36E-05
2.818E+00 1.587E-05 1.586E-05 1.867E-09 1.39E-05
2.786E+00 1.605E-05 1.605E-05 1.953E-09 1.42E-05
2.754E+00 1.626E-05 1.625E-05 2.043E-09 1.45E-05
2.723E+00 1.648E-05 1.648E-05 2.138E-09 1.48E-05
2.692E+00 1.671E-05 1.670E-05 2.236E-09 1.51E-05
2.661E+00 1.695E-05 1.694E-05 2.340E-09 1.54E-05
2.630E+00 1.720E-05 1.720E-05 2.448E-09 1.57E-05
2.600E+00 1.746E-05 1.745E-05 2.561E-09 1.60E-05
2.570E+00 1.772E-05 1.772E-05 2.679E-09 1.64E-05
2.541E+00 1.799E-05 1.799E-05 2.803E-09 1.67E-05
2.512E+00 1.827E-05 1.826E-05 2.932E-09 1.71E-05
2.483E+00 1.855E-05 1.855E-05 3.067E-09 1.74E-05
2.455E+00 1.885E-05 1.885E-05 3.209E-09 1.78E-05
2.427E+00 1.915E-05 1.915E-05 3.357E-09 1.81E-05
2.399E+00 1.946E-05 1.946E-05 3.512E-09 1.85E-05
2.371E+00 1.978E-05 1.977E-05 3.674E-09 1.89E-05
2.344E+00 2.010E-05 2.010E-05 3.844E-09 1.93E-05
2.317E+00 2.043E-05 2.043E-05 4.021E-09 1.97E-05
2.291E+00 2.077E-05 2.077E-05 4.207E-09 2.01E-05
2.265E+00 2.112E-05 2.111E-05 4.401E-09 2.05E-05
2.239E+00 2.147E-05 2.147E-05 4.605E-09 2.09E-05
2.213E+00 2.184E-05 2.183E-05 4.817E-09 2.13E-05
2.188E+00 2.221E-05 2.220E-05 5.040E-09 2.17E-05
2.163E+00 2.258E-05 2.258E-05 5.272E-09 2.21E-05
2.138E+00 2.297E-05 2.297E-05 5.516E-09 2.26E-05
2.113E+00 2.336E-05 2.336E-05 5.770E-09 2.30E-05
2.089E+00 2.376E-05 2.375E-05 6.036E-09 2.35E-05
2.065E+00 2.416E-05 2.415E-05 6.315E-09 2.40E-05
2.042E+00 2.457E-05 2.456E-05 6.606E-09 2.45E-05
2.018E+00 2.499E-05 2.498E-05 6.910E-09 2.49E-05
1.995E+00 2.542E-05 2.541E-05 7.229E-09 2.54E-05
1.972E+00 2.585E-05 2.585E-05 7.562E-09 2.60E-05
1.950E+00 2.630E-05 2.629E-05 7.911E-09 2.65E-05
1.928E+00 2.675E-05 2.674E-05 8.276E-09 2.70E-05
1.905E+00 2.722E-05 2.721E-05 8.657E-09 2.75E-05
1.884E+00 2.769E-05 2.768E-05 9.057E-09 2.81E-05
1.862E+00 2.817E-05 2.816E-05 9.474E-09 2.86E-05
1.841E+00 2.867E-05 2.866E-05 9.912E-09 2.92E-05
1.820E+00 2.917E-05 2.916E-05 1.037E-08 2.98E-05
1.799E+00 2.968E-05 2.967E-05 1.085E-08 3.04E-05
1.778E+00 3.020E-05 3.019E-05 1.135E-08 3.09E-05
1.758E+00 3.074E-05 3.072E-05 1.187E-08 3.15E-05
1.738E+00 3.128E-05 3.127E-05 1.242E-08 3.22E-05
1.718E+00 3.183E-05 3.182E-05 1.299E-08 3.28E-05
1.698E+00 3.240E-05 3.238E-05 1.359E-08 3.34E-05
1.679E+00 3.297E-05 3.295E-05 1.421E-08 3.41E-05
1.660E+00 3.355E-05 3.353E-05 1.487E-08 3.48E-05
1.641E+00 3.414E-05 3.412E-05 1.555E-08 3.55E-05
1.622E+00 3.473E-05 3.471E-05 1.627E-08 3.62E-05
1.603E+00 3.533E-05 3.532E-05 1.701E-08 3.69E-05
1.585E+00 3.595E-05 3.593E-05 1.780E-08 3.77E-05
1.567E+00 3.657E-05 3.655E-05 1.862E-08 3.84E-05
1.549E+00 3.721E-05 3.719E-05 1.947E-08 3.92E-05
1.531E+00 3.786E-05 3.784E-05 2.037E-08 4.00E-05
1.514E+00 3.853E-05 3.851E-05 2.131E-08 4.07E-05
1.496E+00 3.921E-05 3.919E-05 2.230E-08 4.15E-05
1.479E+00 3.991E-05 3.988E-05 2.333E-08 4.23E-05
1.462E+00 4.062E-05 4.060E-05 2.441E-08 4.32E-05
1.445E+00 4.136E-05 4.133E-05 2.553E-08 4.40E-05
1.429E+00 4.212E-05 4.209E-05 2.671E-08 4.48E-05
1.413E+00 4.289E-05 4.286E-05 2.794E-08 4.57E-05
1.396E+00 4.369E-05 4.366E-05 2.923E-08 4.65E-05
1.380E+00 4.450E-05 4.447E-05 3.058E-08 4.74E-05
1.365E+00 4.534E-05 4.531E-05 3.199E-08 4.83E-05
1.349E+00 4.619E-05 4.616E-05 3.346E-08 4.93E-05
1.334E+00 4.707E-05 4.703E-05 3.500E-08 5.02E-05
1.318E+00 4.797E-05 4.793E-05 3.661E-08 5.12E-05
1.303E+00 4.890E-05 4.886E-05 3.830E-08 5.21E-05
1.288E+00 4.985E-05 4.981E-05 4.006E-08 5.32E-05
1.274E+00 5.084E-05 5.079E-05 4.190E-08 5.42E-05
1.259E+00 5.186E-05 5.182E-05 4.383E-08 5.53E-05
1.245E+00 5.292E-05 5.287E-05 4.584E-08 5.63E-05
1.230E+00 5.402E-05 5.397E-05 4.796E-08 5.74E-05
1.216E+00 5.519E-05 5.514E-05 5.017E-08 5.85E-05
1.202E+00 5.643E-05 5.638E-05 5.248E-08 5.97E-05
1.189E+00 5.776E-05 5.771E-05 5.490E-08 6.08E-05
1.175E+00 5.920E-05 5.915E-05 5.743E-08 6.20E-05
1.161E+00 6.079E-05 6.073E-05 6.008E-08 6.32E-05
1.148E+00 6.255E-05 6.248E-05 6.284E-08 6.44E-05
1.135E+00 6.453E-05 6.447E-05 6.574E-08 6.57E-05
1.122E+00 6.682E-05 6.675E-05 6.876E-08 6.69E-05
1.109E+00 6.950E-05 6.943E-05 7.193E-08 6.82E-05
1.096E+00 7.270E-05 7.262E-05 7.524E-08 6.95E-05
1.084E+00 7.660E-05 7.652E-05 7.870E-08 7.08E-05
1.072E+00 8.147E-05 8.139E-05 8.232E-08 7.21E-05
1.059E+00 8.770E-05 8.761E-05 8.611E-08 7.35E-05
1.047E+00 9.582E-05 9.573E-05 9.006E-08 7.49E-05
1.035E+00 1.067E-04 1.066E-04 9.420E-08 7.63E-05
1.023E+00 1.213E-04 1.212E-04 9.853E-08 7.78E-05
1.012E+00 1.414E-04 1.413E-04 1.031E-07 7.93E-05
1.000E+00 1.687E-04 1.686E-04 1.078E-07 8.08E-05
9.886E-01 2.050E-04 2.048E-04 1.127E-07 8.24E-05
9.772E-01 2.505E-04 2.504E-04 1.179E-07 8.39E-05
9.661E-01 3.036E-04 3.035E-04 1.233E-07 8.56E-05
9.550E-01 3.605E-04 3.604E-04 1.290E-07 8.72E-05
9.441E-01 4.174E-04 4.173E-04 1.349E-07 8.89E-05
9.333E-01 4.719E-04 4.717E-04 1.410E-07 9.06E-05
9.226E-01 5.231E-04 5.230E-04 1.475E-07 9.24E-05
9.120E-01 5.716E-04 5.714E-04 1.542E-07 9.42E-05
9.016E-01 6.184E-04 6.182E-04 1.613E-07 9.61E-05
8.913E-01 6.656E-04 6.655E-04 1.687E-07 9.80E-05
8.810E-01 7.163E-04 7.162E-04 1.764E-07 1.00E-04
8.710E-01 7.747E-04 7.745E-04 1.844E-07 1.02E-04
8.610E-01 8.464E-04 8.462E-04 1.928E-07 1.04E-04
8.511E-01 9.385E-04 9.383E-04 2.016E-07 1.06E-04
8.414E-01 1.060E-03 1.059E-03 2.108E-07 1.08E-04
8.318E-01 1.217E-03 1.217E-03 2.204E-07 1.11E-04
8.222E-01 1.415E-03 1.415E-03 2.305E-07 1.13E-04
8.128E-01 1.646E-03 1.645E-03 2.410E-07 1.15E-04
8.035E-01 1.896E-03 1.896E-03 2.520E-07 1.17E-04
7.943E-01 2.153E-03 2.152E-03 2.634E-07 1.20E-04
7.852E-01 2.409E-03 2.409E-03 2.754E-07 1.22E-04
7.762E-01 2.664E-03 2.664E-03 2.880E-07 1.25E-04
7.674E-01 2.920E-03 2.919E-03 3.011E-07 1.28E-04
7.586E-01 3.179E-03 3.178E-03 3.148E-07 1.30E-04
7.499E-01 3.443E-03 3.443E-03 3.291E-07 1.33E-04
7.413E-01 3.716E-03 3.716E-03 3.441E-07 1.36E-04
7.328E-01 3.999E-03 3.999E-03 3.598E-07 1.39E-04
7.244E-01 4.293E-03 4.293E-03 3.761E-07 1.42E-04
7.161E-01 4.600E-03 4.600E-03 3.933E-07 1.45E-04
7.079E-01 4.922E-03 4.921E-03 4.112E-07 1.48E-04
6.998E-01 5.258E-03 5.257E-03 4.299E-07 1.51E-04
6.918E-01 5.610E-03 5.609E-03 4.495E-07 1.54E-04
6.839E-01 5.979E-03 5.978E-03 4.700E-07 1.58E-04
6.761E-01 6.366E-03 6.365E-03 4.914E-07 1.61E-04
6.683E-01 6.771E-03 6.771E-03 5.138E-07 1.65E-04
6.607E-01 7.197E-03 7.196E-03 5.373E-07 1.68E-04
6.531E-01 7.642E-03 7.641E-03 5.619E-07 1.72E-04
6.457E-01 8.108E-03 8.108E-03 5.876E-07 1.76E-04
6.383E-01 8.597E-03 8.596E-03 6.146E-07 1.80E-04
6.310E-01 9.108E-03 9.107E-03 6.428E-07 1.84E-04
6.237E-01 9.642E-03 9.642E-03 6.723E-07 1.88E-04
6.166E-01 1.020E-02 1.020E-02 7.033E-07 1.92E-04
6.095E-01 1.079E-02 1.078E-02 7.357E-07 1.96E-04
6.026E-01 1.139E-02 1.139E-02 7.696E-07 2.01E-04
5.957E-01 1.203E-02 1.203E-02 8.052E-07 2.05E-04
5.888E-01 1.270E-02 1.269E-02 8.424E-07 2.10E-04
5.821E-01 1.339E-02 1.339E-02 8.814E-07 2.14E-04
5.754E-01 1.411E-02 1.411E-02 9.224E-07 2.19E-04
5.689E-01 1.486E-02 1.486E-02 9.653E-07 2.24E-04
5.623E-01 1.564E-02 1.564E-02 1.010E-06 2.29E-04
5.559E-01 1.645E-02 1.645E-02 1.057E-06 2.34E-04
5.495E-01 1.730E-02 1.730E-02 1.107E-06 2.39E-04
5.433E-01 1.818E-02 1.818E-02 1.159E-06 2.44E-04
5.370E-01 1.909E-02 1.909E-02 1.214E-06 2.50E-04
5.309E-01 2.004E-02 2.003E-02 1.271E-06 2.55E-04
5.248E-01 2.102E-02 2.102E-02 1.331E-06 2.61E-04
5.188E-01 2.204E-02 2.203E-02 1.394E-06 2.66E-04
5.129E-01 2.309E-02 2.309E-02 1.460E-06 2.72E-04
5.070E-01 2.418E-02 2.418E-02 1.530E-06 2.78E-04
5.012E-01 2.531E-02 2.531E-02 1.603E-06 2.84E-04
4.955E-01 2.648E-02 2.648E-02 1.680E-06 2.90E-04
4.898E-01 2.769E-02 2.769E-02 1.761E-06 2.96E-04
4.842E-01 2.894E-02 2.894E-02 1.845E-06 3.03E-04
4.786E-01 3.023E-02 3.023E-02 1.934E-06 3.09E-04
4.732E-01 3.157E-02 3.157E-02 2.027E-06 3.15E-04
4.677E-01 3.294E-02 3.294E-02 2.124E-06 3.22E-04
4.624E-01 3.436E-02 3.436E-02 2.227E-06 3.28E-04
4.571E-01 3.583E-02 3.583E-02 2.334E-06 3.35E-04
4.519E-01 3.734E-02 3.733E-02 2.448E-06 3.42E-04
4.467E-01 3.889E-02 3.889E-02 2.567E-06 3.49E-04
4.416E-01 4.049E-02 4.049E-02 2.692E-06 3.55E-04
4.365E-01 4.214E-02 4.213E-02 2.823E-06 3.62E-04
4.315E-01 4.383E-02 4.383E-02 2.960E-06 3.69E-04
4.266E-01 4.557E-02 4.557E-02 3.104E-06 3.75E-04
4.217E-01 4.736E-02 4.736E-02 3.255E-06 3.82E-04
4.169E-01 4.920E-02 4.919E-02 3.413E-06 3.89E-04
4.121E-01 5.108E-02 5.108E-02 3.579E-06 3.96E-04
4.074E-01 5.302E-02 5.301E-02 3.754E-06 4.02E-04
4.027E-01 5.500E-02 5.500E-02 3.937E-06 4.09E-04
3.981E-01 5.704E-02 5.704E-02 4.129E-06 4.16E-04
3.935E-01 5.913E-02 5.912E-02 4.331E-06 4.23E-04
3.890E-01 6.127E-02 6.126E-02 4.542E-06 4.30E-04
3.846E-01 6.346E-02 6.345E-02 4.765E-06 4.38E-04
3.802E-01 6.570E-02 6.569E-02 4.998E-06 4.45E-04
3.758E-01 6.799E-02 6.799E-02 5.245E-06 4.52E-04
3.715E-01 7.034E-02 7.033E-02 5.506E-06 4.59E-04
3.673E-01 7.274E-02 7.273E-02 5.781E-06 4.66E-04
3.631E-01 7.519E-02 7.518E-02 6.074E-06 4.73E-04
3.589E-01 7.769E-02 7.769E-02 6.384E-06 4.81E-04
3.548E-01 8.025E-02 8.025E-02 6.713E-06 4.89E-04
3.508E-01 8.287E-02 8.286E-02 7.063E-06 4.96E-04
3.467E-01 8.553E-02 8.553E-02 7.435E-06 5.03E-04
3.428E-01 8.825E-02 8.825E-02 7.831E-06 5.09E-04
3.388E-01 9.103E-02 9.102E-02 8.254E-06 5.15E-04
3.350E-01 9.386E-02 9.385E-02 8.705E-06 5.19E-04
3.311E-01 9.674E-02 9.674E-02 9.186E-06 5.23E-04
3.273E-01 9.968E-02 9.967E-02 9.701E-06 5.26E-04
3.236E-01 1.027E-01 1.027E-01 1.026E-05 5.27E-04
3.199E-01 1.057E-01 1.057E-01 1.085E-05 5.26E-04
3.162E-01 1.088E-01 1.088E-01 1.148E-05 5.23E-04
3.126E-01 1.120E-01 1.120E-01 1.215E-05 5.18E-04
3.090E-01 1.152E-01 1.152E-01 1.287E-05 5.11E-04
3.055E-01 1.185E-01 1.185E-01 1.364E-05 5.02E-04
3.020E-01 1.214E-01 1.214E-01 1.445E-05 4.90E-04
2.985E-01 1.236E-01 1.236E-01 1.533E-05 4.76E-04
2.951E-01 1.260E-01 1.260E-01 1.628E-05 4.58E-04
2.917E-01 1.287E-01 1.286E-01 1.729E-05 4.37E-04
2.884E-01 1.315E-01 1.315E-01 1.841E-05 4.13E-04
2.851E-01 1.346E-01 1.346E-01 1.962E-05 3.84E-04
2.818E-01 1.381E-01 1.381E-01 2.102E-05 3.44E-04
2.786E-01 1.419E-01 1.419E-01 2.251E-05 3.03E-04
2.754E-01 1.461E-01 1.461E-01 2.412E-05 2.62E-04
2.723E-01 1.508E-01 1.508E-01 2.588E-05 2.22E-04
2.692E-01 1.560E-01 1.560E-01 2.782E-05 1.82E-04
2.661E-01 1.619E-01 1.618E-01 2.997E-05 1.46E-04
2.630E-01 1.684E-01 1.684E-01 3.237E-05 1.14E-04
2.600E-01 1.757E-01 1.757E-01 3.511E-05 8.52E-05
2.570E-01 1.840E-01 1.840E-01 3.819E-05 6.29E-05
2.541E-01 1.934E-01 1.933E-01 4.156E-05 4.77E-05
2.512E-01 2.039E-01 2.039E-01 4.538E-05 3.88E-05
2.483E-01 2.158E-01 2.157E-01 4.972E-05 3.53E-05
2.455E-01 2.291E-01 2.291E-01 5.469E-05 3.72E-05
2.427E-01 2.441E-01 2.441E-01 6.040E-05 4.51E-05
2.399E-01 2.607E-01 2.607E-01 6.702E-05 5.91E-05
2.371E-01 2.789E-01 2.789E-01 7.422E-05 8.01E-05
2.344E-01 2.985E-01 2.984E-01 8.190E-05 1.06E-04
2.317E-01 3.190E-01 3.189E-01 8.994E-05 1.33E-04
2.291E-01 3.395E-01 3.394E-01 9.817E-05 1.62E-04
2.265E-01 3.589E-01 3.588E-01 1.066E-04 1.92E-04
2.239E-01 3.758E-01 3.757E-01 1.155E-04 2.23E-04
2.213E-01 3.886E-01 3.885E-01 1.246E-04 2.57E-04
2.188E-01 3.959E-01 3.957E-01 1.319E-04 2.94E-04
2.163E-01 3.967E-01 3.966E-01 1.352E-04 3.37E-04
2.138E-01 3.911E-01 3.910E-01 1.348E-04 3.82E-04
2.113E-01 3.798E-01 3.797E-01 1.318E-04 4.27E-04
2.089E-01 3.642E-01 3.641E-01 1.267E-04 4.72E-04
2.065E-01 3.458E-01 3.457E-01 1.200E-04 5.20E-04
2.042E-01 3.262E-01 3.261E-01 1.119E-04 5.68E-04
2.018E-01 3.064E-01 3.063E-01 1.030E-04 6.19E-04
1.995E-01 2.875E-01 2.874E-01 9.380E-05 6.70E-04
1.972E-01 2.698E-01 2.698E-01 8.474E-05 7.23E-04
1.950E-01 2.538E-01 2.537E-01 7.617E-05 7.77E-04
1.928E-01 2.393E-01 2.392E-01 6.827E-05 8.32E-04
1.905E-01 2.265E-01 2.264E-01 6.115E-05 8.89E-04
1.884E-01 2.151E-01 2.151E-01 5.465E-05 9.49E-04
1.862E-01 2.051E-01 2.051E-01 4.901E-05 1.01E-03
1.841E-01 1.964E-01 1.963E-01 4.419E-05 1.08E-03
1.820E-01 1.887E-01 1.887E-01 4.010E-05 1.14E-03
1.799E-01 1.820E-01 1.819E-01 3.664E-05 1.21E-03
1.778E-01 1.761E-01 1.760E-01 3.381E-05 1.29E-03
1.758E-01 1.709E-01 1.709E-01 3.147E-05 1.36E-03
1.738E-01 1.663E-01 1.663E-01 2.958E-05 1.43E-03
1.718E-01 1.623E-01 1.623E-01 2.808E-05 1.51E-03
1.698E-01 1.588E-01 1.588E-01 2.697E-05 1.59E-03
1.679E-01 1.558E-01 1.557E-01 2.625E-05 1.67E-03
1.660E-01 1.532E-01 1.532E-01 2.589E-05 1.75E-03
1.641E-01 1.512E-01 1.512E-01 2.594E-05 1.82E-03
1.622E-01 1.496E-01 1.496E-01 2.637E-05 1.90E-03
1.603E-01 1.484E-01 1.484E-01 2.717E-05 1.98E-03
1.585E-01 1.477E-01 1.476E-01 2.838E-05 2.06E-03
1.567E-01 1.473E-01 1.473E-01 2.993E-05 2.14E-03
1.549E-01 1.473E-01 1.473E-01 3.184E-05 2.22E-03
1.531E-01 1.477E-01 1.477E-01 3.409E-05 2.30E-03
1.514E-01 1.485E-01 1.485E-01 3.673E-05 2.39E-03
1.496E-01 1.496E-01 1.496E-01 3.981E-05 2.47E-03
1.479E-01 1.511E-01 1.511E-01 4.336E-05 2.56E-03
1.462E-01 1.530E-01 1.530E-01 4.743E-05 2.65E-03
1.445E-01 1.553E-01 1.552E-01 5.211E-05 2.73E-03
1.429E-01 1.579E-01 1.579E-01 5.739E-05 2.82E-03
1.413E-01 1.610E-01 1.609E-01 6.327E-05 2.92E-03
1.396E-01 1.644E-01 1.644E-01 6.974E-05 3.01E-03
1.380E-01 1.683E-01 1.682E-01 7.679E-05 3.10E-03
1.365E-01 1.725E-01 1.724E-01 8.460E-05 3.20E-03
1.349E-01 1.772E-01 1.771E-01 9.338E-05 3.31E-03
1.334E-01 1.824E-01 1.823E-01 1.032E-04 3.43E-03
1.318E-01 1.880E-01 1.879E-01 1.140E-04 3.55E-03
1.303E-01 1.941E-01 1.939E-01 1.261E-04 3.69E-03
1.288E-01 2.045E-01 2.044E-01 1.396E-04 3.83E-03
1.274E-01 2.125E-01 2.123E-01 1.545E-04 3.98E-03
1.259E-01 2.208E-01 2.206E-01 1.709E-04 4.13E-03
1.245E-01 2.295E-01 2.293E-01 1.891E-04 4.30E-03
1.230E-01 2.386E-01 2.384E-01 2.092E-04 4.48E-03
1.216E-01 2.480E-01 2.478E-01 2.311E-04 4.65E-03
1.202E-01 2.578E-01 2.576E-01 2.550E-04 4.82E-03
1.189E-01 2.679E-01 2.676E-01 2.814E-04 4.98E-03
1.175E-01 2.783E-01 2.780E-01 3.099E-04 5.13E-03
1.161E-01 2.891E-01 2.887E-01 3.415E-04 5.28E-03
1.148E-01 3.001E-01 2.997E-01 3.781E-04 5.41E-03
1.135E-01 3.114E-01 3.110E-01 4.273E-04 5.55E-03
1.122E-01 3.230E-01 3.225E-01 4.795E-04 5.55E-03
1.109E-01 3.348E-01 3.343E-01 5.367E-04 5.37E-03
1.096E-01 3.469E-01 3.463E-01 6.002E-04 4.89E-03
1.084E-01 3.592E-01 3.585E-01 6.784E-04 4.36E-03
1.072E-01 3.717E-01 3.709E-01 7.687E-04 4.00E-03
1.059E-01 3.844E-01 3.835E-01 8.562E-04 3.91E-03
1.047E-01 3.972E-01 3.962E-01 9.401E-04 3.93E-03
1.035E-01 4.100E-01 4.090E-01 1.021E-03 3.95E-03
1.023E-01 4.229E-01 4.218E-01 1.099E-03 3.96E-03
1.012E-01 4.358E-01 4.346E-01 1.185E-03 3.91E-03
1.000E-01 4.503E-01 4.490E-01 1.282E-03 3.81E-03
9.886E-02 4.604E-01 4.590E-01 1.410E-03 3.65E-03
9.772E-02 4.710E-01 4.695E-01 1.557E-03 3.49E-03
9.661E-02 4.822E-01 4.805E-01 1.701E-03 3.40E-03
9.550E-02 4.940E-01 4.922E-01 1.834E-03 3.36E-03
9.441E-02 5.063E-01 5.044E-01 1.932E-03 3.38E-03
9.333E-02 5.194E-01 5.174E-01 2.010E-03 3.43E-03
9.226E-02 5.332E-01 5.311E-01 2.096E-03 3.47E-03
9.120E-02 5.481E-01 5.459E-01 2.179E-03 3.53E-03
9.016E-02 5.639E-01 5.617E-01 2.228E-03 3.65E-03
8.913E-02 5.810E-01 5.787E-01 2.284E-03 3.75E-03
8.810E-02 5.996E-01 5.973E-01 2.379E-03 3.78E-03
8.710E-02 6.201E-01 6.175E-01 2.532E-03 3.72E-03
8.610E-02 6.425E-01 6.398E-01 2.716E-03 3.64E-03
8.511E-02 6.673E-01 6.644E-01 2.932E-03 3.55E-03
8.414E-02 6.949E-01 6.917E-01 3.184E-03 3.45E-03
8.318E-02 7.256E-01 7.221E-01 3.473E-03 3.37E-03
8.222E-02 7.600E-01 7.562E-01 3.790E-03 3.32E-03
8.128E-02 7.984E-01 7.943E-01 4.129E-03 3.33E-03
8.035E-02 8.415E-01 8.370E-01 4.498E-03 3.36E-03
7.943E-02 8.894E-01 8.845E-01 4.891E-03 3.43E-03
7.852E-02 9.422E-01 9.369E-01 5.295E-03 3.53E-03
7.762E-02 9.996E-01 9.939E-01 5.688E-03 3.66E-03
7.674E-02 1.060E+00 1.054E+00 6.050E-03 3.82E-03
7.586E-02 1.122E+00 1.116E+00 6.389E-03 3.98E-03
7.499E-02 1.182E+00 1.175E+00 6.692E-03 4.16E-03
7.413E-02 1.234E+00 1.227E+00 6.948E-03 4.35E-03
7.328E-02 1.274E+00 1.267E+00 7.151E-03 4.55E-03
7.244E-02 1.297E+00 1.290E+00 7.342E-03 4.75E-03
7.161E-02 1.301E+00 1.294E+00 7.510E-03 4.95E-03
7.079E-02 1.287E+00 1.279E+00 7.613E-03 5.16E-03
6.998E-02 1.257E+00 1.250E+00 7.645E-03 5.38E-03
6.918E-02 1.218E+00 1.210E+00 7.603E-03 5.62E-03
6.839E-02 1.173E+00 1.165E+00 7.412E-03 5.87E-03
6.761E-02 1.127E+00 1.120E+00 7.131E-03 6.15E-03
6.683E-02 1.084E+00 1.077E+00 6.824E-03 6.42E-03
6.607E-02 1.045E+00 1.038E+00 6.500E-03 6.70E-03
6.531E-02 1.002E+00 9.955E-01 6.166E-03 6.98E-03
6.457E-02 9.583E-01 9.523E-01 5.926E-03 7.24E-03
6.383E-02 9.145E-01 9.087E-01 5.724E-03 7.50E-03
6.310E-02 8.702E-01 8.647E-01 5.553E-03 7.76E-03
6.237E-02 8.255E-01 8.201E-01 5.409E-03 8.02E-03
6.166E-02 7.804E-01 7.751E-01 5.310E-03 8.29E-03
6.095E-02 7.348E-01 7.295E-01 5.242E-03 8.56E-03
6.026E-02 6.887E-01 6.835E-01 5.183E-03 8.84E-03
5.957E-02 6.420E-01 6.369E-01 5.135E-03 9.13E-03
5.888E-02 5.949E-01 5.898E-01 5.090E-03 9.41E-03
5.821E-02 5.471E-01 5.421E-01 5.009E-03 9.71E-03
5.754E-02 4.970E-01 4.920E-01 4.923E-03 1.00E-02
5.689E-02 4.789E-01 4.741E-01 4.832E-03 1.03E-02
5.623E-02 4.602E-01 4.555E-01 4.730E-03 1.06E-02
5.559E-02 4.404E-01 4.358E-01 4.603E-03 1.09E-02
5.495E-02 4.211E-01 4.167E-01 4.475E-03 1.12E-02
5.433E-02 4.024E-01 3.981E-01 4.344E-03 1.16E-02
5.370E-02 3.850E-01 3.808E-01 4.216E-03 1.19E-02
5.309E-02 3.702E-01 3.660E-01 4.104E-03 1.22E-02
5.248E-02 3.564E-01 3.524E-01 3.999E-03 1.26E-02
5.188E-02 3.436E-01 3.397E-01 3.899E-03 1.29E-02
5.129E-02 3.314E-01 3.276E-01 3.808E-03 1.33E-02
5.070E-02 3.197E-01 3.159E-01 3.726E-03 1.37E-02
5.012E-02 3.085E-01 3.048E-01 3.649E-03 1.40E-02
4.955E-02 2.979E-01 2.943E-01 3.579E-03 1.44E-02
4.898E-02 2.879E-01 2.844E-01 3.513E-03 1.48E-02
4.842E-02 2.782E-01 2.748E-01 3.447E-03 1.52E-02
4.786E-02 2.687E-01 2.653E-01 3.380E-03 1.56E-02
4.732E-02 2.587E-01 2.554E-01 3.303E-03 1.61E-02
4.677E-02 2.487E-01 2.455E-01 3.223E-03 1.65E-02
4.624E-02 2.391E-01 2.360E-01 3.144E-03 1.69E-02
4.571E-02 2.308E-01 2.277E-01 3.072E-03 1.74E-02
4.519E-02 2.238E-01 2.208E-01 3.009E-03 1.78E-02
4.467E-02 2.172E-01 2.143E-01 2.945E-03 1.83E-02
4.416E-02 2.102E-01 2.074E-01 2.875E-03 1.88E-02
4.365E-02 2.016E-01 1.988E-01 2.790E-03 1.93E-02
4.315E-02 1.934E-01 1.907E-01 2.704E-03 1.98E-02
4.266E-02 1.861E-01 1.835E-01 2.616E-03 2.03E-02
4.217E-02 1.815E-01 1.790E-01 2.530E-03 2.09E-02
4.169E-02 1.779E-01 1.755E-01 2.449E-03 2.14E-02
4.121E-02 1.753E-01 1.730E-01 2.377E-03 2.20E-02
4.074E-02 1.728E-01 1.705E-01 2.321E-03 2.26E-02
4.027E-02 1.709E-01 1.686E-01 2.273E-03 2.32E-02
3.981E-02 1.695E-01 1.673E-01 2.232E-03 2.38E-02
3.935E-02 1.687E-01 1.665E-01 2.196E-03 2.44E-02
3.890E-02 1.685E-01 1.663E-01 2.169E-03 2.50E-02
3.846E-02 1.690E-01 1.669E-01 2.148E-03 2.57E-02
3.802E-02 1.705E-01 1.684E-01 2.144E-03 2.63E-02
3.758E-02 1.730E-01 1.708E-01 2.164E-03 2.70E-02
3.715E-02 1.782E-01 1.759E-01 2.245E-03 2.76E-02
3.673E-02 1.828E-01 1.804E-01 2.347E-03 2.83E-02
3.631E-02 1.848E-01 1.823E-01 2.453E-03 2.90E-02
3.589E-02 1.824E-01 1.799E-01 2.529E-03 2.97E-02
3.548E-02 1.783E-01 1.758E-01 2.590E-03 3.04E-02
3.508E-02 1.747E-01 1.721E-01 2.624E-03 3.11E-02
3.467E-02 1.712E-01 1.686E-01 2.643E-03 3.19E-02
3.428E-02 1.677E-01 1.651E-01 2.655E-03 3.27E-02
3.388E-02 1.643E-01 1.617E-01 2.669E-03 3.35E-02
3.350E-02 1.610E-01 1.583E-01 2.680E-03 3.43E-02
3.311E-02 1.577E-01 1.550E-01 2.690E-03 3.52E-02
3.273E-02 1.544E-01 1.517E-01 2.698E-03 3.60E-02
3.236E-02 1.512E-01 1.485E-01 2.704E-03 3.69E-02
3.199E-02 1.480E-01 1.453E-01 2.709E-03 3.78E-02
3.162E-02 1.449E-01 1.422E-01 2.712E-03 3.88E-02
3.126E-02 1.418E-01 1.391E-01 2.714E-03 3.97E-02
3.090E-02 1.388E-01 1.360E-01 2.716E-03 4.07E-02
3.055E-02 1.358E-01 1.331E-01 2.716E-03 4.17E-02
3.020E-02 1.329E-01 1.301E-01 2.716E-03 4.27E-02
2.985E-02 1.300E-01 1.272E-01 2.716E-03 4.38E-02
2.951E-02 1.271E-01 1.244E-01 2.714E-03 4.49E-02
2.917E-02 1.243E-01 1.216E-01 2.711E-03 4.60E-02
2.884E-02 1.216E-01 1.189E-01 2.708E-03 4.71E-02
2.851E-02 1.190E-01 1.163E-01 2.704E-03 4.82E-02
2.818E-02 1.164E-01 1.137E-01 2.700E-03 4.94E-02
2.786E-02 1.138E-01 1.111E-01 2.696E-03 5.06E-02
2.754E-02 1.113E-01 1.086E-01 2.691E-03 5.19E-02
2.723E-02 1.089E-01 1.062E-01 2.687E-03 5.32E-02
2.692E-02 1.065E-01 1.038E-01 2.682E-03 5.45E-02
2.661E-02 1.042E-01 1.015E-01 2.676E-03 5.58E-02
2.630E-02 1.019E-01 9.921E-02 2.670E-03 5.72E-02
2.600E-02 9.962E-02 9.696E-02 2.664E-03 5.86E-02
2.570E-02 9.742E-02 9.476E-02 2.657E-03 6.00E-02
2.541E-02 9.524E-02 9.259E-02 2.649E-03 6.15E-02
2.512E-02 9.311E-02 9.047E-02 2.641E-03 6.30E-02
2.483E-02 9.102E-02 8.839E-02 2.632E-03 6.45E-02
2.455E-02 8.898E-02 8.635E-02 2.624E-03 6.61E-02
2.427E-02 8.698E-02 8.436E-02 2.615E-03 6.77E-02
2.399E-02 8.503E-02 8.242E-02 2.606E-03 6.94E-02
2.371E-02 8.314E-02 8.054E-02 2.597E-03 7.11E-02
2.344E-02 8.128E-02 7.869E-02 2.588E-03 7.28E-02
2.317E-02 7.945E-02 7.687E-02 2.578E-03 7.46E-02
2.291E-02 7.767E-02 7.510E-02 2.568E-03 7.64E-02
2.265E-02 7.592E-02 7.336E-02 2.558E-03 7.83E-02
2.239E-02 7.420E-02 7.165E-02 2.548E-03 8.02E-02
2.213E-02 7.253E-02 6.999E-02 2.537E-03 8.21E-02
2.188E-02 7.089E-02 6.836E-02 2.526E-03 8.41E-02
2.163E-02 6.929E-02 6.677E-02 2.514E-03 8.62E-02
2.138E-02 6.774E-02 6.523E-02 2.503E-03 8.83E-02
2.113E-02 6.621E-02 6.372E-02 2.491E-03 9.04E-02
2.089E-02 6.470E-02 6.222E-02 2.479E-03 9.26E-02
2.065E-02 6.322E-02 6.075E-02 2.466E-03 9.49E-02
2.042E-02 6.182E-02 5.937E-02 2.454E-03 9.72E-02
2.018E-02 6.044E-02 5.799E-02 2.442E-03 9.95E-02
1.995E-02 5.906E-02 5.663E-02 2.429E-03 1.02E-01
1.972E-02 5.771E-02 5.529E-02 2.415E-03 1.04E-01
1.950E-02 5.637E-02 5.397E-02 2.400E-03 1.07E-01
1.928E-02 5.506E-02 5.267E-02 2.385E-03 1.10E-01
1.905E-02 5.377E-02 5.140E-02 2.370E-03 1.12E-01
1.884E-02 5.255E-02 5.019E-02 2.355E-03 1.15E-01
1.862E-02 5.134E-02 4.900E-02 2.340E-03 1.18E-01
1.841E-02 5.015E-02 4.783E-02 2.324E-03 1.21E-01
1.820E-02 4.899E-02 4.668E-02 2.308E-03 1.24E-01
1.799E-02 4.787E-02 4.557E-02 2.292E-03 1.27E-01
1.778E-02 4.678E-02 4.450E-02 2.276E-03 1.30E-01
1.758E-02 4.571E-02 4.345E-02 2.260E-03 1.33E-01
1.738E-02 4.465E-02 4.241E-02 2.243E-03 1.36E-01
1.718E-02 4.361E-02 4.138E-02 2.226E-03 1.39E-01
1.698E-02 4.259E-02 4.039E-02 2.208E-03 1.43E-01
1.679E-02 4.161E-02 3.941E-02 2.191E-03 1.46E-01
1.660E-02 4.065E-02 3.847E-02 2.174E-03 1.50E-01
1.641E-02 3.971E-02 3.755E-02 2.156E-03 1.53E-01
1.622E-02 3.878E-02 3.665E-02 2.137E-03 1.57E-01
1.603E-02 3.788E-02 3.576E-02 2.119E-03 1.61E-01
1.585E-02 3.699E-02 3.489E-02 2.100E-03 1.64E-01
1.567E-02 3.613E-02 3.405E-02 2.081E-03 1.68E-01
1.549E-02 3.529E-02 3.323E-02 2.062E-03 1.72E-01
1.531E-02 3.446E-02 3.242E-02 2.042E-03 1.77E-01
1.514E-02 3.365E-02 3.163E-02 2.022E-03 1.81E-01
1.496E-02 3.285E-02 3.085E-02 2.002E-03 1.85E-01
1.479E-02 3.207E-02 3.009E-02 1.982E-03 1.90E-01
1.462E-02 3.132E-02 2.936E-02 1.962E-03 1.94E-01
1.445E-02 3.058E-02 2.864E-02 1.942E-03 1.99E-01
1.429E-02 2.986E-02 2.794E-02 1.921E-03 2.04E-01
1.413E-02 2.915E-02 2.726E-02 1.900E-03 2.08E-01
1.396E-02 2.847E-02 2.659E-02 1.878E-03 2.13E-01
1.380E-02 2.780E-02 2.594E-02 1.857E-03 2.18E-01
1.365E-02 2.714E-02 2.531E-02 1.836E-03 2.24E-01
1.349E-02 2.650E-02 2.468E-02 1.814E-03 2.29E-01
1.334E-02 2.586E-02 2.407E-02 1.792E-03 2.34E-01
1.318E-02 2.525E-02 2.348E-02 1.769E-03 2.40E-01
1.303E-02 2.465E-02 2.290E-02 1.747E-03 2.46E-01
1.288E-02 2.407E-02 2.234E-02 1.725E-03 2.51E-01
1.274E-02 2.349E-02 2.179E-02 1.703E-03 2.57E-01
1.259E-02 2.293E-02 2.125E-02 1.680E-03 2.63E-01
1.245E-02 2.237E-02 2.071E-02 1.657E-03 2.70E-01
1.230E-02 2.184E-02 2.021E-02 1.635E-03 2.76E-01
1.216E-02 2.134E-02 1.972E-02 1.614E-03 2.82E-01
1.202E-02 2.083E-02 1.924E-02 1.591E-03 2.89E-01
1.189E-02 2.033E-02 1.876E-02 1.568E-03 2.95E-01
1.175E-02 1.983E-02 1.829E-02 1.545E-03 3.02E-01
1.161E-02 1.934E-02 1.782E-02 1.521E-03 3.09E-01
1.148E-02 1.886E-02 1.736E-02 1.497E-03 3.16E-01
1.135E-02 1.839E-02 1.692E-02 1.473E-03 3.24E-01
1.122E-02 1.793E-02 1.648E-02 1.449E-03 3.31E-01
1.109E-02 1.749E-02 1.607E-02 1.426E-03 3.38E-01
1.096E-02 1.706E-02 1.566E-02 1.402E-03 3.46E-01
1.084E-02 1.664E-02 1.526E-02 1.378E-03 3.54E-01
1.072E-02 1.622E-02 1.487E-02 1.354E-03 3.62E-01
1.059E-02 1.582E-02 1.449E-02 1.330E-03 3.70E-01
1.047E-02 1.543E-02 1.412E-02 1.307E-03 3.78E-01
1.035E-02 1.506E-02 1.377E-02 1.284E-03 3.86E-01
1.023E-02 1.469E-02 1.342E-02 1.260E-03 3.95E-01
1.012E-02 1.432E-02 1.308E-02 1.237E-03 4.03E-01
1.000E-02 1.396E-02 1.274E-02 1.214E-03 4.12E-01
9.886E-03 1.360E-02 1.241E-02 1.190E-03 4.21E-01
9.772E-03 1.326E-02 1.209E-02 1.167E-03 4.29E-01
9.661E-03 1.293E-02 1.178E-02 1.144E-03 4.38E-01
9.550E-03 1.261E-02 1.149E-02 1.122E-03 4.47E-01
9.441E-03 1.229E-02 1.119E-02 1.099E-03 4.57E-01
9.333E-03 1.198E-02 1.090E-02 1.077E-03 4.66E-01
9.226E-03 1.167E-02 1.062E-02 1.054E-03 4.75E-01
9.120E-03 1.137E-02 1.034E-02 1.032E-03 4.85E-01
9.016E-03 1.108E-02 1.007E-02 1.010E-03 4.94E-01
8.913E-03 1.080E-02 9.814E-03 9.882E-04 5.04E-01
8.810E-03 1.053E-02 9.563E-03 9.668E-04 5.13E-01
8.710E-03 1.026E-02 9.314E-03 9.453E-04 5.23E-01
8.610E-03 9.995E-03 9.071E-03 9.240E-04 5.32E-01
8.511E-03 9.736E-03 8.833E-03 9.028E-04 5.42E-01
8.414E-03 9.484E-03 8.602E-03 8.820E-04 5.52E-01
8.318E-03 9.241E-03 8.379E-03 8.615E-04 5.61E-01
8.222E-03 9.004E-03 8.162E-03 8.414E-04 5.71E-01
8.128E-03 8.769E-03 7.948E-03 8.213E-04 5.80E-01
8.035E-03 8.540E-03 7.738E-03 8.014E-04 5.90E-01
7.943E-03 8.315E-03 7.533E-03 7.818E-04 5.99E-01
7.852E-03 8.097E-03 7.335E-03 7.626E-04 6.08E-01
7.762E-03 7.886E-03 7.143E-03 7.437E-04 6.17E-01
7.674E-03 7.677E-03 6.952E-03 7.249E-04 6.26E-01
7.586E-03 7.471E-03 6.765E-03 7.063E-04 6.35E-01
7.499E-03 7.272E-03 6.584E-03 6.881E-04 6.44E-01
7.413E-03 7.080E-03 6.410E-03 6.703E-04 6.53E-01
7.328E-03 6.896E-03 6.243E-03 6.530E-04 6.61E-01
7.244E-03 6.715E-03 6.079E-03 6.359E-04 6.69E-01
7.161E-03 6.536E-03 5.918E-03 6.189E-04 6.77E-01
7.079E-03 6.364E-03 5.762E-03 6.023E-04 6.85E-01
6.998E-03 6.195E-03 5.609E-03 5.860E-04 6.92E-01
6.918E-03 6.029E-03 5.459E-03 5.699E-04 6.99E-01
6.839E-03 5.868E-03 5.314E-03 5.540E-04 7.06E-01
6.761E-03 5.712E-03 5.173E-03 5.384E-04 7.13E-01
6.683E-03 5.558E-03 5.035E-03 5.229E-04 7.19E-01
6.607E-03 5.406E-03 4.899E-03 5.075E-04 7.25E-01
6.531E-03 5.258E-03 4.766E-03 4.923E-04 7.31E-01
6.457E-03 5.117E-03 4.640E-03 4.777E-04 7.36E-01
6.383E-03 4.978E-03 4.515E-03 4.631E-04 7.42E-01
6.310E-03 4.841E-03 4.393E-03 4.486E-04 7.46E-01
6.237E-03 4.707E-03 4.273E-03 4.342E-04 7.51E-01
6.166E-03 4.579E-03 4.159E-03 4.203E-04 7.55E-01
6.095E-03 4.458E-03 4.051E-03 4.069E-04 7.59E-01
6.026E-03 4.338E-03 3.945E-03 3.933E-04 7.63E-01
5.957E-03 4.218E-03 3.839E-03 3.795E-04 7.67E-01
5.888E-03 4.100E-03 3.735E-03 3.657E-04 7.70E-01
5.821E-03 3.984E-03 3.632E-03 3.518E-04 7.73E-01
5.754E-03 3.869E-03 3.531E-03 3.378E-04 7.76E-01
5.689E-03 3.757E-03 3.433E-03 3.238E-04 7.79E-01
5.623E-03 3.648E-03 3.338E-03 3.099E-04 7.82E-01
5.559E-03 3.544E-03 3.247E-03 2.966E-04 7.85E-01
5.495E-03 3.441E-03 3.158E-03 2.830E-04 7.87E-01
5.433E-03 3.340E-03 3.071E-03 2.692E-04 7.90E-01
5.370E-03 3.241E-03 2.986E-03 2.551E-04 7.92E-01
5.309E-03 3.145E-03 2.904E-03 2.407E-04 7.94E-01
5.248E-03 3.052E-03 2.825E-03 2.262E-04 7.97E-01
5.188E-03 2.961E-03 2.750E-03 2.116E-04 7.99E-01
5.129E-03 2.877E-03 2.675E-03 2.022E-04 8.01E-01
5.070E-03 2.794E-03 2.601E-03 1.930E-04 8.04E-01
5.012E-03 2.710E-03 2.529E-03 1.804E-04 8.07E-01
4.955E-03 2.624E-03 2.459E-03 1.646E-04 8.09E-01
4.898E-03 2.537E-03 2.391E-03 1.457E-04 8.12E-01
4.842E-03 2.451E-03 2.326E-03 1.244E-04 8.15E-01
4.786E-03 2.365E-03 2.264E-03 1.012E-04 8.18E-01
4.732E-03 2.271E-03 2.202E-03 6.940E-05 8.21E-01
4.677E-03 2.176E-03 2.140E-03 3.631E-05 8.24E-01
4.624E-03 2.091E-03 2.080E-03 1.120E-05 8.27E-01
4.571E-03 2.024E-03 2.023E-03 1.361E-06 8.31E-01
4.519E-03 1.984E-03 1.968E-03 1.611E-05 8.34E-01
4.467E-03 1.984E-03 1.917E-03 6.711E-05 8.38E-01
4.416E-03 4.218E-02 4.168E-02 4.940E-04 8.42E-01
4.365E-03 4.128E-02 4.084E-02 4.373E-04 8.46E-01
4.315E-03 4.041E-02 4.001E-02 3.929E-04 8.49E-01
4.266E-03 3.957E-02 3.919E-02 3.820E-04 8.53E-01
4.217E-03 3.876E-02 3.837E-02 3.957E-04 8.56E-01
4.169E-03 3.798E-02 3.755E-02 4.250E-04 8.60E-01
4.121E-03 3.721E-02 3.675E-02 4.565E-04 8.63E-01
4.074E-03 3.644E-02 3.597E-02 4.735E-04 8.66E-01
4.027E-03 3.568E-02 3.519E-02 4.871E-04 8.69E-01
3.981E-03 3.492E-02 3.442E-02 4.949E-04 8.72E-01
3.935E-03 3.416E-02 3.366E-02 4.952E-04 8.75E-01
3.890E-03 3.340E-02 3.291E-02 4.863E-04 8.78E-01
3.846E-03 3.266E-02 3.217E-02 4.822E-04 8.80E-01
3.802E-03 3.193E-02 3.144E-02 4.838E-04 8.83E-01
3.758E-03 3.121E-02 3.072E-02 4.845E-04 8.85E-01
3.715E-03 3.049E-02 3.001E-02 4.842E-04 8.87E-01
3.673E-03 2.979E-02 2.931E-02 4.826E-04 8.89E-01
3.631E-03 2.911E-02 2.863E-02 4.802E-04 8.91E-01
3.589E-03 2.843E-02 2.795E-02 4.783E-04 8.92E-01
3.548E-03 2.776E-02 2.728E-02 4.759E-04 8.94E-01
3.508E-03 2.710E-02 2.663E-02 4.730E-04 8.95E-01
3.467E-03 2.645E-02 2.598E-02 4.695E-04 8.97E-01
3.428E-03 2.582E-02 2.536E-02 4.656E-04 8.98E-01
3.388E-03 2.520E-02 2.473E-02 4.617E-04 9.00E-01
3.350E-03 2.458E-02 2.412E-02 4.574E-04 9.01E-01
3.311E-03 2.398E-02 2.352E-02 4.529E-04 9.02E-01
3.273E-03 2.338E-02 2.294E-02 4.479E-04 9.04E-01
3.236E-03 2.281E-02 2.237E-02 4.427E-04 9.05E-01
3.199E-03 2.225E-02 2.181E-02 4.373E-04 9.07E-01
3.162E-03 2.169E-02 2.125E-02 4.319E-04 9.08E-01
3.126E-03 2.113E-02 2.070E-02 4.263E-04 9.10E-01
3.090E-03 2.059E-02 2.017E-02 4.207E-04 9.12E-01
3.055E-03 2.010E-02 1.969E-02 4.151E-04 9.14E-01
3.020E-03 1.961E-02 1.920E-02 4.094E-04 9.16E-01
2.985E-03 1.911E-02 1.871E-02 4.036E-04 9.18E-01
2.951E-03 1.862E-02 1.823E-02 3.977E-04 9.19E-01
2.917E-03 1.813E-02 1.774E-02 3.917E-04 9.21E-01
2.884E-03 1.765E-02 1.726E-02 3.857E-04 9.23E-01
2.851E-03 1.717E-02 1.679E-02 3.797E-04 9.25E-01
2.818E-03 1.670E-02 1.632E-02 3.736E-04 9.27E-01
2.786E-03 1.623E-02 1.587E-02 3.675E-04 9.28E-01
2.754E-03 1.578E-02 1.542E-02 3.614E-04 9.30E-01
2.723E-03 1.535E-02 1.500E-02 3.552E-04 9.31E-01
2.692E-03 1.493E-02 1.459E-02 3.490E-04 9.32E-01
2.661E-03 1.452E-02 1.418E-02 3.428E-04 9.34E-01
2.630E-03 1.412E-02 1.378E-02 3.366E-04 9.35E-01
2.600E-03 1.372E-02 1.339E-02 3.305E-04 9.36E-01
2.570E-03 1.334E-02 1.302E-02 3.243E-04 9.37E-01
2.541E-03 1.297E-02 1.265E-02 3.182E-04 9.37E-01
2.512E-03 1.261E-02 1.230E-02 3.120E-04 9.38E-01
2.483E-03 1.227E-02 1.197E-02 3.059E-04 9.39E-01
2.455E-03 1.193E-02 1.163E-02 3.000E-04 9.40E-01
2.427E-03 1.159E-02 1.130E-02 2.942E-04 9.41E-01
2.399E-03 1.126E-02 1.098E-02 2.884E-04 9.42E-01
2.371E-03 1.094E-02 1.066E-02 2.827E-04 9.43E-01
2.344E-03 1.063E-02 1.035E-02 2.770E-04 9.44E-01
2.317E-03 1.032E-02 1.005E-02 2.714E-04 9.46E-01
2.291E-03 1.003E-02 9.762E-03 2.659E-04 9.47E-01
2.265E-03 9.747E-03 9.487E-03 2.604E-04 9.48E-01
2.239E-03 9.472E-03 9.217E-03 2.551E-04 9.49E-01
2.213E-03 9.198E-03 8.948E-03 2.498E-04 9.50E-01
2.188E-03 8.929E-03 8.685E-03 2.446E-04 9.52E-01
2.163E-03 8.667E-03 8.428E-03 2.394E-04 9.53E-01
2.138E-03 8.413E-03 8.178E-03 2.343E-04 9.54E-01
2.113E-03 8.166E-03 7.937E-03 2.294E-04 9.54E-01
2.089E-03 7.929E-03 7.705E-03 2.245E-04 9.55E-01
2.065E-03 7.702E-03 7.483E-03 2.197E-04 9.56E-01
2.042E-03 7.477E-03 7.261E-03 2.151E-04 9.57E-01
2.018E-03 7.255E-03 7.045E-03 2.105E-04 9.57E-01
1.995E-03 7.039E-03 6.833E-03 2.059E-04 9.58E-01
1.972E-03 6.828E-03 6.627E-03 2.015E-04 9.58E-01
1.950E-03 6.625E-03 6.428E-03 1.971E-04 9.59E-01
1.928E-03 6.429E-03 6.236E-03 1.928E-04 9.60E-01
1.905E-03 6.241E-03 6.052E-03 1.886E-04 9.61E-01
1.884E-03 6.054E-03 5.869E-03 1.844E-04 9.62E-01
1.862E-03 5.871E-03 5.691E-03 1.803E-04 9.62E-01
1.841E-03 5.693E-03 5.517E-03 1.762E-04 9.63E-01
1.820E-03 5.520E-03 5.347E-03 1.722E-04 9.64E-01
1.799E-03 5.353E-03 5.184E-03 1.684E-04 9.65E-01
1.778E-03 5.192E-03 5.027E-03 1.646E-04 9.66E-01
1.758E-03 5.036E-03 4.875E-03 1.608E-04 9.66E-01
1.738E-03 4.883E-03 4.726E-03 1.572E-04 9.67E-01
1.718E-03 4.733E-03 4.580E-03 1.536E-04 9.68E-01
1.698E-03 4.588E-03 4.438E-03 1.501E-04 9.68E-01
1.679E-03 4.448E-03 4.301E-03 1.466E-04 9.69E-01
1.660E-03 4.313E-03 4.170E-03 1.433E-04 9.69E-01
1.641E-03 4.182E-03 4.042E-03 1.400E-04 9.70E-01
1.622E-03 4.053E-03 3.916E-03 1.368E-04 9.70E-01
1.603E-03 3.927E-03 3.794E-03 1.336E-04 9.71E-01
1.585E-03 3.806E-03 3.675E-03 1.305E-04 9.71E-01
1.567E-03 3.688E-03 3.560E-03 1.275E-04 9.72E-01
1.549E-03 3.575E-03 3.451E-03 1.246E-04 9.73E-01
1.531E-03 3.465E-03 3.343E-03 1.217E-04 9.73E-01
1.514E-03 3.357E-03 3.238E-03 1.188E-04 9.74E-01
1.496E-03 3.252E-03 3.136E-03 1.160E-04 9.74E-01
1.479E-03 3.151E-03 3.037E-03 1.133E-04 9.75E-01
1.462E-03 3.053E-03 2.943E-03 1.107E-04 9.75E-01
1.445E-03 2.958E-03 2.850E-03 1.081E-04 9.76E-01
1.429E-03 2.865E-03 2.760E-03 1.056E-04 9.76E-01
1.413E-03 2.775E-03 2.672E-03 1.031E-04 9.76E-01
1.396E-03 2.688E-03 2.587E-03 1.007E-04 9.77E-01
1.380E-03 2.604E-03 2.505E-03 9.835E-05 9.77E-01
1.365E-03 2.522E-03 2.426E-03 9.606E-05 9.78E-01
1.349E-03 2.443E-03 2.349E-03 9.379E-05 9.78E-01
1.334E-03 2.366E-03 2.274E-03 9.157E-05 9.79E-01
1.318E-03 2.291E-03 2.202E-03 8.940E-05 9.79E-01
1.303E-03 2.220E-03 2.133E-03 8.731E-05 9.80E-01
1.288E-03 2.151E-03 2.066E-03 8.527E-05 9.80E-01
1.274E-03 2.084E-03 2.000E-03 8.324E-05 9.80E-01
1.259E-03 2.017E-03 1.936E-03 8.125E-05 9.81E-01
1.245E-03 1.952E-03 1.873E-03 7.929E-05 9.81E-01
1.230E-03 1.892E-03 1.815E-03 7.746E-05 9.81E-01
1.216E-03 1.834E-03 1.759E-03 7.569E-05 9.82E-01
1.202E-03 1.777E-03 1.703E-03 7.394E-05 9.82E-01
1.189E-03 1.721E-03 1.649E-03 7.220E-05 9.82E-01
1.175E-03 1.666E-03 1.595E-03 7.048E-05 9.83E-01
1.161E-03 1.611E-03 1.543E-03 6.878E-05 9.83E-01
1.148E-03 1.558E-03 1.491E-03 6.712E-05 9.84E-01
1.135E-03 1.507E-03 1.442E-03 6.550E-05 9.84E-01
1.122E-03 1.458E-03 1.394E-03 6.393E-05 9.84E-01
1.109E-03 1.411E-03 1.349E-03 6.242E-05 9.84E-01
1.096E-03 1.365E-03 1.305E-03 6.092E-05 9.85E-01
1.084E-03 1.321E-03 1.262E-03 5.945E-05 9.85E-01
1.072E-03 1.278E-03 1.220E-03 5.801E-05 9.85E-01
1.059E-03 1.237E-03 1.180E-03 5.662E-05 9.86E-01
1.047E-03 1.197E-03 1.142E-03 5.526E-05 9.86E-01
1.035E-03 1.160E-03 1.106E-03 5.397E-05 9.86E-01
1.023E-03 1.123E-03 1.070E-03 5.268E-05 9.86E-01
1.012E-03 1.086E-03 1.035E-03 5.142E-05 9.87E-01
