w(micron)   Q_ext     Q_abs     Q_sca    g=<cos>
1.000E+03 3.910E-09 3.910E-09 2.606E-21 0.00E+00
9.886E+02 3.997E-09 3.997E-09 2.729E-21 0.00E+00
9.772E+02 4.087E-09 4.087E-09 2.858E-21 0.00E+00
9.661E+02 4.179E-09 4.179E-09 2.992E-21 0.00E+00
9.550E+02 4.273E-09 4.273E-09 3.133E-21 0.00E+00
9.441E+02 4.369E-09 4.369E-09 3.281E-21 0.00E+00
9.333E+02 4.467E-09 4.467E-09 3.435E-21 0.00E+00
9.226E+02 4.568E-09 4.568E-09 3.597E-21 0.00E+00
9.120E+02 4.671E-09 4.671E-09 3.767E-21 0.00E+00
9.016E+02 4.776E-09 4.776E-09 3.944E-21 0.00E+00
8.913E+02 4.884E-09 4.884E-09 4.130E-21 0.00E+00
8.810E+02 4.995E-09 4.995E-09 4.324E-21 0.00E+00
8.710E+02 5.107E-09 5.107E-09 4.528E-21 0.00E+00
8.610E+02 5.223E-09 5.223E-09 4.741E-21 0.00E+00
8.511E+02 5.341E-09 5.341E-09 4.965E-21 0.00E+00
8.414E+02 5.462E-09 5.462E-09 5.198E-21 0.00E+00
8.318E+02 5.586E-09 5.586E-09 5.443E-21 0.00E+00
8.222E+02 5.712E-09 5.712E-09 5.700E-21 0.00E+00
8.128E+02 5.842E-09 5.842E-09 5.968E-21 0.00E+00
8.035E+02 5.974E-09 5.974E-09 6.249E-21 0.00E+00
7.943E+02 6.110E-09 6.110E-09 6.544E-21 0.00E+00
7.852E+02 6.249E-09 6.249E-09 6.852E-21 0.00E+00
7.762E+02 6.390E-09 6.390E-09 7.175E-21 0.00E+00
7.674E+02 6.536E-09 6.536E-09 7.513E-21 0.00E+00
7.586E+02 6.684E-09 6.684E-09 7.866E-21 0.00E+00
7.499E+02 6.836E-09 6.836E-09 8.237E-21 0.00E+00
7.413E+02 6.992E-09 6.992E-09 8.625E-21 0.00E+00
7.328E+02 7.151E-09 7.151E-09 9.031E-21 0.00E+00
7.244E+02 7.314E-09 7.314E-09 9.456E-21 0.00E+00
7.161E+02 7.481E-09 7.481E-09 9.902E-21 0.00E+00
7.079E+02 7.651E-09 7.651E-09 1.037E-20 0.00E+00
6.998E+02 7.826E-09 7.826E-09 1.086E-20 0.00E+00
6.918E+02 8.005E-09 8.005E-09 1.137E-20 0.00E+00
6.839E+02 8.187E-09 8.187E-09 1.190E-20 0.00E+00
6.761E+02 8.374E-09 8.374E-09 1.246E-20 0.00E+00
6.683E+02 8.565E-09 8.565E-09 1.305E-20 0.00E+00
6.607E+02 8.761E-09 8.761E-09 1.367E-20 0.00E+00
6.531E+02 8.962E-09 8.962E-09 1.431E-20 0.00E+00
6.457E+02 9.166E-09 9.166E-09 1.498E-20 0.00E+00
6.383E+02 9.376E-09 9.376E-09 1.569E-20 0.00E+00
6.310E+02 9.591E-09 9.591E-09 1.643E-20 0.00E+00
6.237E+02 9.810E-09 9.810E-09 1.720E-20 0.00E+00
6.166E+02 1.003E-08 1.003E-08 1.801E-20 0.00E+00
6.095E+02 1.026E-08 1.026E-08 1.886E-20 0.00E+00
6.026E+02 1.050E-08 1.050E-08 1.975E-20 0.00E+00
5.957E+02 1.074E-08 1.074E-08 2.068E-20 0.00E+00
5.888E+02 1.099E-08 1.099E-08 2.165E-20 0.00E+00
5.821E+02 1.124E-08 1.124E-08 2.267E-20 0.00E+00
5.754E+02 1.150E-08 1.150E-08 2.374E-20 0.00E+00
5.689E+02 1.176E-08 1.176E-08 2.485E-20 0.00E+00
5.623E+02 1.203E-08 1.203E-08 2.602E-20 0.00E+00
5.559E+02 1.231E-08 1.231E-08 2.725E-20 0.00E+00
5.495E+02 1.259E-08 1.259E-08 2.853E-20 0.00E+00
5.433E+02 1.288E-08 1.288E-08 2.988E-20 0.00E+00
5.370E+02 1.317E-08 1.317E-08 3.128E-20 0.00E+00
5.309E+02 1.348E-08 1.348E-08 3.276E-20 0.00E+00
5.248E+02 1.379E-08 1.379E-08 3.430E-20 0.00E+00
5.188E+02 1.410E-08 1.410E-08 3.591E-20 0.00E+00
5.129E+02 1.443E-08 1.443E-08 3.760E-20 0.00E+00
5.070E+02 1.476E-08 1.476E-08 3.937E-20 0.00E+00
5.012E+02 1.510E-08 1.510E-08 4.123E-20 0.00E+00
4.955E+02 1.545E-08 1.545E-08 4.317E-20 0.00E+00
4.898E+02 1.580E-08 1.580E-08 4.520E-20 0.00E+00
4.842E+02 1.616E-08 1.616E-08 4.733E-20 0.00E+00
4.786E+02 1.654E-08 1.654E-08 4.955E-20 0.00E+00
4.732E+02 1.692E-08 1.692E-08 5.189E-20 0.00E+00
4.677E+02 1.731E-08 1.731E-08 5.433E-20 0.00E+00
4.624E+02 1.771E-08 1.771E-08 5.688E-20 0.00E+00
4.571E+02 1.811E-08 1.811E-08 5.956E-20 0.00E+00
4.519E+02 1.853E-08 1.853E-08 6.237E-20 0.00E+00
4.467E+02 1.896E-08 1.896E-08 6.530E-20 0.00E+00
4.416E+02 1.939E-08 1.939E-08 6.837E-20 0.00E+00
4.365E+02 1.984E-08 1.984E-08 7.159E-20 0.00E+00
4.315E+02 2.030E-08 2.030E-08 7.496E-20 0.00E+00
4.266E+02 2.077E-08 2.077E-08 7.849E-20 0.00E+00
4.217E+02 2.124E-08 2.124E-08 8.218E-20 0.00E+00
4.169E+02 2.173E-08 2.173E-08 8.605E-20 0.00E+00
4.121E+02 2.223E-08 2.223E-08 9.009E-20 0.00E+00
4.074E+02 2.275E-08 2.275E-08 9.433E-20 0.00E+00
4.027E+02 2.327E-08 2.327E-08 9.877E-20 0.00E+00
3.981E+02 2.381E-08 2.381E-08 1.034E-19 0.00E+00
3.936E+02 2.436E-08 2.436E-08 1.083E-19 0.00E+00
3.890E+02 2.492E-08 2.492E-08 1.134E-19 0.00E+00
3.846E+02 2.549E-08 2.549E-08 1.187E-19 0.00E+00
3.802E+02 2.608E-08 2.608E-08 1.243E-19 0.00E+00
3.758E+02 2.668E-08 2.668E-08 1.301E-19 0.00E+00
3.715E+02 2.730E-08 2.730E-08 1.363E-19 0.00E+00
3.673E+02 2.793E-08 2.793E-08 1.427E-19 0.00E+00
3.631E+02 2.857E-08 2.857E-08 1.494E-19 0.00E+00
3.589E+02 2.923E-08 2.923E-08 1.564E-19 0.00E+00
3.548E+02 2.991E-08 2.991E-08 1.638E-19 0.00E+00
3.508E+02 3.060E-08 3.060E-08 1.715E-19 0.00E+00
3.467E+02 3.130E-08 3.130E-08 1.795E-19 0.00E+00
3.428E+02 3.202E-08 3.202E-08 1.880E-19 0.00E+00
3.388E+02 3.276E-08 3.276E-08 1.968E-19 0.00E+00
3.350E+02 3.352E-08 3.352E-08 2.060E-19 0.00E+00
3.311E+02 3.429E-08 3.429E-08 2.157E-19 0.00E+00
3.273E+02 3.508E-08 3.508E-08 2.259E-19 0.00E+00
3.236E+02 3.589E-08 3.589E-08 2.365E-19 0.00E+00
3.199E+02 3.672E-08 3.672E-08 2.476E-19 0.00E+00
3.162E+02 3.757E-08 3.757E-08 2.592E-19 0.00E+00
3.126E+02 3.843E-08 3.843E-08 2.714E-19 0.00E+00
3.090E+02 3.932E-08 3.932E-08 2.842E-19 0.00E+00
3.055E+02 4.023E-08 4.023E-08 2.975E-19 0.00E+00
3.020E+02 4.116E-08 4.116E-08 3.115E-19 0.00E+00
2.985E+02 4.210E-08 4.210E-08 3.261E-19 0.00E+00
2.951E+02 4.308E-08 4.308E-08 3.414E-19 0.00E+00
2.917E+02 4.407E-08 4.407E-08 3.575E-19 0.00E+00
2.884E+02 4.509E-08 4.509E-08 3.743E-19 0.00E+00
2.851E+02 4.613E-08 4.613E-08 3.919E-19 0.00E+00
2.818E+02 4.719E-08 4.719E-08 4.103E-19 0.00E+00
2.786E+02 4.828E-08 4.828E-08 4.295E-19 0.00E+00
2.754E+02 4.939E-08 4.939E-08 4.497E-19 0.00E+00
2.723E+02 5.053E-08 5.053E-08 4.708E-19 0.00E+00
2.692E+02 5.169E-08 5.169E-08 4.929E-19 0.00E+00
2.661E+02 5.289E-08 5.289E-08 5.160E-19 0.00E+00
2.630E+02 5.411E-08 5.411E-08 5.403E-19 0.00E+00
2.600E+02 5.535E-08 5.535E-08 5.656E-19 0.00E+00
2.570E+02 5.663E-08 5.663E-08 5.922E-19 0.00E+00
2.541E+02 5.793E-08 5.793E-08 6.200E-19 0.00E+00
2.512E+02 5.927E-08 5.927E-08 6.490E-19 0.00E+00
2.483E+02 6.063E-08 6.063E-08 6.795E-19 0.00E+00
2.455E+02 6.203E-08 6.203E-08 7.114E-19 0.00E+00
2.427E+02 6.346E-08 6.346E-08 7.447E-19 0.00E+00
2.399E+02 6.492E-08 6.492E-08 7.797E-19 0.00E+00
2.371E+02 6.641E-08 6.641E-08 8.162E-19 0.00E+00
2.344E+02 6.794E-08 6.794E-08 8.545E-19 0.00E+00
2.317E+02 6.951E-08 6.951E-08 8.946E-19 0.00E+00
2.291E+02 7.111E-08 7.111E-08 9.365E-19 0.00E+00
2.265E+02 7.274E-08 7.274E-08 9.804E-19 0.00E+00
2.239E+02 7.442E-08 7.442E-08 1.026E-18 0.00E+00
2.213E+02 7.613E-08 7.613E-08 1.074E-18 0.00E+00
2.188E+02 7.788E-08 7.788E-08 1.125E-18 0.00E+00
2.163E+02 7.967E-08 7.967E-08 1.178E-18 0.00E+00
2.138E+02 8.150E-08 8.150E-08 1.233E-18 0.00E+00
2.113E+02 8.338E-08 8.338E-08 1.290E-18 0.00E+00
2.089E+02 8.529E-08 8.529E-08 1.351E-18 0.00E+00
2.065E+02 8.725E-08 8.725E-08 1.414E-18 0.00E+00
2.042E+02 8.926E-08 8.926E-08 1.480E-18 0.00E+00
2.018E+02 9.131E-08 9.131E-08 1.550E-18 0.00E+00
1.995E+02 9.341E-08 9.341E-08 1.622E-18 0.00E+00
1.972E+02 9.555E-08 9.555E-08 1.698E-18 0.00E+00
1.950E+02 9.775E-08 9.775E-08 1.778E-18 0.00E+00
1.928E+02 9.999E-08 9.999E-08 1.861E-18 0.00E+00
1.905E+02 1.023E-07 1.023E-07 1.948E-18 0.00E+00
1.884E+02 1.046E-07 1.046E-07 2.039E-18 0.00E+00
1.862E+02 1.070E-07 1.070E-07 2.134E-18 0.00E+00
1.841E+02 1.095E-07 1.095E-07 2.234E-18 0.00E+00
1.820E+02 1.120E-07 1.120E-07 2.338E-18 0.00E+00
1.799E+02 1.146E-07 1.146E-07 2.448E-18 0.00E+00
1.778E+02 1.172E-07 1.172E-07 2.562E-18 0.00E+00
1.758E+02 1.199E-07 1.199E-07 2.682E-18 0.00E+00
1.738E+02 1.226E-07 1.226E-07 2.807E-18 0.00E+00
1.718E+02 1.254E-07 1.254E-07 2.938E-18 0.00E+00
1.698E+02 1.283E-07 1.283E-07 3.075E-18 0.00E+00
1.679E+02 1.313E-07 1.313E-07 3.219E-18 0.00E+00
1.660E+02 1.343E-07 1.343E-07 3.369E-18 0.00E+00
1.641E+02 1.373E-07 1.373E-07 3.527E-18 0.00E+00
1.622E+02 1.405E-07 1.405E-07 3.691E-18 0.00E+00
1.603E+02 1.437E-07 1.437E-07 3.863E-18 0.00E+00
1.585E+02 1.470E-07 1.470E-07 4.043E-18 0.00E+00
1.567E+02 1.503E-07 1.503E-07 4.232E-18 0.00E+00
1.549E+02 1.538E-07 1.538E-07 4.429E-18 0.00E+00
1.531E+02 1.573E-07 1.573E-07 4.636E-18 0.00E+00
1.514E+02 1.609E-07 1.609E-07 4.852E-18 0.00E+00
1.496E+02 1.646E-07 1.646E-07 5.078E-18 0.00E+00
1.479E+02 1.683E-07 1.683E-07 5.314E-18 0.00E+00
1.462E+02 1.722E-07 1.722E-07 5.562E-18 0.00E+00
1.445E+02 1.761E-07 1.761E-07 5.821E-18 0.00E+00
1.429E+02 1.801E-07 1.801E-07 6.092E-18 0.00E+00
1.413E+02 1.842E-07 1.842E-07 6.375E-18 0.00E+00
1.396E+02 1.884E-07 1.884E-07 6.672E-18 0.00E+00
1.380E+02 1.927E-07 1.927E-07 6.982E-18 0.00E+00
1.365E+02 1.971E-07 1.971E-07 7.307E-18 0.00E+00
1.349E+02 2.016E-07 2.016E-07 7.646E-18 0.00E+00
1.334E+02 2.062E-07 2.062E-07 8.002E-18 0.00E+00
1.318E+02 2.109E-07 2.109E-07 8.373E-18 0.00E+00
1.303E+02 2.157E-07 2.157E-07 8.762E-18 0.00E+00
1.288E+02 2.206E-07 2.206E-07 9.169E-18 0.00E+00
1.274E+02 2.256E-07 2.256E-07 9.594E-18 0.00E+00
1.259E+02 2.308E-07 2.308E-07 1.004E-17 0.00E+00
1.245E+02 2.360E-07 2.360E-07 1.051E-17 0.00E+00
1.230E+02 2.414E-07 2.414E-07 1.099E-17 0.00E+00
1.216E+02 2.469E-07 2.469E-07 1.150E-17 0.00E+00
1.202E+02 2.525E-07 2.525E-07 1.203E-17 0.00E+00
1.189E+02 2.582E-07 2.582E-07 1.259E-17 0.00E+00
1.175E+02 2.641E-07 2.641E-07 1.318E-17 0.00E+00
1.161E+02 2.701E-07 2.701E-07 1.379E-17 0.00E+00
1.148E+02 2.763E-07 2.763E-07 1.442E-17 0.00E+00
1.135E+02 2.825E-07 2.825E-07 1.509E-17 0.00E+00
1.122E+02 2.890E-07 2.890E-07 1.579E-17 0.00E+00
1.109E+02 2.955E-07 2.955E-07 1.652E-17 0.00E+00
1.096E+02 3.022E-07 3.022E-07 1.728E-17 0.00E+00
1.084E+02 3.091E-07 3.091E-07 1.808E-17 0.00E+00
1.072E+02 3.161E-07 3.161E-07 1.891E-17 0.00E+00
1.059E+02 3.233E-07 3.233E-07 1.979E-17 0.00E+00
1.047E+02 3.307E-07 3.307E-07 2.070E-17 0.00E+00
1.035E+02 3.382E-07 3.382E-07 2.165E-17 0.00E+00
1.023E+02 3.458E-07 3.458E-07 2.265E-17 0.00E+00
1.012E+02 3.537E-07 3.537E-07 2.369E-17 0.00E+00
1.000E+02 3.617E-07 3.617E-07 2.478E-17 0.00E+00
9.886E+01 3.699E-07 3.699E-07 2.593E-17 0.00E+00
9.772E+01 3.783E-07 3.783E-07 2.712E-17 0.00E+00
9.661E+01 3.869E-07 3.869E-07 2.836E-17 0.00E+00
9.550E+01 3.957E-07 3.957E-07 2.967E-17 0.00E+00
9.441E+01 4.046E-07 4.046E-07 3.103E-17 0.00E+00
9.333E+01 4.138E-07 4.138E-07 3.245E-17 0.00E+00
9.226E+01 4.232E-07 4.232E-07 3.394E-17 0.00E+00
9.120E+01 4.328E-07 4.328E-07 3.550E-17 0.00E+00
9.016E+01 4.426E-07 4.426E-07 3.713E-17 0.00E+00
8.913E+01 4.526E-07 4.526E-07 3.883E-17 0.00E+00
8.810E+01 4.628E-07 4.628E-07 4.061E-17 0.00E+00
8.710E+01 4.733E-07 4.733E-07 4.247E-17 0.00E+00
8.610E+01 4.840E-07 4.840E-07 4.441E-17 0.00E+00
8.511E+01 4.950E-07 4.950E-07 4.644E-17 0.00E+00
8.414E+01 5.062E-07 5.062E-07 4.857E-17 0.00E+00
8.318E+01 5.177E-07 5.177E-07 5.079E-17 0.00E+00
8.222E+01 5.295E-07 5.295E-07 5.310E-17 0.00E+00
8.128E+01 5.415E-07 5.415E-07 5.553E-17 0.00E+00
8.035E+01 5.538E-07 5.538E-07 5.806E-17 0.00E+00
7.943E+01 5.664E-07 5.664E-07 6.071E-17 0.00E+00
7.852E+01 5.793E-07 5.793E-07 6.348E-17 0.00E+00
7.762E+01 5.925E-07 5.925E-07 6.637E-17 0.00E+00
7.674E+01 6.061E-07 6.061E-07 6.939E-17 0.00E+00
7.586E+01 6.199E-07 6.199E-07 7.255E-17 0.00E+00
7.499E+01 6.340E-07 6.340E-07 7.585E-17 0.00E+00
7.413E+01 6.485E-07 6.485E-07 7.930E-17 0.00E+00
7.328E+01 6.634E-07 6.634E-07 8.290E-17 0.00E+00
7.244E+01 6.786E-07 6.786E-07 8.667E-17 0.00E+00
7.161E+01 6.942E-07 6.942E-07 9.060E-17 0.00E+00
7.079E+01 7.101E-07 7.101E-07 9.471E-17 0.00E+00
6.998E+01 7.265E-07 7.265E-07 9.901E-17 0.00E+00
6.918E+01 7.432E-07 7.432E-07 1.035E-16 0.00E+00
6.839E+01 7.604E-07 7.604E-07 1.082E-16 0.00E+00
6.761E+01 7.780E-07 7.780E-07 1.131E-16 0.00E+00
6.683E+01 7.961E-07 7.961E-07 1.182E-16 0.00E+00
6.607E+01 8.146E-07 8.146E-07 1.236E-16 0.00E+00
6.531E+01 8.335E-07 8.335E-07 1.291E-16 0.00E+00
6.457E+01 8.530E-07 8.530E-07 1.350E-16 0.00E+00
6.383E+01 8.730E-07 8.730E-07 1.411E-16 0.00E+00
6.310E+01 8.935E-07 8.935E-07 1.475E-16 0.00E+00
6.237E+01 9.145E-07 9.145E-07 1.541E-16 0.00E+00
6.166E+01 9.361E-07 9.361E-07 1.611E-16 0.00E+00
6.095E+01 9.583E-07 9.583E-07 1.683E-16 0.00E+00
6.026E+01 9.811E-07 9.811E-07 1.759E-16 0.00E+00
5.957E+01 1.005E-06 1.005E-06 1.838E-16 0.00E+00
5.888E+01 1.029E-06 1.029E-06 1.921E-16 0.00E+00
5.821E+01 1.053E-06 1.053E-06 2.008E-16 0.00E+00
5.754E+01 1.079E-06 1.079E-06 2.098E-16 0.00E+00
5.689E+01 1.105E-06 1.105E-06 2.193E-16 0.00E+00
5.623E+01 1.132E-06 1.132E-06 2.291E-16 0.00E+00
5.559E+01 1.159E-06 1.159E-06 2.394E-16 0.00E+00
5.495E+01 1.188E-06 1.188E-06 2.502E-16 0.00E+00
5.433E+01 1.217E-06 1.217E-06 2.615E-16 0.00E+00
5.370E+01 1.248E-06 1.248E-06 2.732E-16 0.00E+00
5.309E+01 1.279E-06 1.279E-06 2.855E-16 0.00E+00
5.248E+01 1.311E-06 1.311E-06 2.983E-16 0.00E+00
5.188E+01 1.344E-06 1.344E-06 3.117E-16 0.00E+00
5.129E+01 1.378E-06 1.378E-06 3.257E-16 0.00E+00
5.070E+01 1.413E-06 1.413E-06 3.403E-16 0.00E+00
5.012E+01 1.450E-06 1.450E-06 3.556E-16 0.00E+00
4.955E+01 1.487E-06 1.487E-06 3.716E-16 0.00E+00
4.898E+01 1.526E-06 1.526E-06 3.883E-16 0.00E+00
4.842E+01 1.566E-06 1.566E-06 4.057E-16 0.00E+00
4.786E+01 1.607E-06 1.607E-06 4.239E-16 0.00E+00
4.732E+01 1.650E-06 1.650E-06 4.429E-16 0.00E+00
4.677E+01 1.694E-06 1.694E-06 4.628E-16 0.00E+00
4.624E+01 1.740E-06 1.740E-06 4.835E-16 0.00E+00
4.571E+01 1.787E-06 1.787E-06 5.052E-16 0.00E+00
4.519E+01 1.836E-06 1.836E-06 5.279E-16 0.00E+00
4.467E+01 1.886E-06 1.886E-06 5.516E-16 0.00E+00
4.416E+01 1.939E-06 1.939E-06 5.763E-16 0.00E+00
4.365E+01 1.993E-06 1.993E-06 6.022E-16 0.00E+00
4.315E+01 2.049E-06 2.049E-06 6.292E-16 0.00E+00
4.266E+01 2.107E-06 2.107E-06 6.574E-16 0.00E+00
4.217E+01 2.168E-06 2.168E-06 6.869E-16 0.00E+00
4.169E+01 2.230E-06 2.230E-06 7.177E-16 0.00E+00
4.121E+01 2.294E-06 2.294E-06 7.500E-16 0.00E+00
4.074E+01 2.361E-06 2.361E-06 7.836E-16 0.00E+00
4.027E+01 2.431E-06 2.431E-06 8.188E-16 0.00E+00
3.981E+01 2.502E-06 2.502E-06 8.556E-16 0.00E+00
3.936E+01 2.577E-06 2.577E-06 8.941E-16 0.00E+00
3.890E+01 2.654E-06 2.654E-06 9.343E-16 0.00E+00
3.846E+01 2.733E-06 2.733E-06 9.763E-16 0.00E+00
3.802E+01 2.816E-06 2.816E-06 1.020E-15 0.00E+00
3.758E+01 2.901E-06 2.901E-06 1.066E-15 0.00E+00
3.715E+01 2.989E-06 2.989E-06 1.114E-15 0.00E+00
3.673E+01 3.080E-06 3.080E-06 1.164E-15 0.00E+00
3.631E+01 3.174E-06 3.174E-06 1.217E-15 0.00E+00
3.589E+01 3.270E-06 3.270E-06 1.272E-15 0.00E+00
3.548E+01 3.370E-06 3.370E-06 1.329E-15 0.00E+00
3.508E+01 3.472E-06 3.472E-06 1.389E-15 0.00E+00
3.467E+01 3.578E-06 3.578E-06 1.452E-15 0.00E+00
3.428E+01 3.686E-06 3.686E-06 1.518E-15 0.00E+00
3.388E+01 3.796E-06 3.796E-06 1.586E-15 0.00E+00
3.350E+01 3.910E-06 3.910E-06 1.658E-15 0.00E+00
3.311E+01 4.025E-06 4.025E-06 1.733E-15 0.00E+00
3.273E+01 4.142E-06 4.142E-06 1.812E-15 0.00E+00
3.236E+01 4.261E-06 4.261E-06 1.894E-15 0.00E+00
3.199E+01 4.382E-06 4.382E-06 1.980E-15 0.00E+00
3.162E+01 4.504E-06 4.504E-06 2.070E-15 0.00E+00
3.126E+01 4.626E-06 4.626E-06 2.164E-15 0.00E+00
3.090E+01 4.749E-06 4.749E-06 2.262E-15 0.00E+00
3.055E+01 4.872E-06 4.872E-06 2.365E-15 0.00E+00
3.020E+01 4.994E-06 4.994E-06 2.473E-15 0.00E+00
2.985E+01 5.115E-06 5.115E-06 2.585E-15 0.00E+00
2.951E+01 5.235E-06 5.235E-06 2.703E-15 0.00E+00
2.917E+01 5.352E-06 5.352E-06 2.827E-15 0.00E+00
2.884E+01 5.468E-06 5.468E-06 2.956E-15 0.00E+00
2.851E+01 5.581E-06 5.581E-06 3.091E-15 0.00E+00
2.818E+01 5.692E-06 5.692E-06 3.232E-15 0.00E+00
2.786E+01 5.800E-06 5.800E-06 3.380E-15 0.00E+00
2.754E+01 5.907E-06 5.907E-06 3.535E-15 0.00E+00
2.723E+01 6.013E-06 6.013E-06 3.697E-15 0.00E+00
2.692E+01 6.120E-06 6.120E-06 3.867E-15 0.00E+00
2.661E+01 6.230E-06 6.230E-06 4.044E-15 0.00E+00
2.630E+01 6.347E-06 6.347E-06 4.230E-15 0.00E+00
2.600E+01 6.476E-06 6.476E-06 4.424E-15 0.00E+00
2.570E+01 6.626E-06 6.626E-06 4.628E-15 0.00E+00
2.541E+01 6.809E-06 6.809E-06 4.841E-15 0.00E+00
2.512E+01 7.047E-06 7.047E-06 5.063E-15 0.00E+00
2.483E+01 7.373E-06 7.373E-06 5.296E-15 0.00E+00
2.455E+01 7.848E-06 7.848E-06 5.540E-15 0.00E+00
2.427E+01 8.584E-06 8.584E-06 5.795E-15 0.00E+00
2.399E+01 9.801E-06 9.801E-06 6.062E-15 0.00E+00
2.371E+01 1.192E-05 1.192E-05 6.342E-15 0.00E+00
2.344E+01 1.540E-05 1.540E-05 6.634E-15 0.00E+00
2.317E+01 1.895E-05 1.895E-05 6.941E-15 0.00E+00
2.291E+01 1.842E-05 1.842E-05 7.262E-15 0.00E+00
2.265E+01 1.573E-05 1.573E-05 7.599E-15 0.00E+00
2.239E+01 1.466E-05 1.466E-05 7.951E-15 0.00E+00
2.213E+01 1.589E-05 1.589E-05 8.319E-15 0.00E+00
2.188E+01 2.023E-05 2.023E-05 8.705E-15 0.00E+00
2.163E+01 3.020E-05 3.020E-05 9.108E-15 0.00E+00
2.138E+01 4.792E-05 4.792E-05 9.531E-15 0.00E+00
2.113E+01 5.462E-05 5.462E-05 9.975E-15 0.00E+00
2.089E+01 3.706E-05 3.706E-05 1.044E-14 0.00E+00
2.065E+01 2.262E-05 2.262E-05 1.092E-14 0.00E+00
2.042E+01 1.525E-05 1.525E-05 1.143E-14 0.00E+00
2.018E+01 1.147E-05 1.147E-05 1.196E-14 0.00E+00
1.995E+01 9.383E-06 9.383E-06 1.252E-14 0.00E+00
1.972E+01 8.184E-06 8.184E-06 1.310E-14 0.00E+00
1.950E+01 7.532E-06 7.532E-06 1.371E-14 0.00E+00
1.928E+01 7.323E-06 7.323E-06 1.435E-14 0.00E+00
1.905E+01 7.651E-06 7.651E-06 1.502E-14 0.00E+00
1.884E+01 9.024E-06 9.024E-06 1.572E-14 0.00E+00
1.862E+01 1.352E-05 1.352E-05 1.645E-14 0.00E+00
1.841E+01 3.154E-05 3.154E-05 1.722E-14 0.00E+00
1.820E+01 5.061E-05 5.061E-05 1.803E-14 0.00E+00
1.799E+01 1.888E-05 1.888E-05 1.887E-14 0.00E+00
1.778E+01 9.871E-06 9.871E-06 1.975E-14 0.00E+00
1.758E+01 7.102E-06 7.102E-06 2.068E-14 0.00E+00
1.738E+01 6.025E-06 6.025E-06 2.165E-14 0.00E+00
1.718E+01 5.667E-06 5.667E-06 2.266E-14 0.00E+00
1.698E+01 5.910E-06 5.910E-06 2.372E-14 0.00E+00
1.679E+01 7.403E-06 7.403E-06 2.483E-14 0.00E+00
1.660E+01 1.522E-05 1.522E-05 2.600E-14 0.00E+00
1.641E+01 8.128E-05 8.128E-05 2.722E-14 0.00E+00
1.622E+01 1.626E-05 1.626E-05 2.849E-14 0.00E+00
1.603E+01 7.145E-06 7.145E-06 2.983E-14 0.00E+00
1.585E+01 5.218E-06 5.218E-06 3.123E-14 0.00E+00
1.567E+01 4.530E-06 4.530E-06 3.270E-14 0.00E+00
1.549E+01 4.226E-06 4.226E-06 3.423E-14 0.00E+00
1.531E+01 4.088E-06 4.088E-06 3.584E-14 0.00E+00
1.514E+01 4.044E-06 4.044E-06 3.753E-14 0.00E+00
1.496E+01 4.065E-06 4.065E-06 3.929E-14 0.00E+00
1.479E+01 4.141E-06 4.141E-06 4.114E-14 0.00E+00
1.462E+01 4.271E-06 4.271E-06 4.308E-14 0.00E+00
1.445E+01 4.463E-06 4.463E-06 4.510E-14 0.00E+00
1.429E+01 4.729E-06 4.729E-06 4.723E-14 0.00E+00
1.413E+01 5.091E-06 5.091E-06 4.945E-14 0.00E+00
1.396E+01 5.585E-06 5.585E-06 5.177E-14 0.00E+00
1.380E+01 6.266E-06 6.266E-06 5.421E-14 0.00E+00
1.365E+01 7.224E-06 7.224E-06 5.676E-14 0.00E+00
1.349E+01 8.608E-06 8.608E-06 5.943E-14 0.00E+00
1.334E+01 1.066E-05 1.066E-05 6.223E-14 0.00E+00
1.318E+01 1.378E-05 1.378E-05 6.516E-14 0.00E+00
1.303E+01 1.838E-05 1.838E-05 6.823E-14 0.00E+00
1.288E+01 2.423E-05 2.423E-05 7.144E-14 0.00E+00
1.274E+01 2.862E-05 2.862E-05 7.480E-14 0.00E+00
1.259E+01 2.791E-05 2.791E-05 7.833E-14 0.00E+00
1.245E+01 2.394E-05 2.394E-05 8.202E-14 0.00E+00
1.230E+01 2.107E-05 2.107E-05 8.589E-14 0.00E+00
1.216E+01 2.185E-05 2.185E-05 8.994E-14 0.00E+00
1.202E+01 2.995E-05 2.995E-05 9.419E-14 0.00E+00
1.189E+01 4.104E-05 4.104E-05 9.872E-14 0.00E+00
1.175E+01 3.400E-05 3.400E-05 1.036E-13 0.00E+00
1.161E+01 3.827E-05 3.827E-05 1.089E-13 0.00E+00
1.148E+01 6.009E-05 6.009E-05 1.109E-13 0.00E+00
1.135E+01 9.568E-05 9.568E-05 1.178E-13 0.00E+00
1.122E+01 8.737E-05 8.737E-05 1.236E-13 0.00E+00
1.109E+01 5.012E-05 5.012E-05 1.296E-13 0.00E+00
1.096E+01 2.906E-05 2.906E-05 1.357E-13 0.00E+00
1.084E+01 1.903E-05 1.903E-05 1.422E-13 0.00E+00
1.072E+01 1.389E-05 1.389E-05 1.489E-13 0.00E+00
1.059E+01 1.101E-05 1.101E-05 1.560E-13 0.00E+00
1.047E+01 9.289E-06 9.289E-06 1.633E-13 0.00E+00
1.035E+01 8.227E-06 8.227E-06 1.709E-13 0.00E+00
1.023E+01 7.570E-06 7.570E-06 1.790E-13 0.00E+00
1.012E+01 7.186E-06 7.186E-06 1.874E-13 0.00E+00
1.000E+01 7.000E-06 7.000E-06 1.962E-13 0.00E+00
9.886E+00 6.974E-06 6.974E-06 2.055E-13 0.00E+00
9.772E+00 7.089E-06 7.089E-06 2.151E-13 0.00E+00
9.661E+00 7.341E-06 7.341E-06 2.253E-13 0.00E+00
9.550E+00 7.741E-06 7.741E-06 2.359E-13 0.00E+00
9.441E+00 8.316E-06 8.316E-06 2.470E-13 0.00E+00
9.333E+00 9.117E-06 9.117E-06 2.586E-13 0.00E+00
9.226E+00 1.023E-05 1.023E-05 2.708E-13 0.00E+00
9.120E+00 1.182E-05 1.182E-05 2.835E-13 0.00E+00
9.016E+00 1.418E-05 1.418E-05 2.968E-13 0.00E+00
8.913E+00 1.789E-05 1.789E-05 3.108E-13 0.00E+00
8.810E+00 2.399E-05 2.399E-05 3.254E-13 0.00E+00
8.710E+00 3.332E-05 3.332E-05 3.407E-13 0.00E+00
8.610E+00 4.133E-05 4.133E-05 3.567E-13 0.00E+00
8.511E+00 3.942E-05 3.942E-05 3.734E-13 0.00E+00
8.414E+00 3.447E-05 3.447E-05 3.910E-13 0.00E+00
8.318E+00 3.329E-05 3.329E-05 4.093E-13 0.00E+00
8.222E+00 3.596E-05 3.596E-05 4.285E-13 0.00E+00
8.128E+00 4.196E-05 4.196E-05 4.486E-13 0.00E+00
8.035E+00 5.120E-05 5.120E-05 4.696E-13 0.00E+00
7.943E+00 6.346E-05 6.346E-05 4.916E-13 0.00E+00
7.852E+00 7.712E-05 7.712E-05 5.147E-13 0.00E+00
7.762E+00 8.778E-05 8.778E-05 5.388E-13 0.00E+00
7.674E+00 8.977E-05 8.977E-05 5.640E-13 0.00E+00
7.586E+00 8.171E-05 8.171E-05 5.905E-13 0.00E+00
7.499E+00 6.818E-05 6.818E-05 6.182E-13 0.00E+00
7.413E+00 5.450E-05 5.450E-05 6.471E-13 0.00E+00
7.328E+00 4.317E-05 4.317E-05 6.775E-13 0.00E+00
7.244E+00 3.456E-05 3.456E-05 7.093E-13 0.00E+00
7.161E+00 2.824E-05 2.824E-05 7.425E-13 0.00E+00
7.079E+00 2.366E-05 2.366E-05 7.773E-13 0.00E+00
6.998E+00 2.039E-05 2.039E-05 8.137E-13 0.00E+00
6.918E+00 1.811E-05 1.811E-05 8.518E-13 0.00E+00
6.839E+00 1.665E-05 1.665E-05 8.917E-13 0.00E+00
6.761E+00 1.591E-05 1.591E-05 9.335E-13 0.00E+00
6.683E+00 1.594E-05 1.594E-05 9.772E-13 0.00E+00
6.607E+00 1.691E-05 1.691E-05 1.023E-12 0.00E+00
6.531E+00 1.927E-05 1.927E-05 1.071E-12 0.00E+00
6.457E+00 2.394E-05 2.394E-05 1.121E-12 0.00E+00
6.383E+00 3.268E-05 3.268E-05 1.173E-12 0.00E+00
6.310E+00 4.779E-05 4.779E-05 1.228E-12 0.00E+00
6.237E+00 6.554E-05 6.554E-05 1.286E-12 0.00E+00
6.166E+00 6.573E-05 6.573E-05 1.346E-12 0.00E+00
6.095E+00 4.752E-05 4.752E-05 1.409E-12 0.00E+00
6.026E+00 3.133E-05 3.133E-05 1.475E-12 0.00E+00
5.957E+00 2.152E-05 2.152E-05 1.544E-12 0.00E+00
5.888E+00 1.580E-05 1.580E-05 1.616E-12 0.00E+00
5.821E+00 1.231E-05 1.231E-05 1.691E-12 0.00E+00
5.754E+00 1.006E-05 1.006E-05 1.770E-12 0.00E+00
5.689E+00 8.531E-06 8.531E-06 1.853E-12 0.00E+00
5.623E+00 7.445E-06 7.445E-06 1.939E-12 0.00E+00
5.559E+00 6.646E-06 6.646E-06 2.030E-12 5.21E-07
5.495E+00 6.041E-06 6.041E-06 2.125E-12 5.32E-07
5.433E+00 5.571E-06 5.571E-06 2.224E-12 5.44E-07
5.370E+00 5.199E-06 5.199E-06 2.327E-12 5.56E-07
5.309E+00 4.901E-06 4.901E-06 2.436E-12 5.67E-07
5.248E+00 4.658E-06 4.658E-06 2.549E-12 5.80E-07
5.188E+00 4.458E-06 4.458E-06 2.668E-12 5.93E-07
5.129E+00 4.293E-06 4.293E-06 2.792E-12 6.06E-07
5.070E+00 4.155E-06 4.155E-06 2.922E-12 6.20E-07
5.012E+00 4.041E-06 4.041E-06 3.058E-12 6.33E-07
4.955E+00 3.945E-06 3.945E-06 3.201E-12 6.47E-07
4.898E+00 3.864E-06 3.864E-06 3.350E-12 6.61E-07
4.842E+00 3.797E-06 3.797E-06 3.506E-12 6.75E-07
4.786E+00 3.743E-06 3.743E-06 3.669E-12 6.90E-07
4.732E+00 3.698E-06 3.698E-06 3.840E-12 7.05E-07
4.677E+00 3.663E-06 3.663E-06 4.019E-12 7.20E-07
4.624E+00 3.635E-06 3.635E-06 4.206E-12 7.36E-07
4.571E+00 3.615E-06 3.615E-06 4.402E-12 7.51E-07
4.519E+00 3.602E-06 3.602E-06 4.607E-12 7.68E-07
4.467E+00 3.594E-06 3.594E-06 4.821E-12 7.84E-07
4.416E+00 3.592E-06 3.592E-06 5.046E-12 8.01E-07
4.365E+00 3.596E-06 3.596E-06 5.280E-12 8.18E-07
4.315E+00 3.604E-06 3.604E-06 5.526E-12 8.35E-07
4.266E+00 3.616E-06 3.616E-06 5.783E-12 8.53E-07
4.217E+00 3.633E-06 3.633E-06 6.051E-12 8.71E-07
4.169E+00 3.655E-06 3.655E-06 6.333E-12 8.90E-07
4.121E+00 3.681E-06 3.681E-06 6.627E-12 9.08E-07
4.074E+00 3.711E-06 3.711E-06 6.935E-12 9.27E-07
4.027E+00 3.746E-06 3.746E-06 7.257E-12 9.47E-07
3.981E+00 3.785E-06 3.785E-06 7.594E-12 9.67E-07
3.936E+00 3.830E-06 3.830E-06 7.946E-12 9.87E-07
3.890E+00 3.880E-06 3.880E-06 8.315E-12 1.01E-06
3.846E+00 3.938E-06 3.938E-06 8.702E-12 1.03E-06
3.802E+00 4.003E-06 4.003E-06 9.106E-12 1.05E-06
3.758E+00 4.079E-06 4.079E-06 9.529E-12 1.07E-06
3.715E+00 4.169E-06 4.169E-06 9.972E-12 1.09E-06
3.673E+00 4.278E-06 4.278E-06 1.044E-11 1.11E-06
3.631E+00 4.413E-06 4.413E-06 1.092E-11 1.14E-06
3.589E+00 4.592E-06 4.592E-06 1.143E-11 1.16E-06
3.548E+00 4.838E-06 4.838E-06 1.196E-11 1.18E-06
3.508E+00 5.208E-06 5.208E-06 1.251E-11 1.21E-06
3.467E+00 5.823E-06 5.823E-06 1.309E-11 1.23E-06
3.428E+00 7.008E-06 7.008E-06 1.370E-11 1.26E-06
3.388E+00 9.873E-06 9.873E-06 1.434E-11 1.28E-06
3.350E+00 2.019E-05 2.019E-05 1.500E-11 1.31E-06
3.311E+00 8.944E-05 8.944E-05 1.570E-11 1.33E-06
3.273E+00 4.477E-05 4.477E-05 1.642E-11 1.36E-06
3.236E+00 1.431E-05 1.431E-05 1.719E-11 1.39E-06
3.199E+00 8.689E-06 8.689E-06 1.798E-11 1.42E-06
3.162E+00 6.872E-06 6.872E-06 1.881E-11 1.45E-06
3.126E+00 6.115E-06 6.115E-06 1.969E-11 1.48E-06
3.090E+00 5.746E-06 5.746E-06 2.060E-11 1.51E-06
3.055E+00 5.558E-06 5.558E-06 2.155E-11 1.54E-06
3.020E+00 5.467E-06 5.467E-06 2.255E-11 1.57E-06
2.985E+00 5.432E-06 5.432E-06 2.359E-11 1.60E-06
2.951E+00 5.431E-06 5.431E-06 2.469E-11 1.63E-06
2.917E+00 5.453E-06 5.453E-06 2.583E-11 1.66E-06
2.884E+00 5.492E-06 5.492E-06 2.703E-11 1.70E-06
2.851E+00 5.542E-06 5.542E-06 2.828E-11 1.73E-06
2.818E+00 5.602E-06 5.602E-06 2.959E-11 1.76E-06
2.786E+00 5.669E-06 5.669E-06 3.095E-11 1.80E-06
2.754E+00 5.741E-06 5.741E-06 3.238E-11 1.84E-06
2.723E+00 5.820E-06 5.820E-06 3.388E-11 1.87E-06
2.692E+00 5.901E-06 5.901E-06 3.544E-11 1.91E-06
2.661E+00 5.986E-06 5.986E-06 3.709E-11 1.95E-06
2.630E+00 6.075E-06 6.075E-06 3.880E-11 1.99E-06
2.600E+00 6.167E-06 6.166E-06 4.059E-11 2.03E-06
2.570E+00 6.260E-06 6.259E-06 4.246E-11 2.07E-06
2.541E+00 6.356E-06 6.355E-06 4.442E-11 2.12E-06
2.512E+00 6.454E-06 6.454E-06 4.647E-11 2.16E-06
2.483E+00 6.556E-06 6.556E-06 4.861E-11 2.20E-06
2.455E+00 6.661E-06 6.661E-06 5.086E-11 2.25E-06
2.427E+00 6.768E-06 6.768E-06 5.320E-11 2.30E-06
2.399E+00 6.877E-06 6.877E-06 5.566E-11 2.34E-06
2.371E+00 6.990E-06 6.990E-06 5.823E-11 2.39E-06
2.344E+00 7.105E-06 7.105E-06 6.092E-11 2.44E-06
2.317E+00 7.223E-06 7.223E-06 6.373E-11 2.49E-06
2.291E+00 7.343E-06 7.343E-06 6.668E-11 2.54E-06
2.265E+00 7.466E-06 7.466E-06 6.976E-11 2.59E-06
2.239E+00 7.592E-06 7.592E-06 7.298E-11 2.64E-06
2.213E+00 7.721E-06 7.720E-06 7.635E-11 2.69E-06
2.188E+00 7.852E-06 7.852E-06 7.988E-11 2.74E-06
2.163E+00 7.986E-06 7.986E-06 8.357E-11 2.80E-06
2.138E+00 8.123E-06 8.123E-06 8.742E-11 2.85E-06
2.113E+00 8.262E-06 8.262E-06 9.146E-11 2.91E-06
2.089E+00 8.402E-06 8.402E-06 9.567E-11 2.97E-06
2.065E+00 8.545E-06 8.545E-06 1.001E-10 3.03E-06
2.042E+00 8.690E-06 8.690E-06 1.047E-10 3.09E-06
2.018E+00 8.839E-06 8.839E-06 1.095E-10 3.15E-06
1.995E+00 8.991E-06 8.991E-06 1.146E-10 3.21E-06
1.972E+00 9.146E-06 9.146E-06 1.199E-10 3.28E-06
1.950E+00 9.304E-06 9.304E-06 1.254E-10 3.34E-06
1.928E+00 9.465E-06 9.465E-06 1.312E-10 3.41E-06
1.905E+00 9.629E-06 9.629E-06 1.372E-10 3.48E-06
1.884E+00 9.797E-06 9.797E-06 1.436E-10 3.54E-06
1.862E+00 9.968E-06 9.968E-06 1.502E-10 3.61E-06
1.841E+00 1.014E-05 1.014E-05 1.571E-10 3.68E-06
1.820E+00 1.032E-05 1.032E-05 1.643E-10 3.76E-06
1.799E+00 1.050E-05 1.050E-05 1.719E-10 3.83E-06
1.778E+00 1.069E-05 1.069E-05 1.799E-10 3.90E-06
1.758E+00 1.088E-05 1.088E-05 1.882E-10 3.98E-06
1.738E+00 1.107E-05 1.107E-05 1.968E-10 4.06E-06
1.718E+00 1.127E-05 1.127E-05 2.059E-10 4.14E-06
1.698E+00 1.147E-05 1.147E-05 2.154E-10 4.22E-06
1.679E+00 1.167E-05 1.167E-05 2.253E-10 4.30E-06
1.660E+00 1.187E-05 1.187E-05 2.357E-10 4.38E-06
1.641E+00 1.208E-05 1.208E-05 2.465E-10 4.47E-06
1.622E+00 1.229E-05 1.229E-05 2.578E-10 4.56E-06
1.603E+00 1.251E-05 1.251E-05 2.697E-10 4.65E-06
1.585E+00 1.272E-05 1.272E-05 2.821E-10 4.75E-06
1.567E+00 1.294E-05 1.294E-05 2.951E-10 4.84E-06
1.549E+00 1.317E-05 1.317E-05 3.087E-10 4.94E-06
1.531E+00 1.340E-05 1.340E-05 3.229E-10 5.04E-06
1.514E+00 1.363E-05 1.363E-05 3.378E-10 5.14E-06
1.496E+00 1.387E-05 1.387E-05 3.534E-10 5.24E-06
1.479E+00 1.412E-05 1.412E-05 3.697E-10 5.34E-06
1.462E+00 1.437E-05 1.437E-05 3.868E-10 5.44E-06
1.445E+00 1.463E-05 1.463E-05 4.047E-10 5.54E-06
1.429E+00 1.490E-05 1.490E-05 4.234E-10 5.65E-06
1.413E+00 1.517E-05 1.517E-05 4.429E-10 5.76E-06
1.396E+00 1.545E-05 1.545E-05 4.633E-10 5.87E-06
1.380E+00 1.573E-05 1.573E-05 4.847E-10 5.98E-06
1.365E+00 1.602E-05 1.602E-05 5.070E-10 6.09E-06
1.349E+00 1.631E-05 1.631E-05 5.304E-10 6.21E-06
1.334E+00 1.661E-05 1.661E-05 5.548E-10 6.33E-06
1.318E+00 1.692E-05 1.692E-05 5.803E-10 6.45E-06
1.303E+00 1.723E-05 1.723E-05 6.070E-10 6.57E-06
1.288E+00 1.755E-05 1.755E-05 6.349E-10 6.70E-06
1.274E+00 1.788E-05 1.788E-05 6.641E-10 6.83E-06
1.259E+00 1.821E-05 1.821E-05 6.946E-10 6.96E-06
1.245E+00 1.855E-05 1.855E-05 7.266E-10 7.10E-06
1.230E+00 1.889E-05 1.889E-05 7.601E-10 7.23E-06
1.216E+00 1.924E-05 1.924E-05 7.951E-10 7.38E-06
1.202E+00 1.961E-05 1.961E-05 8.318E-10 7.52E-06
1.189E+00 1.998E-05 1.998E-05 8.701E-10 7.66E-06
1.175E+00 2.036E-05 2.036E-05 9.102E-10 7.81E-06
1.161E+00 2.076E-05 2.076E-05 9.521E-10 7.96E-06
1.148E+00 2.117E-05 2.117E-05 9.960E-10 8.11E-06
1.135E+00 2.160E-05 2.160E-05 1.042E-09 8.27E-06
1.122E+00 2.204E-05 2.204E-05 1.090E-09 8.43E-06
1.109E+00 2.250E-05 2.250E-05 1.140E-09 8.59E-06
1.096E+00 2.299E-05 2.299E-05 1.192E-09 8.75E-06
1.084E+00 2.349E-05 2.349E-05 1.247E-09 8.92E-06
1.072E+00 2.403E-05 2.402E-05 1.305E-09 9.09E-06
1.059E+00 2.459E-05 2.459E-05 1.365E-09 9.26E-06
1.047E+00 2.519E-05 2.518E-05 1.427E-09 9.44E-06
1.035E+00 2.582E-05 2.582E-05 1.493E-09 9.62E-06
1.023E+00 2.651E-05 2.651E-05 1.561E-09 9.80E-06
1.012E+00 2.726E-05 2.725E-05 1.633E-09 9.99E-06
1.000E+00 2.807E-05 2.807E-05 1.708E-09 1.02E-05
9.886E-01 2.897E-05 2.897E-05 1.787E-09 1.04E-05
9.772E-01 2.997E-05 2.997E-05 1.868E-09 1.06E-05
9.661E-01 3.111E-05 3.111E-05 1.954E-09 1.08E-05
9.550E-01 3.240E-05 3.240E-05 2.044E-09 1.10E-05
9.441E-01 3.391E-05 3.390E-05 2.137E-09 1.12E-05
9.333E-01 3.567E-05 3.567E-05 2.235E-09 1.14E-05
9.226E-01 3.778E-05 3.778E-05 2.337E-09 1.16E-05
9.120E-01 4.033E-05 4.033E-05 2.444E-09 1.19E-05
9.016E-01 4.347E-05 4.347E-05 2.556E-09 1.21E-05
8.913E-01 4.739E-05 4.739E-05 2.673E-09 1.23E-05
8.810E-01 5.236E-05 5.236E-05 2.795E-09 1.26E-05
8.710E-01 5.878E-05 5.878E-05 2.922E-09 1.28E-05
8.610E-01 6.719E-05 6.719E-05 3.056E-09 1.31E-05
8.511E-01 7.839E-05 7.839E-05 3.195E-09 1.34E-05
8.414E-01 9.350E-05 9.350E-05 3.341E-09 1.36E-05
8.318E-01 1.141E-04 1.141E-04 3.493E-09 1.39E-05
8.222E-01 1.423E-04 1.423E-04 3.652E-09 1.42E-05
8.128E-01 1.807E-04 1.807E-04 3.819E-09 1.45E-05
8.035E-01 2.313E-04 2.312E-04 3.992E-09 1.48E-05
7.943E-01 2.944E-04 2.944E-04 4.174E-09 1.51E-05
7.852E-01 3.672E-04 3.672E-04 4.364E-09 1.54E-05
7.762E-01 4.437E-04 4.437E-04 4.563E-09 1.57E-05
7.674E-01 5.182E-04 5.182E-04 4.771E-09 1.61E-05
7.586E-01 5.871E-04 5.871E-04 4.988E-09 1.64E-05
7.499E-01 6.493E-04 6.493E-04 5.215E-09 1.67E-05
7.413E-01 7.056E-04 7.056E-04 5.452E-09 1.71E-05
7.328E-01 7.576E-04 7.576E-04 5.700E-09 1.75E-05
7.244E-01 8.083E-04 8.082E-04 5.960E-09 1.78E-05
7.161E-01 8.614E-04 8.614E-04 6.231E-09 1.82E-05
7.079E-01 9.223E-04 9.223E-04 6.515E-09 1.86E-05
6.998E-01 9.975E-04 9.975E-04 6.811E-09 1.90E-05
6.918E-01 1.095E-03 1.095E-03 7.121E-09 1.94E-05
6.839E-01 1.225E-03 1.225E-03 7.446E-09 1.98E-05
6.761E-01 1.395E-03 1.395E-03 7.786E-09 2.03E-05
6.683E-01 1.608E-03 1.608E-03 8.141E-09 2.07E-05
6.607E-01 1.857E-03 1.857E-03 8.513E-09 2.12E-05
6.531E-01 2.123E-03 2.123E-03 8.902E-09 2.16E-05
6.457E-01 2.390E-03 2.390E-03 9.310E-09 2.21E-05
6.383E-01 2.650E-03 2.650E-03 9.737E-09 2.26E-05
6.310E-01 2.902E-03 2.902E-03 1.018E-08 2.31E-05
6.237E-01 3.148E-03 3.148E-03 1.065E-08 2.36E-05
6.166E-01 3.390E-03 3.390E-03 1.114E-08 2.42E-05
6.095E-01 3.632E-03 3.632E-03 1.165E-08 2.47E-05
6.026E-01 3.876E-03 3.876E-03 1.219E-08 2.53E-05
5.957E-01 4.125E-03 4.125E-03 1.275E-08 2.58E-05
5.888E-01 4.379E-03 4.379E-03 1.334E-08 2.64E-05
5.821E-01 4.640E-03 4.640E-03 1.396E-08 2.70E-05
5.754E-01 4.908E-03 4.908E-03 1.461E-08 2.76E-05
5.689E-01 5.186E-03 5.186E-03 1.529E-08 2.82E-05
5.623E-01 5.472E-03 5.472E-03 1.600E-08 2.88E-05
5.559E-01 5.769E-03 5.769E-03 1.675E-08 2.94E-05
5.495E-01 6.075E-03 6.075E-03 1.753E-08 3.01E-05
5.433E-01 6.393E-03 6.393E-03 1.836E-08 3.08E-05
5.370E-01 6.722E-03 6.722E-03 1.922E-08 3.14E-05
5.309E-01 7.062E-03 7.062E-03 2.013E-08 3.21E-05
5.248E-01 7.415E-03 7.415E-03 2.108E-08 3.28E-05
5.188E-01 7.780E-03 7.780E-03 2.208E-08 3.35E-05
5.129E-01 8.157E-03 8.157E-03 2.313E-08 3.43E-05
5.070E-01 8.548E-03 8.548E-03 2.423E-08 3.50E-05
5.012E-01 8.952E-03 8.952E-03 2.539E-08 3.58E-05
4.955E-01 9.369E-03 9.369E-03 2.660E-08 3.65E-05
4.898E-01 9.801E-03 9.801E-03 2.788E-08 3.73E-05
4.842E-01 1.025E-02 1.025E-02 2.922E-08 3.81E-05
4.786E-01 1.071E-02 1.071E-02 3.062E-08 3.89E-05
4.732E-01 1.118E-02 1.118E-02 3.209E-08 3.97E-05
4.677E-01 1.167E-02 1.167E-02 3.364E-08 4.06E-05
4.624E-01 1.218E-02 1.218E-02 3.526E-08 4.14E-05
4.571E-01 1.270E-02 1.270E-02 3.697E-08 4.22E-05
4.519E-01 1.324E-02 1.324E-02 3.876E-08 4.31E-05
4.467E-01 1.379E-02 1.379E-02 4.064E-08 4.39E-05
4.416E-01 1.436E-02 1.436E-02 4.262E-08 4.48E-05
4.365E-01 1.494E-02 1.494E-02 4.470E-08 4.56E-05
4.315E-01 1.554E-02 1.554E-02 4.687E-08 4.65E-05
4.266E-01 1.616E-02 1.616E-02 4.915E-08 4.73E-05
4.217E-01 1.680E-02 1.680E-02 5.153E-08 4.81E-05
4.169E-01 1.745E-02 1.745E-02 5.404E-08 4.90E-05
4.121E-01 1.812E-02 1.812E-02 5.667E-08 4.98E-05
4.074E-01 1.881E-02 1.881E-02 5.943E-08 5.07E-05
4.027E-01 1.952E-02 1.952E-02 6.233E-08 5.16E-05
3.981E-01 2.024E-02 2.024E-02 6.537E-08 5.25E-05
3.935E-01 2.098E-02 2.098E-02 6.856E-08 5.34E-05
3.890E-01 2.174E-02 2.174E-02 7.191E-08 5.43E-05
3.846E-01 2.252E-02 2.252E-02 7.542E-08 5.52E-05
3.802E-01 2.331E-02 2.331E-02 7.912E-08 5.61E-05
3.758E-01 2.413E-02 2.413E-02 8.302E-08 5.69E-05
3.715E-01 2.496E-02 2.496E-02 8.714E-08 5.78E-05
3.673E-01 2.582E-02 2.582E-02 9.151E-08 5.87E-05
3.631E-01 2.669E-02 2.669E-02 9.613E-08 5.97E-05
3.589E-01 2.758E-02 2.758E-02 1.010E-07 6.07E-05
3.548E-01 2.849E-02 2.848E-02 1.062E-07 6.16E-05
3.508E-01 2.941E-02 2.941E-02 1.118E-07 6.25E-05
3.467E-01 3.036E-02 3.036E-02 1.177E-07 6.34E-05
3.428E-01 3.133E-02 3.133E-02 1.239E-07 6.42E-05
3.388E-01 3.231E-02 3.231E-02 1.306E-07 6.49E-05
3.350E-01 3.332E-02 3.332E-02 1.377E-07 6.55E-05
3.311E-01 3.434E-02 3.434E-02 1.453E-07 6.60E-05
3.273E-01 3.539E-02 3.539E-02 1.535E-07 6.63E-05
3.236E-01 3.645E-02 3.645E-02 1.622E-07 6.64E-05
3.199E-01 3.753E-02 3.753E-02 1.716E-07 6.63E-05
3.162E-01 3.863E-02 3.863E-02 1.816E-07 6.60E-05
3.126E-01 3.975E-02 3.975E-02 1.922E-07 6.54E-05
3.090E-01 4.089E-02 4.089E-02 2.036E-07 6.45E-05
3.055E-01 4.205E-02 4.205E-02 2.156E-07 6.34E-05
3.020E-01 4.311E-02 4.311E-02 2.286E-07 6.19E-05
2.985E-01 4.390E-02 4.390E-02 2.424E-07 6.01E-05
2.951E-01 4.475E-02 4.475E-02 2.573E-07 5.79E-05
2.917E-01 4.568E-02 4.568E-02 2.734E-07 5.53E-05
2.884E-01 4.669E-02 4.669E-02 2.910E-07 5.22E-05
2.851E-01 4.780E-02 4.780E-02 3.101E-07 4.86E-05
2.818E-01 4.903E-02 4.903E-02 3.322E-07 4.35E-05
2.786E-01 5.038E-02 5.038E-02 3.558E-07 3.84E-05
2.754E-01 5.188E-02 5.188E-02 3.811E-07 3.33E-05
2.723E-01 5.354E-02 5.354E-02 4.089E-07 2.81E-05
2.692E-01 5.539E-02 5.539E-02 4.395E-07 2.32E-05
2.661E-01 5.746E-02 5.746E-02 4.733E-07 1.86E-05
2.630E-01 5.978E-02 5.978E-02 5.112E-07 1.45E-05
2.600E-01 6.239E-02 6.239E-02 5.543E-07 1.08E-05
2.570E-01 6.533E-02 6.533E-02 6.028E-07 7.99E-06
2.541E-01 6.865E-02 6.864E-02 6.559E-07 6.06E-06
2.512E-01 7.239E-02 7.238E-02 7.160E-07 4.90E-06
2.483E-01 7.660E-02 7.660E-02 7.844E-07 4.44E-06
2.455E-01 8.135E-02 8.135E-02 8.625E-07 4.65E-06
2.427E-01 8.666E-02 8.666E-02 9.525E-07 5.62E-06
2.399E-01 9.256E-02 9.256E-02 1.056E-06 7.38E-06
2.371E-01 9.902E-02 9.902E-02 1.170E-06 1.00E-05
2.344E-01 1.060E-01 1.060E-01 1.291E-06 1.32E-05
2.317E-01 1.132E-01 1.132E-01 1.417E-06 1.67E-05
2.291E-01 1.205E-01 1.205E-01 1.547E-06 2.03E-05
2.265E-01 1.274E-01 1.274E-01 1.680E-06 2.41E-05
2.239E-01 1.334E-01 1.334E-01 1.820E-06 2.80E-05
2.213E-01 1.379E-01 1.379E-01 1.965E-06 3.22E-05
2.188E-01 1.405E-01 1.405E-01 2.081E-06 3.70E-05
2.163E-01 1.408E-01 1.408E-01 2.136E-06 4.23E-05
2.138E-01 1.388E-01 1.388E-01 2.131E-06 4.80E-05
2.113E-01 1.348E-01 1.348E-01 2.086E-06 5.36E-05
2.089E-01 1.293E-01 1.293E-01 2.007E-06 5.94E-05
2.065E-01 1.228E-01 1.228E-01 1.902E-06 6.53E-05
2.042E-01 1.158E-01 1.158E-01 1.775E-06 7.14E-05
2.018E-01 1.088E-01 1.088E-01 1.635E-06 7.77E-05
1.995E-01 1.021E-01 1.021E-01 1.491E-06 8.42E-05
1.972E-01 9.579E-02 9.579E-02 1.347E-06 9.08E-05
1.950E-01 9.008E-02 9.008E-02 1.211E-06 9.76E-05
1.928E-01 8.495E-02 8.495E-02 1.086E-06 1.05E-04
1.905E-01 8.040E-02 8.040E-02 9.727E-07 1.12E-04
1.884E-01 7.637E-02 7.637E-02 8.692E-07 1.19E-04
1.862E-01 7.283E-02 7.283E-02 7.794E-07 1.27E-04
1.841E-01 6.972E-02 6.972E-02 7.027E-07 1.35E-04
1.820E-01 6.699E-02 6.699E-02 6.374E-07 1.44E-04
1.799E-01 6.461E-02 6.461E-02 5.822E-07 1.53E-04
1.778E-01 6.251E-02 6.251E-02 5.371E-07 1.62E-04
1.758E-01 6.067E-02 6.067E-02 4.998E-07 1.71E-04
1.738E-01 5.906E-02 5.906E-02 4.695E-07 1.81E-04
1.718E-01 5.764E-02 5.764E-02 4.457E-07 1.90E-04
1.698E-01 5.639E-02 5.639E-02 4.279E-07 2.00E-04
1.679E-01 5.530E-02 5.530E-02 4.162E-07 2.10E-04
1.660E-01 5.440E-02 5.440E-02 4.104E-07 2.20E-04
1.641E-01 5.368E-02 5.368E-02 4.111E-07 2.29E-04
1.622E-01 5.311E-02 5.311E-02 4.178E-07 2.39E-04
1.603E-01 5.269E-02 5.269E-02 4.304E-07 2.49E-04
1.585E-01 5.242E-02 5.242E-02 4.494E-07 2.59E-04
1.567E-01 5.229E-02 5.229E-02 4.739E-07 2.69E-04
1.549E-01 5.230E-02 5.230E-02 5.039E-07 2.79E-04
1.531E-01 5.244E-02 5.244E-02 5.395E-07 2.90E-04
1.514E-01 5.272E-02 5.271E-02 5.812E-07 3.01E-04
1.496E-01 5.312E-02 5.312E-02 6.297E-07 3.11E-04
1.479E-01 5.366E-02 5.365E-02 6.857E-07 3.22E-04
1.462E-01 5.432E-02 5.432E-02 7.500E-07 3.33E-04
1.445E-01 5.513E-02 5.513E-02 8.238E-07 3.44E-04
1.429E-01 5.606E-02 5.606E-02 9.070E-07 3.56E-04
1.413E-01 5.714E-02 5.714E-02 9.998E-07 3.67E-04
1.396E-01 5.836E-02 5.836E-02 1.102E-06 3.79E-04
1.380E-01 5.972E-02 5.972E-02 1.213E-06 3.91E-04
1.365E-01 6.124E-02 6.123E-02 1.336E-06 4.04E-04
1.349E-01 6.290E-02 6.290E-02 1.474E-06 4.18E-04
1.334E-01 6.472E-02 6.472E-02 1.628E-06 4.32E-04
1.318E-01 6.671E-02 6.671E-02 1.799E-06 4.48E-04
1.303E-01 6.887E-02 6.886E-02 1.990E-06 4.64E-04
1.288E-01 7.257E-02 7.257E-02 2.201E-06 4.82E-04
1.274E-01 7.540E-02 7.539E-02 2.435E-06 5.01E-04
1.259E-01 7.835E-02 7.835E-02 2.694E-06 5.21E-04
1.245E-01 8.144E-02 8.144E-02 2.979E-06 5.42E-04
1.230E-01 8.465E-02 8.465E-02 3.293E-06 5.64E-04
1.216E-01 8.799E-02 8.799E-02 3.636E-06 5.86E-04
1.202E-01 9.146E-02 9.145E-02 4.012E-06 6.07E-04
1.189E-01 9.504E-02 9.503E-02 4.424E-06 6.28E-04
1.175E-01 9.873E-02 9.872E-02 4.870E-06 6.48E-04
1.161E-01 1.025E-01 1.025E-01 5.364E-06 6.66E-04
1.148E-01 1.064E-01 1.064E-01 5.935E-06 6.83E-04
1.135E-01 1.104E-01 1.104E-01 6.700E-06 7.02E-04
1.122E-01 1.145E-01 1.145E-01 7.512E-06 7.03E-04
1.109E-01 1.187E-01 1.187E-01 8.401E-06 6.82E-04
1.096E-01 1.230E-01 1.230E-01 9.389E-06 6.23E-04
1.084E-01 1.273E-01 1.273E-01 1.060E-05 5.57E-04
1.072E-01 1.317E-01 1.317E-01 1.200E-05 5.10E-04
1.059E-01 1.362E-01 1.362E-01 1.336E-05 4.97E-04
1.047E-01 1.407E-01 1.407E-01 1.467E-05 5.00E-04
1.035E-01 1.452E-01 1.452E-01 1.593E-05 5.02E-04
1.023E-01 1.498E-01 1.498E-01 1.715E-05 5.03E-04
1.012E-01 1.543E-01 1.543E-01 1.849E-05 4.97E-04
1.000E-01 1.594E-01 1.594E-01 2.000E-05 4.85E-04
9.886E-02 1.630E-01 1.630E-01 2.200E-05 4.64E-04
9.772E-02 1.667E-01 1.667E-01 2.428E-05 4.43E-04
9.661E-02 1.706E-01 1.706E-01 2.654E-05 4.31E-04
9.550E-02 1.748E-01 1.747E-01 2.864E-05 4.26E-04
9.441E-02 1.791E-01 1.791E-01 3.020E-05 4.28E-04
9.333E-02 1.837E-01 1.837E-01 3.145E-05 4.34E-04
9.226E-02 1.886E-01 1.886E-01 3.284E-05 4.39E-04
9.120E-02 1.938E-01 1.938E-01 3.418E-05 4.46E-04
9.016E-02 1.994E-01 1.994E-01 3.498E-05 4.61E-04
8.913E-02 2.055E-01 2.055E-01 3.589E-05 4.73E-04
8.810E-02 2.121E-01 2.121E-01 3.738E-05 4.77E-04
8.710E-02 2.193E-01 2.192E-01 3.975E-05 4.70E-04
8.610E-02 2.272E-01 2.272E-01 4.258E-05 4.60E-04
8.511E-02 2.359E-01 2.359E-01 4.592E-05 4.48E-04
8.414E-02 2.456E-01 2.456E-01 4.981E-05 4.35E-04
8.318E-02 2.564E-01 2.564E-01 5.429E-05 4.24E-04
8.222E-02 2.685E-01 2.685E-01 5.923E-05 4.18E-04
8.128E-02 2.821E-01 2.820E-01 6.455E-05 4.17E-04
8.035E-02 2.972E-01 2.971E-01 7.040E-05 4.21E-04
7.943E-02 3.141E-01 3.140E-01 7.670E-05 4.28E-04
7.852E-02 3.327E-01 3.326E-01 8.326E-05 4.40E-04
7.762E-02 3.530E-01 3.529E-01 8.979E-05 4.56E-04
7.674E-02 3.744E-01 3.743E-01 9.589E-05 4.75E-04
7.586E-02 3.963E-01 3.962E-01 1.017E-04 4.95E-04
7.499E-02 4.173E-01 4.172E-01 1.070E-04 5.16E-04
7.413E-02 4.358E-01 4.357E-01 1.117E-04 5.39E-04
7.328E-02 4.499E-01 4.498E-01 1.155E-04 5.63E-04
7.244E-02 4.582E-01 4.580E-01 1.192E-04 5.87E-04
7.161E-02 4.596E-01 4.595E-01 1.226E-04 6.11E-04
7.079E-02 4.545E-01 4.543E-01 1.250E-04 6.37E-04
6.998E-02 4.440E-01 4.439E-01 1.262E-04 6.63E-04
6.918E-02 4.299E-01 4.298E-01 1.261E-04 6.92E-04
6.839E-02 4.141E-01 4.140E-01 1.235E-04 7.23E-04
6.761E-02 3.980E-01 3.979E-01 1.193E-04 7.56E-04
6.683E-02 3.827E-01 3.826E-01 1.145E-04 7.89E-04
6.607E-02 3.689E-01 3.688E-01 1.094E-04 8.23E-04
6.531E-02 3.537E-01 3.536E-01 1.040E-04 8.58E-04
6.457E-02 3.384E-01 3.383E-01 1.001E-04 8.90E-04
6.383E-02 3.229E-01 3.228E-01 9.683E-05 9.21E-04
6.310E-02 3.072E-01 3.071E-01 9.405E-05 9.53E-04
6.237E-02 2.914E-01 2.913E-01 9.174E-05 9.85E-04
6.166E-02 2.754E-01 2.753E-01 9.019E-05 1.02E-03
6.095E-02 2.592E-01 2.592E-01 8.918E-05 1.05E-03
6.026E-02 2.429E-01 2.428E-01 8.830E-05 1.09E-03
5.957E-02 2.263E-01 2.263E-01 8.759E-05 1.12E-03
5.888E-02 2.096E-01 2.095E-01 8.693E-05 1.16E-03
5.821E-02 1.927E-01 1.926E-01 8.563E-05 1.19E-03
5.754E-02 1.835E-01 1.834E-01 8.423E-05 1.23E-03
5.689E-02 1.769E-01 1.768E-01 8.273E-05 1.26E-03
5.623E-02 1.700E-01 1.699E-01 8.104E-05 1.30E-03
5.559E-02 1.627E-01 1.626E-01 7.894E-05 1.34E-03
5.495E-02 1.556E-01 1.555E-01 7.679E-05 1.38E-03
5.433E-02 1.486E-01 1.486E-01 7.460E-05 1.42E-03
5.370E-02 1.422E-01 1.421E-01 7.244E-05 1.46E-03
5.309E-02 1.367E-01 1.366E-01 7.055E-05 1.50E-03
5.248E-02 1.315E-01 1.314E-01 6.877E-05 1.55E-03
5.188E-02 1.267E-01 1.267E-01 6.708E-05 1.59E-03
5.129E-02 1.222E-01 1.221E-01 6.555E-05 1.63E-03
5.070E-02 1.178E-01 1.178E-01 6.416E-05 1.68E-03
5.012E-02 1.137E-01 1.136E-01 6.288E-05 1.73E-03
4.955E-02 1.097E-01 1.097E-01 6.170E-05 1.77E-03
4.898E-02 1.060E-01 1.059E-01 6.060E-05 1.82E-03
4.842E-02 1.024E-01 1.023E-01 5.950E-05 1.87E-03
4.786E-02 9.886E-02 9.880E-02 5.838E-05 1.92E-03
4.732E-02 9.513E-02 9.507E-02 5.708E-05 1.97E-03
4.677E-02 9.141E-02 9.136E-02 5.572E-05 2.03E-03
4.624E-02 8.785E-02 8.779E-02 5.438E-05 2.08E-03
4.571E-02 8.473E-02 8.468E-02 5.316E-05 2.14E-03
4.519E-02 8.216E-02 8.211E-02 5.211E-05 2.19E-03
4.467E-02 7.969E-02 7.964E-02 5.102E-05 2.25E-03
4.416E-02 7.709E-02 7.704E-02 4.983E-05 2.31E-03
4.365E-02 7.389E-02 7.384E-02 4.839E-05 2.37E-03
4.315E-02 7.083E-02 7.079E-02 4.692E-05 2.44E-03
4.266E-02 6.812E-02 6.807E-02 4.541E-05 2.50E-03
4.217E-02 6.641E-02 6.636E-02 4.394E-05 2.57E-03
4.169E-02 6.509E-02 6.505E-02 4.255E-05 2.64E-03
4.121E-02 6.412E-02 6.408E-02 4.132E-05 2.71E-03
4.074E-02 6.319E-02 6.315E-02 4.037E-05 2.78E-03
4.027E-02 6.248E-02 6.244E-02 3.958E-05 2.85E-03
3.981E-02 6.196E-02 6.192E-02 3.891E-05 2.93E-03
3.935E-02 6.163E-02 6.159E-02 3.832E-05 3.00E-03
3.890E-02 6.156E-02 6.152E-02 3.789E-05 3.08E-03
3.846E-02 6.175E-02 6.172E-02 3.757E-05 3.16E-03
3.802E-02 6.229E-02 6.225E-02 3.754E-05 3.24E-03
3.758E-02 6.319E-02 6.316E-02 3.794E-05 3.32E-03
3.715E-02 6.513E-02 6.509E-02 3.945E-05 3.40E-03
3.673E-02 6.684E-02 6.680E-02 4.133E-05 3.48E-03
3.631E-02 6.761E-02 6.757E-02 4.329E-05 3.56E-03
3.589E-02 6.678E-02 6.674E-02 4.474E-05 3.64E-03
3.548E-02 6.530E-02 6.526E-02 4.593E-05 3.73E-03
3.508E-02 6.397E-02 6.393E-02 4.664E-05 3.82E-03
3.467E-02 6.270E-02 6.265E-02 4.707E-05 3.91E-03
3.428E-02 6.141E-02 6.137E-02 4.737E-05 4.01E-03
3.388E-02 6.016E-02 6.011E-02 4.771E-05 4.10E-03
3.350E-02 5.892E-02 5.887E-02 4.802E-05 4.20E-03
3.311E-02 5.770E-02 5.765E-02 4.829E-05 4.31E-03
3.273E-02 5.649E-02 5.645E-02 4.853E-05 4.41E-03
3.236E-02 5.530E-02 5.525E-02 4.873E-05 4.52E-03
3.199E-02 5.412E-02 5.407E-02 4.891E-05 4.63E-03
3.162E-02 5.296E-02 5.291E-02 4.907E-05 4.74E-03
3.126E-02 5.182E-02 5.177E-02 4.922E-05 4.86E-03
3.090E-02 5.070E-02 5.065E-02 4.935E-05 4.98E-03
3.055E-02 4.960E-02 4.955E-02 4.948E-05 5.10E-03
3.020E-02 4.851E-02 4.846E-02 4.959E-05 5.22E-03
2.985E-02 4.743E-02 4.738E-02 4.968E-05 5.35E-03
2.951E-02 4.638E-02 4.633E-02 4.976E-05 5.48E-03
2.917E-02 4.535E-02 4.530E-02 4.983E-05 5.61E-03
2.884E-02 4.433E-02 4.428E-02 4.989E-05 5.75E-03
2.851E-02 4.334E-02 4.329E-02 4.994E-05 5.89E-03
2.818E-02 4.238E-02 4.233E-02 4.998E-05 6.03E-03
2.786E-02 4.143E-02 4.138E-02 5.003E-05 6.18E-03
2.754E-02 4.051E-02 4.046E-02 5.007E-05 6.33E-03
2.723E-02 3.960E-02 3.955E-02 5.012E-05 6.48E-03
2.692E-02 3.871E-02 3.866E-02 5.016E-05 6.64E-03
2.661E-02 3.784E-02 3.779E-02 5.019E-05 6.80E-03
2.630E-02 3.698E-02 3.693E-02 5.021E-05 6.97E-03
2.600E-02 3.614E-02 3.609E-02 5.023E-05 7.14E-03
2.570E-02 3.532E-02 3.527E-02 5.024E-05 7.31E-03
2.541E-02 3.451E-02 3.446E-02 5.024E-05 7.49E-03
2.512E-02 3.372E-02 3.367E-02 5.023E-05 7.67E-03
2.483E-02 3.294E-02 3.289E-02 5.022E-05 7.85E-03
2.455E-02 3.218E-02 3.213E-02 5.021E-05 8.04E-03
2.427E-02 3.143E-02 3.138E-02 5.020E-05 8.24E-03
2.399E-02 3.071E-02 3.066E-02 5.019E-05 8.44E-03
2.371E-02 3.000E-02 2.995E-02 5.018E-05 8.64E-03
2.344E-02 2.931E-02 2.926E-02 5.017E-05 8.85E-03
2.317E-02 2.863E-02 2.858E-02 5.015E-05 9.06E-03
2.291E-02 2.796E-02 2.791E-02 5.013E-05 9.28E-03
2.265E-02 2.731E-02 2.726E-02 5.011E-05 9.50E-03
2.239E-02 2.667E-02 2.662E-02 5.008E-05 9.73E-03
2.213E-02 2.605E-02 2.600E-02 5.006E-05 9.97E-03
2.188E-02 2.544E-02 2.539E-02 5.002E-05 1.02E-02
2.163E-02 2.484E-02 2.479E-02 4.999E-05 1.05E-02
2.138E-02 2.427E-02 2.422E-02 4.996E-05 1.07E-02
2.113E-02 2.370E-02 2.365E-02 4.992E-05 1.10E-02
2.089E-02 2.314E-02 2.309E-02 4.988E-05 1.12E-02
2.065E-02 2.259E-02 2.254E-02 4.982E-05 1.15E-02
2.042E-02 2.207E-02 2.202E-02 4.980E-05 1.18E-02
2.018E-02 2.155E-02 2.150E-02 4.977E-05 1.21E-02
1.995E-02 2.104E-02 2.099E-02 4.972E-05 1.23E-02
1.972E-02 2.054E-02 2.049E-02 4.966E-05 1.26E-02
1.950E-02 2.004E-02 1.999E-02 4.959E-05 1.29E-02
1.928E-02 1.956E-02 1.951E-02 4.951E-05 1.33E-02
1.905E-02 1.908E-02 1.903E-02 4.943E-05 1.36E-02
1.884E-02 1.863E-02 1.858E-02 4.936E-05 1.39E-02
1.862E-02 1.818E-02 1.813E-02 4.928E-05 1.42E-02
1.841E-02 1.774E-02 1.769E-02 4.920E-05 1.46E-02
1.820E-02 1.731E-02 1.726E-02 4.912E-05 1.49E-02
1.799E-02 1.689E-02 1.685E-02 4.904E-05 1.53E-02
1.778E-02 1.649E-02 1.644E-02 4.896E-05 1.56E-02
1.758E-02 1.610E-02 1.605E-02 4.889E-05 1.60E-02
1.738E-02 1.571E-02 1.566E-02 4.880E-05 1.64E-02
1.718E-02 1.532E-02 1.527E-02 4.871E-05 1.68E-02
1.698E-02 1.495E-02 1.490E-02 4.861E-05 1.72E-02
1.679E-02 1.459E-02 1.454E-02 4.852E-05 1.76E-02
1.660E-02 1.423E-02 1.418E-02 4.843E-05 1.80E-02
1.641E-02 1.389E-02 1.384E-02 4.834E-05 1.84E-02
1.622E-02 1.355E-02 1.350E-02 4.823E-05 1.89E-02
1.603E-02 1.322E-02 1.317E-02 4.812E-05 1.93E-02
1.585E-02 1.289E-02 1.284E-02 4.801E-05 1.98E-02
1.567E-02 1.258E-02 1.253E-02 4.790E-05 2.03E-02
1.549E-02 1.227E-02 1.222E-02 4.779E-05 2.08E-02
1.531E-02 1.197E-02 1.192E-02 4.768E-05 2.13E-02
1.514E-02 1.167E-02 1.162E-02 4.756E-05 2.18E-02
1.496E-02 1.138E-02 1.133E-02 4.743E-05 2.23E-02
1.479E-02 1.110E-02 1.105E-02 4.731E-05 2.28E-02
1.462E-02 1.082E-02 1.077E-02 4.719E-05 2.34E-02
1.445E-02 1.055E-02 1.051E-02 4.706E-05 2.39E-02
1.429E-02 1.029E-02 1.024E-02 4.693E-05 2.45E-02
1.413E-02 1.004E-02 9.989E-03 4.679E-05 2.51E-02
1.396E-02 9.786E-03 9.739E-03 4.665E-05 2.57E-02
1.380E-02 9.545E-03 9.498E-03 4.651E-05 2.63E-02
1.365E-02 9.308E-03 9.261E-03 4.637E-05 2.69E-02
1.349E-02 9.075E-03 9.029E-03 4.621E-05 2.75E-02
1.334E-02 8.847E-03 8.801E-03 4.606E-05 2.82E-02
1.318E-02 8.626E-03 8.580E-03 4.590E-05 2.89E-02
1.303E-02 8.411E-03 8.365E-03 4.574E-05 2.95E-02
1.288E-02 8.203E-03 8.158E-03 4.560E-05 3.02E-02
1.274E-02 7.998E-03 7.952E-03 4.544E-05 3.10E-02
1.259E-02 7.795E-03 7.750E-03 4.527E-05 3.17E-02
1.245E-02 7.596E-03 7.551E-03 4.509E-05 3.25E-02
1.230E-02 7.409E-03 7.365E-03 4.495E-05 3.32E-02
1.216E-02 7.229E-03 7.184E-03 4.480E-05 3.40E-02
1.202E-02 7.049E-03 7.005E-03 4.464E-05 3.48E-02
1.189E-02 6.872E-03 6.827E-03 4.447E-05 3.57E-02
1.175E-02 6.696E-03 6.652E-03 4.428E-05 3.65E-02
1.161E-02 6.523E-03 6.479E-03 4.407E-05 3.74E-02
1.148E-02 6.354E-03 6.310E-03 4.386E-05 3.83E-02
1.135E-02 6.188E-03 6.144E-03 4.364E-05 3.92E-02
1.122E-02 6.028E-03 5.984E-03 4.342E-05 4.01E-02
1.109E-02 5.874E-03 5.831E-03 4.321E-05 4.11E-02
1.096E-02 5.723E-03 5.680E-03 4.300E-05 4.20E-02
1.084E-02 5.575E-03 5.532E-03 4.277E-05 4.30E-02
1.072E-02 5.431E-03 5.388E-03 4.254E-05 4.41E-02
1.059E-02 5.291E-03 5.249E-03 4.231E-05 4.51E-02
1.047E-02 5.156E-03 5.114E-03 4.208E-05 4.62E-02
1.035E-02 5.026E-03 4.984E-03 4.185E-05 4.73E-02
1.023E-02 4.898E-03 4.856E-03 4.162E-05 4.84E-02
1.012E-02 4.771E-03 4.730E-03 4.138E-05 4.96E-02
1.000E-02 4.647E-03 4.606E-03 4.113E-05 5.08E-02
9.886E-03 4.526E-03 4.485E-03 4.087E-05 5.20E-02
9.772E-03 4.408E-03 4.367E-03 4.061E-05 5.32E-02
9.661E-03 4.294E-03 4.254E-03 4.035E-05 5.45E-02
9.550E-03 4.184E-03 4.144E-03 4.010E-05 5.58E-02
9.441E-03 4.076E-03 4.037E-03 3.984E-05 5.71E-02
9.333E-03 3.970E-03 3.931E-03 3.956E-05 5.85E-02
9.226E-03 3.866E-03 3.827E-03 3.928E-05 5.98E-02
9.120E-03 3.765E-03 3.726E-03 3.899E-05 6.13E-02
9.016E-03 3.666E-03 3.628E-03 3.869E-05 6.27E-02
8.913E-03 3.571E-03 3.533E-03 3.840E-05 6.42E-02
8.810E-03 3.479E-03 3.441E-03 3.811E-05 6.58E-02
8.710E-03 3.389E-03 3.351E-03 3.780E-05 6.73E-02
8.610E-03 3.299E-03 3.262E-03 3.748E-05 6.89E-02
8.511E-03 3.213E-03 3.175E-03 3.715E-05 7.06E-02
8.414E-03 3.128E-03 3.091E-03 3.682E-05 7.23E-02
8.318E-03 3.047E-03 3.010E-03 3.649E-05 7.40E-02
8.222E-03 2.968E-03 2.931E-03 3.616E-05 7.58E-02
8.128E-03 2.889E-03 2.854E-03 3.581E-05 7.76E-02
8.035E-03 2.813E-03 2.778E-03 3.546E-05 7.94E-02
7.943E-03 2.738E-03 2.703E-03 3.509E-05 8.13E-02
7.852E-03 2.666E-03 2.631E-03 3.472E-05 8.33E-02
7.762E-03 2.596E-03 2.562E-03 3.435E-05 8.52E-02
7.674E-03 2.527E-03 2.493E-03 3.397E-05 8.73E-02
7.586E-03 2.459E-03 2.425E-03 3.357E-05 8.94E-02
7.499E-03 2.393E-03 2.360E-03 3.317E-05 9.15E-02
7.413E-03 2.329E-03 2.297E-03 3.277E-05 9.37E-02
7.328E-03 2.269E-03 2.236E-03 3.237E-05 9.59E-02
7.244E-03 2.209E-03 2.177E-03 3.196E-05 9.82E-02
7.161E-03 2.150E-03 2.119E-03 3.154E-05 1.01E-01
7.079E-03 2.094E-03 2.063E-03 3.111E-05 1.03E-01
6.998E-03 2.038E-03 2.007E-03 3.067E-05 1.05E-01
6.918E-03 1.984E-03 1.953E-03 3.023E-05 1.08E-01
6.839E-03 1.931E-03 1.901E-03 2.977E-05 1.11E-01
6.761E-03 1.880E-03 1.850E-03 2.930E-05 1.13E-01
6.683E-03 1.829E-03 1.800E-03 2.882E-05 1.16E-01
6.607E-03 1.780E-03 1.751E-03 2.833E-05 1.19E-01
6.531E-03 1.731E-03 1.704E-03 2.782E-05 1.22E-01
6.457E-03 1.686E-03 1.658E-03 2.732E-05 1.24E-01
6.383E-03 1.640E-03 1.614E-03 2.680E-05 1.27E-01
6.310E-03 1.596E-03 1.569E-03 2.627E-05 1.30E-01
6.237E-03 1.552E-03 1.526E-03 2.571E-05 1.34E-01
6.166E-03 1.511E-03 1.485E-03 2.517E-05 1.37E-01
6.095E-03 1.471E-03 1.447E-03 2.464E-05 1.40E-01
6.026E-03 1.432E-03 1.408E-03 2.407E-05 1.43E-01
5.957E-03 1.394E-03 1.370E-03 2.348E-05 1.47E-01
5.888E-03 1.356E-03 1.333E-03 2.286E-05 1.50E-01
5.821E-03 1.318E-03 1.296E-03 2.222E-05 1.54E-01
5.754E-03 1.281E-03 1.260E-03 2.155E-05 1.58E-01
5.689E-03 1.245E-03 1.225E-03 2.086E-05 1.61E-01
5.623E-03 1.211E-03 1.190E-03 2.016E-05 1.65E-01
5.559E-03 1.177E-03 1.158E-03 1.948E-05 1.69E-01
5.495E-03 1.145E-03 1.126E-03 1.877E-05 1.73E-01
5.433E-03 1.113E-03 1.095E-03 1.801E-05 1.78E-01
5.370E-03 1.082E-03 1.064E-03 1.723E-05 1.82E-01
5.309E-03 1.051E-03 1.035E-03 1.641E-05 1.86E-01
5.248E-03 1.022E-03 1.007E-03 1.556E-05 1.91E-01
5.188E-03 9.942E-04 9.796E-04 1.468E-05 1.95E-01
5.129E-03 9.670E-04 9.529E-04 1.415E-05 2.00E-01
5.070E-03 9.401E-04 9.265E-04 1.363E-05 2.05E-01
5.012E-03 9.135E-04 9.006E-04 1.285E-05 2.09E-01
4.955E-03 8.874E-04 8.755E-04 1.182E-05 2.14E-01
4.898E-03 8.618E-04 8.513E-04 1.056E-05 2.19E-01
4.842E-03 8.370E-04 8.279E-04 9.089E-06 2.25E-01
4.786E-03 8.130E-04 8.055E-04 7.457E-06 2.30E-01
4.732E-03 7.882E-04 7.830E-04 5.157E-06 2.36E-01
4.677E-03 7.634E-04 7.607E-04 2.720E-06 2.41E-01
4.624E-03 7.399E-04 7.391E-04 8.457E-07 2.47E-01
4.571E-03 7.185E-04 7.184E-04 9.578E-08 3.10E-01
4.519E-03 6.997E-04 6.985E-04 1.236E-06 2.59E-01
4.467E-03 6.848E-04 6.796E-04 5.188E-06 2.65E-01
4.416E-03 1.504E-02 1.500E-02 3.922E-05 2.72E-01
4.365E-03 1.474E-02 1.470E-02 3.499E-05 2.78E-01
4.315E-03 1.444E-02 1.441E-02 3.169E-05 2.84E-01
4.266E-03 1.415E-02 1.412E-02 3.105E-05 2.91E-01
4.217E-03 1.386E-02 1.382E-02 3.241E-05 2.98E-01
4.169E-03 1.357E-02 1.353E-02 3.506E-05 3.04E-01
4.121E-03 1.328E-02 1.324E-02 3.792E-05 3.11E-01
4.074E-03 1.300E-02 1.296E-02 3.960E-05 3.19E-01
4.027E-03 1.272E-02 1.268E-02 4.100E-05 3.26E-01
3.981E-03 1.244E-02 1.240E-02 4.193E-05 3.33E-01
3.935E-03 1.216E-02 1.212E-02 4.220E-05 3.41E-01
3.890E-03 1.189E-02 1.185E-02 4.169E-05 3.48E-01
3.846E-03 1.162E-02 1.158E-02 4.156E-05 3.56E-01
3.802E-03 1.136E-02 1.131E-02 4.192E-05 3.64E-01
3.758E-03 1.109E-02 1.105E-02 4.220E-05 3.72E-01
3.715E-03 1.084E-02 1.079E-02 4.238E-05 3.80E-01
3.673E-03 1.058E-02 1.054E-02 4.244E-05 3.89E-01
3.631E-03 1.033E-02 1.029E-02 4.241E-05 3.97E-01
3.589E-03 1.009E-02 1.005E-02 4.242E-05 4.06E-01
3.548E-03 9.846E-03 9.803E-03 4.238E-05 4.14E-01
3.508E-03 9.607E-03 9.565E-03 4.228E-05 4.23E-01
3.467E-03 9.374E-03 9.332E-03 4.212E-05 4.32E-01
3.428E-03 9.146E-03 9.104E-03 4.192E-05 4.41E-01
3.388E-03 8.920E-03 8.879E-03 4.170E-05 4.50E-01
3.350E-03 8.698E-03 8.657E-03 4.145E-05 4.60E-01
3.311E-03 8.481E-03 8.440E-03 4.117E-05 4.69E-01
3.273E-03 8.268E-03 8.227E-03 4.084E-05 4.78E-01
3.236E-03 8.063E-03 8.022E-03 4.048E-05 4.88E-01
3.199E-03 7.860E-03 7.819E-03 4.010E-05 4.97E-01
3.162E-03 7.658E-03 7.618E-03 3.971E-05 5.07E-01
3.126E-03 7.459E-03 7.419E-03 3.931E-05 5.16E-01
3.090E-03 7.267E-03 7.228E-03 3.890E-05 5.26E-01
3.055E-03 7.090E-03 7.051E-03 3.849E-05 5.35E-01
3.020E-03 6.913E-03 6.875E-03 3.806E-05 5.45E-01
2.985E-03 6.737E-03 6.699E-03 3.762E-05 5.55E-01
2.951E-03 6.561E-03 6.524E-03 3.716E-05 5.64E-01
2.917E-03 6.386E-03 6.350E-03 3.670E-05 5.74E-01
2.884E-03 6.213E-03 6.177E-03 3.623E-05 5.83E-01
2.851E-03 6.042E-03 6.007E-03 3.575E-05 5.93E-01
2.818E-03 5.874E-03 5.839E-03 3.526E-05 6.02E-01
2.786E-03 5.708E-03 5.673E-03 3.476E-05 6.11E-01
2.754E-03 5.546E-03 5.512E-03 3.426E-05 6.20E-01
2.723E-03 5.395E-03 5.361E-03 3.375E-05 6.29E-01
2.692E-03 5.246E-03 5.212E-03 3.324E-05 6.38E-01
2.661E-03 5.099E-03 5.066E-03 3.272E-05 6.47E-01
2.630E-03 4.955E-03 4.923E-03 3.220E-05 6.55E-01
2.600E-03 4.815E-03 4.784E-03 3.168E-05 6.63E-01
2.570E-03 4.679E-03 4.648E-03 3.116E-05 6.71E-01
2.541E-03 4.548E-03 4.517E-03 3.064E-05 6.79E-01
2.512E-03 4.421E-03 4.391E-03 3.012E-05 6.87E-01
2.483E-03 4.300E-03 4.271E-03 2.960E-05 6.94E-01
2.455E-03 4.180E-03 4.151E-03 2.911E-05 7.01E-01
2.427E-03 4.060E-03 4.032E-03 2.862E-05 7.08E-01
2.399E-03 3.943E-03 3.915E-03 2.814E-05 7.14E-01
2.371E-03 3.829E-03 3.801E-03 2.766E-05 7.20E-01
2.344E-03 3.718E-03 3.691E-03 2.719E-05 7.26E-01
2.317E-03 3.610E-03 3.583E-03 2.672E-05 7.32E-01
2.291E-03 3.507E-03 3.480E-03 2.627E-05 7.37E-01
2.265E-03 3.407E-03 3.382E-03 2.582E-05 7.42E-01
2.239E-03 3.310E-03 3.285E-03 2.538E-05 7.47E-01
2.213E-03 3.214E-03 3.189E-03 2.495E-05 7.51E-01
2.188E-03 3.119E-03 3.094E-03 2.451E-05 7.56E-01
2.163E-03 3.027E-03 3.003E-03 2.409E-05 7.60E-01
2.138E-03 2.937E-03 2.913E-03 2.367E-05 7.63E-01
2.113E-03 2.850E-03 2.827E-03 2.325E-05 7.67E-01
2.089E-03 2.767E-03 2.744E-03 2.285E-05 7.70E-01
2.065E-03 2.687E-03 2.665E-03 2.245E-05 7.73E-01
2.042E-03 2.607E-03 2.585E-03 2.206E-05 7.76E-01
2.018E-03 2.530E-03 2.508E-03 2.167E-05 7.79E-01
1.995E-03 2.454E-03 2.432E-03 2.129E-05 7.82E-01
1.972E-03 2.380E-03 2.359E-03 2.091E-05 7.84E-01
1.950E-03 2.308E-03 2.288E-03 2.053E-05 7.87E-01
1.928E-03 2.239E-03 2.219E-03 2.016E-05 7.89E-01
1.905E-03 2.173E-03 2.153E-03 1.980E-05 7.92E-01
1.884E-03 2.108E-03 2.088E-03 1.944E-05 7.94E-01
1.862E-03 2.044E-03 2.025E-03 1.908E-05 7.96E-01
1.841E-03 1.981E-03 1.962E-03 1.872E-05 7.99E-01
1.820E-03 1.920E-03 1.902E-03 1.836E-05 8.01E-01
1.799E-03 1.862E-03 1.844E-03 1.801E-05 8.04E-01
1.778E-03 1.806E-03 1.788E-03 1.767E-05 8.06E-01
1.758E-03 1.751E-03 1.734E-03 1.733E-05 8.09E-01
1.738E-03 1.697E-03 1.680E-03 1.698E-05 8.12E-01
1.718E-03 1.645E-03 1.628E-03 1.665E-05 8.15E-01
1.698E-03 1.594E-03 1.578E-03 1.631E-05 8.18E-01
1.679E-03 1.545E-03 1.529E-03 1.598E-05 8.21E-01
1.660E-03 1.498E-03 1.482E-03 1.565E-05 8.24E-01
1.641E-03 1.452E-03 1.437E-03 1.533E-05 8.27E-01
1.622E-03 1.407E-03 1.392E-03 1.502E-05 8.31E-01
1.603E-03 1.363E-03 1.348E-03 1.470E-05 8.34E-01
1.585E-03 1.321E-03 1.306E-03 1.439E-05 8.38E-01
1.567E-03 1.280E-03 1.265E-03 1.409E-05 8.41E-01
1.549E-03 1.240E-03 1.226E-03 1.379E-05 8.45E-01
1.531E-03 1.201E-03 1.188E-03 1.350E-05 8.48E-01
1.514E-03 1.164E-03 1.151E-03 1.321E-05 8.52E-01
1.496E-03 1.127E-03 1.114E-03 1.292E-05 8.56E-01
1.479E-03 1.092E-03 1.079E-03 1.264E-05 8.59E-01
1.462E-03 1.058E-03 1.046E-03 1.237E-05 8.62E-01
1.445E-03 1.025E-03 1.013E-03 1.210E-05 8.66E-01
1.429E-03 9.923E-04 9.805E-04 1.183E-05 8.69E-01
1.413E-03 9.608E-04 9.493E-04 1.158E-05 8.72E-01
1.396E-03 9.304E-04 9.190E-04 1.132E-05 8.75E-01
1.380E-03 9.010E-04 8.900E-04 1.108E-05 8.78E-01
1.365E-03 8.727E-04 8.618E-04 1.084E-05 8.80E-01
1.349E-03 8.450E-04 8.344E-04 1.060E-05 8.83E-01
1.334E-03 8.181E-04 8.077E-04 1.037E-05 8.85E-01
1.318E-03 7.922E-04 7.820E-04 1.015E-05 8.87E-01
1.303E-03 7.673E-04 7.574E-04 9.928E-06 8.89E-01
1.288E-03 7.434E-04 7.337E-04 9.715E-06 8.90E-01
1.274E-03 7.199E-04 7.104E-04 9.503E-06 8.92E-01
1.259E-03 6.968E-04 6.875E-04 9.293E-06 8.94E-01
1.245E-03 6.742E-04 6.651E-04 9.087E-06 8.95E-01
1.230E-03 6.533E-04 6.444E-04 8.894E-06 8.96E-01
1.216E-03 6.332E-04 6.245E-04 8.708E-06 8.98E-01
1.202E-03 6.134E-04 6.048E-04 8.523E-06 8.99E-01
1.189E-03 5.938E-04 5.854E-04 8.338E-06 9.01E-01
1.175E-03 5.745E-04 5.664E-04 8.155E-06 9.02E-01
1.161E-03 5.557E-04 5.477E-04 7.972E-06 9.03E-01
1.148E-03 5.373E-04 5.295E-04 7.793E-06 9.05E-01
1.135E-03 5.194E-04 5.118E-04 7.617E-06 9.06E-01
1.122E-03 5.024E-04 4.949E-04 7.446E-06 9.08E-01
1.109E-03 4.861E-04 4.788E-04 7.279E-06 9.10E-01
1.096E-03 4.703E-04 4.631E-04 7.114E-06 9.12E-01
1.084E-03 4.548E-04 4.479E-04 6.951E-06 9.14E-01
1.072E-03 4.399E-04 4.331E-04 6.791E-06 9.16E-01
1.059E-03 4.256E-04 4.189E-04 6.637E-06 9.17E-01
1.047E-03 4.119E-04 4.054E-04 6.484E-06 9.19E-01
1.035E-03 3.989E-04 3.926E-04 6.339E-06 9.21E-01
1.023E-03 3.861E-04 3.799E-04 6.194E-06 9.23E-01
1.012E-03 3.735E-04 3.674E-04 6.053E-06 9.25E-01
