w(micron)  Q_abs     Q_sca     g=<cos>
1.000E+03 6.453E-06 5.945E-10  9.10E-06
9.441E+02 7.240E-06 7.485E-10  1.02E-05
8.913E+02 8.124E-06 9.423E-10  1.15E-05
8.414E+02 9.115E-06 1.186E-09  1.28E-05
7.943E+02 1.023E-05 1.493E-09  1.44E-05
7.499E+02 1.148E-05 1.880E-09  1.62E-05
7.079E+02 1.288E-05 2.367E-09  1.81E-05
6.683E+02 1.445E-05 2.980E-09  2.04E-05
6.310E+02 1.621E-05 3.751E-09  2.28E-05
5.957E+02 1.819E-05 4.723E-09  2.56E-05
5.623E+02 2.041E-05 5.946E-09  2.88E-05
5.309E+02 2.290E-05 7.485E-09  3.23E-05
5.012E+02 2.569E-05 9.423E-09  3.62E-05
4.732E+02 2.883E-05 1.186E-08  4.06E-05
4.467E+02 3.234E-05 1.494E-08  4.56E-05
4.217E+02 3.629E-05 1.880E-08  5.12E-05
3.981E+02 4.072E-05 2.367E-08  5.74E-05
3.758E+02 4.569E-05 2.980E-08  6.44E-05
3.548E+02 5.126E-05 3.752E-08  7.23E-05
3.350E+02 5.752E-05 4.723E-08  8.11E-05
3.162E+02 6.453E-05 5.946E-08  9.10E-05
2.985E+02 7.240E-05 7.487E-08  1.02E-04
2.818E+02 8.123E-05 9.426E-08  1.15E-04
2.661E+02 9.113E-05 1.187E-07  1.29E-04
2.512E+02 1.022E-04 1.494E-07  1.44E-04
2.371E+02 1.147E-04 1.881E-07  1.62E-04
2.239E+02 1.287E-04 2.369E-07  1.82E-04
2.113E+02 1.444E-04 2.982E-07  2.04E-04
1.995E+02 1.620E-04 3.754E-07  2.29E-04
1.884E+02 1.818E-04 4.726E-07  2.56E-04
1.778E+02 2.039E-04 5.951E-07  2.88E-04
1.679E+02 2.287E-04 7.493E-07  3.23E-04
1.585E+02 2.565E-04 9.435E-07  3.62E-04
1.496E+02 2.877E-04 1.188E-06  4.07E-04
1.413E+02 3.227E-04 1.496E-06  4.57E-04
1.334E+02 3.620E-04 1.884E-06  5.12E-04
1.259E+02 4.062E-04 2.372E-06  5.75E-04
1.189E+02 4.557E-04 2.987E-06  6.45E-04
1.122E+02 5.110E-04 3.761E-06  7.24E-04
1.059E+02 5.731E-04 4.737E-06  8.13E-04
1.000E+02 6.427E-04 5.966E-06  9.12E-04
9.441E+01 7.207E-04 7.514E-06  1.02E-03
8.913E+01 8.081E-04 9.465E-06  1.15E-03
8.414E+01 9.061E-04 1.192E-05  1.29E-03
7.943E+01 1.016E-03 1.502E-05  1.45E-03
7.499E+01 1.139E-03 1.892E-05  1.63E-03
7.079E+01 1.277E-03 2.384E-05  1.83E-03
6.683E+01 1.431E-03 3.004E-05  2.05E-03
6.310E+01 1.605E-03 3.786E-05  2.30E-03
5.957E+01 1.798E-03 4.772E-05  2.59E-03
5.623E+01 2.015E-03 6.016E-05  2.91E-03
5.309E+01 2.258E-03 7.585E-05  3.26E-03
5.012E+01 2.530E-03 9.566E-05  3.67E-03
4.732E+01 2.834E-03 1.207E-04  4.12E-03
4.467E+01 3.175E-03 1.522E-04  4.64E-03
4.217E+01 3.557E-03 1.922E-04  5.21E-03
3.981E+01 3.985E-03 2.426E-04  5.87E-03
3.758E+01 4.465E-03 3.065E-04  6.60E-03
3.548E+01 5.004E-03 3.873E-04  7.44E-03
3.350E+01 5.608E-03 4.897E-04  8.38E-03
3.162E+01 6.289E-03 6.197E-04  9.46E-03
2.985E+01 7.059E-03 7.847E-04  1.07E-02
2.818E+01 7.933E-03 9.947E-04  1.21E-02
2.661E+01 8.927E-03 1.262E-03  1.37E-02
2.512E+01 1.007E-02 1.604E-03  1.55E-02
2.371E+01 1.139E-02 2.041E-03  1.76E-02
2.239E+01 1.295E-02 2.603E-03  2.01E-02
2.113E+01 1.483E-02 3.328E-03  2.30E-02
1.995E+01 1.714E-02 4.269E-03  2.64E-02
1.884E+01 2.010E-02 5.498E-03  3.06E-02
1.778E+01 2.409E-02 7.120E-03  3.58E-02
1.679E+01 2.982E-02 9.287E-03  4.26E-02
1.585E+01 3.918E-02 1.224E-02  5.18E-02
1.496E+01 5.568E-02 1.636E-02  6.53E-02
1.413E+01 9.448E-02 2.239E-02  8.65E-02
1.334E+01 2.166E-01 3.189E-02  1.01E-01
1.259E+01 3.302E-01 4.698E-02 -1.29E-02
1.189E+01 3.943E-01 7.566E-02 -2.38E-02
1.122E+01 1.003E+00 1.372E-01 -2.14E-03
1.059E+01 1.761E+00 1.161E-01  1.58E-02
1.000E+01 8.228E-01 2.524E-02  3.08E-02
9.441E+00 4.194E-01 1.935E-02  4.27E-02
8.913E+00 2.756E-01 3.178E-02  5.43E-02
8.414E+00 2.135E-01 5.031E-02  6.61E-02
7.943E+00 1.826E-01 7.418E-02  7.88E-02
7.499E+00 1.661E-01 1.047E-01  9.28E-02
7.079E+00 1.589E-01 1.438E-01  1.08E-01
6.683E+00 1.572E-01 1.941E-01  1.26E-01
6.310E+00 1.599E-01 2.589E-01  1.46E-01
5.957E+00 1.662E-01 3.422E-01  1.69E-01
5.623E+00 1.762E-01 4.500E-01  1.96E-01
5.309E+00 1.910E-01 5.888E-01  2.29E-01
5.012E+00 2.125E-01 7.668E-01  2.69E-01
4.732E+00 2.442E-01 9.974E-01  3.19E-01
4.467E+00 2.936E-01 1.306E+00  3.80E-01
4.217E+00 3.741E-01 1.743E+00  4.50E-01
3.981E+00 5.049E-01 2.432E+00  5.13E-01
3.758E+00 6.693E-01 3.513E+00  5.24E-01
3.548E+00 6.975E-01 4.502E+00  4.57E-01
3.350E+00 5.298E-01 4.566E+00  3.71E-01
3.162E+00 3.795E-01 4.194E+00  3.22E-01
2.985E+00 3.166E-01 3.874E+00  3.15E-01
2.818E+00 3.396E-01 3.702E+00  3.33E-01
2.661E+00 5.222E-01 3.904E+00  3.64E-01
2.512E+00 8.242E-01 4.845E+00  4.38E-01
2.371E+00 4.984E-01 3.863E+00  4.23E-01
2.239E+00 3.620E-01 3.396E+00  3.13E-01
2.113E+00 3.424E-01 3.141E+00  2.33E-01
1.995E+00 5.489E-01 2.679E+00  1.37E-01
1.884E+00 4.208E-01 1.803E+00  2.77E-01
1.778E+00 3.188E-01 1.320E+00  1.26E-01
1.679E+00 3.918E-01 2.223E+00  9.22E-02
1.585E+00 6.165E-01 1.855E+00  1.68E-01
1.496E+00 2.051E-01 1.169E+00  3.41E-01
1.413E+00 4.995E-01 3.084E+00  4.34E-01
1.334E+00 2.064E-01 2.464E+00  5.56E-01
1.259E+00 1.698E-01 2.595E+00  5.77E-01
1.189E+00 3.095E-01 3.502E+00  6.84E-01
1.122E+00 1.147E-01 2.709E+00  5.23E-01
1.059E+00 1.924E-01 3.237E+00  5.52E-01
1.000E+00 1.119E-01 1.958E+00  3.69E-01
9.441E-01 1.384E-01 2.234E+00  3.24E-01
8.913E-01 1.097E-01 1.908E+00  3.37E-01
8.414E-01 7.763E-02 2.037E+00  4.26E-01
7.943E-01 1.154E-01 2.946E+00  6.35E-01
7.499E-01 1.128E-01 3.024E+00  4.88E-01
7.079E-01 5.666E-02 2.069E+00  5.65E-01
6.683E-01 5.567E-02 1.962E+00  4.94E-01
6.310E-01 1.273E-01 2.300E+00  4.47E-01
5.957E-01 6.072E-02 2.838E+00  6.02E-01
5.623E-01 7.695E-02 3.061E+00  6.25E-01
5.309E-01 7.184E-02 2.359E+00  5.65E-01
5.012E-01 2.988E-02 1.908E+00  4.82E-01
4.732E-01 2.620E-02 2.303E+00  5.14E-01
4.467E-01 2.892E-02 2.474E+00  5.46E-01
4.217E-01 1.950E-02 1.772E+00  4.77E-01
3.981E-01 3.471E-02 2.822E+00  6.44E-01
3.758E-01 6.932E-02 2.203E+00  5.38E-01
3.548E-01 2.210E-01 2.643E+00  5.81E-01
3.350E-01 2.411E-01 2.156E+00  5.49E-01
3.162E-01 3.298E-01 1.722E+00  5.82E-01
2.985E-01 4.740E-01 1.758E+00  6.34E-01
2.818E-01 7.287E-01 1.644E+00  7.50E-01
2.661E-01 8.644E-01 1.412E+00  7.82E-01
2.512E-01 8.688E-01 1.377E+00  7.83E-01
2.371E-01 8.439E-01 1.395E+00  7.74E-01
2.239E-01 8.120E-01 1.417E+00  7.60E-01
2.113E-01 7.717E-01 1.448E+00  7.41E-01
1.995E-01 7.179E-01 1.496E+00  7.16E-01
1.884E-01 6.650E-01 1.556E+00  6.91E-01
1.778E-01 6.224E-01 1.621E+00  6.74E-01
1.679E-01 5.956E-01 1.682E+00  6.65E-01
1.585E-01 5.867E-01 1.727E+00  6.66E-01
1.496E-01 6.117E-01 1.706E+00  6.80E-01
1.413E-01 6.293E-01 1.673E+00  6.92E-01
1.334E-01 6.292E-01 1.657E+00  6.98E-01
1.259E-01 6.193E-01 1.652E+00  7.00E-01
1.189E-01 5.904E-01 1.664E+00  6.96E-01
1.122E-01 5.687E-01 1.662E+00  6.96E-01
1.059E-01 5.814E-01 1.622E+00  7.11E-01
1.000E-01 6.020E-01 1.579E+00  7.28E-01
9.441E-02 6.161E-01 1.549E+00  7.41E-01
8.913E-02 6.344E-01 1.516E+00  7.56E-01
8.414E-02 6.523E-01 1.486E+00  7.71E-01
7.943E-02 6.694E-01 1.457E+00  7.86E-01
7.499E-02 6.862E-01 1.431E+00  8.01E-01
7.079E-02 7.023E-01 1.406E+00  8.15E-01
6.683E-02 7.176E-01 1.382E+00  8.30E-01
6.310E-02 7.325E-01 1.360E+00  8.44E-01
5.957E-02 7.467E-01 1.339E+00  8.57E-01
5.623E-02 7.602E-01 1.319E+00  8.70E-01
5.309E-02 7.730E-01 1.300E+00  8.82E-01
5.012E-02 7.851E-01 1.283E+00  8.94E-01
4.732E-02 7.965E-01 1.266E+00  9.05E-01
4.467E-02 8.072E-01 1.251E+00  9.15E-01
4.217E-02 8.172E-01 1.236E+00  9.24E-01
3.981E-02 8.266E-01 1.223E+00  9.32E-01
3.758E-02 8.355E-01 1.210E+00  9.40E-01
3.548E-02 8.441E-01 1.197E+00  9.47E-01
3.350E-02 8.523E-01 1.186E+00  9.53E-01
3.162E-02 8.601E-01 1.174E+00  9.58E-01
2.985E-02 8.676E-01 1.164E+00  9.63E-01
2.818E-02 8.749E-01 1.153E+00  9.68E-01
2.661E-02 8.820E-01 1.143E+00  9.72E-01
2.512E-02 8.888E-01 1.133E+00  9.76E-01
2.371E-02 8.955E-01 1.124E+00  9.79E-01
2.239E-02 9.019E-01 1.115E+00  9.82E-01
2.113E-02 9.081E-01 1.106E+00  9.85E-01
1.995E-02 9.140E-01 1.098E+00  9.87E-01
1.884E-02 9.197E-01 1.090E+00  9.89E-01
1.778E-02 9.252E-01 1.082E+00  9.91E-01
1.679E-02 9.305E-01 1.075E+00  9.93E-01
1.585E-02 9.356E-01 1.067E+00  9.94E-01
1.496E-02 9.405E-01 1.060E+00  9.95E-01
1.413E-02 9.453E-01 1.051E+00  9.96E-01
1.334E-02 9.499E-01 1.042E+00  9.97E-01
1.259E-02 9.546E-01 1.034E+00  9.98E-01
1.189E-02 9.595E-01 1.029E+00  9.99E-01
1.122E-02 9.684E-01 1.029E+00  9.99E-01
1.059E-02 1.003E+00 1.005E+00  9.99E-01
1.000E-02 9.899E-01 1.008E+00  9.99E-01
9.441E-03 9.858E-01 1.012E+00  9.99E-01
8.913E-03 9.840E-01 1.013E+00  9.99E-01
8.414E-03 9.832E-01 1.013E+00  9.99E-01
7.943E-03 9.830E-01 1.012E+00  9.99E-01
7.499E-03 9.845E-01 1.009E+00  9.99E-01
7.079E-03 9.849E-01 1.011E+00  9.99E-01
6.683E-03 9.835E-01 1.012E+00  9.99E-01
6.310E-03 9.826E-01 1.012E+00  9.99E-01
5.957E-03 9.820E-01 1.012E+00  9.99E-01
5.623E-03 9.815E-01 1.013E+00  9.99E-01
5.309E-03 9.810E-01 1.013E+00  1.00E+00
5.012E-03 9.803E-01 1.014E+00  1.00E+00
4.732E-03 9.798E-01 1.017E+00  1.00E+00
4.467E-03 9.803E-01 1.021E+00  1.00E+00
4.217E-03 9.869E-01 1.013E+00  1.00E+00
3.981E-03 9.849E-01 1.015E+00  1.00E+00
3.758E-03 9.827E-01 1.017E+00  1.00E+00
3.548E-03 9.800E-01 1.020E+00  1.00E+00
3.350E-03 9.766E-01 1.023E+00  1.00E+00
3.162E-03 9.721E-01 1.027E+00  1.00E+00
2.985E-03 9.664E-01 1.033E+00  9.99E-01
2.818E-03 9.584E-01 1.041E+00  9.99E-01
2.661E-03 9.477E-01 1.052E+00  9.99E-01
2.512E-03 9.338E-01 1.065E+00  9.99E-01
2.371E-03 9.162E-01 1.083E+00  1.00E+00
2.239E-03 8.940E-01 1.104E+00  1.00E+00
2.113E-03 8.664E-01 1.132E+00  1.00E+00
1.995E-03 8.337E-01 1.164E+00  1.00E+00
1.884E-03 7.957E-01 1.201E+00  1.00E+00
1.778E-03 7.528E-01 1.243E+00  1.00E+00
1.679E-03 7.061E-01 1.288E+00  1.00E+00
1.585E-03 6.567E-01 1.336E+00  1.00E+00
1.496E-03 6.056E-01 1.385E+00  1.00E+00
1.413E-03 5.538E-01 1.435E+00  1.00E+00
1.334E-03 5.027E-01 1.482E+00  1.00E+00
1.259E-03 4.533E-01 1.528E+00  1.00E+00
1.189E-03 4.067E-01 1.569E+00  1.00E+00
1.122E-03 3.612E-01 1.607E+00  1.00E+00
1.059E-03 3.195E-01 1.640E+00  1.00E+00
