w(micron)  Q_abs     Q_sca     g=<cos>
1.000E+03 1.287E-06 9.423E-13  0.00E+00
9.441E+02 1.445E-06 1.186E-12  0.00E+00
8.913E+02 1.621E-06 1.493E-12  0.00E+00
8.414E+02 1.819E-06 1.880E-12  5.11E-07
7.943E+02 2.040E-06 2.367E-12  5.74E-07
7.499E+02 2.289E-06 2.980E-12  6.44E-07
7.079E+02 2.569E-06 3.751E-12  7.23E-07
6.683E+02 2.882E-06 4.723E-12  8.11E-07
6.310E+02 3.234E-06 5.945E-12  9.09E-07
5.957E+02 3.628E-06 7.485E-12  1.02E-06
5.623E+02 4.071E-06 9.423E-12  1.14E-06
5.309E+02 4.568E-06 1.186E-11  1.28E-06
5.012E+02 5.125E-06 1.493E-11  1.44E-06
4.732E+02 5.750E-06 1.880E-11  1.62E-06
4.467E+02 6.452E-06 2.367E-11  1.81E-06
4.217E+02 7.239E-06 2.980E-11  2.04E-06
3.981E+02 8.122E-06 3.751E-11  2.28E-06
3.758E+02 9.112E-06 4.723E-11  2.56E-06
3.548E+02 1.022E-05 5.945E-11  2.88E-06
3.350E+02 1.147E-05 7.485E-11  3.23E-06
3.162E+02 1.287E-05 9.423E-11  3.62E-06
2.985E+02 1.444E-05 1.186E-10  4.06E-06
2.818E+02 1.620E-05 1.494E-10  4.56E-06
2.661E+02 1.817E-05 1.881E-10  5.12E-06
2.512E+02 2.038E-05 2.368E-10  5.74E-06
2.371E+02 2.286E-05 2.981E-10  6.44E-06
2.239E+02 2.565E-05 3.753E-10  7.23E-06
2.113E+02 2.877E-05 4.724E-10  8.11E-06
1.995E+02 3.228E-05 5.948E-10  9.10E-06
1.884E+02 3.622E-05 7.487E-10  1.02E-05
1.778E+02 4.063E-05 9.426E-10  1.15E-05
1.679E+02 4.556E-05 1.187E-09  1.29E-05
1.585E+02 5.108E-05 1.494E-09  1.44E-05
1.496E+02 5.727E-05 1.882E-09  1.62E-05
1.413E+02 6.421E-05 2.369E-09  1.82E-05
1.334E+02 7.202E-05 2.983E-09  2.04E-05
1.259E+02 8.078E-05 3.755E-09  2.29E-05
1.189E+02 9.058E-05 4.729E-09  2.57E-05
1.122E+02 1.015E-04 5.954E-09  2.88E-05
1.059E+02 1.138E-04 7.497E-09  3.23E-05
1.000E+02 1.276E-04 9.441E-09  3.63E-05
9.441E+01 1.430E-04 1.189E-08  4.07E-05
8.913E+01 1.602E-04 1.497E-08  4.57E-05
8.414E+01 1.795E-04 1.885E-08  5.13E-05
7.943E+01 2.010E-04 2.375E-08  5.76E-05
7.499E+01 2.252E-04 2.991E-08  6.47E-05
7.079E+01 2.521E-04 3.767E-08  7.26E-05
6.683E+01 2.823E-04 4.745E-08  8.15E-05
6.310E+01 3.159E-04 5.977E-08  9.16E-05
5.957E+01 3.535E-04 7.530E-08  1.03E-04
5.623E+01 3.954E-04 9.488E-08  1.15E-04
5.309E+01 4.421E-04 1.196E-07  1.30E-04
5.012E+01 4.942E-04 1.507E-07  1.46E-04
4.732E+01 5.522E-04 1.899E-07  1.64E-04
4.467E+01 6.168E-04 2.394E-07  1.84E-04
4.217E+01 6.887E-04 3.019E-07  2.07E-04
3.981E+01 7.687E-04 3.808E-07  2.33E-04
3.758E+01 8.576E-04 4.804E-07  2.62E-04
3.548E+01 9.564E-04 6.063E-07  2.95E-04
3.350E+01 1.066E-03 7.654E-07  3.32E-04
3.162E+01 1.188E-03 9.669E-07  3.74E-04
2.985E+01 1.324E-03 1.222E-06  4.22E-04
2.818E+01 1.475E-03 1.546E-06  4.77E-04
2.661E+01 1.645E-03 1.956E-06  5.39E-04
2.512E+01 1.835E-03 2.478E-06  6.10E-04
2.371E+01 2.049E-03 3.144E-06  6.92E-04
2.239E+01 2.295E-03 3.995E-06  7.87E-04
2.113E+01 2.580E-03 5.086E-06  8.99E-04
1.995E+01 2.916E-03 6.491E-06  1.03E-03
1.884E+01 3.327E-03 8.312E-06  1.19E-03
1.778E+01 3.848E-03 1.069E-05  1.38E-03
1.679E+01 4.535E-03 1.383E-05  1.63E-03
1.585E+01 5.546E-03 1.805E-05  1.95E-03
1.496E+01 7.023E-03 2.382E-05  2.41E-03
1.413E+01 9.595E-03 3.201E-05  3.12E-03
1.334E+01 1.466E-02 4.428E-05  4.04E-03
1.259E+01 2.584E-02 6.431E-05  1.36E-03
1.189E+01 5.333E-02 1.020E-04 -1.04E-03
1.122E+01 1.559E-01 1.826E-04 -1.85E-04
1.059E+01 3.407E-01 1.896E-04  5.79E-04
1.000E+01 1.630E-01 4.295E-05  1.20E-03
9.441E+00 7.645E-02 3.100E-05  1.70E-03
8.913E+00 4.683E-02 4.876E-05  2.18E-03
8.414E+00 3.409E-02 7.479E-05  2.65E-03
7.943E+00 2.746E-02 1.074E-04  3.15E-03
7.499E+00 2.349E-02 1.479E-04  3.69E-03
7.079E+00 2.106E-02 1.985E-04  4.27E-03
6.683E+00 1.945E-02 2.619E-04  4.91E-03
6.310E+00 1.834E-02 3.416E-04  5.62E-03
5.957E+00 1.755E-02 4.420E-04  6.40E-03
5.623E+00 1.692E-02 5.692E-04  7.27E-03
5.309E+00 1.644E-02 7.303E-04  8.24E-03
5.012E+00 1.606E-02 9.339E-04  9.32E-03
4.732E+00 1.575E-02 1.192E-03  1.05E-02
4.467E+00 1.547E-02 1.519E-03  1.19E-02
4.217E+00 1.522E-02 1.933E-03  1.34E-02
3.981E+00 1.500E-02 2.457E-03  1.51E-02
3.758E+00 1.478E-02 3.123E-03  1.70E-02
3.548E+00 1.456E-02 3.969E-03  1.92E-02
3.350E+00 1.435E-02 5.040E-03  2.16E-02
3.162E+00 1.413E-02 6.404E-03  2.43E-02
2.985E+00 1.391E-02 8.137E-03  2.73E-02
2.818E+00 1.367E-02 1.034E-02  3.07E-02
2.661E+00 1.344E-02 1.315E-02  3.45E-02
2.512E+00 1.320E-02 1.673E-02  3.88E-02
2.371E+00 1.298E-02 2.130E-02  4.37E-02
2.239E+00 1.274E-02 2.714E-02  4.91E-02
2.113E+00 1.248E-02 3.462E-02  5.52E-02
1.995E+00 1.224E-02 4.422E-02  6.22E-02
1.884E+00 1.200E-02 5.656E-02  7.00E-02
1.778E+00 1.180E-02 7.245E-02  7.89E-02
1.679E+00 1.160E-02 9.292E-02  8.89E-02
1.585E+00 1.144E-02 1.194E-01  1.00E-01
1.496E+00 1.131E-02 1.536E-01  1.14E-01
1.413E+00 1.122E-02 1.979E-01  1.29E-01
1.334E+00 1.120E-02 2.554E-01  1.46E-01
1.259E+00 1.125E-02 3.302E-01  1.67E-01
1.189E+00 1.142E-02 4.276E-01  1.91E-01
1.122E+00 1.176E-02 5.543E-01  2.20E-01
1.059E+00 1.234E-02 7.200E-01  2.56E-01
1.000E+00 1.334E-02 9.385E-01  3.00E-01
9.441E-01 1.510E-02 1.235E+00  3.56E-01
8.913E-01 1.833E-02 1.669E+00  4.25E-01
8.414E-01 2.464E-02 2.406E+00  4.98E-01
7.943E-01 3.623E-02 3.881E+00  5.28E-01
7.499E-01 4.370E-02 5.954E+00  4.52E-01
7.079E-01 2.897E-02 5.968E+00  3.26E-01
6.683E-01 1.600E-02 5.024E+00  2.54E-01
6.310E-01 1.086E-02 4.451E+00  2.44E-01
5.957E-01 1.000E-02 4.167E+00  2.62E-01
5.623E-01 1.435E-02 4.218E+00  2.77E-01
5.309E-01 3.767E-02 6.537E+00  3.15E-01
5.012E-01 1.398E-02 3.824E+00  3.38E-01
4.732E-01 8.549E-03 3.259E+00  1.78E-01
4.467E-01 8.686E-03 3.518E+00  1.11E-01
4.217E-01 2.646E-02 3.400E+00 -2.91E-02
3.981E-01 9.066E-03 8.595E-01  9.26E-02
3.758E-01 3.053E-02 1.890E+00  1.85E-01
3.548E-01 1.673E-01 2.190E+00  9.79E-02
3.350E-01 5.649E-02 1.821E+00  4.63E-01
3.162E-01 3.949E-01 3.812E+00  5.07E-01
2.985E-01 1.529E-01 2.902E+00  4.59E-01
2.818E-01 4.268E-01 2.321E+00  4.75E-01
2.661E-01 9.055E-01 1.553E+00  2.83E-01
2.512E-01 1.052E+00 1.700E+00  5.92E-01
2.371E-01 1.072E+00 1.774E+00  7.06E-01
2.239E-01 1.102E+00 1.428E+00  6.53E-01
2.113E-01 1.047E+00 1.527E+00  6.78E-01
1.995E-01 9.582E-01 1.576E+00  6.57E-01
1.884E-01 8.755E-01 1.659E+00  6.41E-01
1.778E-01 8.127E-01 1.753E+00  6.30E-01
1.679E-01 7.838E-01 1.847E+00  6.30E-01
1.585E-01 7.921E-01 1.936E+00  6.39E-01
1.496E-01 8.577E-01 1.928E+00  6.59E-01
1.413E-01 8.992E-01 1.890E+00  6.77E-01
1.334E-01 9.146E-01 1.872E+00  6.87E-01
1.259E-01 9.126E-01 1.867E+00  6.93E-01
1.189E-01 8.898E-01 1.888E+00  6.94E-01
1.122E-01 8.633E-01 1.878E+00  6.97E-01
1.059E-01 8.501E-01 1.799E+00  7.09E-01
1.000E-01 8.376E-01 1.721E+00  7.24E-01
9.441E-02 8.238E-01 1.667E+00  7.35E-01
8.913E-02 8.163E-01 1.612E+00  7.49E-01
8.414E-02 8.120E-01 1.564E+00  7.63E-01
7.943E-02 8.101E-01 1.521E+00  7.78E-01
7.499E-02 8.101E-01 1.482E+00  7.92E-01
7.079E-02 8.114E-01 1.447E+00  8.07E-01
6.683E-02 8.134E-01 1.414E+00  8.21E-01
6.310E-02 8.162E-01 1.385E+00  8.35E-01
5.957E-02 8.193E-01 1.357E+00  8.49E-01
5.623E-02 8.226E-01 1.332E+00  8.62E-01
5.309E-02 8.260E-01 1.309E+00  8.74E-01
5.012E-02 8.292E-01 1.287E+00  8.86E-01
4.732E-02 8.324E-01 1.267E+00  8.98E-01
4.467E-02 8.353E-01 1.249E+00  9.08E-01
4.217E-02 8.381E-01 1.232E+00  9.17E-01
3.981E-02 8.406E-01 1.216E+00  9.26E-01
3.758E-02 8.430E-01 1.201E+00  9.34E-01
3.548E-02 8.454E-01 1.187E+00  9.41E-01
3.350E-02 8.477E-01 1.173E+00  9.48E-01
3.162E-02 8.499E-01 1.160E+00  9.54E-01
2.985E-02 8.519E-01 1.147E+00  9.59E-01
2.818E-02 8.537E-01 1.135E+00  9.64E-01
2.661E-02 8.554E-01 1.122E+00  9.68E-01
2.512E-02 8.567E-01 1.112E+00  9.72E-01
2.371E-02 8.576E-01 1.104E+00  9.76E-01
2.239E-02 8.579E-01 1.100E+00  9.79E-01
2.113E-02 8.572E-01 1.102E+00  9.82E-01
1.995E-02 8.555E-01 1.114E+00  9.85E-01
1.884E-02 8.522E-01 1.137E+00  9.88E-01
1.778E-02 8.472E-01 1.173E+00  9.90E-01
1.679E-02 8.402E-01 1.221E+00  9.92E-01
1.585E-02 8.308E-01 1.279E+00  9.94E-01
1.496E-02 8.188E-01 1.340E+00  9.95E-01
1.413E-02 8.039E-01 1.392E+00  9.96E-01
1.334E-02 7.860E-01 1.415E+00  9.97E-01
1.259E-02 7.655E-01 1.375E+00  9.98E-01
1.189E-02 7.419E-01 1.221E+00  9.98E-01
1.122E-02 7.184E-01 7.199E-01  9.99E-01
1.059E-02 9.924E-01 8.724E-01  9.98E-01
1.000E-02 9.657E-01 8.845E-01  9.98E-01
9.441E-03 9.555E-01 9.343E-01  9.98E-01
8.913E-03 9.479E-01 9.644E-01  9.98E-01
8.414E-03 9.405E-01 9.879E-01  9.98E-01
7.943E-03 9.326E-01 1.004E+00  9.99E-01
7.499E-03 9.249E-01 9.806E-01  9.99E-01
7.079E-03 9.402E-01 9.956E-01  9.99E-01
6.683E-03 9.299E-01 1.040E+00  9.99E-01
6.310E-03 9.183E-01 1.078E+00  9.99E-01
5.957E-03 9.046E-01 1.116E+00  9.99E-01
5.623E-03 8.879E-01 1.154E+00  9.99E-01
5.309E-03 8.680E-01 1.187E+00  9.99E-01
5.012E-03 8.444E-01 1.210E+00  1.00E+00
4.732E-03 8.174E-01 1.199E+00  1.00E+00
4.467E-03 7.871E-01 1.008E+00  1.00E+00
4.217E-03 8.643E-01 1.072E+00  1.00E+00
3.981E-03 8.380E-01 1.144E+00  1.00E+00
3.758E-03 8.076E-01 1.196E+00  1.00E+00
3.548E-03 7.734E-01 1.233E+00  1.00E+00
3.350E-03 7.355E-01 1.258E+00  1.00E+00
3.162E-03 6.944E-01 1.271E+00  1.00E+00
2.985E-03 6.516E-01 1.273E+00  1.00E+00
2.818E-03 6.051E-01 1.264E+00  1.00E+00
2.661E-03 5.572E-01 1.241E+00  1.00E+00
2.512E-03 5.100E-01 1.204E+00  1.00E+00
2.371E-03 4.641E-01 1.158E+00  1.00E+00
2.239E-03 4.196E-01 1.103E+00  1.00E+00
2.113E-03 3.765E-01 1.043E+00  1.00E+00
1.995E-03 3.363E-01 9.790E-01  1.00E+00
1.884E-03 2.989E-01 9.121E-01  1.00E+00
1.778E-03 2.642E-01 8.439E-01  1.00E+00
1.679E-03 2.326E-01 7.760E-01  1.00E+00
1.585E-03 2.040E-01 7.100E-01  1.00E+00
1.496E-03 1.784E-01 6.471E-01  1.00E+00
1.413E-03 1.554E-01 5.873E-01  1.00E+00
1.334E-03 1.351E-01 5.302E-01  1.00E+00
1.259E-03 1.172E-01 4.777E-01  1.00E+00
1.189E-03 1.017E-01 4.298E-01  1.00E+00
1.122E-03 8.757E-02 3.842E-01  1.00E+00
1.059E-03 7.541E-02 3.423E-01  1.00E+00
