w(micron)  Q_abs     Q_sca     g=<cos>
1.000E+03 1.147E-08 5.945E-21  0.00E+00
9.441E+02 1.287E-08 7.485E-21  0.00E+00
8.913E+02 1.445E-08 9.423E-21  0.00E+00
8.414E+02 1.621E-08 1.186E-20  0.00E+00
7.943E+02 1.819E-08 1.493E-20  0.00E+00
7.499E+02 2.040E-08 1.880E-20  0.00E+00
7.079E+02 2.289E-08 2.367E-20  0.00E+00
6.683E+02 2.569E-08 2.980E-20  0.00E+00
6.310E+02 2.882E-08 3.751E-20  0.00E+00
5.957E+02 3.234E-08 4.723E-20  0.00E+00
5.623E+02 3.628E-08 5.945E-20  0.00E+00
5.309E+02 4.071E-08 7.485E-20  0.00E+00
5.012E+02 4.568E-08 9.423E-20  0.00E+00
4.732E+02 5.125E-08 1.186E-19  0.00E+00
4.467E+02 5.750E-08 1.493E-19  0.00E+00
4.217E+02 6.452E-08 1.880E-19  0.00E+00
3.981E+02 7.239E-08 2.367E-19  0.00E+00
3.758E+02 8.121E-08 2.980E-19  0.00E+00
3.548E+02 9.112E-08 3.751E-19  0.00E+00
3.350E+02 1.022E-07 4.722E-19  0.00E+00
3.162E+02 1.147E-07 5.945E-19  0.00E+00
2.985E+02 1.287E-07 7.485E-19  0.00E+00
2.818E+02 1.444E-07 9.424E-19  0.00E+00
2.661E+02 1.619E-07 1.187E-18  0.00E+00
2.512E+02 1.816E-07 1.494E-18  0.00E+00
2.371E+02 2.038E-07 1.881E-18  0.00E+00
2.239E+02 2.286E-07 2.368E-18  0.00E+00
2.113E+02 2.564E-07 2.981E-18  0.00E+00
1.995E+02 2.877E-07 3.753E-18  0.00E+00
1.884E+02 3.228E-07 4.724E-18  0.00E+00
1.778E+02 3.621E-07 5.948E-18  0.00E+00
1.679E+02 4.060E-07 7.488E-18  0.00E+00
1.585E+02 4.552E-07 9.429E-18  0.00E+00
1.496E+02 5.104E-07 1.187E-17  0.00E+00
1.413E+02 5.722E-07 1.495E-17  0.00E+00
1.334E+02 6.418E-07 1.882E-17  0.00E+00
1.259E+02 7.199E-07 2.369E-17  0.00E+00
1.189E+02 8.072E-07 2.983E-17  0.00E+00
1.122E+02 9.048E-07 3.757E-17  0.00E+00
1.059E+02 1.014E-06 4.730E-17  0.00E+00
1.000E+02 1.137E-06 5.956E-17  0.00E+00
9.441E+01 1.274E-06 7.501E-17  0.00E+00
8.913E+01 1.427E-06 9.446E-17  0.00E+00
8.414E+01 1.599E-06 1.190E-16  0.00E+00
7.943E+01 1.791E-06 1.498E-16  0.00E+00
7.499E+01 2.006E-06 1.887E-16  0.00E+00
7.079E+01 2.246E-06 2.376E-16  0.00E+00
6.683E+01 2.514E-06 2.993E-16  0.00E+00
6.310E+01 2.814E-06 3.771E-16  0.00E+00
5.957E+01 3.149E-06 4.750E-16  0.00E+00
5.623E+01 3.522E-06 5.985E-16  0.00E+00
5.309E+01 3.937E-06 7.542E-16  0.00E+00
5.012E+01 4.401E-06 9.505E-16  0.00E+00
4.732E+01 4.917E-06 1.198E-15  0.00E+00
4.467E+01 5.491E-06 1.510E-15  0.00E+00
4.217E+01 6.131E-06 1.904E-15  0.00E+00
3.981E+01 6.841E-06 2.402E-15  0.00E+00
3.758E+01 7.631E-06 3.030E-15  0.00E+00
3.548E+01 8.508E-06 3.823E-15  0.00E+00
3.350E+01 9.481E-06 4.827E-15  0.00E+00
3.162E+01 1.056E-05 6.097E-15  0.00E+00
2.985E+01 1.177E-05 7.705E-15  0.00E+00
2.818E+01 1.311E-05 9.743E-15  0.00E+00
2.661E+01 1.461E-05 1.233E-14  0.00E+00
2.512E+01 1.629E-05 1.562E-14  0.00E+00
2.371E+01 1.819E-05 1.981E-14  0.00E+00
2.239E+01 2.035E-05 2.517E-14  0.00E+00
2.113E+01 2.286E-05 3.204E-14  0.00E+00
1.995E+01 2.582E-05 4.089E-14  0.00E+00
1.884E+01 2.942E-05 5.234E-14  0.00E+00
1.778E+01 3.398E-05 6.731E-14  0.00E+00
1.679E+01 3.997E-05 8.706E-14  0.00E+00
1.585E+01 4.873E-05 1.136E-13  0.00E+00
1.496E+01 6.142E-05 1.498E-13  0.00E+00
1.413E+01 8.314E-05 2.012E-13  0.00E+00
1.334E+01 1.242E-04 2.781E-13  0.00E+00
1.259E+01 2.147E-04 4.034E-13  0.00E+00
1.189E+01 4.646E-04 6.386E-13  0.00E+00
1.122E+01 1.371E-03 1.141E-12  0.00E+00
1.059E+01 3.018E-03 1.192E-12  0.00E+00
1.000E+01 1.449E-03 2.712E-13  0.00E+00
9.441E+00 6.778E-04 1.954E-13  0.00E+00
8.913E+00 4.140E-04 3.069E-13  0.00E+00
8.414E+00 3.006E-04 4.701E-13  0.00E+00
7.943E+00 2.415E-04 6.740E-13  0.00E+00
7.499E+00 2.060E-04 9.277E-13  2.94E-07
7.079E+00 1.842E-04 1.243E-12  3.40E-07
6.683E+00 1.695E-04 1.638E-12  3.91E-07
6.310E+00 1.593E-04 2.134E-12  4.47E-07
5.957E+00 1.518E-04 2.757E-12  5.09E-07
5.623E+00 1.457E-04 3.545E-12  5.78E-07
5.309E+00 1.409E-04 4.540E-12  6.55E-07
5.012E+00 1.370E-04 5.794E-12  7.41E-07
4.732E+00 1.335E-04 7.376E-12  8.38E-07
4.467E+00 1.303E-04 9.381E-12  9.46E-07
4.217E+00 1.273E-04 1.190E-11  1.07E-06
3.981E+00 1.244E-04 1.508E-11  1.20E-06
3.758E+00 1.214E-04 1.910E-11  1.35E-06
3.548E+00 1.184E-04 2.418E-11  1.53E-06
3.350E+00 1.153E-04 3.057E-11  1.72E-06
3.162E+00 1.121E-04 3.865E-11  1.93E-06
2.985E+00 1.088E-04 4.884E-11  2.17E-06
2.818E+00 1.052E-04 6.169E-11  2.44E-06
2.661E+00 1.016E-04 7.790E-11  2.75E-06
2.512E+00 9.778E-05 9.835E-11  3.09E-06
2.371E+00 9.402E-05 1.241E-10  3.47E-06
2.239E+00 8.999E-05 1.566E-10  3.90E-06
2.113E+00 8.570E-05 1.977E-10  4.38E-06
1.995E+00 8.138E-05 2.495E-10  4.93E-06
1.884E+00 7.702E-05 3.148E-10  5.54E-06
1.778E+00 7.274E-05 3.974E-10  6.22E-06
1.679E+00 6.843E-05 5.014E-10  6.99E-06
1.585E+00 6.413E-05 6.327E-10  7.86E-06
1.496E+00 5.996E-05 7.983E-10  8.83E-06
1.413E+00 5.579E-05 1.007E-09  9.92E-06
1.334E+00 5.180E-05 1.271E-09  1.11E-05
1.259E+00 4.789E-05 1.604E-09  1.25E-05
1.189E+00 4.416E-05 2.025E-09  1.41E-05
1.122E+00 4.058E-05 2.556E-09  1.58E-05
1.059E+00 3.717E-05 3.227E-09  1.78E-05
1.000E+00 3.396E-05 4.075E-09  2.00E-05
9.441E-01 3.094E-05 5.147E-09  2.25E-05
8.913E-01 2.810E-05 6.501E-09  2.53E-05
8.414E-01 2.546E-05 8.214E-09  2.85E-05
7.943E-01 2.301E-05 1.038E-08  3.20E-05
7.499E-01 2.073E-05 1.313E-08  3.61E-05
7.079E-01 1.864E-05 1.662E-08  4.06E-05
6.683E-01 1.671E-05 2.103E-08  4.57E-05
6.310E-01 1.495E-05 2.664E-08  5.15E-05
5.957E-01 1.335E-05 3.378E-08  5.81E-05
5.623E-01 1.185E-05 4.285E-08  6.56E-05
5.309E-01 1.050E-05 5.439E-08  7.40E-05
5.012E-01 9.292E-06 6.912E-08  8.37E-05
4.732E-01 8.188E-06 8.796E-08  9.46E-05
4.467E-01 7.182E-06 1.121E-07  1.07E-04
4.217E-01 6.196E-06 1.431E-07  1.22E-04
3.981E-01 8.159E-06 1.832E-07  1.38E-04
3.758E-01 2.098E-05 2.348E-07  1.58E-04
3.548E-01 4.561E-05 3.020E-07  1.80E-04
3.350E-01 5.735E-05 3.891E-07  2.06E-04
3.162E-01 1.158E-04 5.041E-07  2.38E-04
2.985E-01 1.784E-04 6.562E-07  2.76E-04
2.818E-01 3.825E-04 8.584E-07  3.23E-04
2.661E-01 8.211E-04 1.127E-06  3.80E-04
2.512E-01 1.470E-03 1.488E-06  4.52E-04
2.371E-01 2.080E-03 1.980E-06  5.48E-04
2.239E-01 3.069E-03 2.664E-06  6.82E-04
2.113E-01 4.732E-03 3.628E-06  8.76E-04
1.995E-01 7.875E-03 5.024E-06  1.15E-03
1.884E-01 1.350E-02 6.955E-06  1.20E-03
1.778E-01 2.075E-02 9.641E-06  6.97E-04
1.679E-01 3.044E-02 1.353E-05  9.92E-05
1.585E-01 4.653E-02 1.962E-05 -1.49E-04
1.496E-01 7.329E-02 2.760E-05 -7.37E-05
1.413E-01 9.837E-02 3.655E-05  4.89E-06
1.334E-01 1.300E-01 5.014E-05  5.39E-05
1.259E-01 1.647E-01 6.939E-05  8.99E-05
1.189E-01 2.223E-01 1.055E-04  1.20E-04
1.122E-01 3.132E-01 1.616E-04  1.94E-04
1.059E-01 4.093E-01 2.073E-04  3.34E-04
1.000E-01 4.468E-01 2.247E-04  4.85E-04
9.441E-02 4.463E-01 2.351E-04  6.26E-04
8.913E-02 4.159E-01 2.278E-04  7.90E-04
8.414E-02 3.764E-01 2.166E-04  9.65E-04
7.943E-02 3.371E-01 2.056E-04  1.15E-03
7.499E-02 3.010E-01 1.957E-04  1.36E-03
7.079E-02 2.695E-01 1.879E-04  1.58E-03
6.683E-02 2.422E-01 1.820E-04  1.82E-03
6.310E-02 2.185E-01 1.775E-04  2.10E-03
5.957E-02 1.979E-01 1.744E-04  2.40E-03
5.623E-02 1.799E-01 1.724E-04  2.74E-03
5.309E-02 1.639E-01 1.713E-04  3.12E-03
5.012E-02 1.497E-01 1.709E-04  3.55E-03
4.732E-02 1.369E-01 1.709E-04  4.02E-03
4.467E-02 1.254E-01 1.715E-04  4.56E-03
4.217E-02 1.150E-01 1.723E-04  5.17E-03
3.981E-02 1.055E-01 1.734E-04  5.85E-03
3.758E-02 9.678E-02 1.745E-04  6.61E-03
3.548E-02 8.884E-02 1.758E-04  7.47E-03
3.350E-02 8.155E-02 1.770E-04  8.44E-03
3.162E-02 7.482E-02 1.782E-04  9.53E-03
2.985E-02 6.859E-02 1.792E-04  1.08E-02
2.818E-02 6.283E-02 1.800E-04  1.21E-02
2.661E-02 5.752E-02 1.804E-04  1.37E-02
2.512E-02 5.258E-02 1.804E-04  1.54E-02
2.371E-02 4.805E-02 1.798E-04  1.74E-02
2.239E-02 4.384E-02 1.788E-04  1.96E-02
2.113E-02 3.995E-02 1.769E-04  2.21E-02
1.995E-02 3.637E-02 1.744E-04  2.48E-02
1.884E-02 3.303E-02 1.707E-04  2.80E-02
1.778E-02 2.996E-02 1.659E-04  3.15E-02
1.679E-02 2.714E-02 1.599E-04  3.55E-02
1.585E-02 2.455E-02 1.522E-04  3.99E-02
1.496E-02 2.217E-02 1.427E-04  4.50E-02
1.413E-02 1.999E-02 1.308E-04  5.06E-02
1.334E-02 1.798E-02 1.158E-04  5.70E-02
1.259E-02 1.616E-02 9.715E-05  6.42E-02
1.189E-02 1.447E-02 7.368E-05  7.22E-02
1.122E-02 1.293E-02 3.494E-05  8.14E-02
1.059E-02 5.317E-02 2.310E-04  9.23E-02
1.000E-02 5.079E-02 2.483E-04  1.03E-01
9.441E-03 4.756E-02 2.851E-04  1.16E-01
8.913E-03 4.410E-02 3.033E-04  1.31E-01
8.414E-03 4.056E-02 3.098E-04  1.47E-01
7.943E-03 3.705E-02 3.038E-04  1.66E-01
7.499E-03 3.365E-02 2.656E-04  1.87E-01
7.079E-03 3.938E-02 3.744E-04  2.10E-01
6.683E-03 3.568E-02 3.862E-04  2.36E-01
6.310E-03 3.215E-02 3.829E-04  2.65E-01
5.957E-03 2.888E-02 3.712E-04  2.97E-01
5.623E-03 2.578E-02 3.532E-04  3.33E-01
5.309E-03 2.297E-02 3.292E-04  3.72E-01
5.012E-03 2.039E-02 2.996E-04  4.14E-01
4.732E-03 1.807E-02 2.588E-04  4.59E-01
4.467E-03 1.596E-02 1.743E-04  5.06E-01
4.217E-03 2.202E-02 2.788E-04  5.55E-01
3.981E-03 1.952E-02 2.779E-04  6.02E-01
3.758E-03 1.723E-02 2.658E-04  6.46E-01
3.548E-03 1.517E-02 2.491E-04  6.86E-01
3.350E-03 1.332E-02 2.316E-04  7.20E-01
3.162E-03 1.167E-02 2.141E-04  7.47E-01
2.985E-03 1.023E-02 1.981E-04  7.67E-01
2.818E-03 8.902E-03 1.824E-04  7.82E-01
2.661E-03 7.721E-03 1.671E-04  7.94E-01
2.512E-03 6.700E-03 1.522E-04  8.07E-01
2.371E-03 5.813E-03 1.381E-04  8.21E-01
2.239E-03 5.037E-03 1.248E-04  8.38E-01
2.113E-03 4.349E-03 1.122E-04  8.55E-01
1.995E-03 3.756E-03 1.007E-04  8.72E-01
1.884E-03 3.240E-03 9.036E-05  8.85E-01
1.778E-03 2.789E-03 8.096E-05  8.94E-01
1.679E-03 2.400E-03 7.247E-05  9.01E-01
1.585E-03 2.064E-03 6.474E-05  9.08E-01
1.496E-03 1.773E-03 5.774E-05  9.17E-01
1.413E-03 1.522E-03 5.139E-05  9.27E-01
1.334E-03 1.305E-03 4.566E-05  9.34E-01
1.259E-03 1.120E-03 4.062E-05  9.38E-01
1.189E-03 9.621E-04 3.615E-05  9.43E-01
1.122E-03 8.214E-04 3.197E-05  9.49E-01
1.059E-03 7.022E-04 2.824E-05  9.54E-01
