w(micron)  Q_abs     Q_sca     g=<cos>
1.000E+03 6.488E-05 5.955E-06  9.10E-04
9.441E+02 7.284E-05 7.498E-06  1.02E-03
8.913E+02 8.179E-05 9.442E-06  1.15E-03
8.414E+02 9.185E-05 1.189E-05  1.29E-03
7.943E+02 1.032E-04 1.497E-05  1.44E-03
7.499E+02 1.159E-04 1.885E-05  1.62E-03
7.079E+02 1.301E-04 2.374E-05  1.82E-03
6.683E+02 1.462E-04 2.990E-05  2.04E-03
6.310E+02 1.643E-04 3.766E-05  2.29E-03
5.957E+02 1.847E-04 4.744E-05  2.57E-03
5.623E+02 2.076E-04 5.975E-05  2.88E-03
5.309E+02 2.334E-04 7.527E-05  3.23E-03
5.012E+02 2.625E-04 9.483E-05  3.63E-03
4.732E+02 2.953E-04 1.195E-04  4.07E-03
4.467E+02 3.323E-04 1.505E-04  4.57E-03
4.217E+02 3.740E-04 1.897E-04  5.13E-03
3.981E+02 4.212E-04 2.391E-04  5.76E-03
3.758E+02 4.746E-04 3.014E-04  6.46E-03
3.548E+02 5.349E-04 3.799E-04  7.25E-03
3.350E+02 6.033E-04 4.790E-04  8.14E-03
3.162E+02 6.809E-04 6.041E-04  9.14E-03
2.985E+02 7.690E-04 7.621E-04  1.03E-02
2.818E+02 8.691E-04 9.616E-04  1.15E-02
2.661E+02 9.831E-04 1.214E-03  1.29E-02
2.512E+02 1.113E-03 1.532E-03  1.45E-02
2.371E+02 1.262E-03 1.935E-03  1.63E-02
2.239E+02 1.432E-03 2.445E-03  1.84E-02
2.113E+02 1.628E-03 3.090E-03  2.06E-02
1.995E+02 1.854E-03 3.908E-03  2.32E-02
1.884E+02 2.114E-03 4.944E-03  2.60E-02
1.778E+02 2.417E-03 6.259E-03  2.93E-02
1.679E+02 2.767E-03 7.931E-03  3.29E-02
1.585E+02 3.177E-03 1.006E-02  3.71E-02
1.496E+02 3.657E-03 1.277E-02  4.18E-02
1.413E+02 4.225E-03 1.622E-02  4.70E-02
1.334E+02 4.901E-03 2.063E-02  5.30E-02
1.259E+02 5.709E-03 2.627E-02  5.98E-02
1.189E+02 6.681E-03 3.350E-02  6.75E-02
1.122E+02 7.862E-03 4.280E-02  7.64E-02
1.059E+02 9.311E-03 5.479E-02  8.65E-02
1.000E+02 1.111E-02 7.028E-02  9.81E-02
9.441E+01 1.338E-02 9.038E-02  1.12E-01
8.913E+01 1.628E-02 1.166E-01  1.27E-01
8.414E+01 2.006E-02 1.508E-01  1.45E-01
7.943E+01 2.513E-02 1.960E-01  1.67E-01
7.499E+01 3.213E-02 2.559E-01  1.93E-01
7.079E+01 4.217E-02 3.364E-01  2.25E-01
6.683E+01 5.735E-02 4.462E-01  2.64E-01
6.310E+01 8.200E-02 6.007E-01  3.13E-01
5.957E+01 1.261E-01 8.302E-01  3.75E-01
5.623E+01 2.167E-01 1.212E+00  4.48E-01
5.309E+01 4.395E-01 1.998E+00  5.08E-01
5.012E+01 1.016E+00 3.984E+00  4.58E-01
4.732E+01 1.311E+00 5.832E+00  2.28E-01
4.467E+01 7.409E-01 4.812E+00  4.38E-02
4.217E+01 4.895E-01 4.359E+00  1.16E-02
3.981E+01 4.610E-01 4.342E+00  5.31E-02
3.758E+01 5.802E-01 4.201E+00  1.22E-01
3.548E+01 9.481E-01 3.466E+00  1.98E-01
3.350E+01 1.991E+00 2.602E+00  3.30E-01
3.162E+01 9.897E-01 1.215E+00  3.97E-01
2.985E+01 7.150E-01 1.119E+00  2.29E-01
2.818E+01 1.096E+00 1.757E+00  2.16E-01
2.661E+01 1.473E+00 1.231E+00  1.09E-01
2.512E+01 1.056E+00 8.231E-01  3.33E-01
2.371E+01 9.322E-01 1.464E+00  4.90E-01
2.239E+01 1.061E+00 1.931E+00  4.74E-01
2.113E+01 1.027E+00 2.073E+00  5.52E-01
1.995E+01 1.160E+00 2.269E+00  6.01E-01
1.884E+01 1.036E+00 1.974E+00  4.68E-01
1.778E+01 1.254E+00 1.343E+00  5.26E-01
1.679E+01 1.227E+00 1.410E+00  5.59E-01
1.585E+01 1.153E+00 1.583E+00  6.37E-01
1.496E+01 1.119E+00 1.575E+00  6.12E-01
1.413E+01 1.035E+00 1.595E+00  6.06E-01
1.334E+01 9.091E-01 1.683E+00  5.85E-01
1.259E+01 7.459E-01 1.877E+00  5.61E-01
1.189E+01 7.385E-01 2.131E+00  5.77E-01
1.122E+01 9.644E-01 2.138E+00  6.26E-01
1.059E+01 1.187E+00 1.677E+00  7.09E-01
1.000E+01 1.284E+00 1.145E+00  8.27E-01
9.441E+00 1.374E+00 1.208E+00  8.65E-01
8.913E+00 1.396E+00 1.184E+00  8.46E-01
8.414E+00 1.355E+00 1.247E+00  8.55E-01
7.943E+00 1.291E+00 1.382E+00  8.53E-01
7.499E+00 1.242E+00 1.306E+00  8.24E-01
7.079E+00 1.206E+00 1.232E+00  8.02E-01
6.683E+00 1.184E+00 1.331E+00  8.17E-01
6.310E+00 1.163E+00 1.421E+00  8.36E-01
5.957E+00 1.127E+00 1.360E+00  8.29E-01
5.623E+00 1.095E+00 1.273E+00  8.07E-01
5.309E+00 1.074E+00 1.327E+00  8.08E-01
5.012E+00 1.063E+00 1.424E+00  8.23E-01
4.732E+00 1.055E+00 1.372E+00  8.24E-01
4.467E+00 1.042E+00 1.284E+00  8.15E-01
4.217E+00 1.020E+00 1.366E+00  8.24E-01
3.981E+00 9.982E-01 1.421E+00  8.28E-01
3.758E+00 9.870E-01 1.311E+00  8.14E-01
3.548E+00 9.718E-01 1.344E+00  8.20E-01
3.350E+00 9.625E-01 1.413E+00  8.26E-01
3.162E+00 9.388E-01 1.324E+00  8.10E-01
2.985E+00 9.318E-01 1.389E+00  8.22E-01
2.818E+00 9.199E-01 1.381E+00  8.20E-01
2.661E+00 9.035E-01 1.339E+00  8.10E-01
2.512E+00 8.851E-01 1.414E+00  8.19E-01
2.371E+00 8.745E-01 1.345E+00  8.11E-01
2.239E+00 8.533E-01 1.444E+00  8.16E-01
2.113E+00 8.375E-01 1.367E+00  8.00E-01
1.995E+00 8.166E-01 1.428E+00  8.06E-01
1.884E+00 8.009E-01 1.447E+00  8.03E-01
1.778E+00 7.881E-01 1.371E+00  7.89E-01
1.679E+00 7.648E-01 1.442E+00  7.98E-01
1.585E+00 7.402E-01 1.516E+00  7.95E-01
1.496E+00 7.202E-01 1.462E+00  7.86E-01
1.413E+00 6.976E-01 1.463E+00  7.79E-01
1.334E+00 6.722E-01 1.470E+00  7.71E-01
1.259E+00 6.484E-01 1.509E+00  7.71E-01
1.189E+00 6.130E-01 1.526E+00  7.58E-01
1.122E+00 5.923E-01 1.547E+00  7.55E-01
1.059E+00 5.612E-01 1.560E+00  7.41E-01
1.000E+00 5.298E-01 1.647E+00  7.46E-01
9.441E-01 5.048E-01 1.657E+00  7.39E-01
8.913E-01 4.737E-01 1.606E+00  7.14E-01
8.414E-01 4.467E-01 1.719E+00  7.31E-01
7.943E-01 4.139E-01 1.640E+00  7.04E-01
7.499E-01 3.880E-01 1.748E+00  7.10E-01
7.079E-01 3.555E-01 1.762E+00  7.01E-01
6.683E-01 3.266E-01 1.743E+00  6.89E-01
6.310E-01 3.051E-01 1.832E+00  6.93E-01
5.957E-01 2.785E-01 1.806E+00  6.75E-01
5.623E-01 2.527E-01 1.780E+00  6.70E-01
5.309E-01 2.361E-01 1.825E+00  6.65E-01
5.012E-01 2.208E-01 1.972E+00  6.83E-01
4.732E-01 1.911E-01 1.868E+00  6.55E-01
4.467E-01 1.823E-01 1.887E+00  6.51E-01
4.217E-01 1.542E-01 1.982E+00  6.63E-01
3.981E-01 2.034E-01 1.807E+00  6.41E-01
3.758E-01 4.061E-01 1.655E+00  7.09E-01
3.548E-01 6.184E-01 1.457E+00  7.70E-01
3.350E-01 6.733E-01 1.398E+00  7.86E-01
3.162E-01 7.636E-01 1.307E+00  8.14E-01
2.985E-01 7.693E-01 1.299E+00  8.13E-01
2.818E-01 7.605E-01 1.305E+00  8.07E-01
2.661E-01 7.488E-01 1.314E+00  7.99E-01
2.512E-01 7.346E-01 1.326E+00  7.90E-01
2.371E-01 7.170E-01 1.341E+00  7.78E-01
2.239E-01 6.937E-01 1.363E+00  7.63E-01
2.113E-01 6.623E-01 1.393E+00  7.43E-01
1.995E-01 6.171E-01 1.437E+00  7.15E-01
1.884E-01 5.402E-01 1.460E+00  6.83E-01
1.778E-01 4.936E-01 1.506E+00  6.61E-01
1.679E-01 4.577E-01 1.542E+00  6.47E-01
1.585E-01 4.378E-01 1.562E+00  6.42E-01
1.496E-01 4.818E-01 1.579E+00  6.64E-01
1.413E-01 5.031E-01 1.553E+00  6.77E-01
1.334E-01 5.101E-01 1.542E+00  6.84E-01
1.259E-01 5.091E-01 1.539E+00  6.86E-01
1.189E-01 4.924E-01 1.553E+00  6.82E-01
1.122E-01 4.857E-01 1.556E+00  6.83E-01
1.059E-01 5.118E-01 1.527E+00  6.99E-01
1.000E-01 5.419E-01 1.494E+00  7.18E-01
9.441E-02 5.629E-01 1.471E+00  7.32E-01
8.913E-02 5.871E-01 1.445E+00  7.49E-01
8.414E-02 6.099E-01 1.420E+00  7.65E-01
7.943E-02 6.314E-01 1.397E+00  7.80E-01
7.499E-02 6.520E-01 1.375E+00  7.96E-01
7.079E-02 6.716E-01 1.354E+00  8.11E-01
6.683E-02 6.902E-01 1.334E+00  8.26E-01
6.310E-02 7.080E-01 1.315E+00  8.40E-01
5.957E-02 7.249E-01 1.297E+00  8.54E-01
5.623E-02 7.410E-01 1.280E+00  8.68E-01
5.309E-02 7.562E-01 1.263E+00  8.81E-01
5.012E-02 7.704E-01 1.248E+00  8.92E-01
4.732E-02 7.839E-01 1.234E+00  9.04E-01
4.467E-02 7.965E-01 1.220E+00  9.14E-01
4.217E-02 8.071E-01 1.193E+00  9.22E-01
3.981E-02 8.184E-01 1.182E+00  9.31E-01
3.758E-02 8.291E-01 1.171E+00  9.39E-01
3.548E-02 8.393E-01 1.161E+00  9.46E-01
3.350E-02 8.491E-01 1.151E+00  9.52E-01
3.162E-02 8.584E-01 1.142E+00  9.58E-01
2.985E-02 8.674E-01 1.133E+00  9.63E-01
2.818E-02 8.759E-01 1.124E+00  9.68E-01
2.661E-02 8.843E-01 1.116E+00  9.72E-01
2.512E-02 8.923E-01 1.108E+00  9.76E-01
2.371E-02 9.001E-01 1.100E+00  9.79E-01
2.239E-02 9.077E-01 1.092E+00  9.82E-01
2.113E-02 9.149E-01 1.085E+00  9.85E-01
1.995E-02 9.219E-01 1.078E+00  9.87E-01
1.884E-02 9.286E-01 1.071E+00  9.89E-01
1.778E-02 9.352E-01 1.065E+00  9.91E-01
1.679E-02 9.415E-01 1.058E+00  9.93E-01
1.585E-02 9.476E-01 1.052E+00  9.94E-01
1.496E-02 9.536E-01 1.046E+00  9.95E-01
1.413E-02 9.597E-01 1.040E+00  9.96E-01
1.334E-02 9.659E-01 1.034E+00  9.97E-01
1.259E-02 9.720E-01 1.028E+00  9.98E-01
1.189E-02 9.786E-01 1.021E+00  9.99E-01
1.122E-02 9.893E-01 1.011E+00  1.00E+00
1.059E-02 9.897E-01 1.010E+00  9.99E-01
1.000E-02 9.860E-01 1.014E+00  9.99E-01
9.441E-03 9.845E-01 1.016E+00  9.99E-01
8.913E-03 9.843E-01 1.016E+00  9.99E-01
8.414E-03 9.847E-01 1.015E+00  9.99E-01
7.943E-03 9.856E-01 1.014E+00  9.99E-01
7.499E-03 9.878E-01 1.012E+00  9.99E-01
7.079E-03 9.870E-01 1.013E+00  9.99E-01
6.683E-03 9.869E-01 1.013E+00  9.99E-01
6.310E-03 9.873E-01 1.013E+00  9.99E-01
5.957E-03 9.879E-01 1.012E+00  9.99E-01
5.623E-03 9.887E-01 1.011E+00  1.00E+00
5.309E-03 9.895E-01 1.011E+00  1.00E+00
5.012E-03 9.903E-01 1.010E+00  1.00E+00
4.732E-03 9.913E-01 1.009E+00  1.00E+00
4.467E-03 9.934E-01 1.007E+00  1.00E+00
4.217E-03 9.930E-01 1.007E+00  1.00E+00
3.981E-03 9.928E-01 1.007E+00  1.00E+00
3.758E-03 9.928E-01 1.007E+00  1.00E+00
3.548E-03 9.929E-01 1.007E+00  1.00E+00
3.350E-03 9.930E-01 1.007E+00  1.00E+00
3.162E-03 9.931E-01 1.007E+00  1.00E+00
2.985E-03 9.931E-01 1.007E+00  1.00E+00
2.818E-03 9.931E-01 1.007E+00  1.00E+00
2.661E-03 9.932E-01 1.007E+00  1.00E+00
2.512E-03 9.934E-01 1.007E+00  1.00E+00
2.371E-03 9.939E-01 1.006E+00  1.00E+00
2.239E-03 9.945E-01 1.005E+00  1.00E+00
2.113E-03 9.951E-01 1.005E+00  1.00E+00
1.995E-03 9.953E-01 1.005E+00  1.00E+00
1.884E-03 9.951E-01 1.005E+00  1.00E+00
1.778E-03 9.945E-01 1.006E+00  1.00E+00
1.679E-03 9.934E-01 1.007E+00  1.00E+00
1.585E-03 9.919E-01 1.008E+00  1.00E+00
1.496E-03 9.897E-01 1.010E+00  1.00E+00
1.413E-03 9.867E-01 1.013E+00  1.00E+00
1.334E-03 9.825E-01 1.018E+00  1.00E+00
1.259E-03 9.767E-01 1.023E+00  1.00E+00
1.189E-03 9.689E-01 1.031E+00  1.00E+00
1.122E-03 9.580E-01 1.042E+00  1.00E+00
1.059E-03 9.435E-01 1.057E+00  1.00E+00
