w(micron)  Q_abs     Q_sca     g=<cos>
1.000E+03 4.581E-05 1.495E-06  4.56E-04
9.441E+02 5.141E-05 1.882E-06  5.12E-04
8.913E+02 5.771E-05 2.369E-06  5.74E-04
8.414E+02 6.477E-05 2.983E-06  6.44E-04
7.943E+02 7.271E-05 3.756E-06  7.23E-04
7.499E+02 8.163E-05 4.729E-06  8.11E-04
7.079E+02 9.164E-05 5.955E-06  9.10E-04
6.683E+02 1.029E-04 7.498E-06  1.02E-03
6.310E+02 1.155E-04 9.442E-06  1.15E-03
5.957E+02 1.297E-04 1.189E-05  1.29E-03
5.623E+02 1.457E-04 1.497E-05  1.44E-03
5.309E+02 1.636E-04 1.885E-05  1.62E-03
5.012E+02 1.838E-04 2.374E-05  1.82E-03
4.732E+02 2.065E-04 2.990E-05  2.04E-03
4.467E+02 2.321E-04 3.766E-05  2.29E-03
4.217E+02 2.608E-04 4.744E-05  2.57E-03
3.981E+02 2.932E-04 5.975E-05  2.88E-03
3.758E+02 3.296E-04 7.527E-05  3.23E-03
3.548E+02 3.707E-04 9.483E-05  3.63E-03
3.350E+02 4.170E-04 1.195E-04  4.07E-03
3.162E+02 4.692E-04 1.505E-04  4.57E-03
2.985E+02 5.281E-04 1.897E-04  5.13E-03
2.818E+02 5.947E-04 2.391E-04  5.76E-03
2.661E+02 6.699E-04 3.014E-04  6.46E-03
2.512E+02 7.550E-04 3.801E-04  7.26E-03
2.371E+02 8.514E-04 4.792E-04  8.15E-03
2.239E+02 9.608E-04 6.044E-04  9.15E-03
2.113E+02 1.085E-03 7.624E-04  1.03E-02
1.995E+02 1.226E-03 9.618E-04  1.15E-02
1.884E+02 1.387E-03 1.214E-03  1.29E-02
1.778E+02 1.571E-03 1.532E-03  1.45E-02
1.679E+02 1.780E-03 1.936E-03  1.63E-02
1.585E+02 2.019E-03 2.446E-03  1.84E-02
1.496E+02 2.294E-03 3.092E-03  2.06E-02
1.413E+02 2.611E-03 3.910E-03  2.32E-02
1.334E+02 2.977E-03 4.948E-03  2.61E-02
1.259E+02 3.402E-03 6.264E-03  2.93E-02
1.189E+02 3.896E-03 7.937E-03  3.30E-02
1.122E+02 4.472E-03 1.006E-02  3.71E-02
1.059E+02 5.148E-03 1.278E-02  4.18E-02
1.000E+02 5.945E-03 1.623E-02  4.71E-02
9.441E+01 6.890E-03 2.065E-02  5.31E-02
8.913E+01 8.020E-03 2.630E-02  5.99E-02
8.414E+01 9.381E-03 3.355E-02  6.77E-02
7.943E+01 1.103E-02 4.288E-02  7.66E-02
7.499E+01 1.306E-02 5.490E-02  8.68E-02
7.079E+01 1.558E-02 7.044E-02  9.85E-02
6.683E+01 1.875E-02 9.062E-02  1.12E-01
6.310E+01 2.282E-02 1.169E-01  1.28E-01
5.957E+01 2.813E-02 1.514E-01  1.46E-01
5.623E+01 3.524E-02 1.968E-01  1.68E-01
5.309E+01 4.510E-02 2.572E-01  1.95E-01
5.012E+01 5.930E-02 3.385E-01  2.27E-01
4.732E+01 8.093E-02 4.497E-01  2.68E-01
4.467E+01 1.164E-01 6.070E-01  3.18E-01
4.217E+01 1.807E-01 8.430E-01  3.82E-01
3.981E+01 3.148E-01 1.242E+00  4.55E-01
3.758E+01 6.448E-01 2.079E+00  5.07E-01
3.548E+01 1.393E+00 4.024E+00  4.28E-01
3.350E+01 1.474E+00 5.135E+00  1.88E-01
3.162E+01 8.517E-01 4.383E+00  3.32E-02
2.985E+01 6.186E-01 4.158E+00  1.93E-02
2.818E+01 6.374E-01 4.162E+00  6.90E-02
2.661E+01 8.631E-01 3.817E+00  1.45E-01
2.512E+01 1.534E+00 2.763E+00  2.37E-01
2.371E+01 1.688E+00 1.539E+00  4.19E-01
2.239E+01 9.619E-01 9.342E-01  3.10E-01
2.113E+01 1.015E+00 1.244E+00  2.45E-01
1.995E+01 1.592E+00 1.263E+00  2.28E-01
1.884E+01 1.259E+00 1.010E+00  3.80E-01
1.778E+01 1.073E+00 1.671E+00  4.62E-01
1.679E+01 1.124E+00 1.934E+00  4.89E-01
1.585E+01 1.297E+00 1.856E+00  5.40E-01
1.496E+01 1.269E+00 1.514E+00  4.83E-01
1.413E+01 1.149E+00 1.601E+00  5.25E-01
1.334E+01 1.001E+00 1.698E+00  5.05E-01
1.259E+01 8.123E-01 1.904E+00  4.90E-01
1.189E+01 8.168E-01 2.191E+00  5.22E-01
1.122E+01 1.079E+00 2.228E+00  5.79E-01
1.059E+01 1.345E+00 1.663E+00  6.65E-01
1.000E+01 1.376E+00 1.041E+00  7.77E-01
9.441E+00 1.431E+00 1.233E+00  8.20E-01
8.913E+00 1.474E+00 1.468E+00  7.96E-01
8.414E+00 1.477E+00 1.261E+00  7.58E-01
7.943E+00 1.406E+00 1.094E+00  7.43E-01
7.499E+00 1.369E+00 1.271E+00  7.97E-01
7.079E+00 1.243E+00 1.529E+00  8.11E-01
6.683E+00 1.224E+00 1.657E+00  8.12E-01
6.310E+00 1.174E+00 1.517E+00  7.69E-01
5.957E+00 1.136E+00 1.342E+00  7.34E-01
5.623E+00 1.143E+00 1.262E+00  7.13E-01
5.309E+00 1.120E+00 1.347E+00  7.57E-01
5.012E+00 1.103E+00 1.536E+00  7.86E-01
4.732E+00 1.057E+00 1.571E+00  8.12E-01
4.467E+00 1.034E+00 1.465E+00  7.87E-01
4.217E+00 1.025E+00 1.342E+00  7.53E-01
3.981E+00 1.020E+00 1.378E+00  7.66E-01
3.758E+00 9.953E-01 1.538E+00  7.89E-01
3.548E+00 9.667E-01 1.551E+00  7.89E-01
3.350E+00 9.435E-01 1.395E+00  7.69E-01
3.162E+00 9.164E-01 1.389E+00  7.70E-01
2.985E+00 8.906E-01 1.545E+00  7.90E-01
2.818E+00 8.841E-01 1.490E+00  7.79E-01
2.661E+00 8.739E-01 1.382E+00  7.62E-01
2.512E+00 8.475E-01 1.503E+00  7.78E-01
2.371E+00 8.408E-01 1.568E+00  7.80E-01
2.239E+00 8.025E-01 1.373E+00  7.51E-01
2.113E+00 7.914E-01 1.592E+00  7.89E-01
1.995E+00 7.596E-01 1.518E+00  7.63E-01
1.884E+00 7.594E-01 1.565E+00  7.73E-01
1.778E+00 7.196E-01 1.595E+00  7.61E-01
1.679E+00 6.886E-01 1.573E+00  7.67E-01
1.585E+00 6.620E-01 1.551E+00  7.51E-01
1.496E+00 6.477E-01 1.627E+00  7.53E-01
1.413E+00 6.040E-01 1.520E+00  7.25E-01
1.334E+00 5.858E-01 1.748E+00  7.57E-01
1.259E+00 5.657E-01 1.667E+00  7.43E-01
1.189E+00 5.256E-01 1.676E+00  7.24E-01
1.122E+00 4.933E-01 1.709E+00  7.27E-01
1.059E+00 4.773E-01 1.804E+00  7.25E-01
1.000E+00 4.397E-01 1.678E+00  6.93E-01
9.441E-01 4.156E-01 1.662E+00  6.80E-01
8.913E-01 3.897E-01 1.701E+00  6.72E-01
8.414E-01 3.614E-01 1.824E+00  7.05E-01
7.943E-01 3.447E-01 1.863E+00  6.89E-01
7.499E-01 3.176E-01 1.947E+00  6.94E-01
7.079E-01 2.821E-01 1.844E+00  6.68E-01
6.683E-01 2.634E-01 1.888E+00  6.79E-01
6.310E-01 2.431E-01 1.931E+00  6.65E-01
5.957E-01 2.285E-01 1.951E+00  6.66E-01
5.623E-01 2.039E-01 1.974E+00  6.72E-01
5.309E-01 1.807E-01 1.914E+00  6.54E-01
5.012E-01 1.648E-01 2.022E+00  6.66E-01
4.732E-01 1.467E-01 1.963E+00  6.48E-01
4.467E-01 1.387E-01 1.889E+00  6.27E-01
4.217E-01 1.218E-01 2.044E+00  6.49E-01
3.981E-01 1.611E-01 1.837E+00  6.19E-01
3.758E-01 3.280E-01 1.756E+00  6.82E-01
3.548E-01 5.372E-01 1.517E+00  7.35E-01
3.350E-01 6.027E-01 1.509E+00  7.62E-01
3.162E-01 7.426E-01 1.350E+00  8.03E-01
2.985E-01 7.721E-01 1.314E+00  8.11E-01
2.818E-01 7.705E-01 1.311E+00  8.07E-01
2.661E-01 7.583E-01 1.320E+00  8.00E-01
2.512E-01 7.437E-01 1.332E+00  7.90E-01
2.371E-01 7.256E-01 1.347E+00  7.79E-01
2.239E-01 7.019E-01 1.368E+00  7.64E-01
2.113E-01 6.701E-01 1.398E+00  7.44E-01
1.995E-01 6.247E-01 1.443E+00  7.16E-01
1.884E-01 5.761E-01 1.495E+00  6.89E-01
1.778E-01 5.320E-01 1.546E+00  6.69E-01
1.679E-01 4.970E-01 1.588E+00  6.56E-01
1.585E-01 4.737E-01 1.612E+00  6.52E-01
1.496E-01 4.902E-01 1.588E+00  6.66E-01
1.413E-01 5.105E-01 1.562E+00  6.79E-01
1.334E-01 5.165E-01 1.550E+00  6.85E-01
1.259E-01 5.148E-01 1.548E+00  6.88E-01
1.189E-01 4.971E-01 1.561E+00  6.83E-01
1.122E-01 4.896E-01 1.564E+00  6.84E-01
1.059E-01 5.150E-01 1.535E+00  7.01E-01
1.000E-01 5.447E-01 1.501E+00  7.19E-01
9.441E-02 5.655E-01 1.478E+00  7.33E-01
8.913E-02 5.894E-01 1.451E+00  7.50E-01
8.414E-02 6.120E-01 1.426E+00  7.66E-01
7.943E-02 6.333E-01 1.403E+00  7.81E-01
7.499E-02 6.538E-01 1.380E+00  7.96E-01
7.079E-02 6.732E-01 1.359E+00  8.12E-01
6.683E-02 6.916E-01 1.339E+00  8.26E-01
6.310E-02 7.093E-01 1.319E+00  8.41E-01
5.957E-02 7.261E-01 1.301E+00  8.55E-01
5.623E-02 7.420E-01 1.284E+00  8.68E-01
5.309E-02 7.571E-01 1.267E+00  8.81E-01
5.012E-02 7.712E-01 1.252E+00  8.93E-01
4.732E-02 7.846E-01 1.237E+00  9.04E-01
4.467E-02 7.971E-01 1.223E+00  9.14E-01
4.217E-02 8.089E-01 1.210E+00  9.23E-01
3.981E-02 8.199E-01 1.198E+00  9.32E-01
3.758E-02 8.303E-01 1.187E+00  9.40E-01
3.548E-02 8.403E-01 1.176E+00  9.47E-01
3.350E-02 8.498E-01 1.166E+00  9.53E-01
3.162E-02 8.589E-01 1.156E+00  9.58E-01
2.985E-02 8.674E-01 1.133E+00  9.63E-01
2.818E-02 8.759E-01 1.124E+00  9.68E-01
2.661E-02 8.843E-01 1.116E+00  9.72E-01
2.512E-02 8.923E-01 1.108E+00  9.76E-01
2.371E-02 9.001E-01 1.100E+00  9.79E-01
2.239E-02 9.077E-01 1.092E+00  9.82E-01
2.113E-02 9.149E-01 1.085E+00  9.85E-01
1.995E-02 9.219E-01 1.078E+00  9.87E-01
1.884E-02 9.286E-01 1.071E+00  9.89E-01
1.778E-02 9.352E-01 1.065E+00  9.91E-01
1.679E-02 9.415E-01 1.058E+00  9.93E-01
1.585E-02 9.476E-01 1.052E+00  9.94E-01
1.496E-02 9.536E-01 1.046E+00  9.95E-01
1.413E-02 9.597E-01 1.040E+00  9.96E-01
1.334E-02 9.659E-01 1.034E+00  9.97E-01
1.259E-02 9.719E-01 1.028E+00  9.98E-01
1.189E-02 9.785E-01 1.021E+00  9.99E-01
1.122E-02 9.892E-01 1.011E+00  1.00E+00
1.059E-02 9.897E-01 1.010E+00  9.99E-01
1.000E-02 9.860E-01 1.014E+00  9.99E-01
9.441E-03 9.845E-01 1.016E+00  9.99E-01
8.913E-03 9.843E-01 1.016E+00  9.99E-01
8.414E-03 9.847E-01 1.015E+00  9.99E-01
7.943E-03 9.856E-01 1.014E+00  9.99E-01
7.499E-03 9.878E-01 1.012E+00  9.99E-01
7.079E-03 9.870E-01 1.013E+00  9.99E-01
6.683E-03 9.869E-01 1.013E+00  9.99E-01
6.310E-03 9.873E-01 1.013E+00  9.99E-01
5.957E-03 9.879E-01 1.012E+00  9.99E-01
5.623E-03 9.886E-01 1.011E+00  1.00E+00
5.309E-03 9.895E-01 1.011E+00  1.00E+00
5.012E-03 9.903E-01 1.010E+00  1.00E+00
4.732E-03 9.912E-01 1.009E+00  1.00E+00
4.467E-03 9.933E-01 1.007E+00  1.00E+00
4.217E-03 9.930E-01 1.007E+00  1.00E+00
3.981E-03 9.928E-01 1.007E+00  1.00E+00
3.758E-03 9.927E-01 1.007E+00  1.00E+00
3.548E-03 9.928E-01 1.007E+00  1.00E+00
3.350E-03 9.927E-01 1.007E+00  1.00E+00
3.162E-03 9.926E-01 1.007E+00  1.00E+00
2.985E-03 9.925E-01 1.007E+00  1.00E+00
2.818E-03 9.924E-01 1.008E+00  1.00E+00
2.661E-03 9.923E-01 1.008E+00  1.00E+00
2.512E-03 9.924E-01 1.008E+00  1.00E+00
2.371E-03 9.926E-01 1.007E+00  1.00E+00
2.239E-03 9.930E-01 1.007E+00  1.00E+00
2.113E-03 9.931E-01 1.007E+00  1.00E+00
1.995E-03 9.929E-01 1.007E+00  1.00E+00
1.884E-03 9.920E-01 1.008E+00  1.00E+00
1.778E-03 9.905E-01 1.009E+00  1.00E+00
1.679E-03 9.883E-01 1.012E+00  1.00E+00
1.585E-03 9.851E-01 1.015E+00  1.00E+00
1.496E-03 9.807E-01 1.019E+00  1.00E+00
1.413E-03 9.745E-01 1.025E+00  1.00E+00
1.334E-03 9.661E-01 1.034E+00  1.00E+00
1.259E-03 9.548E-01 1.045E+00  1.00E+00
1.189E-03 9.399E-01 1.060E+00  1.00E+00
1.122E-03 9.199E-01 1.080E+00  1.00E+00
1.059E-03 8.946E-01 1.105E+00  1.00E+00
