w(micron)  Q_abs     Q_sca     g=<cos>
1.000E+03 3.629E-07 5.945E-15  0.00E+00
9.441E+02 4.071E-07 7.485E-15  0.00E+00
8.913E+02 4.568E-07 9.423E-15  0.00E+00
8.414E+02 5.125E-07 1.186E-14  0.00E+00
7.943E+02 5.751E-07 1.493E-14  0.00E+00
7.499E+02 6.453E-07 1.880E-14  0.00E+00
7.079E+02 7.240E-07 2.367E-14  0.00E+00
6.683E+02 8.123E-07 2.980E-14  0.00E+00
6.310E+02 9.114E-07 3.751E-14  0.00E+00
5.957E+02 1.023E-06 4.723E-14  0.00E+00
5.623E+02 1.147E-06 5.945E-14  0.00E+00
5.309E+02 1.287E-06 7.485E-14  0.00E+00
5.012E+02 1.444E-06 9.423E-14  0.00E+00
4.732E+02 1.621E-06 1.186E-13  0.00E+00
4.467E+02 1.818E-06 1.493E-13  0.00E+00
4.217E+02 2.040E-06 1.880E-13  0.00E+00
3.981E+02 2.289E-06 2.367E-13  0.00E+00
3.758E+02 2.568E-06 2.980E-13  0.00E+00
3.548E+02 2.881E-06 3.751E-13  0.00E+00
3.350E+02 3.233E-06 4.722E-13  0.00E+00
3.162E+02 3.627E-06 5.945E-13  0.00E+00
2.985E+02 4.069E-06 7.485E-13  0.00E+00
2.818E+02 4.565E-06 9.424E-13  0.00E+00
2.661E+02 5.121E-06 1.187E-12  0.00E+00
2.512E+02 5.744E-06 1.494E-12  0.00E+00
2.371E+02 6.444E-06 1.881E-12  5.12E-07
2.239E+02 7.229E-06 2.368E-12  5.74E-07
2.113E+02 8.109E-06 2.981E-12  6.44E-07
1.995E+02 9.098E-06 3.753E-12  7.23E-07
1.884E+02 1.021E-05 4.724E-12  8.11E-07
1.778E+02 1.145E-05 5.948E-12  9.10E-07
1.679E+02 1.284E-05 7.488E-12  1.02E-06
1.585E+02 1.439E-05 9.429E-12  1.15E-06
1.496E+02 1.614E-05 1.187E-11  1.29E-06
1.413E+02 1.810E-05 1.495E-11  1.44E-06
1.334E+02 2.030E-05 1.882E-11  1.62E-06
1.259E+02 2.277E-05 2.369E-11  1.82E-06
1.189E+02 2.553E-05 2.983E-11  2.04E-06
1.122E+02 2.861E-05 3.757E-11  2.29E-06
1.059E+02 3.207E-05 4.730E-11  2.57E-06
1.000E+02 3.595E-05 5.956E-11  2.88E-06
9.441E+01 4.028E-05 7.501E-11  3.24E-06
8.913E+01 4.513E-05 9.446E-11  3.63E-06
8.414E+01 5.056E-05 1.190E-10  4.08E-06
7.943E+01 5.664E-05 1.498E-10  4.58E-06
7.499E+01 6.344E-05 1.887E-10  5.14E-06
7.079E+01 7.103E-05 2.376E-10  5.77E-06
6.683E+01 7.952E-05 2.993E-10  6.48E-06
6.310E+01 8.900E-05 3.771E-10  7.27E-06
5.957E+01 9.957E-05 4.750E-10  8.17E-06
5.623E+01 1.114E-04 5.985E-10  9.17E-06
5.309E+01 1.245E-04 7.542E-10  1.03E-05
5.012E+01 1.392E-04 9.505E-10  1.16E-05
4.732E+01 1.555E-04 1.198E-09  1.30E-05
4.467E+01 1.737E-04 1.510E-09  1.46E-05
4.217E+01 1.939E-04 1.904E-09  1.64E-05
3.981E+01 2.164E-04 2.402E-09  1.85E-05
3.758E+01 2.413E-04 3.030E-09  2.08E-05
3.548E+01 2.691E-04 3.824E-09  2.34E-05
3.350E+01 2.999E-04 4.827E-09  2.64E-05
3.162E+01 3.341E-04 6.097E-09  2.97E-05
2.985E+01 3.722E-04 7.705E-09  3.35E-05
2.818E+01 4.147E-04 9.744E-09  3.79E-05
2.661E+01 4.621E-04 1.233E-08  4.28E-05
2.512E+01 5.153E-04 1.562E-08  4.84E-05
2.371E+01 5.753E-04 1.981E-08  5.50E-05
2.239E+01 6.438E-04 2.517E-08  6.25E-05
2.113E+01 7.232E-04 3.205E-08  7.13E-05
1.995E+01 8.169E-04 4.089E-08  8.18E-05
1.884E+01 9.309E-04 5.235E-08  9.42E-05
1.778E+01 1.075E-03 6.732E-08  1.10E-04
1.679E+01 1.265E-03 8.708E-08  1.29E-04
1.585E+01 1.543E-03 1.136E-07  1.55E-04
1.496E+01 1.945E-03 1.498E-07  1.91E-04
1.413E+01 2.635E-03 2.013E-07  2.47E-04
1.334E+01 3.942E-03 2.782E-07  3.20E-04
1.259E+01 6.828E-03 4.036E-07  1.15E-04
1.189E+01 1.472E-02 6.390E-07 -8.22E-05
1.122E+01 4.339E-02 1.142E-06 -1.49E-05
1.059E+01 9.549E-02 1.192E-06  4.60E-05
1.000E+01 4.584E-02 2.712E-07  9.54E-05
9.441E+00 2.144E-02 1.954E-07  1.35E-04
8.913E+00 1.310E-02 3.070E-07  1.73E-04
8.414E+00 9.512E-03 4.702E-07  2.11E-04
7.943E+00 7.644E-03 6.743E-07  2.51E-04
7.499E+00 6.522E-03 9.282E-07  2.94E-04
7.079E+00 5.832E-03 1.244E-06  3.40E-04
6.683E+00 5.369E-03 1.639E-06  3.91E-04
6.310E+00 5.047E-03 2.136E-06  4.47E-04
5.957E+00 4.812E-03 2.760E-06  5.09E-04
5.623E+00 4.621E-03 3.548E-06  5.78E-04
5.309E+00 4.470E-03 4.545E-06  6.55E-04
5.012E+00 4.347E-03 5.801E-06  7.41E-04
4.732E+00 4.239E-03 7.388E-06  8.38E-04
4.467E+00 4.138E-03 9.397E-06  9.46E-04
4.217E+00 4.046E-03 1.193E-05  1.07E-03
3.981E+00 3.956E-03 1.511E-05  1.20E-03
3.758E+00 3.865E-03 1.915E-05  1.35E-03
3.548E+00 3.772E-03 2.425E-05  1.52E-03
3.350E+00 3.678E-03 3.067E-05  1.72E-03
3.162E+00 3.579E-03 3.879E-05  1.93E-03
2.985E+00 3.477E-03 4.903E-05  2.17E-03
2.818E+00 3.368E-03 6.197E-05  2.44E-03
2.661E+00 3.257E-03 7.829E-05  2.75E-03
2.512E+00 3.139E-03 9.891E-05  3.09E-03
2.371E+00 3.024E-03 1.249E-04  3.47E-03
2.239E+00 2.901E-03 1.578E-04  3.90E-03
2.113E+00 2.769E-03 1.993E-04  4.38E-03
1.995E+00 2.636E-03 2.517E-04  4.92E-03
1.884E+00 2.502E-03 3.181E-04  5.53E-03
1.778E+00 2.371E-03 4.020E-04  6.22E-03
1.679E+00 2.239E-03 5.080E-04  6.99E-03
1.585E+00 2.108E-03 6.420E-04  7.85E-03
1.496E+00 1.980E-03 8.115E-04  8.82E-03
1.413E+00 1.852E-03 1.026E-03  9.91E-03
1.334E+00 1.730E-03 1.298E-03  1.11E-02
1.259E+00 1.610E-03 1.642E-03  1.25E-02
1.189E+00 1.496E-03 2.078E-03  1.41E-02
1.122E+00 1.387E-03 2.632E-03  1.58E-02
1.059E+00 1.282E-03 3.336E-03  1.78E-02
1.000E+00 1.185E-03 4.230E-03  2.00E-02
9.441E-01 1.092E-03 5.367E-03  2.25E-02
8.913E-01 1.006E-03 6.815E-03  2.53E-02
8.414E-01 9.256E-04 8.661E-03  2.85E-02
7.943E-01 8.510E-04 1.102E-02  3.20E-02
7.499E-01 7.819E-04 1.405E-02  3.61E-02
7.079E-01 7.188E-04 1.792E-02  4.07E-02
6.683E-01 6.608E-04 2.290E-02  4.58E-02
6.310E-01 6.083E-04 2.932E-02  5.17E-02
5.957E-01 5.611E-04 3.762E-02  5.85E-02
5.623E-01 5.168E-04 4.837E-02  6.61E-02
5.309E-01 4.778E-04 6.235E-02  7.49E-02
5.012E-01 4.437E-04 8.062E-02  8.51E-02
4.732E-01 4.135E-04 1.046E-01  9.69E-02
4.467E-01 3.874E-04 1.364E-01  1.11E-01
4.217E-01 3.612E-04 1.786E-01  1.27E-01
3.981E-01 5.227E-04 2.353E-01  1.47E-01
3.758E-01 1.507E-03 3.119E-01  1.72E-01
3.548E-01 3.796E-03 4.176E-01  2.03E-01
3.350E-01 5.779E-03 5.650E-01  2.43E-01
3.162E-01 1.534E-02 7.831E-01  3.00E-01
2.985E-01 3.598E-02 1.141E+00  3.83E-01
2.818E-01 1.564E-01 1.923E+00  4.90E-01
2.661E-01 9.260E-01 4.508E+00  4.56E-01
2.512E-01 1.102E+00 4.681E+00  1.16E-01
2.371E-01 8.100E-01 3.910E+00  3.48E-02
2.239E-01 1.546E+00 2.906E+00  1.46E-01
2.113E-01 1.651E+00 1.015E+00  2.15E-01
1.995E-01 1.388E+00 1.454E+00  1.91E-01
1.884E-01 1.236E+00 1.692E+00  2.08E-01
1.778E-01 1.114E+00 1.795E+00  2.38E-01
1.679E-01 1.068E+00 1.902E+00  2.89E-01
1.585E-01 1.121E+00 2.032E+00  3.58E-01
1.496E-01 1.284E+00 2.082E+00  4.30E-01
1.413E-01 1.366E+00 2.067E+00  4.73E-01
1.334E-01 1.389E+00 2.056E+00  4.98E-01
1.259E-01 1.383E+00 2.039E+00  5.14E-01
1.189E-01 1.394E+00 2.057E+00  5.34E-01
1.122E-01 1.436E+00 2.039E+00  5.65E-01
1.059E-01 1.431E+00 1.892E+00  5.97E-01
1.000E-01 1.371E+00 1.738E+00  6.19E-01
9.441E-02 1.303E+00 1.635E+00  6.35E-01
8.913E-02 1.236E+00 1.535E+00  6.53E-01
8.414E-02 1.175E+00 1.450E+00  6.71E-01
7.943E-02 1.121E+00 1.379E+00  6.89E-01
7.499E-02 1.075E+00 1.319E+00  7.08E-01
7.079E-02 1.036E+00 1.267E+00  7.27E-01
6.683E-02 1.002E+00 1.222E+00  7.46E-01
6.310E-02 9.724E-01 1.184E+00  7.65E-01
5.957E-02 9.462E-01 1.150E+00  7.84E-01
5.623E-02 9.227E-01 1.121E+00  8.02E-01
5.309E-02 9.013E-01 1.095E+00  8.20E-01
5.012E-02 8.815E-01 1.073E+00  8.37E-01
4.732E-02 8.631E-01 1.055E+00  8.53E-01
4.467E-02 8.456E-01 1.039E+00  8.68E-01
4.217E-02 8.286E-01 1.025E+00  8.82E-01
3.981E-02 8.122E-01 1.014E+00  8.94E-01
3.758E-02 7.958E-01 1.004E+00  9.06E-01
3.548E-02 7.800E-01 9.947E-01  9.16E-01
3.350E-02 7.640E-01 9.859E-01  9.26E-01
3.162E-02 7.477E-01 9.770E-01  9.34E-01
2.985E-02 7.311E-01 9.670E-01  9.42E-01
2.818E-02 7.137E-01 9.558E-01  9.49E-01
2.661E-02 6.957E-01 9.417E-01  9.55E-01
2.512E-02 6.767E-01 9.247E-01  9.60E-01
2.371E-02 6.569E-01 9.035E-01  9.65E-01
2.239E-02 6.358E-01 8.785E-01  9.69E-01
2.113E-02 6.136E-01 8.484E-01  9.73E-01
1.995E-02 5.903E-01 8.139E-01  9.76E-01
1.884E-02 5.656E-01 7.737E-01  9.79E-01
1.778E-02 5.400E-01 7.281E-01  9.81E-01
1.679E-02 5.135E-01 6.774E-01  9.83E-01
1.585E-02 4.865E-01 6.211E-01  9.85E-01
1.496E-02 4.590E-01 5.592E-01  9.87E-01
1.413E-02 4.312E-01 4.913E-01  9.88E-01
1.334E-02 4.034E-01 4.165E-01  9.90E-01
1.259E-02 3.762E-01 3.339E-01  9.91E-01
1.189E-02 3.491E-01 2.420E-01  9.92E-01
1.122E-02 3.240E-01 1.104E-01  9.93E-01
1.059E-02 7.942E-01 3.486E-01  9.92E-01
1.000E-02 7.582E-01 3.494E-01  9.93E-01
9.441E-03 7.333E-01 3.809E-01  9.94E-01
8.913E-03 7.081E-01 3.909E-01  9.94E-01
8.414E-03 6.810E-01 3.889E-01  9.95E-01
7.943E-03 6.518E-01 3.746E-01  9.95E-01
7.499E-03 6.216E-01 3.256E-01  9.96E-01
7.079E-03 6.737E-01 3.882E-01  9.96E-01
6.683E-03 6.408E-01 3.976E-01  9.97E-01
6.310E-03 6.062E-01 3.941E-01  9.97E-01
5.957E-03 5.706E-01 3.835E-01  9.97E-01
5.623E-03 5.332E-01 3.679E-01  9.98E-01
5.309E-03 4.957E-01 3.466E-01  9.98E-01
5.012E-03 4.580E-01 3.197E-01  9.98E-01
4.732E-03 4.212E-01 2.807E-01  9.98E-01
4.467E-03 3.853E-01 1.939E-01  9.98E-01
4.217E-03 4.845E-01 2.704E-01  9.99E-01
3.981E-03 4.461E-01 2.752E-01  9.99E-01
3.758E-03 4.081E-01 2.687E-01  9.99E-01
3.548E-03 3.712E-01 2.565E-01  9.99E-01
3.350E-03 3.359E-01 2.419E-01  9.99E-01
3.162E-03 3.024E-01 2.258E-01  9.99E-01
2.985E-03 2.716E-01 2.098E-01  9.99E-01
2.818E-03 2.416E-01 1.935E-01  9.99E-01
2.661E-03 2.137E-01 1.771E-01  9.99E-01
2.512E-03 1.887E-01 1.611E-01  9.99E-01
2.371E-03 1.662E-01 1.461E-01  1.00E+00
2.239E-03 1.459E-01 1.320E-01  1.00E+00
2.113E-03 1.275E-01 1.189E-01  1.00E+00
1.995E-03 1.113E-01 1.069E-01  1.00E+00
1.884E-03 9.684E-02 9.583E-02  1.00E+00
1.778E-03 8.403E-02 8.565E-02  1.00E+00
1.679E-03 7.278E-02 7.640E-02  1.00E+00
1.585E-03 6.296E-02 6.804E-02  1.00E+00
1.496E-03 5.436E-02 6.057E-02  1.00E+00
1.413E-03 4.686E-02 5.383E-02  1.00E+00
1.334E-03 4.035E-02 4.772E-02  1.00E+00
1.259E-03 3.473E-02 4.231E-02  1.00E+00
1.189E-03 2.992E-02 3.754E-02  1.00E+00
1.122E-03 2.560E-02 3.315E-02  1.00E+00
1.059E-03 2.193E-02 2.921E-02  1.00E+00
