w(micron)  Q_abs     Q_sca     g=<cos>
1.000E+03 6.453E-07 5.945E-14  0.00E+00
9.441E+02 7.240E-07 7.485E-14  0.00E+00
8.913E+02 8.123E-07 9.423E-14  0.00E+00
8.414E+02 9.115E-07 1.186E-13  0.00E+00
7.943E+02 1.023E-06 1.493E-13  0.00E+00
7.499E+02 1.147E-06 1.880E-13  0.00E+00
7.079E+02 1.287E-06 2.367E-13  0.00E+00
6.683E+02 1.445E-06 2.980E-13  0.00E+00
6.310E+02 1.621E-06 3.751E-13  0.00E+00
5.957E+02 1.819E-06 4.723E-13  0.00E+00
5.623E+02 2.040E-06 5.945E-13  0.00E+00
5.309E+02 2.289E-06 7.485E-13  0.00E+00
5.012E+02 2.569E-06 9.423E-13  0.00E+00
4.732E+02 2.882E-06 1.186E-12  0.00E+00
4.467E+02 3.234E-06 1.493E-12  0.00E+00
4.217E+02 3.628E-06 1.880E-12  5.11E-07
3.981E+02 4.071E-06 2.367E-12  5.74E-07
3.758E+02 4.567E-06 2.980E-12  6.44E-07
3.548E+02 5.124E-06 3.751E-12  7.23E-07
3.350E+02 5.749E-06 4.722E-12  8.11E-07
3.162E+02 6.450E-06 5.945E-12  9.09E-07
2.985E+02 7.236E-06 7.485E-12  1.02E-06
2.818E+02 8.117E-06 9.424E-12  1.15E-06
2.661E+02 9.106E-06 1.187E-11  1.29E-06
2.512E+02 1.021E-05 1.494E-11  1.44E-06
2.371E+02 1.146E-05 1.881E-11  1.62E-06
2.239E+02 1.285E-05 2.368E-11  1.82E-06
2.113E+02 1.442E-05 2.981E-11  2.04E-06
1.995E+02 1.618E-05 3.753E-11  2.29E-06
1.884E+02 1.815E-05 4.724E-11  2.56E-06
1.778E+02 2.036E-05 5.948E-11  2.88E-06
1.679E+02 2.283E-05 7.488E-11  3.23E-06
1.585E+02 2.560E-05 9.429E-11  3.62E-06
1.496E+02 2.870E-05 1.187E-10  4.07E-06
1.413E+02 3.218E-05 1.495E-10  4.56E-06
1.334E+02 3.609E-05 1.882E-10  5.12E-06
1.259E+02 4.048E-05 2.369E-10  5.75E-06
1.189E+02 4.539E-05 2.983E-10  6.45E-06
1.122E+02 5.089E-05 3.757E-10  7.24E-06
1.059E+02 5.704E-05 4.730E-10  8.12E-06
1.000E+02 6.393E-05 5.956E-10  9.12E-06
9.441E+01 7.164E-05 7.501E-10  1.02E-05
8.913E+01 8.027E-05 9.446E-10  1.15E-05
8.414E+01 8.992E-05 1.190E-09  1.29E-05
7.943E+01 1.007E-04 1.498E-09  1.45E-05
7.499E+01 1.128E-04 1.887E-09  1.62E-05
7.079E+01 1.263E-04 2.376E-09  1.82E-05
6.683E+01 1.414E-04 2.993E-09  2.05E-05
6.310E+01 1.583E-04 3.771E-09  2.30E-05
5.957E+01 1.771E-04 4.751E-09  2.58E-05
5.623E+01 1.981E-04 5.985E-09  2.90E-05
5.309E+01 2.215E-04 7.542E-09  3.26E-05
5.012E+01 2.475E-04 9.505E-09  3.66E-05
4.732E+01 2.766E-04 1.198E-08  4.11E-05
4.467E+01 3.089E-04 1.510E-08  4.62E-05
4.217E+01 3.449E-04 1.904E-08  5.20E-05
3.981E+01 3.848E-04 2.402E-08  5.85E-05
3.758E+01 4.293E-04 3.030E-08  6.58E-05
3.548E+01 4.787E-04 3.824E-08  7.41E-05
3.350E+01 5.334E-04 4.828E-08  8.34E-05
3.162E+01 5.944E-04 6.098E-08  9.40E-05
2.985E+01 6.621E-04 7.706E-08  1.06E-04
2.818E+01 7.378E-04 9.745E-08  1.20E-04
2.661E+01 8.222E-04 1.233E-07  1.35E-04
2.512E+01 9.170E-04 1.562E-07  1.53E-04
2.371E+01 1.024E-03 1.982E-07  1.74E-04
2.239E+01 1.146E-03 2.518E-07  1.98E-04
2.113E+01 1.287E-03 3.206E-07  2.26E-04
1.995E+01 1.454E-03 4.091E-07  2.59E-04
1.884E+01 1.658E-03 5.237E-07  2.98E-04
1.778E+01 1.915E-03 6.734E-07  3.47E-04
1.679E+01 2.254E-03 8.712E-07  4.08E-04
1.585E+01 2.750E-03 1.137E-06  4.90E-04
1.496E+01 3.470E-03 1.499E-06  6.05E-04
1.413E+01 4.708E-03 2.014E-06  7.81E-04
1.334E+01 7.072E-03 2.784E-06  1.01E-03
1.259E+01 1.229E-02 4.040E-06  3.59E-04
1.189E+01 2.628E-02 6.398E-06 -2.60E-04
1.122E+01 7.735E-02 1.144E-05 -4.71E-05
1.059E+01 1.700E-01 1.193E-05  1.45E-04
1.000E+01 8.156E-02 2.712E-06  3.02E-04
9.441E+00 3.817E-02 1.955E-06  4.28E-04
8.913E+00 2.333E-02 3.071E-06  5.47E-04
8.414E+00 1.695E-02 4.706E-06  6.67E-04
7.943E+00 1.363E-02 6.749E-06  7.93E-04
7.499E+00 1.163E-02 9.292E-06  9.28E-04
7.079E+00 1.041E-02 1.245E-05  1.07E-03
6.683E+00 9.584E-03 1.642E-05  1.24E-03
6.310E+00 9.016E-03 2.139E-05  1.41E-03
5.957E+00 8.602E-03 2.765E-05  1.61E-03
5.623E+00 8.266E-03 3.556E-05  1.83E-03
5.309E+00 8.002E-03 4.557E-05  2.07E-03
5.012E+00 7.790E-03 5.818E-05  2.34E-03
4.732E+00 7.604E-03 7.412E-05  2.65E-03
4.467E+00 7.431E-03 9.432E-05  2.99E-03
4.217E+00 7.275E-03 1.198E-04  3.37E-03
3.981E+00 7.124E-03 1.519E-04  3.80E-03
3.758E+00 6.970E-03 1.925E-04  4.28E-03
3.548E+00 6.815E-03 2.439E-04  4.82E-03
3.350E+00 6.658E-03 3.088E-04  5.42E-03
3.162E+00 6.494E-03 3.909E-04  6.10E-03
2.985E+00 6.325E-03 4.946E-04  6.86E-03
2.818E+00 6.144E-03 6.257E-04  7.72E-03
2.661E+00 5.960E-03 7.916E-04  8.68E-03
2.512E+00 5.765E-03 1.001E-03  9.75E-03
2.371E+00 5.576E-03 1.267E-03  1.10E-02
2.239E+00 5.373E-03 1.602E-03  1.23E-02
2.113E+00 5.154E-03 2.028E-03  1.38E-02
1.995E+00 4.936E-03 2.568E-03  1.56E-02
1.884E+00 4.715E-03 3.252E-03  1.75E-02
1.778E+00 4.500E-03 4.121E-03  1.96E-02
1.679E+00 4.283E-03 5.224E-03  2.21E-02
1.585E+00 4.068E-03 6.625E-03  2.48E-02
1.496E+00 3.859E-03 8.406E-03  2.79E-02
1.413E+00 3.651E-03 1.067E-02  3.13E-02
1.334E+00 3.453E-03 1.356E-02  3.52E-02
1.259E+00 3.260E-03 1.726E-02  3.96E-02
1.189E+00 3.077E-03 2.198E-02  4.46E-02
1.122E+00 2.903E-03 2.802E-02  5.01E-02
1.059E+00 2.739E-03 3.578E-02  5.64E-02
1.000E+00 2.587E-03 4.575E-02  6.36E-02
9.441E-01 2.446E-03 5.859E-02  7.16E-02
8.913E-01 2.317E-03 7.517E-02  8.08E-02
8.414E-01 2.201E-03 9.661E-02  9.13E-02
7.943E-01 2.099E-03 1.245E-01  1.03E-01
7.499E-01 2.010E-03 1.608E-01  1.17E-01
7.079E-01 1.938E-03 2.081E-01  1.33E-01
6.683E-01 1.884E-03 2.702E-01  1.52E-01
6.310E-01 1.852E-03 3.517E-01  1.74E-01
5.957E-01 1.850E-03 4.593E-01  2.01E-01
5.623E-01 1.882E-03 6.022E-01  2.34E-01
5.309E-01 1.977E-03 7.937E-01  2.76E-01
5.012E-01 2.184E-03 1.058E+00  3.30E-01
4.732E-01 2.614E-03 1.451E+00  3.99E-01
4.467E-01 3.568E-03 2.138E+00  4.80E-01
4.217E-01 5.729E-03 3.712E+00  5.25E-01
3.981E-01 1.218E-02 6.613E+00  4.21E-01
3.758E-01 2.011E-02 6.149E+00  2.41E-01
3.548E-01 2.441E-02 4.947E+00  1.66E-01
3.350E-01 2.592E-02 4.506E+00  1.77E-01
3.162E-01 7.534E-02 4.225E+00  2.16E-01
2.985E-01 5.858E-01 5.965E+00  2.41E-01
2.818E-01 2.901E-01 1.776E+00  2.64E-01
2.661E-01 6.455E-01 2.335E+00  1.50E-01
2.512E-01 1.403E+00 1.028E+00  9.81E-02
2.371E-01 9.972E-01 1.398E+00  4.95E-01
2.239E-01 1.163E+00 1.927E+00  5.35E-01
2.113E-01 1.268E+00 1.676E+00  5.05E-01
1.995E-01 1.169E+00 1.590E+00  5.25E-01
1.884E-01 1.050E+00 1.698E+00  5.17E-01
1.778E-01 9.716E-01 1.808E+00  5.23E-01
1.679E-01 9.411E-01 1.936E+00  5.39E-01
1.585E-01 9.539E-01 2.063E+00  5.59E-01
1.496E-01 1.032E+00 2.053E+00  5.83E-01
1.413E-01 1.095E+00 1.998E+00  6.07E-01
1.334E-01 1.138E+00 1.985E+00  6.30E-01
1.259E-01 1.142E+00 1.986E+00  6.45E-01
1.189E-01 1.126E+00 2.013E+00  6.51E-01
1.122E-01 1.123E+00 2.000E+00  6.62E-01
1.059E-01 1.108E+00 1.889E+00  6.79E-01
1.000E-01 1.075E+00 1.775E+00  6.94E-01
9.441E-02 1.037E+00 1.699E+00  7.07E-01
8.913E-02 1.003E+00 1.623E+00  7.21E-01
8.414E-02 9.748E-01 1.558E+00  7.36E-01
7.943E-02 9.513E-01 1.502E+00  7.51E-01
7.499E-02 9.322E-01 1.452E+00  7.67E-01
7.079E-02 9.165E-01 1.408E+00  7.82E-01
6.683E-02 9.034E-01 1.370E+00  7.98E-01
6.310E-02 8.925E-01 1.335E+00  8.13E-01
5.957E-02 8.832E-01 1.304E+00  8.29E-01
5.623E-02 8.752E-01 1.276E+00  8.43E-01
5.309E-02 8.680E-01 1.251E+00  8.57E-01
5.012E-02 8.615E-01 1.229E+00  8.71E-01
4.732E-02 8.555E-01 1.209E+00  8.83E-01
4.467E-02 8.498E-01 1.192E+00  8.95E-01
4.217E-02 8.444E-01 1.177E+00  9.06E-01
3.981E-02 8.390E-01 1.166E+00  9.16E-01
3.758E-02 8.337E-01 1.157E+00  9.25E-01
3.548E-02 8.287E-01 1.151E+00  9.34E-01
3.350E-02 8.236E-01 1.150E+00  9.41E-01
3.162E-02 8.182E-01 1.152E+00  9.49E-01
2.985E-02 8.125E-01 1.158E+00  9.55E-01
2.818E-02 8.062E-01 1.169E+00  9.61E-01
2.661E-02 7.994E-01 1.182E+00  9.67E-01
2.512E-02 7.913E-01 1.199E+00  9.71E-01
2.371E-02 7.822E-01 1.216E+00  9.76E-01
2.239E-02 7.715E-01 1.234E+00  9.79E-01
2.113E-02 7.591E-01 1.248E+00  9.82E-01
1.995E-02 7.447E-01 1.256E+00  9.85E-01
1.884E-02 7.279E-01 1.257E+00  9.87E-01
1.778E-02 7.090E-01 1.247E+00  9.89E-01
1.679E-02 6.878E-01 1.223E+00  9.91E-01
1.585E-02 6.645E-01 1.182E+00  9.92E-01
1.496E-02 6.391E-01 1.121E+00  9.94E-01
1.413E-02 6.118E-01 1.037E+00  9.95E-01
1.334E-02 5.829E-01 9.251E-01  9.95E-01
1.259E-02 5.531E-01 7.797E-01  9.96E-01
1.189E-02 5.220E-01 5.942E-01  9.97E-01
1.122E-02 4.923E-01 2.876E-01  9.97E-01
1.059E-02 9.267E-01 6.131E-01  9.96E-01
1.000E-02 8.934E-01 6.209E-01  9.97E-01
9.441E-03 8.753E-01 6.774E-01  9.97E-01
8.913E-03 8.582E-01 7.046E-01  9.97E-01
8.414E-03 8.397E-01 7.162E-01  9.97E-01
7.943E-03 8.189E-01 7.100E-01  9.98E-01
7.499E-03 7.969E-01 6.451E-01  9.98E-01
7.079E-03 8.355E-01 7.195E-01  9.98E-01
6.683E-03 8.111E-01 7.523E-01  9.98E-01
6.310E-03 7.841E-01 7.668E-01  9.99E-01
5.957E-03 7.545E-01 7.699E-01  9.99E-01
5.623E-03 7.212E-01 7.639E-01  9.99E-01
5.309E-03 6.856E-01 7.453E-01  9.99E-01
5.012E-03 6.476E-01 7.126E-01  9.99E-01
4.732E-03 6.081E-01 6.501E-01  9.99E-01
4.467E-03 5.677E-01 4.730E-01  9.99E-01
4.217E-03 6.755E-01 6.032E-01  9.99E-01
3.981E-03 6.357E-01 6.285E-01  9.99E-01
3.758E-03 5.939E-01 6.305E-01  1.00E+00
3.548E-03 5.512E-01 6.184E-01  1.00E+00
3.350E-03 5.082E-01 5.989E-01  1.00E+00
3.162E-03 4.656E-01 5.732E-01  1.00E+00
2.985E-03 4.248E-01 5.449E-01  1.00E+00
2.818E-03 3.836E-01 5.136E-01  1.00E+00
2.661E-03 3.441E-01 4.799E-01  1.00E+00
2.512E-03 3.076E-01 4.446E-01  1.00E+00
2.371E-03 2.739E-01 4.097E-01  1.00E+00
2.239E-03 2.428E-01 3.757E-01  1.00E+00
2.113E-03 2.140E-01 3.429E-01  1.00E+00
1.995E-03 1.882E-01 3.117E-01  1.00E+00
1.884E-03 1.649E-01 2.823E-01  1.00E+00
1.778E-03 1.439E-01 2.546E-01  1.00E+00
1.679E-03 1.253E-01 2.289E-01  1.00E+00
1.585E-03 1.089E-01 2.053E-01  1.00E+00
1.496E-03 9.436E-02 1.839E-01  1.00E+00
1.413E-03 8.161E-02 1.643E-01  1.00E+00
1.334E-03 7.048E-02 1.463E-01  1.00E+00
1.259E-03 6.082E-02 1.303E-01  1.00E+00
1.189E-03 5.250E-02 1.160E-01  1.00E+00
1.122E-03 4.502E-02 1.027E-01  1.00E+00
1.059E-03 3.863E-02 9.078E-02  1.00E+00
