w(micron)  Q_abs     Q_sca     g=<cos>
1.000E+03 5.125E-08 2.367E-18  0.00E+00
9.441E+02 5.751E-08 2.980E-18  0.00E+00
8.913E+02 6.453E-08 3.751E-18  0.00E+00
8.414E+02 7.240E-08 4.723E-18  0.00E+00
7.943E+02 8.123E-08 5.945E-18  0.00E+00
7.499E+02 9.114E-08 7.485E-18  0.00E+00
7.079E+02 1.023E-07 9.423E-18  0.00E+00
6.683E+02 1.147E-07 1.186E-17  0.00E+00
6.310E+02 1.287E-07 1.493E-17  0.00E+00
5.957E+02 1.445E-07 1.880E-17  0.00E+00
5.623E+02 1.621E-07 2.367E-17  0.00E+00
5.309E+02 1.818E-07 2.980E-17  0.00E+00
5.012E+02 2.040E-07 3.751E-17  0.00E+00
4.732E+02 2.289E-07 4.723E-17  0.00E+00
4.467E+02 2.568E-07 5.945E-17  0.00E+00
4.217E+02 2.882E-07 7.485E-17  0.00E+00
3.981E+02 3.233E-07 9.423E-17  0.00E+00
3.758E+02 3.628E-07 1.186E-16  0.00E+00
3.548E+02 4.070E-07 1.493E-16  0.00E+00
3.350E+02 4.566E-07 1.880E-16  0.00E+00
3.162E+02 5.123E-07 2.367E-16  0.00E+00
2.985E+02 5.748E-07 2.980E-16  0.00E+00
2.818E+02 6.448E-07 3.752E-16  0.00E+00
2.661E+02 7.233E-07 4.724E-16  0.00E+00
2.512E+02 8.114E-07 5.947E-16  0.00E+00
2.371E+02 9.102E-07 7.488E-16  0.00E+00
2.239E+02 1.021E-06 9.426E-16  0.00E+00
2.113E+02 1.145E-06 1.187E-15  0.00E+00
1.995E+02 1.285E-06 1.494E-15  0.00E+00
1.884E+02 1.442E-06 1.881E-15  0.00E+00
1.778E+02 1.617E-06 2.368E-15  0.00E+00
1.679E+02 1.814E-06 2.981E-15  0.00E+00
1.585E+02 2.033E-06 3.754E-15  0.00E+00
1.496E+02 2.280E-06 4.727E-15  0.00E+00
1.413E+02 2.556E-06 5.951E-15  0.00E+00
1.334E+02 2.867E-06 7.493E-15  0.00E+00
1.259E+02 3.216E-06 9.433E-15  0.00E+00
1.189E+02 3.605E-06 1.188E-14  0.00E+00
1.122E+02 4.042E-06 1.496E-14  0.00E+00
1.059E+02 4.530E-06 1.883E-14  0.00E+00
1.000E+02 5.077E-06 2.371E-14  0.00E+00
9.441E+01 5.690E-06 2.986E-14  0.00E+00
8.913E+01 6.375E-06 3.760E-14  0.00E+00
8.414E+01 7.142E-06 4.736E-14  0.00E+00
7.943E+01 8.000E-06 5.964E-14  0.00E+00
7.499E+01 8.960E-06 7.511E-14  0.00E+00
7.079E+01 1.003E-05 9.461E-14  0.00E+00
6.683E+01 1.123E-05 1.192E-13  0.00E+00
6.310E+01 1.257E-05 1.501E-13  0.00E+00
5.957E+01 1.406E-05 1.891E-13  0.00E+00
5.623E+01 1.573E-05 2.383E-13  0.00E+00
5.309E+01 1.759E-05 3.002E-13  0.00E+00
5.012E+01 1.966E-05 3.784E-13  0.00E+00
4.732E+01 2.196E-05 4.769E-13  0.00E+00
4.467E+01 2.453E-05 6.012E-13  0.00E+00
4.217E+01 2.739E-05 7.581E-13  0.00E+00
3.981E+01 3.056E-05 9.561E-13  0.00E+00
3.758E+01 3.409E-05 1.206E-12  0.00E+00
3.548E+01 3.801E-05 1.522E-12  0.00E+00
3.350E+01 4.235E-05 1.922E-12  5.26E-07
3.162E+01 4.719E-05 2.427E-12  5.93E-07
2.985E+01 5.256E-05 3.067E-12  6.69E-07
2.818E+01 5.856E-05 3.879E-12  7.56E-07
2.661E+01 6.525E-05 4.909E-12  8.54E-07
2.512E+01 7.277E-05 6.218E-12  9.67E-07
2.371E+01 8.124E-05 7.887E-12  1.10E-06
2.239E+01 9.091E-05 1.002E-11  1.25E-06
2.113E+01 1.021E-04 1.276E-11  1.42E-06
1.995E+01 1.153E-04 1.628E-11  1.63E-06
1.884E+01 1.314E-04 2.084E-11  1.88E-06
1.778E+01 1.518E-04 2.680E-11  2.19E-06
1.679E+01 1.785E-04 3.466E-11  2.57E-06
1.585E+01 2.177E-04 4.522E-11  3.09E-06
1.496E+01 2.744E-04 5.963E-11  3.81E-06
1.413E+01 3.714E-04 8.010E-11  4.92E-06
1.334E+01 5.546E-04 1.107E-10  6.39E-06
1.259E+01 9.591E-04 1.606E-10  2.30E-06
1.189E+01 2.075E-03 2.542E-10 -1.64E-06
1.122E+01 6.123E-03 4.543E-10 -2.98E-07
1.059E+01 1.348E-02 4.746E-10  9.17E-07
1.000E+01 6.474E-03 1.080E-10  1.90E-06
9.441E+00 3.028E-03 7.780E-11  2.70E-06
8.913E+00 1.849E-03 1.222E-10  3.45E-06
8.414E+00 1.343E-03 1.872E-10  4.21E-06
7.943E+00 1.079E-03 2.683E-10  5.00E-06
7.499E+00 9.200E-04 3.693E-10  5.86E-06
7.079E+00 8.226E-04 4.949E-10  6.78E-06
6.683E+00 7.570E-04 6.522E-10  7.80E-06
6.310E+00 7.115E-04 8.496E-10  8.91E-06
5.957E+00 6.782E-04 1.098E-09  1.02E-05
5.623E+00 6.510E-04 1.411E-09  1.15E-05
5.309E+00 6.295E-04 1.807E-09  1.31E-05
5.012E+00 6.119E-04 2.307E-09  1.48E-05
4.732E+00 5.965E-04 2.937E-09  1.67E-05
4.467E+00 5.819E-04 3.735E-09  1.89E-05
4.217E+00 5.686E-04 4.738E-09  2.13E-05
3.981E+00 5.557E-04 6.004E-09  2.40E-05
3.758E+00 5.424E-04 7.605E-09  2.70E-05
3.548E+00 5.289E-04 9.626E-09  3.04E-05
3.350E+00 5.153E-04 1.217E-08  3.42E-05
3.162E+00 5.009E-04 1.539E-08  3.85E-05
2.985E+00 4.861E-04 1.944E-08  4.33E-05
2.818E+00 4.702E-04 2.456E-08  4.87E-05
2.661E+00 4.540E-04 3.101E-08  5.48E-05
2.512E+00 4.369E-04 3.916E-08  6.16E-05
2.371E+00 4.201E-04 4.942E-08  6.92E-05
2.239E+00 4.021E-04 6.236E-08  7.78E-05
2.113E+00 3.830E-04 7.870E-08  8.74E-05
1.995E+00 3.637E-04 9.933E-08  9.83E-05
1.884E+00 3.442E-04 1.254E-07  1.10E-04
1.778E+00 3.251E-04 1.582E-07  1.24E-04
1.679E+00 3.058E-04 1.997E-07  1.39E-04
1.585E+00 2.867E-04 2.520E-07  1.57E-04
1.496E+00 2.680E-04 3.179E-07  1.76E-04
1.413E+00 2.495E-04 4.011E-07  1.98E-04
1.334E+00 2.316E-04 5.062E-07  2.22E-04
1.259E+00 2.142E-04 6.388E-07  2.50E-04
1.189E+00 1.975E-04 8.064E-07  2.81E-04
1.122E+00 1.816E-04 1.018E-06  3.16E-04
1.059E+00 1.663E-04 1.285E-06  3.55E-04
1.000E+00 1.520E-04 1.623E-06  3.99E-04
9.441E-01 1.385E-04 2.051E-06  4.49E-04
8.913E-01 1.258E-04 2.591E-06  5.05E-04
8.414E-01 1.141E-04 3.273E-06  5.68E-04
7.943E-01 1.031E-04 4.139E-06  6.39E-04
7.499E-01 9.291E-05 5.236E-06  7.19E-04
7.079E-01 8.357E-05 6.624E-06  8.10E-04
6.683E-01 7.495E-05 8.387E-06  9.12E-04
6.310E-01 6.711E-05 1.063E-05  1.03E-03
5.957E-01 5.996E-05 1.347E-05  1.16E-03
5.623E-01 5.326E-05 1.710E-05  1.31E-03
5.309E-01 4.726E-05 2.171E-05  1.48E-03
5.012E-01 4.184E-05 2.760E-05  1.67E-03
4.732E-01 3.691E-05 3.514E-05  1.89E-03
4.467E-01 3.242E-05 4.481E-05  2.14E-03
4.217E-01 2.801E-05 5.724E-05  2.43E-03
3.981E-01 3.695E-05 7.329E-05  2.76E-03
3.758E-01 9.520E-05 9.400E-05  3.15E-03
3.548E-01 2.074E-04 1.210E-04  3.60E-03
3.350E-01 2.616E-04 1.561E-04  4.12E-03
3.162E-01 5.302E-04 2.024E-04  4.75E-03
2.985E-01 8.201E-04 2.638E-04  5.52E-03
2.818E-01 1.768E-03 3.456E-04  6.45E-03
2.661E-01 3.823E-03 4.544E-04  7.60E-03
2.512E-01 6.911E-03 6.015E-04  9.07E-03
2.371E-01 9.910E-03 8.025E-04  1.10E-02
2.239E-01 1.493E-02 1.083E-03  1.38E-02
2.113E-01 2.388E-02 1.481E-03  1.78E-02
1.995E-01 4.264E-02 2.061E-03  2.34E-02
1.884E-01 7.878E-02 2.870E-03  2.33E-02
1.778E-01 1.208E-01 4.002E-03  1.16E-02
1.679E-01 1.658E-01 5.657E-03  2.73E-04
1.585E-01 2.389E-01 8.274E-03 -3.38E-03
1.496E-01 3.669E-01 1.172E-02 -1.50E-03
1.413E-01 4.908E-01 1.560E-02  1.42E-04
1.334E-01 6.486E-01 2.151E-02  1.23E-03
1.259E-01 8.240E-01 2.991E-02  2.06E-03
1.189E-01 1.114E+00 4.566E-02  2.82E-03
1.122E-01 1.545E+00 6.883E-02  4.39E-03
1.059E-01 1.894E+00 8.267E-02  7.27E-03
1.000E-01 1.925E+00 8.298E-02  1.05E-02
9.441E-02 1.824E+00 8.181E-02  1.36E-02
8.913E-02 1.633E+00 7.559E-02  1.72E-02
8.414E-02 1.439E+00 6.939E-02  2.11E-02
7.943E-02 1.266E+00 6.411E-02  2.53E-02
7.499E-02 1.117E+00 5.971E-02  2.98E-02
7.079E-02 9.915E-01 5.621E-02  3.47E-02
6.683E-02 8.855E-01 5.343E-02  4.02E-02
6.310E-02 7.951E-01 5.117E-02  4.62E-02
5.957E-02 7.175E-01 4.935E-02  5.30E-02
5.623E-02 6.501E-01 4.783E-02  6.05E-02
5.309E-02 5.913E-01 4.654E-02  6.90E-02
5.012E-02 5.392E-01 4.540E-02  7.86E-02
4.732E-02 4.930E-01 4.434E-02  8.93E-02
4.467E-02 4.518E-01 4.337E-02  1.01E-01
4.217E-02 4.147E-01 4.240E-02  1.15E-01
3.981E-02 3.813E-01 4.143E-02  1.30E-01
3.758E-02 3.508E-01 4.039E-02  1.47E-01
3.548E-02 3.234E-01 3.930E-02  1.66E-01
3.350E-02 2.983E-01 3.813E-02  1.87E-01
3.162E-02 2.753E-01 3.687E-02  2.11E-01
2.985E-02 2.541E-01 3.549E-02  2.37E-01
2.818E-02 2.345E-01 3.403E-02  2.66E-01
2.661E-02 2.166E-01 3.243E-02  2.98E-01
2.512E-02 1.998E-01 3.071E-02  3.32E-01
2.371E-02 1.843E-01 2.889E-02  3.70E-01
2.239E-02 1.699E-01 2.699E-02  4.11E-01
2.113E-02 1.564E-01 2.501E-02  4.54E-01
1.995E-02 1.438E-01 2.300E-02  5.00E-01
1.884E-02 1.319E-01 2.094E-02  5.46E-01
1.778E-02 1.208E-01 1.889E-02  5.93E-01
1.679E-02 1.104E-01 1.686E-02  6.37E-01
1.585E-02 1.007E-01 1.488E-02  6.79E-01
1.496E-02 9.167E-02 1.293E-02  7.15E-01
1.413E-02 8.326E-02 1.101E-02  7.45E-01
1.334E-02 7.545E-02 9.095E-03  7.67E-01
1.259E-02 6.832E-02 7.132E-03  7.84E-01
1.189E-02 6.168E-02 5.071E-03  7.97E-01
1.122E-02 5.572E-02 2.263E-03  8.08E-01
1.059E-02 2.166E-01 1.284E-02  8.27E-01
1.000E-02 2.036E-01 1.269E-02  8.42E-01
9.441E-03 1.910E-01 1.361E-02  8.58E-01
8.913E-03 1.780E-01 1.359E-02  8.73E-01
8.414E-03 1.648E-01 1.308E-02  8.86E-01
7.943E-03 1.516E-01 1.214E-02  8.96E-01
7.499E-03 1.389E-01 1.010E-02  9.02E-01
7.079E-03 1.606E-01 1.327E-02  9.10E-01
6.683E-03 1.466E-01 1.309E-02  9.18E-01
6.310E-03 1.331E-01 1.246E-02  9.27E-01
5.957E-03 1.204E-01 1.165E-02  9.34E-01
5.623E-03 1.082E-01 1.074E-02  9.39E-01
5.309E-03 9.707E-02 9.746E-03  9.44E-01
5.012E-03 8.671E-02 8.661E-03  9.50E-01
4.732E-03 7.729E-02 7.335E-03  9.55E-01
4.467E-03 6.865E-02 4.865E-03  9.58E-01
4.217E-03 9.353E-02 7.535E-03  9.62E-01
3.981E-03 8.336E-02 7.428E-03  9.66E-01
3.758E-03 7.395E-02 7.030E-03  9.69E-01
3.548E-03 6.542E-02 6.515E-03  9.71E-01
3.350E-03 5.770E-02 5.977E-03  9.74E-01
3.162E-03 5.076E-02 5.441E-03  9.76E-01
2.985E-03 4.466E-02 4.944E-03  9.79E-01
2.818E-03 3.897E-02 4.465E-03  9.81E-01
2.661E-03 3.389E-02 4.011E-03  9.82E-01
2.512E-03 2.948E-02 3.590E-03  9.84E-01
2.371E-03 2.563E-02 3.207E-03  9.86E-01
2.239E-03 2.225E-02 2.862E-03  9.87E-01
2.113E-03 1.924E-02 2.549E-03  9.88E-01
1.995E-03 1.664E-02 2.269E-03  9.89E-01
1.884E-03 1.437E-02 2.017E-03  9.90E-01
1.778E-03 1.238E-02 1.789E-03  9.91E-01
1.679E-03 1.066E-02 1.585E-03  9.92E-01
1.585E-03 9.177E-03 1.404E-03  9.93E-01
1.496E-03 7.889E-03 1.244E-03  9.93E-01
1.413E-03 6.774E-03 1.101E-03  9.94E-01
1.334E-03 5.814E-03 9.723E-04  9.95E-01
1.259E-03 4.991E-03 8.594E-04  9.95E-01
1.189E-03 4.289E-03 7.606E-04  9.96E-01
1.122E-03 3.662E-03 6.699E-04  9.96E-01
1.059E-03 3.132E-03 5.892E-04  9.96E-01
