w(micron)  Q_abs     Q_sca     g=<cos>
1.000E+03 4.080E-05 9.429E-07  3.62E-04
9.441E+02 4.579E-05 1.187E-06  4.06E-04
8.913E+02 5.139E-05 1.495E-06  4.56E-04
8.414E+02 5.768E-05 1.882E-06  5.12E-04
7.943E+02 6.475E-05 2.369E-06  5.74E-04
7.499E+02 7.268E-05 2.983E-06  6.44E-04
7.079E+02 8.158E-05 3.756E-06  7.23E-04
6.683E+02 9.159E-05 4.729E-06  8.11E-04
6.310E+02 1.028E-04 5.955E-06  9.10E-04
5.957E+02 1.154E-04 7.498E-06  1.02E-03
5.623E+02 1.296E-04 9.442E-06  1.15E-03
5.309E+02 1.456E-04 1.189E-05  1.29E-03
5.012E+02 1.635E-04 1.497E-05  1.44E-03
4.732E+02 1.836E-04 1.885E-05  1.62E-03
4.467E+02 2.062E-04 2.374E-05  1.82E-03
4.217E+02 2.317E-04 2.990E-05  2.04E-03
3.981E+02 2.604E-04 3.766E-05  2.29E-03
3.758E+02 2.926E-04 4.744E-05  2.57E-03
3.548E+02 3.289E-04 5.975E-05  2.88E-03
3.350E+02 3.698E-04 7.527E-05  3.23E-03
3.162E+02 4.158E-04 9.483E-05  3.63E-03
2.985E+02 4.678E-04 1.195E-04  4.07E-03
2.818E+02 5.263E-04 1.506E-04  4.57E-03
2.661E+02 5.924E-04 1.898E-04  5.13E-03
2.512E+02 6.670E-04 2.392E-04  5.76E-03
2.371E+02 7.513E-04 3.015E-04  6.47E-03
2.239E+02 8.468E-04 3.801E-04  7.26E-03
2.113E+02 9.549E-04 4.792E-04  8.15E-03
1.995E+02 1.078E-03 6.044E-04  9.15E-03
1.884E+02 1.217E-03 7.623E-04  1.03E-02
1.778E+02 1.375E-03 9.619E-04  1.15E-02
1.679E+02 1.555E-03 1.214E-03  1.30E-02
1.585E+02 1.760E-03 1.533E-03  1.45E-02
1.496E+02 1.994E-03 1.936E-03  1.63E-02
1.413E+02 2.263E-03 2.447E-03  1.84E-02
1.334E+02 2.571E-03 3.092E-03  2.06E-02
1.259E+02 2.927E-03 3.911E-03  2.32E-02
1.189E+02 3.337E-03 4.948E-03  2.61E-02
1.122E+02 3.812E-03 6.266E-03  2.93E-02
1.059E+02 4.364E-03 7.940E-03  3.30E-02
1.000E+02 5.008E-03 1.007E-02  3.71E-02
9.441E+01 5.763E-03 1.278E-02  4.18E-02
8.913E+01 6.654E-03 1.624E-02  4.71E-02
8.414E+01 7.711E-03 2.066E-02  5.32E-02
7.943E+01 8.974E-03 2.632E-02  6.00E-02
7.499E+01 1.049E-02 3.358E-02  6.78E-02
7.079E+01 1.234E-02 4.292E-02  7.67E-02
6.683E+01 1.461E-02 5.496E-02  8.69E-02
6.310E+01 1.742E-02 7.053E-02  9.87E-02
5.957E+01 2.097E-02 9.075E-02  1.12E-01
5.623E+01 2.551E-02 1.171E-01  1.28E-01
5.309E+01 3.145E-02 1.517E-01  1.47E-01
5.012E+01 3.942E-02 1.973E-01  1.69E-01
4.732E+01 5.048E-02 2.580E-01  1.96E-01
4.467E+01 6.648E-02 3.397E-01  2.29E-01
4.217E+01 9.094E-02 4.518E-01  2.69E-01
3.981E+01 1.313E-01 6.108E-01  3.21E-01
3.758E+01 2.051E-01 8.509E-01  3.86E-01
3.548E+01 3.611E-01 1.262E+00  4.59E-01
3.350E+01 7.469E-01 2.136E+00  5.05E-01
3.162E+01 1.556E+00 4.071E+00  4.07E-01
2.985E+01 1.492E+00 4.866E+00  1.63E-01
2.818E+01 8.732E-01 4.217E+00  2.50E-02
2.661E+01 6.680E-01 4.080E+00  2.17E-02
2.512E+01 7.265E-01 4.072E+00  7.69E-02
2.371E+01 1.033E+00 3.567E+00  1.58E-01
2.239E+01 1.878E+00 2.346E+00  2.74E-01
2.113E+01 1.450E+00 1.137E+00  4.20E-01
1.995E+01 9.647E-01 9.279E-01  2.58E-01
1.884E+01 1.336E+00 1.302E+00  2.73E-01
1.778E+01 1.463E+00 1.057E+00  2.91E-01
1.679E+01 1.203E+00 1.507E+00  4.47E-01
1.585E+01 1.151E+00 1.867E+00  4.56E-01
1.496E+01 1.306E+00 1.713E+00  5.04E-01
1.413E+01 1.222E+00 1.562E+00  4.81E-01
1.334E+01 1.046E+00 1.720E+00  4.74E-01
1.259E+01 8.348E-01 1.936E+00  4.51E-01
1.189E+01 8.198E-01 2.184E+00  4.76E-01
1.122E+01 1.149E+00 2.236E+00  5.59E-01
1.059E+01 1.407E+00 1.650E+00  6.45E-01
1.000E+01 1.406E+00 9.918E-01  7.53E-01
9.441E+00 1.439E+00 1.207E+00  8.00E-01
8.913E+00 1.483E+00 1.623E+00  7.84E-01
8.414E+00 1.470E+00 1.453E+00  7.27E-01
7.943E+00 1.461E+00 1.180E+00  6.97E-01
7.499E+00 1.387E+00 1.092E+00  7.08E-01
7.079E+00 1.303E+00 1.282E+00  7.59E-01
6.683E+00 1.248E+00 1.586E+00  8.06E-01
6.310E+00 1.189E+00 1.728E+00  7.89E-01
5.957E+00 1.129E+00 1.679E+00  7.80E-01
5.623E+00 1.142E+00 1.485E+00  7.17E-01
5.309E+00 1.091E+00 1.269E+00  6.92E-01
5.012E+00 1.088E+00 1.312E+00  6.90E-01
4.732E+00 1.084E+00 1.450E+00  7.60E-01
4.467E+00 1.071E+00 1.636E+00  7.80E-01
4.217E+00 1.011E+00 1.598E+00  7.94E-01
3.981E+00 9.773E-01 1.454E+00  7.68E-01
3.758E+00 9.672E-01 1.369E+00  7.26E-01
3.548E+00 9.735E-01 1.462E+00  7.52E-01
3.350E+00 9.566E-01 1.626E+00  7.83E-01
3.162E+00 9.216E-01 1.599E+00  7.77E-01
2.985E+00 8.882E-01 1.419E+00  7.48E-01
2.818E+00 8.542E-01 1.441E+00  7.50E-01
2.661E+00 8.315E-01 1.606E+00  7.71E-01
2.512E+00 8.322E-01 1.529E+00  7.54E-01
2.371E+00 8.147E-01 1.436E+00  7.41E-01
2.239E+00 7.926E-01 1.569E+00  7.56E-01
2.113E+00 7.732E-01 1.643E+00  7.61E-01
1.995E+00 7.411E-01 1.412E+00  7.27E-01
1.884E+00 7.218E-01 1.664E+00  7.68E-01
1.778E+00 6.810E-01 1.572E+00  7.38E-01
1.679E+00 6.814E-01 1.684E+00  7.61E-01
1.585E+00 6.393E-01 1.667E+00  7.39E-01
1.496E+00 6.021E-01 1.652E+00  7.43E-01
1.413E+00 5.863E-01 1.571E+00  7.21E-01
1.334E+00 5.682E-01 1.770E+00  7.45E-01
1.259E+00 5.317E-01 1.537E+00  6.92E-01
1.189E+00 5.046E-01 1.794E+00  7.31E-01
1.122E+00 4.722E-01 1.763E+00  7.21E-01
1.059E+00 4.415E-01 1.682E+00  6.80E-01
1.000E+00 4.260E-01 1.715E+00  6.94E-01
9.441E-01 3.938E-01 1.946E+00  7.18E-01
8.913E-01 3.793E-01 1.878E+00  6.92E-01
8.414E-01 3.488E-01 1.846E+00  6.72E-01
7.943E-01 3.199E-01 1.941E+00  6.97E-01
7.499E-01 2.911E-01 1.831E+00  6.58E-01
7.079E-01 2.694E-01 1.921E+00  6.71E-01
6.683E-01 2.397E-01 1.867E+00  6.55E-01
6.310E-01 2.334E-01 1.943E+00  6.70E-01
5.957E-01 2.136E-01 2.050E+00  6.66E-01
5.623E-01 1.798E-01 1.918E+00  6.50E-01
5.309E-01 1.625E-01 2.103E+00  6.68E-01
5.012E-01 1.546E-01 1.932E+00  6.36E-01
4.732E-01 1.485E-01 1.952E+00  6.37E-01
4.467E-01 1.211E-01 2.115E+00  6.50E-01
4.217E-01 1.089E-01 1.965E+00  6.22E-01
3.981E-01 1.459E-01 1.896E+00  6.14E-01
3.758E-01 3.098E-01 1.892E+00  6.89E-01
3.548E-01 5.124E-01 1.558E+00  7.26E-01
3.350E-01 5.743E-01 1.479E+00  7.40E-01
3.162E-01 7.309E-01 1.365E+00  7.97E-01
2.985E-01 7.708E-01 1.323E+00  8.09E-01
2.818E-01 7.744E-01 1.313E+00  8.07E-01
2.661E-01 7.621E-01 1.322E+00  8.00E-01
2.512E-01 7.473E-01 1.334E+00  7.91E-01
2.371E-01 7.290E-01 1.349E+00  7.79E-01
2.239E-01 7.051E-01 1.370E+00  7.64E-01
2.113E-01 6.732E-01 1.400E+00  7.44E-01
1.995E-01 6.276E-01 1.445E+00  7.16E-01
1.884E-01 5.790E-01 1.497E+00  6.90E-01
1.778E-01 5.352E-01 1.549E+00  6.69E-01
1.679E-01 5.006E-01 1.591E+00  6.57E-01
1.585E-01 4.775E-01 1.616E+00  6.53E-01
1.496E-01 4.936E-01 1.592E+00  6.66E-01
1.413E-01 5.135E-01 1.565E+00  6.79E-01
1.334E-01 5.192E-01 1.554E+00  6.86E-01
1.259E-01 5.171E-01 1.551E+00  6.88E-01
1.189E-01 4.990E-01 1.565E+00  6.84E-01
1.122E-01 4.912E-01 1.568E+00  6.84E-01
1.059E-01 5.164E-01 1.537E+00  7.01E-01
1.000E-01 5.459E-01 1.504E+00  7.20E-01
9.441E-02 5.666E-01 1.480E+00  7.34E-01
8.913E-02 5.903E-01 1.453E+00  7.50E-01
8.414E-02 6.128E-01 1.428E+00  7.66E-01
7.943E-02 6.341E-01 1.405E+00  7.81E-01
7.499E-02 6.545E-01 1.382E+00  7.97E-01
7.079E-02 6.738E-01 1.361E+00  8.12E-01
6.683E-02 6.922E-01 1.340E+00  8.26E-01
6.310E-02 7.098E-01 1.321E+00  8.41E-01
5.957E-02 7.265E-01 1.302E+00  8.55E-01
5.623E-02 7.424E-01 1.285E+00  8.68E-01
5.309E-02 7.574E-01 1.268E+00  8.81E-01
5.012E-02 7.715E-01 1.253E+00  8.93E-01
4.732E-02 7.849E-01 1.238E+00  9.04E-01
4.467E-02 7.973E-01 1.225E+00  9.14E-01
4.217E-02 8.091E-01 1.212E+00  9.24E-01
3.981E-02 8.201E-01 1.199E+00  9.32E-01
3.758E-02 8.305E-01 1.188E+00  9.40E-01
3.548E-02 8.404E-01 1.177E+00  9.47E-01
3.350E-02 8.499E-01 1.167E+00  9.53E-01
3.162E-02 8.590E-01 1.157E+00  9.59E-01
2.985E-02 8.677E-01 1.147E+00  9.64E-01
2.818E-02 8.760E-01 1.138E+00  9.68E-01
2.661E-02 8.843E-01 1.116E+00  9.72E-01
2.512E-02 8.923E-01 1.108E+00  9.76E-01
2.371E-02 9.001E-01 1.100E+00  9.79E-01
2.239E-02 9.077E-01 1.092E+00  9.82E-01
2.113E-02 9.149E-01 1.085E+00  9.85E-01
1.995E-02 9.219E-01 1.078E+00  9.87E-01
1.884E-02 9.286E-01 1.071E+00  9.89E-01
1.778E-02 9.352E-01 1.065E+00  9.91E-01
1.679E-02 9.415E-01 1.058E+00  9.93E-01
1.585E-02 9.476E-01 1.052E+00  9.94E-01
1.496E-02 9.536E-01 1.046E+00  9.95E-01
1.413E-02 9.597E-01 1.040E+00  9.96E-01
1.334E-02 9.659E-01 1.034E+00  9.97E-01
1.259E-02 9.719E-01 1.028E+00  9.98E-01
1.189E-02 9.785E-01 1.022E+00  9.99E-01
1.122E-02 9.892E-01 1.011E+00  1.00E+00
1.059E-02 9.897E-01 1.010E+00  9.99E-01
1.000E-02 9.860E-01 1.014E+00  9.99E-01
9.441E-03 9.845E-01 1.016E+00  9.99E-01
8.913E-03 9.843E-01 1.016E+00  9.99E-01
8.414E-03 9.847E-01 1.015E+00  9.99E-01
7.943E-03 9.856E-01 1.014E+00  9.99E-01
7.499E-03 9.878E-01 1.012E+00  9.99E-01
7.079E-03 9.870E-01 1.013E+00  9.99E-01
6.683E-03 9.869E-01 1.013E+00  9.99E-01
6.310E-03 9.873E-01 1.013E+00  9.99E-01
5.957E-03 9.879E-01 1.012E+00  9.99E-01
5.623E-03 9.886E-01 1.011E+00  1.00E+00
5.309E-03 9.894E-01 1.011E+00  1.00E+00
5.012E-03 9.903E-01 1.010E+00  1.00E+00
4.732E-03 9.912E-01 1.009E+00  1.00E+00
4.467E-03 9.932E-01 1.007E+00  1.00E+00
4.217E-03 9.929E-01 1.007E+00  1.00E+00
3.981E-03 9.927E-01 1.007E+00  1.00E+00
3.758E-03 9.927E-01 1.007E+00  1.00E+00
3.548E-03 9.926E-01 1.007E+00  1.00E+00
3.350E-03 9.926E-01 1.007E+00  1.00E+00
3.162E-03 9.924E-01 1.008E+00  1.00E+00
2.985E-03 9.923E-01 1.008E+00  1.00E+00
2.818E-03 9.921E-01 1.008E+00  1.00E+00
2.661E-03 9.920E-01 1.008E+00  1.00E+00
2.512E-03 9.920E-01 1.008E+00  1.00E+00
2.371E-03 9.921E-01 1.008E+00  1.00E+00
2.239E-03 9.923E-01 1.008E+00  1.00E+00
2.113E-03 9.923E-01 1.008E+00  1.00E+00
1.995E-03 9.917E-01 1.008E+00  1.00E+00
1.884E-03 9.905E-01 1.009E+00  1.00E+00
1.778E-03 9.886E-01 1.011E+00  1.00E+00
1.679E-03 9.857E-01 1.014E+00  1.00E+00
1.585E-03 9.817E-01 1.018E+00  1.00E+00
1.496E-03 9.761E-01 1.024E+00  1.00E+00
1.413E-03 9.683E-01 1.032E+00  1.00E+00
1.334E-03 9.578E-01 1.042E+00  1.00E+00
1.259E-03 9.438E-01 1.056E+00  1.00E+00
1.189E-03 9.257E-01 1.074E+00  1.00E+00
1.122E-03 9.018E-01 1.098E+00  1.00E+00
1.059E-03 8.725E-01 1.128E+00  1.00E+00
