w(micron)  Q_abs     Q_sca     g=<cos>
1.000E+03 8.123E-08 1.493E-17  0.00E+00
9.441E+02 9.115E-08 1.880E-17  0.00E+00
8.913E+02 1.023E-07 2.367E-17  0.00E+00
8.414E+02 1.147E-07 2.980E-17  0.00E+00
7.943E+02 1.287E-07 3.751E-17  0.00E+00
7.499E+02 1.445E-07 4.723E-17  0.00E+00
7.079E+02 1.621E-07 5.945E-17  0.00E+00
6.683E+02 1.819E-07 7.485E-17  0.00E+00
6.310E+02 2.040E-07 9.423E-17  0.00E+00
5.957E+02 2.289E-07 1.186E-16  0.00E+00
5.623E+02 2.569E-07 1.493E-16  0.00E+00
5.309E+02 2.882E-07 1.880E-16  0.00E+00
5.012E+02 3.234E-07 2.367E-16  0.00E+00
4.732E+02 3.628E-07 2.980E-16  0.00E+00
4.467E+02 4.071E-07 3.751E-16  0.00E+00
4.217E+02 4.567E-07 4.723E-16  0.00E+00
3.981E+02 5.124E-07 5.945E-16  0.00E+00
3.758E+02 5.749E-07 7.485E-16  0.00E+00
3.548E+02 6.451E-07 9.423E-16  0.00E+00
3.350E+02 7.237E-07 1.186E-15  0.00E+00
3.162E+02 8.120E-07 1.493E-15  0.00E+00
2.985E+02 9.109E-07 1.880E-15  0.00E+00
2.818E+02 1.022E-06 2.367E-15  0.00E+00
2.661E+02 1.146E-06 2.980E-15  0.00E+00
2.512E+02 1.286E-06 3.753E-15  0.00E+00
2.371E+02 1.443E-06 4.724E-15  0.00E+00
2.239E+02 1.618E-06 5.948E-15  0.00E+00
2.113E+02 1.815E-06 7.488E-15  0.00E+00
1.995E+02 2.037E-06 9.426E-15  0.00E+00
1.884E+02 2.285E-06 1.187E-14  0.00E+00
1.778E+02 2.563E-06 1.494E-14  0.00E+00
1.679E+02 2.874E-06 1.881E-14  0.00E+00
1.585E+02 3.223E-06 2.368E-14  0.00E+00
1.496E+02 3.613E-06 2.982E-14  0.00E+00
1.413E+02 4.051E-06 3.755E-14  0.00E+00
1.334E+02 4.544E-06 4.728E-14  0.00E+00
1.259E+02 5.096E-06 5.952E-14  0.00E+00
1.189E+02 5.714E-06 7.494E-14  0.00E+00
1.122E+02 6.406E-06 9.436E-14  0.00E+00
1.059E+02 7.180E-06 1.188E-13  0.00E+00
1.000E+02 8.047E-06 1.496E-13  0.00E+00
9.441E+01 9.018E-06 1.884E-13  0.00E+00
8.913E+01 1.010E-05 2.373E-13  0.00E+00
8.414E+01 1.132E-05 2.988E-13  0.00E+00
7.943E+01 1.268E-05 3.763E-13  0.00E+00
7.499E+01 1.420E-05 4.739E-13  0.00E+00
7.079E+01 1.590E-05 5.969E-13  0.00E+00
6.683E+01 1.780E-05 7.519E-13  0.00E+00
6.310E+01 1.992E-05 9.472E-13  0.00E+00
5.957E+01 2.229E-05 1.193E-12  0.00E+00
5.623E+01 2.493E-05 1.503E-12  0.00E+00
5.309E+01 2.787E-05 1.894E-12  5.16E-07
5.012E+01 3.116E-05 2.387E-12  5.80E-07
4.732E+01 3.481E-05 3.009E-12  6.52E-07
4.467E+01 3.888E-05 3.794E-12  7.33E-07
4.217E+01 4.340E-05 4.783E-12  8.24E-07
3.981E+01 4.843E-05 6.032E-12  9.27E-07
3.758E+01 5.402E-05 7.610E-12  1.04E-06
3.548E+01 6.024E-05 9.604E-12  1.17E-06
3.350E+01 6.712E-05 1.212E-11  1.32E-06
3.162E+01 7.478E-05 1.531E-11  1.49E-06
2.985E+01 8.331E-05 1.935E-11  1.68E-06
2.818E+01 9.282E-05 2.447E-11  1.90E-06
2.661E+01 1.034E-04 3.097E-11  2.14E-06
2.512E+01 1.153E-04 3.923E-11  2.43E-06
2.371E+01 1.288E-04 4.977E-11  2.75E-06
2.239E+01 1.441E-04 6.323E-11  3.13E-06
2.113E+01 1.618E-04 8.049E-11  3.57E-06
1.995E+01 1.828E-04 1.027E-10  4.10E-06
1.884E+01 2.083E-04 1.315E-10  4.72E-06
1.778E+01 2.406E-04 1.691E-10  5.49E-06
1.679E+01 2.829E-04 2.187E-10  6.47E-06
1.585E+01 3.450E-04 2.853E-10  7.76E-06
1.496E+01 4.348E-04 3.763E-10  9.58E-06
1.413E+01 5.886E-04 5.054E-10  1.24E-05
1.334E+01 8.791E-04 6.985E-10  1.60E-05
1.259E+01 1.520E-03 1.013E-09  5.77E-06
1.189E+01 3.289E-03 1.604E-09 -4.12E-06
1.122E+01 9.705E-03 2.866E-09 -7.49E-07
1.059E+01 2.137E-02 2.994E-09  2.30E-06
1.000E+01 1.026E-02 6.812E-10  4.78E-06
9.441E+00 4.799E-03 4.909E-10  6.78E-06
8.913E+00 2.931E-03 7.709E-10  8.67E-06
8.414E+00 2.128E-03 1.181E-09  1.06E-05
7.943E+00 1.710E-03 1.693E-09  1.26E-05
7.499E+00 1.458E-03 2.330E-09  1.47E-05
7.079E+00 1.304E-03 3.123E-09  1.70E-05
6.683E+00 1.200E-03 4.115E-09  1.96E-05
6.310E+00 1.128E-03 5.361E-09  2.24E-05
5.957E+00 1.075E-03 6.926E-09  2.55E-05
5.623E+00 1.032E-03 8.904E-09  2.90E-05
5.309E+00 9.977E-04 1.140E-08  3.28E-05
5.012E+00 9.699E-04 1.455E-08  3.72E-05
4.732E+00 9.454E-04 1.853E-08  4.20E-05
4.467E+00 9.224E-04 2.356E-08  4.74E-05
4.217E+00 9.013E-04 2.990E-08  5.35E-05
3.981E+00 8.808E-04 3.789E-08  6.03E-05
3.758E+00 8.599E-04 4.799E-08  6.79E-05
3.548E+00 8.385E-04 6.074E-08  7.64E-05
3.350E+00 8.169E-04 7.680E-08  8.60E-05
3.162E+00 7.941E-04 9.709E-08  9.68E-05
2.985E+00 7.706E-04 1.227E-07  1.09E-04
2.818E+00 7.455E-04 1.550E-07  1.22E-04
2.661E+00 7.199E-04 1.957E-07  1.38E-04
2.512E+00 6.927E-04 2.471E-07  1.55E-04
2.371E+00 6.662E-04 3.119E-07  1.74E-04
2.239E+00 6.377E-04 3.936E-07  1.95E-04
2.113E+00 6.073E-04 4.967E-07  2.20E-04
1.995E+00 5.768E-04 6.269E-07  2.47E-04
1.884E+00 5.460E-04 7.913E-07  2.77E-04
1.778E+00 5.157E-04 9.987E-07  3.12E-04
1.679E+00 4.852E-04 1.260E-06  3.50E-04
1.585E+00 4.549E-04 1.590E-06  3.94E-04
1.496E+00 4.254E-04 2.007E-06  4.42E-04
1.413E+00 3.959E-04 2.532E-06  4.97E-04
1.334E+00 3.677E-04 3.196E-06  5.59E-04
1.259E+00 3.401E-04 4.034E-06  6.28E-04
1.189E+00 3.137E-04 5.092E-06  7.06E-04
1.122E+00 2.884E-04 6.429E-06  7.93E-04
1.059E+00 2.643E-04 8.119E-06  8.92E-04
1.000E+00 2.416E-04 1.025E-05  1.00E-03
9.441E-01 2.203E-04 1.295E-05  1.13E-03
8.913E-01 2.002E-04 1.637E-05  1.27E-03
8.414E-01 1.815E-04 2.069E-05  1.43E-03
7.943E-01 1.642E-04 2.616E-05  1.61E-03
7.499E-01 1.480E-04 3.310E-05  1.81E-03
7.079E-01 1.333E-04 4.189E-05  2.03E-03
6.683E-01 1.196E-04 5.306E-05  2.29E-03
6.310E-01 1.072E-04 6.724E-05  2.58E-03
5.957E-01 9.587E-05 8.530E-05  2.91E-03
5.623E-01 8.526E-05 1.083E-04  3.29E-03
5.309E-01 7.575E-05 1.376E-04  3.71E-03
5.012E-01 6.717E-05 1.750E-04  4.19E-03
4.732E-01 5.936E-05 2.229E-04  4.74E-03
4.467E-01 5.224E-05 2.844E-04  5.37E-03
4.217E-01 4.523E-05 3.636E-04  6.10E-03
3.981E-01 5.984E-05 4.661E-04  6.94E-03
3.758E-01 1.547E-04 5.985E-04  7.90E-03
3.548E-01 3.383E-04 7.715E-04  9.04E-03
3.350E-01 4.286E-04 9.962E-04  1.04E-02
3.162E-01 8.735E-04 1.294E-03  1.20E-02
2.985E-01 1.360E-03 1.690E-03  1.39E-02
2.818E-01 2.959E-03 2.220E-03  1.63E-02
2.661E-01 6.470E-03 2.928E-03  1.92E-02
2.512E-01 1.188E-02 3.888E-03  2.30E-02
2.371E-01 1.740E-02 5.209E-03  2.80E-02
2.239E-01 2.713E-02 7.068E-03  3.52E-02
2.113E-01 4.601E-02 9.729E-03  4.61E-02
1.995E-01 9.153E-02 1.367E-02  6.09E-02
1.884E-01 1.833E-01 1.923E-02  5.52E-02
1.778E-01 2.661E-01 2.700E-02  1.93E-02
1.679E-01 3.331E-01 3.842E-02 -4.30E-03
1.585E-01 4.510E-01 5.669E-02 -8.86E-03
1.496E-01 6.741E-01 8.065E-02 -3.14E-03
1.413E-01 8.936E-01 1.072E-01  1.19E-03
1.334E-01 1.169E+00 1.469E-01  4.31E-03
1.259E-01 1.466E+00 2.019E-01  6.84E-03
1.189E-01 1.925E+00 2.994E-01  9.32E-03
1.122E-01 2.471E+00 4.169E-01  1.37E-02
1.059E-01 2.665E+00 4.367E-01  2.17E-02
1.000E-01 2.466E+00 3.939E-01  3.09E-02
9.441E-02 2.217E+00 3.630E-01  4.02E-02
8.913E-02 1.935E+00 3.217E-01  5.09E-02
8.414E-02 1.688E+00 2.876E-01  6.21E-02
7.943E-02 1.483E+00 2.607E-01  7.40E-02
7.499E-02 1.312E+00 2.392E-01  8.67E-02
7.079E-02 1.171E+00 2.220E-01  1.00E-01
6.683E-02 1.052E+00 2.081E-01  1.15E-01
6.310E-02 9.518E-01 1.964E-01  1.32E-01
5.957E-02 8.662E-01 1.865E-01  1.50E-01
5.623E-02 7.921E-01 1.779E-01  1.70E-01
5.309E-02 7.278E-01 1.701E-01  1.93E-01
5.012E-02 6.710E-01 1.630E-01  2.17E-01
4.732E-02 6.207E-01 1.563E-01  2.44E-01
4.467E-02 5.760E-01 1.499E-01  2.73E-01
4.217E-02 5.356E-01 1.436E-01  3.05E-01
3.981E-02 4.991E-01 1.374E-01  3.39E-01
3.758E-02 4.655E-01 1.312E-01  3.76E-01
3.548E-02 4.349E-01 1.249E-01  4.15E-01
3.350E-02 4.066E-01 1.186E-01  4.56E-01
3.162E-02 3.801E-01 1.123E-01  4.98E-01
2.985E-02 3.551E-01 1.059E-01  5.41E-01
2.818E-02 3.315E-01 9.957E-02  5.85E-01
2.661E-02 3.092E-01 9.316E-02  6.27E-01
2.512E-02 2.878E-01 8.681E-02  6.68E-01
2.371E-02 2.676E-01 8.055E-02  7.05E-01
2.239E-02 2.481E-01 7.449E-02  7.38E-01
2.113E-02 2.296E-01 6.861E-02  7.64E-01
1.995E-02 2.121E-01 6.302E-02  7.85E-01
1.884E-02 1.953E-01 5.754E-02  8.00E-01
1.778E-02 1.796E-01 5.221E-02  8.13E-01
1.679E-02 1.650E-01 4.694E-02  8.25E-01
1.585E-02 1.514E-01 4.164E-02  8.39E-01
1.496E-02 1.386E-01 3.627E-02  8.54E-01
1.413E-02 1.266E-01 3.084E-02  8.71E-01
1.334E-02 1.154E-01 2.533E-02  8.85E-01
1.259E-02 1.050E-01 1.972E-02  8.95E-01
1.189E-02 9.517E-02 1.392E-02  9.02E-01
1.122E-02 8.637E-02 6.164E-03  9.09E-01
1.059E-02 3.184E-01 3.247E-02  9.20E-01
1.000E-02 2.992E-01 3.196E-02  9.28E-01
9.441E-03 2.817E-01 3.422E-02  9.35E-01
8.913E-03 2.637E-01 3.418E-02  9.40E-01
8.414E-03 2.454E-01 3.293E-02  9.44E-01
7.943E-03 2.270E-01 3.056E-02  9.50E-01
7.499E-03 2.091E-01 2.539E-02  9.55E-01
7.079E-03 2.399E-01 3.290E-02  9.59E-01
6.683E-03 2.200E-01 3.251E-02  9.62E-01
6.310E-03 2.008E-01 3.100E-02  9.66E-01
5.957E-03 1.826E-01 2.904E-02  9.69E-01
5.623E-03 1.649E-01 2.681E-02  9.71E-01
5.309E-03 1.485E-01 2.434E-02  9.74E-01
5.012E-03 1.332E-01 2.167E-02  9.77E-01
4.732E-03 1.192E-01 1.838E-02  9.79E-01
4.467E-03 1.062E-01 1.220E-02  9.81E-01
4.217E-03 1.434E-01 1.868E-02  9.82E-01
3.981E-03 1.283E-01 1.845E-02  9.84E-01
3.758E-03 1.142E-01 1.749E-02  9.86E-01
3.548E-03 1.013E-01 1.623E-02  9.87E-01
3.350E-03 8.963E-02 1.492E-02  9.88E-01
3.162E-03 7.904E-02 1.359E-02  9.89E-01
2.985E-03 6.969E-02 1.237E-02  9.90E-01
2.818E-03 6.094E-02 1.118E-02  9.91E-01
2.661E-03 5.309E-02 1.005E-02  9.92E-01
2.512E-03 4.625E-02 9.002E-03  9.93E-01
2.371E-03 4.026E-02 8.048E-03  9.93E-01
2.239E-03 3.499E-02 7.186E-03  9.94E-01
2.113E-03 3.029E-02 6.402E-03  9.95E-01
1.995E-03 2.622E-02 5.700E-03  9.95E-01
1.884E-03 2.266E-02 5.067E-03  9.96E-01
1.778E-03 1.954E-02 4.496E-03  9.96E-01
1.679E-03 1.684E-02 3.985E-03  9.96E-01
1.585E-03 1.450E-02 3.529E-03  9.97E-01
1.496E-03 1.247E-02 3.127E-03  9.97E-01
1.413E-03 1.071E-02 2.768E-03  9.97E-01
1.334E-03 9.197E-03 2.445E-03  9.98E-01
1.259E-03 7.896E-03 2.161E-03  9.98E-01
1.189E-03 6.787E-03 1.912E-03  9.98E-01
1.122E-03 5.797E-03 1.684E-03  9.98E-01
1.059E-03 4.958E-03 1.481E-03  9.98E-01
