w(micron)  Q_abs     Q_sca     g=<cos>
1.000E+03 2.882E-06 2.367E-11  1.81E-06
9.441E+02 3.234E-06 2.980E-11  2.04E-06
8.913E+02 3.629E-06 3.751E-11  2.28E-06
8.414E+02 4.071E-06 4.723E-11  2.56E-06
7.943E+02 4.568E-06 5.945E-11  2.88E-06
7.499E+02 5.126E-06 7.485E-11  3.23E-06
7.079E+02 5.751E-06 9.423E-11  3.62E-06
6.683E+02 6.453E-06 1.186E-10  4.06E-06
6.310E+02 7.240E-06 1.493E-10  4.56E-06
5.957E+02 8.123E-06 1.880E-10  5.11E-06
5.623E+02 9.114E-06 2.367E-10  5.74E-06
5.309E+02 1.023E-05 2.980E-10  6.44E-06
5.012E+02 1.147E-05 3.751E-10  7.23E-06
4.732E+02 1.287E-05 4.723E-10  8.11E-06
4.467E+02 1.444E-05 5.945E-10  9.10E-06
4.217E+02 1.621E-05 7.485E-10  1.02E-05
3.981E+02 1.818E-05 9.423E-10  1.15E-05
3.758E+02 2.040E-05 1.186E-09  1.28E-05
3.548E+02 2.289E-05 1.493E-09  1.44E-05
3.350E+02 2.568E-05 1.880E-09  1.62E-05
3.162E+02 2.881E-05 2.367E-09  1.81E-05
2.985E+02 3.233E-05 2.980E-09  2.04E-05
2.818E+02 3.626E-05 3.752E-09  2.29E-05
2.661E+02 4.068E-05 4.724E-09  2.56E-05
2.512E+02 4.564E-05 5.948E-09  2.88E-05
2.371E+02 5.119E-05 7.488E-09  3.23E-05
2.239E+02 5.743E-05 9.427E-09  3.62E-05
2.113E+02 6.443E-05 1.187E-08  4.06E-05
1.995E+02 7.229E-05 1.494E-08  4.56E-05
1.884E+02 8.110E-05 1.881E-08  5.12E-05
1.778E+02 9.098E-05 2.368E-08  5.74E-05
1.679E+02 1.020E-04 2.982E-08  6.44E-05
1.585E+02 1.144E-04 3.754E-08  7.23E-05
1.496E+02 1.283E-04 4.727E-08  8.12E-05
1.413E+02 1.438E-04 5.952E-08  9.11E-05
1.334E+02 1.613E-04 7.494E-08  1.02E-04
1.259E+02 1.810E-04 9.435E-08  1.15E-04
1.189E+02 2.029E-04 1.188E-07  1.29E-04
1.122E+02 2.275E-04 1.496E-07  1.44E-04
1.059E+02 2.550E-04 1.884E-07  1.62E-04
1.000E+02 2.858E-04 2.372E-07  1.82E-04
9.441E+01 3.204E-04 2.987E-07  2.04E-04
8.913E+01 3.590E-04 3.762E-07  2.29E-04
8.414E+01 4.023E-04 4.738E-07  2.57E-04
7.943E+01 4.507E-04 5.967E-07  2.89E-04
7.499E+01 5.048E-04 7.516E-07  3.24E-04
7.079E+01 5.654E-04 9.467E-07  3.64E-04
6.683E+01 6.332E-04 1.193E-06  4.09E-04
6.310E+01 7.089E-04 1.502E-06  4.59E-04
5.957E+01 7.933E-04 1.893E-06  5.15E-04
5.623E+01 8.876E-04 2.385E-06  5.79E-04
5.309E+01 9.929E-04 3.006E-06  6.50E-04
5.012E+01 1.110E-03 3.789E-06  7.31E-04
4.732E+01 1.241E-03 4.776E-06  8.21E-04
4.467E+01 1.387E-03 6.022E-06  9.23E-04
4.217E+01 1.550E-03 7.595E-06  1.04E-03
3.981E+01 1.731E-03 9.580E-06  1.17E-03
3.758E+01 1.932E-03 1.209E-05  1.31E-03
3.548E+01 2.156E-03 1.526E-05  1.48E-03
3.350E+01 2.406E-03 1.927E-05  1.67E-03
3.162E+01 2.684E-03 2.435E-05  1.88E-03
2.985E+01 2.994E-03 3.079E-05  2.12E-03
2.818E+01 3.342E-03 3.895E-05  2.39E-03
2.661E+01 3.731E-03 4.932E-05  2.70E-03
2.512E+01 4.170E-03 6.251E-05  3.06E-03
2.371E+01 4.668E-03 7.934E-05  3.48E-03
2.239E+01 5.240E-03 1.009E-04  3.95E-03
2.113E+01 5.908E-03 1.285E-04  4.52E-03
1.995E+01 6.704E-03 1.642E-04  5.18E-03
1.884E+01 7.682E-03 2.104E-04  5.97E-03
1.778E+01 8.939E-03 2.709E-04  6.96E-03
1.679E+01 1.062E-02 3.510E-04  8.20E-03
1.585E+01 1.314E-02 4.588E-04  9.87E-03
1.496E+01 1.696E-02 6.065E-04  1.22E-02
1.413E+01 2.404E-02 8.171E-04  1.59E-02
1.334E+01 3.998E-02 1.134E-03  2.04E-02
1.259E+01 7.377E-02 1.654E-03  5.06E-03
1.189E+01 1.299E-01 2.637E-03 -5.22E-03
1.122E+01 3.668E-01 4.751E-03 -8.64E-04
1.059E+01 7.771E-01 4.803E-03  2.93E-03
1.000E+01 3.675E-01 1.072E-03  6.03E-03
9.441E+00 1.744E-01 7.801E-04  8.51E-03
8.913E+00 1.081E-01 1.235E-03  1.09E-02
8.414E+00 7.954E-02 1.905E-03  1.32E-02
7.943E+00 6.476E-02 2.748E-03  1.57E-02
7.499E+00 5.600E-02 3.804E-03  1.84E-02
7.079E+00 5.081E-02 5.127E-03  2.13E-02
6.683E+00 4.750E-02 6.799E-03  2.45E-02
6.310E+00 4.541E-02 8.915E-03  2.81E-02
5.957E+00 4.410E-02 1.160E-02  3.20E-02
5.623E+00 4.321E-02 1.503E-02  3.63E-02
5.309E+00 4.275E-02 1.942E-02  4.12E-02
5.012E+00 4.262E-02 2.503E-02  4.67E-02
4.732E+00 4.273E-02 3.220E-02  5.28E-02
4.467E+00 4.302E-02 4.144E-02  5.97E-02
4.217E+00 4.352E-02 5.326E-02  6.75E-02
3.981E+00 4.421E-02 6.846E-02  7.62E-02
3.758E+00 4.507E-02 8.808E-02  8.61E-02
3.548E+00 4.614E-02 1.134E-01  9.74E-02
3.350E+00 4.745E-02 1.461E-01  1.10E-01
3.162E+00 4.904E-02 1.884E-01  1.25E-01
2.985E+00 5.098E-02 2.432E-01  1.42E-01
2.818E+00 5.334E-02 3.142E-01  1.62E-01
2.661E+00 5.635E-02 4.060E-01  1.85E-01
2.512E+00 6.019E-02 5.250E-01  2.13E-01
2.371E+00 6.548E-02 6.788E-01  2.47E-01
2.239E+00 7.284E-02 8.791E-01  2.89E-01
2.113E+00 8.384E-02 1.145E+00  3.41E-01
1.995E+00 1.020E-01 1.515E+00  4.06E-01
1.884E+00 1.342E-01 2.093E+00  4.78E-01
1.778E+00 1.912E-01 3.136E+00  5.29E-01
1.679E+00 2.537E-01 4.822E+00  5.00E-01
1.585E+00 2.199E-01 5.682E+00  3.96E-01
1.496E+00 1.363E-01 5.105E+00  3.08E-01
1.413E+00 9.010E-02 4.488E+00  2.75E-01
1.334E+00 7.499E-02 4.128E+00  2.81E-01
1.259E+00 8.522E-02 4.002E+00  3.01E-01
1.189E+00 1.604E-01 4.664E+00  3.17E-01
1.122E+00 2.018E-01 5.654E+00  4.00E-01
1.059E+00 9.131E-02 3.768E+00  3.35E-01
1.000E+00 6.868E-02 3.553E+00  2.19E-01
9.441E-01 6.840E-02 3.247E+00  1.52E-01
8.913E-01 2.217E-01 3.922E+00  8.43E-02
8.414E-01 5.636E-02 1.316E+00  1.81E-01
7.943E-01 5.985E-02 1.738E+00  5.91E-02
7.499E-01 6.046E-02 2.125E+00  3.74E-02
7.079E-01 3.679E-02 1.374E+00  2.20E-01
6.683E-01 3.715E-02 1.699E+00  4.95E-01
6.310E-01 4.400E-02 2.964E+00  5.31E-01
5.957E-01 1.824E-02 2.630E+00  5.29E-01
5.623E-01 1.104E-01 4.704E+00  5.50E-01
5.309E-01 1.594E-02 2.891E+00  5.42E-01
5.012E-01 3.897E-02 3.379E+00  3.75E-01
4.732E-01 1.531E-02 1.938E+00  3.19E-01
4.467E-01 2.873E-02 2.620E+00  2.39E-01
4.217E-01 1.496E-02 2.565E+00  3.98E-01
3.981E-01 1.273E-02 2.220E+00  4.92E-01
3.758E-01 5.398E-02 2.740E+00  6.37E-01
3.548E-01 1.033E-01 2.477E+00  5.57E-01
3.350E-01 1.967E-01 2.265E+00  3.71E-01
3.162E-01 2.197E-01 2.307E+00  5.18E-01
2.985E-01 2.680E-01 1.911E+00  5.15E-01
2.818E-01 6.082E-01 1.853E+00  5.41E-01
2.661E-01 8.665E-01 1.724E+00  7.17E-01
2.512E-01 9.484E-01 1.452E+00  7.41E-01
2.371E-01 9.580E-01 1.405E+00  7.50E-01
2.239E-01 9.228E-01 1.443E+00  7.43E-01
2.113E-01 8.715E-01 1.480E+00  7.27E-01
1.995E-01 8.055E-01 1.532E+00  7.03E-01
1.884E-01 7.430E-01 1.601E+00  6.81E-01
1.778E-01 6.955E-01 1.677E+00  6.67E-01
1.679E-01 6.698E-01 1.752E+00  6.61E-01
1.585E-01 6.704E-01 1.816E+00  6.64E-01
1.496E-01 7.123E-01 1.801E+00  6.81E-01
1.413E-01 7.379E-01 1.765E+00  6.94E-01
1.334E-01 7.423E-01 1.749E+00  7.01E-01
1.259E-01 7.330E-01 1.742E+00  7.04E-01
1.189E-01 7.027E-01 1.756E+00  7.01E-01
1.122E-01 6.735E-01 1.750E+00  7.01E-01
1.059E-01 6.721E-01 1.696E+00  7.14E-01
1.000E-01 6.800E-01 1.641E+00  7.30E-01
9.441E-02 6.845E-01 1.603E+00  7.43E-01
8.913E-02 6.945E-01 1.562E+00  7.57E-01
8.414E-02 7.053E-01 1.526E+00  7.72E-01
7.943E-02 7.164E-01 1.492E+00  7.86E-01
7.499E-02 7.280E-01 1.461E+00  8.00E-01
7.079E-02 7.393E-01 1.433E+00  8.15E-01
6.683E-02 7.505E-01 1.406E+00  8.29E-01
6.310E-02 7.615E-01 1.381E+00  8.42E-01
5.957E-02 7.721E-01 1.357E+00  8.56E-01
5.623E-02 7.823E-01 1.335E+00  8.69E-01
5.309E-02 7.921E-01 1.315E+00  8.81E-01
5.012E-02 8.013E-01 1.295E+00  8.93E-01
4.732E-02 8.101E-01 1.277E+00  9.04E-01
4.467E-02 8.182E-01 1.260E+00  9.13E-01
4.217E-02 8.259E-01 1.245E+00  9.23E-01
3.981E-02 8.331E-01 1.230E+00  9.31E-01
3.758E-02 8.400E-01 1.216E+00  9.38E-01
3.548E-02 8.466E-01 1.202E+00  9.45E-01
3.350E-02 8.529E-01 1.190E+00  9.52E-01
3.162E-02 8.590E-01 1.178E+00  9.57E-01
2.985E-02 8.648E-01 1.166E+00  9.62E-01
2.818E-02 8.704E-01 1.155E+00  9.67E-01
2.661E-02 8.760E-01 1.145E+00  9.71E-01
2.512E-02 8.813E-01 1.135E+00  9.75E-01
2.371E-02 8.865E-01 1.125E+00  9.78E-01
2.239E-02 8.914E-01 1.115E+00  9.81E-01
2.113E-02 8.961E-01 1.106E+00  9.84E-01
1.995E-02 9.004E-01 1.096E+00  9.86E-01
1.884E-02 9.043E-01 1.086E+00  9.88E-01
1.778E-02 9.079E-01 1.077E+00  9.90E-01
1.679E-02 9.108E-01 1.071E+00  9.92E-01
1.585E-02 9.131E-01 1.066E+00  9.93E-01
1.496E-02 9.144E-01 1.064E+00  9.95E-01
1.413E-02 9.147E-01 1.060E+00  9.96E-01
1.334E-02 9.138E-01 1.058E+00  9.97E-01
1.259E-02 9.114E-01 1.075E+00  9.98E-01
1.189E-02 9.073E-01 1.144E+00  9.99E-01
1.122E-02 9.048E-01 1.142E+00  9.99E-01
1.059E-02 1.006E+00 9.794E-01  9.99E-01
1.000E-02 9.870E-01 9.841E-01  9.99E-01
9.441E-03 9.808E-01 9.961E-01  9.99E-01
8.913E-03 9.775E-01 1.002E+00  9.99E-01
8.414E-03 9.752E-01 1.006E+00  9.99E-01
7.943E-03 9.734E-01 1.010E+00  9.99E-01
7.499E-03 9.733E-01 1.010E+00  9.99E-01
7.079E-03 9.765E-01 1.007E+00  9.99E-01
6.683E-03 9.732E-01 1.014E+00  9.99E-01
6.310E-03 9.703E-01 1.020E+00  9.99E-01
5.957E-03 9.673E-01 1.027E+00  9.99E-01
5.623E-03 9.635E-01 1.036E+00  9.99E-01
5.309E-03 9.590E-01 1.046E+00  9.99E-01
5.012E-03 9.531E-01 1.061E+00  1.00E+00
4.732E-03 9.458E-01 1.087E+00  1.00E+00
4.467E-03 9.374E-01 1.140E+00  1.00E+00
4.217E-03 9.617E-01 1.058E+00  1.00E+00
3.981E-03 9.539E-01 1.077E+00  1.00E+00
3.758E-03 9.443E-01 1.100E+00  1.00E+00
3.548E-03 9.322E-01 1.132E+00  1.00E+00
3.350E-03 9.168E-01 1.174E+00  1.00E+00
3.162E-03 8.975E-01 1.231E+00  1.00E+00
2.985E-03 8.743E-01 1.302E+00  1.00E+00
2.818E-03 8.452E-01 1.393E+00  1.00E+00
2.661E-03 8.108E-01 1.498E+00  1.00E+00
2.512E-03 7.723E-01 1.613E+00  1.00E+00
2.371E-03 7.300E-01 1.728E+00  1.00E+00
2.239E-03 6.845E-01 1.837E+00  1.00E+00
2.113E-03 6.359E-01 1.934E+00  1.00E+00
1.995E-03 5.865E-01 2.009E+00  1.00E+00
1.884E-03 5.368E-01 1.393E+00  1.00E+00
1.778E-03 4.874E-01 1.423E+00  1.00E+00
1.679E-03 4.396E-01 1.448E+00  1.00E+00
1.585E-03 3.941E-01 1.464E+00  1.00E+00
1.496E-03 3.512E-01 1.472E+00  1.00E+00
1.413E-03 3.112E-01 1.469E+00  1.00E+00
1.334E-03 2.746E-01 1.454E+00  1.00E+00
1.259E-03 2.414E-01 1.427E+00  1.00E+00
1.189E-03 2.118E-01 1.388E+00  1.00E+00
1.122E-03 1.843E-01 1.336E+00  1.00E+00
1.059E-03 1.601E-01 1.272E+00  1.00E+00
