w(micron)  Q_abs     Q_sca     g=<cos>
1.000E+03 8.193E-05 1.497E-05  1.44E-03
9.441E+02 9.203E-05 1.885E-05  1.62E-03
8.913E+02 1.034E-04 2.374E-05  1.82E-03
8.414E+02 1.161E-04 2.990E-05  2.04E-03
7.943E+02 1.305E-04 3.766E-05  2.29E-03
7.499E+02 1.467E-04 4.744E-05  2.57E-03
7.079E+02 1.649E-04 5.975E-05  2.88E-03
6.683E+02 1.854E-04 7.527E-05  3.23E-03
6.310E+02 2.085E-04 9.483E-05  3.63E-03
5.957E+02 2.346E-04 1.195E-04  4.07E-03
5.623E+02 2.640E-04 1.505E-04  4.57E-03
5.309E+02 2.971E-04 1.897E-04  5.13E-03
5.012E+02 3.346E-04 2.391E-04  5.76E-03
4.732E+02 3.770E-04 3.014E-04  6.46E-03
4.467E+02 4.250E-04 3.799E-04  7.25E-03
4.217E+02 4.793E-04 4.791E-04  8.14E-03
3.981E+02 5.410E-04 6.041E-04  9.14E-03
3.758E+02 6.110E-04 7.621E-04  1.03E-02
3.548E+02 6.906E-04 9.615E-04  1.15E-02
3.350E+02 7.813E-04 1.213E-03  1.29E-02
3.162E+02 8.848E-04 1.532E-03  1.45E-02
2.985E+02 1.003E-03 1.935E-03  1.63E-02
2.818E+02 1.139E-03 2.444E-03  1.83E-02
2.661E+02 1.294E-03 3.090E-03  2.06E-02
2.512E+02 1.473E-03 3.908E-03  2.32E-02
2.371E+02 1.681E-03 4.944E-03  2.60E-02
2.239E+02 1.921E-03 6.259E-03  2.93E-02
2.113E+02 2.200E-03 7.930E-03  3.29E-02
1.995E+02 2.527E-03 1.005E-02  3.71E-02
1.884E+02 2.911E-03 1.276E-02  4.17E-02
1.778E+02 3.364E-03 1.621E-02  4.70E-02
1.679E+02 3.902E-03 2.061E-02  5.30E-02
1.585E+02 4.543E-03 2.626E-02  5.98E-02
1.496E+02 5.317E-03 3.349E-02  6.75E-02
1.413E+02 6.257E-03 4.278E-02  7.63E-02
1.334E+02 7.414E-03 5.476E-02  8.64E-02
1.259E+02 8.851E-03 7.022E-02  9.80E-02
1.189E+02 1.066E-02 9.029E-02  1.11E-01
1.122E+02 1.297E-02 1.164E-01  1.27E-01
1.059E+02 1.599E-02 1.507E-01  1.45E-01
1.000E+02 2.003E-02 1.957E-01  1.67E-01
9.441E+01 2.560E-02 2.555E-01  1.93E-01
8.913E+01 3.358E-02 3.357E-01  2.24E-01
8.414E+01 4.564E-02 4.452E-01  2.63E-01
7.943E+01 6.516E-02 5.988E-01  3.11E-01
7.499E+01 9.999E-02 8.265E-01  3.73E-01
7.079E+01 1.713E-01 1.203E+00  4.46E-01
6.683E+01 3.474E-01 1.978E+00  5.08E-01
6.310E+01 8.282E-01 4.007E+00  4.68E-01
5.957E+01 1.165E+00 6.244E+00  2.39E-01
5.623E+01 6.473E-01 5.044E+00  4.35E-02
5.309E+01 4.110E-01 4.465E+00  5.35E-03
5.012E+01 3.758E-01 4.430E+00  4.51E-02
4.732E+01 4.638E-01 4.351E+00  1.13E-01
4.467E+01 7.434E-01 3.735E+00  1.87E-01
4.217E+01 1.877E+00 3.060E+00  2.82E-01
3.981E+01 9.541E-01 1.421E+00  4.07E-01
3.758E+01 6.165E-01 1.116E+00  2.31E-01
3.548E+01 8.355E-01 1.763E+00  1.95E-01
3.350E+01 1.354E+00 1.611E+00  9.11E-02
3.162E+01 1.045E+00 8.033E-01  1.77E-01
2.985E+01 8.767E-01 1.137E+00  4.94E-01
2.818E+01 9.177E-01 1.870E+00  4.71E-01
2.661E+01 9.011E-01 2.007E+00  4.79E-01
2.512E+01 1.076E+00 2.290E+00  6.24E-01
2.371E+01 9.934E-01 2.392E+00  5.62E-01
2.239E+01 9.460E-01 2.049E+00  4.60E-01
2.113E+01 1.205E+00 1.460E+00  5.36E-01
1.995E+01 1.140E+00 1.442E+00  4.82E-01
1.884E+01 1.162E+00 1.315E+00  6.14E-01
1.778E+01 1.129E+00 1.684E+00  6.63E-01
1.679E+01 1.110E+00 1.618E+00  6.53E-01
1.585E+01 1.105E+00 1.453E+00  6.39E-01
1.496E+01 1.047E+00 1.558E+00  6.57E-01
1.413E+01 9.712E-01 1.585E+00  6.40E-01
1.334E+01 8.565E-01 1.668E+00  6.17E-01
1.259E+01 7.055E-01 1.851E+00  5.89E-01
1.189E+01 6.967E-01 2.082E+00  6.01E-01
1.122E+01 9.033E-01 2.087E+00  6.47E-01
1.059E+01 1.095E+00 1.670E+00  7.26E-01
1.000E+01 1.222E+00 1.187E+00  8.47E-01
9.441E+00 1.314E+00 1.181E+00  8.83E-01
8.913E+00 1.319E+00 1.210E+00  8.78E-01
8.414E+00 1.270E+00 1.278E+00  8.70E-01
7.943E+00 1.228E+00 1.237E+00  8.49E-01
7.499E+00 1.200E+00 1.297E+00  8.51E-01
7.079E+00 1.171E+00 1.330E+00  8.54E-01
6.683E+00 1.140E+00 1.266E+00  8.40E-01
6.310E+00 1.115E+00 1.293E+00  8.36E-01
5.957E+00 1.096E+00 1.357E+00  8.42E-01
5.623E+00 1.078E+00 1.307E+00  8.37E-01
5.309E+00 1.061E+00 1.279E+00  8.34E-01
5.012E+00 1.044E+00 1.353E+00  8.41E-01
4.732E+00 1.028E+00 1.328E+00  8.37E-01
4.467E+00 1.015E+00 1.285E+00  8.33E-01
4.217E+00 1.001E+00 1.352E+00  8.42E-01
3.981E+00 9.900E-01 1.313E+00  8.35E-01
3.758E+00 9.754E-01 1.310E+00  8.34E-01
3.548E+00 9.676E-01 1.346E+00  8.41E-01
3.350E+00 9.511E-01 1.293E+00  8.31E-01
3.162E+00 9.414E-01 1.356E+00  8.40E-01
2.985E+00 9.323E-01 1.294E+00  8.31E-01
2.818E+00 9.203E-01 1.362E+00  8.37E-01
2.661E+00 9.080E-01 1.306E+00  8.30E-01
2.512E+00 8.974E-01 1.353E+00  8.35E-01
2.371E+00 8.824E-01 1.338E+00  8.30E-01
2.239E+00 8.703E-01 1.317E+00  8.25E-01
2.113E+00 8.570E-01 1.372E+00  8.30E-01
1.995E+00 8.459E-01 1.365E+00  8.26E-01
1.884E+00 8.302E-01 1.343E+00  8.21E-01
1.778E+00 8.149E-01 1.339E+00  8.13E-01
1.679E+00 7.970E-01 1.367E+00  8.12E-01
1.585E+00 7.773E-01 1.391E+00  8.10E-01
1.496E+00 7.627E-01 1.415E+00  8.10E-01
1.413E+00 7.375E-01 1.415E+00  7.99E-01
1.334E+00 7.165E-01 1.417E+00  7.95E-01
1.259E+00 6.947E-01 1.416E+00  7.87E-01
1.189E+00 6.690E-01 1.494E+00  7.87E-01
1.122E+00 6.450E-01 1.515E+00  7.83E-01
1.059E+00 6.154E-01 1.507E+00  7.69E-01
1.000E+00 5.879E-01 1.550E+00  7.63E-01
9.441E-01 5.628E-01 1.526E+00  7.54E-01
8.913E-01 5.296E-01 1.594E+00  7.49E-01
8.414E-01 5.040E-01 1.642E+00  7.46E-01
7.943E-01 4.723E-01 1.627E+00  7.37E-01
7.499E-01 4.407E-01 1.629E+00  7.25E-01
7.079E-01 4.164E-01 1.710E+00  7.26E-01
6.683E-01 3.860E-01 1.748E+00  7.22E-01
6.310E-01 3.567E-01 1.730E+00  7.03E-01
5.957E-01 3.320E-01 1.807E+00  7.05E-01
5.623E-01 3.044E-01 1.734E+00  6.84E-01
5.309E-01 2.770E-01 1.807E+00  6.88E-01
5.012E-01 2.514E-01 1.868E+00  6.84E-01
4.732E-01 2.349E-01 1.830E+00  6.68E-01
4.467E-01 2.134E-01 1.914E+00  6.72E-01
4.217E-01 1.893E-01 1.847E+00  6.50E-01
3.981E-01 2.398E-01 1.838E+00  6.73E-01
3.758E-01 4.644E-01 1.611E+00  7.30E-01
3.548E-01 6.650E-01 1.403E+00  7.87E-01
3.350E-01 7.094E-01 1.355E+00  8.00E-01
3.162E-01 7.677E-01 1.292E+00  8.17E-01
2.985E-01 7.649E-01 1.293E+00  8.13E-01
2.818E-01 7.551E-01 1.301E+00  8.07E-01
2.661E-01 7.436E-01 1.311E+00  7.99E-01
2.512E-01 7.297E-01 1.323E+00  7.90E-01
2.371E-01 7.123E-01 1.338E+00  7.78E-01
2.239E-01 6.893E-01 1.359E+00  7.63E-01
2.113E-01 6.359E-01 1.364E+00  7.38E-01
1.995E-01 5.906E-01 1.409E+00  7.11E-01
1.884E-01 5.402E-01 1.460E+00  6.83E-01
1.778E-01 4.936E-01 1.506E+00  6.61E-01
1.679E-01 4.577E-01 1.542E+00  6.47E-01
1.585E-01 4.378E-01 1.562E+00  6.42E-01
1.496E-01 4.602E-01 1.540E+00  6.56E-01
1.413E-01 4.845E-01 1.516E+00  6.70E-01
1.334E-01 4.941E-01 1.506E+00  6.77E-01
1.259E-01 4.952E-01 1.505E+00  6.80E-01
1.189E-01 4.900E-01 1.548E+00  6.81E-01
1.122E-01 4.838E-01 1.552E+00  6.82E-01
1.059E-01 5.101E-01 1.523E+00  6.99E-01
1.000E-01 5.404E-01 1.491E+00  7.18E-01
9.441E-02 5.616E-01 1.468E+00  7.32E-01
8.913E-02 5.859E-01 1.442E+00  7.48E-01
8.414E-02 6.088E-01 1.417E+00  7.64E-01
7.943E-02 6.304E-01 1.394E+00  7.80E-01
7.499E-02 6.512E-01 1.372E+00  7.95E-01
7.079E-02 6.708E-01 1.351E+00  8.11E-01
6.683E-02 6.895E-01 1.331E+00  8.25E-01
6.310E-02 7.074E-01 1.312E+00  8.40E-01
5.957E-02 7.244E-01 1.294E+00  8.54E-01
5.623E-02 7.405E-01 1.277E+00  8.68E-01
5.309E-02 7.539E-01 1.246E+00  8.79E-01
5.012E-02 7.684E-01 1.232E+00  8.91E-01
4.732E-02 7.822E-01 1.218E+00  9.02E-01
4.467E-02 7.950E-01 1.205E+00  9.13E-01
4.217E-02 8.071E-01 1.193E+00  9.22E-01
3.981E-02 8.184E-01 1.182E+00  9.31E-01
3.758E-02 8.291E-01 1.171E+00  9.39E-01
3.548E-02 8.393E-01 1.161E+00  9.46E-01
3.350E-02 8.491E-01 1.151E+00  9.52E-01
3.162E-02 8.584E-01 1.142E+00  9.58E-01
2.985E-02 8.674E-01 1.133E+00  9.63E-01
2.818E-02 8.759E-01 1.124E+00  9.68E-01
2.661E-02 8.843E-01 1.116E+00  9.72E-01
2.512E-02 8.923E-01 1.108E+00  9.76E-01
2.371E-02 9.001E-01 1.100E+00  9.79E-01
2.239E-02 9.077E-01 1.092E+00  9.82E-01
2.113E-02 9.149E-01 1.085E+00  9.85E-01
1.995E-02 9.219E-01 1.078E+00  9.87E-01
1.884E-02 9.286E-01 1.071E+00  9.89E-01
1.778E-02 9.352E-01 1.065E+00  9.91E-01
1.679E-02 9.415E-01 1.058E+00  9.93E-01
1.585E-02 9.476E-01 1.052E+00  9.94E-01
1.496E-02 9.536E-01 1.046E+00  9.95E-01
1.413E-02 9.597E-01 1.040E+00  9.96E-01
1.334E-02 9.659E-01 1.034E+00  9.97E-01
1.259E-02 9.720E-01 1.028E+00  9.98E-01
1.189E-02 9.786E-01 1.021E+00  9.99E-01
1.122E-02 9.893E-01 1.011E+00  1.00E+00
1.059E-02 9.897E-01 1.010E+00  9.99E-01
1.000E-02 9.860E-01 1.014E+00  9.99E-01
9.441E-03 9.845E-01 1.016E+00  9.99E-01
8.913E-03 9.843E-01 1.016E+00  9.99E-01
8.414E-03 9.847E-01 1.015E+00  9.99E-01
7.943E-03 9.856E-01 1.014E+00  9.99E-01
7.499E-03 9.878E-01 1.012E+00  9.99E-01
7.079E-03 9.870E-01 1.013E+00  9.99E-01
6.683E-03 9.869E-01 1.013E+00  9.99E-01
6.310E-03 9.873E-01 1.013E+00  9.99E-01
5.957E-03 9.879E-01 1.012E+00  9.99E-01
5.623E-03 9.887E-01 1.011E+00  1.00E+00
5.309E-03 9.895E-01 1.011E+00  1.00E+00
5.012E-03 9.903E-01 1.010E+00  1.00E+00
4.732E-03 9.913E-01 1.009E+00  1.00E+00
4.467E-03 9.934E-01 1.007E+00  1.00E+00
4.217E-03 9.930E-01 1.007E+00  1.00E+00
3.981E-03 9.928E-01 1.007E+00  1.00E+00
3.758E-03 9.929E-01 1.007E+00  1.00E+00
3.548E-03 9.930E-01 1.007E+00  1.00E+00
3.350E-03 9.931E-01 1.007E+00  1.00E+00
3.162E-03 9.932E-01 1.007E+00  1.00E+00
2.985E-03 9.934E-01 1.007E+00  1.00E+00
2.818E-03 9.935E-01 1.007E+00  1.00E+00
2.661E-03 9.936E-01 1.006E+00  1.00E+00
2.512E-03 9.940E-01 1.006E+00  1.00E+00
2.371E-03 9.945E-01 1.005E+00  1.00E+00
2.239E-03 9.953E-01 1.005E+00  1.00E+00
2.113E-03 9.960E-01 1.004E+00  1.00E+00
1.995E-03 9.964E-01 1.004E+00  1.00E+00
1.884E-03 9.964E-01 1.004E+00  1.00E+00
1.778E-03 9.961E-01 1.004E+00  1.00E+00
1.679E-03 9.955E-01 1.005E+00  1.00E+00
1.585E-03 9.946E-01 1.005E+00  1.00E+00
1.496E-03 9.932E-01 1.007E+00  1.00E+00
1.413E-03 9.913E-01 1.009E+00  1.00E+00
1.334E-03 9.887E-01 1.011E+00  1.00E+00
1.259E-03 9.850E-01 1.015E+00  1.00E+00
1.189E-03 9.801E-01 1.020E+00  1.00E+00
1.122E-03 9.731E-01 1.027E+00  1.00E+00
1.059E-03 9.636E-01 1.036E+00  1.00E+00
