w(micron)  Q_abs     Q_sca     g=<cos>
1.000E+03 1.621E-05 2.367E-08  5.74E-05
9.441E+02 1.819E-05 2.980E-08  6.44E-05
8.913E+02 2.041E-05 3.752E-08  7.23E-05
8.414E+02 2.291E-05 4.723E-08  8.11E-05
7.943E+02 2.570E-05 5.946E-08  9.10E-05
7.499E+02 2.884E-05 7.486E-08  1.02E-04
7.079E+02 3.236E-05 9.425E-08  1.15E-04
6.683E+02 3.631E-05 1.187E-07  1.28E-04
6.310E+02 4.075E-05 1.494E-07  1.44E-04
5.957E+02 4.572E-05 1.881E-07  1.62E-04
5.623E+02 5.131E-05 2.368E-07  1.82E-04
5.309E+02 5.758E-05 2.981E-07  2.04E-04
5.012E+02 6.461E-05 3.753E-07  2.29E-04
4.732E+02 7.250E-05 4.725E-07  2.56E-04
4.467E+02 8.136E-05 5.948E-07  2.88E-04
4.217E+02 9.131E-05 7.489E-07  3.23E-04
3.981E+02 1.025E-04 9.429E-07  3.62E-04
3.758E+02 1.150E-04 1.187E-06  4.06E-04
3.548E+02 1.291E-04 1.495E-06  4.56E-04
3.350E+02 1.448E-04 1.882E-06  5.12E-04
3.162E+02 1.626E-04 2.369E-06  5.74E-04
2.985E+02 1.825E-04 2.983E-06  6.44E-04
2.818E+02 2.048E-04 3.757E-06  7.23E-04
2.661E+02 2.298E-04 4.730E-06  8.11E-04
2.512E+02 2.580E-04 5.957E-06  9.10E-04
2.371E+02 2.896E-04 7.501E-06  1.02E-03
2.239E+02 3.251E-04 9.445E-06  1.15E-03
2.113E+02 3.650E-04 1.189E-05  1.29E-03
1.995E+02 4.099E-04 1.498E-05  1.44E-03
1.884E+02 4.603E-04 1.886E-05  1.62E-03
1.778E+02 5.170E-04 2.375E-05  1.82E-03
1.679E+02 5.805E-04 2.992E-05  2.04E-03
1.585E+02 6.518E-04 3.769E-05  2.29E-03
1.496E+02 7.320E-04 4.748E-05  2.57E-03
1.413E+02 8.223E-04 5.982E-05  2.88E-03
1.334E+02 9.242E-04 7.535E-05  3.24E-03
1.259E+02 1.039E-03 9.493E-05  3.63E-03
1.189E+02 1.168E-03 1.196E-04  4.08E-03
1.122E+02 1.313E-03 1.508E-04  4.58E-03
1.059E+02 1.477E-03 1.900E-04  5.14E-03
1.000E+02 1.662E-03 2.395E-04  5.77E-03
9.441E+01 1.870E-03 3.020E-04  6.48E-03
8.913E+01 2.105E-03 3.809E-04  7.28E-03
8.414E+01 2.371E-03 4.804E-04  8.17E-03
7.943E+01 2.672E-03 6.061E-04  9.18E-03
7.499E+01 3.012E-03 7.648E-04  1.03E-02
7.079E+01 3.399E-03 9.654E-04  1.16E-02
6.683E+01 3.837E-03 1.219E-03  1.30E-02
6.310E+01 4.335E-03 1.540E-03  1.46E-02
5.957E+01 4.903E-03 1.946E-03  1.65E-02
5.623E+01 5.550E-03 2.461E-03  1.85E-02
5.309E+01 6.290E-03 3.113E-03  2.08E-02
5.012E+01 7.139E-03 3.941E-03  2.34E-02
4.732E+01 8.115E-03 4.992E-03  2.64E-02
4.467E+01 9.242E-03 6.330E-03  2.97E-02
4.217E+01 1.055E-02 8.032E-03  3.35E-02
3.981E+01 1.207E-02 1.020E-02  3.78E-02
3.758E+01 1.385E-02 1.298E-02  4.27E-02
3.548E+01 1.595E-02 1.653E-02  4.83E-02
3.350E+01 1.844E-02 2.109E-02  5.47E-02
3.162E+01 2.143E-02 2.695E-02  6.21E-02
2.985E+01 2.506E-02 3.452E-02  7.06E-02
2.818E+01 2.954E-02 4.434E-02  8.05E-02
2.661E+01 3.516E-02 5.710E-02  9.21E-02
2.512E+01 4.238E-02 7.382E-02  1.06E-01
2.371E+01 5.195E-02 9.586E-02  1.22E-01
2.239E+01 6.516E-02 1.252E-01  1.43E-01
2.113E+01 8.445E-02 1.649E-01  1.68E-01
1.995E+01 1.147E-01 2.193E-01  2.01E-01
1.884E+01 1.675E-01 2.967E-01  2.46E-01
1.778E+01 2.757E-01 4.140E-01  3.08E-01
1.679E+01 5.555E-01 6.189E-01  3.89E-01
1.585E+01 1.476E+00 1.087E+00  4.08E-01
1.496E+01 2.172E+00 1.613E+00  7.81E-02
1.413E+01 1.562E+00 1.588E+00 -7.04E-02
1.334E+01 1.484E+00 1.284E+00 -4.45E-02
1.259E+01 1.150E+00 1.656E+00 -4.00E-02
1.189E+01 1.207E+00 2.258E+00  5.28E-03
1.122E+01 1.674E+00 2.296E+00  7.31E-02
1.059E+01 1.939E+00 1.190E+00  1.78E-01
1.000E+01 1.422E+00 4.122E-01  2.46E-01
9.441E+00 1.079E+00 4.310E-01  3.19E-01
8.913E+00 9.733E-01 8.024E-01  4.14E-01
8.414E+00 1.024E+00 1.359E+00  5.05E-01
7.943E+00 1.103E+00 2.087E+00  5.34E-01
7.499E+00 1.020E+00 2.700E+00  4.92E-01
7.079E+00 8.691E-01 2.905E+00  4.51E-01
6.683E+00 8.576E-01 2.932E+00  4.53E-01
6.310E+00 1.086E+00 3.068E+00  5.00E-01
5.957E+00 1.340E+00 3.377E+00  5.60E-01
5.623E+00 1.115E+00 3.195E+00  5.31E-01
5.309E+00 9.397E-01 2.843E+00  4.43E-01
5.012E+00 9.719E-01 2.381E+00  3.64E-01
4.732E+00 1.280E+00 1.976E+00  3.78E-01
4.467E+00 9.809E-01 1.388E+00  3.89E-01
4.217E+00 1.042E+00 1.489E+00  3.00E-01
3.981E+00 1.062E+00 1.294E+00  2.36E-01
3.758E+00 8.041E-01 1.044E+00  3.74E-01
3.548E+00 9.806E-01 1.416E+00  5.62E-01
3.350E+00 9.479E-01 1.878E+00  6.11E-01
3.162E+00 6.348E-01 1.979E+00  6.34E-01
2.985E+00 9.663E-01 2.586E+00  7.27E-01
2.818E+00 5.993E-01 2.440E+00  6.83E-01
2.661E+00 8.197E-01 2.458E+00  6.20E-01
2.512E+00 5.945E-01 2.015E+00  6.19E-01
2.371E+00 7.333E-01 1.787E+00  4.18E-01
2.239E+00 5.771E-01 1.478E+00  4.36E-01
2.113E+00 6.607E-01 1.779E+00  4.88E-01
1.995E+00 5.991E-01 2.028E+00  5.83E-01
1.884E+00 4.552E-01 2.157E+00  6.54E-01
1.778E+00 5.888E-01 2.431E+00  7.23E-01
1.679E+00 5.825E-01 2.205E+00  5.78E-01
1.585E+00 4.394E-01 1.545E+00  5.10E-01
1.496E+00 3.699E-01 1.638E+00  5.13E-01
1.413E+00 3.481E-01 2.122E+00  5.69E-01
1.334E+00 3.426E-01 2.222E+00  6.21E-01
1.259E+00 3.176E-01 1.786E+00  5.92E-01
1.189E+00 2.896E-01 1.579E+00  5.25E-01
1.122E+00 2.930E-01 2.031E+00  5.79E-01
1.059E+00 3.699E-01 2.472E+00  6.11E-01
1.000E+00 2.273E-01 1.933E+00  5.78E-01
9.441E-01 2.516E-01 1.993E+00  5.12E-01
8.913E-01 2.482E-01 2.485E+00  6.79E-01
8.414E-01 1.771E-01 1.788E+00  5.52E-01
7.943E-01 1.529E-01 2.102E+00  5.82E-01
7.499E-01 1.685E-01 2.271E+00  6.44E-01
7.079E-01 1.388E-01 2.280E+00  6.42E-01
6.683E-01 1.288E-01 2.365E+00  6.56E-01
6.310E-01 1.055E-01 2.005E+00  5.84E-01
5.957E-01 1.004E-01 1.988E+00  5.66E-01
5.623E-01 1.019E-01 2.344E+00  6.57E-01
5.309E-01 1.042E-01 2.189E+00  5.93E-01
5.012E-01 8.157E-02 2.265E+00  5.65E-01
4.732E-01 7.226E-02 2.449E+00  6.53E-01
4.467E-01 5.209E-02 2.025E+00  5.72E-01
4.217E-01 4.756E-02 2.298E+00  6.44E-01
3.981E-01 9.758E-02 2.227E+00  5.97E-01
3.758E-01 1.542E-01 2.117E+00  6.09E-01
3.548E-01 2.976E-01 1.909E+00  6.37E-01
3.350E-01 3.490E-01 1.763E+00  6.48E-01
3.162E-01 5.615E-01 1.536E+00  7.10E-01
2.985E-01 6.791E-01 1.474E+00  7.54E-01
2.818E-01 8.009E-01 1.361E+00  7.99E-01
2.661E-01 8.063E-01 1.342E+00  7.99E-01
2.512E-01 7.894E-01 1.354E+00  7.90E-01
2.371E-01 7.687E-01 1.369E+00  7.79E-01
2.239E-01 7.424E-01 1.390E+00  7.64E-01
2.113E-01 7.080E-01 1.420E+00  7.44E-01
1.995E-01 6.603E-01 1.465E+00  7.18E-01
1.884E-01 6.112E-01 1.520E+00  6.92E-01
1.778E-01 5.691E-01 1.577E+00  6.73E-01
1.679E-01 5.383E-01 1.626E+00  6.62E-01
1.585E-01 5.198E-01 1.658E+00  6.59E-01
1.496E-01 5.358E-01 1.634E+00  6.73E-01
1.413E-01 5.526E-01 1.605E+00  6.85E-01
1.334E-01 5.545E-01 1.591E+00  6.91E-01
1.259E-01 5.486E-01 1.587E+00  6.94E-01
1.189E-01 5.260E-01 1.600E+00  6.89E-01
1.122E-01 5.134E-01 1.602E+00  6.90E-01
1.059E-01 5.351E-01 1.569E+00  7.05E-01
1.000E-01 5.623E-01 1.532E+00  7.24E-01
9.441E-02 5.811E-01 1.506E+00  7.37E-01
8.913E-02 6.034E-01 1.478E+00  7.53E-01
8.414E-02 6.246E-01 1.451E+00  7.69E-01
7.943E-02 6.446E-01 1.426E+00  7.84E-01
7.499E-02 6.640E-01 1.402E+00  7.99E-01
7.079E-02 6.824E-01 1.379E+00  8.14E-01
6.683E-02 6.999E-01 1.358E+00  8.28E-01
6.310E-02 7.167E-01 1.337E+00  8.42E-01
5.957E-02 7.327E-01 1.318E+00  8.56E-01
5.623E-02 7.479E-01 1.300E+00  8.69E-01
5.309E-02 7.622E-01 1.282E+00  8.82E-01
5.012E-02 7.757E-01 1.266E+00  8.94E-01
4.732E-02 7.885E-01 1.251E+00  9.05E-01
4.467E-02 8.005E-01 1.236E+00  9.15E-01
4.217E-02 8.117E-01 1.223E+00  9.24E-01
3.981E-02 8.222E-01 1.210E+00  9.32E-01
3.758E-02 8.322E-01 1.198E+00  9.40E-01
3.548E-02 8.417E-01 1.186E+00  9.47E-01
3.350E-02 8.508E-01 1.175E+00  9.53E-01
3.162E-02 8.595E-01 1.165E+00  9.59E-01
2.985E-02 8.679E-01 1.155E+00  9.64E-01
2.818E-02 8.759E-01 1.145E+00  9.68E-01
2.661E-02 8.838E-01 1.136E+00  9.72E-01
2.512E-02 8.913E-01 1.127E+00  9.76E-01
2.371E-02 8.987E-01 1.118E+00  9.79E-01
2.239E-02 9.058E-01 1.109E+00  9.82E-01
2.113E-02 9.126E-01 1.101E+00  9.85E-01
1.995E-02 9.192E-01 1.093E+00  9.87E-01
1.884E-02 9.256E-01 1.086E+00  9.89E-01
1.778E-02 9.317E-01 1.078E+00  9.91E-01
1.679E-02 9.377E-01 1.071E+00  9.93E-01
1.585E-02 9.435E-01 1.064E+00  9.94E-01
1.496E-02 9.492E-01 1.057E+00  9.95E-01
1.413E-02 9.548E-01 1.050E+00  9.96E-01
1.334E-02 9.606E-01 1.043E+00  9.97E-01
1.259E-02 9.666E-01 1.036E+00  9.98E-01
1.189E-02 9.732E-01 1.027E+00  9.99E-01
1.122E-02 9.842E-01 1.011E+00  1.00E+00
1.059E-02 9.897E-01 1.010E+00  9.99E-01
1.000E-02 9.860E-01 1.014E+00  9.99E-01
9.441E-03 9.845E-01 1.016E+00  9.99E-01
8.913E-03 9.843E-01 1.016E+00  9.99E-01
8.414E-03 9.847E-01 1.015E+00  9.99E-01
7.943E-03 9.856E-01 1.014E+00  9.99E-01
7.499E-03 9.878E-01 1.012E+00  9.99E-01
7.079E-03 9.870E-01 1.013E+00  9.99E-01
6.683E-03 9.869E-01 1.013E+00  9.99E-01
6.310E-03 9.873E-01 1.013E+00  9.99E-01
5.957E-03 9.878E-01 1.012E+00  9.99E-01
5.623E-03 9.883E-01 1.012E+00  1.00E+00
5.309E-03 9.889E-01 1.011E+00  1.00E+00
5.012E-03 9.894E-01 1.011E+00  1.00E+00
4.732E-03 9.899E-01 1.010E+00  1.00E+00
4.467E-03 9.915E-01 1.008E+00  1.00E+00
4.217E-03 9.922E-01 1.008E+00  1.00E+00
3.981E-03 9.916E-01 1.008E+00  1.00E+00
3.758E-03 9.911E-01 1.009E+00  1.00E+00
3.548E-03 9.906E-01 1.009E+00  1.00E+00
3.350E-03 9.900E-01 1.010E+00  1.00E+00
3.162E-03 9.893E-01 1.011E+00  1.00E+00
2.985E-03 9.884E-01 1.012E+00  1.00E+00
2.818E-03 9.872E-01 1.013E+00  1.00E+00
2.661E-03 9.857E-01 1.014E+00  1.00E+00
2.512E-03 9.837E-01 1.016E+00  1.00E+00
2.371E-03 9.811E-01 1.019E+00  1.00E+00
2.239E-03 9.776E-01 1.022E+00  1.00E+00
2.113E-03 9.724E-01 1.028E+00  1.00E+00
1.995E-03 9.652E-01 1.035E+00  1.00E+00
1.884E-03 9.552E-01 1.045E+00  1.00E+00
1.778E-03 9.416E-01 1.058E+00  1.00E+00
1.679E-03 9.237E-01 1.076E+00  1.00E+00
1.585E-03 9.010E-01 1.099E+00  1.00E+00
1.496E-03 8.729E-01 1.127E+00  1.00E+00
1.413E-03 8.390E-01 1.161E+00  1.00E+00
1.334E-03 7.998E-01 1.200E+00  1.00E+00
1.259E-03 7.560E-01 1.243E+00  1.00E+00
1.189E-03 7.088E-01 1.291E+00  1.00E+00
1.122E-03 6.569E-01 1.342E+00  1.00E+00
1.059E-03 6.040E-01 1.395E+00  1.00E+00
