w(micron)  Q_abs     Q_sca     g=<cos>
1.000E+03 3.629E-06 5.945E-11  2.88E-06
9.441E+02 4.071E-06 7.485E-11  3.23E-06
8.913E+02 4.568E-06 9.423E-11  3.62E-06
8.414E+02 5.126E-06 1.186E-10  4.06E-06
7.943E+02 5.751E-06 1.493E-10  4.56E-06
7.499E+02 6.453E-06 1.880E-10  5.11E-06
7.079E+02 7.240E-06 2.367E-10  5.74E-06
6.683E+02 8.124E-06 2.980E-10  6.44E-06
6.310E+02 9.115E-06 3.751E-10  7.23E-06
5.957E+02 1.023E-05 4.723E-10  8.11E-06
5.623E+02 1.147E-05 5.945E-10  9.10E-06
5.309E+02 1.287E-05 7.485E-10  1.02E-05
5.012E+02 1.445E-05 9.423E-10  1.15E-05
4.732E+02 1.621E-05 1.186E-09  1.28E-05
4.467E+02 1.819E-05 1.493E-09  1.44E-05
4.217E+02 2.040E-05 1.880E-09  1.62E-05
3.981E+02 2.289E-05 2.367E-09  1.81E-05
3.758E+02 2.569E-05 2.980E-09  2.04E-05
3.548E+02 2.882E-05 3.751E-09  2.28E-05
3.350E+02 3.233E-05 4.723E-09  2.56E-05
3.162E+02 3.628E-05 5.946E-09  2.88E-05
2.985E+02 4.070E-05 7.486E-09  3.23E-05
2.818E+02 4.566E-05 9.425E-09  3.62E-05
2.661E+02 5.122E-05 1.187E-08  4.06E-05
2.512E+02 5.746E-05 1.494E-08  4.56E-05
2.371E+02 6.446E-05 1.881E-08  5.12E-05
2.239E+02 7.231E-05 2.368E-08  5.74E-05
2.113E+02 8.112E-05 2.981E-08  6.44E-05
1.995E+02 9.102E-05 3.753E-08  7.23E-05
1.884E+02 1.021E-04 4.725E-08  8.11E-05
1.778E+02 1.146E-04 5.948E-08  9.10E-05
1.679E+02 1.285E-04 7.490E-08  1.02E-04
1.585E+02 1.440E-04 9.431E-08  1.15E-04
1.496E+02 1.615E-04 1.188E-07  1.29E-04
1.413E+02 1.811E-04 1.495E-07  1.44E-04
1.334E+02 2.032E-04 1.883E-07  1.62E-04
1.259E+02 2.279E-04 2.370E-07  1.82E-04
1.189E+02 2.556E-04 2.984E-07  2.04E-04
1.122E+02 2.865E-04 3.758E-07  2.29E-04
1.059E+02 3.212E-04 4.732E-07  2.57E-04
1.000E+02 3.601E-04 5.959E-07  2.88E-04
9.441E+01 4.036E-04 7.505E-07  3.24E-04
8.913E+01 4.523E-04 9.452E-07  3.63E-04
8.414E+01 5.069E-04 1.190E-06  4.08E-04
7.943E+01 5.679E-04 1.499E-06  4.58E-04
7.499E+01 6.363E-04 1.888E-06  5.14E-04
7.079E+01 7.127E-04 2.379E-06  5.77E-04
6.683E+01 7.982E-04 2.997E-06  6.48E-04
6.310E+01 8.938E-04 3.775E-06  7.28E-04
5.957E+01 1.001E-03 4.757E-06  8.17E-04
5.623E+01 1.120E-03 5.995E-06  9.18E-04
5.309E+01 1.253E-03 7.555E-06  1.03E-03
5.012E+01 1.401E-03 9.524E-06  1.16E-03
4.732E+01 1.567E-03 1.201E-05  1.30E-03
4.467E+01 1.752E-03 1.514E-05  1.46E-03
4.217E+01 1.958E-03 1.910E-05  1.65E-03
3.981E+01 2.188E-03 2.409E-05  1.85E-03
3.758E+01 2.444E-03 3.041E-05  2.08E-03
3.548E+01 2.729E-03 3.839E-05  2.35E-03
3.350E+01 3.047E-03 4.849E-05  2.64E-03
3.162E+01 3.401E-03 6.128E-05  2.98E-03
2.985E+01 3.798E-03 7.750E-05  3.36E-03
2.818E+01 4.243E-03 9.807E-05  3.80E-03
2.661E+01 4.743E-03 1.242E-04  4.29E-03
2.512E+01 5.308E-03 1.575E-04  4.86E-03
2.371E+01 5.951E-03 2.000E-04  5.52E-03
2.239E+01 6.693E-03 2.544E-04  6.28E-03
2.113E+01 7.563E-03 3.243E-04  7.17E-03
1.995E+01 8.604E-03 4.145E-04  8.23E-03
1.884E+01 9.893E-03 5.316E-04  9.50E-03
1.778E+01 1.156E-02 6.850E-04  1.11E-02
1.679E+01 1.382E-02 8.883E-04  1.31E-02
1.585E+01 1.724E-02 1.162E-03  1.57E-02
1.496E+01 2.256E-02 1.539E-03  1.95E-02
1.413E+01 3.284E-02 2.077E-03  2.54E-02
1.334E+01 5.780E-02 2.891E-03  3.25E-02
1.259E+01 1.076E-01 4.229E-03  5.99E-03
1.189E+01 1.729E-01 6.762E-03 -8.25E-03
1.122E+01 4.778E-01 1.223E-02 -1.28E-03
1.059E+01 9.874E-01 1.209E-02  4.68E-03
1.000E+01 4.641E-01 2.676E-03  9.57E-03
9.441E+00 2.224E-01 1.960E-03  1.35E-02
8.913E+00 1.390E-01 3.120E-03  1.72E-02
8.414E+00 1.031E-01 4.829E-03  2.10E-02
7.943E+00 8.457E-02 6.990E-03  2.49E-02
7.499E+00 7.371E-02 9.709E-03  2.92E-02
7.079E+00 6.742E-02 1.313E-02  3.38E-02
6.683E+00 6.358E-02 1.747E-02  3.88E-02
6.310E+00 6.136E-02 2.299E-02  4.45E-02
5.957E+00 6.020E-02 3.004E-02  5.07E-02
5.623E+00 5.967E-02 3.909E-02  5.77E-02
5.309E+00 5.978E-02 5.072E-02  6.55E-02
5.012E+00 6.043E-02 6.567E-02  7.43E-02
4.732E+00 6.152E-02 8.493E-02  8.43E-02
4.467E+00 6.301E-02 1.099E-01  9.56E-02
4.217E+00 6.499E-02 1.420E-01  1.08E-01
3.981E+00 6.747E-02 1.835E-01  1.23E-01
3.758E+00 7.053E-02 2.373E-01  1.40E-01
3.548E+00 7.431E-02 3.071E-01  1.60E-01
3.350E+00 7.907E-02 3.971E-01  1.83E-01
3.162E+00 8.517E-02 5.138E-01  2.11E-01
2.985E+00 9.328E-02 6.645E-01  2.45E-01
2.818E+00 1.045E-01 8.601E-01  2.86E-01
2.661E+00 1.212E-01 1.118E+00  3.38E-01
2.512E+00 1.479E-01 1.474E+00  4.02E-01
2.371E+00 1.942E-01 2.014E+00  4.73E-01
2.239E+00 2.735E-01 2.956E+00  5.27E-01
2.113E+00 3.645E-01 4.478E+00  5.08E-01
1.995E+00 3.345E-01 5.429E+00  4.12E-01
1.884E+00 2.177E-01 5.017E+00  3.22E-01
1.778E+00 1.464E-01 4.442E+00  2.85E-01
1.679E+00 1.217E-01 4.082E+00  2.88E-01
1.585E+00 1.360E-01 3.940E+00  3.08E-01
1.496E+00 2.410E-01 4.444E+00  3.28E-01
1.413E+00 3.420E-01 5.625E+00  4.07E-01
1.334E+00 1.613E-01 3.852E+00  3.60E-01
1.259E+00 1.185E-01 3.531E+00  2.42E-01
1.189E+00 1.156E-01 3.270E+00  1.73E-01
1.122E+00 2.887E-01 3.345E+00  7.22E-02
1.059E+00 1.076E-01 1.492E+00  2.14E-01
1.000E+00 1.010E-01 1.528E+00  6.04E-02
9.441E-01 1.122E-01 2.290E+00  4.88E-02
8.913E-01 8.958E-02 1.493E+00  2.00E-01
8.414E-01 6.046E-02 1.398E+00  4.21E-01
7.943E-01 1.012E-01 3.127E+00  4.87E-01
7.499E-01 3.594E-02 2.566E+00  5.36E-01
7.079E-01 6.259E-02 3.389E+00  5.95E-01
6.683E-01 3.723E-02 3.230E+00  6.41E-01
6.310E-01 3.360E-02 2.781E+00  4.03E-01
5.957E-01 2.953E-02 2.486E+00  4.85E-01
5.623E-01 2.949E-02 2.023E+00  1.57E-01
5.309E-01 2.392E-02 1.727E+00  2.17E-01
5.012E-01 6.095E-02 3.155E+00  3.79E-01
4.732E-01 2.969E-02 3.508E+00  5.13E-01
4.467E-01 1.323E-02 2.400E+00  5.20E-01
4.217E-01 1.310E-02 1.990E+00  5.31E-01
3.981E-01 1.943E-02 1.891E+00  3.80E-01
3.758E-01 4.747E-02 2.262E+00  4.39E-01
3.548E-01 8.648E-02 2.232E+00  5.30E-01
3.350E-01 1.216E-01 1.780E+00  4.23E-01
3.162E-01 3.734E-01 2.488E+00  5.46E-01
2.985E-01 3.922E-01 2.143E+00  5.21E-01
2.818E-01 6.010E-01 1.683E+00  6.66E-01
2.661E-01 8.630E-01 1.469E+00  7.05E-01
2.512E-01 9.336E-01 1.442E+00  7.63E-01
2.371E-01 9.204E-01 1.425E+00  7.64E-01
2.239E-01 8.844E-01 1.437E+00  7.50E-01
2.113E-01 8.371E-01 1.470E+00  7.33E-01
1.995E-01 7.755E-01 1.521E+00  7.09E-01
1.884E-01 7.166E-01 1.586E+00  6.86E-01
1.778E-01 6.711E-01 1.659E+00  6.70E-01
1.679E-01 6.455E-01 1.729E+00  6.64E-01
1.585E-01 6.435E-01 1.787E+00  6.66E-01
1.496E-01 6.798E-01 1.771E+00  6.82E-01
1.413E-01 7.023E-01 1.735E+00  6.94E-01
1.334E-01 7.047E-01 1.719E+00  7.01E-01
1.259E-01 6.946E-01 1.712E+00  7.04E-01
1.189E-01 6.639E-01 1.726E+00  7.00E-01
1.122E-01 6.362E-01 1.721E+00  7.00E-01
1.059E-01 6.392E-01 1.672E+00  7.14E-01
1.000E-01 6.515E-01 1.621E+00  7.30E-01
9.441E-02 6.596E-01 1.586E+00  7.43E-01
8.913E-02 6.726E-01 1.548E+00  7.57E-01
8.414E-02 6.861E-01 1.514E+00  7.72E-01
7.943E-02 6.995E-01 1.482E+00  7.87E-01
7.499E-02 7.129E-01 1.453E+00  8.01E-01
7.079E-02 7.260E-01 1.425E+00  8.15E-01
6.683E-02 7.387E-01 1.400E+00  8.29E-01
6.310E-02 7.511E-01 1.375E+00  8.43E-01
5.957E-02 7.631E-01 1.353E+00  8.57E-01
5.623E-02 7.745E-01 1.331E+00  8.69E-01
5.309E-02 7.854E-01 1.311E+00  8.82E-01
5.012E-02 7.956E-01 1.293E+00  8.93E-01
4.732E-02 8.054E-01 1.275E+00  9.04E-01
4.467E-02 8.145E-01 1.259E+00  9.14E-01
4.217E-02 8.230E-01 1.243E+00  9.23E-01
3.981E-02 8.310E-01 1.229E+00  9.32E-01
3.758E-02 8.386E-01 1.215E+00  9.39E-01
3.548E-02 8.459E-01 1.202E+00  9.46E-01
3.350E-02 8.530E-01 1.190E+00  9.52E-01
3.162E-02 8.597E-01 1.178E+00  9.58E-01
2.985E-02 8.662E-01 1.166E+00  9.63E-01
2.818E-02 8.724E-01 1.156E+00  9.67E-01
2.661E-02 8.785E-01 1.145E+00  9.72E-01
2.512E-02 8.844E-01 1.135E+00  9.75E-01
2.371E-02 8.901E-01 1.125E+00  9.79E-01
2.239E-02 8.956E-01 1.116E+00  9.82E-01
2.113E-02 9.009E-01 1.107E+00  9.84E-01
1.995E-02 9.059E-01 1.099E+00  9.87E-01
1.884E-02 9.106E-01 1.090E+00  9.89E-01
1.778E-02 9.150E-01 1.081E+00  9.91E-01
1.679E-02 9.190E-01 1.071E+00  9.92E-01
1.585E-02 9.226E-01 1.062E+00  9.94E-01
1.496E-02 9.256E-01 1.056E+00  9.95E-01
1.413E-02 9.280E-01 1.054E+00  9.96E-01
1.334E-02 9.296E-01 1.055E+00  9.97E-01
1.259E-02 9.304E-01 1.053E+00  9.98E-01
1.189E-02 9.302E-01 1.063E+00  9.99E-01
1.122E-02 9.326E-01 1.122E+00  9.99E-01
1.059E-02 1.006E+00 9.902E-01  9.99E-01
1.000E-02 9.887E-01 9.941E-01  9.99E-01
9.441E-03 9.832E-01 1.002E+00  9.99E-01
8.913E-03 9.805E-01 1.006E+00  9.99E-01
8.414E-03 9.787E-01 1.008E+00  9.99E-01
7.943E-03 9.776E-01 1.009E+00  9.99E-01
7.499E-03 9.783E-01 1.008E+00  9.99E-01
7.079E-03 9.802E-01 1.007E+00  9.99E-01
6.683E-03 9.777E-01 1.011E+00  9.99E-01
6.310E-03 9.757E-01 1.015E+00  9.99E-01
5.957E-03 9.737E-01 1.019E+00  9.99E-01
5.623E-03 9.715E-01 1.024E+00  9.99E-01
5.309E-03 9.688E-01 1.030E+00  1.00E+00
5.012E-03 9.654E-01 1.036E+00  1.00E+00
4.732E-03 9.611E-01 1.045E+00  1.00E+00
4.467E-03 9.567E-01 1.072E+00  1.00E+00
4.217E-03 9.722E-01 1.031E+00  1.00E+00
3.981E-03 9.672E-01 1.040E+00  1.00E+00
3.758E-03 9.610E-01 1.049E+00  1.00E+00
3.548E-03 9.532E-01 1.060E+00  1.00E+00
3.350E-03 9.430E-01 1.074E+00  1.00E+00
3.162E-03 9.297E-01 1.093E+00  1.00E+00
2.985E-03 9.132E-01 1.121E+00  1.00E+00
2.818E-03 8.916E-01 1.165E+00  1.00E+00
2.661E-03 8.648E-01 1.230E+00  1.00E+00
2.512E-03 8.333E-01 1.318E+00  1.00E+00
2.371E-03 7.969E-01 1.191E+00  9.99E-01
2.239E-03 7.565E-01 1.229E+00  1.00E+00
2.113E-03 7.115E-01 1.270E+00  1.00E+00
1.995E-03 6.640E-01 1.312E+00  1.00E+00
1.884E-03 6.145E-01 1.355E+00  1.00E+00
1.778E-03 5.639E-01 1.397E+00  1.00E+00
1.679E-03 5.136E-01 1.437E+00  1.00E+00
1.585E-03 4.646E-01 1.473E+00  1.00E+00
1.496E-03 4.174E-01 1.503E+00  1.00E+00
1.413E-03 3.726E-01 1.527E+00  1.00E+00
1.334E-03 3.309E-01 1.542E+00  1.00E+00
1.259E-03 2.926E-01 1.548E+00  1.00E+00
1.189E-03 2.580E-01 1.544E+00  1.00E+00
1.122E-03 2.255E-01 1.528E+00  1.00E+00
1.059E-03 1.966E-01 1.498E+00  1.00E+00
