w(micron)  Q_abs     Q_sca     g=<cos>
1.000E+03 1.621E-06 2.367E-12  5.74E-07
9.441E+02 1.819E-06 2.980E-12  6.44E-07
8.913E+02 2.040E-06 3.751E-12  7.23E-07
8.414E+02 2.289E-06 4.723E-12  8.11E-07
7.943E+02 2.569E-06 5.945E-12  9.09E-07
7.499E+02 2.882E-06 7.485E-12  1.02E-06
7.079E+02 3.234E-06 9.423E-12  1.14E-06
6.683E+02 3.629E-06 1.186E-11  1.28E-06
6.310E+02 4.071E-06 1.493E-11  1.44E-06
5.957E+02 4.568E-06 1.880E-11  1.62E-06
5.623E+02 5.125E-06 2.367E-11  1.81E-06
5.309E+02 5.751E-06 2.980E-11  2.04E-06
5.012E+02 6.452E-06 3.751E-11  2.28E-06
4.732E+02 7.239E-06 4.723E-11  2.56E-06
4.467E+02 8.122E-06 5.945E-11  2.88E-06
4.217E+02 9.113E-06 7.485E-11  3.23E-06
3.981E+02 1.022E-05 9.423E-11  3.62E-06
3.758E+02 1.147E-05 1.186E-10  4.06E-06
3.548E+02 1.287E-05 1.493E-10  4.56E-06
3.350E+02 1.444E-05 1.880E-10  5.11E-06
3.162E+02 1.620E-05 2.367E-10  5.74E-06
2.985E+02 1.818E-05 2.980E-10  6.44E-06
2.818E+02 2.039E-05 3.752E-10  7.23E-06
2.661E+02 2.287E-05 4.724E-10  8.11E-06
2.512E+02 2.566E-05 5.947E-10  9.10E-06
2.371E+02 2.879E-05 7.488E-10  1.02E-05
2.239E+02 3.229E-05 9.427E-10  1.15E-05
2.113E+02 3.623E-05 1.187E-09  1.29E-05
1.995E+02 4.064E-05 1.494E-09  1.44E-05
1.884E+02 4.560E-05 1.881E-09  1.62E-05
1.778E+02 5.115E-05 2.368E-09  1.82E-05
1.679E+02 5.736E-05 2.981E-09  2.04E-05
1.585E+02 6.431E-05 3.754E-09  2.29E-05
1.496E+02 7.210E-05 4.727E-09  2.57E-05
1.413E+02 8.084E-05 5.952E-09  2.88E-05
1.334E+02 9.068E-05 7.493E-09  3.23E-05
1.259E+02 1.017E-04 9.434E-09  3.63E-05
1.189E+02 1.140E-04 1.188E-08  4.07E-05
1.122E+02 1.278E-04 1.496E-08  4.57E-05
1.059E+02 1.433E-04 1.883E-08  5.13E-05
1.000E+02 1.606E-04 2.372E-08  5.75E-05
9.441E+01 1.800E-04 2.986E-08  6.46E-05
8.913E+01 2.017E-04 3.761E-08  7.25E-05
8.414E+01 2.260E-04 4.736E-08  8.14E-05
7.943E+01 2.531E-04 5.965E-08  9.13E-05
7.499E+01 2.835E-04 7.513E-08  1.03E-04
7.079E+01 3.175E-04 9.463E-08  1.15E-04
6.683E+01 3.555E-04 1.192E-07  1.29E-04
6.310E+01 3.979E-04 1.502E-07  1.45E-04
5.957E+01 4.452E-04 1.892E-07  1.63E-04
5.623E+01 4.980E-04 2.384E-07  1.83E-04
5.309E+01 5.569E-04 3.004E-07  2.06E-04
5.012E+01 6.225E-04 3.785E-07  2.31E-04
4.732E+01 6.956E-04 4.771E-07  2.60E-04
4.467E+01 7.770E-04 6.015E-07  2.92E-04
4.217E+01 8.677E-04 7.585E-07  3.28E-04
3.981E+01 9.685E-04 9.567E-07  3.69E-04
3.758E+01 1.081E-03 1.207E-06  4.15E-04
3.548E+01 1.205E-03 1.523E-06  4.67E-04
3.350E+01 1.344E-03 1.923E-06  5.26E-04
3.162E+01 1.498E-03 2.430E-06  5.93E-04
2.985E+01 1.669E-03 3.071E-06  6.69E-04
2.818E+01 1.861E-03 3.884E-06  7.56E-04
2.661E+01 2.074E-03 4.916E-06  8.54E-04
2.512E+01 2.315E-03 6.229E-06  9.67E-04
2.371E+01 2.587E-03 7.902E-06  1.10E-03
2.239E+01 2.897E-03 1.004E-05  1.25E-03
2.113E+01 3.258E-03 1.279E-05  1.42E-03
1.995E+01 3.685E-03 1.632E-05  1.63E-03
1.884E+01 4.207E-03 2.090E-05  1.88E-03
1.778E+01 4.870E-03 2.689E-05  2.19E-03
1.679E+01 5.747E-03 3.480E-05  2.58E-03
1.585E+01 7.040E-03 4.543E-05  3.10E-03
1.496E+01 8.939E-03 5.995E-05  3.83E-03
1.413E+01 1.228E-02 8.060E-05  4.95E-03
1.334E+01 1.901E-02 1.115E-04  6.41E-03
1.259E+01 3.382E-02 1.621E-04  2.08E-03
1.189E+01 6.803E-02 2.572E-04 -1.65E-03
1.122E+01 1.977E-01 4.610E-04 -2.91E-04
1.059E+01 4.303E-01 4.771E-04  9.19E-04
1.000E+01 2.055E-01 1.078E-04  1.90E-03
9.441E+00 9.653E-02 7.790E-05  2.70E-03
8.913E+00 5.923E-02 1.226E-04  3.45E-03
8.414E+00 4.318E-02 1.883E-04  4.20E-03
7.943E+00 3.484E-02 2.704E-04  4.99E-03
7.499E+00 2.985E-02 3.729E-04  5.85E-03
7.079E+00 2.681E-02 5.006E-04  6.77E-03
6.683E+00 2.480E-02 6.611E-04  7.78E-03
6.310E+00 2.344E-02 8.630E-04  8.90E-03
5.957E+00 2.248E-02 1.118E-03  1.01E-02
5.623E+00 2.172E-02 1.441E-03  1.15E-02
5.309E+00 2.116E-02 1.850E-03  1.30E-02
5.012E+00 2.074E-02 2.369E-03  1.48E-02
4.732E+00 2.041E-02 3.027E-03  1.67E-02
4.467E+00 2.012E-02 3.864E-03  1.88E-02
4.217E+00 1.988E-02 4.925E-03  2.12E-02
3.981E+00 1.968E-02 6.271E-03  2.39E-02
3.758E+00 1.949E-02 7.987E-03  2.70E-02
3.548E+00 1.932E-02 1.017E-02  3.04E-02
3.350E+00 1.916E-02 1.295E-02  3.42E-02
3.162E+00 1.900E-02 1.650E-02  3.85E-02
2.985E+00 1.886E-02 2.103E-02  4.33E-02
2.818E+00 1.871E-02 2.682E-02  4.87E-02
2.661E+00 1.858E-02 3.423E-02  5.48E-02
2.512E+00 1.845E-02 4.373E-02  6.17E-02
2.371E+00 1.837E-02 5.592E-02  6.95E-02
2.239E+00 1.829E-02 7.160E-02  7.83E-02
2.113E+00 1.820E-02 9.181E-02  8.83E-02
1.995E+00 1.817E-02 1.179E-01  9.97E-02
1.884E+00 1.818E-02 1.518E-01  1.13E-01
1.778E+00 1.829E-02 1.956E-01  1.28E-01
1.679E+00 1.848E-02 2.524E-01  1.45E-01
1.585E+00 1.879E-02 3.260E-01  1.65E-01
1.496E+00 1.929E-02 4.216E-01  1.89E-01
1.413E+00 2.004E-02 5.458E-01  2.18E-01
1.334E+00 2.122E-02 7.075E-01  2.53E-01
1.259E+00 2.307E-02 9.199E-01  2.96E-01
1.189E+00 2.616E-02 1.206E+00  3.51E-01
1.122E+00 3.165E-02 1.617E+00  4.18E-01
1.059E+00 4.202E-02 2.293E+00  4.91E-01
1.000E+00 6.095E-02 3.603E+00  5.30E-01
9.441E-01 7.699E-02 5.602E+00  4.73E-01
8.913E-01 5.627E-02 5.986E+00  3.52E-01
8.414E-01 3.179E-02 5.109E+00  2.73E-01
7.943E-01 2.098E-02 4.489E+00  2.54E-01
7.499E-01 1.826E-02 4.168E+00  2.68E-01
7.079E-01 2.318E-02 4.124E+00  2.87E-01
6.683E-01 5.609E-02 5.683E+00  3.03E-01
6.310E-01 3.419E-02 4.655E+00  3.78E-01
5.957E-01 1.748E-02 3.385E+00  2.43E-01
5.623E-01 1.539E-02 3.580E+00  1.52E-01
5.309E-01 1.892E-02 2.838E+00  5.37E-02
5.012E-01 2.039E-02 1.884E+00  2.02E-01
4.732E-01 1.089E-02 9.257E-01  6.08E-02
4.467E-01 1.912E-02 3.262E+00  8.73E-02
4.217E-01 1.138E-02 1.673E+00  2.38E-01
3.981E-01 1.122E-02 1.930E+00  5.33E-01
3.758E-01 4.006E-02 3.252E+00  5.42E-01
3.548E-01 4.412E-02 2.902E+00  4.94E-01
3.350E-01 1.034E-01 3.432E+00  5.96E-01
3.162E-01 1.290E-01 2.343E+00  2.26E-01
2.985E-01 2.502E-01 1.473E+00  2.28E-01
2.818E-01 4.255E-01 1.710E+00  4.50E-01
2.661E-01 7.647E-01 2.137E+00  6.29E-01
2.512E-01 9.524E-01 1.492E+00  6.08E-01
2.371E-01 1.064E+00 1.534E+00  7.03E-01
2.239E-01 1.039E+00 1.461E+00  6.99E-01
2.113E-01 9.874E-01 1.508E+00  6.98E-01
1.995E-01 9.056E-01 1.564E+00  6.77E-01
1.884E-01 8.294E-01 1.641E+00  6.58E-01
1.778E-01 7.738E-01 1.729E+00  6.46E-01
1.679E-01 7.452E-01 1.818E+00  6.44E-01
1.585E-01 7.523E-01 1.897E+00  6.50E-01
1.496E-01 8.098E-01 1.890E+00  6.70E-01
1.413E-01 8.466E-01 1.851E+00  6.85E-01
1.334E-01 8.580E-01 1.834E+00  6.94E-01
1.259E-01 8.532E-01 1.828E+00  6.99E-01
1.189E-01 8.274E-01 1.846E+00  6.99E-01
1.122E-01 7.987E-01 1.838E+00  7.00E-01
1.059E-01 7.877E-01 1.767E+00  7.13E-01
1.000E-01 7.816E-01 1.697E+00  7.27E-01
9.441E-02 7.740E-01 1.649E+00  7.39E-01
8.913E-02 7.728E-01 1.599E+00  7.53E-01
8.414E-02 7.740E-01 1.555E+00  7.67E-01
7.943E-02 7.768E-01 1.515E+00  7.82E-01
7.499E-02 7.811E-01 1.479E+00  7.96E-01
7.079E-02 7.860E-01 1.446E+00  8.10E-01
6.683E-02 7.914E-01 1.416E+00  8.24E-01
6.310E-02 7.971E-01 1.387E+00  8.38E-01
5.957E-02 8.030E-01 1.361E+00  8.52E-01
5.623E-02 8.088E-01 1.337E+00  8.65E-01
5.309E-02 8.145E-01 1.315E+00  8.77E-01
5.012E-02 8.199E-01 1.294E+00  8.89E-01
4.732E-02 8.251E-01 1.274E+00  9.00E-01
4.467E-02 8.299E-01 1.256E+00  9.10E-01
4.217E-02 8.345E-01 1.239E+00  9.20E-01
3.981E-02 8.387E-01 1.224E+00  9.28E-01
3.758E-02 8.427E-01 1.209E+00  9.36E-01
3.548E-02 8.467E-01 1.195E+00  9.43E-01
3.350E-02 8.505E-01 1.182E+00  9.49E-01
3.162E-02 8.541E-01 1.170E+00  9.55E-01
2.985E-02 8.576E-01 1.158E+00  9.60E-01
2.818E-02 8.609E-01 1.146E+00  9.65E-01
2.661E-02 8.641E-01 1.134E+00  9.69E-01
2.512E-02 8.670E-01 1.123E+00  9.73E-01
2.371E-02 8.697E-01 1.111E+00  9.77E-01
2.239E-02 8.719E-01 1.100E+00  9.80E-01
2.113E-02 8.736E-01 1.090E+00  9.83E-01
1.995E-02 8.745E-01 1.082E+00  9.85E-01
1.884E-02 8.743E-01 1.079E+00  9.87E-01
1.778E-02 8.730E-01 1.084E+00  9.90E-01
1.679E-02 8.700E-01 1.101E+00  9.91E-01
1.585E-02 8.652E-01 1.135E+00  9.93E-01
1.496E-02 8.582E-01 1.188E+00  9.95E-01
1.413E-02 8.487E-01 1.259E+00  9.96E-01
1.334E-02 8.363E-01 1.335E+00  9.97E-01
1.259E-02 8.214E-01 1.383E+00  9.98E-01
1.189E-02 8.032E-01 1.336E+00  9.99E-01
1.122E-02 7.852E-01 8.927E-01  9.99E-01
1.059E-02 1.000E+00 9.203E-01  9.98E-01
1.000E-02 9.756E-01 9.304E-01  9.98E-01
9.441E-03 9.669E-01 9.669E-01  9.98E-01
8.913E-03 9.612E-01 9.887E-01  9.98E-01
8.414E-03 9.559E-01 1.007E+00  9.99E-01
7.943E-03 9.507E-01 1.023E+00  9.99E-01
7.499E-03 9.464E-01 1.016E+00  9.99E-01
7.079E-03 9.564E-01 1.013E+00  9.99E-01
6.683E-03 9.491E-01 1.045E+00  9.99E-01
6.310E-03 9.412E-01 1.076E+00  9.99E-01
5.957E-03 9.320E-01 1.110E+00  9.99E-01
5.623E-03 9.205E-01 1.149E+00  9.99E-01
5.309E-03 9.064E-01 1.192E+00  9.99E-01
5.012E-03 8.891E-01 1.235E+00  1.00E+00
4.732E-03 8.685E-01 1.262E+00  1.00E+00
4.467E-03 8.448E-01 1.147E+00  1.00E+00
4.217E-03 9.051E-01 1.135E+00  1.00E+00
3.981E-03 8.852E-01 1.209E+00  1.00E+00
3.758E-03 8.613E-01 1.273E+00  1.00E+00
3.548E-03 8.335E-01 1.332E+00  1.00E+00
3.350E-03 8.013E-01 1.387E+00  1.00E+00
3.162E-03 7.650E-01 1.434E+00  1.00E+00
2.985E-03 7.259E-01 1.471E+00  1.00E+00
2.818E-03 6.818E-01 1.498E+00  1.00E+00
2.661E-03 6.348E-01 1.510E+00  1.00E+00
2.512E-03 5.872E-01 1.504E+00  1.00E+00
2.371E-03 5.394E-01 1.481E+00  1.00E+00
2.239E-03 4.921E-01 1.444E+00  1.00E+00
2.113E-03 4.453E-01 1.394E+00  1.00E+00
1.995E-03 4.008E-01 1.333E+00  1.00E+00
1.884E-03 3.586E-01 1.264E+00  1.00E+00
1.778E-03 3.189E-01 1.188E+00  1.00E+00
1.679E-03 2.823E-01 1.108E+00  1.00E+00
1.585E-03 2.488E-01 1.027E+00  1.00E+00
1.496E-03 2.185E-01 9.461E-01  1.00E+00
1.413E-03 1.911E-01 8.672E-01  1.00E+00
1.334E-03 1.666E-01 7.898E-01  1.00E+00
1.259E-03 1.450E-01 7.170E-01  1.00E+00
1.189E-03 1.261E-01 6.494E-01  1.00E+00
1.122E-03 1.088E-01 5.841E-01  1.00E+00
1.059E-03 9.388E-02 5.603E-01  1.00E+00
