w(micron)  Q_abs     Q_sca     g=<cos>
1.000E+03 8.124E-06 1.493E-09  1.44E-05
9.441E+02 9.115E-06 1.880E-09  1.62E-05
8.913E+02 1.023E-05 2.367E-09  1.81E-05
8.414E+02 1.148E-05 2.980E-09  2.04E-05
7.943E+02 1.288E-05 3.751E-09  2.28E-05
7.499E+02 1.445E-05 4.723E-09  2.56E-05
7.079E+02 1.621E-05 5.946E-09  2.88E-05
6.683E+02 1.819E-05 7.485E-09  3.23E-05
6.310E+02 2.041E-05 9.423E-09  3.62E-05
5.957E+02 2.290E-05 1.186E-08  4.06E-05
5.623E+02 2.569E-05 1.494E-08  4.56E-05
5.309E+02 2.883E-05 1.880E-08  5.12E-05
5.012E+02 3.235E-05 2.367E-08  5.74E-05
4.732E+02 3.630E-05 2.980E-08  6.44E-05
4.467E+02 4.073E-05 3.752E-08  7.23E-05
4.217E+02 4.570E-05 4.723E-08  8.11E-05
3.981E+02 5.127E-05 5.946E-08  9.10E-05
3.758E+02 5.753E-05 7.486E-08  1.02E-04
3.548E+02 6.455E-05 9.424E-08  1.15E-04
3.350E+02 7.243E-05 1.187E-07  1.28E-04
3.162E+02 8.127E-05 1.494E-07  1.44E-04
2.985E+02 9.118E-05 1.881E-07  1.62E-04
2.818E+02 1.023E-04 2.368E-07  1.82E-04
2.661E+02 1.148E-04 2.981E-07  2.04E-04
2.512E+02 1.288E-04 3.754E-07  2.29E-04
2.371E+02 1.445E-04 4.726E-07  2.57E-04
2.239E+02 1.621E-04 5.951E-07  2.88E-04
2.113E+02 1.819E-04 7.492E-07  3.23E-04
1.995E+02 2.041E-04 9.432E-07  3.62E-04
1.884E+02 2.290E-04 1.188E-06  4.07E-04
1.778E+02 2.570E-04 1.495E-06  4.56E-04
1.679E+02 2.883E-04 1.883E-06  5.12E-04
1.585E+02 3.234E-04 2.371E-06  5.75E-04
1.496E+02 3.627E-04 2.986E-06  6.45E-04
1.413E+02 4.069E-04 3.760E-06  7.24E-04
1.334E+02 4.566E-04 4.734E-06  8.12E-04
1.259E+02 5.124E-04 5.961E-06  9.11E-04
1.189E+02 5.749E-04 7.507E-06  1.02E-03
1.122E+02 6.450E-04 9.455E-06  1.15E-03
1.059E+02 7.236E-04 1.191E-05  1.29E-03
1.000E+02 8.117E-04 1.500E-05  1.45E-03
9.441E+01 9.106E-04 1.889E-05  1.62E-03
8.913E+01 1.021E-03 2.380E-05  1.82E-03
8.414E+01 1.146E-03 2.999E-05  2.05E-03
7.943E+01 1.285E-03 3.778E-05  2.30E-03
7.499E+01 1.442E-03 4.761E-05  2.58E-03
7.079E+01 1.618E-03 6.000E-05  2.90E-03
6.683E+01 1.815E-03 7.562E-05  3.25E-03
6.310E+01 2.036E-03 9.532E-05  3.65E-03
5.957E+01 2.284E-03 1.202E-04  4.10E-03
5.623E+01 2.563E-03 1.516E-04  4.61E-03
5.309E+01 2.875E-03 1.912E-04  5.18E-03
5.012E+01 3.226E-03 2.412E-04  5.82E-03
4.732E+01 3.620E-03 3.044E-04  6.55E-03
4.467E+01 4.063E-03 3.842E-04  7.36E-03
4.217E+01 4.561E-03 4.853E-04  8.28E-03
3.981E+01 5.121E-03 6.131E-04  9.32E-03
3.758E+01 5.753E-03 7.750E-04  1.05E-02
3.548E+01 6.466E-03 9.802E-04  1.18E-02
3.350E+01 7.272E-03 1.241E-03  1.33E-02
3.162E+01 8.186E-03 1.572E-03  1.50E-02
2.985E+01 9.228E-03 1.993E-03  1.70E-02
2.818E+01 1.042E-02 2.529E-03  1.92E-02
2.661E+01 1.180E-02 3.214E-03  2.18E-02
2.512E+01 1.340E-02 4.091E-03  2.47E-02
2.371E+01 1.528E-02 5.217E-03  2.81E-02
2.239E+01 1.753E-02 6.669E-03  3.21E-02
2.113E+01 2.030E-02 8.551E-03  3.68E-02
1.995E+01 2.379E-02 1.100E-02  4.24E-02
1.884E+01 2.838E-02 1.422E-02  4.93E-02
1.778E+01 3.481E-02 1.850E-02  5.81E-02
1.679E+01 4.446E-02 2.427E-02  6.95E-02
1.585E+01 6.123E-02 3.222E-02  8.55E-02
1.496E+01 9.390E-02 4.351E-02  1.09E-01
1.413E+01 1.827E-01 6.062E-02  1.46E-01
1.334E+01 4.744E-01 8.907E-02  1.35E-01
1.259E+01 5.130E-01 1.278E-01 -4.26E-02
1.189E+01 5.736E-01 2.056E-01 -3.26E-02
1.122E+01 1.387E+00 3.646E-01 -5.67E-04
1.059E+01 2.106E+00 2.665E-01  2.68E-02
1.000E+01 1.013E+00 5.904E-02  5.00E-02
9.441E+00 5.459E-01 4.731E-02  6.83E-02
8.913E+00 3.740E-01 7.974E-02  8.66E-02
8.414E+00 3.000E-01 1.283E-01  1.06E-01
7.943E+00 2.653E-01 1.913E-01  1.27E-01
7.499E+00 2.498E-01 2.723E-01  1.51E-01
7.079E+00 2.481E-01 3.754E-01  1.79E-01
6.683E+00 2.565E-01 5.074E-01  2.11E-01
6.310E+00 2.751E-01 6.753E-01  2.51E-01
5.957E+00 3.065E-01 8.896E-01  2.99E-01
5.623E+00 3.570E-01 1.170E+00  3.58E-01
5.309E+00 4.407E-01 1.554E+00  4.29E-01
5.012E+00 5.768E-01 2.129E+00  4.97E-01
4.732E+00 7.579E-01 3.016E+00  5.27E-01
4.467E+00 8.391E-01 3.983E+00  4.82E-01
4.217E+00 6.911E-01 4.276E+00  4.01E-01
3.981E+00 5.116E-01 4.039E+00  3.46E-01
3.758E+00 4.241E-01 3.754E+00  3.32E-01
3.548E+00 4.426E-01 3.575E+00  3.47E-01
3.350E+00 6.359E-01 3.679E+00  3.82E-01
3.162E+00 9.995E-01 4.406E+00  4.54E-01
2.985E+00 6.938E-01 3.800E+00  4.52E-01
2.818E+00 5.064E-01 3.315E+00  3.50E-01
2.661E+00 4.740E-01 3.041E+00  2.66E-01
2.512E+00 6.756E-01 2.529E+00  1.80E-01
2.371E+00 6.368E-01 1.873E+00  3.02E-01
2.239E+00 4.566E-01 1.286E+00  1.76E-01
2.113E+00 5.578E-01 2.052E+00  1.23E-01
1.995E+00 8.540E-01 1.737E+00  1.48E-01
1.884E+00 3.110E-01 1.124E+00  3.37E-01
1.778E+00 6.623E-01 2.624E+00  4.66E-01
1.679E+00 3.857E-01 2.394E+00  5.64E-01
1.585E+00 2.542E-01 2.442E+00  5.86E-01
1.496E+00 3.749E-01 3.368E+00  6.95E-01
1.413E+00 1.896E-01 2.685E+00  5.61E-01
1.334E+00 3.396E-01 3.190E+00  5.55E-01
1.259E+00 1.897E-01 1.991E+00  4.42E-01
1.189E+00 3.168E-01 2.341E+00  3.33E-01
1.122E+00 1.866E-01 1.739E+00  3.18E-01
1.059E+00 1.458E-01 2.036E+00  4.39E-01
1.000E+00 1.723E-01 2.765E+00  6.18E-01
9.441E-01 1.410E-01 2.535E+00  5.28E-01
8.913E-01 1.087E-01 2.303E+00  6.59E-01
8.414E-01 2.583E-01 2.394E+00  5.14E-01
7.943E-01 1.540E-01 2.434E+00  4.48E-01
7.499E-01 1.287E-01 2.438E+00  5.28E-01
7.079E-01 7.986E-02 2.711E+00  5.96E-01
6.683E-01 7.370E-02 2.577E+00  5.47E-01
6.310E-01 9.053E-02 2.318E+00  5.23E-01
5.957E-01 6.968E-02 2.521E+00  5.97E-01
5.623E-01 4.699E-02 2.363E+00  5.63E-01
5.309E-01 4.757E-02 2.162E+00  4.85E-01
5.012E-01 4.759E-02 2.335E+00  5.83E-01
4.732E-01 3.814E-02 2.404E+00  5.43E-01
4.467E-01 3.158E-02 1.846E+00  4.33E-01
4.217E-01 3.817E-02 2.144E+00  5.77E-01
3.981E-01 3.635E-02 1.809E+00  4.67E-01
3.758E-01 9.959E-02 2.264E+00  5.12E-01
3.548E-01 1.859E-01 2.164E+00  5.95E-01
3.350E-01 2.508E-01 2.188E+00  5.86E-01
3.162E-01 4.125E-01 1.806E+00  6.45E-01
2.985E-01 5.314E-01 1.706E+00  6.63E-01
2.818E-01 7.494E-01 1.455E+00  7.44E-01
2.661E-01 8.540E-01 1.388E+00  7.93E-01
2.512E-01 8.445E-01 1.373E+00  7.87E-01
2.371E-01 8.204E-01 1.388E+00  7.76E-01
2.239E-01 7.903E-01 1.409E+00  7.62E-01
2.113E-01 7.520E-01 1.440E+00  7.43E-01
1.995E-01 7.002E-01 1.487E+00  7.17E-01
1.884E-01 6.488E-01 1.546E+00  6.92E-01
1.778E-01 6.067E-01 1.608E+00  6.74E-01
1.679E-01 5.791E-01 1.666E+00  6.65E-01
1.585E-01 5.675E-01 1.707E+00  6.64E-01
1.496E-01 5.891E-01 1.685E+00  6.78E-01
1.413E-01 6.058E-01 1.652E+00  6.90E-01
1.334E-01 6.057E-01 1.638E+00  6.97E-01
1.259E-01 5.966E-01 1.632E+00  6.99E-01
1.189E-01 5.691E-01 1.645E+00  6.94E-01
1.122E-01 5.500E-01 1.644E+00  6.94E-01
1.059E-01 5.657E-01 1.606E+00  7.10E-01
1.000E-01 5.886E-01 1.565E+00  7.27E-01
9.441E-02 6.043E-01 1.536E+00  7.40E-01
8.913E-02 6.240E-01 1.505E+00  7.56E-01
8.414E-02 6.430E-01 1.476E+00  7.71E-01
7.943E-02 6.611E-01 1.448E+00  7.86E-01
7.499E-02 6.788E-01 1.423E+00  8.01E-01
7.079E-02 6.957E-01 1.398E+00  8.15E-01
6.683E-02 7.118E-01 1.376E+00  8.29E-01
6.310E-02 7.273E-01 1.354E+00  8.43E-01
5.957E-02 7.421E-01 1.333E+00  8.57E-01
5.623E-02 7.561E-01 1.314E+00  8.70E-01
5.309E-02 7.695E-01 1.296E+00  8.82E-01
5.012E-02 7.820E-01 1.279E+00  8.94E-01
4.732E-02 7.939E-01 1.262E+00  9.05E-01
4.467E-02 8.050E-01 1.247E+00  9.15E-01
4.217E-02 8.154E-01 1.233E+00  9.24E-01
3.981E-02 8.252E-01 1.220E+00  9.32E-01
3.758E-02 8.345E-01 1.207E+00  9.40E-01
3.548E-02 8.434E-01 1.195E+00  9.47E-01
3.350E-02 8.519E-01 1.183E+00  9.53E-01
3.162E-02 8.600E-01 1.172E+00  9.59E-01
2.985E-02 8.678E-01 1.162E+00  9.64E-01
2.818E-02 8.753E-01 1.151E+00  9.68E-01
2.661E-02 8.827E-01 1.141E+00  9.72E-01
2.512E-02 8.898E-01 1.132E+00  9.76E-01
2.371E-02 8.967E-01 1.123E+00  9.79E-01
2.239E-02 9.033E-01 1.114E+00  9.82E-01
2.113E-02 9.097E-01 1.105E+00  9.85E-01
1.995E-02 9.159E-01 1.097E+00  9.87E-01
1.884E-02 9.218E-01 1.089E+00  9.89E-01
1.778E-02 9.276E-01 1.081E+00  9.91E-01
1.679E-02 9.331E-01 1.074E+00  9.93E-01
1.585E-02 9.385E-01 1.067E+00  9.94E-01
1.496E-02 9.437E-01 1.060E+00  9.95E-01
1.413E-02 9.489E-01 1.052E+00  9.96E-01
1.334E-02 9.540E-01 1.044E+00  9.97E-01
1.259E-02 9.593E-01 1.034E+00  9.98E-01
1.189E-02 9.650E-01 1.025E+00  9.99E-01
1.122E-02 9.750E-01 1.020E+00  9.99E-01
1.059E-02 1.001E+00 1.008E+00  9.99E-01
1.000E-02 9.898E-01 1.011E+00  9.99E-01
9.441E-03 9.861E-01 1.014E+00  9.99E-01
8.913E-03 9.846E-01 1.015E+00  9.99E-01
8.414E-03 9.840E-01 1.015E+00  9.99E-01
7.943E-03 9.840E-01 1.014E+00  9.99E-01
7.499E-03 9.857E-01 1.011E+00  9.99E-01
7.079E-03 9.858E-01 1.012E+00  9.99E-01
6.683E-03 9.846E-01 1.013E+00  9.99E-01
6.310E-03 9.840E-01 1.013E+00  9.99E-01
5.957E-03 9.837E-01 1.013E+00  9.99E-01
5.623E-03 9.834E-01 1.012E+00  9.99E-01
5.309E-03 9.859E-01 1.014E+00  1.00E+00
5.012E-03 9.856E-01 1.014E+00  1.00E+00
4.732E-03 9.853E-01 1.015E+00  1.00E+00
4.467E-03 9.859E-01 1.014E+00  1.00E+00
4.217E-03 9.892E-01 1.011E+00  1.00E+00
3.981E-03 9.878E-01 1.012E+00  1.00E+00
3.758E-03 9.863E-01 1.014E+00  1.00E+00
3.548E-03 9.846E-01 1.015E+00  1.00E+00
3.350E-03 9.824E-01 1.017E+00  1.00E+00
3.162E-03 9.796E-01 1.020E+00  1.00E+00
2.985E-03 9.760E-01 1.024E+00  1.00E+00
2.818E-03 9.710E-01 1.029E+00  9.99E-01
2.661E-03 9.642E-01 1.035E+00  9.99E-01
2.512E-03 9.553E-01 1.044E+00  9.99E-01
2.371E-03 9.435E-01 1.056E+00  1.00E+00
2.239E-03 9.282E-01 1.071E+00  1.00E+00
2.113E-03 9.082E-01 1.091E+00  1.00E+00
1.995E-03 8.834E-01 1.115E+00  1.00E+00
1.884E-03 8.532E-01 1.145E+00  1.00E+00
1.778E-03 8.173E-01 1.181E+00  1.00E+00
1.679E-03 7.765E-01 1.221E+00  1.00E+00
1.585E-03 7.314E-01 1.266E+00  1.00E+00
1.496E-03 6.828E-01 1.314E+00  1.00E+00
1.413E-03 6.318E-01 1.363E+00  1.00E+00
1.334E-03 5.799E-01 1.414E+00  1.00E+00
1.259E-03 5.283E-01 1.464E+00  1.00E+00
1.189E-03 4.784E-01 1.512E+00  1.00E+00
1.122E-03 4.285E-01 1.559E+00  1.00E+00
1.059E-03 3.819E-01 1.601E+00  1.00E+00
