w(micron)  Q_abs     Q_sca     g=<cos>
1.000E+03 5.143E-05 2.369E-06  5.74E-04
9.441E+02 5.773E-05 2.983E-06  6.44E-04
8.913E+02 6.480E-05 3.756E-06  7.23E-04
8.414E+02 7.275E-05 4.729E-06  8.11E-04
7.943E+02 8.168E-05 5.955E-06  9.10E-04
7.499E+02 9.170E-05 7.498E-06  1.02E-03
7.079E+02 1.030E-04 9.442E-06  1.15E-03
6.683E+02 1.156E-04 1.189E-05  1.29E-03
6.310E+02 1.299E-04 1.497E-05  1.44E-03
5.957E+02 1.459E-04 1.885E-05  1.62E-03
5.623E+02 1.638E-04 2.374E-05  1.82E-03
5.309E+02 1.841E-04 2.990E-05  2.04E-03
5.012E+02 2.068E-04 3.766E-05  2.29E-03
4.732E+02 2.325E-04 4.744E-05  2.57E-03
4.467E+02 2.613E-04 5.975E-05  2.88E-03
4.217E+02 2.938E-04 7.527E-05  3.23E-03
3.981E+02 3.304E-04 9.483E-05  3.63E-03
3.758E+02 3.717E-04 1.195E-04  4.07E-03
3.548E+02 4.182E-04 1.505E-04  4.57E-03
3.350E+02 4.708E-04 1.897E-04  5.13E-03
3.162E+02 5.302E-04 2.391E-04  5.76E-03
2.985E+02 5.973E-04 3.014E-04  6.46E-03
2.818E+02 6.732E-04 3.800E-04  7.26E-03
2.661E+02 7.592E-04 4.792E-04  8.15E-03
2.512E+02 8.566E-04 6.043E-04  9.15E-03
2.371E+02 9.673E-04 7.624E-04  1.03E-02
2.239E+02 1.093E-03 9.619E-04  1.15E-02
2.113E+02 1.237E-03 1.214E-03  1.29E-02
1.995E+02 1.400E-03 1.532E-03  1.45E-02
1.884E+02 1.588E-03 1.935E-03  1.63E-02
1.778E+02 1.802E-03 2.445E-03  1.83E-02
1.679E+02 2.047E-03 3.091E-03  2.06E-02
1.585E+02 2.330E-03 3.909E-03  2.32E-02
1.496E+02 2.656E-03 4.947E-03  2.61E-02
1.413E+02 3.035E-03 6.263E-03  2.93E-02
1.334E+02 3.476E-03 7.936E-03  3.30E-02
1.259E+02 3.991E-03 1.006E-02  3.71E-02
1.189E+02 4.596E-03 1.277E-02  4.18E-02
1.122E+02 5.308E-03 1.623E-02  4.71E-02
1.059E+02 6.154E-03 2.064E-02  5.31E-02
1.000E+02 7.164E-03 2.629E-02  5.99E-02
9.441E+01 8.381E-03 3.353E-02  6.76E-02
8.913E+01 9.859E-03 4.285E-02  7.65E-02
8.414E+01 1.167E-02 5.485E-02  8.66E-02
7.943E+01 1.393E-02 7.037E-02  9.83E-02
7.499E+01 1.676E-02 9.052E-02  1.12E-01
7.079E+01 2.040E-02 1.168E-01  1.28E-01
6.683E+01 2.514E-02 1.511E-01  1.46E-01
6.310E+01 3.150E-02 1.965E-01  1.68E-01
5.957E+01 4.028E-02 2.566E-01  1.94E-01
5.623E+01 5.293E-02 3.375E-01  2.26E-01
5.309E+01 7.212E-02 4.482E-01  2.66E-01
5.012E+01 1.034E-01 6.042E-01  3.16E-01
4.732E+01 1.599E-01 8.373E-01  3.79E-01
4.467E+01 2.767E-01 1.229E+00  4.52E-01
4.217E+01 5.636E-01 2.041E+00  5.08E-01
3.981E+01 1.251E+00 3.995E+00  4.41E-01
3.758E+01 1.433E+00 5.382E+00  2.06E-01
3.548E+01 8.216E-01 4.537E+00  3.88E-02
3.350E+01 5.739E-01 4.231E+00  1.71E-02
3.162E+01 5.684E-01 4.231E+00  6.28E-02
2.985E+01 7.446E-01 3.983E+00  1.35E-01
2.818E+01 1.277E+00 3.060E+00  2.18E-01
2.661E+01 1.871E+00 1.942E+00  3.92E-01
2.512E+01 9.792E-01 1.008E+00  3.54E-01
2.371E+01 8.597E-01 1.172E+00  2.32E-01
2.239E+01 1.484E+00 1.567E+00  2.31E-01
2.113E+01 1.367E+00 9.396E-01  2.30E-01
1.995E+01 1.104E+00 1.244E+00  4.83E-01
1.884E+01 1.034E+00 1.855E+00  4.70E-01
1.778E+01 1.137E+00 2.003E+00  5.36E-01
1.679E+01 1.231E+00 1.980E+00  5.45E-01
1.585E+01 1.252E+00 1.525E+00  4.78E-01
1.496E+01 1.201E+00 1.467E+00  5.57E-01
1.413E+01 1.104E+00 1.617E+00  5.56E-01
1.334E+01 9.760E-01 1.693E+00  5.43E-01
1.259E+01 7.965E-01 1.912E+00  5.25E-01
1.189E+01 7.777E-01 2.180E+00  5.38E-01
1.122E+01 1.040E+00 2.183E+00  5.94E-01
1.059E+01 1.292E+00 1.672E+00  6.83E-01
1.000E+01 1.346E+00 1.082E+00  7.97E-01
9.441E+00 1.419E+00 1.235E+00  8.38E-01
8.913E+00 1.460E+00 1.344E+00  8.13E-01
8.414E+00 1.439E+00 1.137E+00  7.83E-01
7.943E+00 1.381E+00 1.213E+00  8.13E-01
7.499E+00 1.302E+00 1.455E+00  8.28E-01
7.079E+00 1.227E+00 1.543E+00  8.22E-01
6.683E+00 1.201E+00 1.432E+00  7.82E-01
6.310E+00 1.181E+00 1.252E+00  7.49E-01
5.957E+00 1.151E+00 1.271E+00  7.56E-01
5.623E+00 1.137E+00 1.427E+00  7.91E-01
5.309E+00 1.106E+00 1.527E+00  8.22E-01
5.012E+00 1.087E+00 1.471E+00  8.05E-01
4.732E+00 1.073E+00 1.324E+00  7.80E-01
4.467E+00 1.051E+00 1.313E+00  7.79E-01
4.217E+00 1.024E+00 1.458E+00  7.94E-01
3.981E+00 1.004E+00 1.507E+00  8.01E-01
3.758E+00 9.895E-01 1.376E+00  7.89E-01
3.548E+00 9.686E-01 1.342E+00  7.88E-01
3.350E+00 9.422E-01 1.485E+00  8.06E-01
3.162E+00 9.287E-01 1.463E+00  8.00E-01
2.985E+00 9.216E-01 1.341E+00  7.82E-01
2.818E+00 8.968E-01 1.443E+00  7.96E-01
2.661E+00 8.937E-01 1.504E+00  7.97E-01
2.512E+00 8.555E-01 1.350E+00  7.73E-01
2.371E+00 8.506E-01 1.518E+00  8.04E-01
2.239E+00 8.271E-01 1.460E+00  7.85E-01
2.113E+00 8.219E-01 1.461E+00  7.85E-01
1.995E+00 7.872E-01 1.520E+00  7.83E-01
1.884E+00 7.647E-01 1.483E+00  7.84E-01
1.778E+00 7.348E-01 1.527E+00  7.78E-01
1.679E+00 7.210E-01 1.508E+00  7.65E-01
1.585E+00 6.809E-01 1.504E+00  7.57E-01
1.496E+00 6.697E-01 1.650E+00  7.74E-01
1.413E+00 6.515E-01 1.541E+00  7.55E-01
1.334E+00 6.208E-01 1.597E+00  7.53E-01
1.259E+00 5.810E-01 1.694E+00  7.58E-01
1.189E+00 5.605E-01 1.634E+00  7.32E-01
1.122E+00 5.275E-01 1.619E+00  7.29E-01
1.059E+00 4.963E-01 1.637E+00  7.27E-01
1.000E+00 4.752E-01 1.617E+00  7.00E-01
9.441E-01 4.549E-01 1.671E+00  7.05E-01
8.913E-01 4.095E-01 1.658E+00  6.92E-01
8.414E-01 3.853E-01 1.725E+00  7.01E-01
7.943E-01 3.681E-01 1.840E+00  7.09E-01
7.499E-01 3.300E-01 1.721E+00  6.69E-01
7.079E-01 3.094E-01 1.782E+00  6.80E-01
6.683E-01 2.919E-01 1.877E+00  6.91E-01
6.310E-01 2.622E-01 1.962E+00  6.90E-01
5.957E-01 2.366E-01 1.815E+00  6.65E-01
5.623E-01 2.238E-01 1.823E+00  6.49E-01
5.309E-01 1.990E-01 1.960E+00  6.63E-01
5.012E-01 1.771E-01 1.979E+00  6.61E-01
4.732E-01 1.623E-01 1.941E+00  6.54E-01
4.467E-01 1.484E-01 2.041E+00  6.60E-01
4.217E-01 1.311E-01 2.036E+00  6.55E-01
3.981E-01 1.706E-01 1.953E+00  6.51E-01
3.758E-01 3.540E-01 1.831E+00  7.04E-01
3.548E-01 5.650E-01 1.565E+00  7.56E-01
3.350E-01 6.274E-01 1.436E+00  7.64E-01
3.162E-01 7.521E-01 1.329E+00  8.07E-01
2.985E-01 7.721E-01 1.305E+00  8.12E-01
2.818E-01 7.669E-01 1.309E+00  8.07E-01
2.661E-01 7.549E-01 1.318E+00  8.00E-01
2.512E-01 7.404E-01 1.330E+00  7.90E-01
2.371E-01 7.225E-01 1.345E+00  7.79E-01
2.239E-01 6.990E-01 1.366E+00  7.63E-01
2.113E-01 6.673E-01 1.396E+00  7.43E-01
1.995E-01 6.220E-01 1.441E+00  7.16E-01
1.884E-01 5.733E-01 1.493E+00  6.89E-01
1.778E-01 5.290E-01 1.544E+00  6.68E-01
1.679E-01 4.937E-01 1.585E+00  6.56E-01
1.585E-01 4.703E-01 1.609E+00  6.51E-01
1.496E-01 4.871E-01 1.585E+00  6.65E-01
1.413E-01 5.078E-01 1.558E+00  6.78E-01
1.334E-01 5.141E-01 1.547E+00  6.85E-01
1.259E-01 5.127E-01 1.545E+00  6.87E-01
1.189E-01 4.953E-01 1.558E+00  6.83E-01
1.122E-01 4.882E-01 1.562E+00  6.83E-01
1.059E-01 5.138E-01 1.532E+00  7.00E-01
1.000E-01 5.437E-01 1.499E+00  7.19E-01
9.441E-02 5.645E-01 1.475E+00  7.33E-01
8.913E-02 5.885E-01 1.449E+00  7.49E-01
8.414E-02 6.112E-01 1.424E+00  7.65E-01
7.943E-02 6.326E-01 1.401E+00  7.81E-01
7.499E-02 6.531E-01 1.378E+00  7.96E-01
7.079E-02 6.726E-01 1.357E+00  8.11E-01
6.683E-02 6.911E-01 1.337E+00  8.26E-01
6.310E-02 7.088E-01 1.318E+00  8.41E-01
5.957E-02 7.256E-01 1.299E+00  8.55E-01
5.623E-02 7.416E-01 1.282E+00  8.68E-01
5.309E-02 7.567E-01 1.266E+00  8.81E-01
5.012E-02 7.709E-01 1.250E+00  8.93E-01
4.732E-02 7.844E-01 1.236E+00  9.04E-01
4.467E-02 7.969E-01 1.222E+00  9.14E-01
4.217E-02 8.087E-01 1.209E+00  9.23E-01
3.981E-02 8.197E-01 1.197E+00  9.32E-01
3.758E-02 8.302E-01 1.186E+00  9.40E-01
3.548E-02 8.402E-01 1.175E+00  9.46E-01
3.350E-02 8.491E-01 1.151E+00  9.52E-01
3.162E-02 8.584E-01 1.142E+00  9.58E-01
2.985E-02 8.674E-01 1.133E+00  9.63E-01
2.818E-02 8.759E-01 1.124E+00  9.68E-01
2.661E-02 8.843E-01 1.116E+00  9.72E-01
2.512E-02 8.923E-01 1.108E+00  9.76E-01
2.371E-02 9.001E-01 1.100E+00  9.79E-01
2.239E-02 9.077E-01 1.092E+00  9.82E-01
2.113E-02 9.149E-01 1.085E+00  9.85E-01
1.995E-02 9.219E-01 1.078E+00  9.87E-01
1.884E-02 9.286E-01 1.071E+00  9.89E-01
1.778E-02 9.352E-01 1.065E+00  9.91E-01
1.679E-02 9.415E-01 1.058E+00  9.93E-01
1.585E-02 9.476E-01 1.052E+00  9.94E-01
1.496E-02 9.536E-01 1.046E+00  9.95E-01
1.413E-02 9.597E-01 1.040E+00  9.96E-01
1.334E-02 9.659E-01 1.034E+00  9.97E-01
1.259E-02 9.719E-01 1.028E+00  9.98E-01
1.189E-02 9.785E-01 1.021E+00  9.99E-01
1.122E-02 9.893E-01 1.011E+00  1.00E+00
1.059E-02 9.897E-01 1.010E+00  9.99E-01
1.000E-02 9.860E-01 1.014E+00  9.99E-01
9.441E-03 9.845E-01 1.016E+00  9.99E-01
8.913E-03 9.843E-01 1.016E+00  9.99E-01
8.414E-03 9.847E-01 1.015E+00  9.99E-01
7.943E-03 9.856E-01 1.014E+00  9.99E-01
7.499E-03 9.878E-01 1.012E+00  9.99E-01
7.079E-03 9.870E-01 1.013E+00  9.99E-01
6.683E-03 9.869E-01 1.013E+00  9.99E-01
6.310E-03 9.873E-01 1.013E+00  9.99E-01
5.957E-03 9.879E-01 1.012E+00  9.99E-01
5.623E-03 9.886E-01 1.011E+00  1.00E+00
5.309E-03 9.895E-01 1.011E+00  1.00E+00
5.012E-03 9.903E-01 1.010E+00  1.00E+00
4.732E-03 9.912E-01 1.009E+00  1.00E+00
4.467E-03 9.934E-01 1.007E+00  1.00E+00
4.217E-03 9.930E-01 1.007E+00  1.00E+00
3.981E-03 9.928E-01 1.007E+00  1.00E+00
3.758E-03 9.928E-01 1.007E+00  1.00E+00
3.548E-03 9.928E-01 1.007E+00  1.00E+00
3.350E-03 9.928E-01 1.007E+00  1.00E+00
3.162E-03 9.928E-01 1.007E+00  1.00E+00
2.985E-03 9.927E-01 1.007E+00  1.00E+00
2.818E-03 9.927E-01 1.007E+00  1.00E+00
2.661E-03 9.926E-01 1.007E+00  1.00E+00
2.512E-03 9.927E-01 1.007E+00  1.00E+00
2.371E-03 9.931E-01 1.007E+00  1.00E+00
2.239E-03 9.936E-01 1.006E+00  1.00E+00
2.113E-03 9.939E-01 1.006E+00  1.00E+00
1.995E-03 9.938E-01 1.006E+00  1.00E+00
1.884E-03 9.932E-01 1.007E+00  1.00E+00
1.778E-03 9.921E-01 1.008E+00  1.00E+00
1.679E-03 9.904E-01 1.010E+00  1.00E+00
1.585E-03 9.879E-01 1.012E+00  1.00E+00
1.496E-03 9.844E-01 1.016E+00  1.00E+00
1.413E-03 9.795E-01 1.020E+00  1.00E+00
1.334E-03 9.728E-01 1.027E+00  1.00E+00
1.259E-03 9.637E-01 1.036E+00  1.00E+00
1.189E-03 9.516E-01 1.048E+00  1.00E+00
1.122E-03 9.350E-01 1.065E+00  1.00E+00
1.059E-03 9.138E-01 1.086E+00  1.00E+00
