w(micron)  Q_abs     Q_sca     g=<cos>
1.000E+03 2.040E-07 5.945E-16  0.00E+00
9.441E+02 2.289E-07 7.485E-16  0.00E+00
8.913E+02 2.569E-07 9.423E-16  0.00E+00
8.414E+02 2.882E-07 1.186E-15  0.00E+00
7.943E+02 3.234E-07 1.493E-15  0.00E+00
7.499E+02 3.629E-07 1.880E-15  0.00E+00
7.079E+02 4.071E-07 2.367E-15  0.00E+00
6.683E+02 4.568E-07 2.980E-15  0.00E+00
6.310E+02 5.125E-07 3.751E-15  0.00E+00
5.957E+02 5.751E-07 4.723E-15  0.00E+00
5.623E+02 6.452E-07 5.945E-15  0.00E+00
5.309E+02 7.240E-07 7.485E-15  0.00E+00
5.012E+02 8.123E-07 9.423E-15  0.00E+00
4.732E+02 9.114E-07 1.186E-14  0.00E+00
4.467E+02 1.023E-06 1.493E-14  0.00E+00
4.217E+02 1.147E-06 1.880E-14  0.00E+00
3.981E+02 1.287E-06 2.367E-14  0.00E+00
3.758E+02 1.444E-06 2.980E-14  0.00E+00
3.548E+02 1.620E-06 3.751E-14  0.00E+00
3.350E+02 1.818E-06 4.722E-14  0.00E+00
3.162E+02 2.040E-06 5.945E-14  0.00E+00
2.985E+02 2.288E-06 7.485E-14  0.00E+00
2.818E+02 2.567E-06 9.424E-14  0.00E+00
2.661E+02 2.880E-06 1.187E-13  0.00E+00
2.512E+02 3.230E-06 1.494E-13  0.00E+00
2.371E+02 3.624E-06 1.881E-13  0.00E+00
2.239E+02 4.065E-06 2.368E-13  0.00E+00
2.113E+02 4.560E-06 2.981E-13  0.00E+00
1.995E+02 5.116E-06 3.753E-13  0.00E+00
1.884E+02 5.740E-06 4.724E-13  0.00E+00
1.778E+02 6.438E-06 5.948E-13  0.00E+00
1.679E+02 7.220E-06 7.488E-13  0.00E+00
1.585E+02 8.095E-06 9.429E-13  0.00E+00
1.496E+02 9.076E-06 1.187E-12  0.00E+00
1.413E+02 1.018E-05 1.495E-12  0.00E+00
1.334E+02 1.141E-05 1.882E-12  5.12E-07
1.259E+02 1.280E-05 2.369E-12  5.75E-07
1.189E+02 1.435E-05 2.983E-12  6.45E-07
1.122E+02 1.609E-05 3.757E-12  7.24E-07
1.059E+02 1.804E-05 4.730E-12  8.13E-07
1.000E+02 2.021E-05 5.956E-12  9.12E-07
9.441E+01 2.265E-05 7.501E-12  1.02E-06
8.913E+01 2.538E-05 9.446E-12  1.15E-06
8.414E+01 2.843E-05 1.190E-11  1.29E-06
7.943E+01 3.185E-05 1.498E-11  1.45E-06
7.499E+01 3.567E-05 1.887E-11  1.62E-06
7.079E+01 3.994E-05 2.376E-11  1.82E-06
6.683E+01 4.472E-05 2.993E-11  2.05E-06
6.310E+01 5.005E-05 3.771E-11  2.30E-06
5.957E+01 5.599E-05 4.750E-11  2.58E-06
5.623E+01 6.262E-05 5.985E-11  2.90E-06
5.309E+01 7.002E-05 7.542E-11  3.26E-06
5.012E+01 7.826E-05 9.505E-11  3.66E-06
4.732E+01 8.744E-05 1.198E-10  4.11E-06
4.467E+01 9.766E-05 1.510E-10  4.62E-06
4.217E+01 1.090E-04 1.904E-10  5.20E-06
3.981E+01 1.217E-04 2.402E-10  5.85E-06
3.758E+01 1.357E-04 3.030E-10  6.58E-06
3.548E+01 1.513E-04 3.823E-10  7.41E-06
3.350E+01 1.686E-04 4.827E-10  8.34E-06
3.162E+01 1.879E-04 6.097E-10  9.40E-06
2.985E+01 2.093E-04 7.705E-10  1.06E-05
2.818E+01 2.332E-04 9.744E-10  1.20E-05
2.661E+01 2.598E-04 1.233E-09  1.35E-05
2.512E+01 2.897E-04 1.562E-09  1.53E-05
2.371E+01 3.235E-04 1.981E-09  1.74E-05
2.239E+01 3.620E-04 2.517E-09  1.98E-05
2.113E+01 4.066E-04 3.204E-09  2.26E-05
1.995E+01 4.592E-04 4.089E-09  2.59E-05
1.884E+01 5.233E-04 5.235E-09  2.98E-05
1.778E+01 6.044E-04 6.731E-09  3.47E-05
1.679E+01 7.109E-04 8.707E-09  4.08E-05
1.585E+01 8.669E-04 1.136E-08  4.90E-05
1.496E+01 1.093E-03 1.498E-08  6.05E-05
1.413E+01 1.479E-03 2.012E-08  7.80E-05
1.334E+01 2.211E-03 2.781E-08  1.01E-04
1.259E+01 3.825E-03 4.035E-08  3.64E-05
1.189E+01 8.266E-03 6.387E-08 -2.60E-05
1.122E+01 2.438E-02 1.141E-07 -4.72E-06
1.059E+01 5.368E-02 1.192E-07  1.45E-05
1.000E+01 2.578E-02 2.712E-08  3.02E-05
9.441E+00 1.206E-02 1.954E-08  4.28E-05
8.913E+00 7.364E-03 3.069E-08  5.47E-05
8.414E+00 5.346E-03 4.701E-08  6.67E-05
7.943E+00 4.296E-03 6.741E-08  7.93E-05
7.499E+00 3.664E-03 9.279E-08  9.28E-05
7.079E+00 3.276E-03 1.243E-07  1.07E-04
6.683E+00 3.015E-03 1.639E-07  1.24E-04
6.310E+00 2.834E-03 2.135E-07  1.41E-04
5.957E+00 2.702E-03 2.758E-07  1.61E-04
5.623E+00 2.594E-03 3.546E-07  1.83E-04
5.309E+00 2.508E-03 4.541E-07  2.07E-04
5.012E+00 2.439E-03 5.796E-07  2.34E-04
4.732E+00 2.377E-03 7.380E-07  2.65E-04
4.467E+00 2.320E-03 9.386E-07  2.99E-04
4.217E+00 2.267E-03 1.191E-06  3.37E-04
3.981E+00 2.216E-03 1.509E-06  3.80E-04
3.758E+00 2.164E-03 1.912E-06  4.28E-04
3.548E+00 2.110E-03 2.420E-06  4.82E-04
3.350E+00 2.056E-03 3.060E-06  5.43E-04
3.162E+00 2.000E-03 3.869E-06  6.11E-04
2.985E+00 1.941E-03 4.890E-06  6.87E-04
2.818E+00 1.879E-03 6.177E-06  7.72E-04
2.661E+00 1.815E-03 7.802E-06  8.68E-04
2.512E+00 1.747E-03 9.853E-06  9.76E-04
2.371E+00 1.681E-03 1.244E-05  1.10E-03
2.239E+00 1.610E-03 1.570E-05  1.23E-03
2.113E+00 1.534E-03 1.982E-05  1.39E-03
1.995E+00 1.458E-03 2.502E-05  1.56E-03
1.884E+00 1.381E-03 3.159E-05  1.75E-03
1.778E+00 1.306E-03 3.988E-05  1.97E-03
1.679E+00 1.230E-03 5.035E-05  2.21E-03
1.585E+00 1.154E-03 6.356E-05  2.48E-03
1.496E+00 1.081E-03 8.024E-05  2.79E-03
1.413E+00 1.008E-03 1.013E-04  3.14E-03
1.334E+00 9.372E-04 1.279E-04  3.52E-03
1.259E+00 8.684E-04 1.616E-04  3.96E-03
1.189E+00 8.027E-04 2.041E-04  4.45E-03
1.122E+00 7.397E-04 2.580E-04  5.00E-03
1.059E+00 6.796E-04 3.261E-04  5.63E-03
1.000E+00 6.231E-04 4.123E-04  6.32E-03
9.441E-01 5.699E-04 5.215E-04  7.11E-03
8.913E-01 5.199E-04 6.599E-04  8.00E-03
8.414E-01 4.734E-04 8.353E-04  9.00E-03
7.943E-01 4.301E-04 1.058E-03  1.01E-02
7.499E-01 3.900E-04 1.342E-03  1.14E-02
7.079E-01 3.532E-04 1.702E-03  1.28E-02
6.683E-01 3.192E-04 2.161E-03  1.45E-02
6.310E-01 2.883E-04 2.747E-03  1.63E-02
5.957E-01 2.601E-04 3.496E-03  1.84E-02
5.623E-01 2.336E-04 4.455E-03  2.07E-02
5.309E-01 2.100E-04 5.683E-03  2.34E-02
5.012E-01 1.886E-04 7.263E-03  2.65E-02
4.732E-01 1.692E-04 9.304E-03  3.00E-02
4.467E-01 1.515E-04 1.195E-02  3.40E-02
4.217E-01 1.339E-04 1.539E-02  3.87E-02
3.981E-01 1.813E-04 1.989E-02  4.41E-02
3.758E-01 4.818E-04 2.578E-02  5.04E-02
3.548E-01 1.090E-03 3.361E-02  5.78E-02
3.350E-01 1.436E-03 4.397E-02  6.67E-02
3.162E-01 3.076E-03 5.802E-02  7.75E-02
2.985E-01 5.106E-03 7.721E-02  9.12E-02
2.818E-01 1.207E-02 1.037E-01  1.09E-01
2.661E-01 2.953E-02 1.406E-01  1.32E-01
2.512E-01 6.368E-02 1.935E-01  1.65E-01
2.371E-01 1.204E-01 2.731E-01  2.15E-01
2.239E-01 2.945E-01 4.065E-01  2.98E-01
2.113E-01 1.070E+00 6.934E-01  3.74E-01
1.995E-01 1.707E+00 9.757E-01  4.87E-02
1.884E-01 1.400E+00 1.020E+00 -2.37E-02
1.778E-01 1.306E+00 1.217E+00 -2.07E-02
1.679E-01 1.332E+00 1.534E+00 -5.39E-03
1.585E-01 1.460E+00 1.891E+00  1.89E-02
1.496E-01 1.647E+00 2.019E+00  5.29E-02
1.413E-01 1.704E+00 1.993E+00  8.39E-02
1.334E-01 1.709E+00 1.956E+00  1.16E-01
1.259E-01 1.690E+00 1.921E+00  1.53E-01
1.189E-01 1.706E+00 1.916E+00  2.01E-01
1.122E-01 1.798E+00 1.855E+00  2.72E-01
1.059E-01 1.852E+00 1.657E+00  3.47E-01
1.000E-01 1.771E+00 1.465E+00  3.97E-01
9.441E-02 1.655E+00 1.345E+00  4.33E-01
8.913E-02 1.528E+00 1.225E+00  4.61E-01
8.414E-02 1.412E+00 1.127E+00  4.88E-01
7.943E-02 1.312E+00 1.046E+00  5.15E-01
7.499E-02 1.225E+00 9.790E-01  5.41E-01
7.079E-02 1.151E+00 9.226E-01  5.68E-01
6.683E-02 1.087E+00 8.747E-01  5.95E-01
6.310E-02 1.030E+00 8.330E-01  6.22E-01
5.957E-02 9.810E-01 7.968E-01  6.50E-01
5.623E-02 9.369E-01 7.647E-01  6.77E-01
5.309E-02 8.971E-01 7.359E-01  7.04E-01
5.012E-02 8.605E-01 7.100E-01  7.30E-01
4.732E-02 8.267E-01 6.860E-01  7.55E-01
4.467E-02 7.949E-01 6.641E-01  7.79E-01
4.217E-02 7.644E-01 6.435E-01  8.00E-01
3.981E-02 7.348E-01 6.242E-01  8.19E-01
3.758E-02 7.057E-01 6.052E-01  8.36E-01
3.548E-02 6.777E-01 5.863E-01  8.51E-01
3.350E-02 6.506E-01 5.672E-01  8.65E-01
3.162E-02 6.242E-01 5.475E-01  8.79E-01
2.985E-02 5.983E-01 5.272E-01  8.92E-01
2.818E-02 5.723E-01 5.066E-01  9.02E-01
2.661E-02 5.465E-01 4.849E-01  9.11E-01
2.512E-02 5.208E-01 4.624E-01  9.19E-01
2.371E-02 4.959E-01 4.385E-01  9.28E-01
2.239E-02 4.709E-01 4.137E-01  9.35E-01
2.113E-02 4.458E-01 3.880E-01  9.41E-01
1.995E-02 4.211E-01 3.617E-01  9.47E-01
1.884E-02 3.964E-01 3.342E-01  9.52E-01
1.778E-02 3.721E-01 3.059E-01  9.57E-01
1.679E-02 3.481E-01 2.773E-01  9.61E-01
1.585E-02 3.247E-01 2.479E-01  9.65E-01
1.496E-02 3.019E-01 2.178E-01  9.68E-01
1.413E-02 2.797E-01 1.870E-01  9.71E-01
1.334E-02 2.583E-01 1.550E-01  9.74E-01
1.259E-02 2.379E-01 1.216E-01  9.76E-01
1.189E-02 2.183E-01 8.633E-02  9.79E-01
1.122E-02 2.003E-01 3.848E-02  9.81E-01
1.059E-02 6.051E-01 1.591E-01  9.82E-01
1.000E-02 5.726E-01 1.578E-01  9.84E-01
9.441E-03 5.466E-01 1.705E-01  9.85E-01
8.913E-03 5.201E-01 1.723E-01  9.86E-01
8.414E-03 4.923E-01 1.683E-01  9.88E-01
7.943E-03 4.634E-01 1.588E-01  9.89E-01
7.499E-03 4.344E-01 1.344E-01  9.90E-01
7.079E-03 4.844E-01 1.674E-01  9.91E-01
6.683E-03 4.526E-01 1.681E-01  9.92E-01
6.310E-03 4.205E-01 1.631E-01  9.93E-01
5.957E-03 3.889E-01 1.554E-01  9.93E-01
5.623E-03 3.571E-01 1.458E-01  9.94E-01
5.309E-03 3.266E-01 1.345E-01  9.95E-01
5.012E-03 2.971E-01 1.215E-01  9.95E-01
4.732E-03 2.692E-01 1.045E-01  9.96E-01
4.467E-03 2.429E-01 7.040E-02  9.96E-01
4.217E-03 3.173E-01 1.034E-01  9.96E-01
3.981E-03 2.877E-01 1.035E-01  9.97E-01
3.758E-03 2.594E-01 9.937E-02  9.97E-01
3.548E-03 2.329E-01 9.333E-02  9.97E-01
3.350E-03 2.081E-01 8.670E-02  9.98E-01
3.162E-03 1.853E-01 7.980E-02  9.98E-01
2.985E-03 1.647E-01 7.323E-02  9.98E-01
2.818E-03 1.452E-01 6.674E-02  9.98E-01
2.661E-03 1.273E-01 6.045E-02  9.98E-01
2.512E-03 1.116E-01 5.448E-02  9.99E-01
2.371E-03 9.767E-02 4.898E-02  9.99E-01
2.239E-03 8.528E-02 4.395E-02  9.99E-01
2.113E-03 7.412E-02 3.932E-02  9.99E-01
1.995E-03 6.440E-02 3.514E-02  9.99E-01
1.884E-03 5.583E-02 3.134E-02  9.99E-01
1.778E-03 4.828E-02 2.789E-02  9.99E-01
1.679E-03 4.169E-02 2.478E-02  9.99E-01
1.585E-03 3.597E-02 2.199E-02  9.99E-01
1.496E-03 3.099E-02 1.952E-02  9.99E-01
1.413E-03 2.666E-02 1.731E-02  9.99E-01
1.334E-03 2.292E-02 1.531E-02  1.00E+00
1.259E-03 1.970E-02 1.354E-02  1.00E+00
1.189E-03 1.695E-02 1.200E-02  1.00E+00
1.122E-03 1.449E-02 1.058E-02  1.00E+00
1.059E-03 1.240E-02 9.310E-03  1.00E+00
