w(micron)  Q_abs     Q_sca     g=<cos>
1.000E+03 2.571E-05 1.494E-07  1.44E-04
9.441E+02 2.885E-05 1.881E-07  1.62E-04
8.913E+02 3.237E-05 2.368E-07  1.82E-04
8.414E+02 3.633E-05 2.981E-07  2.04E-04
7.943E+02 4.077E-05 3.753E-07  2.29E-04
7.499E+02 4.575E-05 4.725E-07  2.56E-04
7.079E+02 5.134E-05 5.948E-07  2.88E-04
6.683E+02 5.762E-05 7.489E-07  3.23E-04
6.310E+02 6.466E-05 9.429E-07  3.62E-04
5.957E+02 7.257E-05 1.187E-06  4.06E-04
5.623E+02 8.145E-05 1.495E-06  4.56E-04
5.309E+02 9.142E-05 1.882E-06  5.12E-04
5.012E+02 1.026E-04 2.369E-06  5.74E-04
4.732E+02 1.152E-04 2.983E-06  6.44E-04
4.467E+02 1.293E-04 3.756E-06  7.23E-04
4.217E+02 1.451E-04 4.729E-06  8.11E-04
3.981E+02 1.629E-04 5.955E-06  9.10E-04
3.758E+02 1.829E-04 7.498E-06  1.02E-03
3.548E+02 2.054E-04 9.442E-06  1.15E-03
3.350E+02 2.306E-04 1.189E-05  1.29E-03
3.162E+02 2.590E-04 1.497E-05  1.44E-03
2.985E+02 2.909E-04 1.886E-05  1.62E-03
2.818E+02 3.267E-04 2.375E-05  1.82E-03
2.661E+02 3.670E-04 2.991E-05  2.04E-03
2.512E+02 4.122E-04 3.768E-05  2.29E-03
2.371E+02 4.632E-04 4.746E-05  2.57E-03
2.239E+02 5.206E-04 5.978E-05  2.88E-03
2.113E+02 5.853E-04 7.530E-05  3.23E-03
1.995E+02 6.581E-04 9.486E-05  3.63E-03
1.884E+02 7.403E-04 1.195E-04  4.07E-03
1.778E+02 8.329E-04 1.506E-04  4.57E-03
1.679E+02 9.371E-04 1.898E-04  5.13E-03
1.585E+02 1.055E-03 2.392E-04  5.76E-03
1.496E+02 1.187E-03 3.016E-04  6.47E-03
1.413E+02 1.338E-03 3.803E-04  7.26E-03
1.334E+02 1.508E-03 4.796E-04  8.15E-03
1.259E+02 1.702E-03 6.048E-04  9.15E-03
1.189E+02 1.921E-03 7.630E-04  1.03E-02
1.122E+02 2.169E-03 9.629E-04  1.15E-02
1.059E+02 2.452E-03 1.215E-03  1.30E-02
1.000E+02 2.774E-03 1.535E-03  1.46E-02
9.441E+01 3.141E-03 1.939E-03  1.64E-02
8.913E+01 3.562E-03 2.450E-03  1.84E-02
8.414E+01 4.044E-03 3.098E-03  2.07E-02
7.943E+01 4.598E-03 3.919E-03  2.33E-02
7.499E+01 5.237E-03 4.960E-03  2.62E-02
7.079E+01 5.976E-03 6.283E-03  2.94E-02
6.683E+01 6.834E-03 7.964E-03  3.31E-02
6.310E+01 7.834E-03 1.010E-02  3.73E-02
5.957E+01 9.005E-03 1.283E-02  4.21E-02
5.623E+01 1.038E-02 1.631E-02  4.74E-02
5.309E+01 1.202E-02 2.077E-02  5.35E-02
5.012E+01 1.397E-02 2.648E-02  6.05E-02
4.732E+01 1.631E-02 3.381E-02  6.85E-02
4.467E+01 1.917E-02 4.325E-02  7.76E-02
4.217E+01 2.267E-02 5.546E-02  8.81E-02
3.981E+01 2.703E-02 7.128E-02  1.00E-01
3.758E+01 3.256E-02 9.188E-02  1.14E-01
3.548E+01 3.969E-02 1.188E-01  1.31E-01
3.350E+01 4.913E-02 1.544E-01  1.51E-01
3.162E+01 6.205E-02 2.015E-01  1.75E-01
2.985E+01 8.044E-02 2.648E-01  2.04E-01
2.818E+01 1.081E-01 3.513E-01  2.41E-01
2.661E+01 1.528E-01 4.725E-01  2.88E-01
2.512E+01 2.328E-01 6.515E-01  3.48E-01
2.371E+01 3.981E-01 9.444E-01  4.21E-01
2.239E+01 8.055E-01 1.528E+00  4.85E-01
2.113E+01 1.778E+00 2.871E+00  4.21E-01
1.995E+01 1.962E+00 3.785E+00  1.51E-01
1.884E+01 1.185E+00 3.457E+00 -1.17E-02
1.778E+01 1.046E+00 3.501E+00 -4.54E-04
1.679E+01 1.507E+00 3.114E+00  8.97E-02
1.585E+01 2.049E+00 1.391E+00  2.26E-01
1.496E+01 1.382E+00 9.778E-01  1.37E-01
1.413E+01 1.351E+00 1.480E+00  1.89E-01
1.334E+01 1.183E+00 1.717E+00  1.93E-01
1.259E+01 9.269E-01 1.906E+00  1.98E-01
1.189E+01 9.171E-01 2.157E+00  2.71E-01
1.122E+01 1.377E+00 2.230E+00  4.07E-01
1.059E+01 1.689E+00 1.502E+00  5.05E-01
1.000E+01 1.478E+00 7.251E-01  5.84E-01
9.441E+00 1.354E+00 8.865E-01  6.51E-01
8.913E+00 1.318E+00 1.585E+00  6.57E-01
8.414E+00 1.411E+00 2.219E+00  6.78E-01
7.943E+00 1.366E+00 2.534E+00  6.58E-01
7.499E+00 1.250E+00 2.332E+00  5.79E-01
7.079E+00 1.403E+00 1.995E+00  5.48E-01
6.683E+00 1.339E+00 1.640E+00  5.53E-01
6.310E+00 1.294E+00 1.385E+00  4.71E-01
5.957E+00 1.286E+00 1.117E+00  4.16E-01
5.623E+00 1.124E+00 1.001E+00  5.24E-01
5.309E+00 1.265E+00 1.343E+00  6.46E-01
5.012E+00 1.012E+00 1.573E+00  6.68E-01
4.732E+00 1.087E+00 1.860E+00  7.41E-01
4.467E+00 9.904E-01 2.127E+00  7.63E-01
4.217E+00 9.339E-01 2.058E+00  6.99E-01
3.981E+00 9.323E-01 1.975E+00  7.14E-01
3.758E+00 9.118E-01 1.578E+00  5.84E-01
3.548E+00 8.765E-01 1.436E+00  5.72E-01
3.350E+00 9.268E-01 1.389E+00  5.67E-01
3.162E+00 8.770E-01 1.586E+00  6.32E-01
2.985E+00 8.139E-01 1.855E+00  7.28E-01
2.818E+00 8.515E-01 2.038E+00  7.53E-01
2.661E+00 8.462E-01 1.786E+00  6.84E-01
2.512E+00 7.183E-01 1.423E+00  6.58E-01
2.371E+00 6.750E-01 1.489E+00  6.17E-01
2.239E+00 6.722E-01 1.827E+00  6.71E-01
2.113E+00 6.740E-01 1.995E+00  7.33E-01
1.995E+00 6.329E-01 1.774E+00  7.14E-01
1.884E+00 5.793E-01 1.513E+00  6.48E-01
1.778E+00 5.471E-01 1.658E+00  6.51E-01
1.679E+00 5.506E-01 1.910E+00  6.71E-01
1.585E+00 5.786E-01 1.838E+00  6.52E-01
1.496E+00 4.807E-01 1.657E+00  6.30E-01
1.413E+00 5.348E-01 2.014E+00  6.67E-01
1.334E+00 4.278E-01 1.817E+00  6.67E-01
1.259E+00 4.840E-01 1.871E+00  6.69E-01
1.189E+00 4.202E-01 1.961E+00  6.37E-01
1.122E+00 3.571E-01 1.600E+00  6.03E-01
1.059E+00 3.305E-01 1.950E+00  6.48E-01
1.000E+00 3.306E-01 1.716E+00  5.87E-01
9.441E-01 3.343E-01 2.040E+00  6.25E-01
8.913E-01 2.759E-01 1.987E+00  6.49E-01
8.414E-01 2.604E-01 1.959E+00  6.22E-01
7.943E-01 2.377E-01 1.981E+00  6.34E-01
7.499E-01 2.317E-01 2.099E+00  6.49E-01
7.079E-01 1.899E-01 2.232E+00  6.79E-01
6.683E-01 1.660E-01 1.957E+00  6.30E-01
6.310E-01 1.594E-01 2.038E+00  6.45E-01
5.957E-01 1.385E-01 1.777E+00  5.68E-01
5.623E-01 1.292E-01 1.790E+00  5.69E-01
5.309E-01 1.219E-01 2.073E+00  6.24E-01
5.012E-01 1.059E-01 1.843E+00  5.55E-01
4.732E-01 9.833E-02 1.933E+00  5.77E-01
4.467E-01 8.262E-02 2.263E+00  6.41E-01
4.217E-01 7.306E-02 2.171E+00  6.26E-01
3.981E-01 9.784E-02 1.866E+00  5.80E-01
3.758E-01 2.175E-01 1.766E+00  6.26E-01
3.548E-01 4.024E-01 1.621E+00  6.73E-01
3.350E-01 4.659E-01 1.639E+00  6.97E-01
3.162E-01 6.617E-01 1.443E+00  7.64E-01
2.985E-01 7.452E-01 1.370E+00  7.90E-01
2.818E-01 7.912E-01 1.325E+00  8.06E-01
2.661E-01 7.806E-01 1.331E+00  8.00E-01
2.512E-01 7.649E-01 1.343E+00  7.91E-01
2.371E-01 7.457E-01 1.358E+00  7.79E-01
2.239E-01 7.209E-01 1.379E+00  7.64E-01
2.113E-01 6.880E-01 1.409E+00  7.44E-01
1.995E-01 6.417E-01 1.454E+00  7.17E-01
1.884E-01 5.931E-01 1.508E+00  6.91E-01
1.778E-01 5.502E-01 1.561E+00  6.71E-01
1.679E-01 5.173E-01 1.607E+00  6.59E-01
1.585E-01 4.958E-01 1.635E+00  6.56E-01
1.496E-01 5.111E-01 1.610E+00  6.69E-01
1.413E-01 5.293E-01 1.582E+00  6.82E-01
1.334E-01 5.332E-01 1.570E+00  6.88E-01
1.259E-01 5.295E-01 1.567E+00  6.91E-01
1.189E-01 5.095E-01 1.580E+00  6.86E-01
1.122E-01 4.998E-01 1.582E+00  6.87E-01
1.059E-01 5.237E-01 1.551E+00  7.03E-01
1.000E-01 5.523E-01 1.516E+00  7.22E-01
9.441E-02 5.722E-01 1.492E+00  7.35E-01
8.913E-02 5.954E-01 1.464E+00  7.51E-01
8.414E-02 6.174E-01 1.438E+00  7.67E-01
7.943E-02 6.382E-01 1.414E+00  7.83E-01
7.499E-02 6.582E-01 1.391E+00  7.98E-01
7.079E-02 6.772E-01 1.369E+00  8.13E-01
6.683E-02 6.952E-01 1.348E+00  8.27E-01
6.310E-02 7.125E-01 1.328E+00  8.42E-01
5.957E-02 7.290E-01 1.309E+00  8.55E-01
5.623E-02 7.446E-01 1.292E+00  8.69E-01
5.309E-02 7.593E-01 1.275E+00  8.81E-01
5.012E-02 7.732E-01 1.259E+00  8.93E-01
4.732E-02 7.864E-01 1.244E+00  9.04E-01
4.467E-02 7.986E-01 1.230E+00  9.14E-01
4.217E-02 8.101E-01 1.217E+00  9.24E-01
3.981E-02 8.209E-01 1.204E+00  9.32E-01
3.758E-02 8.312E-01 1.193E+00  9.40E-01
3.548E-02 8.410E-01 1.181E+00  9.47E-01
3.350E-02 8.503E-01 1.171E+00  9.53E-01
3.162E-02 8.592E-01 1.160E+00  9.59E-01
2.985E-02 8.678E-01 1.151E+00  9.64E-01
2.818E-02 8.760E-01 1.141E+00  9.68E-01
2.661E-02 8.841E-01 1.132E+00  9.72E-01
2.512E-02 8.918E-01 1.123E+00  9.76E-01
2.371E-02 8.993E-01 1.115E+00  9.80E-01
2.239E-02 9.065E-01 1.106E+00  9.82E-01
2.113E-02 9.136E-01 1.098E+00  9.85E-01
1.995E-02 9.203E-01 1.091E+00  9.87E-01
1.884E-02 9.268E-01 1.083E+00  9.90E-01
1.778E-02 9.331E-01 1.076E+00  9.91E-01
1.679E-02 9.415E-01 1.058E+00  9.93E-01
1.585E-02 9.475E-01 1.052E+00  9.94E-01
1.496E-02 9.535E-01 1.047E+00  9.95E-01
1.413E-02 9.595E-01 1.040E+00  9.96E-01
1.334E-02 9.656E-01 1.034E+00  9.97E-01
1.259E-02 9.714E-01 1.029E+00  9.98E-01
1.189E-02 9.778E-01 1.022E+00  9.99E-01
1.122E-02 9.886E-01 1.011E+00  1.00E+00
1.059E-02 9.897E-01 1.010E+00  9.99E-01
1.000E-02 9.860E-01 1.014E+00  9.99E-01
9.441E-03 9.845E-01 1.016E+00  9.99E-01
8.913E-03 9.843E-01 1.016E+00  9.99E-01
8.414E-03 9.847E-01 1.015E+00  9.99E-01
7.943E-03 9.856E-01 1.014E+00  9.99E-01
7.499E-03 9.878E-01 1.012E+00  9.99E-01
7.079E-03 9.870E-01 1.013E+00  9.99E-01
6.683E-03 9.869E-01 1.013E+00  9.99E-01
6.310E-03 9.873E-01 1.013E+00  9.99E-01
5.957E-03 9.879E-01 1.012E+00  9.99E-01
5.623E-03 9.886E-01 1.011E+00  1.00E+00
5.309E-03 9.893E-01 1.011E+00  1.00E+00
5.012E-03 9.900E-01 1.010E+00  1.00E+00
4.732E-03 9.908E-01 1.009E+00  1.00E+00
4.467E-03 9.927E-01 1.007E+00  1.00E+00
4.217E-03 9.928E-01 1.007E+00  1.00E+00
3.981E-03 9.924E-01 1.008E+00  1.00E+00
3.758E-03 9.922E-01 1.008E+00  1.00E+00
3.548E-03 9.920E-01 1.008E+00  1.00E+00
3.350E-03 9.917E-01 1.008E+00  1.00E+00
3.162E-03 9.914E-01 1.009E+00  1.00E+00
2.985E-03 9.910E-01 1.009E+00  1.00E+00
2.818E-03 9.906E-01 1.009E+00  1.00E+00
2.661E-03 9.900E-01 1.010E+00  1.00E+00
2.512E-03 9.895E-01 1.011E+00  1.00E+00
2.371E-03 9.888E-01 1.011E+00  1.00E+00
2.239E-03 9.880E-01 1.012E+00  1.00E+00
2.113E-03 9.864E-01 1.014E+00  1.00E+00
1.995E-03 9.840E-01 1.016E+00  1.00E+00
1.884E-03 9.802E-01 1.020E+00  1.00E+00
1.778E-03 9.748E-01 1.025E+00  1.00E+00
1.679E-03 9.672E-01 1.033E+00  1.00E+00
1.585E-03 9.569E-01 1.043E+00  1.00E+00
1.496E-03 9.432E-01 1.057E+00  1.00E+00
1.413E-03 9.250E-01 1.075E+00  1.00E+00
1.334E-03 9.019E-01 1.098E+00  1.00E+00
1.259E-03 8.735E-01 1.126E+00  1.00E+00
1.189E-03 8.399E-01 1.160E+00  1.00E+00
1.122E-03 7.993E-01 1.201E+00  1.00E+00
1.059E-03 7.543E-01 1.246E+00  1.00E+00
