w(micron)  Q_abs     Q_sca     g=<cos>
1.000E+03 6.453E-08 5.945E-18  0.00E+00
9.441E+02 7.240E-08 7.485E-18  0.00E+00
8.913E+02 8.123E-08 9.423E-18  0.00E+00
8.414E+02 9.115E-08 1.186E-17  0.00E+00
7.943E+02 1.023E-07 1.493E-17  0.00E+00
7.499E+02 1.147E-07 1.880E-17  0.00E+00
7.079E+02 1.287E-07 2.367E-17  0.00E+00
6.683E+02 1.445E-07 2.980E-17  0.00E+00
6.310E+02 1.621E-07 3.751E-17  0.00E+00
5.957E+02 1.819E-07 4.723E-17  0.00E+00
5.623E+02 2.040E-07 5.945E-17  0.00E+00
5.309E+02 2.289E-07 7.485E-17  0.00E+00
5.012E+02 2.569E-07 9.423E-17  0.00E+00
4.732E+02 2.882E-07 1.186E-16  0.00E+00
4.467E+02 3.234E-07 1.493E-16  0.00E+00
4.217E+02 3.628E-07 1.880E-16  0.00E+00
3.981E+02 4.071E-07 2.367E-16  0.00E+00
3.758E+02 4.567E-07 2.980E-16  0.00E+00
3.548E+02 5.124E-07 3.751E-16  0.00E+00
3.350E+02 5.749E-07 4.722E-16  0.00E+00
3.162E+02 6.450E-07 5.945E-16  0.00E+00
2.985E+02 7.236E-07 7.485E-16  0.00E+00
2.818E+02 8.117E-07 9.424E-16  0.00E+00
2.661E+02 9.106E-07 1.187E-15  0.00E+00
2.512E+02 1.021E-06 1.494E-15  0.00E+00
2.371E+02 1.146E-06 1.881E-15  0.00E+00
2.239E+02 1.285E-06 2.368E-15  0.00E+00
2.113E+02 1.442E-06 2.981E-15  0.00E+00
1.995E+02 1.618E-06 3.753E-15  0.00E+00
1.884E+02 1.815E-06 4.724E-15  0.00E+00
1.778E+02 2.036E-06 5.948E-15  0.00E+00
1.679E+02 2.283E-06 7.488E-15  0.00E+00
1.585E+02 2.560E-06 9.429E-15  0.00E+00
1.496E+02 2.870E-06 1.187E-14  0.00E+00
1.413E+02 3.218E-06 1.495E-14  0.00E+00
1.334E+02 3.609E-06 1.882E-14  0.00E+00
1.259E+02 4.048E-06 2.369E-14  0.00E+00
1.189E+02 4.539E-06 2.983E-14  0.00E+00
1.122E+02 5.088E-06 3.757E-14  0.00E+00
1.059E+02 5.703E-06 4.730E-14  0.00E+00
1.000E+02 6.392E-06 5.956E-14  0.00E+00
9.441E+01 7.163E-06 7.501E-14  0.00E+00
8.913E+01 8.026E-06 9.446E-14  0.00E+00
8.414E+01 8.992E-06 1.190E-13  0.00E+00
7.943E+01 1.007E-05 1.498E-13  0.00E+00
7.499E+01 1.128E-05 1.887E-13  0.00E+00
7.079E+01 1.263E-05 2.376E-13  0.00E+00
6.683E+01 1.414E-05 2.993E-13  0.00E+00
6.310E+01 1.583E-05 3.771E-13  0.00E+00
5.957E+01 1.771E-05 4.750E-13  0.00E+00
5.623E+01 1.980E-05 5.985E-13  0.00E+00
5.309E+01 2.214E-05 7.542E-13  0.00E+00
5.012E+01 2.475E-05 9.505E-13  0.00E+00
4.732E+01 2.765E-05 1.198E-12  0.00E+00
4.467E+01 3.088E-05 1.510E-12  0.00E+00
4.217E+01 3.448E-05 1.904E-12  5.20E-07
3.981E+01 3.847E-05 2.402E-12  5.84E-07
3.758E+01 4.291E-05 3.030E-12  6.58E-07
3.548E+01 4.785E-05 3.823E-12  7.41E-07
3.350E+01 5.332E-05 4.827E-12  8.34E-07
3.162E+01 5.940E-05 6.097E-12  9.40E-07
2.985E+01 6.617E-05 7.705E-12  1.06E-06
2.818E+01 7.373E-05 9.743E-12  1.20E-06
2.661E+01 8.215E-05 1.233E-11  1.35E-06
2.512E+01 9.162E-05 1.562E-11  1.53E-06
2.371E+01 1.023E-04 1.981E-11  1.74E-06
2.239E+01 1.144E-04 2.517E-11  1.98E-06
2.113E+01 1.286E-04 3.204E-11  2.26E-06
1.995E+01 1.452E-04 4.089E-11  2.59E-06
1.884E+01 1.654E-04 5.234E-11  2.98E-06
1.778E+01 1.911E-04 6.731E-11  3.47E-06
1.679E+01 2.247E-04 8.706E-11  4.08E-06
1.585E+01 2.741E-04 1.136E-10  4.90E-06
1.496E+01 3.454E-04 1.498E-10  6.05E-06
1.413E+01 4.675E-04 2.012E-10  7.80E-06
1.334E+01 6.982E-04 2.781E-10  1.01E-05
1.259E+01 1.208E-03 4.035E-10  3.64E-06
1.189E+01 2.613E-03 6.386E-10 -2.60E-06
1.122E+01 7.709E-03 1.141E-09 -4.73E-07
1.059E+01 1.697E-02 1.192E-09  1.45E-06
1.000E+01 8.151E-03 2.712E-10  3.02E-06
9.441E+00 3.812E-03 1.954E-10  4.28E-06
8.913E+00 2.328E-03 3.069E-10  5.47E-06
8.414E+00 1.690E-03 4.701E-10  6.67E-06
7.943E+00 1.358E-03 6.741E-10  7.93E-06
7.499E+00 1.158E-03 9.277E-10  9.28E-06
7.079E+00 1.036E-03 1.243E-09  1.07E-05
6.683E+00 9.530E-04 1.638E-09  1.24E-05
6.310E+00 8.958E-04 2.134E-09  1.41E-05
5.957E+00 8.538E-04 2.757E-09  1.61E-05
5.623E+00 8.196E-04 3.545E-09  1.83E-05
5.309E+00 7.925E-04 4.540E-09  2.07E-05
5.012E+00 7.704E-04 5.794E-09  2.34E-05
4.732E+00 7.509E-04 7.377E-09  2.65E-05
4.467E+00 7.326E-04 9.381E-09  2.99E-05
4.217E+00 7.159E-04 1.190E-08  3.37E-05
3.981E+00 6.996E-04 1.508E-08  3.80E-05
3.758E+00 6.829E-04 1.910E-08  4.28E-05
3.548E+00 6.659E-04 2.418E-08  4.82E-05
3.350E+00 6.488E-04 3.057E-08  5.43E-05
3.162E+00 6.307E-04 3.865E-08  6.11E-05
2.985E+00 6.120E-04 4.884E-08  6.87E-05
2.818E+00 5.921E-04 6.169E-08  7.72E-05
2.661E+00 5.717E-04 7.791E-08  8.68E-05
2.512E+00 5.501E-04 9.836E-08  9.76E-05
2.371E+00 5.290E-04 1.241E-07  1.10E-04
2.239E+00 5.064E-04 1.567E-07  1.23E-04
2.113E+00 4.822E-04 1.977E-07  1.39E-04
1.995E+00 4.580E-04 2.495E-07  1.56E-04
1.884E+00 4.335E-04 3.149E-07  1.75E-04
1.778E+00 4.094E-04 3.975E-07  1.97E-04
1.679E+00 3.852E-04 5.016E-07  2.21E-04
1.585E+00 3.611E-04 6.330E-07  2.48E-04
1.496E+00 3.376E-04 7.987E-07  2.79E-04
1.413E+00 3.142E-04 1.008E-06  3.14E-04
1.334E+00 2.918E-04 1.272E-06  3.53E-04
1.259E+00 2.698E-04 1.605E-06  3.96E-04
1.189E+00 2.489E-04 2.026E-06  4.45E-04
1.122E+00 2.288E-04 2.558E-06  5.01E-04
1.059E+00 2.096E-04 3.230E-06  5.63E-04
1.000E+00 1.916E-04 4.080E-06  6.33E-04
9.441E-01 1.746E-04 5.153E-06  7.12E-04
8.913E-01 1.586E-04 6.511E-06  8.00E-04
8.414E-01 1.438E-04 8.227E-06  9.00E-04
7.943E-01 1.300E-04 1.040E-05  1.01E-03
7.499E-01 1.172E-04 1.316E-05  1.14E-03
7.079E-01 1.055E-04 1.665E-05  1.28E-03
6.683E-01 9.462E-05 2.109E-05  1.45E-03
6.310E-01 8.474E-05 2.672E-05  1.63E-03
5.957E-01 7.574E-05 3.389E-05  1.84E-03
5.623E-01 6.731E-05 4.301E-05  2.07E-03
5.309E-01 5.975E-05 5.462E-05  2.34E-03
5.012E-01 5.294E-05 6.945E-05  2.65E-03
4.732E-01 4.673E-05 8.844E-05  2.99E-03
4.467E-01 4.108E-05 1.128E-04  3.39E-03
4.217E-01 3.552E-05 1.442E-04  3.85E-03
3.981E-01 4.690E-05 1.847E-04  4.38E-03
3.758E-01 1.210E-04 2.369E-04  4.99E-03
3.548E-01 2.641E-04 3.052E-04  5.70E-03
3.350E-01 3.336E-04 3.938E-04  6.53E-03
3.162E-01 6.776E-04 5.110E-04  7.54E-03
2.985E-01 1.051E-03 6.666E-04  8.75E-03
2.818E-01 2.273E-03 8.742E-04  1.02E-02
2.661E-01 4.937E-03 1.151E-03  1.21E-02
2.512E-01 8.977E-03 1.525E-03  1.44E-02
2.371E-01 1.298E-02 2.038E-03  1.75E-02
2.239E-01 1.982E-02 2.756E-03  2.20E-02
2.113E-01 3.241E-02 3.777E-03  2.85E-02
1.995E-01 6.037E-02 5.276E-03  3.76E-02
1.884E-01 1.157E-01 7.374E-03  3.63E-02
1.778E-01 1.748E-01 1.032E-02  1.60E-02
1.679E-01 2.311E-01 1.463E-02 -9.47E-04
1.585E-01 3.237E-01 2.149E-02 -5.54E-03
1.496E-01 4.913E-01 3.052E-02 -2.27E-03
1.413E-01 6.554E-01 4.064E-02  3.84E-04
1.334E-01 8.639E-01 5.604E-02  2.21E-03
1.259E-01 1.095E+00 7.779E-02  3.63E-03
1.189E-01 1.471E+00 1.180E-01  4.98E-03
1.122E-01 1.991E+00 1.737E-01  7.59E-03
1.059E-01 2.324E+00 1.980E-01  1.23E-02
1.000E-01 2.263E+00 1.897E-01  1.76E-02
9.441E-02 2.089E+00 1.813E-01  2.29E-02
8.913E-02 1.842E+00 1.640E-01  2.91E-02
8.414E-02 1.611E+00 1.485E-01  3.56E-02
7.943E-02 1.412E+00 1.358E-01  4.26E-02
7.499E-02 1.244E+00 1.255E-01  5.02E-02
7.079E-02 1.105E+00 1.173E-01  5.84E-02
6.683E-02 9.875E-01 1.107E-01  6.74E-02
6.310E-02 8.880E-01 1.052E-01  7.75E-02
5.957E-02 8.030E-01 1.007E-01  8.87E-02
5.623E-02 7.294E-01 9.683E-02  1.01E-01
5.309E-02 6.654E-01 9.343E-02  1.15E-01
5.012E-02 6.089E-01 9.034E-02  1.31E-01
4.732E-02 5.589E-01 8.739E-02  1.48E-01
4.467E-02 5.145E-01 8.463E-02  1.68E-01
4.217E-02 4.746E-01 8.186E-02  1.89E-01
3.981E-02 4.387E-01 7.912E-02  2.13E-01
3.758E-02 4.059E-01 7.625E-02  2.39E-01
3.548E-02 3.763E-01 7.331E-02  2.68E-01
3.350E-02 3.492E-01 7.026E-02  3.00E-01
3.162E-02 3.242E-01 6.709E-02  3.35E-01
2.985E-02 3.010E-01 6.377E-02  3.72E-01
2.818E-02 2.795E-01 6.036E-02  4.12E-01
2.661E-02 2.595E-01 5.680E-02  4.54E-01
2.512E-02 2.405E-01 5.315E-02  4.98E-01
2.371E-02 2.229E-01 4.943E-02  5.43E-01
2.239E-02 2.062E-01 4.571E-02  5.89E-01
2.113E-02 1.904E-01 4.200E-02  6.33E-01
1.995E-02 1.755E-01 3.840E-02  6.74E-01
1.884E-02 1.613E-01 3.485E-02  7.11E-01
1.778E-02 1.479E-01 3.143E-02  7.42E-01
1.679E-02 1.354E-01 2.816E-02  7.67E-01
1.585E-02 1.237E-01 2.498E-02  7.85E-01
1.496E-02 1.128E-01 2.184E-02  7.99E-01
1.413E-02 1.027E-01 1.869E-02  8.11E-01
1.334E-02 9.333E-02 1.545E-02  8.23E-01
1.259E-02 8.475E-02 1.207E-02  8.38E-01
1.189E-02 7.671E-02 8.518E-03  8.55E-01
1.122E-02 6.945E-02 3.766E-03  8.72E-01
1.059E-02 2.637E-01 2.062E-02  8.88E-01
1.000E-02 2.478E-01 2.033E-02  8.96E-01
9.441E-03 2.327E-01 2.181E-02  9.03E-01
8.913E-03 2.173E-01 2.179E-02  9.10E-01
8.414E-03 2.016E-01 2.097E-02  9.19E-01
7.943E-03 1.860E-01 1.943E-02  9.27E-01
7.499E-03 1.708E-01 1.613E-02  9.34E-01
7.079E-03 1.968E-01 2.105E-02  9.40E-01
6.683E-03 1.800E-01 2.078E-02  9.44E-01
6.310E-03 1.638E-01 1.979E-02  9.50E-01
5.957E-03 1.486E-01 1.851E-02  9.55E-01
5.623E-03 1.339E-01 1.707E-02  9.58E-01
5.309E-03 1.203E-01 1.548E-02  9.62E-01
5.012E-03 1.076E-01 1.376E-02  9.66E-01
4.732E-03 9.610E-02 1.166E-02  9.69E-01
4.467E-03 8.550E-02 7.735E-03  9.71E-01
4.217E-03 1.160E-01 1.191E-02  9.74E-01
3.981E-03 1.036E-01 1.175E-02  9.77E-01
3.758E-03 9.203E-02 1.113E-02  9.79E-01
3.548E-03 8.152E-02 1.031E-02  9.81E-01
3.350E-03 7.199E-02 9.468E-03  9.82E-01
3.162E-03 6.340E-02 8.621E-03  9.84E-01
2.985E-03 5.583E-02 7.837E-03  9.86E-01
2.818E-03 4.876E-02 7.079E-03  9.87E-01
2.661E-03 4.244E-02 6.361E-03  9.88E-01
2.512E-03 3.695E-02 5.694E-03  9.89E-01
2.371E-03 3.214E-02 5.088E-03  9.90E-01
2.239E-03 2.791E-02 4.541E-03  9.91E-01
2.113E-03 2.415E-02 4.044E-03  9.92E-01
1.995E-03 2.089E-02 3.600E-03  9.93E-01
1.884E-03 1.805E-02 3.199E-03  9.93E-01
1.778E-03 1.556E-02 2.838E-03  9.94E-01
1.679E-03 1.340E-02 2.515E-03  9.95E-01
1.585E-03 1.154E-02 2.227E-03  9.95E-01
1.496E-03 9.920E-03 1.973E-03  9.96E-01
1.413E-03 8.520E-03 1.746E-03  9.96E-01
1.334E-03 7.313E-03 1.542E-03  9.96E-01
1.259E-03 6.278E-03 1.363E-03  9.97E-01
1.189E-03 5.396E-03 1.206E-03  9.97E-01
1.122E-03 4.608E-03 1.063E-03  9.97E-01
1.059E-03 3.941E-03 9.345E-04  9.98E-01
