w(micron)  Q_abs     Q_sca     g=<cos>
1.000E+03 2.569E-06 1.493E-11  1.44E-06
9.441E+02 2.882E-06 1.880E-11  1.62E-06
8.913E+02 3.234E-06 2.367E-11  1.81E-06
8.414E+02 3.629E-06 2.980E-11  2.04E-06
7.943E+02 4.071E-06 3.751E-11  2.28E-06
7.499E+02 4.568E-06 4.723E-11  2.56E-06
7.079E+02 5.126E-06 5.945E-11  2.88E-06
6.683E+02 5.751E-06 7.485E-11  3.23E-06
6.310E+02 6.453E-06 9.423E-11  3.62E-06
5.957E+02 7.240E-06 1.186E-10  4.06E-06
5.623E+02 8.123E-06 1.493E-10  4.56E-06
5.309E+02 9.114E-06 1.880E-10  5.11E-06
5.012E+02 1.023E-05 2.367E-10  5.74E-06
4.732E+02 1.147E-05 2.980E-10  6.44E-06
4.467E+02 1.287E-05 3.751E-10  7.23E-06
4.217E+02 1.444E-05 4.723E-10  8.11E-06
3.981E+02 1.621E-05 5.945E-10  9.10E-06
3.758E+02 1.818E-05 7.485E-10  1.02E-05
3.548E+02 2.040E-05 9.423E-10  1.15E-05
3.350E+02 2.289E-05 1.186E-09  1.28E-05
3.162E+02 2.568E-05 1.493E-09  1.44E-05
2.985E+02 2.881E-05 1.880E-09  1.62E-05
2.818E+02 3.232E-05 2.367E-09  1.82E-05
2.661E+02 3.626E-05 2.981E-09  2.04E-05
2.512E+02 4.067E-05 3.753E-09  2.29E-05
2.371E+02 4.563E-05 4.725E-09  2.56E-05
2.239E+02 5.118E-05 5.948E-09  2.88E-05
2.113E+02 5.742E-05 7.488E-09  3.23E-05
1.995E+02 6.442E-05 9.427E-09  3.62E-05
1.884E+02 7.227E-05 1.187E-08  4.06E-05
1.778E+02 8.108E-05 1.494E-08  4.56E-05
1.679E+02 9.092E-05 1.881E-08  5.12E-05
1.585E+02 1.019E-04 2.369E-08  5.74E-05
1.496E+02 1.143E-04 2.983E-08  6.45E-05
1.413E+02 1.282E-04 3.756E-08  7.23E-05
1.334E+02 1.438E-04 4.728E-08  8.12E-05
1.259E+02 1.613E-04 5.953E-08  9.11E-05
1.189E+02 1.808E-04 7.495E-08  1.02E-04
1.122E+02 2.027E-04 9.438E-08  1.15E-04
1.059E+02 2.272E-04 1.188E-07  1.29E-04
1.000E+02 2.547E-04 1.497E-07  1.45E-04
9.441E+01 2.854E-04 1.885E-07  1.62E-04
8.913E+01 3.199E-04 2.373E-07  1.82E-04
8.414E+01 3.584E-04 2.989E-07  2.04E-04
7.943E+01 4.015E-04 3.765E-07  2.29E-04
7.499E+01 4.498E-04 4.741E-07  2.58E-04
7.079E+01 5.037E-04 5.972E-07  2.89E-04
6.683E+01 5.640E-04 7.523E-07  3.25E-04
6.310E+01 6.314E-04 9.478E-07  3.65E-04
5.957E+01 7.066E-04 1.194E-06  4.09E-04
5.623E+01 7.906E-04 1.505E-06  4.60E-04
5.309E+01 8.842E-04 1.896E-06  5.17E-04
5.012E+01 9.886E-04 2.390E-06  5.80E-04
4.732E+01 1.105E-03 3.013E-06  6.52E-04
4.467E+01 1.235E-03 3.798E-06  7.33E-04
4.217E+01 1.379E-03 4.790E-06  8.24E-04
3.981E+01 1.540E-03 6.042E-06  9.27E-04
3.758E+01 1.719E-03 7.624E-06  1.04E-03
3.548E+01 1.918E-03 9.623E-06  1.17E-03
3.350E+01 2.140E-03 1.215E-05  1.32E-03
3.162E+01 2.386E-03 1.535E-05  1.49E-03
2.985E+01 2.661E-03 1.941E-05  1.68E-03
2.818E+01 2.969E-03 2.455E-05  1.90E-03
2.661E+01 3.314E-03 3.109E-05  2.15E-03
2.512E+01 3.702E-03 3.940E-05  2.43E-03
2.371E+01 4.142E-03 5.000E-05  2.76E-03
2.239E+01 4.647E-03 6.356E-05  3.14E-03
2.113E+01 5.235E-03 8.097E-05  3.58E-03
1.995E+01 5.934E-03 1.034E-04  4.11E-03
1.884E+01 6.792E-03 1.325E-04  4.74E-03
1.778E+01 7.891E-03 1.706E-04  5.52E-03
1.679E+01 9.356E-03 2.209E-04  6.51E-03
1.585E+01 1.154E-02 2.886E-04  7.83E-03
1.496E+01 1.482E-02 3.813E-04  9.69E-03
1.413E+01 2.082E-02 5.134E-04  1.26E-02
1.334E+01 3.390E-02 7.119E-04  1.62E-02
1.259E+01 6.207E-02 1.037E-03  4.38E-03
1.189E+01 1.134E-01 1.651E-03 -4.15E-03
1.122E+01 3.228E-01 2.971E-03 -7.01E-04
1.059E+01 6.897E-01 3.026E-03  2.32E-03
1.000E+01 3.271E-01 6.778E-04  4.79E-03
9.441E+00 1.547E-01 4.921E-04  6.76E-03
8.913E+00 9.561E-02 7.778E-04  8.64E-03
8.414E+00 7.015E-02 1.198E-03  1.05E-02
7.943E+00 5.696E-02 1.726E-03  1.25E-02
7.499E+00 4.913E-02 2.386E-03  1.46E-02
7.079E+00 4.444E-02 3.212E-03  1.70E-02
6.683E+00 4.141E-02 4.254E-03  1.95E-02
6.310E+00 3.946E-02 5.571E-03  2.23E-02
5.957E+00 3.817E-02 7.239E-03  2.54E-02
5.623E+00 3.726E-02 9.367E-03  2.89E-02
5.309E+00 3.669E-02 1.208E-02  3.27E-02
5.012E+00 3.640E-02 1.554E-02  3.70E-02
4.732E+00 3.629E-02 1.995E-02  4.19E-02
4.467E+00 3.631E-02 2.562E-02  4.73E-02
4.217E+00 3.648E-02 3.285E-02  5.34E-02
3.981E+00 3.678E-02 4.212E-02  6.03E-02
3.758E+00 3.717E-02 5.404E-02  6.81E-02
3.548E+00 3.769E-02 6.939E-02  7.68E-02
3.350E+00 3.834E-02 8.912E-02  8.67E-02
3.162E+00 3.913E-02 1.146E-01  9.80E-02
2.985E+00 4.010E-02 1.476E-01  1.11E-01
2.818E+00 4.125E-02 1.902E-01  1.26E-01
2.661E+00 4.269E-02 2.454E-01  1.43E-01
2.512E+00 4.445E-02 3.169E-01  1.63E-01
2.371E+00 4.679E-02 4.095E-01  1.86E-01
2.239E+00 4.975E-02 5.293E-01  2.14E-01
2.113E+00 5.369E-02 6.848E-01  2.48E-01
1.995E+00 5.941E-02 8.877E-01  2.90E-01
1.884E+00 6.822E-02 1.158E+00  3.43E-01
1.778E+00 8.300E-02 1.537E+00  4.09E-01
1.679E+00 1.094E-01 2.133E+00  4.81E-01
1.585E+00 1.561E-01 3.221E+00  5.29E-01
1.496E+00 2.061E-01 4.978E+00  4.96E-01
1.413E+00 1.735E-01 5.779E+00  3.88E-01
1.334E+00 1.052E-01 5.130E+00  3.01E-01
1.259E+00 6.912E-02 4.501E+00  2.71E-01
1.189E+00 5.769E-02 4.143E+00  2.78E-01
1.122E+00 6.640E-02 4.028E+00  2.98E-01
1.059E+00 1.296E-01 4.793E+00  3.13E-01
1.000E+00 1.490E-01 5.582E+00  3.98E-01
9.441E-01 6.722E-02 3.709E+00  3.22E-01
8.913E-01 5.142E-02 3.560E+00  2.07E-01
8.414E-01 5.195E-02 3.216E+00  1.41E-01
7.943E-01 1.866E-01 4.220E+00  1.08E-01
7.499E-01 4.021E-02 1.212E+00  1.60E-01
7.079E-01 4.624E-02 1.920E+00  6.54E-02
6.683E-01 4.489E-02 2.018E+00  3.22E-02
6.310E-01 2.403E-02 1.341E+00  2.40E-01
5.957E-01 2.995E-02 2.005E+00  5.37E-01
5.623E-01 5.015E-02 3.030E+00  5.12E-01
5.309E-01 1.356E-02 2.695E+00  5.25E-01
5.012E-01 4.676E-02 4.253E+00  6.01E-01
4.732E-01 1.066E-02 2.727E+00  4.63E-01
4.467E-01 2.258E-02 3.341E+00  4.32E-01
4.217E-01 1.044E-02 1.934E+00  2.15E-01
3.981E-01 1.334E-02 1.745E+00  2.42E-01
3.758E-01 5.063E-02 2.729E+00  5.04E-01
3.548E-01 1.179E-01 3.177E+00  5.71E-01
3.350E-01 8.291E-02 2.252E+00  4.46E-01
3.162E-01 1.764E-01 1.734E+00  3.65E-01
2.985E-01 3.165E-01 2.425E+00  5.81E-01
2.818E-01 6.212E-01 2.112E+00  6.85E-01
2.661E-01 8.034E-01 1.470E+00  6.42E-01
2.512E-01 9.582E-01 1.516E+00  7.35E-01
2.371E-01 9.738E-01 1.459E+00  7.47E-01
2.239E-01 9.437E-01 1.452E+00  7.39E-01
2.113E-01 8.910E-01 1.485E+00  7.23E-01
1.995E-01 8.223E-01 1.538E+00  7.00E-01
1.884E-01 7.579E-01 1.608E+00  6.78E-01
1.778E-01 7.090E-01 1.686E+00  6.64E-01
1.679E-01 6.829E-01 1.764E+00  6.59E-01
1.585E-01 6.849E-01 1.831E+00  6.63E-01
1.496E-01 7.300E-01 1.818E+00  6.80E-01
1.413E-01 7.573E-01 1.781E+00  6.93E-01
1.334E-01 7.629E-01 1.764E+00  7.01E-01
1.259E-01 7.542E-01 1.758E+00  7.04E-01
1.189E-01 7.243E-01 1.772E+00  7.01E-01
1.122E-01 6.947E-01 1.766E+00  7.02E-01
1.059E-01 6.912E-01 1.709E+00  7.15E-01
1.000E-01 6.965E-01 1.651E+00  7.30E-01
9.441E-02 6.990E-01 1.612E+00  7.42E-01
8.913E-02 7.072E-01 1.570E+00  7.57E-01
8.414E-02 7.165E-01 1.532E+00  7.71E-01
7.943E-02 7.263E-01 1.497E+00  7.86E-01
7.499E-02 7.367E-01 1.466E+00  8.00E-01
7.079E-02 7.470E-01 1.436E+00  8.14E-01
6.683E-02 7.572E-01 1.409E+00  8.28E-01
6.310E-02 7.674E-01 1.383E+00  8.42E-01
5.957E-02 7.772E-01 1.359E+00  8.55E-01
5.623E-02 7.868E-01 1.337E+00  8.68E-01
5.309E-02 7.959E-01 1.316E+00  8.81E-01
5.012E-02 8.045E-01 1.296E+00  8.92E-01
4.732E-02 8.127E-01 1.278E+00  9.03E-01
4.467E-02 8.203E-01 1.261E+00  9.13E-01
4.217E-02 8.275E-01 1.245E+00  9.22E-01
3.981E-02 8.342E-01 1.230E+00  9.30E-01
3.758E-02 8.406E-01 1.216E+00  9.38E-01
3.548E-02 8.468E-01 1.202E+00  9.45E-01
3.350E-02 8.527E-01 1.189E+00  9.51E-01
3.162E-02 8.584E-01 1.177E+00  9.57E-01
2.985E-02 8.639E-01 1.166E+00  9.62E-01
2.818E-02 8.692E-01 1.155E+00  9.67E-01
2.661E-02 8.744E-01 1.144E+00  9.71E-01
2.512E-02 8.793E-01 1.134E+00  9.75E-01
2.371E-02 8.842E-01 1.124E+00  9.78E-01
2.239E-02 8.887E-01 1.114E+00  9.81E-01
2.113E-02 8.930E-01 1.104E+00  9.84E-01
1.995E-02 8.969E-01 1.094E+00  9.86E-01
1.884E-02 9.003E-01 1.085E+00  9.88E-01
1.778E-02 9.032E-01 1.078E+00  9.90E-01
1.679E-02 9.054E-01 1.072E+00  9.92E-01
1.585E-02 9.067E-01 1.067E+00  9.93E-01
1.496E-02 9.070E-01 1.062E+00  9.95E-01
1.413E-02 9.059E-01 1.060E+00  9.96E-01
1.334E-02 9.032E-01 1.071E+00  9.97E-01
1.259E-02 8.987E-01 1.118E+00  9.98E-01
1.189E-02 8.922E-01 1.209E+00  9.99E-01
1.122E-02 8.868E-01 1.127E+00  9.99E-01
1.059E-02 1.006E+00 9.721E-01  9.99E-01
1.000E-02 9.857E-01 9.775E-01  9.99E-01
9.441E-03 9.791E-01 9.925E-01  9.98E-01
8.913E-03 9.755E-01 1.000E+00  9.99E-01
8.414E-03 9.727E-01 1.006E+00  9.99E-01
7.943E-03 9.705E-01 1.012E+00  9.99E-01
7.499E-03 9.699E-01 1.013E+00  9.99E-01
7.079E-03 9.740E-01 1.007E+00  9.99E-01
6.683E-03 9.702E-01 1.017E+00  9.99E-01
6.310E-03 9.667E-01 1.026E+00  9.99E-01
5.957E-03 9.628E-01 1.036E+00  9.99E-01
5.623E-03 9.581E-01 1.049E+00  9.99E-01
5.309E-03 9.523E-01 1.066E+00  9.99E-01
5.012E-03 9.448E-01 1.090E+00  1.00E+00
4.732E-03 9.354E-01 1.128E+00  1.00E+00
4.467E-03 9.245E-01 1.175E+00  1.00E+00
4.217E-03 9.544E-01 1.080E+00  1.00E+00
3.981E-03 9.449E-01 1.110E+00  1.00E+00
3.758E-03 9.330E-01 1.146E+00  1.00E+00
3.548E-03 9.182E-01 1.192E+00  1.00E+00
3.350E-03 8.997E-01 1.251E+00  1.00E+00
3.162E-03 8.769E-01 1.323E+00  1.00E+00
2.985E-03 8.502E-01 1.406E+00  1.00E+00
2.818E-03 8.174E-01 1.502E+00  1.00E+00
2.661E-03 7.796E-01 1.606E+00  1.00E+00
2.512E-03 7.381E-01 1.706E+00  1.00E+00
2.371E-03 6.935E-01 1.797E+00  1.00E+00
2.239E-03 6.464E-01 1.873E+00  1.00E+00
2.113E-03 5.970E-01 1.931E+00  1.00E+00
1.995E-03 5.477E-01 1.964E+00  1.00E+00
1.884E-03 4.986E-01 1.972E+00  1.00E+00
1.778E-03 4.505E-01 1.955E+00  1.00E+00
1.679E-03 4.046E-01 1.429E+00  1.00E+00
1.585E-03 3.613E-01 1.431E+00  1.00E+00
1.496E-03 3.208E-01 1.423E+00  1.00E+00
1.413E-03 2.834E-01 1.403E+00  1.00E+00
1.334E-03 2.494E-01 1.370E+00  1.00E+00
1.259E-03 2.187E-01 1.325E+00  1.00E+00
1.189E-03 1.914E-01 1.270E+00  1.00E+00
1.122E-03 1.662E-01 1.203E+00  1.00E+00
1.059E-03 1.442E-01 1.127E+00  1.00E+00
