w(micron)  Q_abs     Q_sca     g=<cos>
1.000E+03 2.289E-08 9.423E-20  0.00E+00
9.441E+02 2.569E-08 1.186E-19  0.00E+00
8.913E+02 2.882E-08 1.493E-19  0.00E+00
8.414E+02 3.234E-08 1.880E-19  0.00E+00
7.943E+02 3.629E-08 2.367E-19  0.00E+00
7.499E+02 4.071E-08 2.980E-19  0.00E+00
7.079E+02 4.568E-08 3.751E-19  0.00E+00
6.683E+02 5.125E-08 4.723E-19  0.00E+00
6.310E+02 5.751E-08 5.945E-19  0.00E+00
5.957E+02 6.452E-08 7.485E-19  0.00E+00
5.623E+02 7.240E-08 9.423E-19  0.00E+00
5.309E+02 8.123E-08 1.186E-18  0.00E+00
5.012E+02 9.114E-08 1.493E-18  0.00E+00
4.732E+02 1.023E-07 1.880E-18  0.00E+00
4.467E+02 1.147E-07 2.367E-18  0.00E+00
4.217E+02 1.287E-07 2.980E-18  0.00E+00
3.981E+02 1.444E-07 3.751E-18  0.00E+00
3.758E+02 1.620E-07 4.722E-18  0.00E+00
3.548E+02 1.818E-07 5.945E-18  0.00E+00
3.350E+02 2.040E-07 7.485E-18  0.00E+00
3.162E+02 2.288E-07 9.423E-18  0.00E+00
2.985E+02 2.567E-07 1.186E-17  0.00E+00
2.818E+02 2.880E-07 1.494E-17  0.00E+00
2.661E+02 3.231E-07 1.881E-17  0.00E+00
2.512E+02 3.624E-07 2.368E-17  0.00E+00
2.371E+02 4.066E-07 2.981E-17  0.00E+00
2.239E+02 4.561E-07 3.753E-17  0.00E+00
2.113E+02 5.117E-07 4.724E-17  0.00E+00
1.995E+02 5.740E-07 5.947E-17  0.00E+00
1.884E+02 6.440E-07 7.487E-17  0.00E+00
1.778E+02 7.224E-07 9.426E-17  0.00E+00
1.679E+02 8.101E-07 1.187E-16  0.00E+00
1.585E+02 9.083E-07 1.494E-16  0.00E+00
1.496E+02 1.018E-06 1.882E-16  0.00E+00
1.413E+02 1.142E-06 2.369E-16  0.00E+00
1.334E+02 1.281E-06 2.983E-16  0.00E+00
1.259E+02 1.436E-06 3.755E-16  0.00E+00
1.189E+02 1.610E-06 4.728E-16  0.00E+00
1.122E+02 1.805E-06 5.954E-16  0.00E+00
1.059E+02 2.024E-06 7.497E-16  0.00E+00
1.000E+02 2.268E-06 9.440E-16  0.00E+00
9.441E+01 2.542E-06 1.189E-15  0.00E+00
8.913E+01 2.848E-06 1.497E-15  0.00E+00
8.414E+01 3.190E-06 1.885E-15  0.00E+00
7.943E+01 3.574E-06 2.374E-15  0.00E+00
7.499E+01 4.002E-06 2.990E-15  0.00E+00
7.079E+01 4.482E-06 3.766E-15  0.00E+00
6.683E+01 5.017E-06 4.744E-15  0.00E+00
6.310E+01 5.615E-06 5.976E-15  0.00E+00
5.957E+01 6.282E-06 7.529E-15  0.00E+00
5.623E+01 7.026E-06 9.486E-15  0.00E+00
5.309E+01 7.856E-06 1.195E-14  0.00E+00
5.012E+01 8.781E-06 1.506E-14  0.00E+00
4.732E+01 9.810E-06 1.899E-14  0.00E+00
4.467E+01 1.096E-05 2.394E-14  0.00E+00
4.217E+01 1.223E-05 3.018E-14  0.00E+00
3.981E+01 1.365E-05 3.806E-14  0.00E+00
3.758E+01 1.523E-05 4.802E-14  0.00E+00
3.548E+01 1.698E-05 6.060E-14  0.00E+00
3.350E+01 1.892E-05 7.650E-14  0.00E+00
3.162E+01 2.108E-05 9.663E-14  0.00E+00
2.985E+01 2.348E-05 1.221E-13  0.00E+00
2.818E+01 2.616E-05 1.544E-13  0.00E+00
2.661E+01 2.915E-05 1.954E-13  0.00E+00
2.512E+01 3.251E-05 2.476E-13  0.00E+00
2.371E+01 3.629E-05 3.140E-13  0.00E+00
2.239E+01 4.061E-05 3.989E-13  0.00E+00
2.113E+01 4.561E-05 5.078E-13  0.00E+00
1.995E+01 5.152E-05 6.480E-13  0.00E+00
1.884E+01 5.870E-05 8.296E-13  0.00E+00
1.778E+01 6.780E-05 1.067E-12  0.00E+00
1.679E+01 7.974E-05 1.380E-12  0.00E+00
1.585E+01 9.724E-05 1.800E-12  0.00E+00
1.496E+01 1.225E-04 2.374E-12  7.61E-07
1.413E+01 1.659E-04 3.189E-12  9.82E-07
1.334E+01 2.477E-04 4.407E-12  1.27E-06
1.259E+01 4.284E-04 6.394E-12  4.59E-07
1.189E+01 9.269E-04 1.012E-11 -3.27E-07
1.122E+01 2.735E-03 1.808E-11 -5.95E-08
1.059E+01 6.022E-03 1.889E-11  1.83E-07
1.000E+01 2.892E-03 4.298E-12  3.80E-07
9.441E+00 1.352E-03 3.097E-12  5.39E-07
8.913E+00 8.261E-04 4.864E-12  6.89E-07
8.414E+00 5.997E-04 7.451E-12  8.40E-07
7.943E+00 4.818E-04 1.068E-11  9.98E-07
7.499E+00 4.110E-04 1.470E-11  1.17E-06
7.079E+00 3.674E-04 1.970E-11  1.35E-06
6.683E+00 3.381E-04 2.596E-11  1.56E-06
6.310E+00 3.178E-04 3.382E-11  1.78E-06
5.957E+00 3.029E-04 4.370E-11  2.03E-06
5.623E+00 2.908E-04 5.618E-11  2.30E-06
5.309E+00 2.812E-04 7.195E-11  2.61E-06
5.012E+00 2.733E-04 9.182E-11  2.95E-06
4.732E+00 2.664E-04 1.169E-10  3.34E-06
4.467E+00 2.599E-04 1.487E-10  3.77E-06
4.217E+00 2.540E-04 1.886E-10  4.25E-06
3.981E+00 2.482E-04 2.390E-10  4.79E-06
3.758E+00 2.423E-04 3.028E-10  5.39E-06
3.548E+00 2.362E-04 3.832E-10  6.07E-06
3.350E+00 2.301E-04 4.845E-10  6.83E-06
3.162E+00 2.237E-04 6.125E-10  7.69E-06
2.985E+00 2.171E-04 7.740E-10  8.65E-06
2.818E+00 2.100E-04 9.777E-10  9.72E-06
2.661E+00 2.028E-04 1.235E-09  1.09E-05
2.512E+00 1.951E-04 1.559E-09  1.23E-05
2.371E+00 1.876E-04 1.967E-09  1.38E-05
2.239E+00 1.796E-04 2.482E-09  1.55E-05
2.113E+00 1.710E-04 3.133E-09  1.74E-05
1.995E+00 1.624E-04 3.954E-09  1.96E-05
1.884E+00 1.537E-04 4.990E-09  2.20E-05
1.778E+00 1.451E-04 6.298E-09  2.48E-05
1.679E+00 1.365E-04 7.948E-09  2.78E-05
1.585E+00 1.280E-04 1.003E-08  3.13E-05
1.496E+00 1.196E-04 1.265E-08  3.51E-05
1.413E+00 1.113E-04 1.596E-08  3.95E-05
1.334E+00 1.034E-04 2.014E-08  4.44E-05
1.259E+00 9.557E-05 2.542E-08  4.99E-05
1.189E+00 8.813E-05 3.209E-08  5.61E-05
1.122E+00 8.100E-05 4.051E-08  6.30E-05
1.059E+00 7.418E-05 5.115E-08  7.09E-05
1.000E+00 6.779E-05 6.459E-08  7.97E-05
9.441E-01 6.176E-05 8.158E-08  8.96E-05
8.913E-01 5.609E-05 1.031E-07  1.01E-04
8.414E-01 5.083E-05 1.302E-07  1.13E-04
7.943E-01 4.593E-05 1.646E-07  1.28E-04
7.499E-01 4.138E-05 2.082E-07  1.44E-04
7.079E-01 3.721E-05 2.634E-07  1.62E-04
6.683E-01 3.336E-05 3.334E-07  1.82E-04
6.310E-01 2.985E-05 4.224E-07  2.05E-04
5.957E-01 2.666E-05 5.355E-07  2.31E-04
5.623E-01 2.366E-05 6.793E-07  2.61E-04
5.309E-01 2.098E-05 8.624E-07  2.95E-04
5.012E-01 1.856E-05 1.096E-06  3.33E-04
4.732E-01 1.636E-05 1.395E-06  3.77E-04
4.467E-01 1.435E-05 1.778E-06  4.27E-04
4.217E-01 1.239E-05 2.270E-06  4.84E-04
3.981E-01 1.631E-05 2.906E-06  5.51E-04
3.758E-01 4.197E-05 3.725E-06  6.27E-04
3.548E-01 9.126E-05 4.792E-06  7.17E-04
3.350E-01 1.148E-04 6.174E-06  8.22E-04
3.162E-01 2.320E-04 8.000E-06  9.47E-04
2.985E-01 3.576E-04 1.042E-05  1.10E-03
2.818E-01 7.672E-04 1.363E-05  1.29E-03
2.661E-01 1.649E-03 1.789E-05  1.51E-03
2.512E-01 2.958E-03 2.364E-05  1.80E-03
2.371E-01 4.193E-03 3.147E-05  2.18E-03
2.239E-01 6.206E-03 4.236E-05  2.72E-03
2.113E-01 9.625E-03 5.772E-05  3.50E-03
1.995E-01 1.620E-02 8.000E-05  4.58E-03
1.884E-01 2.813E-02 1.108E-04  4.74E-03
1.778E-01 4.333E-02 1.538E-04  2.70E-03
1.679E-01 6.286E-02 2.162E-04  3.36E-04
1.585E-01 9.507E-02 3.139E-04 -6.12E-04
1.496E-01 1.491E-01 4.422E-04 -2.97E-04
1.413E-01 2.000E-01 5.862E-04  1.79E-05
1.334E-01 2.644E-01 8.053E-04  2.16E-04
1.259E-01 3.353E-01 1.116E-03  3.63E-04
1.189E-01 4.533E-01 1.700E-03  4.89E-04
1.122E-01 6.384E-01 2.603E-03  7.86E-04
1.059E-01 8.280E-01 3.313E-03  1.35E-03
1.000E-01 8.946E-01 3.552E-03  1.95E-03
9.441E-02 8.861E-01 3.681E-03  2.52E-03
8.913E-02 8.196E-01 3.538E-03  3.18E-03
8.414E-02 7.379E-01 3.343E-03  3.89E-03
7.943E-02 6.582E-01 3.156E-03  4.65E-03
7.499E-02 5.862E-01 2.992E-03  5.47E-03
7.079E-02 5.237E-01 2.861E-03  6.37E-03
6.683E-02 4.698E-01 2.761E-03  7.37E-03
6.310E-02 4.233E-01 2.684E-03  8.47E-03
5.957E-02 3.829E-01 2.628E-03  9.70E-03
5.623E-02 3.475E-01 2.588E-03  1.11E-02
5.309E-02 3.163E-01 2.561E-03  1.26E-02
5.012E-02 2.885E-01 2.544E-03  1.44E-02
4.732E-02 2.637E-01 2.532E-03  1.63E-02
4.467E-02 2.414E-01 2.529E-03  1.85E-02
4.217E-02 2.211E-01 2.527E-03  2.10E-02
3.981E-02 2.028E-01 2.529E-03  2.38E-02
3.758E-02 1.859E-01 2.530E-03  2.69E-02
3.548E-02 1.705E-01 2.530E-03  3.04E-02
3.350E-02 1.565E-01 2.529E-03  3.44E-02
3.162E-02 1.435E-01 2.525E-03  3.88E-02
2.985E-02 1.315E-01 2.515E-03  4.39E-02
2.818E-02 1.205E-01 2.502E-03  4.95E-02
2.661E-02 1.103E-01 2.480E-03  5.59E-02
2.512E-02 1.009E-01 2.449E-03  6.31E-02
2.371E-02 9.223E-02 2.409E-03  7.12E-02
2.239E-02 8.421E-02 2.359E-03  8.04E-02
2.113E-02 7.680E-02 2.296E-03  9.06E-02
1.995E-02 7.001E-02 2.223E-03  1.02E-01
1.884E-02 6.365E-02 2.133E-03  1.15E-01
1.778E-02 5.783E-02 2.027E-03  1.30E-01
1.679E-02 5.247E-02 1.907E-03  1.46E-01
1.585E-02 4.757E-02 1.768E-03  1.65E-01
1.496E-02 4.305E-02 1.609E-03  1.86E-01
1.413E-02 3.890E-02 1.428E-03  2.09E-01
1.334E-02 3.509E-02 1.221E-03  2.35E-01
1.259E-02 3.163E-02 9.852E-04  2.64E-01
1.189E-02 2.842E-02 7.168E-04  2.97E-01
1.122E-02 2.550E-02 3.255E-04  3.33E-01
1.059E-02 1.036E-01 2.000E-03  3.79E-01
1.000E-02 9.816E-02 2.026E-03  4.19E-01
9.441E-03 9.190E-02 2.202E-03  4.63E-01
8.913E-03 8.532E-02 2.219E-03  5.09E-01
8.414E-03 7.863E-02 2.149E-03  5.56E-01
7.943E-03 7.199E-02 2.001E-03  6.02E-01
7.499E-03 6.557E-02 1.666E-03  6.47E-01
7.079E-03 7.647E-02 2.231E-03  6.87E-01
6.683E-03 6.941E-02 2.214E-03  7.20E-01
6.310E-03 6.266E-02 2.125E-03  7.47E-01
5.957E-03 5.639E-02 2.007E-03  7.68E-01
5.623E-03 5.043E-02 1.872E-03  7.83E-01
5.309E-03 4.500E-02 1.719E-03  7.96E-01
5.012E-03 4.003E-02 1.546E-03  8.08E-01
4.732E-03 3.554E-02 1.323E-03  8.22E-01
4.467E-03 3.144E-02 8.836E-04  8.38E-01
4.217E-03 4.322E-02 1.393E-03  8.56E-01
3.981E-03 3.838E-02 1.379E-03  8.72E-01
3.758E-03 3.392E-02 1.310E-03  8.85E-01
3.548E-03 2.991E-02 1.220E-03  8.94E-01
3.350E-03 2.630E-02 1.126E-03  9.01E-01
3.162E-03 2.308E-02 1.030E-03  9.08E-01
2.985E-03 2.026E-02 9.397E-04  9.18E-01
2.818E-03 1.764E-02 8.509E-04  9.27E-01
2.661E-03 1.532E-02 7.669E-04  9.34E-01
2.512E-03 1.330E-02 6.890E-04  9.38E-01
2.371E-03 1.155E-02 6.177E-04  9.43E-01
2.239E-03 1.001E-02 5.526E-04  9.49E-01
2.113E-03 8.649E-03 4.932E-04  9.54E-01
1.995E-03 7.474E-03 4.403E-04  9.58E-01
1.884E-03 6.450E-03 3.922E-04  9.62E-01
1.778E-03 5.555E-03 3.486E-04  9.66E-01
1.679E-03 4.780E-03 3.095E-04  9.69E-01
1.585E-03 4.112E-03 2.746E-04  9.71E-01
1.496E-03 3.533E-03 2.437E-04  9.74E-01
1.413E-03 3.033E-03 2.160E-04  9.76E-01
1.334E-03 2.602E-03 1.911E-04  9.79E-01
1.259E-03 2.233E-03 1.691E-04  9.81E-01
1.189E-03 1.918E-03 1.498E-04  9.82E-01
1.122E-03 1.638E-03 1.321E-04  9.84E-01
1.059E-03 1.400E-03 1.163E-04  9.86E-01
