w(micron)  Q_abs     Q_sca     g=<cos>
1.000E+03 1.147E-07 5.945E-17  0.00E+00
9.441E+02 1.287E-07 7.485E-17  0.00E+00
8.913E+02 1.445E-07 9.423E-17  0.00E+00
8.414E+02 1.621E-07 1.186E-16  0.00E+00
7.943E+02 1.819E-07 1.493E-16  0.00E+00
7.499E+02 2.040E-07 1.880E-16  0.00E+00
7.079E+02 2.289E-07 2.367E-16  0.00E+00
6.683E+02 2.569E-07 2.980E-16  0.00E+00
6.310E+02 2.882E-07 3.751E-16  0.00E+00
5.957E+02 3.234E-07 4.723E-16  0.00E+00
5.623E+02 3.628E-07 5.945E-16  0.00E+00
5.309E+02 4.071E-07 7.485E-16  0.00E+00
5.012E+02 4.568E-07 9.423E-16  0.00E+00
4.732E+02 5.125E-07 1.186E-15  0.00E+00
4.467E+02 5.750E-07 1.493E-15  0.00E+00
4.217E+02 6.452E-07 1.880E-15  0.00E+00
3.981E+02 7.239E-07 2.367E-15  0.00E+00
3.758E+02 8.121E-07 2.980E-15  0.00E+00
3.548E+02 9.112E-07 3.751E-15  0.00E+00
3.350E+02 1.022E-06 4.722E-15  0.00E+00
3.162E+02 1.147E-06 5.945E-15  0.00E+00
2.985E+02 1.287E-06 7.485E-15  0.00E+00
2.818E+02 1.444E-06 9.424E-15  0.00E+00
2.661E+02 1.619E-06 1.187E-14  0.00E+00
2.512E+02 1.816E-06 1.494E-14  0.00E+00
2.371E+02 2.038E-06 1.881E-14  0.00E+00
2.239E+02 2.286E-06 2.368E-14  0.00E+00
2.113E+02 2.564E-06 2.981E-14  0.00E+00
1.995E+02 2.877E-06 3.753E-14  0.00E+00
1.884E+02 3.228E-06 4.724E-14  0.00E+00
1.778E+02 3.621E-06 5.948E-14  0.00E+00
1.679E+02 4.060E-06 7.488E-14  0.00E+00
1.585E+02 4.552E-06 9.429E-14  0.00E+00
1.496E+02 5.104E-06 1.187E-13  0.00E+00
1.413E+02 5.722E-06 1.495E-13  0.00E+00
1.334E+02 6.418E-06 1.882E-13  0.00E+00
1.259E+02 7.199E-06 2.369E-13  0.00E+00
1.189E+02 8.072E-06 2.983E-13  0.00E+00
1.122E+02 9.048E-06 3.757E-13  0.00E+00
1.059E+02 1.014E-05 4.730E-13  0.00E+00
1.000E+02 1.137E-05 5.956E-13  0.00E+00
9.441E+01 1.274E-05 7.501E-13  0.00E+00
8.913E+01 1.427E-05 9.446E-13  0.00E+00
8.414E+01 1.599E-05 1.190E-12  0.00E+00
7.943E+01 1.791E-05 1.498E-12  0.00E+00
7.499E+01 2.006E-05 1.887E-12  5.14E-07
7.079E+01 2.246E-05 2.376E-12  5.77E-07
6.683E+01 2.515E-05 2.993E-12  6.48E-07
6.310E+01 2.814E-05 3.771E-12  7.27E-07
5.957E+01 3.149E-05 4.750E-12  8.17E-07
5.623E+01 3.522E-05 5.985E-12  9.17E-07
5.309E+01 3.937E-05 7.542E-12  1.03E-06
5.012E+01 4.401E-05 9.505E-12  1.16E-06
4.732E+01 4.917E-05 1.198E-11  1.30E-06
4.467E+01 5.491E-05 1.510E-11  1.46E-06
4.217E+01 6.131E-05 1.904E-11  1.64E-06
3.981E+01 6.841E-05 2.402E-11  1.85E-06
3.758E+01 7.631E-05 3.030E-11  2.08E-06
3.548E+01 8.509E-05 3.823E-11  2.34E-06
3.350E+01 9.481E-05 4.827E-11  2.64E-06
3.162E+01 1.056E-04 6.097E-11  2.97E-06
2.985E+01 1.177E-04 7.705E-11  3.35E-06
2.818E+01 1.311E-04 9.744E-11  3.79E-06
2.661E+01 1.461E-04 1.233E-10  4.28E-06
2.512E+01 1.629E-04 1.562E-10  4.84E-06
2.371E+01 1.819E-04 1.981E-10  5.50E-06
2.239E+01 2.035E-04 2.517E-10  6.25E-06
2.113E+01 2.286E-04 3.204E-10  7.13E-06
1.995E+01 2.582E-04 4.089E-10  8.17E-06
1.884E+01 2.942E-04 5.235E-10  9.42E-06
1.778E+01 3.398E-04 6.731E-10  1.10E-05
1.679E+01 3.997E-04 8.707E-10  1.29E-05
1.585E+01 4.874E-04 1.136E-09  1.55E-05
1.496E+01 6.143E-04 1.498E-09  1.91E-05
1.413E+01 8.315E-04 2.012E-09  2.47E-05
1.334E+01 1.242E-03 2.781E-09  3.20E-05
1.259E+01 2.148E-03 4.035E-09  1.15E-05
1.189E+01 4.647E-03 6.386E-09 -8.22E-06
1.122E+01 1.371E-02 1.141E-08 -1.49E-06
1.059E+01 3.018E-02 1.192E-08  4.60E-06
1.000E+01 1.449E-02 2.712E-09  9.54E-06
9.441E+00 6.778E-03 1.954E-09  1.35E-05
8.913E+00 4.140E-03 3.069E-09  1.73E-05
8.414E+00 3.006E-03 4.701E-09  2.11E-05
7.943E+00 2.415E-03 6.741E-09  2.51E-05
7.499E+00 2.060E-03 9.278E-09  2.94E-05
7.079E+00 1.842E-03 1.243E-08  3.40E-05
6.683E+00 1.695E-03 1.638E-08  3.91E-05
6.310E+00 1.593E-03 2.134E-08  4.47E-05
5.957E+00 1.518E-03 2.757E-08  5.09E-05
5.623E+00 1.458E-03 3.545E-08  5.78E-05
5.309E+00 1.410E-03 4.540E-08  6.55E-05
5.012E+00 1.370E-03 5.794E-08  7.41E-05
4.732E+00 1.336E-03 7.377E-08  8.38E-05
4.467E+00 1.303E-03 9.382E-08  9.46E-05
4.217E+00 1.273E-03 1.190E-07  1.07E-04
3.981E+00 1.245E-03 1.508E-07  1.20E-04
3.758E+00 1.215E-03 1.911E-07  1.35E-04
3.548E+00 1.185E-03 2.418E-07  1.52E-04
3.350E+00 1.154E-03 3.058E-07  1.72E-04
3.162E+00 1.122E-03 3.866E-07  1.93E-04
2.985E+00 1.089E-03 4.886E-07  2.17E-04
2.818E+00 1.054E-03 6.171E-07  2.44E-04
2.661E+00 1.018E-03 7.793E-07  2.75E-04
2.512E+00 9.792E-04 9.840E-07  3.09E-04
2.371E+00 9.418E-04 1.242E-06  3.47E-04
2.239E+00 9.016E-04 1.567E-06  3.90E-04
2.113E+00 8.588E-04 1.978E-06  4.38E-04
1.995E+00 8.158E-04 2.497E-06  4.92E-04
1.884E+00 7.723E-04 3.152E-06  5.54E-04
1.778E+00 7.296E-04 3.978E-06  6.22E-04
1.679E+00 6.866E-04 5.021E-06  6.99E-04
1.585E+00 6.438E-04 6.336E-06  7.86E-04
1.496E+00 6.021E-04 7.996E-06  8.83E-04
1.413E+00 5.606E-04 1.009E-05  9.92E-04
1.334E+00 5.208E-04 1.274E-05  1.11E-03
1.259E+00 4.819E-04 1.608E-05  1.25E-03
1.189E+00 4.446E-04 2.030E-05  1.41E-03
1.122E+00 4.090E-04 2.563E-05  1.58E-03
1.059E+00 3.750E-04 3.238E-05  1.78E-03
1.000E+00 3.430E-04 4.090E-05  2.00E-03
9.441E-01 3.129E-04 5.168E-05  2.25E-03
8.913E-01 2.845E-04 6.532E-05  2.53E-03
8.414E-01 2.582E-04 8.257E-05  2.85E-03
7.943E-01 2.337E-04 1.045E-04  3.20E-03
7.499E-01 2.110E-04 1.322E-04  3.61E-03
7.079E-01 1.901E-04 1.674E-04  4.06E-03
6.683E-01 1.709E-04 2.121E-04  4.57E-03
6.310E-01 1.534E-04 2.690E-04  5.15E-03
5.957E-01 1.374E-04 3.414E-04  5.81E-03
5.623E-01 1.224E-04 4.338E-04  6.56E-03
5.309E-01 1.090E-04 5.515E-04  7.40E-03
5.012E-01 9.691E-05 7.020E-04  8.37E-03
4.732E-01 8.588E-05 8.953E-04  9.47E-03
4.467E-01 7.583E-05 1.144E-03  1.07E-02
4.217E-01 6.591E-05 1.464E-03  1.22E-02
3.981E-01 8.758E-05 1.880E-03  1.39E-02
3.758E-01 2.276E-04 2.418E-03  1.58E-02
3.548E-01 5.009E-04 3.124E-03  1.81E-02
3.350E-01 6.392E-04 4.044E-03  2.07E-02
3.162E-01 1.315E-03 5.268E-03  2.39E-02
2.985E-01 2.071E-03 6.905E-03  2.79E-02
2.818E-01 4.571E-03 9.106E-03  3.27E-02
2.661E-01 1.019E-02 1.207E-02  3.87E-02
2.512E-01 1.918E-02 1.612E-02  4.66E-02
2.371E-01 2.917E-02 2.176E-02  5.73E-02
2.239E-01 4.826E-02 2.981E-02  7.30E-02
2.113E-01 9.077E-02 4.159E-02  9.75E-02
1.995E-01 2.153E-01 5.972E-02  1.28E-01
1.884E-01 4.413E-01 8.531E-02  8.66E-02
1.778E-01 5.376E-01 1.193E-01  9.98E-03
1.679E-01 6.054E-01 1.695E-01 -1.63E-02
1.585E-01 7.792E-01 2.504E-01 -1.50E-02
1.496E-01 1.124E+00 3.510E-01 -2.31E-03
1.413E-01 1.443E+00 4.528E-01  6.76E-03
1.334E-01 1.799E+00 5.914E-01  1.40E-02
1.259E-01 2.117E+00 7.587E-01  2.03E-02
1.189E-01 2.485E+00 9.988E-01  2.69E-02
1.122E-01 2.702E+00 1.160E+00  3.77E-02
1.059E-01 2.561E+00 1.038E+00  5.68E-02
1.000E-01 2.280E+00 8.709E-01  7.98E-02
9.441E-02 2.041E+00 7.732E-01  1.03E-01
8.913E-02 1.811E+00 6.766E-01  1.27E-01
8.414E-02 1.614E+00 6.020E-01  1.52E-01
7.943E-02 1.448E+00 5.441E-01  1.76E-01
7.499E-02 1.308E+00 4.977E-01  2.02E-01
7.079E-02 1.190E+00 4.602E-01  2.28E-01
6.683E-02 1.090E+00 4.293E-01  2.57E-01
6.310E-02 1.004E+00 4.030E-01  2.87E-01
5.957E-02 9.304E-01 3.803E-01  3.19E-01
5.623E-02 8.656E-01 3.602E-01  3.52E-01
5.309E-02 8.084E-01 3.422E-01  3.87E-01
5.012E-02 7.573E-01 3.258E-01  4.24E-01
4.732E-02 7.114E-01 3.103E-01  4.62E-01
4.467E-02 6.697E-01 2.959E-01  5.01E-01
4.217E-02 6.314E-01 2.821E-01  5.40E-01
3.981E-02 5.959E-01 2.689E-01  5.79E-01
3.758E-02 5.625E-01 2.559E-01  6.18E-01
3.548E-02 5.313E-01 2.433E-01  6.55E-01
3.350E-02 5.016E-01 2.309E-01  6.91E-01
3.162E-02 4.730E-01 2.187E-01  7.24E-01
2.985E-02 4.453E-01 2.067E-01  7.54E-01
2.818E-02 4.183E-01 1.952E-01  7.79E-01
2.661E-02 3.923E-01 1.837E-01  7.99E-01
2.512E-02 3.671E-01 1.726E-01  8.14E-01
2.371E-02 3.432E-01 1.616E-01  8.27E-01
2.239E-02 3.203E-01 1.507E-01  8.40E-01
2.113E-02 2.987E-01 1.397E-01  8.53E-01
1.995E-02 2.783E-01 1.286E-01  8.68E-01
1.884E-02 2.583E-01 1.174E-01  8.83E-01
1.778E-02 2.393E-01 1.062E-01  8.95E-01
1.679E-02 2.211E-01 9.532E-02  9.03E-01
1.585E-02 2.038E-01 8.451E-02  9.10E-01
1.496E-02 1.875E-01 7.366E-02  9.17E-01
1.413E-02 1.721E-01 6.268E-02  9.26E-01
1.334E-02 1.575E-01 5.152E-02  9.34E-01
1.259E-02 1.438E-01 4.013E-02  9.39E-01
1.189E-02 1.309E-01 2.830E-02  9.44E-01
1.122E-02 1.193E-01 1.251E-02  9.50E-01
1.059E-02 4.149E-01 6.143E-02  9.55E-01
1.000E-02 3.905E-01 6.052E-02  9.59E-01
9.441E-03 3.691E-01 6.494E-02  9.62E-01
8.913E-03 3.473E-01 6.500E-02  9.66E-01
8.414E-03 3.248E-01 6.278E-02  9.69E-01
7.943E-03 3.020E-01 5.849E-02  9.72E-01
7.499E-03 2.797E-01 4.881E-02  9.74E-01
7.079E-03 3.182E-01 6.247E-02  9.77E-01
6.683E-03 2.935E-01 6.198E-02  9.79E-01
6.310E-03 2.693E-01 5.936E-02  9.81E-01
5.957E-03 2.461E-01 5.583E-02  9.82E-01
5.623E-03 2.234E-01 5.174E-02  9.84E-01
5.309E-03 2.021E-01 4.716E-02  9.86E-01
5.012E-03 1.820E-01 4.213E-02  9.87E-01
4.732E-03 1.634E-01 3.585E-02  9.88E-01
4.467E-03 1.461E-01 2.388E-02  9.89E-01
4.217E-03 1.955E-01 3.612E-02  9.90E-01
3.981E-03 1.756E-01 3.580E-02  9.91E-01
3.758E-03 1.568E-01 3.405E-02  9.92E-01
3.548E-03 1.396E-01 3.170E-02  9.93E-01
3.350E-03 1.239E-01 2.920E-02  9.93E-01
3.162E-03 1.095E-01 2.668E-02  9.94E-01
2.985E-03 9.680E-02 2.432E-02  9.95E-01
2.818E-03 8.482E-02 2.203E-02  9.95E-01
2.661E-03 7.404E-02 1.984E-02  9.96E-01
2.512E-03 6.462E-02 1.780E-02  9.96E-01
2.371E-03 5.633E-02 1.593E-02  9.96E-01
2.239E-03 4.902E-02 1.424E-02  9.97E-01
2.113E-03 4.248E-02 1.270E-02  9.97E-01
1.995E-03 3.681E-02 1.132E-02  9.97E-01
1.884E-03 3.184E-02 1.007E-02  9.98E-01
1.778E-03 2.748E-02 8.941E-03  9.98E-01
1.679E-03 2.369E-02 7.928E-03  9.98E-01
1.585E-03 2.041E-02 7.025E-03  9.98E-01
1.496E-03 1.756E-02 6.227E-03  9.98E-01
1.413E-03 1.509E-02 5.513E-03  9.99E-01
1.334E-03 1.296E-02 4.871E-03  9.99E-01
1.259E-03 1.113E-02 4.307E-03  9.99E-01
1.189E-03 9.572E-03 3.812E-03  9.99E-01
1.122E-03 8.178E-03 3.358E-03  9.99E-01
1.059E-03 6.995E-03 2.954E-03  9.99E-01
