w(micron)  Q_abs     Q_sca     g=<cos>
1.000E+03 2.885E-05 2.368E-07  1.82E-04
9.441E+02 3.238E-05 2.981E-07  2.04E-04
8.913E+02 3.634E-05 3.753E-07  2.29E-04
8.414E+02 4.078E-05 4.725E-07  2.56E-04
7.943E+02 4.576E-05 5.948E-07  2.88E-04
7.499E+02 5.135E-05 7.489E-07  3.23E-04
7.079E+02 5.763E-05 9.429E-07  3.62E-04
6.683E+02 6.468E-05 1.187E-06  4.06E-04
6.310E+02 7.260E-05 1.495E-06  4.56E-04
5.957E+02 8.148E-05 1.882E-06  5.12E-04
5.623E+02 9.145E-05 2.369E-06  5.74E-04
5.309E+02 1.027E-04 2.983E-06  6.44E-04
5.012E+02 1.152E-04 3.756E-06  7.23E-04
4.732E+02 1.294E-04 4.729E-06  8.11E-04
4.467E+02 1.452E-04 5.955E-06  9.10E-04
4.217E+02 1.630E-04 7.498E-06  1.02E-03
3.981E+02 1.831E-04 9.442E-06  1.15E-03
3.758E+02 2.056E-04 1.189E-05  1.29E-03
3.548E+02 2.309E-04 1.497E-05  1.44E-03
3.350E+02 2.593E-04 1.885E-05  1.62E-03
3.162E+02 2.912E-04 2.374E-05  1.82E-03
2.985E+02 3.272E-04 2.991E-05  2.04E-03
2.818E+02 3.676E-04 3.767E-05  2.29E-03
2.661E+02 4.130E-04 4.745E-05  2.57E-03
2.512E+02 4.642E-04 5.977E-05  2.88E-03
2.371E+02 5.218E-04 7.530E-05  3.23E-03
2.239E+02 5.867E-04 9.487E-05  3.63E-03
2.113E+02 6.600E-04 1.195E-04  4.07E-03
1.995E+02 7.426E-04 1.506E-04  4.57E-03
1.884E+02 8.359E-04 1.898E-04  5.13E-03
1.778E+02 9.411E-04 2.392E-04  5.76E-03
1.679E+02 1.060E-03 3.015E-04  6.47E-03
1.585E+02 1.194E-03 3.802E-04  7.26E-03
1.496E+02 1.346E-03 4.795E-04  8.15E-03
1.413E+02 1.518E-03 6.048E-04  9.15E-03
1.334E+02 1.713E-03 7.629E-04  1.03E-02
1.259E+02 1.936E-03 9.626E-04  1.15E-02
1.189E+02 2.189E-03 1.215E-03  1.30E-02
1.122E+02 2.477E-03 1.534E-03  1.46E-02
1.059E+02 2.806E-03 1.938E-03  1.64E-02
1.000E+02 3.182E-03 2.449E-03  1.84E-02
9.441E+01 3.614E-03 3.096E-03  2.07E-02
8.913E+01 4.110E-03 3.916E-03  2.32E-02
8.414E+01 4.682E-03 4.956E-03  2.61E-02
7.943E+01 5.345E-03 6.277E-03  2.94E-02
7.499E+01 6.114E-03 7.956E-03  3.31E-02
7.079E+01 7.012E-03 1.009E-02  3.73E-02
6.683E+01 8.064E-03 1.281E-02  4.20E-02
6.310E+01 9.303E-03 1.629E-02  4.73E-02
5.957E+01 1.077E-02 2.073E-02  5.34E-02
5.623E+01 1.252E-02 2.642E-02  6.03E-02
5.309E+01 1.463E-02 3.373E-02  6.82E-02
5.012E+01 1.719E-02 4.313E-02  7.73E-02
4.732E+01 2.033E-02 5.528E-02  8.77E-02
4.467E+01 2.424E-02 7.101E-02  9.97E-02
4.217E+01 2.918E-02 9.147E-02  1.14E-01
3.981E+01 3.553E-02 1.182E-01  1.30E-01
3.758E+01 4.390E-02 1.534E-01  1.49E-01
3.548E+01 5.525E-02 1.999E-01  1.73E-01
3.350E+01 7.122E-02 2.622E-01  2.01E-01
3.162E+01 9.484E-02 3.468E-01  2.36E-01
2.985E+01 1.321E-01 4.643E-01  2.81E-01
2.818E+01 1.967E-01 6.350E-01  3.37E-01
2.661E+01 3.229E-01 9.043E-01  4.08E-01
2.512E+01 6.137E-01 1.406E+00  4.78E-01
2.371E+01 1.347E+00 2.558E+00  4.71E-01
2.239E+01 2.040E+00 4.099E+00  2.59E-01
2.113E+01 1.311E+00 3.839E+00  3.77E-02
1.995E+01 9.203E-01 3.685E+00 -5.99E-03
1.884E+01 1.015E+00 3.721E+00  4.75E-02
1.778E+01 1.556E+00 2.914E+00  1.50E-01
1.679E+01 1.992E+00 1.257E+00  3.11E-01
1.585E+01 1.275E+00 8.812E-01  1.91E-01
1.496E+01 1.382E+00 1.249E+00  2.36E-01
1.413E+01 1.276E+00 1.693E+00  2.80E-01
1.334E+01 1.140E+00 1.657E+00  2.92E-01
1.259E+01 9.148E-01 1.876E+00  3.05E-01
1.189E+01 9.371E-01 2.208E+00  3.76E-01
1.122E+01 1.317E+00 2.310E+00  4.65E-01
1.059E+01 1.599E+00 1.560E+00  5.48E-01
1.000E+01 1.469E+00 8.016E-01  6.43E-01
9.441E+00 1.394E+00 9.970E-01  6.97E-01
8.913E+00 1.420E+00 1.715E+00  7.13E-01
8.414E+00 1.392E+00 2.199E+00  6.93E-01
7.943E+00 1.355E+00 2.134E+00  6.29E-01
7.499E+00 1.465E+00 1.894E+00  6.20E-01
7.079E+00 1.374E+00 1.561E+00  5.78E-01
6.683E+00 1.337E+00 1.214E+00  4.78E-01
6.310E+00 1.225E+00 1.009E+00  5.15E-01
5.957E+00 1.320E+00 1.179E+00  6.38E-01
5.623E+00 1.152E+00 1.425E+00  6.75E-01
5.309E+00 1.092E+00 1.670E+00  7.34E-01
5.012E+00 1.099E+00 1.999E+00  7.80E-01
4.732E+00 9.712E-01 1.981E+00  7.23E-01
4.467E+00 1.016E+00 1.952E+00  7.34E-01
4.217E+00 9.552E-01 1.571E+00  6.33E-01
3.981E+00 9.488E-01 1.443E+00  6.06E-01
3.758E+00 9.745E-01 1.320E+00  5.93E-01
3.548E+00 9.317E-01 1.505E+00  6.46E-01
3.350E+00 8.997E-01 1.763E+00  7.42E-01
3.162E+00 9.188E-01 1.934E+00  7.61E-01
2.985E+00 8.883E-01 1.717E+00  7.15E-01
2.818E+00 7.877E-01 1.421E+00  6.91E-01
2.661E+00 7.530E-01 1.458E+00  6.45E-01
2.512E+00 7.580E-01 1.739E+00  6.94E-01
2.371E+00 7.613E-01 1.907E+00  7.50E-01
2.239E+00 7.208E-01 1.741E+00  7.33E-01
2.113E+00 6.656E-01 1.499E+00  6.76E-01
1.995E+00 6.265E-01 1.602E+00  6.77E-01
1.884E+00 6.215E-01 1.817E+00  6.96E-01
1.778E+00 6.500E-01 1.742E+00  6.74E-01
1.679E+00 5.671E-01 1.613E+00  6.62E-01
1.585E+00 6.099E-01 1.872E+00  6.81E-01
1.496E+00 5.171E-01 1.814E+00  6.96E-01
1.413E+00 5.467E-01 1.710E+00  6.76E-01
1.334E+00 4.947E-01 1.872E+00  6.67E-01
1.259E+00 4.270E-01 1.611E+00  6.42E-01
1.189E+00 4.079E-01 1.940E+00  6.89E-01
1.122E+00 3.919E-01 1.708E+00  6.35E-01
1.059E+00 3.697E-01 1.840E+00  6.42E-01
1.000E+00 3.799E-01 1.883E+00  6.58E-01
9.441E-01 3.126E-01 1.914E+00  6.76E-01
8.913E-01 3.041E-01 1.975E+00  6.74E-01
8.414E-01 2.777E-01 1.996E+00  6.57E-01
7.943E-01 2.795E-01 2.093E+00  6.54E-01
7.499E-01 2.453E-01 2.067E+00  6.81E-01
7.079E-01 2.008E-01 1.814E+00  5.90E-01
6.683E-01 1.943E-01 2.090E+00  6.55E-01
6.310E-01 1.762E-01 2.131E+00  6.62E-01
5.957E-01 1.515E-01 2.109E+00  6.52E-01
5.623E-01 1.384E-01 1.855E+00  6.01E-01
5.309E-01 1.193E-01 1.846E+00  5.84E-01
5.012E-01 1.099E-01 1.901E+00  5.90E-01
4.732E-01 9.949E-02 2.094E+00  6.36E-01
4.467E-01 8.713E-02 1.911E+00  5.92E-01
4.217E-01 8.266E-02 2.228E+00  6.35E-01
3.981E-01 1.022E-01 1.991E+00  6.24E-01
3.758E-01 2.387E-01 1.846E+00  6.49E-01
3.548E-01 4.238E-01 1.668E+00  6.88E-01
3.350E-01 4.977E-01 1.702E+00  7.31E-01
3.162E-01 6.818E-01 1.421E+00  7.74E-01
2.985E-01 7.554E-01 1.356E+00  7.98E-01
2.818E-01 7.871E-01 1.323E+00  8.07E-01
2.661E-01 7.754E-01 1.329E+00  8.00E-01
2.512E-01 7.600E-01 1.341E+00  7.91E-01
2.371E-01 7.410E-01 1.356E+00  7.79E-01
2.239E-01 7.165E-01 1.377E+00  7.64E-01
2.113E-01 6.838E-01 1.406E+00  7.44E-01
1.995E-01 6.378E-01 1.452E+00  7.17E-01
1.884E-01 5.892E-01 1.505E+00  6.91E-01
1.778E-01 5.461E-01 1.558E+00  6.70E-01
1.679E-01 5.127E-01 1.603E+00  6.58E-01
1.585E-01 4.907E-01 1.629E+00  6.55E-01
1.496E-01 5.061E-01 1.605E+00  6.68E-01
1.413E-01 5.248E-01 1.577E+00  6.81E-01
1.334E-01 5.291E-01 1.565E+00  6.88E-01
1.259E-01 5.259E-01 1.562E+00  6.90E-01
1.189E-01 5.064E-01 1.576E+00  6.86E-01
1.122E-01 4.973E-01 1.578E+00  6.86E-01
1.059E-01 5.215E-01 1.547E+00  7.03E-01
1.000E-01 5.504E-01 1.513E+00  7.21E-01
9.441E-02 5.706E-01 1.488E+00  7.35E-01
8.913E-02 5.940E-01 1.461E+00  7.51E-01
8.414E-02 6.161E-01 1.435E+00  7.67E-01
7.943E-02 6.370E-01 1.411E+00  7.82E-01
7.499E-02 6.571E-01 1.388E+00  7.98E-01
7.079E-02 6.762E-01 1.367E+00  8.12E-01
6.683E-02 6.943E-01 1.346E+00  8.27E-01
6.310E-02 7.117E-01 1.326E+00  8.41E-01
5.957E-02 7.282E-01 1.308E+00  8.55E-01
5.623E-02 7.439E-01 1.290E+00  8.69E-01
5.309E-02 7.588E-01 1.273E+00  8.81E-01
5.012E-02 7.727E-01 1.257E+00  8.93E-01
4.732E-02 7.859E-01 1.242E+00  9.04E-01
4.467E-02 7.982E-01 1.228E+00  9.14E-01
4.217E-02 8.098E-01 1.215E+00  9.24E-01
3.981E-02 8.207E-01 1.203E+00  9.32E-01
3.758E-02 8.310E-01 1.191E+00  9.40E-01
3.548E-02 8.408E-01 1.180E+00  9.47E-01
3.350E-02 8.502E-01 1.170E+00  9.53E-01
3.162E-02 8.592E-01 1.159E+00  9.59E-01
2.985E-02 8.678E-01 1.150E+00  9.64E-01
2.818E-02 8.760E-01 1.140E+00  9.68E-01
2.661E-02 8.841E-01 1.131E+00  9.72E-01
2.512E-02 8.919E-01 1.122E+00  9.76E-01
2.371E-02 8.994E-01 1.114E+00  9.80E-01
2.239E-02 9.067E-01 1.106E+00  9.82E-01
2.113E-02 9.137E-01 1.098E+00  9.85E-01
1.995E-02 9.205E-01 1.090E+00  9.87E-01
1.884E-02 9.286E-01 1.071E+00  9.89E-01
1.778E-02 9.352E-01 1.065E+00  9.91E-01
1.679E-02 9.415E-01 1.058E+00  9.93E-01
1.585E-02 9.476E-01 1.052E+00  9.94E-01
1.496E-02 9.535E-01 1.046E+00  9.95E-01
1.413E-02 9.596E-01 1.040E+00  9.96E-01
1.334E-02 9.657E-01 1.034E+00  9.97E-01
1.259E-02 9.716E-01 1.028E+00  9.98E-01
1.189E-02 9.781E-01 1.022E+00  9.99E-01
1.122E-02 9.888E-01 1.011E+00  1.00E+00
1.059E-02 9.897E-01 1.010E+00  9.99E-01
1.000E-02 9.860E-01 1.014E+00  9.99E-01
9.441E-03 9.845E-01 1.016E+00  9.99E-01
8.913E-03 9.843E-01 1.016E+00  9.99E-01
8.414E-03 9.847E-01 1.015E+00  9.99E-01
7.943E-03 9.856E-01 1.014E+00  9.99E-01
7.499E-03 9.878E-01 1.012E+00  9.99E-01
7.079E-03 9.870E-01 1.013E+00  9.99E-01
6.683E-03 9.869E-01 1.013E+00  9.99E-01
6.310E-03 9.873E-01 1.013E+00  9.99E-01
5.957E-03 9.879E-01 1.012E+00  9.99E-01
5.623E-03 9.886E-01 1.011E+00  1.00E+00
5.309E-03 9.894E-01 1.011E+00  1.00E+00
5.012E-03 9.901E-01 1.010E+00  1.00E+00
4.732E-03 9.910E-01 1.009E+00  1.00E+00
4.467E-03 9.929E-01 1.007E+00  1.00E+00
4.217E-03 9.928E-01 1.007E+00  1.00E+00
3.981E-03 9.925E-01 1.007E+00  1.00E+00
3.758E-03 9.924E-01 1.008E+00  1.00E+00
3.548E-03 9.922E-01 1.008E+00  1.00E+00
3.350E-03 9.920E-01 1.008E+00  1.00E+00
3.162E-03 9.917E-01 1.008E+00  1.00E+00
2.985E-03 9.914E-01 1.009E+00  1.00E+00
2.818E-03 9.910E-01 1.009E+00  1.00E+00
2.661E-03 9.907E-01 1.009E+00  1.00E+00
2.512E-03 9.903E-01 1.010E+00  1.00E+00
2.371E-03 9.899E-01 1.010E+00  1.00E+00
2.239E-03 9.894E-01 1.011E+00  1.00E+00
2.113E-03 9.884E-01 1.012E+00  1.00E+00
1.995E-03 9.866E-01 1.013E+00  1.00E+00
1.884E-03 9.837E-01 1.016E+00  1.00E+00
1.778E-03 9.795E-01 1.021E+00  1.00E+00
1.679E-03 9.735E-01 1.026E+00  1.00E+00
1.585E-03 9.653E-01 1.035E+00  1.00E+00
1.496E-03 9.541E-01 1.046E+00  1.00E+00
1.413E-03 9.392E-01 1.061E+00  1.00E+00
1.334E-03 9.199E-01 1.080E+00  1.00E+00
1.259E-03 8.955E-01 1.104E+00  1.00E+00
1.189E-03 8.659E-01 1.134E+00  1.00E+00
1.122E-03 8.294E-01 1.170E+00  1.00E+00
1.059E-03 7.878E-01 1.212E+00  1.00E+00
