w(micron)  Q_abs     Q_sca     g=<cos>
1.000E+03 3.629E-08 5.945E-19  0.00E+00
9.441E+02 4.071E-08 7.485E-19  0.00E+00
8.913E+02 4.568E-08 9.423E-19  0.00E+00
8.414E+02 5.125E-08 1.186E-18  0.00E+00
7.943E+02 5.751E-08 1.493E-18  0.00E+00
7.499E+02 6.453E-08 1.880E-18  0.00E+00
7.079E+02 7.240E-08 2.367E-18  0.00E+00
6.683E+02 8.123E-08 2.980E-18  0.00E+00
6.310E+02 9.114E-08 3.751E-18  0.00E+00
5.957E+02 1.023E-07 4.723E-18  0.00E+00
5.623E+02 1.147E-07 5.945E-18  0.00E+00
5.309E+02 1.287E-07 7.485E-18  0.00E+00
5.012E+02 1.444E-07 9.423E-18  0.00E+00
4.732E+02 1.621E-07 1.186E-17  0.00E+00
4.467E+02 1.818E-07 1.493E-17  0.00E+00
4.217E+02 2.040E-07 1.880E-17  0.00E+00
3.981E+02 2.289E-07 2.367E-17  0.00E+00
3.758E+02 2.568E-07 2.980E-17  0.00E+00
3.548E+02 2.881E-07 3.751E-17  0.00E+00
3.350E+02 3.233E-07 4.722E-17  0.00E+00
3.162E+02 3.627E-07 5.945E-17  0.00E+00
2.985E+02 4.069E-07 7.485E-17  0.00E+00
2.818E+02 4.565E-07 9.424E-17  0.00E+00
2.661E+02 5.121E-07 1.187E-16  0.00E+00
2.512E+02 5.744E-07 1.494E-16  0.00E+00
2.371E+02 6.444E-07 1.881E-16  0.00E+00
2.239E+02 7.229E-07 2.368E-16  0.00E+00
2.113E+02 8.109E-07 2.981E-16  0.00E+00
1.995E+02 9.098E-07 3.753E-16  0.00E+00
1.884E+02 1.021E-06 4.724E-16  0.00E+00
1.778E+02 1.145E-06 5.948E-16  0.00E+00
1.679E+02 1.284E-06 7.488E-16  0.00E+00
1.585E+02 1.439E-06 9.429E-16  0.00E+00
1.496E+02 1.614E-06 1.187E-15  0.00E+00
1.413E+02 1.810E-06 1.495E-15  0.00E+00
1.334E+02 2.030E-06 1.882E-15  0.00E+00
1.259E+02 2.276E-06 2.369E-15  0.00E+00
1.189E+02 2.552E-06 2.983E-15  0.00E+00
1.122E+02 2.861E-06 3.757E-15  0.00E+00
1.059E+02 3.207E-06 4.730E-15  0.00E+00
1.000E+02 3.595E-06 5.956E-15  0.00E+00
9.441E+01 4.028E-06 7.501E-15  0.00E+00
8.913E+01 4.513E-06 9.446E-15  0.00E+00
8.414E+01 5.056E-06 1.190E-14  0.00E+00
7.943E+01 5.664E-06 1.498E-14  0.00E+00
7.499E+01 6.343E-06 1.887E-14  0.00E+00
7.079E+01 7.103E-06 2.376E-14  0.00E+00
6.683E+01 7.952E-06 2.993E-14  0.00E+00
6.310E+01 8.899E-06 3.771E-14  0.00E+00
5.957E+01 9.957E-06 4.750E-14  0.00E+00
5.623E+01 1.114E-05 5.985E-14  0.00E+00
5.309E+01 1.245E-05 7.542E-14  0.00E+00
5.012E+01 1.392E-05 9.505E-14  0.00E+00
4.732E+01 1.555E-05 1.198E-13  0.00E+00
4.467E+01 1.737E-05 1.510E-13  0.00E+00
4.217E+01 1.939E-05 1.904E-13  0.00E+00
3.981E+01 2.163E-05 2.402E-13  0.00E+00
3.758E+01 2.413E-05 3.030E-13  0.00E+00
3.548E+01 2.691E-05 3.823E-13  0.00E+00
3.350E+01 2.998E-05 4.827E-13  0.00E+00
3.162E+01 3.340E-05 6.097E-13  0.00E+00
2.985E+01 3.721E-05 7.705E-13  0.00E+00
2.818E+01 4.146E-05 9.743E-13  0.00E+00
2.661E+01 4.620E-05 1.233E-12  0.00E+00
2.512E+01 5.152E-05 1.562E-12  0.00E+00
2.371E+01 5.751E-05 1.981E-12  5.50E-07
2.239E+01 6.436E-05 2.517E-12  6.25E-07
2.113E+01 7.229E-05 3.204E-12  7.13E-07
1.995E+01 8.165E-05 4.089E-12  8.18E-07
1.884E+01 9.303E-05 5.234E-12  9.42E-07
1.778E+01 1.075E-04 6.731E-12  1.10E-06
1.679E+01 1.264E-04 8.706E-12  1.29E-06
1.585E+01 1.541E-04 1.136E-11  1.55E-06
1.496E+01 1.942E-04 1.498E-11  1.91E-06
1.413E+01 2.629E-04 2.012E-11  2.47E-06
1.334E+01 3.926E-04 2.781E-11  3.20E-06
1.259E+01 6.790E-04 4.034E-11  1.15E-06
1.189E+01 1.469E-03 6.386E-11 -8.22E-07
1.122E+01 4.335E-03 1.141E-10 -1.49E-07
1.059E+01 9.544E-03 1.192E-10  4.60E-07
1.000E+01 4.583E-03 2.712E-11  9.54E-07
9.441E+00 2.143E-03 1.954E-11  1.35E-06
8.913E+00 1.309E-03 3.069E-11  1.73E-06
8.414E+00 9.504E-04 4.701E-11  2.11E-06
7.943E+00 7.636E-04 6.741E-11  2.51E-06
7.499E+00 6.513E-04 9.277E-11  2.94E-06
7.079E+00 5.824E-04 1.243E-10  3.40E-06
6.683E+00 5.359E-04 1.638E-10  3.91E-06
6.310E+00 5.037E-04 2.134E-10  4.47E-06
5.957E+00 4.801E-04 2.757E-10  5.09E-06
5.623E+00 4.609E-04 3.545E-10  5.78E-06
5.309E+00 4.456E-04 4.540E-10  6.55E-06
5.012E+00 4.332E-04 5.794E-10  7.41E-06
4.732E+00 4.222E-04 7.376E-10  8.38E-06
4.467E+00 4.119E-04 9.381E-10  9.46E-06
4.217E+00 4.025E-04 1.190E-09  1.07E-05
3.981E+00 3.934E-04 1.508E-09  1.20E-05
3.758E+00 3.840E-04 1.910E-09  1.35E-05
3.548E+00 3.744E-04 2.418E-09  1.53E-05
3.350E+00 3.648E-04 3.057E-09  1.72E-05
3.162E+00 3.546E-04 3.865E-09  1.93E-05
2.985E+00 3.441E-04 4.884E-09  2.17E-05
2.818E+00 3.329E-04 6.169E-09  2.44E-05
2.661E+00 3.214E-04 7.790E-09  2.75E-05
2.512E+00 3.092E-04 9.835E-09  3.09E-05
2.371E+00 2.974E-04 1.241E-08  3.47E-05
2.239E+00 2.846E-04 1.566E-08  3.90E-05
2.113E+00 2.711E-04 1.977E-08  4.38E-05
1.995E+00 2.574E-04 2.495E-08  4.93E-05
1.884E+00 2.436E-04 3.149E-08  5.54E-05
1.778E+00 2.301E-04 3.974E-08  6.22E-05
1.679E+00 2.165E-04 5.015E-08  6.99E-05
1.585E+00 2.029E-04 6.328E-08  7.86E-05
1.496E+00 1.897E-04 7.984E-08  8.83E-05
1.413E+00 1.765E-04 1.007E-07  9.92E-05
1.334E+00 1.639E-04 1.271E-07  1.11E-04
1.259E+00 1.515E-04 1.604E-07  1.25E-04
1.189E+00 1.397E-04 2.025E-07  1.41E-04
1.122E+00 1.284E-04 2.556E-07  1.58E-04
1.059E+00 1.176E-04 3.228E-07  1.78E-04
1.000E+00 1.075E-04 4.076E-07  2.00E-04
9.441E-01 9.795E-05 5.149E-07  2.25E-04
8.913E-01 8.897E-05 6.504E-07  2.53E-04
8.414E-01 8.063E-05 8.218E-07  2.85E-04
7.943E-01 7.286E-05 1.039E-06  3.20E-04
7.499E-01 6.566E-05 1.314E-06  3.61E-04
7.079E-01 5.904E-05 1.663E-06  4.06E-04
6.683E-01 5.294E-05 2.105E-06  4.57E-04
6.310E-01 4.739E-05 2.667E-06  5.15E-04
5.957E-01 4.232E-05 3.381E-06  5.81E-04
5.623E-01 3.758E-05 4.290E-06  6.56E-04
5.309E-01 3.333E-05 5.446E-06  7.40E-04
5.012E-01 2.950E-05 6.921E-06  8.37E-04
4.732E-01 2.600E-05 8.810E-06  9.46E-04
4.467E-01 2.283E-05 1.123E-05  1.07E-03
4.217E-01 1.970E-05 1.434E-05  1.22E-03
3.981E-01 2.597E-05 1.836E-05  1.38E-03
3.758E-01 6.685E-05 2.354E-05  1.58E-03
3.548E-01 1.455E-04 3.030E-05  1.80E-03
3.350E-01 1.832E-04 3.905E-05  2.06E-03
3.162E-01 3.706E-04 5.061E-05  2.38E-03
2.985E-01 5.719E-04 6.592E-05  2.76E-03
2.818E-01 1.229E-03 8.630E-05  3.23E-03
2.661E-01 2.648E-03 1.134E-04  3.80E-03
2.512E-01 4.764E-03 1.499E-04  4.53E-03
2.371E-01 6.783E-03 1.997E-04  5.50E-03
2.239E-01 1.011E-02 2.691E-04  6.85E-03
2.113E-01 1.586E-02 3.671E-04  8.83E-03
1.995E-01 2.730E-02 5.096E-04  1.16E-02
1.884E-01 4.860E-02 7.073E-04  1.18E-02
1.778E-01 7.491E-02 9.834E-04  6.42E-03
1.679E-01 1.064E-01 1.385E-03  5.62E-04
1.585E-01 1.577E-01 2.018E-03 -1.61E-03
1.496E-01 2.452E-01 2.849E-03 -7.55E-04
1.413E-01 3.287E-01 3.784E-03  4.74E-05
1.334E-01 4.346E-01 5.208E-03  5.63E-04
1.259E-01 5.519E-01 7.232E-03  9.49E-04
1.189E-01 7.473E-01 1.104E-02  1.29E-03
1.122E-01 1.049E+00 1.685E-02  2.05E-03
1.059E-01 1.335E+00 2.104E-02  3.47E-03
1.000E-01 1.410E+00 2.202E-02  5.01E-03
9.441E-02 1.373E+00 2.239E-02  6.49E-03
8.913E-02 1.252E+00 2.117E-02  8.21E-03
8.414E-02 1.117E+00 1.976E-02  1.01E-02
7.943E-02 9.896E-01 1.848E-02  1.20E-02
7.499E-02 8.773E-01 1.739E-02  1.42E-02
7.079E-02 7.811E-01 1.651E-02  1.65E-02
6.683E-02 6.989E-01 1.583E-02  1.91E-02
6.310E-02 6.282E-01 1.529E-02  2.20E-02
5.957E-02 5.673E-01 1.488E-02  2.52E-02
5.623E-02 5.141E-01 1.455E-02  2.88E-02
5.309E-02 4.674E-01 1.430E-02  3.28E-02
5.012E-02 4.259E-01 1.409E-02  3.74E-02
4.732E-02 3.889E-01 1.392E-02  4.25E-02
4.467E-02 3.558E-01 1.377E-02  4.82E-02
4.217E-02 3.258E-01 1.363E-02  5.47E-02
3.981E-02 2.988E-01 1.350E-02  6.20E-02
3.758E-02 2.739E-01 1.335E-02  7.02E-02
3.548E-02 2.515E-01 1.319E-02  7.95E-02
3.350E-02 2.310E-01 1.301E-02  8.99E-02
3.162E-02 2.121E-01 1.281E-02  1.02E-01
2.985E-02 1.947E-01 1.256E-02  1.15E-01
2.818E-02 1.787E-01 1.228E-02  1.30E-01
2.661E-02 1.641E-01 1.195E-02  1.46E-01
2.512E-02 1.505E-01 1.157E-02  1.65E-01
2.371E-02 1.380E-01 1.113E-02  1.86E-01
2.239E-02 1.264E-01 1.064E-02  2.09E-01
2.113E-02 1.158E-01 1.010E-02  2.35E-01
1.995E-02 1.059E-01 9.508E-03  2.64E-01
1.884E-02 9.673E-02 8.855E-03  2.96E-01
1.778E-02 8.826E-02 8.155E-03  3.31E-01
1.679E-02 8.042E-02 7.417E-03  3.70E-01
1.585E-02 7.318E-02 6.640E-03  4.12E-01
1.496E-02 6.649E-02 5.829E-03  4.56E-01
1.413E-02 6.028E-02 4.989E-03  5.03E-01
1.334E-02 5.454E-02 4.116E-03  5.51E-01
1.259E-02 4.930E-02 3.211E-03  5.98E-01
1.189E-02 4.440E-02 2.266E-03  6.44E-01
1.122E-02 3.997E-02 1.003E-03  6.86E-01
1.059E-02 1.594E-01 5.887E-03  7.26E-01
1.000E-02 1.502E-01 5.873E-03  7.49E-01
9.441E-03 1.407E-01 6.344E-03  7.69E-01
8.913E-03 1.307E-01 6.385E-03  7.85E-01
8.414E-03 1.206E-01 6.195E-03  7.98E-01
7.943E-03 1.107E-01 5.789E-03  8.10E-01
7.499E-03 1.011E-01 4.835E-03  8.24E-01
7.079E-03 1.174E-01 6.419E-03  8.40E-01
6.683E-03 1.068E-01 6.344E-03  8.57E-01
6.310E-03 9.672E-02 6.044E-03  8.72E-01
5.957E-03 8.728E-02 5.659E-03  8.86E-01
5.623E-03 7.826E-02 5.228E-03  8.95E-01
5.309E-03 7.002E-02 4.755E-03  9.02E-01
5.012E-03 6.241E-02 4.238E-03  9.09E-01
4.732E-03 5.552E-02 3.595E-03  9.18E-01
4.467E-03 4.923E-02 2.385E-03  9.27E-01
4.217E-03 6.737E-02 3.722E-03  9.34E-01
3.981E-03 5.993E-02 3.675E-03  9.39E-01
3.758E-03 5.307E-02 3.481E-03  9.44E-01
3.548E-03 4.687E-02 3.227E-03  9.49E-01
3.350E-03 4.128E-02 2.962E-03  9.55E-01
3.162E-03 3.626E-02 2.698E-03  9.58E-01
2.985E-03 3.187E-02 2.454E-03  9.62E-01
2.818E-03 2.778E-02 2.217E-03  9.66E-01
2.661E-03 2.414E-02 1.993E-03  9.69E-01
2.512E-03 2.098E-02 1.785E-03  9.71E-01
2.371E-03 1.822E-02 1.595E-03  9.74E-01
2.239E-03 1.581E-02 1.424E-03  9.76E-01
2.113E-03 1.366E-02 1.269E-03  9.79E-01
1.995E-03 1.181E-02 1.130E-03  9.81E-01
1.884E-03 1.020E-02 1.005E-03  9.82E-01
1.778E-03 8.786E-03 8.918E-04  9.84E-01
1.679E-03 7.563E-03 7.906E-04  9.86E-01
1.585E-03 6.507E-03 7.004E-04  9.87E-01
1.496E-03 5.593E-03 6.207E-04  9.88E-01
1.413E-03 4.801E-03 5.496E-04  9.89E-01
1.334E-03 4.120E-03 4.855E-04  9.90E-01
1.259E-03 3.536E-03 4.293E-04  9.91E-01
1.189E-03 3.038E-03 3.800E-04  9.92E-01
1.122E-03 2.594E-03 3.348E-04  9.93E-01
1.059E-03 2.218E-03 2.945E-04  9.93E-01
