w(micron)  Q_abs     Q_sca     g=<cos>
1.000E+03 1.287E-08 9.423E-21  0.00E+00
9.441E+02 1.445E-08 1.186E-20  0.00E+00
8.913E+02 1.621E-08 1.493E-20  0.00E+00
8.414E+02 1.819E-08 1.880E-20  0.00E+00
7.943E+02 2.040E-08 2.367E-20  0.00E+00
7.499E+02 2.289E-08 2.980E-20  0.00E+00
7.079E+02 2.569E-08 3.751E-20  0.00E+00
6.683E+02 2.882E-08 4.723E-20  0.00E+00
6.310E+02 3.234E-08 5.945E-20  0.00E+00
5.957E+02 3.628E-08 7.485E-20  0.00E+00
5.623E+02 4.071E-08 9.423E-20  0.00E+00
5.309E+02 4.568E-08 1.186E-19  0.00E+00
5.012E+02 5.125E-08 1.493E-19  0.00E+00
4.732E+02 5.750E-08 1.880E-19  0.00E+00
4.467E+02 6.452E-08 2.367E-19  0.00E+00
4.217E+02 7.239E-08 2.980E-19  0.00E+00
3.981E+02 8.122E-08 3.751E-19  0.00E+00
3.758E+02 9.112E-08 4.722E-19  0.00E+00
3.548E+02 1.022E-07 5.945E-19  0.00E+00
3.350E+02 1.147E-07 7.485E-19  0.00E+00
3.162E+02 1.287E-07 9.423E-19  0.00E+00
2.985E+02 1.444E-07 1.186E-18  0.00E+00
2.818E+02 1.620E-07 1.494E-18  0.00E+00
2.661E+02 1.817E-07 1.881E-18  0.00E+00
2.512E+02 2.038E-07 2.368E-18  0.00E+00
2.371E+02 2.286E-07 2.981E-18  0.00E+00
2.239E+02 2.565E-07 3.753E-18  0.00E+00
2.113E+02 2.877E-07 4.724E-18  0.00E+00
1.995E+02 3.228E-07 5.947E-18  0.00E+00
1.884E+02 3.621E-07 7.487E-18  0.00E+00
1.778E+02 4.062E-07 9.426E-18  0.00E+00
1.679E+02 4.555E-07 1.187E-17  0.00E+00
1.585E+02 5.107E-07 1.494E-17  0.00E+00
1.496E+02 5.726E-07 1.882E-17  0.00E+00
1.413E+02 6.421E-07 2.369E-17  0.00E+00
1.334E+02 7.201E-07 2.983E-17  0.00E+00
1.259E+02 8.077E-07 3.755E-17  0.00E+00
1.189E+02 9.057E-07 4.728E-17  0.00E+00
1.122E+02 1.015E-06 5.954E-17  0.00E+00
1.059E+02 1.138E-06 7.497E-17  0.00E+00
1.000E+02 1.275E-06 9.440E-17  0.00E+00
9.441E+01 1.429E-06 1.189E-16  0.00E+00
8.913E+01 1.601E-06 1.497E-16  0.00E+00
8.414E+01 1.794E-06 1.885E-16  0.00E+00
7.943E+01 2.010E-06 2.374E-16  0.00E+00
7.499E+01 2.251E-06 2.990E-16  0.00E+00
7.079E+01 2.520E-06 3.766E-16  0.00E+00
6.683E+01 2.821E-06 4.744E-16  0.00E+00
6.310E+01 3.158E-06 5.976E-16  0.00E+00
5.957E+01 3.533E-06 7.529E-16  0.00E+00
5.623E+01 3.951E-06 9.486E-16  0.00E+00
5.309E+01 4.418E-06 1.195E-15  0.00E+00
5.012E+01 4.938E-06 1.506E-15  0.00E+00
4.732E+01 5.517E-06 1.899E-15  0.00E+00
4.467E+01 6.161E-06 2.394E-15  0.00E+00
4.217E+01 6.879E-06 3.018E-15  0.00E+00
3.981E+01 7.676E-06 3.806E-15  0.00E+00
3.758E+01 8.562E-06 4.802E-15  0.00E+00
3.548E+01 9.547E-06 6.060E-15  0.00E+00
3.350E+01 1.064E-05 7.650E-15  0.00E+00
3.162E+01 1.185E-05 9.663E-15  0.00E+00
2.985E+01 1.320E-05 1.221E-14  0.00E+00
2.818E+01 1.471E-05 1.544E-14  0.00E+00
2.661E+01 1.639E-05 1.954E-14  0.00E+00
2.512E+01 1.828E-05 2.476E-14  0.00E+00
2.371E+01 2.041E-05 3.140E-14  0.00E+00
2.239E+01 2.284E-05 3.989E-14  0.00E+00
2.113E+01 2.565E-05 5.078E-14  0.00E+00
1.995E+01 2.897E-05 6.480E-14  0.00E+00
1.884E+01 3.301E-05 8.296E-14  0.00E+00
1.778E+01 3.812E-05 1.067E-13  0.00E+00
1.679E+01 4.484E-05 1.380E-13  0.00E+00
1.585E+01 5.468E-05 1.800E-13  0.00E+00
1.496E+01 6.891E-05 2.374E-13  0.00E+00
1.413E+01 9.328E-05 3.189E-13  0.00E+00
1.334E+01 1.393E-04 4.407E-13  0.00E+00
1.259E+01 2.409E-04 6.394E-13  0.00E+00
1.189E+01 5.213E-04 1.012E-12  0.00E+00
1.122E+01 1.538E-03 1.808E-12  0.00E+00
1.059E+01 3.386E-03 1.889E-12  0.00E+00
1.000E+01 1.626E-03 4.298E-13  0.00E+00
9.441E+00 7.605E-04 3.097E-13  0.00E+00
8.913E+00 4.645E-04 4.864E-13  0.00E+00
8.414E+00 3.301E-04 1.229E-12  3.34E-07
7.943E+00 2.709E-04 1.068E-12  3.15E-07
7.499E+00 2.311E-04 1.470E-12  3.70E-07
7.079E+00 2.066E-04 1.970E-12  4.28E-07
6.683E+00 1.901E-04 2.596E-12  4.92E-07
6.310E+00 1.787E-04 3.382E-12  5.62E-07
5.957E+00 1.703E-04 4.370E-12  6.40E-07
5.623E+00 1.635E-04 5.618E-12  7.28E-07
5.309E+00 1.581E-04 7.195E-12  8.25E-07
5.012E+00 1.537E-04 9.182E-12  9.33E-07
4.732E+00 1.498E-04 1.169E-11  1.05E-06
4.467E+00 1.462E-04 1.487E-11  1.19E-06
4.217E+00 1.428E-04 1.886E-11  1.34E-06
3.981E+00 1.396E-04 2.390E-11  1.51E-06
3.758E+00 1.362E-04 3.028E-11  1.71E-06
3.548E+00 1.328E-04 3.832E-11  1.92E-06
3.350E+00 1.294E-04 4.845E-11  2.16E-06
3.162E+00 1.258E-04 6.125E-11  2.43E-06
2.985E+00 1.221E-04 7.740E-11  2.73E-06
2.818E+00 1.181E-04 9.777E-11  3.07E-06
2.661E+00 1.140E-04 1.235E-10  3.46E-06
2.512E+00 1.097E-04 1.559E-10  3.89E-06
2.371E+00 1.055E-04 1.967E-10  4.37E-06
2.239E+00 1.010E-04 2.482E-10  4.91E-06
2.113E+00 9.615E-05 3.133E-10  5.52E-06
1.995E+00 9.131E-05 3.954E-10  6.20E-06
1.884E+00 8.642E-05 4.990E-10  6.97E-06
1.778E+00 8.161E-05 6.298E-10  7.83E-06
1.679E+00 7.678E-05 7.947E-10  8.80E-06
1.585E+00 7.196E-05 1.003E-09  9.89E-06
1.496E+00 6.727E-05 1.265E-09  1.11E-05
1.413E+00 6.260E-05 1.596E-09  1.25E-05
1.334E+00 5.812E-05 2.014E-09  1.40E-05
1.259E+00 5.374E-05 2.542E-09  1.58E-05
1.189E+00 4.955E-05 3.209E-09  1.77E-05
1.122E+00 4.554E-05 4.051E-09  1.99E-05
1.059E+00 4.171E-05 5.114E-09  2.24E-05
1.000E+00 3.811E-05 6.458E-09  2.52E-05
9.441E-01 3.472E-05 8.157E-09  2.83E-05
8.913E-01 3.153E-05 1.030E-08  3.19E-05
8.414E-01 2.857E-05 1.302E-08  3.58E-05
7.943E-01 2.582E-05 1.646E-08  4.03E-05
7.499E-01 2.326E-05 2.082E-08  4.54E-05
7.079E-01 2.091E-05 2.633E-08  5.11E-05
6.683E-01 1.875E-05 3.334E-08  5.76E-05
6.310E-01 1.677E-05 4.223E-08  6.49E-05
5.957E-01 1.498E-05 5.353E-08  7.32E-05
5.623E-01 1.330E-05 6.791E-08  8.26E-05
5.309E-01 1.179E-05 8.620E-08  9.32E-05
5.012E-01 1.043E-05 1.095E-07  1.05E-04
4.732E-01 9.188E-06 1.394E-07  1.19E-04
4.467E-01 8.060E-06 1.777E-07  1.35E-04
4.217E-01 6.953E-06 2.269E-07  1.53E-04
3.981E-01 9.157E-06 2.903E-07  1.74E-04
3.758E-01 2.355E-05 3.722E-07  1.98E-04
3.548E-01 5.119E-05 4.788E-07  2.27E-04
3.350E-01 6.437E-05 6.168E-07  2.60E-04
3.162E-01 1.300E-04 7.990E-07  3.00E-04
2.985E-01 2.002E-04 1.040E-06  3.48E-04
2.818E-01 4.293E-04 1.361E-06  4.06E-04
2.661E-01 9.219E-04 1.786E-06  4.78E-04
2.512E-01 1.651E-03 2.359E-06  5.69E-04
2.371E-01 2.336E-03 3.139E-06  6.90E-04
2.239E-01 3.447E-03 4.224E-06  8.58E-04
2.113E-01 5.318E-03 5.751E-06  1.10E-03
1.995E-01 8.859E-03 7.966E-06  1.44E-03
1.884E-01 1.520E-02 1.103E-05  1.50E-03
1.778E-01 2.338E-02 1.529E-05  8.76E-04
1.679E-01 3.426E-02 2.146E-05  1.23E-04
1.585E-01 5.231E-02 3.112E-05 -1.89E-04
1.496E-01 8.237E-02 4.379E-05 -9.29E-05
1.413E-01 1.106E-01 5.798E-05  6.09E-06
1.334E-01 1.461E-01 7.957E-05  6.79E-05
1.259E-01 1.851E-01 1.101E-04  1.13E-04
1.189E-01 2.499E-01 1.675E-04  1.52E-04
1.122E-01 3.521E-01 2.565E-04  2.45E-04
1.059E-01 4.599E-01 3.288E-04  4.21E-04
1.000E-01 5.016E-01 3.562E-04  6.11E-04
9.441E-02 5.007E-01 3.722E-04  7.89E-04
8.913E-02 4.662E-01 3.605E-04  9.95E-04
8.414E-02 4.217E-01 3.426E-04  1.22E-03
7.943E-02 3.776E-01 3.250E-04  1.45E-03
7.499E-02 3.371E-01 3.093E-04  1.71E-03
7.079E-02 3.018E-01 2.968E-04  1.99E-03
6.683E-02 2.712E-01 2.874E-04  2.30E-03
6.310E-02 2.446E-01 2.802E-04  2.64E-03
5.957E-02 2.215E-01 2.753E-04  3.03E-03
5.623E-02 2.013E-01 2.720E-04  3.45E-03
5.309E-02 1.834E-01 2.701E-04  3.93E-03
5.012E-02 1.674E-01 2.694E-04  4.47E-03
4.732E-02 1.531E-01 2.693E-04  5.07E-03
4.467E-02 1.403E-01 2.701E-04  5.75E-03
4.217E-02 1.286E-01 2.712E-04  6.52E-03
3.981E-02 1.180E-01 2.729E-04  7.37E-03
3.758E-02 1.082E-01 2.745E-04  8.34E-03
3.548E-02 9.935E-02 2.762E-04  9.42E-03
3.350E-02 9.119E-02 2.780E-04  1.06E-02
3.162E-02 8.366E-02 2.797E-04  1.20E-02
2.985E-02 7.669E-02 2.810E-04  1.36E-02
2.818E-02 7.024E-02 2.820E-04  1.53E-02
2.661E-02 6.431E-02 2.824E-04  1.73E-02
2.512E-02 5.878E-02 2.821E-04  1.95E-02
2.371E-02 5.372E-02 2.808E-04  2.19E-02
2.239E-02 4.901E-02 2.787E-04  2.47E-02
2.113E-02 4.466E-02 2.754E-04  2.79E-02
1.995E-02 4.067E-02 2.711E-04  3.14E-02
1.884E-02 3.693E-02 2.648E-04  3.53E-02
1.778E-02 3.350E-02 2.568E-04  3.98E-02
1.679E-02 3.035E-02 2.469E-04  4.48E-02
1.585E-02 2.746E-02 2.345E-04  5.05E-02
1.496E-02 2.480E-02 2.192E-04  5.68E-02
1.413E-02 2.236E-02 2.003E-04  6.40E-02
1.334E-02 2.012E-02 1.768E-04  7.21E-02
1.259E-02 1.809E-02 1.477E-04  8.12E-02
1.189E-02 1.621E-02 1.115E-04  9.15E-02
1.122E-02 1.449E-02 5.266E-05  1.03E-01
1.059E-02 5.953E-02 3.458E-04  1.17E-01
1.000E-02 5.678E-02 3.688E-04  1.31E-01
9.441E-03 5.315E-02 4.205E-04  1.47E-01
8.913E-03 4.928E-02 4.440E-04  1.66E-01
8.414E-03 4.533E-02 4.499E-04  1.87E-01
7.943E-03 4.141E-02 4.375E-04  2.10E-01
7.499E-03 3.763E-02 3.791E-04  2.36E-01
7.079E-03 4.402E-02 5.287E-04  2.66E-01
6.683E-03 3.989E-02 5.400E-04  2.98E-01
6.310E-03 3.596E-02 5.298E-04  3.33E-01
5.957E-03 3.231E-02 5.084E-04  3.72E-01
5.623E-03 2.886E-02 4.787E-04  4.14E-01
5.309E-03 2.572E-02 4.419E-04  4.59E-01
5.012E-03 2.284E-02 3.985E-04  5.06E-01
4.732E-03 2.024E-02 3.417E-04  5.54E-01
4.467E-03 1.788E-02 2.288E-04  6.02E-01
4.217E-03 2.466E-02 3.646E-04  6.46E-01
3.981E-03 2.186E-02 3.631E-04  6.86E-01
3.758E-03 1.930E-02 3.477E-04  7.20E-01
3.548E-03 1.699E-02 3.268E-04  7.47E-01
3.350E-03 1.492E-02 3.049E-04  7.67E-01
3.162E-03 1.308E-02 2.826E-04  7.82E-01
2.985E-03 1.147E-02 2.616E-04  7.94E-01
2.818E-03 9.979E-03 2.403E-04  8.07E-01
2.661E-03 8.656E-03 2.190E-04  8.21E-01
2.512E-03 7.513E-03 1.982E-04  8.38E-01
2.371E-03 6.518E-03 1.787E-04  8.55E-01
2.239E-03 5.648E-03 1.608E-04  8.72E-01
2.113E-03 4.877E-03 1.444E-04  8.85E-01
1.995E-03 4.213E-03 1.298E-04  8.94E-01
1.884E-03 3.634E-03 1.165E-04  9.01E-01
1.778E-03 3.129E-03 1.042E-04  9.08E-01
1.679E-03 2.692E-03 9.290E-05  9.17E-01
1.585E-03 2.315E-03 8.272E-05  9.27E-01
1.496E-03 1.989E-03 7.370E-05  9.34E-01
1.413E-03 1.707E-03 6.563E-05  9.38E-01
1.334E-03 1.464E-03 5.827E-05  9.43E-01
1.259E-03 1.256E-03 5.172E-05  9.49E-01
1.189E-03 1.079E-03 4.595E-05  9.54E-01
1.122E-03 9.215E-04 4.064E-05  9.58E-01
1.059E-03 7.878E-04 3.587E-05  9.62E-01
