w(micron)  Q_abs     Q_sca     g=<cos>
1.000E+03 7.290E-05 9.442E-06  1.15E-03
9.441E+02 8.186E-05 1.189E-05  1.29E-03
8.913E+02 9.193E-05 1.497E-05  1.44E-03
8.414E+02 1.033E-04 1.885E-05  1.62E-03
7.943E+02 1.160E-04 2.374E-05  1.82E-03
7.499E+02 1.303E-04 2.990E-05  2.04E-03
7.079E+02 1.464E-04 3.766E-05  2.29E-03
6.683E+02 1.646E-04 4.744E-05  2.57E-03
6.310E+02 1.850E-04 5.975E-05  2.88E-03
5.957E+02 2.080E-04 7.527E-05  3.23E-03
5.623E+02 2.339E-04 9.483E-05  3.63E-03
5.309E+02 2.632E-04 1.195E-04  4.07E-03
5.012E+02 2.961E-04 1.505E-04  4.57E-03
4.732E+02 3.334E-04 1.897E-04  5.13E-03
4.467E+02 3.754E-04 2.391E-04  5.76E-03
4.217E+02 4.230E-04 3.014E-04  6.46E-03
3.981E+02 4.768E-04 3.799E-04  7.25E-03
3.758E+02 5.378E-04 4.790E-04  8.14E-03
3.548E+02 6.069E-04 6.041E-04  9.14E-03
3.350E+02 6.855E-04 7.621E-04  1.03E-02
3.162E+02 7.748E-04 9.615E-04  1.15E-02
2.985E+02 8.765E-04 1.214E-03  1.29E-02
2.818E+02 9.925E-04 1.532E-03  1.45E-02
2.661E+02 1.125E-03 1.935E-03  1.63E-02
2.512E+02 1.277E-03 2.445E-03  1.83E-02
2.371E+02 1.452E-03 3.090E-03  2.06E-02
2.239E+02 1.653E-03 3.908E-03  2.32E-02
2.113E+02 1.885E-03 4.944E-03  2.60E-02
1.995E+02 2.155E-03 6.259E-03  2.93E-02
1.884E+02 2.468E-03 7.930E-03  3.29E-02
1.778E+02 2.835E-03 1.005E-02  3.71E-02
1.679E+02 3.264E-03 1.276E-02  4.17E-02
1.585E+02 3.771E-03 1.621E-02  4.70E-02
1.496E+02 4.372E-03 2.062E-02  5.30E-02
1.413E+02 5.092E-03 2.627E-02  5.98E-02
1.334E+02 5.960E-03 3.350E-02  6.75E-02
1.259E+02 7.016E-03 4.279E-02  7.63E-02
1.189E+02 8.311E-03 5.476E-02  8.64E-02
1.122E+02 9.918E-03 7.025E-02  9.80E-02
1.059E+02 1.194E-02 9.033E-02  1.11E-01
1.000E+02 1.453E-02 1.165E-01  1.27E-01
9.441E+01 1.792E-02 1.507E-01  1.45E-01
8.913E+01 2.244E-02 1.958E-01  1.67E-01
8.414E+01 2.868E-02 2.557E-01  1.93E-01
7.943E+01 3.764E-02 3.360E-01  2.24E-01
7.499E+01 5.116E-02 4.456E-01  2.63E-01
7.079E+01 7.308E-02 5.996E-01  3.12E-01
6.683E+01 1.122E-01 8.280E-01  3.74E-01
6.310E+01 1.926E-01 1.207E+00  4.47E-01
5.957E+01 3.902E-01 1.985E+00  5.08E-01
5.623E+01 9.170E-01 3.992E+00  4.64E-01
5.309E+01 1.240E+00 6.042E+00  2.34E-01
5.012E+01 6.948E-01 4.933E+00  4.41E-02
4.732E+01 4.494E-01 4.415E+00  8.53E-03
4.467E+01 4.163E-01 4.388E+00  4.90E-02
4.217E+01 5.179E-01 4.282E+00  1.17E-01
3.981E+01 8.361E-01 3.612E+00  1.92E-01
3.758E+01 1.952E+00 2.851E+00  3.04E-01
3.548E+01 9.778E-01 1.322E+00  4.04E-01
3.350E+01 6.640E-01 1.114E+00  2.30E-01
3.162E+01 9.502E-01 1.764E+00  2.05E-01
2.985E+01 1.418E+00 1.420E+00  9.56E-02
2.818E+01 1.045E+00 7.936E-01  2.45E-01
2.661E+01 9.102E-01 1.281E+00  4.96E-01
2.512E+01 1.012E+00 1.902E+00  4.74E-01
2.371E+01 9.252E-01 2.027E+00  5.08E-01
2.239E+01 1.160E+00 2.332E+00  6.35E-01
2.113E+01 9.805E-01 2.226E+00  5.12E-01
1.995E+01 1.130E+00 1.755E+00  4.73E-01
1.884E+01 1.184E+00 1.309E+00  5.33E-01
1.778E+01 1.213E+00 1.378E+00  5.54E-01
1.679E+01 1.135E+00 1.606E+00  6.59E-01
1.585E+01 1.127E+00 1.600E+00  6.38E-01
1.496E+01 1.083E+00 1.511E+00  6.28E-01
1.413E+01 1.002E+00 1.589E+00  6.24E-01
1.334E+01 8.851E-01 1.678E+00  6.04E-01
1.259E+01 7.239E-01 1.870E+00  5.76E-01
1.189E+01 7.134E-01 2.095E+00  5.87E-01
1.122E+01 9.358E-01 2.119E+00  6.40E-01
1.059E+01 1.139E+00 1.675E+00  7.18E-01
1.000E+01 1.252E+00 1.168E+00  8.38E-01
9.441E+00 1.344E+00 1.192E+00  8.74E-01
8.913E+00 1.359E+00 1.187E+00  8.64E-01
8.414E+00 1.311E+00 1.297E+00  8.68E-01
7.943E+00 1.257E+00 1.296E+00  8.48E-01
7.499E+00 1.223E+00 1.235E+00  8.27E-01
7.079E+00 1.193E+00 1.319E+00  8.37E-01
6.683E+00 1.161E+00 1.375E+00  8.44E-01
6.310E+00 1.133E+00 1.301E+00  8.31E-01
5.957E+00 1.109E+00 1.277E+00  8.22E-01
5.623E+00 1.092E+00 1.366E+00  8.32E-01
5.309E+00 1.077E+00 1.376E+00  8.36E-01
5.012E+00 1.062E+00 1.286E+00  8.27E-01
4.732E+00 1.045E+00 1.313E+00  8.29E-01
4.467E+00 1.024E+00 1.393E+00  8.36E-01
4.217E+00 1.009E+00 1.317E+00  8.26E-01
3.981E+00 9.971E-01 1.307E+00  8.27E-01
3.758E+00 9.842E-01 1.382E+00  8.36E-01
3.548E+00 9.683E-01 1.316E+00  8.23E-01
3.350E+00 9.569E-01 1.343E+00  8.28E-01
3.162E+00 9.483E-01 1.360E+00  8.32E-01
2.985E+00 9.303E-01 1.309E+00  8.21E-01
2.818E+00 9.177E-01 1.381E+00  8.31E-01
2.661E+00 9.085E-01 1.311E+00  8.22E-01
2.512E+00 8.925E-01 1.399E+00  8.28E-01
2.371E+00 8.785E-01 1.331E+00  8.17E-01
2.239E+00 8.646E-01 1.385E+00  8.23E-01
2.113E+00 8.474E-01 1.381E+00  8.18E-01
1.995E+00 8.344E-01 1.337E+00  8.08E-01
1.884E+00 8.166E-01 1.402E+00  8.16E-01
1.778E+00 8.011E-01 1.428E+00  8.11E-01
1.679E+00 7.820E-01 1.398E+00  8.06E-01
1.585E+00 7.647E-01 1.386E+00  7.96E-01
1.496E+00 7.419E-01 1.403E+00  7.91E-01
1.413E+00 7.193E-01 1.436E+00  7.91E-01
1.334E+00 6.947E-01 1.478E+00  7.89E-01
1.259E+00 6.724E-01 1.461E+00  7.74E-01
1.189E+00 6.445E-01 1.461E+00  7.63E-01
1.122E+00 6.164E-01 1.505E+00  7.62E-01
1.059E+00 5.855E-01 1.587E+00  7.64E-01
1.000E+00 5.618E-01 1.589E+00  7.61E-01
9.441E-01 5.309E-01 1.573E+00  7.44E-01
8.913E-01 5.053E-01 1.659E+00  7.48E-01
8.414E-01 4.753E-01 1.702E+00  7.43E-01
7.943E-01 4.405E-01 1.620E+00  7.19E-01
7.499E-01 4.187E-01 1.639E+00  7.09E-01
7.079E-01 3.856E-01 1.715E+00  7.08E-01
6.683E-01 3.572E-01 1.705E+00  6.95E-01
6.310E-01 3.350E-01 1.837E+00  7.14E-01
5.957E-01 3.104E-01 1.728E+00  6.80E-01
5.623E-01 2.740E-01 1.887E+00  6.96E-01
5.309E-01 2.545E-01 1.930E+00  6.96E-01
5.012E-01 2.340E-01 1.923E+00  6.82E-01
4.732E-01 2.129E-01 1.915E+00  6.73E-01
4.467E-01 1.935E-01 1.790E+00  6.44E-01
4.217E-01 1.670E-01 1.928E+00  6.58E-01
3.981E-01 2.175E-01 1.784E+00  6.51E-01
3.758E-01 4.387E-01 1.590E+00  7.11E-01
3.548E-01 6.430E-01 1.434E+00  7.81E-01
3.350E-01 6.919E-01 1.378E+00  7.93E-01
3.162E-01 7.664E-01 1.297E+00  8.15E-01
2.985E-01 7.672E-01 1.295E+00  8.13E-01
2.818E-01 7.577E-01 1.303E+00  8.07E-01
2.661E-01 7.461E-01 1.312E+00  7.99E-01
2.512E-01 7.321E-01 1.324E+00  7.90E-01
2.371E-01 7.146E-01 1.340E+00  7.78E-01
2.239E-01 6.914E-01 1.361E+00  7.63E-01
2.113E-01 6.601E-01 1.391E+00  7.43E-01
1.995E-01 5.906E-01 1.409E+00  7.11E-01
1.884E-01 5.402E-01 1.460E+00  6.83E-01
1.778E-01 4.936E-01 1.506E+00  6.61E-01
1.679E-01 4.577E-01 1.542E+00  6.47E-01
1.585E-01 4.378E-01 1.562E+00  6.42E-01
1.496E-01 4.602E-01 1.540E+00  6.56E-01
1.413E-01 5.012E-01 1.550E+00  6.77E-01
1.334E-01 5.084E-01 1.539E+00  6.83E-01
1.259E-01 5.077E-01 1.537E+00  6.86E-01
1.189E-01 4.911E-01 1.551E+00  6.81E-01
1.122E-01 4.847E-01 1.554E+00  6.82E-01
1.059E-01 5.109E-01 1.525E+00  6.99E-01
1.000E-01 5.411E-01 1.492E+00  7.18E-01
9.441E-02 5.622E-01 1.469E+00  7.32E-01
8.913E-02 5.864E-01 1.443E+00  7.48E-01
8.414E-02 6.093E-01 1.419E+00  7.64E-01
7.943E-02 6.309E-01 1.396E+00  7.80E-01
7.499E-02 6.516E-01 1.373E+00  7.96E-01
7.079E-02 6.712E-01 1.353E+00  8.11E-01
6.683E-02 6.898E-01 1.333E+00  8.26E-01
6.310E-02 7.077E-01 1.314E+00  8.40E-01
5.957E-02 7.246E-01 1.296E+00  8.54E-01
5.623E-02 7.407E-01 1.278E+00  8.68E-01
5.309E-02 7.559E-01 1.262E+00  8.80E-01
5.012E-02 7.702E-01 1.247E+00  8.92E-01
4.732E-02 7.822E-01 1.218E+00  9.02E-01
4.467E-02 7.950E-01 1.205E+00  9.13E-01
4.217E-02 8.071E-01 1.193E+00  9.22E-01
3.981E-02 8.184E-01 1.182E+00  9.31E-01
3.758E-02 8.291E-01 1.171E+00  9.39E-01
3.548E-02 8.393E-01 1.161E+00  9.46E-01
3.350E-02 8.491E-01 1.151E+00  9.52E-01
3.162E-02 8.584E-01 1.142E+00  9.58E-01
2.985E-02 8.674E-01 1.133E+00  9.63E-01
2.818E-02 8.759E-01 1.124E+00  9.68E-01
2.661E-02 8.843E-01 1.116E+00  9.72E-01
2.512E-02 8.923E-01 1.108E+00  9.76E-01
2.371E-02 9.001E-01 1.100E+00  9.79E-01
2.239E-02 9.077E-01 1.092E+00  9.82E-01
2.113E-02 9.149E-01 1.085E+00  9.85E-01
1.995E-02 9.219E-01 1.078E+00  9.87E-01
1.884E-02 9.286E-01 1.071E+00  9.89E-01
1.778E-02 9.352E-01 1.065E+00  9.91E-01
1.679E-02 9.415E-01 1.058E+00  9.93E-01
1.585E-02 9.476E-01 1.052E+00  9.94E-01
1.496E-02 9.536E-01 1.046E+00  9.95E-01
1.413E-02 9.597E-01 1.040E+00  9.96E-01
1.334E-02 9.659E-01 1.034E+00  9.97E-01
1.259E-02 9.720E-01 1.028E+00  9.98E-01
1.189E-02 9.786E-01 1.021E+00  9.99E-01
1.122E-02 9.893E-01 1.011E+00  1.00E+00
1.059E-02 9.897E-01 1.010E+00  9.99E-01
1.000E-02 9.860E-01 1.014E+00  9.99E-01
9.441E-03 9.845E-01 1.016E+00  9.99E-01
8.913E-03 9.843E-01 1.016E+00  9.99E-01
8.414E-03 9.847E-01 1.015E+00  9.99E-01
7.943E-03 9.856E-01 1.014E+00  9.99E-01
7.499E-03 9.878E-01 1.012E+00  9.99E-01
7.079E-03 9.870E-01 1.013E+00  9.99E-01
6.683E-03 9.869E-01 1.013E+00  9.99E-01
6.310E-03 9.873E-01 1.013E+00  9.99E-01
5.957E-03 9.879E-01 1.012E+00  9.99E-01
5.623E-03 9.887E-01 1.011E+00  1.00E+00
5.309E-03 9.895E-01 1.011E+00  1.00E+00
5.012E-03 9.903E-01 1.010E+00  1.00E+00
4.732E-03 9.913E-01 1.009E+00  1.00E+00
4.467E-03 9.934E-01 1.007E+00  1.00E+00
4.217E-03 9.930E-01 1.007E+00  1.00E+00
3.981E-03 9.928E-01 1.007E+00  1.00E+00
3.758E-03 9.929E-01 1.007E+00  1.00E+00
3.548E-03 9.930E-01 1.007E+00  1.00E+00
3.350E-03 9.931E-01 1.007E+00  1.00E+00
3.162E-03 9.932E-01 1.007E+00  1.00E+00
2.985E-03 9.932E-01 1.007E+00  1.00E+00
2.818E-03 9.933E-01 1.007E+00  1.00E+00
2.661E-03 9.934E-01 1.007E+00  1.00E+00
2.512E-03 9.937E-01 1.006E+00  1.00E+00
2.371E-03 9.942E-01 1.006E+00  1.00E+00
2.239E-03 9.950E-01 1.005E+00  1.00E+00
2.113E-03 9.956E-01 1.004E+00  1.00E+00
1.995E-03 9.958E-01 1.004E+00  1.00E+00
1.884E-03 9.958E-01 1.004E+00  1.00E+00
1.778E-03 9.953E-01 1.005E+00  1.00E+00
1.679E-03 9.946E-01 1.005E+00  1.00E+00
1.585E-03 9.934E-01 1.007E+00  1.00E+00
1.496E-03 9.917E-01 1.008E+00  1.00E+00
1.413E-03 9.892E-01 1.011E+00  1.00E+00
1.334E-03 9.859E-01 1.014E+00  1.00E+00
1.259E-03 9.813E-01 1.019E+00  1.00E+00
1.189E-03 9.751E-01 1.025E+00  1.00E+00
1.122E-03 9.663E-01 1.034E+00  1.00E+00
1.059E-03 9.546E-01 1.045E+00  1.00E+00
