w(micron)  Q_abs     Q_sca     g=<cos>
1.000E+03 1.445E-08 1.493E-20  0.00E+00
9.441E+02 1.621E-08 1.880E-20  0.00E+00
8.913E+02 1.819E-08 2.367E-20  0.00E+00
8.414E+02 2.040E-08 2.980E-20  0.00E+00
7.943E+02 2.289E-08 3.751E-20  0.00E+00
7.499E+02 2.569E-08 4.723E-20  0.00E+00
7.079E+02 2.882E-08 5.945E-20  0.00E+00
6.683E+02 3.234E-08 7.485E-20  0.00E+00
6.310E+02 3.628E-08 9.423E-20  0.00E+00
5.957E+02 4.071E-08 1.186E-19  0.00E+00
5.623E+02 4.568E-08 1.493E-19  0.00E+00
5.309E+02 5.125E-08 1.880E-19  0.00E+00
5.012E+02 5.750E-08 2.367E-19  0.00E+00
4.732E+02 6.452E-08 2.980E-19  0.00E+00
4.467E+02 7.239E-08 3.751E-19  0.00E+00
4.217E+02 8.122E-08 4.723E-19  0.00E+00
3.981E+02 9.113E-08 5.945E-19  0.00E+00
3.758E+02 1.022E-07 7.485E-19  0.00E+00
3.548E+02 1.147E-07 9.423E-19  0.00E+00
3.350E+02 1.287E-07 1.186E-18  0.00E+00
3.162E+02 1.444E-07 1.493E-18  0.00E+00
2.985E+02 1.620E-07 1.880E-18  0.00E+00
2.818E+02 1.817E-07 2.367E-18  0.00E+00
2.661E+02 2.039E-07 2.980E-18  0.00E+00
2.512E+02 2.287E-07 3.753E-18  0.00E+00
2.371E+02 2.565E-07 4.724E-18  0.00E+00
2.239E+02 2.878E-07 5.948E-18  0.00E+00
2.113E+02 3.228E-07 7.488E-18  0.00E+00
1.995E+02 3.622E-07 9.426E-18  0.00E+00
1.884E+02 4.063E-07 1.187E-17  0.00E+00
1.778E+02 4.558E-07 1.494E-17  0.00E+00
1.679E+02 5.111E-07 1.881E-17  0.00E+00
1.585E+02 5.731E-07 2.368E-17  0.00E+00
1.496E+02 6.425E-07 2.982E-17  0.00E+00
1.413E+02 7.204E-07 3.755E-17  0.00E+00
1.334E+02 8.080E-07 4.728E-17  0.00E+00
1.259E+02 9.063E-07 5.952E-17  0.00E+00
1.189E+02 1.016E-06 7.494E-17  0.00E+00
1.122E+02 1.139E-06 9.436E-17  0.00E+00
1.059E+02 1.277E-06 1.188E-16  0.00E+00
1.000E+02 1.431E-06 1.496E-16  0.00E+00
9.441E+01 1.604E-06 1.884E-16  0.00E+00
8.913E+01 1.797E-06 2.373E-16  0.00E+00
8.414E+01 2.013E-06 2.988E-16  0.00E+00
7.943E+01 2.255E-06 3.763E-16  0.00E+00
7.499E+01 2.525E-06 4.739E-16  0.00E+00
7.079E+01 2.828E-06 5.969E-16  0.00E+00
6.683E+01 3.166E-06 7.519E-16  0.00E+00
6.310E+01 3.543E-06 9.472E-16  0.00E+00
5.957E+01 3.964E-06 1.193E-15  0.00E+00
5.623E+01 4.433E-06 1.503E-15  0.00E+00
5.309E+01 4.957E-06 1.894E-15  0.00E+00
5.012E+01 5.540E-06 2.387E-15  0.00E+00
4.732E+01 6.190E-06 3.009E-15  0.00E+00
4.467E+01 6.913E-06 3.794E-15  0.00E+00
4.217E+01 7.718E-06 4.783E-15  0.00E+00
3.981E+01 8.613E-06 6.032E-15  0.00E+00
3.758E+01 9.607E-06 7.610E-15  0.00E+00
3.548E+01 1.071E-05 9.604E-15  0.00E+00
3.350E+01 1.194E-05 1.212E-14  0.00E+00
3.162E+01 1.330E-05 1.531E-14  0.00E+00
2.985E+01 1.481E-05 1.935E-14  0.00E+00
2.818E+01 1.651E-05 2.447E-14  0.00E+00
2.661E+01 1.839E-05 3.097E-14  0.00E+00
2.512E+01 2.051E-05 3.923E-14  0.00E+00
2.371E+01 2.290E-05 4.976E-14  0.00E+00
2.239E+01 2.562E-05 6.323E-14  0.00E+00
2.113E+01 2.878E-05 8.049E-14  0.00E+00
1.995E+01 3.250E-05 1.027E-13  0.00E+00
1.884E+01 3.704E-05 1.315E-13  0.00E+00
1.778E+01 4.278E-05 1.691E-13  0.00E+00
1.679E+01 5.031E-05 2.187E-13  0.00E+00
1.585E+01 6.135E-05 2.853E-13  0.00E+00
1.496E+01 7.732E-05 3.763E-13  0.00E+00
1.413E+01 1.047E-04 5.054E-13  0.00E+00
1.334E+01 1.563E-04 6.985E-13  0.00E+00
1.259E+01 2.703E-04 1.013E-12  0.00E+00
1.189E+01 5.849E-04 1.604E-12  0.00E+00
1.122E+01 1.726E-03 2.866E-12  0.00E+00
1.059E+01 3.800E-03 2.994E-12  0.00E+00
1.000E+01 1.825E-03 6.812E-13  0.00E+00
9.441E+00 7.805E-04 6.197E-13  3.34E-07
8.913E+00 4.971E-04 1.145E-12  3.75E-07
8.414E+00 3.784E-04 1.181E-12  3.35E-07
7.943E+00 3.040E-04 1.693E-12  3.98E-07
7.499E+00 2.593E-04 2.330E-12  4.65E-07
7.079E+00 2.318E-04 3.122E-12  5.38E-07
6.683E+00 2.133E-04 4.115E-12  6.19E-07
6.310E+00 2.005E-04 5.360E-12  7.08E-07
5.957E+00 1.911E-04 6.925E-12  8.06E-07
5.623E+00 1.835E-04 8.904E-12  9.16E-07
5.309E+00 1.774E-04 1.140E-11  1.04E-06
5.012E+00 1.725E-04 1.455E-11  1.18E-06
4.732E+00 1.681E-04 1.853E-11  1.33E-06
4.467E+00 1.640E-04 2.356E-11  1.50E-06
4.217E+00 1.602E-04 2.990E-11  1.69E-06
3.981E+00 1.566E-04 3.788E-11  1.91E-06
3.758E+00 1.529E-04 4.798E-11  2.15E-06
3.548E+00 1.491E-04 6.073E-11  2.42E-06
3.350E+00 1.452E-04 7.679E-11  2.72E-06
3.162E+00 1.412E-04 9.708E-11  3.06E-06
2.985E+00 1.370E-04 1.227E-10  3.44E-06
2.818E+00 1.325E-04 1.549E-10  3.87E-06
2.661E+00 1.279E-04 1.957E-10  4.35E-06
2.512E+00 1.231E-04 2.470E-10  4.89E-06
2.371E+00 1.184E-04 3.118E-10  5.50E-06
2.239E+00 1.133E-04 3.934E-10  6.18E-06
2.113E+00 1.079E-04 4.965E-10  6.95E-06
1.995E+00 1.025E-04 6.266E-10  7.81E-06
1.884E+00 9.696E-05 7.909E-10  8.77E-06
1.778E+00 9.157E-05 9.982E-10  9.86E-06
1.679E+00 8.615E-05 1.260E-09  1.11E-05
1.585E+00 8.074E-05 1.589E-09  1.25E-05
1.496E+00 7.548E-05 2.005E-09  1.40E-05
1.413E+00 7.024E-05 2.530E-09  1.57E-05
1.334E+00 6.521E-05 3.192E-09  1.77E-05
1.259E+00 6.029E-05 4.029E-09  1.99E-05
1.189E+00 5.559E-05 5.085E-09  2.23E-05
1.122E+00 5.110E-05 6.420E-09  2.51E-05
1.059E+00 4.680E-05 8.106E-09  2.82E-05
1.000E+00 4.276E-05 1.024E-08  3.17E-05
9.441E-01 3.896E-05 1.293E-08  3.57E-05
8.913E-01 3.538E-05 1.633E-08  4.01E-05
8.414E-01 3.206E-05 2.063E-08  4.51E-05
7.943E-01 2.897E-05 2.609E-08  5.08E-05
7.499E-01 2.610E-05 3.299E-08  5.72E-05
7.079E-01 2.346E-05 4.174E-08  6.43E-05
6.683E-01 2.104E-05 5.284E-08  7.25E-05
6.310E-01 1.882E-05 6.693E-08  8.17E-05
5.957E-01 1.681E-05 8.484E-08  9.21E-05
5.623E-01 1.492E-05 1.076E-07  1.04E-04
5.309E-01 1.323E-05 1.366E-07  1.17E-04
5.012E-01 1.170E-05 1.736E-07  1.33E-04
4.732E-01 1.031E-05 2.210E-07  1.50E-04
4.467E-01 9.045E-06 2.817E-07  1.70E-04
4.217E-01 7.803E-06 3.596E-07  1.93E-04
3.981E-01 1.028E-05 4.602E-07  2.19E-04
3.758E-01 2.643E-05 5.899E-07  2.50E-04
3.548E-01 5.745E-05 7.589E-07  2.86E-04
3.350E-01 7.225E-05 9.776E-07  3.27E-04
3.162E-01 1.460E-04 1.266E-06  3.77E-04
2.985E-01 2.248E-04 1.649E-06  4.38E-04
2.818E-01 4.820E-04 2.157E-06  5.11E-04
2.661E-01 1.035E-03 2.831E-06  6.02E-04
2.512E-01 1.854E-03 3.740E-06  7.17E-04
2.371E-01 2.624E-03 4.977E-06  8.69E-04
2.239E-01 3.874E-03 6.696E-06  1.08E-03
2.113E-01 5.980E-03 9.119E-06  1.39E-03
1.995E-01 9.974E-03 1.263E-05  1.82E-03
1.884E-01 1.714E-02 1.749E-05  1.89E-03
1.778E-01 2.636E-02 2.425E-05  1.10E-03
1.679E-01 3.858E-02 3.405E-05  1.53E-04
1.585E-01 5.885E-02 4.937E-05 -2.38E-04
1.496E-01 9.262E-02 6.948E-05 -1.17E-04
1.413E-01 1.243E-01 9.202E-05  7.57E-06
1.334E-01 1.643E-01 1.263E-04  8.55E-05
1.259E-01 2.081E-01 1.748E-04  1.43E-04
1.189E-01 2.811E-01 2.660E-04  1.91E-04
1.122E-01 3.961E-01 4.073E-04  3.09E-04
1.059E-01 5.169E-01 5.217E-04  5.31E-04
1.000E-01 5.632E-01 5.644E-04  7.70E-04
9.441E-02 5.616E-01 5.893E-04  9.95E-04
8.913E-02 5.225E-01 5.702E-04  1.25E-03
8.414E-02 4.724E-01 5.415E-04  1.53E-03
7.943E-02 4.227E-01 5.134E-04  1.83E-03
7.499E-02 3.773E-01 4.884E-04  2.16E-03
7.079E-02 3.377E-01 4.685E-04  2.51E-03
6.683E-02 3.034E-01 4.533E-04  2.90E-03
6.310E-02 2.736E-01 4.419E-04  3.33E-03
5.957E-02 2.478E-01 4.340E-04  3.81E-03
5.623E-02 2.251E-01 4.286E-04  4.35E-03
5.309E-02 2.051E-01 4.255E-04  4.96E-03
5.012E-02 1.872E-01 4.241E-04  5.64E-03
4.732E-02 1.712E-01 4.237E-04  6.40E-03
4.467E-02 1.568E-01 4.247E-04  7.26E-03
4.217E-02 1.437E-01 4.263E-04  8.22E-03
3.981E-02 1.319E-01 4.286E-04  9.30E-03
3.758E-02 1.209E-01 4.308E-04  1.05E-02
3.548E-02 1.110E-01 4.333E-04  1.19E-02
3.350E-02 1.019E-01 4.357E-04  1.34E-02
3.162E-02 9.345E-02 4.378E-04  1.52E-02
2.985E-02 8.566E-02 4.394E-04  1.71E-02
2.818E-02 7.846E-02 4.406E-04  1.93E-02
2.661E-02 7.184E-02 4.406E-04  2.18E-02
2.512E-02 6.566E-02 4.394E-04  2.46E-02
2.371E-02 6.000E-02 4.368E-04  2.77E-02
2.239E-02 5.475E-02 4.329E-04  3.12E-02
2.113E-02 4.989E-02 4.269E-04  3.52E-02
1.995E-02 4.543E-02 4.192E-04  3.97E-02
1.884E-02 4.126E-02 4.086E-04  4.47E-02
1.778E-02 3.744E-02 3.953E-04  5.03E-02
1.679E-02 3.392E-02 3.790E-04  5.67E-02
1.585E-02 3.069E-02 3.588E-04  6.39E-02
1.496E-02 2.773E-02 3.342E-04  7.19E-02
1.413E-02 2.501E-02 3.042E-04  8.10E-02
1.334E-02 2.251E-02 2.673E-04  9.13E-02
1.259E-02 2.024E-02 2.222E-04  1.03E-01
1.189E-02 1.814E-02 1.670E-04  1.16E-01
1.122E-02 1.623E-02 7.840E-05  1.31E-01
1.059E-02 6.662E-02 5.105E-04  1.48E-01
1.000E-02 6.343E-02 5.395E-04  1.66E-01
9.441E-03 5.937E-02 6.101E-04  1.87E-01
8.913E-03 5.504E-02 6.386E-04  2.10E-01
8.414E-03 5.064E-02 6.412E-04  2.36E-01
7.943E-03 4.628E-02 6.176E-04  2.66E-01
7.499E-03 4.207E-02 5.299E-04  2.98E-01
7.079E-03 4.919E-02 7.307E-04  3.34E-01
6.683E-03 4.460E-02 7.387E-04  3.73E-01
6.310E-03 4.021E-02 7.175E-04  4.15E-01
5.957E-03 3.615E-02 6.818E-04  4.60E-01
5.623E-03 3.230E-02 6.364E-04  5.06E-01
5.309E-03 2.879E-02 5.831E-04  5.54E-01
5.012E-03 2.557E-02 5.230E-04  6.01E-01
4.732E-03 2.267E-02 4.469E-04  6.46E-01
4.467E-03 2.002E-02 2.990E-04  6.86E-01
4.217E-03 2.760E-02 4.767E-04  7.20E-01
3.981E-03 2.448E-02 4.761E-04  7.47E-01
3.758E-03 2.161E-02 4.574E-04  7.67E-01
3.548E-03 1.903E-02 4.310E-04  7.82E-01
3.350E-03 1.672E-02 4.023E-04  7.95E-01
3.162E-03 1.465E-02 3.721E-04  8.07E-01
2.985E-03 1.285E-02 3.428E-04  8.21E-01
2.818E-03 1.119E-02 3.128E-04  8.38E-01
2.661E-03 9.704E-03 2.833E-04  8.55E-01
2.512E-03 8.423E-03 2.554E-04  8.72E-01
2.371E-03 7.309E-03 2.300E-04  8.85E-01
2.239E-03 6.334E-03 2.071E-04  8.94E-01
2.113E-03 5.469E-03 1.861E-04  9.01E-01
1.995E-03 4.725E-03 1.670E-04  9.08E-01
1.884E-03 4.076E-03 1.493E-04  9.17E-01
1.778E-03 3.510E-03 1.331E-04  9.27E-01
1.679E-03 3.020E-03 1.186E-04  9.34E-01
1.585E-03 2.597E-03 1.056E-04  9.38E-01
1.496E-03 2.231E-03 9.404E-05  9.43E-01
1.413E-03 1.915E-03 8.355E-05  9.49E-01
1.334E-03 1.643E-03 7.407E-05  9.54E-01
1.259E-03 1.410E-03 6.573E-05  9.58E-01
1.189E-03 1.211E-03 5.838E-05  9.62E-01
1.122E-03 1.034E-03 5.156E-05  9.66E-01
1.059E-03 8.838E-04 4.548E-05  9.69E-01
