w(micron)  Q_abs     Q_sca     g=<cos>
1.000E+03 2.040E-08 5.945E-20  0.00E+00
9.441E+02 2.289E-08 7.485E-20  0.00E+00
8.913E+02 2.569E-08 9.423E-20  0.00E+00
8.414E+02 2.882E-08 1.186E-19  0.00E+00
7.943E+02 3.234E-08 1.493E-19  0.00E+00
7.499E+02 3.629E-08 1.880E-19  0.00E+00
7.079E+02 4.071E-08 2.367E-19  0.00E+00
6.683E+02 4.568E-08 2.980E-19  0.00E+00
6.310E+02 5.125E-08 3.751E-19  0.00E+00
5.957E+02 5.751E-08 4.723E-19  0.00E+00
5.623E+02 6.452E-08 5.945E-19  0.00E+00
5.309E+02 7.240E-08 7.485E-19  0.00E+00
5.012E+02 8.123E-08 9.423E-19  0.00E+00
4.732E+02 9.114E-08 1.186E-18  0.00E+00
4.467E+02 1.023E-07 1.493E-18  0.00E+00
4.217E+02 1.147E-07 1.880E-18  0.00E+00
3.981E+02 1.287E-07 2.367E-18  0.00E+00
3.758E+02 1.444E-07 2.980E-18  0.00E+00
3.548E+02 1.620E-07 3.751E-18  0.00E+00
3.350E+02 1.818E-07 4.722E-18  0.00E+00
3.162E+02 2.040E-07 5.945E-18  0.00E+00
2.985E+02 2.288E-07 7.485E-18  0.00E+00
2.818E+02 2.567E-07 9.424E-18  0.00E+00
2.661E+02 2.880E-07 1.187E-17  0.00E+00
2.512E+02 3.230E-07 1.494E-17  0.00E+00
2.371E+02 3.624E-07 1.881E-17  0.00E+00
2.239E+02 4.065E-07 2.368E-17  0.00E+00
2.113E+02 4.560E-07 2.981E-17  0.00E+00
1.995E+02 5.116E-07 3.753E-17  0.00E+00
1.884E+02 5.740E-07 4.724E-17  0.00E+00
1.778E+02 6.438E-07 5.948E-17  0.00E+00
1.679E+02 7.220E-07 7.488E-17  0.00E+00
1.585E+02 8.095E-07 9.429E-17  0.00E+00
1.496E+02 9.076E-07 1.187E-16  0.00E+00
1.413E+02 1.018E-06 1.495E-16  0.00E+00
1.334E+02 1.141E-06 1.882E-16  0.00E+00
1.259E+02 1.280E-06 2.369E-16  0.00E+00
1.189E+02 1.435E-06 2.983E-16  0.00E+00
1.122E+02 1.609E-06 3.757E-16  0.00E+00
1.059E+02 1.804E-06 4.730E-16  0.00E+00
1.000E+02 2.021E-06 5.956E-16  0.00E+00
9.441E+01 2.265E-06 7.501E-16  0.00E+00
8.913E+01 2.538E-06 9.446E-16  0.00E+00
8.414E+01 2.843E-06 1.190E-15  0.00E+00
7.943E+01 3.185E-06 1.498E-15  0.00E+00
7.499E+01 3.567E-06 1.887E-15  0.00E+00
7.079E+01 3.994E-06 2.376E-15  0.00E+00
6.683E+01 4.471E-06 2.993E-15  0.00E+00
6.310E+01 5.005E-06 3.771E-15  0.00E+00
5.957E+01 5.599E-06 4.750E-15  0.00E+00
5.623E+01 6.262E-06 5.985E-15  0.00E+00
5.309E+01 7.002E-06 7.542E-15  0.00E+00
5.012E+01 7.826E-06 9.505E-15  0.00E+00
4.732E+01 8.743E-06 1.198E-14  0.00E+00
4.467E+01 9.765E-06 1.510E-14  0.00E+00
4.217E+01 1.090E-05 1.904E-14  0.00E+00
3.981E+01 1.217E-05 2.402E-14  0.00E+00
3.758E+01 1.357E-05 3.030E-14  0.00E+00
3.548E+01 1.513E-05 3.823E-14  0.00E+00
3.350E+01 1.686E-05 4.827E-14  0.00E+00
3.162E+01 1.878E-05 6.097E-14  0.00E+00
2.985E+01 2.093E-05 7.705E-14  0.00E+00
2.818E+01 2.331E-05 9.743E-14  0.00E+00
2.661E+01 2.598E-05 1.233E-13  0.00E+00
2.512E+01 2.897E-05 1.562E-13  0.00E+00
2.371E+01 3.234E-05 1.981E-13  0.00E+00
2.239E+01 3.619E-05 2.517E-13  0.00E+00
2.113E+01 4.065E-05 3.204E-13  0.00E+00
1.995E+01 4.591E-05 4.089E-13  0.00E+00
1.884E+01 5.232E-05 5.234E-13  0.00E+00
1.778E+01 6.042E-05 6.731E-13  0.00E+00
1.679E+01 7.107E-05 8.706E-13  0.00E+00
1.585E+01 8.666E-05 1.136E-12  0.00E+00
1.496E+01 1.092E-04 1.498E-12  0.00E+00
1.413E+01 1.478E-04 2.012E-12  0.00E+00
1.334E+01 2.208E-04 2.781E-12  1.01E-06
1.259E+01 3.818E-04 4.034E-12  3.64E-07
1.189E+01 8.261E-04 6.386E-12 -2.60E-07
1.122E+01 2.438E-03 1.141E-11 -4.73E-08
1.059E+01 5.367E-03 1.192E-11  1.45E-07
1.000E+01 2.577E-03 2.712E-12  3.02E-07
9.441E+00 1.102E-03 2.467E-12  6.66E-07
8.913E+00 7.362E-04 3.069E-12  5.47E-07
8.414E+00 5.345E-04 4.701E-12  6.67E-07
7.943E+00 4.294E-04 6.741E-12  7.93E-07
7.499E+00 3.663E-04 9.277E-12  9.28E-07
7.079E+00 3.275E-04 1.243E-11  1.07E-06
6.683E+00 3.014E-04 1.638E-11  1.24E-06
6.310E+00 2.832E-04 2.134E-11  1.41E-06
5.957E+00 2.700E-04 2.757E-11  1.61E-06
5.623E+00 2.592E-04 3.545E-11  1.83E-06
5.309E+00 2.506E-04 4.540E-11  2.07E-06
5.012E+00 2.436E-04 5.794E-11  2.34E-06
4.732E+00 2.374E-04 7.376E-11  2.65E-06
4.467E+00 2.316E-04 9.381E-11  2.99E-06
4.217E+00 2.263E-04 1.190E-10  3.37E-06
3.981E+00 2.212E-04 1.508E-10  3.80E-06
3.758E+00 2.159E-04 1.910E-10  4.28E-06
3.548E+00 2.105E-04 2.418E-10  4.82E-06
3.350E+00 2.051E-04 3.057E-10  5.43E-06
3.162E+00 1.994E-04 3.865E-10  6.11E-06
2.985E+00 1.935E-04 4.884E-10  6.87E-06
2.818E+00 1.872E-04 6.169E-10  7.72E-06
2.661E+00 1.807E-04 7.790E-10  8.68E-06
2.512E+00 1.739E-04 9.835E-10  9.76E-06
2.371E+00 1.672E-04 1.241E-09  1.10E-05
2.239E+00 1.600E-04 1.566E-09  1.23E-05
2.113E+00 1.524E-04 1.977E-09  1.39E-05
1.995E+00 1.447E-04 2.495E-09  1.56E-05
1.884E+00 1.370E-04 3.149E-09  1.75E-05
1.778E+00 1.294E-04 3.974E-09  1.97E-05
1.679E+00 1.217E-04 5.015E-09  2.21E-05
1.585E+00 1.141E-04 6.327E-09  2.48E-05
1.496E+00 1.066E-04 7.983E-09  2.79E-05
1.413E+00 9.923E-05 1.007E-08  3.14E-05
1.334E+00 9.212E-05 1.271E-08  3.53E-05
1.259E+00 8.518E-05 1.604E-08  3.96E-05
1.189E+00 7.854E-05 2.025E-08  4.45E-05
1.122E+00 7.218E-05 2.556E-08  5.01E-05
1.059E+00 6.611E-05 3.227E-08  5.63E-05
1.000E+00 6.041E-05 4.075E-08  6.33E-05
9.441E-01 5.504E-05 5.147E-08  7.12E-05
8.913E-01 4.999E-05 6.502E-08  8.00E-05
8.414E-01 4.530E-05 8.215E-08  9.00E-05
7.943E-01 4.093E-05 1.039E-07  1.01E-04
7.499E-01 3.688E-05 1.314E-07  1.14E-04
7.079E-01 3.315E-05 1.662E-07  1.28E-04
6.683E-01 2.973E-05 2.104E-07  1.45E-04
6.310E-01 2.660E-05 2.665E-07  1.63E-04
5.957E-01 2.375E-05 3.378E-07  1.84E-04
5.623E-01 2.109E-05 4.286E-07  2.07E-04
5.309E-01 1.869E-05 5.440E-07  2.34E-04
5.012E-01 1.654E-05 6.914E-07  2.65E-04
4.732E-01 1.458E-05 8.800E-07  2.99E-04
4.467E-01 1.279E-05 1.122E-06  3.39E-04
4.217E-01 1.103E-05 1.432E-06  3.85E-04
3.981E-01 1.453E-05 1.833E-06  4.37E-04
3.758E-01 3.738E-05 2.350E-06  4.98E-04
3.548E-01 8.127E-05 3.023E-06  5.70E-04
3.350E-01 1.022E-04 3.894E-06  6.53E-04
3.162E-01 2.066E-04 5.046E-06  7.52E-04
2.985E-01 3.183E-04 6.569E-06  8.73E-04
2.818E-01 6.828E-04 8.595E-06  1.02E-03
2.661E-01 1.467E-03 1.128E-05  1.20E-03
2.512E-01 2.630E-03 1.491E-05  1.43E-03
2.371E-01 3.727E-03 1.984E-05  1.73E-03
2.239E-01 5.511E-03 2.670E-05  2.16E-03
2.113E-01 8.533E-03 3.638E-05  2.78E-03
1.995E-01 1.432E-02 5.041E-05  3.64E-03
1.884E-01 2.478E-02 6.983E-05  3.77E-03
1.778E-01 3.814E-02 9.687E-05  2.16E-03
1.679E-01 5.551E-02 1.361E-04  2.80E-04
1.585E-01 8.419E-02 1.975E-04 -4.82E-04
1.496E-01 1.322E-01 2.782E-04 -2.35E-04
1.413E-01 1.774E-01 3.686E-04  1.44E-05
1.334E-01 2.344E-01 5.063E-04  1.71E-04
1.259E-01 2.972E-01 7.013E-04  2.87E-04
1.189E-01 4.017E-01 1.068E-03  3.86E-04
1.122E-01 5.658E-01 1.635E-03  6.21E-04
1.059E-01 7.355E-01 2.087E-03  1.07E-03
1.000E-01 7.969E-01 2.244E-03  1.54E-03
9.441E-02 7.913E-01 2.332E-03  2.00E-03
8.913E-02 7.333E-01 2.246E-03  2.52E-03
8.414E-02 6.611E-01 2.126E-03  3.08E-03
7.943E-02 5.904E-01 2.010E-03  3.68E-03
7.499E-02 5.262E-01 1.907E-03  4.33E-03
7.079E-02 4.703E-01 1.826E-03  5.04E-03
6.683E-02 4.222E-01 1.764E-03  5.83E-03
6.310E-02 3.804E-01 1.716E-03  6.70E-03
5.957E-02 3.443E-01 1.682E-03  7.67E-03
5.623E-02 3.125E-01 1.658E-03  8.76E-03
5.309E-02 2.846E-01 1.642E-03  9.98E-03
5.012E-02 2.597E-01 1.633E-03  1.14E-02
4.732E-02 2.373E-01 1.628E-03  1.29E-02
4.467E-02 2.173E-01 1.628E-03  1.46E-02
4.217E-02 1.991E-01 1.629E-03  1.66E-02
3.981E-02 1.826E-01 1.633E-03  1.88E-02
3.758E-02 1.674E-01 1.636E-03  2.12E-02
3.548E-02 1.536E-01 1.639E-03  2.40E-02
3.350E-02 1.409E-01 1.642E-03  2.71E-02
3.162E-02 1.293E-01 1.643E-03  3.07E-02
2.985E-02 1.185E-01 1.640E-03  3.46E-02
2.818E-02 1.085E-01 1.636E-03  3.91E-02
2.661E-02 9.936E-02 1.626E-03  4.41E-02
2.512E-02 9.083E-02 1.612E-03  4.98E-02
2.371E-02 8.302E-02 1.591E-03  5.62E-02
2.239E-02 7.578E-02 1.564E-03  6.33E-02
2.113E-02 6.909E-02 1.529E-03  7.14E-02
1.995E-02 6.295E-02 1.487E-03  8.05E-02
1.884E-02 5.721E-02 1.434E-03  9.08E-02
1.778E-02 5.195E-02 1.371E-03  1.02E-01
1.679E-02 4.711E-02 1.297E-03  1.15E-01
1.585E-02 4.268E-02 1.211E-03  1.30E-01
1.496E-02 3.860E-02 1.110E-03  1.47E-01
1.413E-02 3.485E-02 9.928E-04  1.65E-01
1.334E-02 3.142E-02 8.562E-04  1.86E-01
1.259E-02 2.830E-02 6.973E-04  2.09E-01
1.189E-02 2.541E-02 5.123E-04  2.35E-01
1.122E-02 2.278E-02 2.349E-04  2.65E-01
1.059E-02 9.288E-02 1.470E-03  3.02E-01
1.000E-02 8.808E-02 1.504E-03  3.36E-01
9.441E-03 8.244E-02 1.650E-03  3.75E-01
8.913E-03 7.650E-02 1.677E-03  4.17E-01
8.414E-03 7.048E-02 1.634E-03  4.61E-01
7.943E-03 6.450E-02 1.530E-03  5.08E-01
7.499E-03 5.872E-02 1.278E-03  5.55E-01
7.079E-03 6.855E-02 1.715E-03  6.03E-01
6.683E-03 6.221E-02 1.700E-03  6.46E-01
6.310E-03 5.614E-02 1.626E-03  6.86E-01
5.957E-03 5.051E-02 1.531E-03  7.20E-01
5.623E-03 4.515E-02 1.424E-03  7.47E-01
5.309E-03 4.028E-02 1.307E-03  7.68E-01
5.012E-03 3.580E-02 1.177E-03  7.83E-01
4.732E-03 3.177E-02 1.012E-03  7.95E-01
4.467E-03 2.809E-02 6.797E-04  8.07E-01
4.217E-03 3.864E-02 1.079E-03  8.22E-01
3.981E-03 3.430E-02 1.072E-03  8.38E-01
3.758E-03 3.031E-02 1.020E-03  8.56E-01
3.548E-03 2.672E-02 9.493E-04  8.72E-01
3.350E-03 2.349E-02 8.756E-04  8.85E-01
3.162E-03 2.061E-02 8.020E-04  8.94E-01
2.985E-03 1.808E-02 7.339E-04  9.01E-01
2.818E-03 1.575E-02 6.666E-04  9.08E-01
2.661E-03 1.367E-02 6.014E-04  9.17E-01
2.512E-03 1.187E-02 5.400E-04  9.27E-01
2.371E-03 1.030E-02 4.844E-04  9.34E-01
2.239E-03 8.930E-03 4.342E-04  9.38E-01
2.113E-03 7.713E-03 3.882E-04  9.43E-01
1.995E-03 6.665E-03 3.465E-04  9.49E-01
1.884E-03 5.751E-03 3.088E-04  9.54E-01
1.778E-03 4.952E-03 2.749E-04  9.58E-01
1.679E-03 4.262E-03 2.442E-04  9.62E-01
1.585E-03 3.666E-03 2.167E-04  9.66E-01
1.496E-03 3.150E-03 1.925E-04  9.69E-01
1.413E-03 2.703E-03 1.707E-04  9.71E-01
1.334E-03 2.319E-03 1.510E-04  9.74E-01
1.259E-03 1.990E-03 1.337E-04  9.76E-01
1.189E-03 1.710E-03 1.185E-04  9.79E-01
1.122E-03 1.460E-03 1.046E-04  9.81E-01
1.059E-03 1.248E-03 9.210E-05  9.82E-01
