w(micron)  Q_abs     Q_sca     g=<cos>
1.000E+03 1.287E-07 9.423E-17  0.00E+00
9.441E+02 1.445E-07 1.186E-16  0.00E+00
8.913E+02 1.621E-07 1.493E-16  0.00E+00
8.414E+02 1.819E-07 1.880E-16  0.00E+00
7.943E+02 2.040E-07 2.367E-16  0.00E+00
7.499E+02 2.289E-07 2.980E-16  0.00E+00
7.079E+02 2.569E-07 3.751E-16  0.00E+00
6.683E+02 2.882E-07 4.723E-16  0.00E+00
6.310E+02 3.234E-07 5.945E-16  0.00E+00
5.957E+02 3.628E-07 7.485E-16  0.00E+00
5.623E+02 4.071E-07 9.423E-16  0.00E+00
5.309E+02 4.568E-07 1.186E-15  0.00E+00
5.012E+02 5.125E-07 1.493E-15  0.00E+00
4.732E+02 5.750E-07 1.880E-15  0.00E+00
4.467E+02 6.452E-07 2.367E-15  0.00E+00
4.217E+02 7.239E-07 2.980E-15  0.00E+00
3.981E+02 8.122E-07 3.751E-15  0.00E+00
3.758E+02 9.112E-07 4.722E-15  0.00E+00
3.548E+02 1.022E-06 5.945E-15  0.00E+00
3.350E+02 1.147E-06 7.485E-15  0.00E+00
3.162E+02 1.287E-06 9.423E-15  0.00E+00
2.985E+02 1.444E-06 1.186E-14  0.00E+00
2.818E+02 1.620E-06 1.494E-14  0.00E+00
2.661E+02 1.817E-06 1.881E-14  0.00E+00
2.512E+02 2.038E-06 2.368E-14  0.00E+00
2.371E+02 2.286E-06 2.981E-14  0.00E+00
2.239E+02 2.565E-06 3.753E-14  0.00E+00
2.113E+02 2.877E-06 4.724E-14  0.00E+00
1.995E+02 3.228E-06 5.947E-14  0.00E+00
1.884E+02 3.621E-06 7.487E-14  0.00E+00
1.778E+02 4.062E-06 9.426E-14  0.00E+00
1.679E+02 4.555E-06 1.187E-13  0.00E+00
1.585E+02 5.107E-06 1.494E-13  0.00E+00
1.496E+02 5.726E-06 1.882E-13  0.00E+00
1.413E+02 6.421E-06 2.369E-13  0.00E+00
1.334E+02 7.201E-06 2.983E-13  0.00E+00
1.259E+02 8.077E-06 3.755E-13  0.00E+00
1.189E+02 9.057E-06 4.728E-13  0.00E+00
1.122E+02 1.015E-05 5.954E-13  0.00E+00
1.059E+02 1.138E-05 7.497E-13  0.00E+00
1.000E+02 1.275E-05 9.440E-13  0.00E+00
9.441E+01 1.429E-05 1.189E-12  0.00E+00
8.913E+01 1.601E-05 1.497E-12  0.00E+00
8.414E+01 1.794E-05 1.885E-12  5.13E-07
7.943E+01 2.010E-05 2.374E-12  5.76E-07
7.499E+01 2.251E-05 2.990E-12  6.47E-07
7.079E+01 2.520E-05 3.766E-12  7.26E-07
6.683E+01 2.821E-05 4.744E-12  8.15E-07
6.310E+01 3.158E-05 5.976E-12  9.16E-07
5.957E+01 3.533E-05 7.529E-12  1.03E-06
5.623E+01 3.951E-05 9.486E-12  1.15E-06
5.309E+01 4.418E-05 1.195E-11  1.30E-06
5.012E+01 4.938E-05 1.506E-11  1.46E-06
4.732E+01 5.517E-05 1.899E-11  1.64E-06
4.467E+01 6.162E-05 2.394E-11  1.84E-06
4.217E+01 6.879E-05 3.018E-11  2.07E-06
3.981E+01 7.676E-05 3.806E-11  2.33E-06
3.758E+01 8.562E-05 4.802E-11  2.62E-06
3.548E+01 9.547E-05 6.060E-11  2.95E-06
3.350E+01 1.064E-04 7.650E-11  3.32E-06
3.162E+01 1.185E-04 9.663E-11  3.74E-06
2.985E+01 1.320E-04 1.221E-10  4.22E-06
2.818E+01 1.471E-04 1.544E-10  4.77E-06
2.661E+01 1.639E-04 1.954E-10  5.39E-06
2.512E+01 1.828E-04 2.476E-10  6.10E-06
2.371E+01 2.041E-04 3.140E-10  6.92E-06
2.239E+01 2.284E-04 3.989E-10  7.87E-06
2.113E+01 2.565E-04 5.079E-10  8.98E-06
1.995E+01 2.897E-04 6.481E-10  1.03E-05
1.884E+01 3.301E-04 8.296E-10  1.19E-05
1.778E+01 3.813E-04 1.067E-09  1.38E-05
1.679E+01 4.485E-04 1.380E-09  1.62E-05
1.585E+01 5.469E-04 1.800E-09  1.95E-05
1.496E+01 6.893E-04 2.374E-09  2.41E-05
1.413E+01 9.331E-04 3.189E-09  3.11E-05
1.334E+01 1.394E-03 4.407E-09  4.03E-05
1.259E+01 2.411E-03 6.395E-09  1.45E-05
1.189E+01 5.214E-03 1.012E-08 -1.03E-05
1.122E+01 1.538E-02 1.809E-08 -1.88E-06
1.059E+01 3.387E-02 1.889E-08  5.79E-06
1.000E+01 1.626E-02 4.298E-09  1.20E-05
9.441E+00 7.606E-03 3.097E-09  1.70E-05
8.913E+00 4.646E-03 4.864E-09  2.18E-05
8.414E+00 3.373E-03 7.451E-09  2.66E-05
7.943E+00 2.710E-03 1.068E-08  3.16E-05
7.499E+00 2.311E-03 1.470E-08  3.70E-05
7.079E+00 2.067E-03 1.970E-08  4.28E-05
6.683E+00 1.902E-03 2.597E-08  4.92E-05
6.310E+00 1.788E-03 3.382E-08  5.62E-05
5.957E+00 1.704E-03 4.370E-08  6.41E-05
5.623E+00 1.636E-03 5.619E-08  7.28E-05
5.309E+00 1.582E-03 7.196E-08  8.25E-05
5.012E+00 1.538E-03 9.184E-08  9.33E-05
4.732E+00 1.499E-03 1.169E-07  1.05E-04
4.467E+00 1.462E-03 1.487E-07  1.19E-04
4.217E+00 1.429E-03 1.887E-07  1.34E-04
3.981E+00 1.397E-03 2.391E-07  1.51E-04
3.758E+00 1.363E-03 3.029E-07  1.71E-04
3.548E+00 1.330E-03 3.833E-07  1.92E-04
3.350E+00 1.295E-03 4.847E-07  2.16E-04
3.162E+00 1.259E-03 6.128E-07  2.43E-04
2.985E+00 1.222E-03 7.744E-07  2.73E-04
2.818E+00 1.183E-03 9.782E-07  3.07E-04
2.661E+00 1.142E-03 1.235E-06  3.46E-04
2.512E+00 1.099E-03 1.560E-06  3.89E-04
2.371E+00 1.057E-03 1.969E-06  4.37E-04
2.239E+00 1.012E-03 2.485E-06  4.91E-04
2.113E+00 9.641E-04 3.136E-06  5.52E-04
1.995E+00 9.159E-04 3.958E-06  6.20E-04
1.884E+00 8.671E-04 4.996E-06  6.97E-04
1.778E+00 8.192E-04 6.307E-06  7.83E-04
1.679E+00 7.711E-04 7.960E-06  8.80E-04
1.585E+00 7.231E-04 1.005E-05  9.89E-04
1.496E+00 6.764E-04 1.268E-05  1.11E-03
1.413E+00 6.299E-04 1.600E-05  1.25E-03
1.334E+00 5.852E-04 2.019E-05  1.40E-03
1.259E+00 5.415E-04 2.550E-05  1.58E-03
1.189E+00 4.998E-04 3.219E-05  1.77E-03
1.122E+00 4.598E-04 4.066E-05  1.99E-03
1.059E+00 4.217E-04 5.136E-05  2.24E-03
1.000E+00 3.858E-04 6.489E-05  2.52E-03
9.441E-01 3.521E-04 8.200E-05  2.83E-03
8.913E-01 3.203E-04 1.037E-04  3.19E-03
8.414E-01 2.908E-04 1.311E-04  3.58E-03
7.943E-01 2.633E-04 1.658E-04  4.03E-03
7.499E-01 2.379E-04 2.099E-04  4.54E-03
7.079E-01 2.145E-04 2.659E-04  5.11E-03
6.683E-01 1.929E-04 3.370E-04  5.76E-03
6.310E-01 1.732E-04 4.274E-04  6.49E-03
5.957E-01 1.553E-04 5.427E-04  7.32E-03
5.623E-01 1.385E-04 6.897E-04  8.25E-03
5.309E-01 1.235E-04 8.772E-04  9.32E-03
5.012E-01 1.099E-04 1.117E-03  1.05E-02
4.732E-01 9.756E-05 1.426E-03  1.19E-02
4.467E-01 8.629E-05 1.822E-03  1.35E-02
4.217E-01 7.515E-05 2.335E-03  1.53E-02
3.981E-01 1.001E-04 3.000E-03  1.74E-02
3.758E-01 2.608E-04 3.862E-03  1.99E-02
3.548E-01 5.758E-04 4.995E-03  2.28E-02
3.350E-01 7.376E-04 6.474E-03  2.61E-02
3.162E-01 1.525E-03 8.447E-03  3.02E-02
2.985E-01 2.416E-03 1.109E-02  3.52E-02
2.818E-01 5.373E-03 1.466E-02  4.14E-02
2.661E-01 1.209E-02 1.947E-02  4.91E-02
2.512E-01 2.308E-02 2.609E-02  5.92E-02
2.371E-01 3.583E-02 3.537E-02  7.32E-02
2.239E-01 6.128E-02 4.873E-02  9.41E-02
2.113E-01 1.223E-01 6.859E-02  1.27E-01
1.995E-01 3.173E-01 1.000E-01  1.64E-01
1.884E-01 6.140E-01 1.433E-01  8.59E-02
1.778E-01 6.766E-01 1.979E-01 -6.23E-04
1.679E-01 7.396E-01 2.794E-01 -2.14E-02
1.585E-01 9.381E-01 4.100E-01 -1.58E-02
1.496E-01 1.324E+00 5.636E-01  2.12E-04
1.413E-01 1.656E+00 7.067E-01  1.18E-02
1.334E-01 1.988E+00 8.860E-01  2.13E-02
1.259E-01 2.237E+00 1.081E+00  3.00E-02
1.189E-01 2.465E+00 1.325E+00  3.94E-02
1.122E-01 2.524E+00 1.430E+00  5.45E-02
1.059E-01 2.359E+00 1.235E+00  8.13E-02
1.000E-01 2.130E+00 1.031E+00  1.13E-01
9.441E-02 1.935E+00 9.137E-01  1.44E-01
8.913E-02 1.742E+00 8.026E-01  1.74E-01
8.414E-02 1.570E+00 7.169E-01  2.04E-01
7.943E-02 1.423E+00 6.500E-01  2.33E-01
7.499E-02 1.296E+00 5.960E-01  2.63E-01
7.079E-02 1.189E+00 5.521E-01  2.94E-01
6.683E-02 1.096E+00 5.156E-01  3.26E-01
6.310E-02 1.017E+00 4.844E-01  3.59E-01
5.957E-02 9.477E-01 4.575E-01  3.93E-01
5.623E-02 8.867E-01 4.336E-01  4.29E-01
5.309E-02 8.327E-01 4.123E-01  4.65E-01
5.012E-02 7.839E-01 3.929E-01  5.02E-01
4.732E-02 7.399E-01 3.747E-01  5.40E-01
4.467E-02 6.997E-01 3.578E-01  5.77E-01
4.217E-02 6.625E-01 3.416E-01  6.14E-01
3.981E-02 6.278E-01 3.262E-01  6.50E-01
3.758E-02 5.947E-01 3.111E-01  6.85E-01
3.548E-02 5.636E-01 2.964E-01  7.17E-01
3.350E-02 5.336E-01 2.821E-01  7.47E-01
3.162E-02 5.044E-01 2.681E-01  7.73E-01
2.985E-02 4.759E-01 2.543E-01  7.95E-01
2.818E-02 4.480E-01 2.410E-01  8.13E-01
2.661E-02 4.213E-01 2.278E-01  8.27E-01
2.512E-02 3.955E-01 2.146E-01  8.39E-01
2.371E-02 3.712E-01 2.012E-01  8.52E-01
2.239E-02 3.479E-01 1.877E-01  8.67E-01
2.113E-02 3.255E-01 1.739E-01  8.81E-01
1.995E-02 3.039E-01 1.603E-01  8.94E-01
1.884E-02 2.826E-01 1.465E-01  9.03E-01
1.778E-02 2.623E-01 1.330E-01  9.10E-01
1.679E-02 2.429E-01 1.195E-01  9.17E-01
1.585E-02 2.246E-01 1.059E-01  9.26E-01
1.496E-02 2.070E-01 9.229E-02  9.34E-01
1.413E-02 1.902E-01 7.864E-02  9.39E-01
1.334E-02 1.743E-01 6.476E-02  9.44E-01
1.259E-02 1.595E-01 5.046E-02  9.49E-01
1.189E-02 1.454E-01 3.557E-02  9.55E-01
1.122E-02 1.326E-01 1.575E-02  9.58E-01
1.059E-02 4.506E-01 7.517E-02  9.62E-01
1.000E-02 4.244E-01 7.411E-02  9.66E-01
9.441E-03 4.018E-01 7.959E-02  9.69E-01
8.913E-03 3.788E-01 7.980E-02  9.71E-01
8.414E-03 3.550E-01 7.720E-02  9.74E-01
7.943E-03 3.308E-01 7.204E-02  9.77E-01
7.499E-03 3.070E-01 6.025E-02  9.79E-01
7.079E-03 3.481E-01 7.676E-02  9.81E-01
6.683E-03 3.218E-01 7.631E-02  9.82E-01
6.310E-03 2.958E-01 7.323E-02  9.84E-01
5.957E-03 2.709E-01 6.900E-02  9.86E-01
5.623E-03 2.464E-01 6.407E-02  9.87E-01
5.309E-03 2.233E-01 5.850E-02  9.88E-01
5.012E-03 2.014E-01 5.234E-02  9.89E-01
4.732E-03 1.811E-01 4.461E-02  9.90E-01
4.467E-03 1.622E-01 2.977E-02  9.91E-01
4.217E-03 2.162E-01 4.481E-02  9.92E-01
3.981E-03 1.944E-01 4.448E-02  9.93E-01
3.758E-03 1.740E-01 4.237E-02  9.93E-01
3.548E-03 1.551E-01 3.949E-02  9.94E-01
3.350E-03 1.377E-01 3.643E-02  9.95E-01
3.162E-03 1.219E-01 3.332E-02  9.95E-01
2.985E-03 1.079E-01 3.040E-02  9.96E-01
2.818E-03 9.460E-02 2.756E-02  9.96E-01
2.661E-03 8.264E-02 2.485E-02  9.96E-01
2.512E-03 7.217E-02 2.230E-02  9.97E-01
2.371E-03 6.295E-02 1.998E-02  9.97E-01
2.239E-03 5.481E-02 1.787E-02  9.97E-01
2.113E-03 4.752E-02 1.594E-02  9.98E-01
1.995E-03 4.120E-02 1.421E-02  9.98E-01
1.884E-03 3.565E-02 1.265E-02  9.98E-01
1.778E-03 3.077E-02 1.123E-02  9.98E-01
1.679E-03 2.654E-02 9.965E-03  9.98E-01
1.585E-03 2.287E-02 8.832E-03  9.99E-01
1.496E-03 1.968E-02 7.830E-03  9.99E-01
1.413E-03 1.692E-02 6.934E-03  9.99E-01
1.334E-03 1.453E-02 6.127E-03  9.99E-01
1.259E-03 1.248E-02 5.418E-03  9.99E-01
1.189E-03 1.073E-02 4.796E-03  9.99E-01
1.122E-03 9.170E-03 4.226E-03  9.99E-01
1.059E-03 7.845E-03 3.717E-03  9.99E-01
