w(micron)  Q_abs     Q_sca     g=<cos>
1.000E+03 4.568E-07 1.493E-14  0.00E+00
9.441E+02 5.125E-07 1.880E-14  0.00E+00
8.913E+02 5.751E-07 2.367E-14  0.00E+00
8.414E+02 6.453E-07 2.980E-14  0.00E+00
7.943E+02 7.240E-07 3.751E-14  0.00E+00
7.499E+02 8.123E-07 4.723E-14  0.00E+00
7.079E+02 9.114E-07 5.945E-14  0.00E+00
6.683E+02 1.023E-06 7.485E-14  0.00E+00
6.310E+02 1.147E-06 9.423E-14  0.00E+00
5.957E+02 1.287E-06 1.186E-13  0.00E+00
5.623E+02 1.444E-06 1.493E-13  0.00E+00
5.309E+02 1.621E-06 1.880E-13  0.00E+00
5.012E+02 1.818E-06 2.367E-13  0.00E+00
4.732E+02 2.040E-06 2.980E-13  0.00E+00
4.467E+02 2.289E-06 3.751E-13  0.00E+00
4.217E+02 2.568E-06 4.723E-13  0.00E+00
3.981E+02 2.882E-06 5.945E-13  0.00E+00
3.758E+02 3.233E-06 7.485E-13  0.00E+00
3.548E+02 3.627E-06 9.423E-13  0.00E+00
3.350E+02 4.070E-06 1.186E-12  0.00E+00
3.162E+02 4.566E-06 1.493E-12  0.00E+00
2.985E+02 5.123E-06 1.880E-12  5.12E-07
2.818E+02 5.747E-06 2.367E-12  5.74E-07
2.661E+02 6.447E-06 2.980E-12  6.44E-07
2.512E+02 7.232E-06 3.753E-12  7.23E-07
2.371E+02 8.112E-06 4.724E-12  8.11E-07
2.239E+02 9.100E-06 5.948E-12  9.10E-07
2.113E+02 1.021E-05 7.488E-12  1.02E-06
1.995E+02 1.145E-05 9.426E-12  1.15E-06
1.884E+02 1.285E-05 1.187E-11  1.29E-06
1.778E+02 1.441E-05 1.494E-11  1.44E-06
1.679E+02 1.616E-05 1.881E-11  1.62E-06
1.585E+02 1.812E-05 2.368E-11  1.82E-06
1.496E+02 2.032E-05 2.982E-11  2.04E-06
1.413E+02 2.278E-05 3.755E-11  2.29E-06
1.334E+02 2.555E-05 4.728E-11  2.57E-06
1.259E+02 2.866E-05 5.952E-11  2.88E-06
1.189E+02 3.213E-05 7.494E-11  3.23E-06
1.122E+02 3.602E-05 9.436E-11  3.63E-06
1.059E+02 4.038E-05 1.188E-10  4.07E-06
1.000E+02 4.525E-05 1.496E-10  4.57E-06
9.441E+01 5.071E-05 1.884E-10  5.13E-06
8.913E+01 5.682E-05 2.373E-10  5.76E-06
8.414E+01 6.366E-05 2.988E-10  6.46E-06
7.943E+01 7.131E-05 3.763E-10  7.25E-06
7.499E+01 7.986E-05 4.739E-10  8.14E-06
7.079E+01 8.942E-05 5.969E-10  9.14E-06
6.683E+01 1.001E-04 7.519E-10  1.03E-05
6.310E+01 1.120E-04 9.472E-10  1.15E-05
5.957E+01 1.254E-04 1.193E-09  1.29E-05
5.623E+01 1.402E-04 1.503E-09  1.45E-05
5.309E+01 1.568E-04 1.894E-09  1.63E-05
5.012E+01 1.752E-04 2.388E-09  1.83E-05
4.732E+01 1.958E-04 3.009E-09  2.06E-05
4.467E+01 2.186E-04 3.794E-09  2.32E-05
4.217E+01 2.441E-04 4.783E-09  2.61E-05
3.981E+01 2.724E-04 6.033E-09  2.93E-05
3.758E+01 3.039E-04 7.611E-09  3.30E-05
3.548E+01 3.388E-04 9.604E-09  3.71E-05
3.350E+01 3.776E-04 1.213E-08  4.18E-05
3.162E+01 4.207E-04 1.532E-08  4.71E-05
2.985E+01 4.686E-04 1.936E-08  5.31E-05
2.818E+01 5.221E-04 2.448E-08  6.00E-05
2.661E+01 5.818E-04 3.098E-08  6.78E-05
2.512E+01 6.489E-04 3.924E-08  7.68E-05
2.371E+01 7.244E-04 4.977E-08  8.71E-05
2.239E+01 8.107E-04 6.324E-08  9.91E-05
2.113E+01 9.107E-04 8.050E-08  1.13E-04
1.995E+01 1.029E-03 1.027E-07  1.30E-04
1.884E+01 1.172E-03 1.315E-07  1.49E-04
1.778E+01 1.354E-03 1.691E-07  1.74E-04
1.679E+01 1.593E-03 2.188E-07  2.05E-04
1.585E+01 1.944E-03 2.854E-07  2.46E-04
1.496E+01 2.451E-03 3.764E-07  3.03E-04
1.413E+01 3.322E-03 5.056E-07  3.91E-04
1.334E+01 4.975E-03 6.989E-07  5.07E-04
1.259E+01 8.625E-03 1.014E-06  1.81E-04
1.189E+01 1.855E-02 1.606E-06 -1.30E-04
1.122E+01 5.466E-02 2.870E-06 -2.36E-05
1.059E+01 1.203E-01 2.996E-06  7.28E-05
1.000E+01 5.772E-02 6.812E-07  1.51E-04
9.441E+00 2.700E-02 4.909E-07  2.14E-04
8.913E+00 1.650E-02 7.711E-07  2.74E-04
8.414E+00 1.198E-02 1.181E-06  3.34E-04
7.943E+00 9.630E-03 1.694E-06  3.97E-04
7.499E+00 8.216E-03 2.332E-06  4.65E-04
7.079E+00 7.349E-03 3.125E-06  5.39E-04
6.683E+00 6.766E-03 4.120E-06  6.19E-04
6.310E+00 6.362E-03 5.367E-06  7.08E-04
5.957E+00 6.067E-03 6.935E-06  8.06E-04
5.623E+00 5.827E-03 8.919E-06  9.16E-04
5.309E+00 5.638E-03 1.142E-05  1.04E-03
5.012E+00 5.484E-03 1.458E-05  1.17E-03
4.732E+00 5.349E-03 1.857E-05  1.33E-03
4.467E+00 5.223E-03 2.363E-05  1.50E-03
4.217E+00 5.109E-03 2.999E-05  1.69E-03
3.981E+00 4.998E-03 3.802E-05  1.90E-03
3.758E+00 4.884E-03 4.817E-05  2.15E-03
3.548E+00 4.769E-03 6.100E-05  2.42E-03
3.350E+00 4.653E-03 7.717E-05  2.72E-03
3.162E+00 4.530E-03 9.763E-05  3.06E-03
2.985E+00 4.404E-03 1.235E-04  3.44E-03
2.818E+00 4.270E-03 1.561E-04  3.87E-03
2.661E+00 4.132E-03 1.972E-04  4.35E-03
2.512E+00 3.986E-03 2.493E-04  4.89E-03
2.371E+00 3.845E-03 3.150E-04  5.50E-03
2.239E+00 3.692E-03 3.980E-04  6.18E-03
2.113E+00 3.529E-03 5.029E-04  6.94E-03
1.995E+00 3.366E-03 6.358E-04  7.80E-03
1.884E+00 3.200E-03 8.039E-04  8.77E-03
1.778E+00 3.038E-03 1.017E-03  9.85E-03
1.679E+00 2.876E-03 1.286E-03  1.11E-02
1.585E+00 2.713E-03 1.627E-03  1.24E-02
1.496E+00 2.556E-03 2.058E-03  1.40E-02
1.413E+00 2.398E-03 2.605E-03  1.57E-02
1.334E+00 2.248E-03 3.299E-03  1.76E-02
1.259E+00 2.100E-03 4.180E-03  1.98E-02
1.189E+00 1.960E-03 5.301E-03  2.23E-02
1.122E+00 1.826E-03 6.726E-03  2.51E-02
1.059E+00 1.698E-03 8.542E-03  2.82E-02
1.000E+00 1.578E-03 1.086E-02  3.17E-02
9.441E-01 1.465E-03 1.381E-02  3.57E-02
8.913E-01 1.359E-03 1.759E-02  4.01E-02
8.414E-01 1.262E-03 2.243E-02  4.52E-02
7.943E-01 1.172E-03 2.865E-02  5.09E-02
7.499E-01 1.089E-03 3.666E-02  5.74E-02
7.079E-01 1.013E-03 4.698E-02  6.47E-02
6.683E-01 9.450E-04 6.035E-02  7.31E-02
6.310E-01 8.843E-04 7.770E-02  8.27E-02
5.957E-01 8.311E-04 1.003E-01  9.38E-02
5.623E-01 7.823E-04 1.299E-01  1.07E-01
5.309E-01 7.421E-04 1.687E-01  1.21E-01
5.012E-01 7.104E-04 2.199E-01  1.39E-01
4.732E-01 6.875E-04 2.879E-01  1.60E-01
4.467E-01 6.753E-04 3.790E-01  1.85E-01
4.217E-01 6.700E-04 5.020E-01  2.17E-01
3.981E-01 1.057E-03 6.716E-01  2.58E-01
3.758E-01 3.461E-03 9.118E-01  3.12E-01
3.548E-01 1.069E-02 1.285E+00  3.86E-01
3.350E-01 2.293E-02 1.985E+00  4.77E-01
3.162E-01 1.082E-01 4.012E+00  5.15E-01
2.985E-01 2.552E-01 7.181E+00  2.92E-01
2.818E-01 2.262E-01 5.090E+00  8.86E-02
2.661E-01 3.372E-01 4.429E+00  9.94E-02
2.512E-01 8.630E-01 3.597E+00  1.91E-01
2.371E-01 1.758E+00 1.520E+00  4.15E-01
2.239E-01 1.150E+00 1.017E+00  2.59E-01
2.113E-01 1.442E+00 1.314E+00  3.53E-01
1.995E-01 1.274E+00 1.623E+00  3.80E-01
1.884E-01 1.179E+00 1.671E+00  4.00E-01
1.778E-01 1.095E+00 1.822E+00  4.22E-01
1.679E-01 1.053E+00 1.991E+00  4.43E-01
1.585E-01 1.054E+00 2.130E+00  4.62E-01
1.496E-01 1.138E+00 2.102E+00  4.91E-01
1.413E-01 1.212E+00 2.030E+00  5.24E-01
1.334E-01 1.277E+00 2.011E+00  5.60E-01
1.259E-01 1.304E+00 2.021E+00  5.88E-01
1.189E-01 1.292E+00 2.065E+00  6.03E-01
1.122E-01 1.284E+00 2.044E+00  6.16E-01
1.059E-01 1.285E+00 1.906E+00  6.38E-01
1.000E-01 1.242E+00 1.770E+00  6.58E-01
9.441E-02 1.187E+00 1.679E+00  6.73E-01
8.913E-02 1.134E+00 1.589E+00  6.89E-01
8.414E-02 1.088E+00 1.512E+00  7.05E-01
7.943E-02 1.048E+00 1.448E+00  7.21E-01
7.499E-02 1.014E+00 1.392E+00  7.39E-01
7.079E-02 9.858E-01 1.343E+00  7.56E-01
6.683E-02 9.612E-01 1.301E+00  7.73E-01
6.310E-02 9.400E-01 1.264E+00  7.90E-01
5.957E-02 9.214E-01 1.232E+00  8.07E-01
5.623E-02 9.048E-01 1.204E+00  8.24E-01
5.309E-02 8.898E-01 1.179E+00  8.40E-01
5.012E-02 8.759E-01 1.158E+00  8.55E-01
4.732E-02 8.631E-01 1.140E+00  8.69E-01
4.467E-02 8.509E-01 1.126E+00  8.83E-01
4.217E-02 8.391E-01 1.114E+00  8.95E-01
3.981E-02 8.276E-01 1.106E+00  9.06E-01
3.758E-02 8.162E-01 1.100E+00  9.17E-01
3.548E-02 8.051E-01 1.096E+00  9.27E-01
3.350E-02 7.940E-01 1.094E+00  9.35E-01
3.162E-02 7.824E-01 1.094E+00  9.43E-01
2.985E-02 7.704E-01 1.094E+00  9.50E-01
2.818E-02 7.576E-01 1.095E+00  9.56E-01
2.661E-02 7.442E-01 1.093E+00  9.62E-01
2.512E-02 7.294E-01 1.089E+00  9.67E-01
2.371E-02 7.136E-01 1.082E+00  9.71E-01
2.239E-02 6.962E-01 1.069E+00  9.75E-01
2.113E-02 6.772E-01 1.051E+00  9.78E-01
1.995E-02 6.567E-01 1.026E+00  9.81E-01
1.884E-02 6.342E-01 9.929E-01  9.84E-01
1.778E-02 6.103E-01 9.510E-01  9.86E-01
1.679E-02 5.848E-01 9.003E-01  9.87E-01
1.585E-02 5.582E-01 8.396E-01  9.89E-01
1.496E-02 5.304E-01 7.685E-01  9.90E-01
1.413E-02 5.018E-01 6.861E-01  9.92E-01
1.334E-02 4.726E-01 5.909E-01  9.93E-01
1.259E-02 4.435E-01 4.809E-01  9.93E-01
1.189E-02 4.141E-01 3.539E-01  9.94E-01
1.122E-02 3.865E-01 1.643E-01  9.95E-01
1.059E-02 8.564E-01 4.499E-01  9.94E-01
1.000E-02 8.208E-01 4.529E-01  9.95E-01
9.441E-03 7.981E-01 4.949E-01  9.95E-01
8.913E-03 7.756E-01 5.111E-01  9.96E-01
8.414E-03 7.512E-01 5.130E-01  9.96E-01
7.943E-03 7.245E-01 4.996E-01  9.97E-01
7.499E-03 6.964E-01 4.408E-01  9.97E-01
7.079E-03 7.450E-01 5.133E-01  9.97E-01
6.683E-03 7.144E-01 5.303E-01  9.98E-01
6.310E-03 6.815E-01 5.313E-01  9.98E-01
5.957E-03 6.470E-01 5.231E-01  9.98E-01
5.623E-03 6.098E-01 5.079E-01  9.98E-01
5.309E-03 5.717E-01 4.844E-01  9.98E-01
5.012E-03 5.325E-01 4.523E-01  9.99E-01
4.732E-03 4.935E-01 4.022E-01  9.99E-01
4.467E-03 4.547E-01 2.823E-01  9.99E-01
4.217E-03 5.604E-01 3.820E-01  9.99E-01
3.981E-03 5.201E-01 3.922E-01  9.99E-01
3.758E-03 4.794E-01 3.866E-01  9.99E-01
3.548E-03 4.393E-01 3.725E-01  9.99E-01
3.350E-03 4.002E-01 3.544E-01  9.99E-01
3.162E-03 3.625E-01 3.336E-01  9.99E-01
2.985E-03 3.273E-01 3.123E-01  1.00E+00
2.818E-03 2.927E-01 2.901E-01  1.00E+00
2.661E-03 2.602E-01 2.673E-01  1.00E+00
2.512E-03 2.307E-01 2.446E-01  1.00E+00
2.371E-03 2.039E-01 2.229E-01  1.00E+00
2.239E-03 1.797E-01 2.024E-01  1.00E+00
2.113E-03 1.574E-01 1.831E-01  1.00E+00
1.995E-03 1.377E-01 1.652E-01  1.00E+00
1.884E-03 1.201E-01 1.486E-01  1.00E+00
1.778E-03 1.045E-01 1.332E-01  1.00E+00
1.679E-03 9.064E-02 1.191E-01  1.00E+00
1.585E-03 7.852E-02 1.063E-01  1.00E+00
1.496E-03 6.788E-02 9.479E-02  1.00E+00
1.413E-03 5.858E-02 8.439E-02  1.00E+00
1.334E-03 5.049E-02 7.492E-02  1.00E+00
1.259E-03 4.350E-02 6.651E-02  1.00E+00
1.189E-03 3.750E-02 5.908E-02  1.00E+00
1.122E-03 3.211E-02 5.221E-02  1.00E+00
1.059E-03 2.752E-02 4.605E-02  1.00E+00
