w(micron)  Q_abs     Q_sca     g=<cos>
1.000E+03 1.023E-07 3.751E-17  0.00E+00
9.441E+02 1.147E-07 4.723E-17  0.00E+00
8.913E+02 1.287E-07 5.945E-17  0.00E+00
8.414E+02 1.445E-07 7.485E-17  0.00E+00
7.943E+02 1.621E-07 9.423E-17  0.00E+00
7.499E+02 1.819E-07 1.186E-16  0.00E+00
7.079E+02 2.040E-07 1.493E-16  0.00E+00
6.683E+02 2.289E-07 1.880E-16  0.00E+00
6.310E+02 2.569E-07 2.367E-16  0.00E+00
5.957E+02 2.882E-07 2.980E-16  0.00E+00
5.623E+02 3.234E-07 3.751E-16  0.00E+00
5.309E+02 3.628E-07 4.723E-16  0.00E+00
5.012E+02 4.071E-07 5.945E-16  0.00E+00
4.732E+02 4.568E-07 7.485E-16  0.00E+00
4.467E+02 5.125E-07 9.423E-16  0.00E+00
4.217E+02 5.750E-07 1.186E-15  0.00E+00
3.981E+02 6.451E-07 1.493E-15  0.00E+00
3.758E+02 7.238E-07 1.880E-15  0.00E+00
3.548E+02 8.121E-07 2.367E-15  0.00E+00
3.350E+02 9.111E-07 2.980E-15  0.00E+00
3.162E+02 1.022E-06 3.751E-15  0.00E+00
2.985E+02 1.147E-06 4.723E-15  0.00E+00
2.818E+02 1.287E-06 5.946E-15  0.00E+00
2.661E+02 1.443E-06 7.487E-15  0.00E+00
2.512E+02 1.619E-06 9.426E-15  0.00E+00
2.371E+02 1.816E-06 1.187E-14  0.00E+00
2.239E+02 2.037E-06 1.494E-14  0.00E+00
2.113E+02 2.285E-06 1.881E-14  0.00E+00
1.995E+02 2.564E-06 2.368E-14  0.00E+00
1.884E+02 2.877E-06 2.981E-14  0.00E+00
1.778E+02 3.227E-06 3.753E-14  0.00E+00
1.679E+02 3.618E-06 4.725E-14  0.00E+00
1.585E+02 4.057E-06 5.949E-14  0.00E+00
1.496E+02 4.549E-06 7.491E-14  0.00E+00
1.413E+02 5.100E-06 9.432E-14  0.00E+00
1.334E+02 5.720E-06 1.188E-13  0.00E+00
1.259E+02 6.416E-06 1.495E-13  0.00E+00
1.189E+02 7.194E-06 1.882E-13  0.00E+00
1.122E+02 8.064E-06 2.370E-13  0.00E+00
1.059E+02 9.039E-06 2.985E-13  0.00E+00
1.000E+02 1.013E-05 3.758E-13  0.00E+00
9.441E+01 1.135E-05 4.733E-13  0.00E+00
8.913E+01 1.272E-05 5.960E-13  0.00E+00
8.414E+01 1.425E-05 7.505E-13  0.00E+00
7.943E+01 1.596E-05 9.452E-13  0.00E+00
7.499E+01 1.788E-05 1.190E-12  0.00E+00
7.079E+01 2.002E-05 1.499E-12  0.00E+00
6.683E+01 2.241E-05 1.889E-12  5.14E-07
6.310E+01 2.508E-05 2.379E-12  5.78E-07
5.957E+01 2.806E-05 2.997E-12  6.49E-07
5.623E+01 3.139E-05 3.776E-12  7.29E-07
5.309E+01 3.509E-05 4.759E-12  8.19E-07
5.012E+01 3.922E-05 5.997E-12  9.20E-07
4.732E+01 4.382E-05 7.559E-12  1.03E-06
4.467E+01 4.894E-05 9.529E-12  1.16E-06
4.217E+01 5.464E-05 1.201E-11  1.31E-06
3.981E+01 6.097E-05 1.515E-11  1.47E-06
3.758E+01 6.801E-05 1.912E-11  1.65E-06
3.548E+01 7.583E-05 2.412E-11  1.86E-06
3.350E+01 8.450E-05 3.046E-11  2.10E-06
3.162E+01 9.415E-05 3.847E-11  2.36E-06
2.985E+01 1.049E-04 4.861E-11  2.66E-06
2.818E+01 1.169E-04 6.148E-11  3.01E-06
2.661E+01 1.302E-04 7.780E-11  3.40E-06
2.512E+01 1.452E-04 9.855E-11  3.85E-06
2.371E+01 1.621E-04 1.250E-10  4.37E-06
2.239E+01 1.814E-04 1.588E-10  4.96E-06
2.113E+01 2.037E-04 2.022E-10  5.67E-06
1.995E+01 2.301E-04 2.580E-10  6.49E-06
1.884E+01 2.622E-04 3.303E-10  7.49E-06
1.778E+01 3.029E-04 4.247E-10  8.71E-06
1.679E+01 3.562E-04 5.493E-10  1.03E-05
1.585E+01 4.344E-04 7.167E-10  1.23E-05
1.496E+01 5.475E-04 9.451E-10  1.52E-05
1.413E+01 7.411E-04 1.270E-09  1.96E-05
1.334E+01 1.107E-03 1.755E-09  2.54E-05
1.259E+01 1.914E-03 2.546E-09  9.15E-06
1.189E+01 4.141E-03 4.029E-09 -6.53E-06
1.122E+01 1.222E-02 7.200E-09 -1.19E-06
1.059E+01 2.690E-02 7.522E-09  3.65E-06
1.000E+01 1.292E-02 1.711E-09  7.58E-06
9.441E+00 6.041E-03 1.233E-09  1.07E-05
8.913E+00 3.690E-03 1.936E-09  1.37E-05
8.414E+00 2.679E-03 2.966E-09  1.68E-05
7.943E+00 2.152E-03 4.253E-09  1.99E-05
7.499E+00 1.836E-03 5.854E-09  2.33E-05
7.079E+00 1.641E-03 7.844E-09  2.70E-05
6.683E+00 1.511E-03 1.034E-08  3.10E-05
6.310E+00 1.420E-03 1.347E-08  3.55E-05
5.957E+00 1.353E-03 1.740E-08  4.04E-05
5.623E+00 1.299E-03 2.237E-08  4.59E-05
5.309E+00 1.256E-03 2.865E-08  5.21E-05
5.012E+00 1.221E-03 3.656E-08  5.89E-05
4.732E+00 1.190E-03 4.655E-08  6.66E-05
4.467E+00 1.161E-03 5.920E-08  7.52E-05
4.217E+00 1.135E-03 7.511E-08  8.47E-05
3.981E+00 1.109E-03 9.517E-08  9.55E-05
3.758E+00 1.083E-03 1.206E-07  1.08E-04
3.548E+00 1.056E-03 1.526E-07  1.21E-04
3.350E+00 1.029E-03 1.929E-07  1.36E-04
3.162E+00 1.000E-03 2.439E-07  1.53E-04
2.985E+00 9.705E-04 3.082E-07  1.73E-04
2.818E+00 9.389E-04 3.893E-07  1.94E-04
2.661E+00 9.066E-04 4.917E-07  2.18E-04
2.512E+00 8.725E-04 6.208E-07  2.45E-04
2.371E+00 8.391E-04 7.835E-07  2.76E-04
2.239E+00 8.033E-04 9.888E-07  3.10E-04
2.113E+00 7.651E-04 1.248E-06  3.48E-04
1.995E+00 7.267E-04 1.575E-06  3.91E-04
1.884E+00 6.879E-04 1.988E-06  4.40E-04
1.778E+00 6.498E-04 2.510E-06  4.94E-04
1.679E+00 6.115E-04 3.167E-06  5.55E-04
1.585E+00 5.733E-04 3.997E-06  6.24E-04
1.496E+00 5.362E-04 5.043E-06  7.01E-04
1.413E+00 4.992E-04 6.364E-06  7.88E-04
1.334E+00 4.636E-04 8.032E-06  8.85E-04
1.259E+00 4.289E-04 1.014E-05  9.95E-04
1.189E+00 3.957E-04 1.280E-05  1.12E-03
1.122E+00 3.639E-04 1.616E-05  1.26E-03
1.059E+00 3.336E-04 2.041E-05  1.41E-03
1.000E+00 3.051E-04 2.579E-05  1.59E-03
9.441E-01 2.782E-04 3.258E-05  1.79E-03
8.913E-01 2.529E-04 4.117E-05  2.01E-03
8.414E-01 2.295E-04 5.204E-05  2.26E-03
7.943E-01 2.076E-04 6.583E-05  2.54E-03
7.499E-01 1.874E-04 8.332E-05  2.86E-03
7.079E-01 1.688E-04 1.055E-04  3.22E-03
6.683E-01 1.516E-04 1.336E-04  3.63E-03
6.310E-01 1.360E-04 1.694E-04  4.09E-03
5.957E-01 1.217E-04 2.149E-04  4.62E-03
5.623E-01 1.084E-04 2.730E-04  5.21E-03
5.309E-01 9.641E-05 3.469E-04  5.88E-03
5.012E-01 8.562E-05 4.415E-04  6.64E-03
4.732E-01 7.579E-05 5.628E-04  7.52E-03
4.467E-01 6.683E-05 7.187E-04  8.52E-03
4.217E-01 5.800E-05 9.196E-04  9.67E-03
3.981E-01 7.692E-05 1.180E-03  1.10E-02
3.758E-01 1.994E-04 1.516E-03  1.25E-02
3.548E-01 4.379E-04 1.957E-03  1.43E-02
3.350E-01 5.571E-04 2.531E-03  1.64E-02
3.162E-01 1.142E-03 3.294E-03  1.90E-02
2.985E-01 1.790E-03 4.311E-03  2.21E-02
2.818E-01 3.926E-03 5.675E-03  2.59E-02
2.661E-01 8.681E-03 7.505E-03  3.06E-02
2.512E-01 1.617E-02 1.000E-02  3.67E-02
2.371E-01 2.422E-02 1.346E-02  4.50E-02
2.239E-01 3.907E-02 1.836E-02  5.71E-02
2.113E-01 7.032E-02 2.547E-02  7.55E-02
1.995E-01 1.551E-01 3.620E-02  9.98E-02
1.884E-01 3.210E-01 5.142E-02  7.81E-02
1.778E-01 4.237E-01 7.225E-02  1.64E-02
1.679E-01 4.943E-01 1.029E-01 -1.14E-02
1.585E-01 6.464E-01 1.523E-01 -1.31E-02
1.496E-01 9.464E-01 2.155E-01 -3.28E-03
1.413E-01 1.235E+00 2.826E-01  3.82E-03
1.334E-01 1.577E+00 3.787E-01  9.26E-03
1.259E-01 1.916E+00 5.029E-01  1.39E-02
1.189E-01 2.368E+00 7.002E-01  1.86E-02
1.122E-01 2.747E+00 8.746E-01  2.65E-02
1.059E-01 2.697E+00 8.217E-01  4.05E-02
1.000E-01 2.404E+00 7.011E-01  5.72E-02
9.441E-02 2.139E+00 6.273E-01  7.43E-02
8.913E-02 1.878E+00 5.492E-01  9.30E-02
8.414E-02 1.656E+00 4.881E-01  1.12E-01
7.943E-02 1.472E+00 4.407E-01  1.32E-01
7.499E-02 1.318E+00 4.029E-01  1.52E-01
7.079E-02 1.190E+00 3.726E-01  1.75E-01
6.683E-02 1.082E+00 3.477E-01  1.98E-01
6.310E-02 9.901E-01 3.265E-01  2.24E-01
5.957E-02 9.112E-01 3.084E-01  2.51E-01
5.623E-02 8.426E-01 2.924E-01  2.81E-01
5.309E-02 7.825E-01 2.781E-01  3.13E-01
5.012E-02 7.291E-01 2.649E-01  3.47E-01
4.732E-02 6.815E-01 2.524E-01  3.83E-01
4.467E-02 6.386E-01 2.408E-01  4.20E-01
4.217E-02 5.994E-01 2.295E-01  4.59E-01
3.981E-02 5.634E-01 2.187E-01  4.99E-01
3.758E-02 5.298E-01 2.080E-01  5.40E-01
3.548E-02 4.987E-01 1.975E-01  5.81E-01
3.350E-02 4.694E-01 1.871E-01  6.21E-01
3.162E-02 4.414E-01 1.769E-01  6.60E-01
2.985E-02 4.146E-01 1.668E-01  6.97E-01
2.818E-02 3.887E-01 1.570E-01  7.30E-01
2.661E-02 3.639E-01 1.473E-01  7.58E-01
2.512E-02 3.398E-01 1.379E-01  7.82E-01
2.371E-02 3.168E-01 1.287E-01  8.00E-01
2.239E-02 2.948E-01 1.198E-01  8.15E-01
2.113E-02 2.739E-01 1.110E-01  8.27E-01
1.995E-02 2.543E-01 1.023E-01  8.39E-01
1.884E-02 2.355E-01 9.347E-02  8.54E-01
1.778E-02 2.178E-01 8.457E-02  8.69E-01
1.679E-02 2.009E-01 7.573E-02  8.84E-01
1.585E-02 1.849E-01 6.699E-02  8.95E-01
1.496E-02 1.697E-01 5.835E-02  9.03E-01
1.413E-02 1.555E-01 4.972E-02  9.10E-01
1.334E-02 1.421E-01 4.090E-02  9.18E-01
1.259E-02 1.296E-01 3.182E-02  9.27E-01
1.189E-02 1.178E-01 2.240E-02  9.34E-01
1.122E-02 1.072E-01 9.911E-03  9.39E-01
1.059E-02 3.809E-01 4.995E-02  9.45E-01
1.000E-02 3.582E-01 4.917E-02  9.50E-01
9.441E-03 3.381E-01 5.270E-02  9.55E-01
8.913E-03 3.175E-01 5.270E-02  9.59E-01
8.414E-03 2.965E-01 5.084E-02  9.62E-01
7.943E-03 2.752E-01 4.728E-02  9.66E-01
7.499E-03 2.543E-01 3.940E-02  9.69E-01
7.079E-03 2.902E-01 5.064E-02  9.72E-01
6.683E-03 2.672E-01 5.016E-02  9.74E-01
6.310E-03 2.446E-01 4.796E-02  9.77E-01
5.957E-03 2.231E-01 4.503E-02  9.79E-01
5.623E-03 2.022E-01 4.167E-02  9.81E-01
5.309E-03 1.826E-01 3.793E-02  9.82E-01
5.012E-03 1.642E-01 3.383E-02  9.84E-01
4.732E-03 1.472E-01 2.875E-02  9.86E-01
4.467E-03 1.315E-01 1.913E-02  9.87E-01
4.217E-03 1.765E-01 2.905E-02  9.88E-01
3.981E-03 1.583E-01 2.876E-02  9.89E-01
3.758E-03 1.413E-01 2.732E-02  9.90E-01
3.548E-03 1.256E-01 2.540E-02  9.91E-01
3.350E-03 1.113E-01 2.338E-02  9.92E-01
3.162E-03 9.831E-02 2.134E-02  9.93E-01
2.985E-03 8.681E-02 1.943E-02  9.93E-01
2.818E-03 7.601E-02 1.759E-02  9.94E-01
2.661E-03 6.630E-02 1.583E-02  9.95E-01
2.512E-03 5.783E-02 1.419E-02  9.95E-01
2.371E-03 5.038E-02 1.270E-02  9.96E-01
2.239E-03 4.382E-02 1.134E-02  9.96E-01
2.113E-03 3.796E-02 1.011E-02  9.96E-01
1.995E-03 3.288E-02 9.009E-03  9.97E-01
1.884E-03 2.844E-02 8.012E-03  9.97E-01
1.778E-03 2.453E-02 7.112E-03  9.97E-01
1.679E-03 2.115E-02 6.306E-03  9.98E-01
1.585E-03 1.822E-02 5.586E-03  9.98E-01
1.496E-03 1.567E-02 4.950E-03  9.98E-01
1.413E-03 1.346E-02 4.383E-03  9.98E-01
1.334E-03 1.156E-02 3.872E-03  9.98E-01
1.259E-03 9.929E-03 3.423E-03  9.99E-01
1.189E-03 8.536E-03 3.029E-03  9.99E-01
1.122E-03 7.292E-03 2.669E-03  9.99E-01
1.059E-03 6.237E-03 2.347E-03  9.99E-01
