w(micron)  Q_abs     Q_sca     g=<cos>
1.000E+03 1.819E-08 3.751E-20  0.00E+00
9.441E+02 2.040E-08 4.723E-20  0.00E+00
8.913E+02 2.289E-08 5.945E-20  0.00E+00
8.414E+02 2.569E-08 7.485E-20  0.00E+00
7.943E+02 2.882E-08 9.423E-20  0.00E+00
7.499E+02 3.234E-08 1.186E-19  0.00E+00
7.079E+02 3.629E-08 1.493E-19  0.00E+00
6.683E+02 4.071E-08 1.880E-19  0.00E+00
6.310E+02 4.568E-08 2.367E-19  0.00E+00
5.957E+02 5.125E-08 2.980E-19  0.00E+00
5.623E+02 5.751E-08 3.751E-19  0.00E+00
5.309E+02 6.452E-08 4.723E-19  0.00E+00
5.012E+02 7.239E-08 5.945E-19  0.00E+00
4.732E+02 8.123E-08 7.485E-19  0.00E+00
4.467E+02 9.113E-08 9.423E-19  0.00E+00
4.217E+02 1.023E-07 1.186E-18  0.00E+00
3.981E+02 1.147E-07 1.493E-18  0.00E+00
3.758E+02 1.287E-07 1.880E-18  0.00E+00
3.548E+02 1.444E-07 2.367E-18  0.00E+00
3.350E+02 1.620E-07 2.980E-18  0.00E+00
3.162E+02 1.818E-07 3.751E-18  0.00E+00
2.985E+02 2.039E-07 4.723E-18  0.00E+00
2.818E+02 2.288E-07 5.946E-18  0.00E+00
2.661E+02 2.566E-07 7.487E-18  0.00E+00
2.512E+02 2.879E-07 9.426E-18  0.00E+00
2.371E+02 3.230E-07 1.187E-17  0.00E+00
2.239E+02 3.623E-07 1.494E-17  0.00E+00
2.113E+02 4.064E-07 1.881E-17  0.00E+00
1.995E+02 4.560E-07 2.368E-17  0.00E+00
1.884E+02 5.115E-07 2.981E-17  0.00E+00
1.778E+02 5.738E-07 3.753E-17  0.00E+00
1.679E+02 6.435E-07 4.725E-17  0.00E+00
1.585E+02 7.215E-07 5.949E-17  0.00E+00
1.496E+02 8.089E-07 7.491E-17  0.00E+00
1.413E+02 9.069E-07 9.432E-17  0.00E+00
1.334E+02 1.017E-06 1.188E-16  0.00E+00
1.259E+02 1.141E-06 1.495E-16  0.00E+00
1.189E+02 1.279E-06 1.882E-16  0.00E+00
1.122E+02 1.434E-06 2.370E-16  0.00E+00
1.059E+02 1.607E-06 2.985E-16  0.00E+00
1.000E+02 1.802E-06 3.758E-16  0.00E+00
9.441E+01 2.019E-06 4.733E-16  0.00E+00
8.913E+01 2.262E-06 5.960E-16  0.00E+00
8.414E+01 2.534E-06 7.505E-16  0.00E+00
7.943E+01 2.839E-06 9.452E-16  0.00E+00
7.499E+01 3.179E-06 1.190E-15  0.00E+00
7.079E+01 3.560E-06 1.499E-15  0.00E+00
6.683E+01 3.985E-06 1.889E-15  0.00E+00
6.310E+01 4.460E-06 2.379E-15  0.00E+00
5.957E+01 4.990E-06 2.997E-15  0.00E+00
5.623E+01 5.581E-06 3.776E-15  0.00E+00
5.309E+01 6.240E-06 4.759E-15  0.00E+00
5.012E+01 6.975E-06 5.997E-15  0.00E+00
4.732E+01 7.793E-06 7.559E-15  0.00E+00
4.467E+01 8.703E-06 9.529E-15  0.00E+00
4.217E+01 9.717E-06 1.201E-14  0.00E+00
3.981E+01 1.084E-05 1.515E-14  0.00E+00
3.758E+01 1.209E-05 1.912E-14  0.00E+00
3.548E+01 1.349E-05 2.412E-14  0.00E+00
3.350E+01 1.503E-05 3.046E-14  0.00E+00
3.162E+01 1.674E-05 3.847E-14  0.00E+00
2.985E+01 1.865E-05 4.861E-14  0.00E+00
2.818E+01 2.078E-05 6.148E-14  0.00E+00
2.661E+01 2.315E-05 7.780E-14  0.00E+00
2.512E+01 2.582E-05 9.855E-14  0.00E+00
2.371E+01 2.883E-05 1.250E-13  0.00E+00
2.239E+01 3.226E-05 1.588E-13  0.00E+00
2.113E+01 3.623E-05 2.022E-13  0.00E+00
1.995E+01 4.092E-05 2.580E-13  0.00E+00
1.884E+01 4.663E-05 3.303E-13  0.00E+00
1.778E+01 5.385E-05 4.247E-13  0.00E+00
1.679E+01 6.334E-05 5.493E-13  0.00E+00
1.585E+01 7.724E-05 7.167E-13  0.00E+00
1.496E+01 9.734E-05 9.451E-13  0.00E+00
1.413E+01 1.318E-04 1.269E-12  0.00E+00
1.334E+01 1.968E-04 1.755E-12  0.00E+00
1.259E+01 3.403E-04 2.546E-12  0.00E+00
1.189E+01 7.363E-04 4.029E-12 -2.06E-07
1.122E+01 2.173E-03 7.200E-12 -3.75E-08
1.059E+01 4.783E-03 7.521E-12  1.16E-07
1.000E+01 1.849E-03 1.604E-12  4.71E-07
9.441E+00 9.826E-04 1.556E-12  5.29E-07
8.913E+00 6.562E-04 1.936E-12  4.35E-07
8.414E+00 4.763E-04 2.966E-12  5.30E-07
7.943E+00 3.827E-04 4.253E-12  6.30E-07
7.499E+00 3.264E-04 5.854E-12  7.37E-07
7.079E+00 2.919E-04 7.843E-12  8.54E-07
6.683E+00 2.686E-04 1.034E-11  9.81E-07
6.310E+00 2.524E-04 1.346E-11  1.12E-06
5.957E+00 2.406E-04 1.740E-11  1.28E-06
5.623E+00 2.310E-04 2.237E-11  1.45E-06
5.309E+00 2.233E-04 2.864E-11  1.65E-06
5.012E+00 2.171E-04 3.656E-11  1.86E-06
4.732E+00 2.116E-04 4.654E-11  2.10E-06
4.467E+00 2.064E-04 5.919E-11  2.38E-06
4.217E+00 2.017E-04 7.510E-11  2.68E-06
3.981E+00 1.971E-04 9.516E-11  3.02E-06
3.758E+00 1.924E-04 1.205E-10  3.40E-06
3.548E+00 1.876E-04 1.526E-10  3.83E-06
3.350E+00 1.828E-04 1.929E-10  4.31E-06
3.162E+00 1.777E-04 2.438E-10  4.85E-06
2.985E+00 1.724E-04 3.081E-10  5.46E-06
2.818E+00 1.668E-04 3.892E-10  6.14E-06
2.661E+00 1.611E-04 4.915E-10  6.90E-06
2.512E+00 1.550E-04 6.205E-10  7.75E-06
2.371E+00 1.490E-04 7.831E-10  8.72E-06
2.239E+00 1.426E-04 9.882E-10  9.79E-06
2.113E+00 1.358E-04 1.247E-09  1.10E-05
1.995E+00 1.290E-04 1.574E-09  1.24E-05
1.884E+00 1.221E-04 1.987E-09  1.39E-05
1.778E+00 1.153E-04 2.507E-09  1.56E-05
1.679E+00 1.085E-04 3.164E-09  1.76E-05
1.585E+00 1.017E-04 3.992E-09  1.97E-05
1.496E+00 9.503E-05 5.037E-09  2.22E-05
1.413E+00 8.843E-05 6.355E-09  2.49E-05
1.334E+00 8.210E-05 8.019E-09  2.80E-05
1.259E+00 7.591E-05 1.012E-08  3.15E-05
1.189E+00 6.999E-05 1.277E-08  3.54E-05
1.122E+00 6.433E-05 1.613E-08  3.98E-05
1.059E+00 5.892E-05 2.036E-08  4.47E-05
1.000E+00 5.384E-05 2.571E-08  5.03E-05
9.441E-01 4.905E-05 3.248E-08  5.65E-05
8.913E-01 4.455E-05 4.102E-08  6.36E-05
8.414E-01 4.037E-05 5.183E-08  7.15E-05
7.943E-01 3.647E-05 6.553E-08  8.05E-05
7.499E-01 3.286E-05 8.288E-08  9.06E-05
7.079E-01 2.955E-05 1.048E-07  1.02E-04
6.683E-01 2.649E-05 1.327E-07  1.15E-04
6.310E-01 2.370E-05 1.681E-07  1.29E-04
5.957E-01 2.117E-05 2.131E-07  1.46E-04
5.623E-01 1.879E-05 2.704E-07  1.65E-04
5.309E-01 1.666E-05 3.432E-07  1.86E-04
5.012E-01 1.474E-05 4.362E-07  2.10E-04
4.732E-01 1.299E-05 5.552E-07  2.38E-04
4.467E-01 1.139E-05 7.076E-07  2.69E-04
4.217E-01 9.829E-06 9.035E-07  3.06E-04
3.981E-01 1.295E-05 1.156E-06  3.48E-04
3.758E-01 3.330E-05 1.482E-06  3.96E-04
3.548E-01 7.239E-05 1.907E-06  4.53E-04
3.350E-01 9.105E-05 2.457E-06  5.18E-04
3.162E-01 1.840E-04 3.183E-06  5.98E-04
2.985E-01 2.834E-04 4.143E-06  6.93E-04
2.818E-01 6.078E-04 5.421E-06  8.11E-04
2.661E-01 1.306E-03 7.117E-06  9.54E-04
2.512E-01 2.340E-03 9.400E-06  1.14E-03
2.371E-01 3.314E-03 1.251E-05  1.38E-03
2.239E-01 4.897E-03 1.684E-05  1.71E-03
2.113E-01 7.573E-03 2.293E-05  2.20E-03
1.995E-01 1.268E-02 3.178E-05  2.89E-03
1.884E-01 2.187E-02 4.401E-05  3.00E-03
1.778E-01 3.366E-02 6.103E-05  1.73E-03
1.679E-01 4.910E-02 8.573E-05  2.30E-04
1.585E-01 7.464E-02 1.244E-04 -3.81E-04
1.496E-01 1.173E-01 1.751E-04 -1.86E-04
1.413E-01 1.574E-01 2.320E-04  1.17E-05
1.334E-01 2.081E-01 3.185E-04  1.36E-04
1.259E-01 2.637E-01 4.411E-04  2.27E-04
1.189E-01 3.563E-01 6.715E-04  3.05E-04
1.122E-01 5.020E-01 1.028E-03  4.92E-04
1.059E-01 6.536E-01 1.314E-03  8.44E-04
1.000E-01 7.099E-01 1.417E-03  1.22E-03
9.441E-02 7.061E-01 1.475E-03  1.58E-03
8.913E-02 6.554E-01 1.424E-03  2.00E-03
8.414E-02 5.916E-01 1.349E-03  2.44E-03
7.943E-02 5.287E-01 1.277E-03  2.91E-03
7.499E-02 4.715E-01 1.213E-03  3.43E-03
7.079E-02 4.217E-01 1.162E-03  3.99E-03
6.683E-02 3.786E-01 1.124E-03  4.62E-03
6.310E-02 3.413E-01 1.094E-03  5.31E-03
5.957E-02 3.089E-01 1.073E-03  6.08E-03
5.623E-02 2.805E-01 1.059E-03  6.94E-03
5.309E-02 2.555E-01 1.050E-03  7.90E-03
5.012E-02 2.332E-01 1.045E-03  8.98E-03
4.732E-02 2.132E-01 1.042E-03  1.02E-02
4.467E-02 1.952E-01 1.043E-03  1.16E-02
4.217E-02 1.789E-01 1.045E-03  1.31E-02
3.981E-02 1.641E-01 1.049E-03  1.48E-02
3.758E-02 1.504E-01 1.052E-03  1.68E-02
3.548E-02 1.381E-01 1.056E-03  1.90E-02
3.350E-02 1.267E-01 1.060E-03  2.14E-02
3.162E-02 1.162E-01 1.062E-03  2.42E-02
2.985E-02 1.065E-01 1.063E-03  2.74E-02
2.818E-02 9.755E-02 1.062E-03  3.09E-02
2.661E-02 8.931E-02 1.059E-03  3.48E-02
2.512E-02 8.164E-02 1.052E-03  3.93E-02
2.371E-02 7.461E-02 1.041E-03  4.43E-02
2.239E-02 6.809E-02 1.027E-03  5.00E-02
2.113E-02 6.206E-02 1.007E-03  5.64E-02
1.995E-02 5.653E-02 9.834E-04  6.35E-02
1.884E-02 5.136E-02 9.524E-04  7.16E-02
1.778E-02 4.662E-02 9.148E-04  8.07E-02
1.679E-02 4.226E-02 8.702E-04  9.10E-02
1.585E-02 3.826E-02 8.169E-04  1.03E-01
1.496E-02 3.459E-02 7.535E-04  1.16E-01
1.413E-02 3.122E-02 6.787E-04  1.30E-01
1.334E-02 2.812E-02 5.896E-04  1.47E-01
1.259E-02 2.531E-02 4.841E-04  1.65E-01
1.189E-02 2.271E-02 3.587E-04  1.86E-01
1.122E-02 2.035E-02 1.660E-04  2.10E-01
1.059E-02 8.321E-02 1.055E-03  2.39E-01
1.000E-02 7.899E-02 1.092E-03  2.67E-01
9.441E-03 7.392E-02 1.211E-03  2.99E-01
8.913E-03 6.857E-02 1.242E-03  3.35E-01
8.414E-03 6.314E-02 1.222E-03  3.74E-01
7.943E-03 5.776E-02 1.154E-03  4.16E-01
7.499E-03 5.256E-02 9.706E-04  4.61E-01
7.079E-03 6.139E-02 1.311E-03  5.08E-01
6.683E-03 5.570E-02 1.303E-03  5.55E-01
6.310E-03 5.026E-02 1.248E-03  6.02E-01
5.957E-03 4.521E-02 1.174E-03  6.46E-01
5.623E-03 4.040E-02 1.089E-03  6.86E-01
5.309E-03 3.603E-02 9.953E-04  7.20E-01
5.012E-03 3.202E-02 8.944E-04  7.47E-01
4.732E-03 2.840E-02 7.679E-04  7.67E-01
4.467E-03 2.510E-02 5.169E-04  7.82E-01
4.217E-03 3.454E-02 8.255E-04  7.95E-01
3.981E-03 3.065E-02 8.249E-04  8.07E-01
3.758E-03 2.708E-02 7.894E-04  8.22E-01
3.548E-03 2.386E-02 7.377E-04  8.38E-01
3.350E-03 2.098E-02 6.812E-04  8.56E-01
3.162E-03 1.840E-02 6.235E-04  8.72E-01
2.985E-03 1.614E-02 5.701E-04  8.85E-01
2.818E-03 1.405E-02 5.186E-04  8.94E-01
2.661E-03 1.219E-02 4.694E-04  9.01E-01
2.512E-03 1.059E-02 4.229E-04  9.08E-01
2.371E-03 9.188E-03 3.797E-04  9.17E-01
2.239E-03 7.964E-03 3.403E-04  9.27E-01
2.113E-03 6.879E-03 3.044E-04  9.34E-01
1.995E-03 5.943E-03 2.723E-04  9.38E-01
1.884E-03 5.128E-03 2.430E-04  9.43E-01
1.778E-03 4.416E-03 2.163E-04  9.49E-01
1.679E-03 3.800E-03 1.923E-04  9.54E-01
1.585E-03 3.268E-03 1.709E-04  9.58E-01
1.496E-03 2.808E-03 1.518E-04  9.62E-01
1.413E-03 2.410E-03 1.347E-04  9.66E-01
1.334E-03 2.068E-03 1.193E-04  9.69E-01
1.259E-03 1.774E-03 1.057E-04  9.71E-01
1.189E-03 1.524E-03 9.370E-05  9.74E-01
1.122E-03 1.301E-03 8.271E-05  9.76E-01
1.059E-03 1.113E-03 7.286E-05  9.79E-01
