w(micron)  Q_abs     Q_sca     g=<cos>
1.000E+03 2.882E-08 2.367E-19  0.00E+00
9.441E+02 3.234E-08 2.980E-19  0.00E+00
8.913E+02 3.629E-08 3.751E-19  0.00E+00
8.414E+02 4.071E-08 4.723E-19  0.00E+00
7.943E+02 4.568E-08 5.945E-19  0.00E+00
7.499E+02 5.125E-08 7.485E-19  0.00E+00
7.079E+02 5.751E-08 9.423E-19  0.00E+00
6.683E+02 6.453E-08 1.186E-18  0.00E+00
6.310E+02 7.240E-08 1.493E-18  0.00E+00
5.957E+02 8.123E-08 1.880E-18  0.00E+00
5.623E+02 9.114E-08 2.367E-18  0.00E+00
5.309E+02 1.023E-07 2.980E-18  0.00E+00
5.012E+02 1.147E-07 3.751E-18  0.00E+00
4.732E+02 1.287E-07 4.723E-18  0.00E+00
4.467E+02 1.444E-07 5.945E-18  0.00E+00
4.217E+02 1.621E-07 7.485E-18  0.00E+00
3.981E+02 1.818E-07 9.423E-18  0.00E+00
3.758E+02 2.040E-07 1.186E-17  0.00E+00
3.548E+02 2.289E-07 1.493E-17  0.00E+00
3.350E+02 2.568E-07 1.880E-17  0.00E+00
3.162E+02 2.881E-07 2.367E-17  0.00E+00
2.985E+02 3.232E-07 2.980E-17  0.00E+00
2.818E+02 3.626E-07 3.752E-17  0.00E+00
2.661E+02 4.068E-07 4.724E-17  0.00E+00
2.512E+02 4.563E-07 5.947E-17  0.00E+00
2.371E+02 5.118E-07 7.488E-17  0.00E+00
2.239E+02 5.742E-07 9.426E-17  0.00E+00
2.113E+02 6.441E-07 1.187E-16  0.00E+00
1.995E+02 7.227E-07 1.494E-16  0.00E+00
1.884E+02 8.107E-07 1.881E-16  0.00E+00
1.778E+02 9.094E-07 2.368E-16  0.00E+00
1.679E+02 1.020E-06 2.981E-16  0.00E+00
1.585E+02 1.143E-06 3.754E-16  0.00E+00
1.496E+02 1.282E-06 4.727E-16  0.00E+00
1.413E+02 1.437E-06 5.951E-16  0.00E+00
1.334E+02 1.612E-06 7.493E-16  0.00E+00
1.259E+02 1.808E-06 9.433E-16  0.00E+00
1.189E+02 2.027E-06 1.188E-15  0.00E+00
1.122E+02 2.273E-06 1.496E-15  0.00E+00
1.059E+02 2.548E-06 1.883E-15  0.00E+00
1.000E+02 2.855E-06 2.371E-15  0.00E+00
9.441E+01 3.200E-06 2.986E-15  0.00E+00
8.913E+01 3.585E-06 3.760E-15  0.00E+00
8.414E+01 4.016E-06 4.736E-15  0.00E+00
7.943E+01 4.499E-06 5.964E-15  0.00E+00
7.499E+01 5.039E-06 7.511E-15  0.00E+00
7.079E+01 5.642E-06 9.461E-15  0.00E+00
6.683E+01 6.316E-06 1.192E-14  0.00E+00
6.310E+01 7.069E-06 1.501E-14  0.00E+00
5.957E+01 7.909E-06 1.891E-14  0.00E+00
5.623E+01 8.846E-06 2.383E-14  0.00E+00
5.309E+01 9.890E-06 3.002E-14  0.00E+00
5.012E+01 1.105E-05 3.784E-14  0.00E+00
4.732E+01 1.235E-05 4.769E-14  0.00E+00
4.467E+01 1.379E-05 6.012E-14  0.00E+00
4.217E+01 1.540E-05 7.581E-14  0.00E+00
3.981E+01 1.718E-05 9.561E-14  0.00E+00
3.758E+01 1.917E-05 1.206E-13  0.00E+00
3.548E+01 2.137E-05 1.522E-13  0.00E+00
3.350E+01 2.382E-05 1.922E-13  0.00E+00
3.162E+01 2.653E-05 2.427E-13  0.00E+00
2.985E+01 2.956E-05 3.067E-13  0.00E+00
2.818E+01 3.293E-05 3.879E-13  0.00E+00
2.661E+01 3.670E-05 4.909E-13  0.00E+00
2.512E+01 4.092E-05 6.218E-13  0.00E+00
2.371E+01 4.568E-05 7.887E-13  0.00E+00
2.239E+01 5.112E-05 1.002E-12  0.00E+00
2.113E+01 5.742E-05 1.276E-12  0.00E+00
1.995E+01 6.486E-05 1.628E-12  0.00E+00
1.884E+01 7.390E-05 2.084E-12  5.95E-07
1.778E+01 8.535E-05 2.680E-12  6.91E-07
1.679E+01 1.004E-04 3.466E-12  8.14E-07
1.585E+01 1.224E-04 4.522E-12  9.78E-07
1.496E+01 1.543E-04 5.963E-12  1.21E-06
1.413E+01 2.088E-04 8.010E-12  1.56E-06
1.334E+01 3.119E-04 1.107E-11  2.02E-06
1.259E+01 5.393E-04 1.606E-11  7.27E-07
1.189E+01 1.167E-03 2.542E-11 -5.19E-07
1.122E+01 3.443E-03 4.543E-11 -9.44E-08
1.059E+01 7.581E-03 4.746E-11  2.90E-07
1.000E+01 3.641E-03 1.080E-11  6.02E-07
9.441E+00 1.703E-03 7.780E-12  8.53E-07
8.913E+00 1.040E-03 1.222E-11  1.09E-06
8.414E+00 7.550E-04 1.872E-11  1.33E-06
7.943E+00 6.066E-04 2.683E-11  1.58E-06
7.499E+00 5.174E-04 3.693E-11  1.85E-06
7.079E+00 4.626E-04 4.949E-11  2.14E-06
6.683E+00 4.257E-04 6.522E-11  2.47E-06
6.310E+00 4.001E-04 8.496E-11  2.82E-06
5.957E+00 3.813E-04 1.098E-10  3.21E-06
5.623E+00 3.661E-04 1.411E-10  3.65E-06
5.309E+00 3.540E-04 1.807E-10  4.13E-06
5.012E+00 3.441E-04 2.306E-10  4.68E-06
4.732E+00 3.354E-04 2.937E-10  5.29E-06
4.467E+00 3.272E-04 3.734E-10  5.97E-06
4.217E+00 3.197E-04 4.738E-10  6.73E-06
3.981E+00 3.125E-04 6.004E-10  7.59E-06
3.758E+00 3.050E-04 7.605E-10  8.55E-06
3.548E+00 2.974E-04 9.626E-10  9.62E-06
3.350E+00 2.897E-04 1.217E-09  1.08E-05
3.162E+00 2.816E-04 1.539E-09  1.22E-05
2.985E+00 2.733E-04 1.944E-09  1.37E-05
2.818E+00 2.644E-04 2.456E-09  1.54E-05
2.661E+00 2.553E-04 3.101E-09  1.73E-05
2.512E+00 2.456E-04 3.915E-09  1.95E-05
2.371E+00 2.362E-04 4.941E-09  2.19E-05
2.239E+00 2.261E-04 6.236E-09  2.46E-05
2.113E+00 2.153E-04 7.869E-09  2.76E-05
1.995E+00 2.045E-04 9.931E-09  3.11E-05
1.884E+00 1.935E-04 1.253E-08  3.49E-05
1.778E+00 1.827E-04 1.582E-08  3.93E-05
1.679E+00 1.719E-04 1.996E-08  4.41E-05
1.585E+00 1.611E-04 2.519E-08  4.96E-05
1.496E+00 1.506E-04 3.178E-08  5.57E-05
1.413E+00 1.402E-04 4.010E-08  6.26E-05
1.334E+00 1.301E-04 5.060E-08  7.03E-05
1.259E+00 1.203E-04 6.386E-08  7.91E-05
1.189E+00 1.110E-04 8.061E-08  8.89E-05
1.122E+00 1.020E-04 1.018E-07  9.99E-05
1.059E+00 9.341E-05 1.285E-07  1.12E-04
1.000E+00 8.536E-05 1.623E-07  1.26E-04
9.441E-01 7.777E-05 2.049E-07  1.42E-04
8.913E-01 7.064E-05 2.589E-07  1.60E-04
8.414E-01 6.401E-05 3.271E-07  1.80E-04
7.943E-01 5.784E-05 4.135E-07  2.02E-04
7.499E-01 5.212E-05 5.231E-07  2.28E-04
7.079E-01 4.686E-05 6.617E-07  2.56E-04
6.683E-01 4.202E-05 8.377E-07  2.89E-04
6.310E-01 3.760E-05 1.061E-06  3.25E-04
5.957E-01 3.358E-05 1.345E-06  3.67E-04
5.623E-01 2.982E-05 1.707E-06  4.14E-04
5.309E-01 2.644E-05 2.167E-06  4.67E-04
5.012E-01 2.339E-05 2.754E-06  5.28E-04
4.732E-01 2.062E-05 3.505E-06  5.97E-04
4.467E-01 1.809E-05 4.468E-06  6.77E-04
4.217E-01 1.562E-05 5.706E-06  7.68E-04
3.981E-01 2.057E-05 7.303E-06  8.73E-04
3.758E-01 5.294E-05 9.362E-06  9.94E-04
3.548E-01 1.151E-04 1.205E-05  1.14E-03
3.350E-01 1.449E-04 1.552E-05  1.30E-03
3.162E-01 2.930E-04 2.011E-05  1.50E-03
2.985E-01 4.517E-04 2.619E-05  1.74E-03
2.818E-01 9.700E-04 3.428E-05  2.04E-03
2.661E-01 2.087E-03 4.502E-05  2.40E-03
2.512E-01 3.747E-03 5.949E-05  2.86E-03
2.371E-01 5.321E-03 7.923E-05  3.46E-03
2.239E-01 7.896E-03 1.067E-04  4.31E-03
2.113E-01 1.230E-02 1.454E-04  5.55E-03
1.995E-01 2.088E-02 2.017E-04  7.28E-03
1.884E-01 3.663E-02 2.796E-04  7.50E-03
1.778E-01 5.645E-02 3.883E-04  4.19E-03
1.679E-01 8.122E-02 5.463E-04  4.62E-04
1.585E-01 1.219E-01 7.942E-04 -9.88E-04
1.496E-01 1.904E-01 1.120E-03 -4.74E-04
1.413E-01 2.554E-01 1.486E-03  2.82E-05
1.334E-01 3.377E-01 2.043E-03  3.47E-04
1.259E-01 4.285E-01 2.833E-03  5.84E-04
1.189E-01 5.798E-01 4.322E-03  7.89E-04
1.122E-01 8.158E-01 6.610E-03  1.26E-03
1.059E-01 1.051E+00 8.356E-03  2.15E-03
1.000E-01 1.126E+00 8.877E-03  3.11E-03
9.441E-02 1.108E+00 9.132E-03  4.03E-03
8.913E-02 1.019E+00 8.720E-03  5.09E-03
8.414E-02 9.137E-01 8.199E-03  6.23E-03
7.943E-02 8.128E-01 7.712E-03  7.45E-03
7.499E-02 7.225E-01 7.288E-03  8.77E-03
7.079E-02 6.445E-01 6.950E-03  1.02E-02
6.683E-02 5.775E-01 6.689E-03  1.18E-02
6.310E-02 5.197E-01 6.485E-03  1.36E-02
5.957E-02 4.698E-01 6.333E-03  1.56E-02
5.623E-02 4.260E-01 6.220E-03  1.78E-02
5.309E-02 3.876E-01 6.137E-03  2.03E-02
5.012E-02 3.533E-01 6.077E-03  2.31E-02
4.732E-02 3.228E-01 6.030E-03  2.62E-02
4.467E-02 2.954E-01 6.000E-03  2.98E-02
4.217E-02 2.705E-01 5.973E-03  3.37E-02
3.981E-02 2.480E-01 5.952E-03  3.82E-02
3.758E-02 2.273E-01 5.926E-03  4.33E-02
3.548E-02 2.085E-01 5.898E-03  4.90E-02
3.350E-02 1.913E-01 5.863E-03  5.54E-02
3.162E-02 1.755E-01 5.818E-03  6.26E-02
2.985E-02 1.610E-01 5.759E-03  7.08E-02
2.818E-02 1.475E-01 5.688E-03  7.99E-02
2.661E-02 1.352E-01 5.594E-03  9.03E-02
2.512E-02 1.237E-01 5.479E-03  1.02E-01
2.371E-02 1.132E-01 5.338E-03  1.15E-01
2.239E-02 1.035E-01 5.175E-03  1.30E-01
2.113E-02 9.451E-02 4.981E-03  1.46E-01
1.995E-02 8.627E-02 4.764E-03  1.65E-01
1.884E-02 7.856E-02 4.511E-03  1.86E-01
1.778E-02 7.150E-02 4.227E-03  2.09E-01
1.679E-02 6.499E-02 3.915E-03  2.35E-01
1.585E-02 5.902E-02 3.570E-03  2.64E-01
1.496E-02 5.351E-02 3.192E-03  2.96E-01
1.413E-02 4.843E-02 2.781E-03  3.32E-01
1.334E-02 4.376E-02 2.332E-03  3.71E-01
1.259E-02 3.950E-02 1.845E-03  4.13E-01
1.189E-02 3.554E-02 1.317E-03  4.58E-01
1.122E-02 3.194E-02 5.866E-04  5.06E-01
1.059E-02 1.287E-01 3.489E-03  5.65E-01
1.000E-02 1.217E-01 3.487E-03  6.06E-01
9.441E-03 1.140E-01 3.756E-03  6.49E-01
8.913E-03 1.059E-01 3.763E-03  6.87E-01
8.414E-03 9.764E-02 3.637E-03  7.21E-01
7.943E-03 8.944E-02 3.393E-03  7.48E-01
7.499E-03 8.154E-02 2.840E-03  7.68E-01
7.079E-03 9.488E-02 3.809E-03  7.84E-01
6.683E-03 8.619E-02 3.795E-03  7.97E-01
6.310E-03 7.789E-02 3.647E-03  8.09E-01
5.957E-03 7.019E-02 3.436E-03  8.23E-01
5.623E-03 6.287E-02 3.183E-03  8.39E-01
5.309E-03 5.619E-02 2.895E-03  8.56E-01
5.012E-03 5.002E-02 2.580E-03  8.72E-01
4.732E-03 4.445E-02 2.192E-03  8.85E-01
4.467E-03 3.936E-02 1.460E-03  8.94E-01
4.217E-03 5.399E-02 2.294E-03  9.01E-01
3.981E-03 4.798E-02 2.270E-03  9.09E-01
3.758E-03 4.245E-02 2.152E-03  9.18E-01
3.548E-03 3.746E-02 1.997E-03  9.27E-01
3.350E-03 3.297E-02 1.836E-03  9.34E-01
3.162E-03 2.894E-02 1.675E-03  9.39E-01
2.985E-03 2.542E-02 1.526E-03  9.43E-01
2.818E-03 2.215E-02 1.380E-03  9.49E-01
2.661E-03 1.923E-02 1.241E-03  9.54E-01
2.512E-03 1.671E-02 1.113E-03  9.58E-01
2.371E-03 1.451E-02 9.958E-04  9.62E-01
2.239E-03 1.258E-02 8.896E-04  9.66E-01
2.113E-03 1.087E-02 7.934E-04  9.69E-01
1.995E-03 9.398E-03 7.071E-04  9.71E-01
1.884E-03 8.111E-03 6.290E-04  9.74E-01
1.778E-03 6.986E-03 5.587E-04  9.76E-01
1.679E-03 6.013E-03 4.956E-04  9.79E-01
1.585E-03 5.173E-03 4.393E-04  9.81E-01
1.496E-03 4.445E-03 3.895E-04  9.82E-01
1.413E-03 3.816E-03 3.450E-04  9.84E-01
1.334E-03 3.274E-03 3.050E-04  9.86E-01
1.259E-03 2.810E-03 2.697E-04  9.87E-01
1.189E-03 2.414E-03 2.389E-04  9.88E-01
1.122E-03 2.061E-03 2.105E-04  9.89E-01
1.059E-03 1.762E-03 1.853E-04  9.90E-01
