w(micron)  Q_abs     Q_sca     g=<cos>
1.000E+03 1.288E-05 9.423E-09  3.62E-05
9.441E+02 1.445E-05 1.186E-08  4.06E-05
8.913E+02 1.621E-05 1.494E-08  4.56E-05
8.414E+02 1.819E-05 1.880E-08  5.12E-05
7.943E+02 2.041E-05 2.367E-08  5.74E-05
7.499E+02 2.290E-05 2.980E-08  6.44E-05
7.079E+02 2.570E-05 3.752E-08  7.23E-05
6.683E+02 2.884E-05 4.723E-08  8.11E-05
6.310E+02 3.236E-05 5.946E-08  9.10E-05
5.957E+02 3.631E-05 7.486E-08  1.02E-04
5.623E+02 4.074E-05 9.425E-08  1.15E-04
5.309E+02 4.571E-05 1.187E-07  1.28E-04
5.012E+02 5.130E-05 1.494E-07  1.44E-04
4.732E+02 5.756E-05 1.881E-07  1.62E-04
4.467E+02 6.459E-05 2.368E-07  1.82E-04
4.217E+02 7.248E-05 2.981E-07  2.04E-04
3.981E+02 8.133E-05 3.753E-07  2.28E-04
3.758E+02 9.126E-05 4.725E-07  2.56E-04
3.548E+02 1.024E-04 5.948E-07  2.88E-04
3.350E+02 1.149E-04 7.489E-07  3.23E-04
3.162E+02 1.290E-04 9.429E-07  3.62E-04
2.985E+02 1.447E-04 1.187E-06  4.06E-04
2.818E+02 1.624E-04 1.495E-06  4.56E-04
2.661E+02 1.822E-04 1.882E-06  5.12E-04
2.512E+02 2.045E-04 2.370E-06  5.74E-04
2.371E+02 2.295E-04 2.984E-06  6.44E-04
2.239E+02 2.576E-04 3.757E-06  7.23E-04
2.113E+02 2.891E-04 4.731E-06  8.11E-04
1.995E+02 3.246E-04 5.957E-06  9.10E-04
1.884E+02 3.644E-04 7.501E-06  1.02E-03
1.778E+02 4.090E-04 9.445E-06  1.15E-03
1.679E+02 4.590E-04 1.190E-05  1.29E-03
1.585E+02 5.152E-04 1.498E-05  1.44E-03
1.496E+02 5.782E-04 1.887E-05  1.62E-03
1.413E+02 6.491E-04 2.377E-05  1.82E-03
1.334E+02 7.289E-04 2.994E-05  2.04E-03
1.259E+02 8.188E-04 3.770E-05  2.29E-03
1.189E+02 9.196E-04 4.750E-05  2.57E-03
1.122E+02 1.033E-03 5.984E-05  2.89E-03
1.059E+02 1.160E-03 7.540E-05  3.24E-03
1.000E+02 1.303E-03 9.501E-05  3.64E-03
9.441E+01 1.464E-03 1.197E-04  4.08E-03
8.913E+01 1.646E-03 1.509E-04  4.58E-03
8.414E+01 1.850E-03 1.902E-04  5.15E-03
7.943E+01 2.080E-03 2.398E-04  5.78E-03
7.499E+01 2.339E-03 3.024E-04  6.49E-03
7.079E+01 2.632E-03 3.815E-04  7.29E-03
6.683E+01 2.962E-03 4.813E-04  8.19E-03
6.310E+01 3.335E-03 6.073E-04  9.20E-03
5.957E+01 3.757E-03 7.666E-04  1.03E-02
5.623E+01 4.234E-03 9.680E-04  1.16E-02
5.309E+01 4.775E-03 1.223E-03  1.31E-02
5.012E+01 5.388E-03 1.545E-03  1.47E-02
4.732E+01 6.086E-03 1.954E-03  1.65E-02
4.467E+01 6.881E-03 2.472E-03  1.86E-02
4.217E+01 7.790E-03 3.130E-03  2.10E-02
3.981E+01 8.830E-03 3.965E-03  2.36E-02
3.758E+01 1.003E-02 5.027E-03  2.66E-02
3.548E+01 1.141E-02 6.381E-03  3.01E-02
3.350E+01 1.301E-02 8.109E-03  3.40E-02
3.162E+01 1.488E-02 1.032E-02  3.84E-02
2.985E+01 1.708E-02 1.315E-02  4.35E-02
2.818E+01 1.970E-02 1.679E-02  4.94E-02
2.661E+01 2.285E-02 2.147E-02  5.62E-02
2.512E+01 2.670E-02 2.754E-02  6.41E-02
2.371E+01 3.150E-02 3.543E-02  7.35E-02
2.239E+01 3.766E-02 4.575E-02  8.46E-02
2.113E+01 4.585E-02 5.937E-02  9.81E-02
1.995E+01 5.726E-02 7.750E-02  1.15E-01
1.884E+01 7.424E-02 1.020E-01  1.36E-01
1.778E+01 1.021E-01 1.358E-01  1.65E-01
1.679E+01 1.541E-01 1.841E-01  2.05E-01
1.585E+01 2.770E-01 2.583E-01  2.66E-01
1.496E+01 6.569E-01 3.920E-01  3.40E-01
1.413E+01 1.663E+00 6.495E-01  1.94E-01
1.334E+01 1.296E+00 7.331E-01 -7.43E-02
1.259E+01 9.819E-01 8.755E-01 -7.69E-02
1.189E+01 1.137E+00 1.349E+00 -2.89E-02
1.122E+01 2.018E+00 1.777E+00  2.54E-02
1.059E+01 2.199E+00 8.993E-01  9.00E-02
1.000E+01 1.349E+00 2.507E-01  1.41E-01
9.441E+00 8.928E-01 2.371E-01  1.86E-01
8.913E+00 7.100E-01 4.289E-01  2.39E-01
8.414E+00 6.550E-01 7.071E-01  3.04E-01
7.943E+00 6.811E-01 1.061E+00  3.83E-01
7.499E+00 7.833E-01 1.536E+00  4.67E-01
7.079E+00 9.461E-01 2.207E+00  5.23E-01
6.683E+00 1.030E+00 2.985E+00  5.06E-01
6.310E+00 8.999E-01 3.398E+00  4.44E-01
5.957E+00 7.282E-01 3.383E+00  3.99E-01
5.623E+00 6.699E-01 3.257E+00  3.92E-01
5.309E+00 7.918E-01 3.222E+00  4.21E-01
5.012E+00 1.155E+00 3.521E+00  4.86E-01
4.732E+00 1.155E+00 3.619E+00  5.24E-01
4.467E+00 8.681E-01 3.189E+00  4.54E-01
4.217E+00 7.705E-01 2.864E+00  3.64E-01
3.981E+00 8.889E-01 2.361E+00  2.89E-01
3.758E+00 1.119E+00 1.940E+00  3.51E-01
3.548E+00 7.874E-01 1.296E+00  3.08E-01
3.350E+00 8.980E-01 1.651E+00  2.22E-01
3.162E+00 9.967E-01 1.377E+00  1.83E-01
2.985E+00 6.107E-01 1.059E+00  3.59E-01
2.818E+00 9.005E-01 1.744E+00  5.40E-01
2.661E+00 8.178E-01 2.096E+00  5.89E-01
2.512E+00 4.911E-01 2.141E+00  6.16E-01
2.371E+00 7.764E-01 2.904E+00  7.12E-01
2.239E+00 4.363E-01 2.551E+00  6.43E-01
2.113E+00 7.487E-01 2.727E+00  5.87E-01
1.995E+00 4.371E-01 2.027E+00  5.66E-01
1.884E+00 5.984E-01 1.987E+00  3.63E-01
1.778E+00 4.278E-01 1.535E+00  3.75E-01
1.679E+00 4.587E-01 1.952E+00  4.68E-01
1.585E+00 4.421E-01 2.306E+00  5.79E-01
1.496E+00 3.113E-01 2.268E+00  6.12E-01
1.413E+00 3.986E-01 2.528E+00  7.14E-01
1.334E+00 3.707E-01 2.371E+00  5.60E-01
1.259E+00 3.361E-01 1.719E+00  4.47E-01
1.189E+00 2.444E-01 1.775E+00  4.92E-01
1.122E+00 2.308E-01 2.246E+00  5.33E-01
1.059E+00 2.297E-01 2.298E+00  5.41E-01
1.000E+00 2.233E-01 1.827E+00  4.94E-01
9.441E-01 2.197E-01 1.801E+00  4.82E-01
8.913E-01 3.125E-01 2.597E+00  5.59E-01
8.414E-01 1.653E-01 2.524E+00  6.42E-01
7.943E-01 1.343E-01 1.808E+00  4.81E-01
7.499E-01 1.438E-01 2.464E+00  6.21E-01
7.079E-01 1.060E-01 2.123E+00  6.15E-01
6.683E-01 1.458E-01 2.324E+00  5.59E-01
6.310E-01 1.034E-01 2.405E+00  5.66E-01
5.957E-01 7.918E-02 1.798E+00  5.30E-01
5.623E-01 7.337E-02 2.112E+00  5.34E-01
5.309E-01 7.953E-02 2.129E+00  5.14E-01
5.012E-01 6.224E-02 2.569E+00  6.64E-01
4.732E-01 5.312E-02 1.902E+00  4.92E-01
4.467E-01 8.759E-02 2.161E+00  5.74E-01
4.217E-01 4.317E-02 2.243E+00  6.27E-01
3.981E-01 5.024E-02 2.002E+00  5.28E-01
3.758E-01 1.521E-01 2.292E+00  6.21E-01
3.548E-01 2.792E-01 2.132E+00  6.53E-01
3.350E-01 3.272E-01 1.789E+00  6.17E-01
3.162E-01 5.067E-01 1.580E+00  6.77E-01
2.985E-01 6.385E-01 1.547E+00  7.30E-01
2.818E-01 7.939E-01 1.392E+00  7.89E-01
2.661E-01 8.218E-01 1.352E+00  7.98E-01
2.512E-01 8.049E-01 1.360E+00  7.90E-01
2.371E-01 7.832E-01 1.375E+00  7.78E-01
2.239E-01 7.559E-01 1.396E+00  7.64E-01
2.113E-01 7.205E-01 1.426E+00  7.44E-01
1.995E-01 6.718E-01 1.472E+00  7.18E-01
1.884E-01 6.222E-01 1.528E+00  6.92E-01
1.778E-01 5.802E-01 1.586E+00  6.73E-01
1.679E-01 5.506E-01 1.638E+00  6.63E-01
1.585E-01 5.341E-01 1.673E+00  6.61E-01
1.496E-01 5.513E-01 1.649E+00  6.74E-01
1.413E-01 5.677E-01 1.618E+00  6.87E-01
1.334E-01 5.686E-01 1.605E+00  6.93E-01
1.259E-01 5.617E-01 1.600E+00  6.95E-01
1.189E-01 5.374E-01 1.613E+00  6.91E-01
1.122E-01 5.230E-01 1.614E+00  6.91E-01
1.059E-01 5.431E-01 1.580E+00  7.07E-01
1.000E-01 5.692E-01 1.542E+00  7.25E-01
9.441E-02 5.872E-01 1.515E+00  7.38E-01
8.913E-02 6.088E-01 1.486E+00  7.54E-01
8.414E-02 6.294E-01 1.458E+00  7.69E-01
7.943E-02 6.490E-01 1.433E+00  7.85E-01
7.499E-02 6.679E-01 1.408E+00  8.00E-01
7.079E-02 6.859E-01 1.385E+00  8.14E-01
6.683E-02 7.030E-01 1.363E+00  8.29E-01
6.310E-02 7.195E-01 1.342E+00  8.43E-01
5.957E-02 7.352E-01 1.323E+00  8.56E-01
5.623E-02 7.501E-01 1.304E+00  8.70E-01
5.309E-02 7.642E-01 1.287E+00  8.82E-01
5.012E-02 7.774E-01 1.270E+00  8.94E-01
4.732E-02 7.900E-01 1.254E+00  9.05E-01
4.467E-02 8.017E-01 1.240E+00  9.15E-01
4.217E-02 8.127E-01 1.226E+00  9.24E-01
3.981E-02 8.230E-01 1.213E+00  9.32E-01
3.758E-02 8.328E-01 1.201E+00  9.40E-01
3.548E-02 8.422E-01 1.189E+00  9.47E-01
3.350E-02 8.512E-01 1.178E+00  9.53E-01
3.162E-02 8.597E-01 1.167E+00  9.59E-01
2.985E-02 8.680E-01 1.157E+00  9.64E-01
2.818E-02 8.758E-01 1.147E+00  9.68E-01
2.661E-02 8.835E-01 1.138E+00  9.72E-01
2.512E-02 8.910E-01 1.129E+00  9.76E-01
2.371E-02 8.982E-01 1.120E+00  9.79E-01
2.239E-02 9.052E-01 1.111E+00  9.82E-01
2.113E-02 9.119E-01 1.103E+00  9.85E-01
1.995E-02 9.184E-01 1.095E+00  9.87E-01
1.884E-02 9.246E-01 1.087E+00  9.89E-01
1.778E-02 9.307E-01 1.079E+00  9.91E-01
1.679E-02 9.365E-01 1.072E+00  9.93E-01
1.585E-02 9.422E-01 1.065E+00  9.94E-01
1.496E-02 9.478E-01 1.058E+00  9.95E-01
1.413E-02 9.534E-01 1.051E+00  9.96E-01
1.334E-02 9.590E-01 1.044E+00  9.97E-01
1.259E-02 9.649E-01 1.036E+00  9.98E-01
1.189E-02 9.714E-01 1.026E+00  9.99E-01
1.122E-02 9.822E-01 1.012E+00  1.00E+00
1.059E-02 9.982E-01 1.011E+00  9.99E-01
1.000E-02 9.892E-01 1.015E+00  9.99E-01
9.441E-03 9.862E-01 1.017E+00  9.99E-01
8.913E-03 9.851E-01 1.018E+00  9.99E-01
8.414E-03 9.847E-01 1.015E+00  9.99E-01
7.943E-03 9.856E-01 1.014E+00  9.99E-01
7.499E-03 9.877E-01 1.012E+00  9.99E-01
7.079E-03 9.870E-01 1.013E+00  9.99E-01
6.683E-03 9.869E-01 1.013E+00  9.99E-01
6.310E-03 9.871E-01 1.013E+00  9.99E-01
5.957E-03 9.875E-01 1.012E+00  9.99E-01
5.623E-03 9.879E-01 1.012E+00  1.00E+00
5.309E-03 9.883E-01 1.012E+00  1.00E+00
5.012E-03 9.887E-01 1.011E+00  1.00E+00
4.732E-03 9.890E-01 1.011E+00  1.00E+00
4.467E-03 9.904E-01 1.010E+00  1.00E+00
4.217E-03 9.916E-01 1.008E+00  1.00E+00
3.981E-03 9.909E-01 1.009E+00  1.00E+00
3.758E-03 9.902E-01 1.010E+00  1.00E+00
3.548E-03 9.894E-01 1.011E+00  1.00E+00
3.350E-03 9.885E-01 1.011E+00  1.00E+00
3.162E-03 9.874E-01 1.013E+00  1.00E+00
2.985E-03 9.860E-01 1.014E+00  1.00E+00
2.818E-03 9.841E-01 1.016E+00  1.00E+00
2.661E-03 9.815E-01 1.018E+00  1.00E+00
2.512E-03 9.781E-01 1.022E+00  1.00E+00
2.371E-03 9.737E-01 1.026E+00  1.00E+00
2.239E-03 9.676E-01 1.032E+00  1.00E+00
2.113E-03 9.590E-01 1.041E+00  1.00E+00
1.995E-03 9.475E-01 1.052E+00  1.00E+00
1.884E-03 9.321E-01 1.068E+00  1.00E+00
1.778E-03 9.119E-01 1.088E+00  1.00E+00
1.679E-03 8.867E-01 1.113E+00  1.00E+00
1.585E-03 8.560E-01 1.144E+00  1.00E+00
1.496E-03 8.197E-01 1.180E+00  1.00E+00
1.413E-03 7.782E-01 1.221E+00  1.00E+00
1.334E-03 7.324E-01 1.267E+00  1.00E+00
1.259E-03 6.833E-01 1.315E+00  1.00E+00
1.189E-03 6.327E-01 1.366E+00  1.00E+00
1.122E-03 5.791E-01 1.419E+00  1.00E+00
1.059E-03 5.262E-01 1.471E+00  1.00E+00
