w(micron)  Q_abs     Q_sca     g=<cos>
1.000E+03 5.125E-07 2.367E-14  0.00E+00
9.441E+02 5.751E-07 2.980E-14  0.00E+00
8.913E+02 6.453E-07 3.751E-14  0.00E+00
8.414E+02 7.240E-07 4.723E-14  0.00E+00
7.943E+02 8.123E-07 5.945E-14  0.00E+00
7.499E+02 9.114E-07 7.485E-14  0.00E+00
7.079E+02 1.023E-06 9.423E-14  0.00E+00
6.683E+02 1.147E-06 1.186E-13  0.00E+00
6.310E+02 1.287E-06 1.493E-13  0.00E+00
5.957E+02 1.445E-06 1.880E-13  0.00E+00
5.623E+02 1.621E-06 2.367E-13  0.00E+00
5.309E+02 1.818E-06 2.980E-13  0.00E+00
5.012E+02 2.040E-06 3.751E-13  0.00E+00
4.732E+02 2.289E-06 4.723E-13  0.00E+00
4.467E+02 2.568E-06 5.945E-13  0.00E+00
4.217E+02 2.882E-06 7.485E-13  0.00E+00
3.981E+02 3.233E-06 9.423E-13  0.00E+00
3.758E+02 3.628E-06 1.186E-12  0.00E+00
3.548E+02 4.070E-06 1.493E-12  0.00E+00
3.350E+02 4.566E-06 1.880E-12  5.11E-07
3.162E+02 5.123E-06 2.367E-12  5.74E-07
2.985E+02 5.748E-06 2.980E-12  6.44E-07
2.818E+02 6.448E-06 3.752E-12  7.23E-07
2.661E+02 7.233E-06 4.724E-12  8.11E-07
2.512E+02 8.114E-06 5.947E-12  9.10E-07
2.371E+02 9.102E-06 7.488E-12  1.02E-06
2.239E+02 1.021E-05 9.426E-12  1.15E-06
2.113E+02 1.145E-05 1.187E-11  1.29E-06
1.995E+02 1.285E-05 1.494E-11  1.44E-06
1.884E+02 1.442E-05 1.881E-11  1.62E-06
1.778E+02 1.617E-05 2.368E-11  1.82E-06
1.679E+02 1.814E-05 2.981E-11  2.04E-06
1.585E+02 2.033E-05 3.754E-11  2.29E-06
1.496E+02 2.280E-05 4.727E-11  2.57E-06
1.413E+02 2.556E-05 5.951E-11  2.88E-06
1.334E+02 2.867E-05 7.493E-11  3.23E-06
1.259E+02 3.216E-05 9.433E-11  3.63E-06
1.189E+02 3.606E-05 1.188E-10  4.07E-06
1.122E+02 4.042E-05 1.496E-10  4.57E-06
1.059E+02 4.531E-05 1.883E-10  5.13E-06
1.000E+02 5.078E-05 2.371E-10  5.75E-06
9.441E+01 5.690E-05 2.986E-10  6.46E-06
8.913E+01 6.376E-05 3.760E-10  7.25E-06
8.414E+01 7.143E-05 4.736E-10  8.13E-06
7.943E+01 8.001E-05 5.964E-10  9.13E-06
7.499E+01 8.961E-05 7.512E-10  1.03E-05
7.079E+01 1.003E-04 9.461E-10  1.15E-05
6.683E+01 1.123E-04 1.192E-09  1.29E-05
6.310E+01 1.257E-04 1.501E-09  1.45E-05
5.957E+01 1.407E-04 1.891E-09  1.63E-05
5.623E+01 1.573E-04 2.383E-09  1.83E-05
5.309E+01 1.759E-04 3.003E-09  2.06E-05
5.012E+01 1.966E-04 3.784E-09  2.31E-05
4.732E+01 2.197E-04 4.769E-09  2.60E-05
4.467E+01 2.453E-04 6.013E-09  2.92E-05
4.217E+01 2.739E-04 7.581E-09  3.28E-05
3.981E+01 3.057E-04 9.561E-09  3.69E-05
3.758E+01 3.410E-04 1.206E-08  4.15E-05
3.548E+01 3.802E-04 1.522E-08  4.67E-05
3.350E+01 4.237E-04 1.922E-08  5.26E-05
3.162E+01 4.720E-04 2.427E-08  5.93E-05
2.985E+01 5.258E-04 3.068E-08  6.69E-05
2.818E+01 5.859E-04 3.879E-08  7.55E-05
2.661E+01 6.529E-04 4.910E-08  8.54E-05
2.512E+01 7.282E-04 6.219E-08  9.67E-05
2.371E+01 8.130E-04 7.889E-08  1.10E-04
2.239E+01 9.098E-04 1.002E-07  1.25E-04
2.113E+01 1.022E-03 1.276E-07  1.42E-04
1.995E+01 1.155E-03 1.628E-07  1.63E-04
1.884E+01 1.316E-03 2.084E-07  1.88E-04
1.778E+01 1.520E-03 2.680E-07  2.19E-04
1.679E+01 1.788E-03 3.467E-07  2.58E-04
1.585E+01 2.182E-03 4.524E-07  3.09E-04
1.496E+01 2.752E-03 5.966E-07  3.82E-04
1.413E+01 3.730E-03 8.015E-07  4.93E-04
1.334E+01 5.591E-03 1.108E-06  6.39E-04
1.259E+01 9.700E-03 1.608E-06  2.28E-04
1.189E+01 2.083E-02 2.545E-06 -1.64E-04
1.122E+01 6.136E-02 4.550E-06 -2.98E-05
1.059E+01 1.350E-01 4.749E-06  9.17E-05
1.000E+01 6.477E-02 1.080E-06  1.90E-04
9.441E+00 3.030E-02 7.781E-07  2.70E-04
8.913E+00 1.852E-02 1.222E-06  3.45E-04
8.414E+00 1.345E-02 1.873E-06  4.21E-04
7.943E+00 1.081E-02 2.686E-06  5.00E-04
7.499E+00 9.224E-03 3.697E-06  5.86E-04
7.079E+00 8.251E-03 4.955E-06  6.78E-04
6.683E+00 7.597E-03 6.531E-06  7.79E-04
6.310E+00 7.144E-03 8.509E-06  8.91E-04
5.957E+00 6.814E-03 1.100E-05  1.01E-03
5.623E+00 6.545E-03 1.414E-05  1.15E-03
5.309E+00 6.333E-03 1.812E-05  1.31E-03
5.012E+00 6.162E-03 2.313E-05  1.48E-03
4.732E+00 6.012E-03 2.946E-05  1.67E-03
4.467E+00 5.871E-03 3.747E-05  1.89E-03
4.217E+00 5.744E-03 4.757E-05  2.13E-03
3.981E+00 5.621E-03 6.031E-05  2.40E-03
3.758E+00 5.495E-03 7.643E-05  2.70E-03
3.548E+00 5.367E-03 9.680E-05  3.04E-03
3.350E+00 5.238E-03 1.225E-04  3.42E-03
3.162E+00 5.103E-03 1.550E-04  3.85E-03
2.985E+00 4.963E-03 1.960E-04  4.33E-03
2.818E+00 4.814E-03 2.478E-04  4.87E-03
2.661E+00 4.662E-03 3.133E-04  5.48E-03
2.512E+00 4.500E-03 3.960E-04  6.16E-03
2.371E+00 4.344E-03 5.005E-04  6.92E-03
2.239E+00 4.175E-03 6.326E-04  7.77E-03
2.113E+00 3.995E-03 7.997E-04  8.74E-03
1.995E+00 3.814E-03 1.011E-03  9.82E-03
1.884E+00 3.631E-03 1.279E-03  1.10E-02
1.778E+00 3.452E-03 1.619E-03  1.24E-02
1.679E+00 3.271E-03 2.049E-03  1.39E-02
1.585E+00 3.092E-03 2.593E-03  1.57E-02
1.496E+00 2.918E-03 3.284E-03  1.76E-02
1.413E+00 2.744E-03 4.160E-03  1.98E-02
1.334E+00 2.578E-03 5.273E-03  2.22E-02
1.259E+00 2.416E-03 6.689E-03  2.50E-02
1.189E+00 2.261E-03 8.491E-03  2.81E-02
1.122E+00 2.113E-03 1.079E-02  3.16E-02
1.059E+00 1.972E-03 1.372E-02  3.55E-02
1.000E+00 1.841E-03 1.747E-02  3.99E-02
9.441E-01 1.718E-03 2.226E-02  4.49E-02
8.913E-01 1.602E-03 2.841E-02  5.06E-02
8.414E-01 1.496E-03 3.630E-02  5.70E-02
7.943E-01 1.399E-03 4.649E-02  6.43E-02
7.499E-01 1.310E-03 5.965E-02  7.25E-02
7.079E-01 1.230E-03 7.667E-02  8.19E-02
6.683E-01 1.159E-03 9.880E-02  9.27E-02
6.310E-01 1.097E-03 1.277E-01  1.05E-01
5.957E-01 1.046E-03 1.654E-01  1.20E-01
5.623E-01 1.001E-03 2.151E-01  1.37E-01
5.309E-01 9.684E-04 2.805E-01  1.56E-01
5.012E-01 9.508E-04 3.672E-01  1.80E-01
4.732E-01 9.511E-04 4.833E-01  2.10E-01
4.467E-01 9.781E-04 6.405E-01  2.47E-01
4.217E-01 1.038E-03 8.580E-01  2.95E-01
3.981E-01 1.822E-03 1.177E+00  3.59E-01
3.758E-01 7.121E-03 1.705E+00  4.42E-01
3.548E-01 2.960E-02 2.897E+00  5.19E-01
3.350E-01 7.959E-02 6.096E+00  4.53E-01
3.162E-01 1.180E-01 6.418E+00  2.12E-01
2.985E-01 8.895E-02 4.923E+00  1.06E-01
2.818E-01 1.678E-01 4.502E+00  1.37E-01
2.661E-01 6.341E-01 3.720E+00  2.11E-01
2.512E-01 1.395E+00 1.779E+00  4.21E-01
2.371E-01 9.395E-01 1.156E+00  2.50E-01
2.239E-01 1.527E+00 1.081E+00  3.06E-01
2.113E-01 1.237E+00 1.676E+00  4.31E-01
1.995E-01 1.276E+00 1.613E+00  4.58E-01
1.884E-01 1.152E+00 1.713E+00  4.57E-01
1.778E-01 1.053E+00 1.856E+00  4.59E-01
1.679E-01 9.918E-01 1.983E+00  4.65E-01
1.585E-01 9.946E-01 2.074E+00  4.84E-01
1.496E-01 1.112E+00 2.061E+00  5.28E-01
1.413E-01 1.198E+00 2.027E+00  5.68E-01
1.334E-01 1.233E+00 2.024E+00  5.94E-01
1.259E-01 1.229E+00 2.018E+00  6.07E-01
1.189E-01 1.227E+00 2.042E+00  6.18E-01
1.122E-01 1.238E+00 2.031E+00  6.36E-01
1.059E-01 1.222E+00 1.906E+00  6.56E-01
1.000E-01 1.181E+00 1.776E+00  6.73E-01
9.441E-02 1.133E+00 1.690E+00  6.86E-01
8.913E-02 1.088E+00 1.605E+00  7.02E-01
8.414E-02 1.048E+00 1.533E+00  7.17E-01
7.943E-02 1.014E+00 1.471E+00  7.33E-01
7.499E-02 9.855E-01 1.417E+00  7.50E-01
7.079E-02 9.616E-01 1.370E+00  7.66E-01
6.683E-02 9.412E-01 1.330E+00  7.83E-01
6.310E-02 9.238E-01 1.293E+00  8.00E-01
5.957E-02 9.085E-01 1.261E+00  8.16E-01
5.623E-02 8.950E-01 1.233E+00  8.32E-01
5.309E-02 8.829E-01 1.209E+00  8.47E-01
5.012E-02 8.716E-01 1.187E+00  8.61E-01
4.732E-02 8.613E-01 1.169E+00  8.75E-01
4.467E-02 8.514E-01 1.154E+00  8.88E-01
4.217E-02 8.420E-01 1.142E+00  9.00E-01
3.981E-02 8.327E-01 1.134E+00  9.10E-01
3.758E-02 8.236E-01 1.128E+00  9.20E-01
3.548E-02 8.147E-01 1.125E+00  9.30E-01
3.350E-02 8.057E-01 1.125E+00  9.38E-01
3.162E-02 7.964E-01 1.128E+00  9.46E-01
2.985E-02 7.866E-01 1.132E+00  9.53E-01
2.818E-02 7.761E-01 1.138E+00  9.59E-01
2.661E-02 7.650E-01 1.144E+00  9.64E-01
2.512E-02 7.524E-01 1.148E+00  9.69E-01
2.371E-02 7.389E-01 1.149E+00  9.73E-01
2.239E-02 7.236E-01 1.146E+00  9.77E-01
2.113E-02 7.067E-01 1.137E+00  9.80E-01
1.995E-02 6.880E-01 1.121E+00  9.83E-01
1.884E-02 6.671E-01 1.097E+00  9.85E-01
1.778E-02 6.445E-01 1.061E+00  9.87E-01
1.679E-02 6.202E-01 1.015E+00  9.89E-01
1.585E-02 5.942E-01 9.569E-01  9.90E-01
1.496E-02 5.669E-01 8.849E-01  9.92E-01
1.413E-02 5.383E-01 7.981E-01  9.93E-01
1.334E-02 5.089E-01 6.941E-01  9.94E-01
1.259E-02 4.792E-01 5.705E-01  9.95E-01
1.189E-02 4.489E-01 4.239E-01  9.95E-01
1.122E-02 4.203E-01 1.991E-01  9.96E-01
1.059E-02 8.830E-01 5.038E-01  9.95E-01
1.000E-02 8.480E-01 5.084E-01  9.96E-01
9.441E-03 8.268E-01 5.556E-01  9.96E-01
8.913E-03 8.059E-01 5.754E-01  9.96E-01
8.414E-03 7.833E-01 5.801E-01  9.97E-01
7.943E-03 7.583E-01 5.682E-01  9.97E-01
7.499E-03 7.319E-01 5.059E-01  9.97E-01
7.079E-03 7.777E-01 5.812E-01  9.98E-01
6.683E-03 7.489E-01 6.031E-01  9.98E-01
6.310E-03 7.176E-01 6.077E-01  9.98E-01
5.957E-03 6.843E-01 6.020E-01  9.98E-01
5.623E-03 6.479E-01 5.885E-01  9.99E-01
5.309E-03 6.101E-01 5.652E-01  9.99E-01
5.012E-03 5.708E-01 5.315E-01  9.99E-01
4.732E-03 5.312E-01 4.762E-01  9.99E-01
4.467E-03 4.915E-01 3.377E-01  9.99E-01
4.217E-03 5.991E-01 4.490E-01  9.99E-01
3.981E-03 5.585E-01 4.631E-01  9.99E-01
3.758E-03 5.169E-01 4.590E-01  9.99E-01
3.548E-03 4.756E-01 4.446E-01  9.99E-01
3.350E-03 4.348E-01 4.253E-01  9.99E-01
3.162E-03 3.953E-01 4.023E-01  1.00E+00
2.985E-03 3.580E-01 3.783E-01  1.00E+00
2.818E-03 3.211E-01 3.529E-01  1.00E+00
2.661E-03 2.862E-01 3.265E-01  1.00E+00
2.512E-03 2.544E-01 2.999E-01  1.00E+00
2.371E-03 2.254E-01 2.742E-01  1.00E+00
2.239E-03 1.990E-01 2.497E-01  1.00E+00
2.113E-03 1.746E-01 2.264E-01  1.00E+00
1.995E-03 1.530E-01 2.047E-01  1.00E+00
1.884E-03 1.337E-01 1.845E-01  1.00E+00
1.778E-03 1.163E-01 1.656E-01  1.00E+00
1.679E-03 1.010E-01 1.483E-01  1.00E+00
1.585E-03 8.761E-02 1.326E-01  1.00E+00
1.496E-03 7.580E-02 1.184E-01  1.00E+00
1.413E-03 6.546E-02 1.055E-01  1.00E+00
1.334E-03 5.645E-02 9.375E-02  1.00E+00
1.259E-03 4.866E-02 8.329E-02  1.00E+00
1.189E-03 4.196E-02 7.404E-02  1.00E+00
1.122E-03 3.595E-02 6.547E-02  1.00E+00
1.059E-03 3.082E-02 5.778E-02  1.00E+00
