w(micron)  Q_abs     Q_sca     g=<cos>
1.000E+03 1.023E-06 3.751E-13  0.00E+00
9.441E+02 1.147E-06 4.723E-13  0.00E+00
8.913E+02 1.287E-06 5.945E-13  0.00E+00
8.414E+02 1.445E-06 7.485E-13  0.00E+00
7.943E+02 1.621E-06 9.423E-13  0.00E+00
7.499E+02 1.819E-06 1.186E-12  0.00E+00
7.079E+02 2.040E-06 1.493E-12  0.00E+00
6.683E+02 2.289E-06 1.880E-12  5.12E-07
6.310E+02 2.569E-06 2.367E-12  5.74E-07
5.957E+02 2.882E-06 2.980E-12  6.44E-07
5.623E+02 3.234E-06 3.751E-12  7.22E-07
5.309E+02 3.628E-06 4.723E-12  8.10E-07
5.012E+02 4.071E-06 5.945E-12  9.10E-07
4.732E+02 4.568E-06 7.485E-12  1.02E-06
4.467E+02 5.125E-06 9.423E-12  1.15E-06
4.217E+02 5.750E-06 1.186E-11  1.28E-06
3.981E+02 6.451E-06 1.493E-11  1.44E-06
3.758E+02 7.238E-06 1.880E-11  1.62E-06
3.548E+02 8.121E-06 2.367E-11  1.81E-06
3.350E+02 9.111E-06 2.980E-11  2.04E-06
3.162E+02 1.022E-05 3.751E-11  2.28E-06
2.985E+02 1.147E-05 4.723E-11  2.56E-06
2.818E+02 1.287E-05 5.946E-11  2.88E-06
2.661E+02 1.443E-05 7.487E-11  3.23E-06
2.512E+02 1.619E-05 9.426E-11  3.62E-06
2.371E+02 1.816E-05 1.187E-10  4.06E-06
2.239E+02 2.037E-05 1.494E-10  4.56E-06
2.113E+02 2.286E-05 1.881E-10  5.12E-06
1.995E+02 2.564E-05 2.368E-10  5.74E-06
1.884E+02 2.877E-05 2.981E-10  6.44E-06
1.778E+02 3.227E-05 3.753E-10  7.23E-06
1.679E+02 3.619E-05 4.725E-10  8.11E-06
1.585E+02 4.057E-05 5.949E-10  9.10E-06
1.496E+02 4.549E-05 7.491E-10  1.02E-05
1.413E+02 5.100E-05 9.432E-10  1.15E-05
1.334E+02 5.721E-05 1.188E-09  1.29E-05
1.259E+02 6.417E-05 1.495E-09  1.44E-05
1.189E+02 7.195E-05 1.882E-09  1.62E-05
1.122E+02 8.065E-05 2.370E-09  1.82E-05
1.059E+02 9.040E-05 2.985E-09  2.04E-05
1.000E+02 1.013E-04 3.758E-09  2.29E-05
9.441E+01 1.135E-04 4.733E-09  2.57E-05
8.913E+01 1.272E-04 5.960E-09  2.89E-05
8.414E+01 1.425E-04 7.506E-09  3.24E-05
7.943E+01 1.597E-04 9.453E-09  3.64E-05
7.499E+01 1.788E-04 1.191E-08  4.08E-05
7.079E+01 2.002E-04 1.500E-08  4.58E-05
6.683E+01 2.242E-04 1.889E-08  5.14E-05
6.310E+01 2.509E-04 2.379E-08  5.78E-05
5.957E+01 2.807E-04 2.998E-08  6.49E-05
5.623E+01 3.140E-04 3.777E-08  7.29E-05
5.309E+01 3.511E-04 4.759E-08  8.19E-05
5.012E+01 3.924E-04 5.998E-08  9.20E-05
4.732E+01 4.385E-04 7.560E-08  1.03E-04
4.467E+01 4.898E-04 9.531E-08  1.16E-04
4.217E+01 5.468E-04 1.202E-07  1.31E-04
3.981E+01 6.103E-04 1.516E-07  1.47E-04
3.758E+01 6.808E-04 1.912E-07  1.65E-04
3.548E+01 7.592E-04 2.413E-07  1.86E-04
3.350E+01 8.461E-04 3.047E-07  2.10E-04
3.162E+01 9.428E-04 3.848E-07  2.36E-04
2.985E+01 1.050E-03 4.864E-07  2.66E-04
2.818E+01 1.171E-03 6.151E-07  3.01E-04
2.661E+01 1.305E-03 7.784E-07  3.40E-04
2.512E+01 1.455E-03 9.862E-07  3.85E-04
2.371E+01 1.625E-03 1.251E-06  4.37E-04
2.239E+01 1.820E-03 1.589E-06  4.97E-04
2.113E+01 2.045E-03 2.024E-06  5.67E-04
1.995E+01 2.311E-03 2.583E-06  6.50E-04
1.884E+01 2.635E-03 3.307E-06  7.49E-04
1.778E+01 3.046E-03 4.253E-06  8.71E-04
1.679E+01 3.587E-03 5.502E-06  1.03E-03
1.585E+01 4.382E-03 7.180E-06  1.23E-03
1.496E+01 5.540E-03 9.471E-06  1.52E-03
1.413E+01 7.543E-03 1.273E-05  1.96E-03
1.334E+01 1.143E-02 1.760E-05  2.55E-03
1.259E+01 2.001E-02 2.555E-05  8.80E-04
1.189E+01 4.201E-02 4.048E-05 -6.54E-04
1.122E+01 1.232E-01 7.243E-05 -1.18E-04
1.059E+01 2.701E-01 7.539E-05  3.65E-04
1.000E+01 1.294E-01 1.710E-05  7.58E-04
9.441E+00 6.061E-02 1.234E-05  1.07E-03
8.913E+00 3.709E-02 1.939E-05  1.37E-03
8.414E+00 2.697E-02 2.973E-05  1.67E-03
7.943E+00 2.170E-02 4.266E-05  1.99E-03
7.499E+00 1.855E-02 5.876E-05  2.33E-03
7.079E+00 1.661E-02 7.880E-05  2.70E-03
6.683E+00 1.532E-02 1.039E-04  3.10E-03
6.310E+00 1.443E-02 1.355E-04  3.55E-03
5.957E+00 1.379E-02 1.752E-04  4.04E-03
5.623E+00 1.327E-02 2.255E-04  4.59E-03
5.309E+00 1.287E-02 2.891E-04  5.20E-03
5.012E+00 1.255E-02 3.695E-04  5.88E-03
4.732E+00 1.228E-02 4.711E-04  6.65E-03
4.467E+00 1.203E-02 6.001E-04  7.51E-03
4.217E+00 1.181E-02 7.627E-04  8.46E-03
3.981E+00 1.161E-02 9.684E-04  9.54E-03
3.758E+00 1.139E-02 1.229E-03  1.07E-02
3.548E+00 1.118E-02 1.560E-03  1.21E-02
3.350E+00 1.098E-02 1.978E-03  1.36E-02
3.162E+00 1.076E-02 2.508E-03  1.53E-02
2.985E+00 1.054E-02 3.181E-03  1.72E-02
2.818E+00 1.030E-02 4.033E-03  1.94E-02
2.661E+00 1.006E-02 5.116E-03  2.18E-02
2.512E+00 9.804E-03 6.491E-03  2.45E-02
2.371E+00 9.564E-03 8.238E-03  2.75E-02
2.239E+00 9.304E-03 1.046E-02  3.09E-02
2.113E+00 9.023E-03 1.329E-02  3.48E-02
1.995E+00 8.745E-03 1.691E-02  3.91E-02
1.884E+00 8.467E-03 2.153E-02  4.40E-02
1.778E+00 8.204E-03 2.744E-02  4.94E-02
1.679E+00 7.942E-03 3.500E-02  5.56E-02
1.585E+00 7.687E-03 4.471E-02  6.26E-02
1.496E+00 7.449E-03 5.717E-02  7.05E-02
1.413E+00 7.217E-03 7.322E-02  7.94E-02
1.334E+00 7.010E-03 9.392E-02  8.95E-02
1.259E+00 6.820E-03 1.207E-01  1.01E-01
1.189E+00 6.661E-03 1.554E-01  1.14E-01
1.122E+00 6.535E-03 2.005E-01  1.30E-01
1.059E+00 6.447E-03 2.591E-01  1.47E-01
1.000E+00 6.416E-03 3.354E-01  1.68E-01
9.441E-01 6.455E-03 4.349E-01  1.93E-01
8.913E-01 6.591E-03 5.648E-01  2.23E-01
8.414E-01 6.882E-03 7.352E-01  2.60E-01
7.943E-01 7.430E-03 9.622E-01  3.06E-01
7.499E-01 8.446E-03 1.275E+00  3.64E-01
7.079E-01 1.040E-02 1.745E+00  4.36E-01
6.683E-01 1.437E-02 2.587E+00  5.07E-01
6.310E-01 2.159E-02 4.335E+00  5.21E-01
5.957E-01 2.371E-02 6.348E+00  4.17E-01
5.623E-01 1.376E-02 5.822E+00  2.88E-01
5.309E-01 7.594E-03 4.884E+00  2.31E-01
5.012E-01 5.477E-03 4.396E+00  2.32E-01
4.732E-01 5.625E-03 4.169E+00  2.56E-01
4.467E-01 1.077E-02 4.547E+00  2.56E-01
4.217E-01 1.545E-02 5.550E+00  3.52E-01
3.981E-01 7.966E-03 2.945E+00  2.32E-01
3.758E-01 2.047E-02 3.430E+00  1.10E-01
3.548E-01 6.499E-02 2.674E+00  1.26E-03
3.350E-01 6.728E-02 1.005E+00  9.00E-02
3.162E-01 1.184E-01 1.324E+00  2.99E-01
2.985E-01 3.917E-01 2.095E+00  2.06E-01
2.818E-01 3.890E-01 2.395E+00  5.87E-01
2.661E-01 6.197E-01 2.722E+00  5.19E-01
2.512E-01 1.113E+00 1.990E+00  5.54E-01
2.371E-01 1.118E+00 1.415E+00  4.50E-01
2.239E-01 1.154E+00 1.617E+00  6.70E-01
2.113E-01 1.110E+00 1.513E+00  6.30E-01
1.995E-01 1.020E+00 1.588E+00  6.30E-01
1.884E-01 9.291E-01 1.677E+00  6.16E-01
1.778E-01 8.591E-01 1.779E+00  6.07E-01
1.679E-01 8.252E-01 1.877E+00  6.08E-01
1.585E-01 8.404E-01 1.973E+00  6.21E-01
1.496E-01 9.096E-01 1.971E+00  6.44E-01
1.413E-01 9.578E-01 1.927E+00  6.62E-01
1.334E-01 9.798E-01 1.913E+00  6.76E-01
1.259E-01 9.779E-01 1.906E+00  6.83E-01
1.189E-01 9.614E-01 1.931E+00  6.86E-01
1.122E-01 9.376E-01 1.920E+00  6.90E-01
1.059E-01 9.235E-01 1.832E+00  7.03E-01
1.000E-01 9.043E-01 1.743E+00  7.18E-01
9.441E-02 8.834E-01 1.683E+00  7.29E-01
8.913E-02 8.685E-01 1.622E+00  7.43E-01
8.414E-02 8.576E-01 1.569E+00  7.57E-01
7.943E-02 8.498E-01 1.522E+00  7.72E-01
7.499E-02 8.447E-01 1.480E+00  7.87E-01
7.079E-02 8.414E-01 1.442E+00  8.01E-01
6.683E-02 8.393E-01 1.408E+00  8.16E-01
6.310E-02 8.384E-01 1.377E+00  8.30E-01
5.957E-02 8.382E-01 1.348E+00  8.44E-01
5.623E-02 8.384E-01 1.322E+00  8.57E-01
5.309E-02 8.389E-01 1.298E+00  8.70E-01
5.012E-02 8.394E-01 1.276E+00  8.83E-01
4.732E-02 8.402E-01 1.255E+00  8.94E-01
4.467E-02 8.408E-01 1.236E+00  9.05E-01
4.217E-02 8.413E-01 1.219E+00  9.14E-01
3.981E-02 8.418E-01 1.202E+00  9.23E-01
3.758E-02 8.422E-01 1.187E+00  9.31E-01
3.548E-02 8.426E-01 1.173E+00  9.39E-01
3.350E-02 8.430E-01 1.159E+00  9.46E-01
3.162E-02 8.433E-01 1.147E+00  9.52E-01
2.985E-02 8.434E-01 1.137E+00  9.57E-01
2.818E-02 8.432E-01 1.129E+00  9.62E-01
2.661E-02 8.429E-01 1.124E+00  9.67E-01
2.512E-02 8.419E-01 1.125E+00  9.72E-01
2.371E-02 8.403E-01 1.133E+00  9.76E-01
2.239E-02 8.377E-01 1.149E+00  9.79E-01
2.113E-02 8.339E-01 1.174E+00  9.83E-01
1.995E-02 8.285E-01 1.207E+00  9.86E-01
1.884E-02 8.211E-01 1.248E+00  9.88E-01
1.778E-02 8.117E-01 1.294E+00  9.90E-01
1.679E-02 7.998E-01 1.340E+00  9.92E-01
1.585E-02 7.854E-01 1.378E+00  9.94E-01
1.496E-02 7.682E-01 1.401E+00  9.95E-01
1.413E-02 7.481E-01 1.396E+00  9.96E-01
1.334E-02 7.252E-01 1.348E+00  9.97E-01
1.259E-02 7.000E-01 1.233E+00  9.98E-01
1.189E-02 6.721E-01 1.023E+00  9.98E-01
1.122E-02 6.448E-01 5.512E-01  9.99E-01
1.059E-02 9.792E-01 8.044E-01  9.98E-01
1.000E-02 9.503E-01 8.168E-01  9.98E-01
9.441E-03 9.380E-01 8.759E-01  9.98E-01
8.913E-03 9.279E-01 9.102E-01  9.98E-01
8.414E-03 9.174E-01 9.339E-01  9.98E-01
7.943E-03 9.059E-01 9.452E-01  9.99E-01
7.499E-03 8.939E-01 9.013E-01  9.99E-01
7.079E-03 9.161E-01 9.415E-01  9.99E-01
6.683E-03 9.017E-01 9.895E-01  9.99E-01
6.310E-03 8.852E-01 1.026E+00  9.99E-01
5.957E-03 8.663E-01 1.056E+00  9.99E-01
5.623E-03 8.436E-01 1.080E+00  9.99E-01
5.309E-03 8.176E-01 1.093E+00  9.99E-01
5.012E-03 7.879E-01 1.090E+00  9.99E-01
4.732E-03 7.550E-01 1.046E+00  1.00E+00
4.467E-03 7.194E-01 8.265E-01  1.00E+00
4.217E-03 8.114E-01 9.420E-01  1.00E+00
3.981E-03 7.791E-01 1.001E+00  1.00E+00
3.758E-03 7.431E-01 1.032E+00  1.00E+00
3.548E-03 7.039E-01 1.045E+00  1.00E+00
3.350E-03 6.621E-01 1.046E+00  1.00E+00
3.162E-03 6.183E-01 1.034E+00  1.00E+00
2.985E-03 5.742E-01 1.014E+00  1.00E+00
2.818E-03 5.277E-01 9.854E-01  1.00E+00
2.661E-03 4.811E-01 9.475E-01  1.00E+00
2.512E-03 4.364E-01 9.015E-01  1.00E+00
2.371E-03 3.937E-01 8.509E-01  1.00E+00
2.239E-03 3.532E-01 7.976E-01  1.00E+00
2.113E-03 3.147E-01 7.426E-01  1.00E+00
1.995E-03 2.794E-01 6.872E-01  1.00E+00
1.884E-03 2.469E-01 6.323E-01  1.00E+00
1.778E-03 2.171E-01 5.784E-01  1.00E+00
1.679E-03 1.903E-01 5.266E-01  1.00E+00
1.585E-03 1.663E-01 4.775E-01  1.00E+00
1.496E-03 1.449E-01 4.318E-01  1.00E+00
1.413E-03 1.258E-01 3.892E-01  1.00E+00
1.334E-03 1.091E-01 3.492E-01  1.00E+00
1.259E-03 9.445E-02 3.129E-01  1.00E+00
1.189E-03 8.177E-02 2.802E-01  1.00E+00
1.122E-03 7.029E-02 2.494E-01  1.00E+00
1.059E-03 6.044E-02 2.214E-01  1.00E+00
