w(micron)  Q_abs     Q_sca     g=<cos>
1.000E+03 2.291E-05 9.425E-08  1.15E-04
9.441E+02 2.571E-05 1.187E-07  1.28E-04
8.913E+02 2.885E-05 1.494E-07  1.44E-04
8.414E+02 3.237E-05 1.881E-07  1.62E-04
7.943E+02 3.632E-05 2.368E-07  1.82E-04
7.499E+02 4.076E-05 2.981E-07  2.04E-04
7.079E+02 4.574E-05 3.753E-07  2.29E-04
6.683E+02 5.133E-05 4.725E-07  2.56E-04
6.310E+02 5.761E-05 5.948E-07  2.88E-04
5.957E+02 6.465E-05 7.489E-07  3.23E-04
5.623E+02 7.255E-05 9.429E-07  3.62E-04
5.309E+02 8.143E-05 1.187E-06  4.06E-04
5.012E+02 9.139E-05 1.495E-06  4.56E-04
4.732E+02 1.026E-04 1.882E-06  5.12E-04
4.467E+02 1.151E-04 2.369E-06  5.74E-04
4.217E+02 1.292E-04 2.983E-06  6.44E-04
3.981E+02 1.451E-04 3.756E-06  7.23E-04
3.758E+02 1.628E-04 4.729E-06  8.11E-04
3.548E+02 1.828E-04 5.955E-06  9.10E-04
3.350E+02 2.052E-04 7.498E-06  1.02E-03
3.162E+02 2.304E-04 9.442E-06  1.15E-03
2.985E+02 2.587E-04 1.189E-05  1.29E-03
2.818E+02 2.905E-04 1.497E-05  1.44E-03
2.661E+02 3.262E-04 1.886E-05  1.62E-03
2.512E+02 3.664E-04 2.375E-05  1.82E-03
2.371E+02 4.115E-04 2.992E-05  2.04E-03
2.239E+02 4.624E-04 3.768E-05  2.29E-03
2.113E+02 5.196E-04 4.746E-05  2.57E-03
1.995E+02 5.840E-04 5.978E-05  2.88E-03
1.884E+02 6.565E-04 7.530E-05  3.23E-03
1.778E+02 7.382E-04 9.486E-05  3.63E-03
1.679E+02 8.300E-04 1.195E-04  4.07E-03
1.585E+02 9.333E-04 1.506E-04  4.57E-03
1.496E+02 1.050E-03 1.899E-04  5.13E-03
1.413E+02 1.182E-03 2.393E-04  5.76E-03
1.334E+02 1.331E-03 3.017E-04  6.47E-03
1.259E+02 1.500E-03 3.803E-04  7.26E-03
1.189E+02 1.690E-03 4.796E-04  8.16E-03
1.122E+02 1.906E-03 6.050E-04  9.16E-03
1.059E+02 2.151E-03 7.633E-04  1.03E-02
1.000E+02 2.429E-03 9.633E-04  1.16E-02
9.441E+01 2.745E-03 1.216E-03  1.30E-02
8.913E+01 3.104E-03 1.536E-03  1.46E-02
8.414E+01 3.515E-03 1.940E-03  1.64E-02
7.943E+01 3.984E-03 2.452E-03  1.84E-02
7.499E+01 4.522E-03 3.100E-03  2.07E-02
7.079E+01 5.140E-03 3.922E-03  2.33E-02
6.683E+01 5.852E-03 4.965E-03  2.62E-02
6.310E+01 6.676E-03 6.290E-03  2.95E-02
5.957E+01 7.630E-03 7.975E-03  3.32E-02
5.623E+01 8.743E-03 1.012E-02  3.74E-02
5.309E+01 1.004E-02 1.286E-02  4.22E-02
5.012E+01 1.158E-02 1.635E-02  4.76E-02
4.732E+01 1.339E-02 2.082E-02  5.37E-02
4.467E+01 1.556E-02 2.655E-02  6.07E-02
4.217E+01 1.817E-02 3.392E-02  6.88E-02
3.981E+01 2.135E-02 4.341E-02  7.80E-02
3.758E+01 2.526E-02 5.570E-02  8.87E-02
3.548E+01 3.014E-02 7.164E-02  1.01E-01
3.350E+01 3.634E-02 9.244E-02  1.16E-01
3.162E+01 4.440E-02 1.197E-01  1.33E-01
2.985E+01 5.517E-02 1.557E-01  1.53E-01
2.818E+01 7.010E-02 2.038E-01  1.78E-01
2.661E+01 9.171E-02 2.685E-01  2.09E-01
2.512E+01 1.251E-01 3.577E-01  2.48E-01
2.371E+01 1.813E-01 4.848E-01  2.98E-01
2.239E+01 2.883E-01 6.783E-01  3.64E-01
2.113E+01 5.301E-01 1.016E+00  4.41E-01
1.995E+01 1.178E+00 1.759E+00  4.77E-01
1.884E+01 2.260E+00 3.148E+00  3.01E-01
1.778E+01 1.622E+00 3.205E+00  2.23E-02
1.679E+01 1.170E+00 3.138E+00 -3.37E-02
1.585E+01 1.583E+00 2.928E+00  4.51E-02
1.496E+01 1.999E+00 1.351E+00  1.46E-01
1.413E+01 1.409E+00 1.239E+00  8.71E-02
1.334E+01 1.260E+00 1.736E+00  1.12E-01
1.259E+01 9.801E-01 1.988E+00  1.07E-01
1.189E+01 9.266E-01 2.234E+00  1.63E-01
1.122E+01 1.354E+00 2.170E+00  2.99E-01
1.059E+01 1.758E+00 1.428E+00  4.34E-01
1.000E+01 1.472E+00 6.487E-01  5.04E-01
9.441E+00 1.308E+00 7.706E-01  5.91E-01
8.913E+00 1.240E+00 1.446E+00  6.08E-01
8.414E+00 1.208E+00 2.062E+00  6.00E-01
7.943E+00 1.364E+00 2.535E+00  6.35E-01
7.499E+00 1.369E+00 2.818E+00  6.36E-01
7.079E+00 1.186E+00 2.602E+00  5.60E-01
6.683E+00 1.228E+00 2.188E+00  4.88E-01
6.310E+00 1.367E+00 1.810E+00  5.08E-01
5.957E+00 1.234E+00 1.476E+00  4.80E-01
5.623E+00 1.224E+00 1.311E+00  3.85E-01
5.309E+00 1.180E+00 1.076E+00  3.97E-01
5.012E+00 1.072E+00 1.059E+00  5.44E-01
4.732E+00 1.181E+00 1.496E+00  6.42E-01
4.467E+00 8.937E-01 1.695E+00  6.60E-01
4.217E+00 1.085E+00 2.050E+00  7.43E-01
3.981E+00 8.860E-01 2.224E+00  7.45E-01
3.758E+00 9.025E-01 2.142E+00  6.77E-01
3.548E+00 8.463E-01 1.986E+00  6.92E-01
3.350E+00 8.693E-01 1.605E+00  5.38E-01
3.162E+00 8.034E-01 1.437E+00  5.38E-01
2.985E+00 8.732E-01 1.473E+00  5.43E-01
2.818E+00 8.168E-01 1.680E+00  6.18E-01
2.661E+00 7.227E-01 1.941E+00  7.12E-01
2.512E+00 7.819E-01 2.143E+00  7.46E-01
2.371E+00 7.999E-01 1.871E+00  6.53E-01
2.239E+00 6.468E-01 1.435E+00  6.23E-01
2.113E+00 5.952E-01 1.521E+00  5.88E-01
1.995E+00 5.829E-01 1.913E+00  6.45E-01
1.884E+00 5.828E-01 2.069E+00  7.11E-01
1.778E+00 5.442E-01 1.788E+00  6.90E-01
1.679E+00 4.963E-01 1.521E+00  6.17E-01
1.585E+00 4.702E-01 1.721E+00  6.25E-01
1.496E+00 4.867E-01 2.017E+00  6.49E-01
1.413E+00 4.921E-01 1.930E+00  6.36E-01
1.334E+00 4.026E-01 1.699E+00  5.95E-01
1.259E+00 4.452E-01 2.177E+00  6.68E-01
1.189E+00 3.509E-01 1.779E+00  6.32E-01
1.122E+00 3.913E-01 2.040E+00  6.70E-01
1.059E+00 3.420E-01 2.093E+00  6.32E-01
1.000E+00 2.992E-01 1.660E+00  5.79E-01
9.441E-01 2.694E-01 1.971E+00  6.13E-01
8.913E-01 2.764E-01 1.781E+00  5.66E-01
8.414E-01 2.647E-01 2.276E+00  6.48E-01
7.943E-01 2.123E-01 1.900E+00  5.99E-01
7.499E-01 2.161E-01 2.168E+00  6.13E-01
7.079E-01 1.667E-01 1.908E+00  5.71E-01
6.683E-01 1.500E-01 1.797E+00  5.77E-01
6.310E-01 1.412E-01 1.968E+00  5.99E-01
5.957E-01 1.480E-01 2.239E+00  6.17E-01
5.623E-01 1.260E-01 1.961E+00  6.02E-01
5.309E-01 1.030E-01 2.136E+00  6.44E-01
5.012E-01 1.163E-01 2.028E+00  5.95E-01
4.732E-01 9.044E-02 2.193E+00  6.13E-01
4.467E-01 7.566E-02 1.989E+00  5.85E-01
4.217E-01 7.097E-02 2.253E+00  6.15E-01
3.981E-01 8.609E-02 2.028E+00  5.98E-01
3.758E-01 1.995E-01 2.055E+00  6.55E-01
3.548E-01 3.802E-01 1.809E+00  6.80E-01
3.350E-01 4.373E-01 1.784E+00  7.01E-01
3.162E-01 6.400E-01 1.538E+00  7.64E-01
2.985E-01 7.330E-01 1.382E+00  7.83E-01
2.818E-01 7.948E-01 1.333E+00  8.06E-01
2.661E-01 7.863E-01 1.334E+00  8.00E-01
2.512E-01 7.703E-01 1.346E+00  7.91E-01
2.371E-01 7.508E-01 1.361E+00  7.79E-01
2.239E-01 7.256E-01 1.382E+00  7.64E-01
2.113E-01 6.924E-01 1.411E+00  7.44E-01
1.995E-01 6.459E-01 1.457E+00  7.17E-01
1.884E-01 5.972E-01 1.510E+00  6.91E-01
1.778E-01 5.545E-01 1.565E+00  6.71E-01
1.679E-01 5.221E-01 1.611E+00  6.60E-01
1.585E-01 5.013E-01 1.640E+00  6.57E-01
1.496E-01 5.165E-01 1.616E+00  6.70E-01
1.413E-01 5.344E-01 1.587E+00  6.83E-01
1.334E-01 5.377E-01 1.575E+00  6.89E-01
1.259E-01 5.335E-01 1.571E+00  6.91E-01
1.189E-01 5.129E-01 1.584E+00  6.87E-01
1.122E-01 5.026E-01 1.587E+00  6.87E-01
1.059E-01 5.261E-01 1.555E+00  7.04E-01
1.000E-01 5.544E-01 1.520E+00  7.22E-01
9.441E-02 5.741E-01 1.495E+00  7.36E-01
8.913E-02 5.971E-01 1.467E+00  7.52E-01
8.414E-02 6.189E-01 1.441E+00  7.68E-01
7.943E-02 6.396E-01 1.417E+00  7.83E-01
7.499E-02 6.594E-01 1.393E+00  7.98E-01
7.079E-02 6.783E-01 1.371E+00  8.13E-01
6.683E-02 6.962E-01 1.350E+00  8.28E-01
6.310E-02 7.134E-01 1.330E+00  8.42E-01
5.957E-02 7.297E-01 1.311E+00  8.56E-01
5.623E-02 7.453E-01 1.293E+00  8.69E-01
5.309E-02 7.600E-01 1.277E+00  8.82E-01
5.012E-02 7.737E-01 1.261E+00  8.93E-01
4.732E-02 7.868E-01 1.245E+00  9.04E-01
4.467E-02 7.990E-01 1.231E+00  9.15E-01
4.217E-02 8.105E-01 1.218E+00  9.24E-01
3.981E-02 8.212E-01 1.206E+00  9.32E-01
3.758E-02 8.314E-01 1.194E+00  9.40E-01
3.548E-02 8.411E-01 1.183E+00  9.47E-01
3.350E-02 8.504E-01 1.172E+00  9.53E-01
3.162E-02 8.593E-01 1.162E+00  9.59E-01
2.985E-02 8.679E-01 1.152E+00  9.64E-01
2.818E-02 8.760E-01 1.142E+00  9.68E-01
2.661E-02 8.840E-01 1.133E+00  9.72E-01
2.512E-02 8.917E-01 1.124E+00  9.76E-01
2.371E-02 8.992E-01 1.115E+00  9.80E-01
2.239E-02 9.064E-01 1.107E+00  9.82E-01
2.113E-02 9.134E-01 1.099E+00  9.85E-01
1.995E-02 9.201E-01 1.091E+00  9.87E-01
1.884E-02 9.265E-01 1.084E+00  9.89E-01
1.778E-02 9.328E-01 1.077E+00  9.91E-01
1.679E-02 9.389E-01 1.070E+00  9.93E-01
1.585E-02 9.448E-01 1.063E+00  9.94E-01
1.496E-02 9.534E-01 1.047E+00  9.95E-01
1.413E-02 9.594E-01 1.041E+00  9.96E-01
1.334E-02 9.654E-01 1.035E+00  9.97E-01
1.259E-02 9.712E-01 1.029E+00  9.98E-01
1.189E-02 9.775E-01 1.022E+00  9.99E-01
1.122E-02 9.883E-01 1.012E+00  1.00E+00
1.059E-02 9.897E-01 1.010E+00  9.99E-01
1.000E-02 9.860E-01 1.014E+00  9.99E-01
9.441E-03 9.845E-01 1.016E+00  9.99E-01
8.913E-03 9.843E-01 1.016E+00  9.99E-01
8.414E-03 9.847E-01 1.015E+00  9.99E-01
7.943E-03 9.856E-01 1.014E+00  9.99E-01
7.499E-03 9.878E-01 1.012E+00  9.99E-01
7.079E-03 9.870E-01 1.013E+00  9.99E-01
6.683E-03 9.869E-01 1.013E+00  9.99E-01
6.310E-03 9.873E-01 1.013E+00  9.99E-01
5.957E-03 9.879E-01 1.012E+00  9.99E-01
5.623E-03 9.886E-01 1.011E+00  1.00E+00
5.309E-03 9.893E-01 1.011E+00  1.00E+00
5.012E-03 9.899E-01 1.010E+00  1.00E+00
4.732E-03 9.907E-01 1.009E+00  1.00E+00
4.467E-03 9.925E-01 1.008E+00  1.00E+00
4.217E-03 9.927E-01 1.007E+00  1.00E+00
3.981E-03 9.923E-01 1.008E+00  1.00E+00
3.758E-03 9.920E-01 1.008E+00  1.00E+00
3.548E-03 9.917E-01 1.008E+00  1.00E+00
3.350E-03 9.914E-01 1.009E+00  1.00E+00
3.162E-03 9.910E-01 1.009E+00  1.00E+00
2.985E-03 9.905E-01 1.009E+00  1.00E+00
2.818E-03 9.900E-01 1.010E+00  1.00E+00
2.661E-03 9.893E-01 1.011E+00  1.00E+00
2.512E-03 9.885E-01 1.012E+00  1.00E+00
2.371E-03 9.875E-01 1.012E+00  1.00E+00
2.239E-03 9.862E-01 1.014E+00  1.00E+00
2.113E-03 9.840E-01 1.016E+00  1.00E+00
1.995E-03 9.807E-01 1.019E+00  1.00E+00
1.884E-03 9.759E-01 1.024E+00  1.00E+00
1.778E-03 9.689E-01 1.031E+00  1.00E+00
1.679E-03 9.594E-01 1.041E+00  1.00E+00
1.585E-03 9.467E-01 1.053E+00  1.00E+00
1.496E-03 9.298E-01 1.070E+00  1.00E+00
1.413E-03 9.081E-01 1.092E+00  1.00E+00
1.334E-03 8.810E-01 1.119E+00  1.00E+00
1.259E-03 8.484E-01 1.151E+00  1.00E+00
1.189E-03 8.108E-01 1.189E+00  1.00E+00
1.122E-03 7.666E-01 1.233E+00  1.00E+00
1.059E-03 7.186E-01 1.281E+00  1.00E+00
