w(micron)  Q_abs     Q_sca     g=<cos>
1.000E+03 1.621E-07 2.367E-16  0.00E+00
9.441E+02 1.819E-07 2.980E-16  0.00E+00
8.913E+02 2.040E-07 3.751E-16  0.00E+00
8.414E+02 2.289E-07 4.723E-16  0.00E+00
7.943E+02 2.569E-07 5.945E-16  0.00E+00
7.499E+02 2.882E-07 7.485E-16  0.00E+00
7.079E+02 3.234E-07 9.423E-16  0.00E+00
6.683E+02 3.629E-07 1.186E-15  0.00E+00
6.310E+02 4.071E-07 1.493E-15  0.00E+00
5.957E+02 4.568E-07 1.880E-15  0.00E+00
5.623E+02 5.125E-07 2.367E-15  0.00E+00
5.309E+02 5.751E-07 2.980E-15  0.00E+00
5.012E+02 6.452E-07 3.751E-15  0.00E+00
4.732E+02 7.239E-07 4.723E-15  0.00E+00
4.467E+02 8.122E-07 5.945E-15  0.00E+00
4.217E+02 9.113E-07 7.485E-15  0.00E+00
3.981E+02 1.022E-06 9.423E-15  0.00E+00
3.758E+02 1.147E-06 1.186E-14  0.00E+00
3.548E+02 1.287E-06 1.493E-14  0.00E+00
3.350E+02 1.444E-06 1.880E-14  0.00E+00
3.162E+02 1.620E-06 2.367E-14  0.00E+00
2.985E+02 1.818E-06 2.980E-14  0.00E+00
2.818E+02 2.039E-06 3.752E-14  0.00E+00
2.661E+02 2.287E-06 4.724E-14  0.00E+00
2.512E+02 2.566E-06 5.947E-14  0.00E+00
2.371E+02 2.878E-06 7.488E-14  0.00E+00
2.239E+02 3.229E-06 9.426E-14  0.00E+00
2.113E+02 3.622E-06 1.187E-13  0.00E+00
1.995E+02 4.064E-06 1.494E-13  0.00E+00
1.884E+02 4.559E-06 1.881E-13  0.00E+00
1.778E+02 5.114E-06 2.368E-13  0.00E+00
1.679E+02 5.735E-06 2.981E-13  0.00E+00
1.585E+02 6.430E-06 3.754E-13  0.00E+00
1.496E+02 7.209E-06 4.727E-13  0.00E+00
1.413E+02 8.083E-06 5.951E-13  0.00E+00
1.334E+02 9.066E-06 7.493E-13  0.00E+00
1.259E+02 1.017E-05 9.433E-13  0.00E+00
1.189E+02 1.140E-05 1.188E-12  0.00E+00
1.122E+02 1.278E-05 1.496E-12  0.00E+00
1.059E+02 1.433E-05 1.883E-12  5.13E-07
1.000E+02 1.606E-05 2.371E-12  5.75E-07
9.441E+01 1.799E-05 2.986E-12  6.46E-07
8.913E+01 2.016E-05 3.760E-12  7.25E-07
8.414E+01 2.259E-05 4.736E-12  8.14E-07
7.943E+01 2.530E-05 5.964E-12  9.13E-07
7.499E+01 2.833E-05 7.511E-12  1.03E-06
7.079E+01 3.173E-05 9.461E-12  1.15E-06
6.683E+01 3.552E-05 1.192E-11  1.29E-06
6.310E+01 3.975E-05 1.501E-11  1.45E-06
5.957E+01 4.448E-05 1.891E-11  1.63E-06
5.623E+01 4.974E-05 2.383E-11  1.83E-06
5.309E+01 5.562E-05 3.002E-11  2.06E-06
5.012E+01 6.216E-05 3.784E-11  2.31E-06
4.732E+01 6.945E-05 4.769E-11  2.60E-06
4.467E+01 7.757E-05 6.012E-11  2.92E-06
4.217E+01 8.660E-05 7.581E-11  3.28E-06
3.981E+01 9.664E-05 9.561E-11  3.69E-06
3.758E+01 1.078E-04 1.206E-10  4.15E-06
3.548E+01 1.202E-04 1.522E-10  4.67E-06
3.350E+01 1.339E-04 1.922E-10  5.26E-06
3.162E+01 1.492E-04 2.427E-10  5.93E-06
2.985E+01 1.662E-04 3.067E-10  6.69E-06
2.818E+01 1.852E-04 3.879E-10  7.55E-06
2.661E+01 2.064E-04 4.909E-10  8.54E-06
2.512E+01 2.301E-04 6.218E-10  9.67E-06
2.371E+01 2.569E-04 7.887E-10  1.10E-05
2.239E+01 2.875E-04 1.002E-09  1.25E-05
2.113E+01 3.229E-04 1.276E-09  1.42E-05
1.995E+01 3.647E-04 1.628E-09  1.63E-05
1.884E+01 4.156E-04 2.084E-09  1.88E-05
1.778E+01 4.800E-04 2.680E-09  2.19E-05
1.679E+01 5.646E-04 3.466E-09  2.57E-05
1.585E+01 6.885E-04 4.522E-09  3.09E-05
1.496E+01 8.678E-04 5.964E-09  3.82E-05
1.413E+01 1.175E-03 8.010E-09  4.92E-05
1.334E+01 1.755E-03 1.107E-08  6.39E-05
1.259E+01 3.036E-03 1.606E-08  2.30E-05
1.189E+01 6.565E-03 2.543E-08 -1.64E-05
1.122E+01 1.937E-02 4.543E-08 -2.98E-06
1.059E+01 4.264E-02 4.746E-08  9.17E-06
1.000E+01 2.047E-02 1.080E-08  1.90E-05
9.441E+00 9.575E-03 7.780E-09  2.70E-05
8.913E+00 5.849E-03 1.222E-08  3.45E-05
8.414E+00 4.246E-03 1.872E-08  4.21E-05
7.943E+00 3.412E-03 2.684E-08  5.00E-05
7.499E+00 2.910E-03 3.694E-08  5.86E-05
7.079E+00 2.602E-03 4.949E-08  6.78E-05
6.683E+00 2.395E-03 6.523E-08  7.80E-05
6.310E+00 2.251E-03 8.497E-08  8.91E-05
5.957E+00 2.145E-03 1.098E-07  1.02E-04
5.623E+00 2.060E-03 1.411E-07  1.15E-04
5.309E+00 1.992E-03 1.808E-07  1.31E-04
5.012E+00 1.936E-03 2.307E-07  1.48E-04
4.732E+00 1.888E-03 2.937E-07  1.67E-04
4.467E+00 1.842E-03 3.736E-07  1.89E-04
4.217E+00 1.800E-03 4.740E-07  2.13E-04
3.981E+00 1.759E-03 6.007E-07  2.40E-04
3.758E+00 1.717E-03 7.609E-07  2.70E-04
3.548E+00 1.675E-03 9.631E-07  3.04E-04
3.350E+00 1.632E-03 1.218E-06  3.42E-04
3.162E+00 1.587E-03 1.540E-06  3.85E-04
2.985E+00 1.540E-03 1.946E-06  4.33E-04
2.818E+00 1.490E-03 2.458E-06  4.87E-04
2.661E+00 1.439E-03 3.104E-06  5.48E-04
2.512E+00 1.385E-03 3.920E-06  6.16E-04
2.371E+00 1.333E-03 4.947E-06  6.92E-04
2.239E+00 1.276E-03 6.244E-06  7.78E-04
2.113E+00 1.216E-03 7.881E-06  8.74E-04
1.995E+00 1.155E-03 9.949E-06  9.83E-04
1.884E+00 1.094E-03 1.256E-05  1.10E-03
1.778E+00 1.034E-03 1.586E-05  1.24E-03
1.679E+00 9.732E-04 2.001E-05  1.39E-03
1.585E+00 9.129E-04 2.526E-05  1.57E-03
1.496E+00 8.542E-04 3.188E-05  1.76E-03
1.413E+00 7.958E-04 4.024E-05  1.98E-03
1.334E+00 7.397E-04 5.081E-05  2.22E-03
1.259E+00 6.848E-04 6.415E-05  2.50E-03
1.189E+00 6.324E-04 8.102E-05  2.81E-03
1.122E+00 5.823E-04 1.023E-04  3.16E-03
1.059E+00 5.343E-04 1.293E-04  3.55E-03
1.000E+00 4.893E-04 1.634E-04  3.99E-03
9.441E-01 4.469E-04 2.066E-04  4.49E-03
8.913E-01 4.070E-04 2.613E-04  5.05E-03
8.414E-01 3.699E-04 3.305E-04  5.68E-03
7.943E-01 3.354E-04 4.184E-04  6.39E-03
7.499E-01 3.034E-04 5.300E-04  7.19E-03
7.079E-01 2.740E-04 6.716E-04  8.10E-03
6.683E-01 2.469E-04 8.518E-04  9.12E-03
6.310E-01 2.223E-04 1.081E-03  1.03E-02
5.957E-01 1.998E-04 1.374E-03  1.16E-02
5.623E-01 1.787E-04 1.748E-03  1.31E-02
5.309E-01 1.598E-04 2.226E-03  1.48E-02
5.012E-01 1.427E-04 2.839E-03  1.67E-02
4.732E-01 1.272E-04 3.628E-03  1.89E-02
4.467E-01 1.130E-04 4.646E-03  2.14E-02
4.217E-01 9.901E-05 5.964E-03  2.43E-02
3.981E-01 1.327E-04 7.681E-03  2.77E-02
3.758E-01 3.485E-04 9.916E-03  3.16E-02
3.548E-01 7.765E-04 1.286E-02  3.62E-02
3.350E-01 1.006E-03 1.673E-02  4.16E-02
3.162E-01 2.107E-03 2.193E-02  4.82E-02
2.985E-01 3.397E-03 2.894E-02  5.63E-02
2.818E-01 7.726E-03 3.849E-02  6.65E-02
2.661E-01 1.791E-02 5.151E-02  7.95E-02
2.512E-01 3.565E-02 6.968E-02  9.69E-02
2.371E-01 5.899E-02 9.567E-02  1.22E-01
2.239E-01 1.126E-01 1.344E-01  1.61E-01
2.113E-01 2.740E-01 1.963E-01  2.25E-01
1.995E-01 8.593E-01 3.061E-01  2.32E-01
1.884E-01 1.074E+00 4.109E-01  3.00E-02
1.778E-01 1.004E+00 5.344E-01 -2.49E-02
1.679E-01 1.065E+00 7.298E-01 -2.53E-02
1.585E-01 1.295E+00 1.021E+00 -9.49E-03
1.496E-01 1.678E+00 1.280E+00  1.45E-02
1.413E-01 1.912E+00 1.442E+00  3.31E-02
1.334E-01 2.056E+00 1.591E+00  5.01E-02
1.259E-01 2.086E+00 1.705E+00  6.71E-02
1.189E-01 2.069E+00 1.812E+00  8.71E-02
1.122E-01 2.028E+00 1.764E+00  1.20E-01
1.059E-01 1.990E+00 1.505E+00  1.74E-01
1.000E-01 1.895E+00 1.281E+00  2.28E-01
9.441E-02 1.775E+00 1.152E+00  2.72E-01
8.913E-02 1.632E+00 1.030E+00  3.11E-01
8.414E-02 1.496E+00 9.331E-01  3.45E-01
7.943E-02 1.375E+00 8.558E-01  3.78E-01
7.499E-02 1.270E+00 7.921E-01  4.10E-01
7.079E-02 1.179E+00 7.394E-01  4.43E-01
6.683E-02 1.101E+00 6.951E-01  4.75E-01
6.310E-02 1.032E+00 6.569E-01  5.08E-01
5.957E-02 9.726E-01 6.238E-01  5.40E-01
5.623E-02 9.195E-01 5.944E-01  5.73E-01
5.309E-02 8.721E-01 5.681E-01  6.05E-01
5.012E-02 8.290E-01 5.441E-01  6.37E-01
4.732E-02 7.897E-01 5.217E-01  6.69E-01
4.467E-02 7.534E-01 5.009E-01  6.99E-01
4.217E-02 7.191E-01 4.812E-01  7.29E-01
3.981E-02 6.865E-01 4.625E-01  7.56E-01
3.758E-02 6.548E-01 4.443E-01  7.81E-01
3.548E-02 6.243E-01 4.267E-01  8.02E-01
3.350E-02 5.943E-01 4.094E-01  8.20E-01
3.162E-02 5.650E-01 3.923E-01  8.35E-01
2.985E-02 5.365E-01 3.751E-01  8.48E-01
2.818E-02 5.091E-01 3.578E-01  8.62E-01
2.661E-02 4.829E-01 3.397E-01  8.76E-01
2.512E-02 4.572E-01 3.212E-01  8.89E-01
2.371E-02 4.320E-01 3.023E-01  9.00E-01
2.239E-02 4.071E-01 2.833E-01  9.09E-01
2.113E-02 3.828E-01 2.640E-01  9.16E-01
1.995E-02 3.594E-01 2.446E-01  9.24E-01
1.884E-02 3.363E-01 2.245E-01  9.32E-01
1.778E-02 3.139E-01 2.043E-01  9.39E-01
1.679E-02 2.920E-01 1.842E-01  9.43E-01
1.585E-02 2.711E-01 1.638E-01  9.49E-01
1.496E-02 2.509E-01 1.432E-01  9.54E-01
1.413E-02 2.314E-01 1.223E-01  9.58E-01
1.334E-02 2.128E-01 1.010E-01  9.62E-01
1.259E-02 1.954E-01 7.888E-02  9.66E-01
1.189E-02 1.786E-01 5.576E-02  9.69E-01
1.122E-02 1.634E-01 2.475E-02  9.71E-01
1.059E-02 5.261E-01 1.107E-01  9.74E-01
1.000E-02 4.965E-01 1.094E-01  9.76E-01
9.441E-03 4.719E-01 1.178E-01  9.78E-01
8.913E-03 4.468E-01 1.185E-01  9.81E-01
8.414E-03 4.207E-01 1.152E-01  9.82E-01
7.943E-03 3.939E-01 1.080E-01  9.84E-01
7.499E-03 3.672E-01 9.075E-02  9.85E-01
7.079E-03 4.132E-01 1.144E-01  9.87E-01
6.683E-03 3.838E-01 1.143E-01  9.88E-01
6.310E-03 3.546E-01 1.102E-01  9.89E-01
5.957E-03 3.262E-01 1.043E-01  9.90E-01
5.623E-03 2.980E-01 9.734E-02  9.91E-01
5.309E-03 2.711E-01 8.926E-02  9.92E-01
5.012E-03 2.455E-01 8.020E-02  9.93E-01
4.732E-03 2.216E-01 6.862E-02  9.93E-01
4.467E-03 1.991E-01 4.598E-02  9.94E-01
4.217E-03 2.629E-01 6.845E-02  9.95E-01
3.981E-03 2.374E-01 6.821E-02  9.95E-01
3.758E-03 2.131E-01 6.520E-02  9.96E-01
3.548E-03 1.906E-01 6.097E-02  9.96E-01
3.350E-03 1.697E-01 5.642E-02  9.96E-01
3.162E-03 1.506E-01 5.174E-02  9.97E-01
2.985E-03 1.336E-01 4.733E-02  9.97E-01
2.818E-03 1.174E-01 4.301E-02  9.97E-01
2.661E-03 1.027E-01 3.885E-02  9.98E-01
2.512E-03 8.987E-02 3.493E-02  9.98E-01
2.371E-03 7.851E-02 3.134E-02  9.98E-01
2.239E-03 6.843E-02 2.807E-02  9.98E-01
2.113E-03 5.940E-02 2.507E-02  9.98E-01
1.995E-03 5.155E-02 2.238E-02  9.99E-01
1.884E-03 4.464E-02 1.993E-02  9.99E-01
1.778E-03 3.857E-02 1.772E-02  9.99E-01
1.679E-03 3.328E-02 1.573E-02  9.99E-01
1.585E-03 2.869E-02 1.395E-02  9.99E-01
1.496E-03 2.471E-02 1.237E-02  9.99E-01
1.413E-03 2.124E-02 1.096E-02  9.99E-01
1.334E-03 1.825E-02 9.689E-03  9.99E-01
1.259E-03 1.569E-02 8.570E-03  9.99E-01
1.189E-03 1.349E-02 7.589E-03  9.99E-01
1.122E-03 1.153E-02 6.688E-03  9.99E-01
1.059E-03 9.865E-03 5.884E-03  1.00E+00
