w(micron)  Q_abs     Q_sca     g=<cos>
1.000E+03 9.115E-08 2.367E-17  0.00E+00
9.441E+02 1.023E-07 2.980E-17  0.00E+00
8.913E+02 1.147E-07 3.751E-17  0.00E+00
8.414E+02 1.287E-07 4.723E-17  0.00E+00
7.943E+02 1.445E-07 5.945E-17  0.00E+00
7.499E+02 1.621E-07 7.485E-17  0.00E+00
7.079E+02 1.819E-07 9.423E-17  0.00E+00
6.683E+02 2.040E-07 1.186E-16  0.00E+00
6.310E+02 2.289E-07 1.493E-16  0.00E+00
5.957E+02 2.569E-07 1.880E-16  0.00E+00
5.623E+02 2.882E-07 2.367E-16  0.00E+00
5.309E+02 3.234E-07 2.980E-16  0.00E+00
5.012E+02 3.628E-07 3.751E-16  0.00E+00
4.732E+02 4.071E-07 4.723E-16  0.00E+00
4.467E+02 4.568E-07 5.945E-16  0.00E+00
4.217E+02 5.125E-07 7.485E-16  0.00E+00
3.981E+02 5.750E-07 9.423E-16  0.00E+00
3.758E+02 6.451E-07 1.186E-15  0.00E+00
3.548E+02 7.238E-07 1.493E-15  0.00E+00
3.350E+02 8.120E-07 1.880E-15  0.00E+00
3.162E+02 9.111E-07 2.367E-15  0.00E+00
2.985E+02 1.022E-06 2.980E-15  0.00E+00
2.818E+02 1.147E-06 3.752E-15  0.00E+00
2.661E+02 1.286E-06 4.724E-15  0.00E+00
2.512E+02 1.443E-06 5.947E-15  0.00E+00
2.371E+02 1.619E-06 7.488E-15  0.00E+00
2.239E+02 1.816E-06 9.426E-15  0.00E+00
2.113E+02 2.037E-06 1.187E-14  0.00E+00
1.995E+02 2.285E-06 1.494E-14  0.00E+00
1.884E+02 2.564E-06 1.881E-14  0.00E+00
1.778E+02 2.876E-06 2.368E-14  0.00E+00
1.679E+02 3.225E-06 2.981E-14  0.00E+00
1.585E+02 3.616E-06 3.754E-14  0.00E+00
1.496E+02 4.054E-06 4.727E-14  0.00E+00
1.413E+02 4.545E-06 5.951E-14  0.00E+00
1.334E+02 5.098E-06 7.493E-14  0.00E+00
1.259E+02 5.718E-06 9.433E-14  0.00E+00
1.189E+02 6.412E-06 1.188E-13  0.00E+00
1.122E+02 7.187E-06 1.496E-13  0.00E+00
1.059E+02 8.056E-06 1.883E-13  0.00E+00
1.000E+02 9.029E-06 2.371E-13  0.00E+00
9.441E+01 1.012E-05 2.986E-13  0.00E+00
8.913E+01 1.134E-05 3.760E-13  0.00E+00
8.414E+01 1.270E-05 4.736E-13  0.00E+00
7.943E+01 1.423E-05 5.964E-13  0.00E+00
7.499E+01 1.593E-05 7.511E-13  0.00E+00
7.079E+01 1.784E-05 9.461E-13  0.00E+00
6.683E+01 1.997E-05 1.192E-12  0.00E+00
6.310E+01 2.235E-05 1.501E-12  0.00E+00
5.957E+01 2.501E-05 1.891E-12  5.15E-07
5.623E+01 2.797E-05 2.383E-12  5.78E-07
5.309E+01 3.128E-05 3.002E-12  6.50E-07
5.012E+01 3.496E-05 3.784E-12  7.30E-07
4.732E+01 3.906E-05 4.769E-12  8.21E-07
4.467E+01 4.362E-05 6.012E-12  9.23E-07
4.217E+01 4.870E-05 7.581E-12  1.04E-06
3.981E+01 5.434E-05 9.561E-12  1.17E-06
3.758E+01 6.062E-05 1.206E-11  1.31E-06
3.548E+01 6.759E-05 1.522E-11  1.48E-06
3.350E+01 7.531E-05 1.922E-11  1.66E-06
3.162E+01 8.391E-05 2.427E-11  1.88E-06
2.985E+01 9.347E-05 3.067E-11  2.12E-06
2.818E+01 1.041E-04 3.879E-11  2.39E-06
2.661E+01 1.160E-04 4.909E-11  2.70E-06
2.512E+01 1.294E-04 6.218E-11  3.06E-06
2.371E+01 1.445E-04 7.887E-11  3.47E-06
2.239E+01 1.617E-04 1.002E-10  3.94E-06
2.113E+01 1.816E-04 1.276E-10  4.50E-06
1.995E+01 2.051E-04 1.628E-10  5.16E-06
1.884E+01 2.337E-04 2.084E-10  5.95E-06
1.778E+01 2.699E-04 2.680E-10  6.91E-06
1.679E+01 3.175E-04 3.466E-10  8.14E-06
1.585E+01 3.871E-04 4.522E-10  9.77E-06
1.496E+01 4.879E-04 5.963E-10  1.21E-05
1.413E+01 6.605E-04 8.010E-10  1.56E-05
1.334E+01 9.864E-04 1.107E-09  2.02E-05
1.259E+01 1.706E-03 1.606E-09  7.27E-06
1.189E+01 3.691E-03 2.542E-09 -5.19E-06
1.122E+01 1.089E-02 4.543E-09 -9.43E-07
1.059E+01 2.397E-02 4.746E-09  2.90E-06
1.000E+01 1.151E-02 1.080E-09  6.02E-06
9.441E+00 5.384E-03 7.780E-10  8.54E-06
8.913E+00 3.289E-03 1.222E-09  1.09E-05
8.414E+00 2.387E-03 1.872E-09  1.33E-05
7.943E+00 1.918E-03 2.684E-09  1.58E-05
7.499E+00 1.636E-03 3.693E-09  1.85E-05
7.079E+00 1.463E-03 4.949E-09  2.14E-05
6.683E+00 1.346E-03 6.522E-09  2.47E-05
6.310E+00 1.265E-03 8.496E-09  2.82E-05
5.957E+00 1.206E-03 1.098E-08  3.21E-05
5.623E+00 1.158E-03 1.411E-08  3.65E-05
5.309E+00 1.120E-03 1.807E-08  4.13E-05
5.012E+00 1.088E-03 2.307E-08  4.68E-05
4.732E+00 1.061E-03 2.937E-08  5.29E-05
4.467E+00 1.035E-03 3.735E-08  5.97E-05
4.217E+00 1.011E-03 4.739E-08  6.73E-05
3.981E+00 9.884E-04 6.005E-08  7.59E-05
3.758E+00 9.649E-04 7.606E-08  8.55E-05
3.548E+00 9.409E-04 9.627E-08  9.62E-05
3.350E+00 9.166E-04 1.217E-07  1.08E-04
3.162E+00 8.911E-04 1.539E-07  1.22E-04
2.985E+00 8.648E-04 1.945E-07  1.37E-04
2.818E+00 8.366E-04 2.456E-07  1.54E-04
2.661E+00 8.079E-04 3.102E-07  1.73E-04
2.512E+00 7.774E-04 3.917E-07  1.95E-04
2.371E+00 7.476E-04 4.943E-07  2.19E-04
2.239E+00 7.157E-04 6.238E-07  2.46E-04
2.113E+00 6.816E-04 7.873E-07  2.76E-04
1.995E+00 6.474E-04 9.937E-07  3.11E-04
1.884E+00 6.128E-04 1.254E-06  3.49E-04
1.778E+00 5.789E-04 1.583E-06  3.93E-04
1.679E+00 5.447E-04 1.998E-06  4.41E-04
1.585E+00 5.107E-04 2.521E-06  4.96E-04
1.496E+00 4.775E-04 3.181E-06  5.57E-04
1.413E+00 4.445E-04 4.014E-06  6.26E-04
1.334E+00 4.128E-04 5.066E-06  7.03E-04
1.259E+00 3.819E-04 6.395E-06  7.90E-04
1.189E+00 3.523E-04 8.073E-06  8.88E-04
1.122E+00 3.239E-04 1.019E-05  9.99E-04
1.059E+00 2.969E-04 1.287E-05  1.12E-03
1.000E+00 2.715E-04 1.626E-05  1.26E-03
9.441E-01 2.475E-04 2.054E-05  1.42E-03
8.913E-01 2.250E-04 2.596E-05  1.60E-03
8.414E-01 2.041E-04 3.281E-05  1.80E-03
7.943E-01 1.846E-04 4.150E-05  2.02E-03
7.499E-01 1.665E-04 5.251E-05  2.27E-03
7.079E-01 1.499E-04 6.646E-05  2.56E-03
6.683E-01 1.346E-04 8.418E-05  2.88E-03
6.310E-01 1.207E-04 1.067E-04  3.25E-03
5.957E-01 1.080E-04 1.354E-04  3.67E-03
5.623E-01 9.607E-05 1.719E-04  4.14E-03
5.309E-01 8.540E-05 2.184E-04  4.67E-03
5.012E-01 7.579E-05 2.779E-04  5.28E-03
4.732E-01 6.702E-05 3.541E-04  5.97E-03
4.467E-01 5.903E-05 4.520E-04  6.77E-03
4.217E-01 5.117E-05 5.781E-04  7.68E-03
3.981E-01 6.776E-05 7.412E-04  8.73E-03
3.758E-01 1.754E-04 9.522E-04  9.95E-03
3.548E-01 3.843E-04 1.228E-03  1.14E-02
3.350E-01 4.877E-04 1.587E-03  1.31E-02
3.162E-01 9.965E-04 2.063E-03  1.51E-02
2.985E-01 1.557E-03 2.697E-03  1.75E-02
2.818E-01 3.398E-03 3.546E-03  2.05E-02
2.661E-01 7.467E-03 4.682E-03  2.42E-02
2.512E-01 1.380E-02 6.227E-03  2.90E-02
2.371E-01 2.041E-02 8.359E-03  3.55E-02
2.239E-01 3.230E-02 1.137E-02  4.48E-02
2.113E-01 5.622E-02 1.570E-02  5.88E-02
1.995E-01 1.171E-01 2.217E-02  7.78E-02
1.884E-01 2.393E-01 3.132E-02  6.66E-02
1.778E-01 3.344E-01 4.403E-02  1.92E-02
1.679E-01 4.046E-01 6.271E-02 -7.30E-03
1.585E-01 5.382E-01 9.273E-02 -1.09E-02
1.496E-01 7.970E-01 1.318E-01 -3.41E-03
1.413E-01 1.050E+00 1.743E-01  2.13E-03
1.334E-01 1.362E+00 2.371E-01  6.25E-03
1.259E-01 1.688E+00 3.218E-01  9.66E-03
1.189E-01 2.164E+00 4.656E-01  1.31E-02
1.122E-01 2.657E+00 6.186E-01  1.89E-02
1.059E-01 2.733E+00 6.142E-01  2.94E-02
1.000E-01 2.472E+00 5.376E-01  4.17E-02
9.441E-02 2.203E+00 4.873E-01  5.43E-02
8.913E-02 1.923E+00 4.285E-01  6.84E-02
8.414E-02 1.684E+00 3.815E-01  8.31E-02
7.943E-02 1.486E+00 3.449E-01  9.85E-02
7.499E-02 1.321E+00 3.156E-01  1.15E-01
7.079E-02 1.185E+00 2.922E-01  1.32E-01
6.683E-02 1.070E+00 2.731E-01  1.51E-01
6.310E-02 9.732E-01 2.570E-01  1.72E-01
5.957E-02 8.902E-01 2.433E-01  1.95E-01
5.623E-02 8.183E-01 2.313E-01  2.20E-01
5.309E-02 7.557E-01 2.204E-01  2.47E-01
5.012E-02 7.003E-01 2.105E-01  2.77E-01
4.732E-02 6.511E-01 2.010E-01  3.08E-01
4.467E-02 6.072E-01 1.921E-01  3.42E-01
4.217E-02 5.672E-01 1.834E-01  3.79E-01
3.981E-02 5.309E-01 1.750E-01  4.17E-01
3.758E-02 4.972E-01 1.666E-01  4.57E-01
3.548E-02 4.664E-01 1.583E-01  4.98E-01
3.350E-02 4.375E-01 1.500E-01  5.40E-01
3.162E-02 4.103E-01 1.418E-01  5.83E-01
2.985E-02 3.844E-01 1.336E-01  6.24E-01
2.818E-02 3.597E-01 1.255E-01  6.64E-01
2.661E-02 3.361E-01 1.175E-01  7.01E-01
2.512E-02 3.133E-01 1.096E-01  7.34E-01
2.371E-02 2.917E-01 1.020E-01  7.62E-01
2.239E-02 2.708E-01 9.460E-02  7.84E-01
2.113E-02 2.510E-01 8.743E-02  8.01E-01
1.995E-02 2.323E-01 8.055E-02  8.14E-01
1.884E-02 2.145E-01 7.367E-02  8.26E-01
1.778E-02 1.978E-01 6.680E-02  8.39E-01
1.679E-02 1.822E-01 5.992E-02  8.54E-01
1.585E-02 1.675E-01 5.299E-02  8.70E-01
1.496E-02 1.535E-01 4.606E-02  8.85E-01
1.413E-02 1.404E-01 3.918E-02  8.95E-01
1.334E-02 1.280E-01 3.224E-02  9.03E-01
1.259E-02 1.167E-01 2.514E-02  9.09E-01
1.189E-02 1.059E-01 1.771E-02  9.18E-01
1.122E-02 9.625E-02 7.825E-03  9.27E-01
1.059E-02 3.487E-01 4.036E-02  9.35E-01
1.000E-02 3.278E-01 3.975E-02  9.40E-01
9.441E-03 3.089E-01 4.260E-02  9.45E-01
8.913E-03 2.897E-01 4.255E-02  9.50E-01
8.414E-03 2.700E-01 4.099E-02  9.55E-01
7.943E-03 2.501E-01 3.808E-02  9.59E-01
7.499E-03 2.308E-01 3.170E-02  9.62E-01
7.079E-03 2.641E-01 4.089E-02  9.66E-01
6.683E-03 2.427E-01 4.045E-02  9.69E-01
6.310E-03 2.218E-01 3.863E-02  9.72E-01
5.957E-03 2.020E-01 3.621E-02  9.74E-01
5.623E-03 1.827E-01 3.347E-02  9.77E-01
5.309E-03 1.648E-01 3.042E-02  9.79E-01
5.012E-03 1.480E-01 2.711E-02  9.81E-01
4.732E-03 1.325E-01 2.301E-02  9.82E-01
4.467E-03 1.182E-01 1.529E-02  9.84E-01
4.217E-03 1.592E-01 2.332E-02  9.86E-01
3.981E-03 1.426E-01 2.306E-02  9.87E-01
3.758E-03 1.271E-01 2.188E-02  9.88E-01
3.548E-03 1.129E-01 2.032E-02  9.89E-01
3.350E-03 9.991E-02 1.869E-02  9.90E-01
3.162E-03 8.818E-02 1.704E-02  9.91E-01
2.985E-03 7.781E-02 1.551E-02  9.92E-01
2.818E-03 6.807E-02 1.403E-02  9.93E-01
2.661E-03 5.934E-02 1.262E-02  9.93E-01
2.512E-03 5.173E-02 1.131E-02  9.94E-01
2.371E-03 4.505E-02 1.011E-02  9.95E-01
2.239E-03 3.916E-02 9.031E-03  9.95E-01
2.113E-03 3.391E-02 8.049E-03  9.96E-01
1.995E-03 2.937E-02 7.168E-03  9.96E-01
1.884E-03 2.539E-02 6.373E-03  9.96E-01
1.778E-03 2.190E-02 5.656E-03  9.97E-01
1.679E-03 1.887E-02 5.014E-03  9.97E-01
1.585E-03 1.625E-02 4.441E-03  9.97E-01
1.496E-03 1.398E-02 3.935E-03  9.98E-01
1.413E-03 1.201E-02 3.483E-03  9.98E-01
1.334E-03 1.031E-02 3.077E-03  9.98E-01
1.259E-03 8.855E-03 2.720E-03  9.98E-01
1.189E-03 7.612E-03 2.407E-03  9.98E-01
1.122E-03 6.502E-03 2.120E-03  9.99E-01
1.059E-03 5.561E-03 1.865E-03  9.99E-01
