w(micron)  Q_abs     Q_sca     g=<cos>
1.000E+03 7.240E-08 9.423E-18  0.00E+00
9.441E+02 8.123E-08 1.186E-17  0.00E+00
8.913E+02 9.115E-08 1.493E-17  0.00E+00
8.414E+02 1.023E-07 1.880E-17  0.00E+00
7.943E+02 1.147E-07 2.367E-17  0.00E+00
7.499E+02 1.287E-07 2.980E-17  0.00E+00
7.079E+02 1.445E-07 3.751E-17  0.00E+00
6.683E+02 1.621E-07 4.723E-17  0.00E+00
6.310E+02 1.819E-07 5.945E-17  0.00E+00
5.957E+02 2.040E-07 7.485E-17  0.00E+00
5.623E+02 2.289E-07 9.423E-17  0.00E+00
5.309E+02 2.569E-07 1.186E-16  0.00E+00
5.012E+02 2.882E-07 1.493E-16  0.00E+00
4.732E+02 3.234E-07 1.880E-16  0.00E+00
4.467E+02 3.628E-07 2.367E-16  0.00E+00
4.217E+02 4.071E-07 2.980E-16  0.00E+00
3.981E+02 4.567E-07 3.751E-16  0.00E+00
3.758E+02 5.124E-07 4.722E-16  0.00E+00
3.548E+02 5.749E-07 5.945E-16  0.00E+00
3.350E+02 6.450E-07 7.485E-16  0.00E+00
3.162E+02 7.237E-07 9.423E-16  0.00E+00
2.985E+02 8.119E-07 1.186E-15  0.00E+00
2.818E+02 9.108E-07 1.494E-15  0.00E+00
2.661E+02 1.022E-06 1.881E-15  0.00E+00
2.512E+02 1.146E-06 2.368E-15  0.00E+00
2.371E+02 1.286E-06 2.981E-15  0.00E+00
2.239E+02 1.442E-06 3.753E-15  0.00E+00
2.113E+02 1.618E-06 4.724E-15  0.00E+00
1.995E+02 1.815E-06 5.947E-15  0.00E+00
1.884E+02 2.036E-06 7.487E-15  0.00E+00
1.778E+02 2.284E-06 9.426E-15  0.00E+00
1.679E+02 2.562E-06 1.187E-14  0.00E+00
1.585E+02 2.872E-06 1.494E-14  0.00E+00
1.496E+02 3.220E-06 1.882E-14  0.00E+00
1.413E+02 3.611E-06 2.369E-14  0.00E+00
1.334E+02 4.050E-06 2.983E-14  0.00E+00
1.259E+02 4.542E-06 3.755E-14  0.00E+00
1.189E+02 5.093E-06 4.728E-14  0.00E+00
1.122E+02 5.709E-06 5.954E-14  0.00E+00
1.059E+02 6.399E-06 7.497E-14  0.00E+00
1.000E+02 7.172E-06 9.440E-14  0.00E+00
9.441E+01 8.037E-06 1.189E-13  0.00E+00
8.913E+01 9.005E-06 1.497E-13  0.00E+00
8.414E+01 1.009E-05 1.885E-13  0.00E+00
7.943E+01 1.130E-05 2.374E-13  0.00E+00
7.499E+01 1.266E-05 2.990E-13  0.00E+00
7.079E+01 1.417E-05 3.766E-13  0.00E+00
6.683E+01 1.587E-05 4.744E-13  0.00E+00
6.310E+01 1.776E-05 5.976E-13  0.00E+00
5.957E+01 1.987E-05 7.529E-13  0.00E+00
5.623E+01 2.222E-05 9.486E-13  0.00E+00
5.309E+01 2.484E-05 1.195E-12  0.00E+00
5.012E+01 2.777E-05 1.506E-12  0.00E+00
4.732E+01 3.102E-05 1.899E-12  5.18E-07
4.467E+01 3.465E-05 2.394E-12  5.83E-07
4.217E+01 3.868E-05 3.018E-12  6.55E-07
3.981E+01 4.317E-05 3.806E-12  7.36E-07
3.758E+01 4.815E-05 4.802E-12  8.29E-07
3.548E+01 5.369E-05 6.060E-12  9.32E-07
3.350E+01 5.982E-05 7.650E-12  1.05E-06
3.162E+01 6.665E-05 9.663E-12  1.18E-06
2.985E+01 7.425E-05 1.221E-11  1.33E-06
2.818E+01 8.272E-05 1.544E-11  1.51E-06
2.661E+01 9.218E-05 1.954E-11  1.70E-06
2.512E+01 1.028E-04 2.476E-11  1.93E-06
2.371E+01 1.148E-04 3.140E-11  2.19E-06
2.239E+01 1.284E-04 3.989E-11  2.49E-06
2.113E+01 1.442E-04 5.078E-11  2.84E-06
1.995E+01 1.629E-04 6.480E-11  3.25E-06
1.884E+01 1.856E-04 8.296E-11  3.75E-06
1.778E+01 2.144E-04 1.067E-10  4.36E-06
1.679E+01 2.522E-04 1.380E-10  5.14E-06
1.585E+01 3.075E-04 1.800E-10  6.17E-06
1.496E+01 3.875E-04 2.374E-10  7.61E-06
1.413E+01 5.246E-04 3.189E-10  9.82E-06
1.334E+01 7.835E-04 4.407E-10  1.27E-05
1.259E+01 1.355E-03 6.394E-10  4.58E-06
1.189E+01 2.931E-03 1.012E-09 -3.27E-06
1.122E+01 8.650E-03 1.809E-09 -5.95E-07
1.059E+01 1.904E-02 1.889E-09  1.83E-06
1.000E+01 9.145E-03 4.298E-10  3.80E-06
9.441E+00 4.277E-03 3.097E-10  5.39E-06
8.913E+00 2.612E-03 4.864E-10  6.89E-06
8.414E+00 1.896E-03 7.451E-10  8.40E-06
7.943E+00 1.524E-03 1.068E-09  9.98E-06
7.499E+00 1.300E-03 1.470E-09  1.17E-05
7.079E+00 1.162E-03 1.970E-09  1.35E-05
6.683E+00 1.069E-03 2.597E-09  1.56E-05
6.310E+00 1.005E-03 3.382E-09  1.78E-05
5.957E+00 9.580E-04 4.370E-09  2.03E-05
5.623E+00 9.196E-04 5.618E-09  2.30E-05
5.309E+00 8.892E-04 7.195E-09  2.61E-05
5.012E+00 8.644E-04 9.183E-09  2.95E-05
4.732E+00 8.426E-04 1.169E-08  3.34E-05
4.467E+00 8.220E-04 1.487E-08  3.77E-05
4.217E+00 8.032E-04 1.886E-08  4.25E-05
3.981E+00 7.850E-04 2.390E-08  4.79E-05
3.758E+00 7.663E-04 3.028E-08  5.39E-05
3.548E+00 7.472E-04 3.832E-08  6.07E-05
3.350E+00 7.280E-04 4.845E-08  6.83E-05
3.162E+00 7.077E-04 6.126E-08  7.69E-05
2.985E+00 6.867E-04 7.741E-08  8.65E-05
2.818E+00 6.644E-04 9.778E-08  9.72E-05
2.661E+00 6.415E-04 1.235E-07  1.09E-04
2.512E+00 6.173E-04 1.559E-07  1.23E-04
2.371E+00 5.936E-04 1.968E-07  1.38E-04
2.239E+00 5.682E-04 2.483E-07  1.55E-04
2.113E+00 5.412E-04 3.134E-07  1.74E-04
1.995E+00 5.140E-04 3.955E-07  1.96E-04
1.884E+00 4.865E-04 4.992E-07  2.20E-04
1.778E+00 4.595E-04 6.301E-07  2.48E-04
1.679E+00 4.323E-04 7.951E-07  2.78E-04
1.585E+00 4.053E-04 1.003E-06  3.13E-04
1.496E+00 3.789E-04 1.266E-06  3.51E-04
1.413E+00 3.527E-04 1.597E-06  3.95E-04
1.334E+00 3.275E-04 2.016E-06  4.44E-04
1.259E+00 3.029E-04 2.544E-06  4.99E-04
1.189E+00 2.794E-04 3.212E-06  5.61E-04
1.122E+00 2.569E-04 4.055E-06  6.30E-04
1.059E+00 2.353E-04 5.121E-06  7.08E-04
1.000E+00 2.151E-04 6.468E-06  7.97E-04
9.441E-01 1.961E-04 8.170E-06  8.96E-04
8.913E-01 1.782E-04 1.032E-05  1.01E-03
8.414E-01 1.616E-04 1.305E-05  1.13E-03
7.943E-01 1.461E-04 1.650E-05  1.28E-03
7.499E-01 1.317E-04 2.087E-05  1.44E-03
7.079E-01 1.185E-04 2.641E-05  1.62E-03
6.683E-01 1.064E-04 3.345E-05  1.82E-03
6.310E-01 9.528E-05 4.239E-05  2.05E-03
5.957E-01 8.519E-05 5.376E-05  2.31E-03
5.623E-01 7.573E-05 6.824E-05  2.61E-03
5.309E-01 6.725E-05 8.667E-05  2.95E-03
5.012E-01 5.961E-05 1.102E-04  3.33E-03
4.732E-01 5.264E-05 1.404E-04  3.77E-03
4.467E-01 4.629E-05 1.791E-04  4.27E-03
4.217E-01 4.006E-05 2.289E-04  4.84E-03
3.981E-01 5.294E-05 2.933E-04  5.51E-03
3.758E-01 1.367E-04 3.765E-04  6.28E-03
3.548E-01 2.986E-04 4.851E-04  7.18E-03
3.350E-01 3.777E-04 6.261E-04  8.23E-03
3.162E-01 7.683E-04 8.128E-04  9.49E-03
2.985E-01 1.194E-03 1.061E-03  1.10E-02
2.818E-01 2.589E-03 1.392E-03  1.29E-02
2.661E-01 5.639E-03 1.834E-03  1.52E-02
2.512E-01 1.030E-02 2.433E-03  1.82E-02
2.371E-01 1.498E-02 3.255E-03  2.22E-02
2.239E-01 2.308E-02 4.408E-03  2.78E-02
2.113E-01 3.835E-02 6.053E-03  3.62E-02
1.995E-01 7.354E-02 8.477E-03  4.78E-02
1.884E-01 1.440E-01 1.188E-02  4.50E-02
1.778E-01 2.143E-01 1.665E-02  1.80E-02
1.679E-01 2.762E-01 2.365E-02 -2.26E-03
1.585E-01 3.807E-01 3.482E-02 -7.04E-03
1.496E-01 5.736E-01 4.952E-02 -2.72E-03
1.413E-01 7.633E-01 6.591E-02  6.70E-04
1.334E-01 1.003E+00 9.073E-02  3.05E-03
1.259E-01 1.267E+00 1.255E-01  4.94E-03
1.189E-01 1.688E+00 1.889E-01  6.76E-03
1.122E-01 2.236E+00 2.718E-01  1.01E-02
1.059E-01 2.518E+00 2.984E-01  1.62E-02
1.000E-01 2.391E+00 2.777E-01  2.32E-02
9.441E-02 2.177E+00 2.606E-01  3.02E-02
8.913E-02 1.907E+00 2.332E-01  3.83E-02
8.414E-02 1.664E+00 2.097E-01  4.68E-02
7.943E-02 1.458E+00 1.909E-01  5.59E-02
7.499E-02 1.287E+00 1.757E-01  6.57E-02
7.079E-02 1.144E+00 1.636E-01  7.64E-02
6.683E-02 1.025E+00 1.538E-01  8.81E-02
6.310E-02 9.238E-01 1.457E-01  1.01E-01
5.957E-02 8.374E-01 1.389E-01  1.15E-01
5.623E-02 7.628E-01 1.330E-01  1.31E-01
5.309E-02 6.979E-01 1.278E-01  1.49E-01
5.012E-02 6.407E-01 1.230E-01  1.69E-01
4.732E-02 5.902E-01 1.184E-01  1.91E-01
4.467E-02 5.452E-01 1.141E-01  2.15E-01
4.217E-02 5.048E-01 1.098E-01  2.41E-01
3.981E-02 4.684E-01 1.055E-01  2.70E-01
3.758E-02 4.350E-01 1.012E-01  3.02E-01
3.548E-02 4.048E-01 9.674E-02  3.37E-01
3.350E-02 3.770E-01 9.223E-02  3.74E-01
3.162E-02 3.513E-01 8.762E-02  4.13E-01
2.985E-02 3.272E-01 8.288E-02  4.55E-01
2.818E-02 3.047E-01 7.810E-02  4.98E-01
2.661E-02 2.836E-01 7.321E-02  5.42E-01
2.512E-02 2.635E-01 6.828E-02  5.87E-01
2.371E-02 2.446E-01 6.334E-02  6.30E-01
2.239E-02 2.265E-01 5.850E-02  6.71E-01
2.113E-02 2.094E-01 5.376E-02  7.08E-01
1.995E-02 1.932E-01 4.922E-02  7.40E-01
1.884E-02 1.777E-01 4.479E-02  7.66E-01
1.778E-02 1.631E-01 4.053E-02  7.85E-01
1.679E-02 1.495E-01 3.642E-02  8.00E-01
1.585E-02 1.368E-01 3.237E-02  8.12E-01
1.496E-02 1.250E-01 2.829E-02  8.24E-01
1.413E-02 1.141E-01 2.414E-02  8.38E-01
1.334E-02 1.038E-01 1.987E-02  8.55E-01
1.259E-02 9.437E-02 1.546E-02  8.71E-01
1.189E-02 8.548E-02 1.089E-02  8.85E-01
1.122E-02 7.747E-02 4.822E-03  8.95E-01
1.059E-02 2.901E-01 2.597E-02  9.04E-01
1.000E-02 2.725E-01 2.559E-02  9.11E-01
9.441E-03 2.562E-01 2.741E-02  9.19E-01
8.913E-03 2.396E-01 2.734E-02  9.28E-01
8.414E-03 2.226E-01 2.631E-02  9.35E-01
7.943E-03 2.056E-01 2.442E-02  9.40E-01
7.499E-03 1.891E-01 2.029E-02  9.44E-01
7.079E-03 2.175E-01 2.637E-02  9.50E-01
6.683E-03 1.992E-01 2.603E-02  9.55E-01
6.310E-03 1.815E-01 2.481E-02  9.59E-01
5.957E-03 1.648E-01 2.322E-02  9.62E-01
5.623E-03 1.487E-01 2.142E-02  9.66E-01
5.309E-03 1.337E-01 1.944E-02  9.69E-01
5.012E-03 1.198E-01 1.729E-02  9.71E-01
4.732E-03 1.071E-01 1.465E-02  9.74E-01
4.467E-03 9.532E-02 9.725E-03  9.77E-01
4.217E-03 1.291E-01 1.493E-02  9.79E-01
3.981E-03 1.153E-01 1.474E-02  9.81E-01
3.758E-03 1.026E-01 1.396E-02  9.82E-01
3.548E-03 9.092E-02 1.295E-02  9.84E-01
3.350E-03 8.035E-02 1.189E-02  9.86E-01
3.162E-03 7.081E-02 1.083E-02  9.87E-01
2.985E-03 6.239E-02 9.849E-03  9.88E-01
2.818E-03 5.452E-02 8.900E-03  9.89E-01
2.661E-03 4.748E-02 7.999E-03  9.90E-01
2.512E-03 4.135E-02 7.162E-03  9.91E-01
2.371E-03 3.598E-02 6.401E-03  9.92E-01
2.239E-03 3.125E-02 5.714E-03  9.93E-01
2.113E-03 2.705E-02 5.090E-03  9.93E-01
1.995E-03 2.341E-02 4.531E-03  9.94E-01
1.884E-03 2.023E-02 4.027E-03  9.95E-01
1.778E-03 1.744E-02 3.573E-03  9.95E-01
1.679E-03 1.502E-02 3.166E-03  9.96E-01
1.585E-03 1.293E-02 2.804E-03  9.96E-01
1.496E-03 1.112E-02 2.484E-03  9.96E-01
1.413E-03 9.553E-03 2.199E-03  9.97E-01
1.334E-03 8.201E-03 1.942E-03  9.97E-01
1.259E-03 7.041E-03 1.717E-03  9.97E-01
1.189E-03 6.052E-03 1.519E-03  9.98E-01
1.122E-03 5.169E-03 1.338E-03  9.98E-01
1.059E-03 4.420E-03 1.177E-03  9.98E-01
