w(micron)  Q_abs     Q_sca     g=<cos>
1.000E+03 2.882E-07 2.367E-15  0.00E+00
9.441E+02 3.234E-07 2.980E-15  0.00E+00
8.913E+02 3.629E-07 3.751E-15  0.00E+00
8.414E+02 4.071E-07 4.723E-15  0.00E+00
7.943E+02 4.568E-07 5.945E-15  0.00E+00
7.499E+02 5.125E-07 7.485E-15  0.00E+00
7.079E+02 5.751E-07 9.423E-15  0.00E+00
6.683E+02 6.453E-07 1.186E-14  0.00E+00
6.310E+02 7.240E-07 1.493E-14  0.00E+00
5.957E+02 8.123E-07 1.880E-14  0.00E+00
5.623E+02 9.114E-07 2.367E-14  0.00E+00
5.309E+02 1.023E-06 2.980E-14  0.00E+00
5.012E+02 1.147E-06 3.751E-14  0.00E+00
4.732E+02 1.287E-06 4.723E-14  0.00E+00
4.467E+02 1.444E-06 5.945E-14  0.00E+00
4.217E+02 1.621E-06 7.485E-14  0.00E+00
3.981E+02 1.818E-06 9.423E-14  0.00E+00
3.758E+02 2.040E-06 1.186E-13  0.00E+00
3.548E+02 2.289E-06 1.493E-13  0.00E+00
3.350E+02 2.568E-06 1.880E-13  0.00E+00
3.162E+02 2.881E-06 2.367E-13  0.00E+00
2.985E+02 3.232E-06 2.980E-13  0.00E+00
2.818E+02 3.626E-06 3.752E-13  0.00E+00
2.661E+02 4.068E-06 4.724E-13  0.00E+00
2.512E+02 4.563E-06 5.947E-13  0.00E+00
2.371E+02 5.118E-06 7.488E-13  0.00E+00
2.239E+02 5.742E-06 9.426E-13  0.00E+00
2.113E+02 6.441E-06 1.187E-12  0.00E+00
1.995E+02 7.227E-06 1.494E-12  0.00E+00
1.884E+02 8.107E-06 1.881E-12  5.11E-07
1.778E+02 9.094E-06 2.368E-12  5.74E-07
1.679E+02 1.020E-05 2.981E-12  6.45E-07
1.585E+02 1.143E-05 3.754E-12  7.23E-07
1.496E+02 1.282E-05 4.727E-12  8.12E-07
1.413E+02 1.437E-05 5.951E-12  9.11E-07
1.334E+02 1.612E-05 7.493E-12  1.02E-06
1.259E+02 1.808E-05 9.433E-12  1.15E-06
1.189E+02 2.028E-05 1.188E-11  1.29E-06
1.122E+02 2.273E-05 1.496E-11  1.44E-06
1.059E+02 2.548E-05 1.883E-11  1.62E-06
1.000E+02 2.855E-05 2.371E-11  1.82E-06
9.441E+01 3.200E-05 2.986E-11  2.04E-06
8.913E+01 3.585E-05 3.760E-11  2.29E-06
8.414E+01 4.016E-05 4.736E-11  2.57E-06
7.943E+01 4.499E-05 5.964E-11  2.89E-06
7.499E+01 5.039E-05 7.511E-11  3.24E-06
7.079E+01 5.642E-05 9.461E-11  3.64E-06
6.683E+01 6.316E-05 1.192E-10  4.09E-06
6.310E+01 7.069E-05 1.501E-10  4.59E-06
5.957E+01 7.909E-05 1.891E-10  5.15E-06
5.623E+01 8.846E-05 2.383E-10  5.79E-06
5.309E+01 9.891E-05 3.003E-10  6.50E-06
5.012E+01 1.105E-04 3.784E-10  7.31E-06
4.732E+01 1.235E-04 4.769E-10  8.21E-06
4.467E+01 1.379E-04 6.012E-10  9.23E-06
4.217E+01 1.540E-04 7.581E-10  1.04E-05
3.981E+01 1.719E-04 9.561E-10  1.17E-05
3.758E+01 1.917E-04 1.206E-09  1.31E-05
3.548E+01 2.137E-04 1.522E-09  1.48E-05
3.350E+01 2.382E-04 1.922E-09  1.66E-05
3.162E+01 2.654E-04 2.427E-09  1.88E-05
2.985E+01 2.956E-04 3.067E-09  2.12E-05
2.818E+01 3.294E-04 3.879E-09  2.39E-05
2.661E+01 3.670E-04 4.909E-09  2.70E-05
2.512E+01 4.093E-04 6.219E-09  3.06E-05
2.371E+01 4.569E-04 7.888E-09  3.47E-05
2.239E+01 5.113E-04 1.002E-08  3.94E-05
2.113E+01 5.744E-04 1.276E-08  4.50E-05
1.995E+01 6.488E-04 1.628E-08  5.16E-05
1.884E+01 7.393E-04 2.084E-08  5.95E-05
1.778E+01 8.539E-04 2.680E-08  6.92E-05
1.679E+01 1.004E-03 3.466E-08  8.14E-05
1.585E+01 1.225E-03 4.522E-08  9.78E-05
1.496E+01 1.544E-03 5.964E-08  1.21E-04
1.413E+01 2.091E-03 8.011E-08  1.56E-04
1.334E+01 3.127E-03 1.107E-07  2.02E-04
1.259E+01 5.413E-03 1.607E-07  7.25E-05
1.189E+01 1.168E-02 2.543E-07 -5.19E-05
1.122E+01 3.446E-02 4.545E-07 -9.42E-06
1.059E+01 7.584E-02 4.747E-07  2.90E-05
1.000E+01 3.641E-02 1.080E-07  6.02E-05
9.441E+00 1.703E-02 7.780E-08  8.54E-05
8.913E+00 1.040E-02 1.222E-07  1.09E-04
8.414E+00 7.554E-03 1.872E-07  1.33E-04
7.943E+00 6.070E-03 2.684E-07  1.58E-04
7.499E+00 5.178E-03 3.694E-07  1.85E-04
7.079E+00 4.630E-03 4.951E-07  2.14E-04
6.683E+00 4.262E-03 6.525E-07  2.47E-04
6.310E+00 4.006E-03 8.500E-07  2.82E-04
5.957E+00 3.819E-03 1.098E-06  3.21E-04
5.623E+00 3.667E-03 1.412E-06  3.65E-04
5.309E+00 3.547E-03 1.809E-06  4.13E-04
5.012E+00 3.449E-03 2.308E-06  4.68E-04
4.732E+00 3.362E-03 2.939E-06  5.29E-04
4.467E+00 3.281E-03 3.739E-06  5.97E-04
4.217E+00 3.208E-03 4.744E-06  6.73E-04
3.981E+00 3.136E-03 6.012E-06  7.58E-04
3.758E+00 3.063E-03 7.617E-06  8.54E-04
3.548E+00 2.988E-03 9.642E-06  9.62E-04
3.350E+00 2.912E-03 1.219E-05  1.08E-03
3.162E+00 2.833E-03 1.542E-05  1.22E-03
2.985E+00 2.751E-03 1.949E-05  1.37E-03
2.818E+00 2.664E-03 2.463E-05  1.54E-03
2.661E+00 2.574E-03 3.111E-05  1.73E-03
2.512E+00 2.479E-03 3.929E-05  1.95E-03
2.371E+00 2.387E-03 4.961E-05  2.19E-03
2.239E+00 2.288E-03 6.264E-05  2.46E-03
2.113E+00 2.182E-03 7.909E-05  2.76E-03
1.995E+00 2.076E-03 9.988E-05  3.11E-03
1.884E+00 1.968E-03 1.262E-04  3.49E-03
1.778E+00 1.863E-03 1.594E-04  3.92E-03
1.679E+00 1.756E-03 2.013E-04  4.41E-03
1.585E+00 1.651E-03 2.542E-04  4.95E-03
1.496E+00 1.548E-03 3.211E-04  5.57E-03
1.413E+00 1.445E-03 4.057E-04  6.26E-03
1.334E+00 1.347E-03 5.126E-04  7.03E-03
1.259E+00 1.251E-03 6.480E-04  7.90E-03
1.189E+00 1.159E-03 8.194E-04  8.88E-03
1.122E+00 1.071E-03 1.037E-03  9.98E-03
1.059E+00 9.866E-04 1.312E-03  1.12E-02
1.000E+00 9.078E-04 1.661E-03  1.26E-02
9.441E-01 8.335E-04 2.104E-03  1.42E-02
8.913E-01 7.636E-04 2.667E-03  1.60E-02
8.414E-01 6.987E-04 3.382E-03  1.79E-02
7.943E-01 6.383E-04 4.293E-03  2.02E-02
7.499E-01 5.824E-04 5.456E-03  2.27E-02
7.079E-01 5.311E-04 6.939E-03  2.56E-02
6.683E-01 4.838E-04 8.837E-03  2.89E-02
6.310E-01 4.408E-04 1.127E-02  3.25E-02
5.957E-01 4.018E-04 1.440E-02  3.67E-02
5.623E-01 3.652E-04 1.843E-02  4.15E-02
5.309E-01 3.325E-04 2.362E-02  4.69E-02
5.012E-01 3.033E-04 3.036E-02  5.31E-02
4.732E-01 2.768E-04 3.914E-02  6.03E-02
4.467E-01 2.530E-04 5.063E-02  6.85E-02
4.217E-01 2.289E-04 6.573E-02  7.82E-02
3.981E-01 3.189E-04 8.576E-02  8.95E-02
3.758E-01 8.769E-04 1.124E-01  1.03E-01
3.548E-01 2.069E-03 1.484E-01  1.19E-01
3.350E-01 2.876E-03 1.970E-01  1.39E-01
3.162E-01 6.620E-03 2.648E-01  1.65E-01
2.985E-01 1.217E-02 3.610E-01  2.00E-01
2.818E-01 3.356E-02 5.022E-01  2.49E-01
2.661E-01 1.050E-01 7.219E-01  3.23E-01
2.512E-01 3.513E-01 1.141E+00  4.32E-01
2.371E-01 1.409E+00 2.433E+00  4.68E-01
2.239E-01 1.771E+00 3.110E+00  6.17E-02
2.113E-01 1.543E+00 2.664E+00  7.32E-03
1.995E-01 1.769E+00 1.482E+00  6.05E-02
1.884E-01 1.431E+00 1.675E+00  6.38E-02
1.778E-01 1.268E+00 1.899E+00  7.92E-02
1.679E-01 1.169E+00 2.049E+00  1.07E-01
1.585E-01 1.150E+00 2.123E+00  1.53E-01
1.496E-01 1.271E+00 2.042E+00  2.26E-01
1.413E-01 1.390E+00 1.957E+00  3.02E-01
1.334E-01 1.502E+00 1.942E+00  3.77E-01
1.259E-01 1.572E+00 1.971E+00  4.36E-01
1.189E-01 1.598E+00 2.049E+00  4.77E-01
1.122E-01 1.583E+00 2.036E+00  5.02E-01
1.059E-01 1.565E+00 1.848E+00  5.28E-01
1.000E-01 1.510E+00 1.668E+00  5.54E-01
9.441E-02 1.433E+00 1.555E+00  5.77E-01
8.913E-02 1.348E+00 1.444E+00  5.98E-01
8.414E-02 1.269E+00 1.352E+00  6.19E-01
7.943E-02 1.199E+00 1.275E+00  6.40E-01
7.499E-02 1.138E+00 1.210E+00  6.61E-01
7.079E-02 1.086E+00 1.155E+00  6.83E-01
6.683E-02 1.041E+00 1.108E+00  7.04E-01
6.310E-02 1.002E+00 1.067E+00  7.26E-01
5.957E-02 9.672E-01 1.032E+00  7.47E-01
5.623E-02 9.358E-01 1.001E+00  7.68E-01
5.309E-02 9.073E-01 9.733E-01  7.89E-01
5.012E-02 8.808E-01 9.494E-01  8.08E-01
4.732E-02 8.561E-01 9.280E-01  8.26E-01
4.467E-02 8.327E-01 9.092E-01  8.43E-01
4.217E-02 8.101E-01 8.919E-01  8.59E-01
3.981E-02 7.884E-01 8.759E-01  8.74E-01
3.758E-02 7.669E-01 8.604E-01  8.87E-01
3.548E-02 7.458E-01 8.451E-01  8.99E-01
3.350E-02 7.249E-01 8.295E-01  9.09E-01
3.162E-02 7.040E-01 8.131E-01  9.19E-01
2.985E-02 6.830E-01 7.954E-01  9.28E-01
2.818E-02 6.613E-01 7.765E-01  9.36E-01
2.661E-02 6.395E-01 7.551E-01  9.42E-01
2.512E-02 6.171E-01 7.314E-01  9.49E-01
2.371E-02 5.942E-01 7.047E-01  9.55E-01
2.239E-02 5.705E-01 6.756E-01  9.59E-01
2.113E-02 5.464E-01 6.433E-01  9.64E-01
1.995E-02 5.216E-01 6.086E-01  9.68E-01
1.884E-02 4.959E-01 5.706E-01  9.71E-01
1.778E-02 4.701E-01 5.297E-01  9.74E-01
1.679E-02 4.439E-01 4.865E-01  9.77E-01
1.585E-02 4.177E-01 4.405E-01  9.79E-01
1.496E-02 3.915E-01 3.918E-01  9.81E-01
1.413E-02 3.656E-01 3.402E-01  9.83E-01
1.334E-02 3.401E-01 2.852E-01  9.85E-01
1.259E-02 3.154E-01 2.261E-01  9.87E-01
1.189E-02 2.912E-01 1.622E-01  9.88E-01
1.122E-02 2.689E-01 7.312E-02  9.89E-01
1.059E-02 7.225E-01 2.608E-01  9.89E-01
1.000E-02 6.871E-01 2.601E-01  9.90E-01
9.441E-03 6.609E-01 2.826E-01  9.91E-01
8.913E-03 6.342E-01 2.882E-01  9.92E-01
8.414E-03 6.058E-01 2.844E-01  9.93E-01
7.943E-03 5.757E-01 2.714E-01  9.94E-01
7.499E-03 5.450E-01 2.329E-01  9.94E-01
7.079E-03 5.980E-01 2.833E-01  9.95E-01
6.683E-03 5.644E-01 2.877E-01  9.95E-01
6.310E-03 5.298E-01 2.825E-01  9.96E-01
5.957E-03 4.948E-01 2.722E-01  9.96E-01
5.623E-03 4.588E-01 2.585E-01  9.97E-01
5.309E-03 4.235E-01 2.412E-01  9.97E-01
5.012E-03 3.886E-01 2.203E-01  9.97E-01
4.732E-03 3.550E-01 1.915E-01  9.97E-01
4.467E-03 3.227E-01 1.307E-01  9.98E-01
4.217E-03 4.128E-01 1.867E-01  9.98E-01
3.981E-03 3.775E-01 1.886E-01  9.98E-01
3.758E-03 3.430E-01 1.827E-01  9.98E-01
3.548E-03 3.102E-01 1.731E-01  9.99E-01
3.350E-03 2.791E-01 1.621E-01  9.99E-01
3.162E-03 2.500E-01 1.503E-01  9.99E-01
2.985E-03 2.235E-01 1.388E-01  9.99E-01
2.818E-03 1.979E-01 1.273E-01  9.99E-01
2.661E-03 1.744E-01 1.160E-01  9.99E-01
2.512E-03 1.535E-01 1.050E-01  9.99E-01
2.371E-03 1.348E-01 9.483E-02  9.99E-01
2.239E-03 1.180E-01 8.541E-02  9.99E-01
2.113E-03 1.029E-01 7.669E-02  9.99E-01
1.995E-03 8.958E-02 6.874E-02  9.99E-01
1.884E-03 7.782E-02 6.147E-02  1.00E+00
1.778E-03 6.742E-02 5.482E-02  1.00E+00
1.679E-03 5.832E-02 4.880E-02  1.00E+00
1.585E-03 5.038E-02 4.339E-02  1.00E+00
1.496E-03 4.346E-02 3.857E-02  1.00E+00
1.413E-03 3.743E-02 3.424E-02  1.00E+00
1.334E-03 3.220E-02 3.032E-02  1.00E+00
1.259E-03 2.770E-02 2.686E-02  1.00E+00
1.189E-03 2.385E-02 2.381E-02  1.00E+00
1.122E-03 2.040E-02 2.101E-02  1.00E+00
1.059E-03 1.747E-02 1.850E-02  1.00E+00
