w(micron)  Q_abs     Q_sca     g=<cos>
1.000E+03 2.569E-08 1.493E-19  0.00E+00
9.441E+02 2.882E-08 1.880E-19  0.00E+00
8.913E+02 3.234E-08 2.367E-19  0.00E+00
8.414E+02 3.629E-08 2.980E-19  0.00E+00
7.943E+02 4.071E-08 3.751E-19  0.00E+00
7.499E+02 4.568E-08 4.723E-19  0.00E+00
7.079E+02 5.125E-08 5.945E-19  0.00E+00
6.683E+02 5.751E-08 7.485E-19  0.00E+00
6.310E+02 6.452E-08 9.423E-19  0.00E+00
5.957E+02 7.240E-08 1.186E-18  0.00E+00
5.623E+02 8.123E-08 1.493E-18  0.00E+00
5.309E+02 9.114E-08 1.880E-18  0.00E+00
5.012E+02 1.023E-07 2.367E-18  0.00E+00
4.732E+02 1.147E-07 2.980E-18  0.00E+00
4.467E+02 1.287E-07 3.751E-18  0.00E+00
4.217E+02 1.444E-07 4.723E-18  0.00E+00
3.981E+02 1.620E-07 5.945E-18  0.00E+00
3.758E+02 1.818E-07 7.485E-18  0.00E+00
3.548E+02 2.040E-07 9.423E-18  0.00E+00
3.350E+02 2.289E-07 1.186E-17  0.00E+00
3.162E+02 2.568E-07 1.493E-17  0.00E+00
2.985E+02 2.881E-07 1.880E-17  0.00E+00
2.818E+02 3.232E-07 2.367E-17  0.00E+00
2.661E+02 3.625E-07 2.980E-17  0.00E+00
2.512E+02 4.067E-07 3.753E-17  0.00E+00
2.371E+02 4.562E-07 4.724E-17  0.00E+00
2.239E+02 5.117E-07 5.948E-17  0.00E+00
2.113E+02 5.741E-07 7.488E-17  0.00E+00
1.995E+02 6.441E-07 9.426E-17  0.00E+00
1.884E+02 7.226E-07 1.187E-16  0.00E+00
1.778E+02 8.105E-07 1.494E-16  0.00E+00
1.679E+02 9.089E-07 1.881E-16  0.00E+00
1.585E+02 1.019E-06 2.368E-16  0.00E+00
1.496E+02 1.143E-06 2.982E-16  0.00E+00
1.413E+02 1.281E-06 3.755E-16  0.00E+00
1.334E+02 1.437E-06 4.728E-16  0.00E+00
1.259E+02 1.612E-06 5.952E-16  0.00E+00
1.189E+02 1.807E-06 7.494E-16  0.00E+00
1.122E+02 2.026E-06 9.436E-16  0.00E+00
1.059E+02 2.271E-06 1.188E-15  0.00E+00
1.000E+02 2.545E-06 1.496E-15  0.00E+00
9.441E+01 2.852E-06 1.884E-15  0.00E+00
8.913E+01 3.195E-06 2.373E-15  0.00E+00
8.414E+01 3.580E-06 2.988E-15  0.00E+00
7.943E+01 4.010E-06 3.763E-15  0.00E+00
7.499E+01 4.491E-06 4.739E-15  0.00E+00
7.079E+01 5.028E-06 5.969E-15  0.00E+00
6.683E+01 5.629E-06 7.519E-15  0.00E+00
6.310E+01 6.300E-06 9.472E-15  0.00E+00
5.957E+01 7.049E-06 1.193E-14  0.00E+00
5.623E+01 7.884E-06 1.503E-14  0.00E+00
5.309E+01 8.815E-06 1.894E-14  0.00E+00
5.012E+01 9.852E-06 2.387E-14  0.00E+00
4.732E+01 1.101E-05 3.009E-14  0.00E+00
4.467E+01 1.229E-05 3.794E-14  0.00E+00
4.217E+01 1.373E-05 4.783E-14  0.00E+00
3.981E+01 1.532E-05 6.032E-14  0.00E+00
3.758E+01 1.708E-05 7.610E-14  0.00E+00
3.548E+01 1.905E-05 9.604E-14  0.00E+00
3.350E+01 2.123E-05 1.212E-13  0.00E+00
3.162E+01 2.365E-05 1.531E-13  0.00E+00
2.985E+01 2.634E-05 1.935E-13  0.00E+00
2.818E+01 2.935E-05 2.447E-13  0.00E+00
2.661E+01 3.270E-05 3.097E-13  0.00E+00
2.512E+01 3.647E-05 3.923E-13  0.00E+00
2.371E+01 4.072E-05 4.976E-13  0.00E+00
2.239E+01 4.556E-05 6.323E-13  0.00E+00
2.113E+01 5.118E-05 8.049E-13  0.00E+00
1.995E+01 5.780E-05 1.027E-12  0.00E+00
1.884E+01 6.586E-05 1.315E-12  0.00E+00
1.778E+01 7.607E-05 1.691E-12  0.00E+00
1.679E+01 8.947E-05 2.187E-12  6.47E-07
1.585E+01 1.091E-04 2.853E-12  7.76E-07
1.496E+01 1.375E-04 3.763E-12  9.58E-07
1.413E+01 1.861E-04 5.054E-12  1.24E-06
1.334E+01 2.779E-04 6.985E-12  1.60E-06
1.259E+01 4.807E-04 1.013E-11  5.77E-07
1.189E+01 1.040E-03 1.604E-11 -4.12E-07
1.122E+01 3.069E-03 2.866E-11 -7.49E-08
1.059E+01 6.757E-03 2.994E-11  2.30E-07
1.000E+01 3.245E-03 6.812E-12  4.78E-07
9.441E+00 1.517E-03 4.909E-12  6.78E-07
8.913E+00 9.269E-04 7.709E-12  8.67E-07
8.414E+00 6.729E-04 1.181E-11  1.06E-06
7.943E+00 5.406E-04 1.693E-11  1.26E-06
7.499E+00 4.611E-04 2.330E-11  1.47E-06
7.079E+00 4.123E-04 3.122E-11  1.70E-06
6.683E+00 3.794E-04 4.115E-11  1.96E-06
6.310E+00 3.566E-04 5.360E-11  2.24E-06
5.957E+00 3.399E-04 6.925E-11  2.55E-06
5.623E+00 3.263E-04 8.904E-11  2.90E-06
5.309E+00 3.155E-04 1.140E-10  3.28E-06
5.012E+00 3.067E-04 1.455E-10  3.72E-06
4.732E+00 2.989E-04 1.853E-10  4.20E-06
4.467E+00 2.916E-04 2.356E-10  4.74E-06
4.217E+00 2.850E-04 2.990E-10  5.35E-06
3.981E+00 2.785E-04 3.788E-10  6.03E-06
3.758E+00 2.718E-04 4.798E-10  6.79E-06
3.548E+00 2.651E-04 6.073E-10  7.64E-06
3.350E+00 2.582E-04 7.679E-10  8.60E-06
3.162E+00 2.510E-04 9.708E-10  9.68E-06
2.985E+00 2.436E-04 1.227E-09  1.09E-05
2.818E+00 2.356E-04 1.550E-09  1.22E-05
2.661E+00 2.275E-04 1.957E-09  1.38E-05
2.512E+00 2.189E-04 2.470E-09  1.55E-05
2.371E+00 2.105E-04 3.118E-09  1.74E-05
2.239E+00 2.015E-04 3.934E-09  1.95E-05
2.113E+00 1.919E-04 4.965E-09  2.20E-05
1.995E+00 1.822E-04 6.266E-09  2.47E-05
1.884E+00 1.724E-04 7.909E-09  2.77E-05
1.778E+00 1.629E-04 9.982E-09  3.12E-05
1.679E+00 1.532E-04 1.260E-08  3.50E-05
1.585E+00 1.436E-04 1.589E-08  3.94E-05
1.496E+00 1.342E-04 2.005E-08  4.42E-05
1.413E+00 1.249E-04 2.530E-08  4.97E-05
1.334E+00 1.160E-04 3.193E-08  5.59E-05
1.259E+00 1.072E-04 4.029E-08  6.28E-05
1.189E+00 9.889E-05 5.086E-08  7.06E-05
1.122E+00 9.089E-05 6.421E-08  7.93E-05
1.059E+00 8.324E-05 8.107E-08  8.92E-05
1.000E+00 7.607E-05 1.024E-07  1.00E-04
9.441E-01 6.930E-05 1.293E-07  1.13E-04
8.913E-01 6.294E-05 1.633E-07  1.27E-04
8.414E-01 5.704E-05 2.064E-07  1.43E-04
7.943E-01 5.154E-05 2.609E-07  1.61E-04
7.499E-01 4.644E-05 3.300E-07  1.81E-04
7.079E-01 4.176E-05 4.175E-07  2.03E-04
6.683E-01 3.744E-05 5.285E-07  2.29E-04
6.310E-01 3.350E-05 6.695E-07  2.58E-04
5.957E-01 2.992E-05 8.488E-07  2.91E-04
5.623E-01 2.656E-05 1.077E-06  3.29E-04
5.309E-01 2.355E-05 1.367E-06  3.71E-04
5.012E-01 2.084E-05 1.737E-06  4.19E-04
4.732E-01 1.837E-05 2.211E-06  4.74E-04
4.467E-01 1.611E-05 2.819E-06  5.37E-04
4.217E-01 1.391E-05 3.599E-06  6.10E-04
3.981E-01 1.832E-05 4.606E-06  6.93E-04
3.758E-01 4.713E-05 5.905E-06  7.90E-04
3.548E-01 1.025E-04 7.597E-06  9.03E-04
3.350E-01 1.290E-04 9.789E-06  1.03E-03
3.162E-01 2.607E-04 1.268E-05  1.19E-03
2.985E-01 4.018E-04 1.652E-05  1.38E-03
2.818E-01 8.625E-04 2.161E-05  1.62E-03
2.661E-01 1.855E-03 2.838E-05  1.90E-03
2.512E-01 3.328E-03 3.750E-05  2.27E-03
2.371E-01 4.721E-03 4.993E-05  2.75E-03
2.239E-01 6.996E-03 6.722E-05  3.42E-03
2.113E-01 1.087E-02 9.160E-05  4.41E-03
1.995E-01 1.837E-02 1.270E-04  5.77E-03
1.884E-01 3.204E-02 1.760E-04  5.97E-03
1.778E-01 4.936E-02 2.443E-04  3.37E-03
1.679E-01 7.136E-02 3.435E-04  3.98E-04
1.585E-01 1.075E-01 4.991E-04 -7.77E-04
1.496E-01 1.684E-01 7.034E-04 -3.75E-04
1.413E-01 2.259E-01 9.327E-04  2.24E-05
1.334E-01 2.986E-01 1.282E-03  2.74E-04
1.259E-01 3.787E-01 1.777E-03  4.60E-04
1.189E-01 5.123E-01 2.709E-03  6.20E-04
1.122E-01 7.212E-01 4.146E-03  9.96E-04
1.059E-01 9.327E-01 5.262E-03  1.70E-03
1.000E-01 1.004E+00 5.619E-03  2.46E-03
9.441E-02 9.914E-01 5.804E-03  3.19E-03
8.913E-02 9.148E-01 5.562E-03  4.02E-03
8.414E-02 8.220E-01 5.243E-03  4.92E-03
7.943E-02 7.324E-01 4.942E-03  5.88E-03
7.499E-02 6.517E-01 4.679E-03  6.93E-03
7.079E-02 5.818E-01 4.469E-03  8.07E-03
6.683E-02 5.217E-01 4.307E-03  9.33E-03
6.310E-02 4.698E-01 4.181E-03  1.07E-02
5.957E-02 4.248E-01 4.090E-03  1.23E-02
5.623E-02 3.854E-01 4.022E-03  1.40E-02
5.309E-02 3.507E-01 3.976E-03  1.60E-02
5.012E-02 3.198E-01 3.943E-03  1.82E-02
4.732E-02 2.922E-01 3.920E-03  2.07E-02
4.467E-02 2.674E-01 3.908E-03  2.34E-02
4.217E-02 2.450E-01 3.899E-03  2.66E-02
3.981E-02 2.246E-01 3.894E-03  3.01E-02
3.758E-02 2.058E-01 3.887E-03  3.41E-02
3.548E-02 1.889E-01 3.879E-03  3.86E-02
3.350E-02 1.733E-01 3.867E-03  4.36E-02
3.162E-02 1.589E-01 3.851E-03  4.93E-02
2.985E-02 1.457E-01 3.825E-03  5.57E-02
2.818E-02 1.335E-01 3.792E-03  6.29E-02
2.661E-02 1.223E-01 3.746E-03  7.10E-02
2.512E-02 1.118E-01 3.686E-03  8.02E-02
2.371E-02 1.023E-01 3.609E-03  9.05E-02
2.239E-02 9.342E-02 3.518E-03  1.02E-01
2.113E-02 8.526E-02 3.407E-03  1.15E-01
1.995E-02 7.776E-02 3.280E-03  1.30E-01
1.884E-02 7.075E-02 3.128E-03  1.46E-01
1.778E-02 6.432E-02 2.953E-03  1.65E-01
1.679E-02 5.841E-02 2.758E-03  1.86E-01
1.585E-02 5.299E-02 2.537E-03  2.09E-01
1.496E-02 4.800E-02 2.289E-03  2.35E-01
1.413E-02 4.341E-02 2.014E-03  2.64E-01
1.334E-02 3.918E-02 1.705E-03  2.96E-01
1.259E-02 3.535E-02 1.363E-03  3.32E-01
1.189E-02 3.178E-02 9.816E-04  3.71E-01
1.122E-02 2.854E-02 4.412E-04  4.14E-01
1.059E-02 1.155E-01 2.664E-03  4.69E-01
1.000E-02 1.093E-01 2.676E-03  5.12E-01
9.441E-03 1.024E-01 2.890E-03  5.58E-01
8.913E-03 9.509E-02 2.898E-03  6.03E-01
8.414E-03 8.767E-02 2.797E-03  6.47E-01
7.943E-03 8.029E-02 2.603E-03  6.86E-01
7.499E-03 7.316E-02 2.171E-03  7.20E-01
7.079E-03 8.523E-02 2.910E-03  7.48E-01
6.683E-03 7.737E-02 2.897E-03  7.68E-01
6.310E-03 6.988E-02 2.787E-03  7.84E-01
5.957E-03 6.292E-02 2.635E-03  7.96E-01
5.623E-03 5.631E-02 2.454E-03  8.08E-01
5.309E-03 5.029E-02 2.245E-03  8.22E-01
5.012E-03 4.475E-02 2.008E-03  8.38E-01
4.732E-03 3.975E-02 1.708E-03  8.56E-01
4.467E-03 3.519E-02 1.136E-03  8.72E-01
4.217E-03 4.832E-02 1.787E-03  8.85E-01
3.981E-03 4.292E-02 1.770E-03  8.94E-01
3.758E-03 3.795E-02 1.683E-03  9.01E-01
3.548E-03 3.348E-02 1.566E-03  9.09E-01
3.350E-03 2.945E-02 1.441E-03  9.18E-01
3.162E-03 2.585E-02 1.315E-03  9.27E-01
2.985E-03 2.270E-02 1.198E-03  9.34E-01
2.818E-03 1.977E-02 1.085E-03  9.38E-01
2.661E-03 1.716E-02 9.775E-04  9.43E-01
2.512E-03 1.491E-02 8.764E-04  9.49E-01
2.371E-03 1.295E-02 7.845E-04  9.54E-01
2.239E-03 1.122E-02 7.018E-04  9.58E-01
2.113E-03 9.698E-03 6.263E-04  9.62E-01
1.995E-03 8.381E-03 5.582E-04  9.66E-01
1.884E-03 7.233E-03 4.970E-04  9.69E-01
1.778E-03 6.230E-03 4.416E-04  9.71E-01
1.679E-03 5.362E-03 3.918E-04  9.74E-01
1.585E-03 4.612E-03 3.475E-04  9.76E-01
1.496E-03 3.963E-03 3.082E-04  9.79E-01
1.413E-03 3.402E-03 2.731E-04  9.81E-01
1.334E-03 2.919E-03 2.415E-04  9.82E-01
1.259E-03 2.505E-03 2.136E-04  9.84E-01
1.189E-03 2.152E-03 1.892E-04  9.86E-01
1.122E-03 1.838E-03 1.668E-04  9.87E-01
1.059E-03 1.571E-03 1.468E-04  9.88E-01
