w(micron)  Q_abs     Q_sca     g=<cos>
1.000E+03 5.126E-06 2.367E-10  5.74E-06
9.441E+02 5.751E-06 2.980E-10  6.44E-06
8.913E+02 6.453E-06 3.751E-10  7.23E-06
8.414E+02 7.240E-06 4.723E-10  8.11E-06
7.943E+02 8.124E-06 5.945E-10  9.10E-06
7.499E+02 9.115E-06 7.485E-10  1.02E-05
7.079E+02 1.023E-05 9.423E-10  1.15E-05
6.683E+02 1.148E-05 1.186E-09  1.28E-05
6.310E+02 1.288E-05 1.493E-09  1.44E-05
5.957E+02 1.445E-05 1.880E-09  1.62E-05
5.623E+02 1.621E-05 2.367E-09  1.81E-05
5.309E+02 1.819E-05 2.980E-09  2.04E-05
5.012E+02 2.041E-05 3.751E-09  2.28E-05
4.732E+02 2.290E-05 4.723E-09  2.56E-05
4.467E+02 2.569E-05 5.946E-09  2.88E-05
4.217E+02 2.882E-05 7.485E-09  3.23E-05
3.981E+02 3.234E-05 9.423E-09  3.62E-05
3.758E+02 3.629E-05 1.186E-08  4.06E-05
3.548E+02 4.071E-05 1.493E-08  4.56E-05
3.350E+02 4.568E-05 1.880E-08  5.11E-05
3.162E+02 5.125E-05 2.367E-08  5.74E-05
2.985E+02 5.750E-05 2.980E-08  6.44E-05
2.818E+02 6.451E-05 3.752E-08  7.23E-05
2.661E+02 7.237E-05 4.724E-08  8.11E-05
2.512E+02 8.118E-05 5.948E-08  9.10E-05
2.371E+02 9.108E-05 7.489E-08  1.02E-04
2.239E+02 1.022E-04 9.428E-08  1.15E-04
2.113E+02 1.146E-04 1.187E-07  1.29E-04
1.995E+02 1.286E-04 1.494E-07  1.44E-04
1.884E+02 1.443E-04 1.881E-07  1.62E-04
1.778E+02 1.619E-04 2.369E-07  1.82E-04
1.679E+02 1.816E-04 2.982E-07  2.04E-04
1.585E+02 2.036E-04 3.755E-07  2.29E-04
1.496E+02 2.283E-04 4.729E-07  2.57E-04
1.413E+02 2.560E-04 5.954E-07  2.88E-04
1.334E+02 2.872E-04 7.497E-07  3.23E-04
1.259E+02 3.223E-04 9.439E-07  3.63E-04
1.189E+02 3.614E-04 1.189E-06  4.07E-04
1.122E+02 4.053E-04 1.497E-06  4.57E-04
1.059E+02 4.544E-04 1.885E-06  5.13E-04
1.000E+02 5.095E-04 2.374E-06  5.75E-04
9.441E+01 5.712E-04 2.989E-06  6.46E-04
8.913E+01 6.403E-04 3.765E-06  7.25E-04
8.414E+01 7.177E-04 4.742E-06  8.14E-04
7.943E+01 8.044E-04 5.974E-06  9.14E-04
7.499E+01 9.015E-04 7.525E-06  1.03E-03
7.079E+01 1.010E-03 9.480E-06  1.15E-03
6.683E+01 1.132E-03 1.194E-05  1.29E-03
6.310E+01 1.268E-03 1.505E-05  1.45E-03
5.957E+01 1.420E-03 1.897E-05  1.63E-03
5.623E+01 1.590E-03 2.390E-05  1.83E-03
5.309E+01 1.781E-03 3.013E-05  2.06E-03
5.012E+01 1.993E-03 3.799E-05  2.31E-03
4.732E+01 2.231E-03 4.791E-05  2.60E-03
4.467E+01 2.496E-03 6.043E-05  2.92E-03
4.217E+01 2.793E-03 7.624E-05  3.29E-03
3.981E+01 3.125E-03 9.622E-05  3.70E-03
3.758E+01 3.495E-03 1.215E-04  4.16E-03
3.548E+01 3.910E-03 1.535E-04  4.69E-03
3.350E+01 4.372E-03 1.939E-04  5.28E-03
3.162E+01 4.892E-03 2.452E-04  5.95E-03
2.985E+01 5.475E-03 3.103E-04  6.72E-03
2.818E+01 6.133E-03 3.930E-04  7.59E-03
2.661E+01 6.877E-03 4.981E-04  8.59E-03
2.512E+01 7.725E-03 6.322E-04  9.73E-03
2.371E+01 8.697E-03 8.036E-04  1.10E-02
2.239E+01 9.829E-03 1.023E-03  1.26E-02
2.113E+01 1.117E-02 1.307E-03  1.44E-02
1.995E+01 1.280E-02 1.673E-03  1.65E-02
1.884E+01 1.486E-02 2.149E-03  1.91E-02
1.778E+01 1.756E-02 2.776E-03  2.23E-02
1.679E+01 2.133E-02 3.609E-03  2.64E-02
1.585E+01 2.725E-02 4.738E-03  3.20E-02
1.496E+01 3.702E-02 6.298E-03  4.00E-02
1.413E+01 5.781E-02 8.550E-03  5.24E-02
1.334E+01 1.165E-01 1.201E-02  6.52E-02
1.259E+01 2.066E-01 1.767E-02  1.65E-03
1.189E+01 2.776E-01 2.841E-02 -1.60E-02
1.122E+01 7.338E-01 5.164E-02 -2.03E-03
1.059E+01 1.411E+00 4.773E-02  9.59E-03
1.000E+01 6.572E-01 1.041E-02  1.92E-02
9.441E+00 3.237E-01 7.779E-03  2.69E-02
8.913E+00 2.071E-01 1.256E-02  3.42E-02
8.414E+00 1.568E-01 1.965E-02  4.17E-02
7.943E+00 1.312E-01 2.870E-02  4.96E-02
7.499E+00 1.167E-01 4.020E-02  5.81E-02
7.079E+00 1.090E-01 5.480E-02  6.75E-02
6.683E+00 1.051E-01 7.351E-02  7.78E-02
6.310E+00 1.039E-01 9.753E-02  8.94E-02
5.957E+00 1.047E-01 1.284E-01  1.02E-01
5.623E+00 1.069E-01 1.685E-01  1.17E-01
5.309E+00 1.107E-01 2.204E-01  1.34E-01
5.012E+00 1.162E-01 2.875E-01  1.54E-01
4.732E+00 1.235E-01 3.741E-01  1.77E-01
4.467E+00 1.332E-01 4.865E-01  2.05E-01
4.217E+00 1.462E-01 6.307E-01  2.38E-01
3.981E+00 1.642E-01 8.167E-01  2.79E-01
3.758E+00 1.906E-01 1.060E+00  3.29E-01
3.548E+00 2.319E-01 1.390E+00  3.92E-01
3.350E+00 3.003E-01 1.873E+00  4.62E-01
3.162E+00 4.148E-01 2.671E+00  5.21E-01
2.985E+00 5.526E-01 3.934E+00  5.18E-01
2.818E+00 5.463E-01 4.924E+00  4.37E-01
2.661E+00 3.881E-01 4.786E+00  3.49E-01
2.512E+00 2.703E-01 4.316E+00  3.05E-01
2.371E+00 2.257E-01 3.973E+00  3.02E-01
2.239E+00 2.465E-01 3.811E+00  3.21E-01
2.113E+00 4.003E-01 4.121E+00  3.48E-01
1.995E+00 6.238E-01 5.244E+00  4.23E-01
1.884E+00 3.338E-01 3.890E+00  3.96E-01
1.778E+00 2.424E-01 3.463E+00  2.80E-01
1.679E+00 2.323E-01 3.216E+00  2.05E-01
1.585E+00 4.328E-01 2.876E+00  1.02E-01
1.496E+00 2.570E-01 1.699E+00  2.53E-01
1.413E+00 2.092E-01 1.376E+00  9.01E-02
1.334E+00 2.527E-01 2.328E+00  7.10E-02
1.259E+00 3.280E-01 1.768E+00  1.85E-01
1.189E+00 1.285E-01 1.228E+00  3.58E-01
1.122E+00 3.161E-01 3.336E+00  4.26E-01
1.059E+00 1.037E-01 2.510E+00  5.48E-01
1.000E+00 1.113E-01 2.797E+00  5.76E-01
9.441E-01 4.019E-01 3.640E+00  6.57E-01
8.913E-01 6.721E-02 2.717E+00  4.82E-01
8.414E-01 3.689E-01 3.168E+00  5.32E-01
7.943E-01 6.238E-02 1.942E+00  2.91E-01
7.499E-01 6.093E-02 1.993E+00  2.90E-01
7.079E-01 6.323E-02 2.124E+00  3.85E-01
6.683E-01 4.524E-02 2.118E+00  4.18E-01
6.310E-01 9.911E-02 3.214E+00  6.32E-01
5.957E-01 6.590E-02 3.434E+00  5.45E-01
5.623E-01 3.424E-02 2.025E+00  4.07E-01
5.309E-01 2.846E-02 1.640E+00  3.83E-01
5.012E-01 2.582E-02 2.079E+00  4.03E-01
4.732E-01 2.246E-02 2.477E+00  4.80E-01
4.467E-01 2.050E-02 2.022E+00  4.72E-01
4.217E-01 2.103E-02 1.887E+00  4.30E-01
3.981E-01 8.841E-02 3.402E+00  5.28E-01
3.758E-01 6.088E-02 2.049E+00  5.02E-01
3.548E-01 1.344E-01 2.362E+00  5.51E-01
3.350E-01 1.487E-01 2.337E+00  5.84E-01
3.162E-01 3.602E-01 2.027E+00  5.62E-01
2.985E-01 5.096E-01 1.972E+00  6.40E-01
2.818E-01 6.930E-01 1.723E+00  7.24E-01
2.661E-01 8.756E-01 1.479E+00  7.77E-01
2.512E-01 8.955E-01 1.404E+00  7.81E-01
2.371E-01 8.716E-01 1.402E+00  7.71E-01
2.239E-01 8.375E-01 1.425E+00  7.57E-01
2.113E-01 7.948E-01 1.456E+00  7.39E-01
1.995E-01 7.383E-01 1.505E+00  7.14E-01
1.884E-01 6.835E-01 1.567E+00  6.90E-01
1.778E-01 6.401E-01 1.635E+00  6.73E-01
1.679E-01 6.140E-01 1.699E+00  6.65E-01
1.585E-01 6.078E-01 1.750E+00  6.66E-01
1.496E-01 6.369E-01 1.730E+00  6.81E-01
1.413E-01 6.559E-01 1.696E+00  6.93E-01
1.334E-01 6.564E-01 1.680E+00  7.00E-01
1.259E-01 6.461E-01 1.674E+00  7.02E-01
1.189E-01 6.160E-01 1.686E+00  6.98E-01
1.122E-01 5.917E-01 1.684E+00  6.98E-01
1.059E-01 6.009E-01 1.640E+00  7.12E-01
1.000E-01 6.187E-01 1.595E+00  7.29E-01
9.441E-02 6.308E-01 1.563E+00  7.42E-01
8.913E-02 6.473E-01 1.528E+00  7.57E-01
8.414E-02 6.637E-01 1.496E+00  7.72E-01
7.943E-02 6.796E-01 1.467E+00  7.87E-01
7.499E-02 6.953E-01 1.439E+00  8.01E-01
7.079E-02 7.104E-01 1.413E+00  8.16E-01
6.683E-02 7.248E-01 1.389E+00  8.30E-01
6.310E-02 7.389E-01 1.366E+00  8.44E-01
5.957E-02 7.523E-01 1.345E+00  8.57E-01
5.623E-02 7.651E-01 1.324E+00  8.70E-01
5.309E-02 7.773E-01 1.305E+00  8.82E-01
5.012E-02 7.887E-01 1.287E+00  8.94E-01
4.732E-02 7.996E-01 1.270E+00  9.05E-01
4.467E-02 8.097E-01 1.254E+00  9.15E-01
4.217E-02 8.193E-01 1.239E+00  9.24E-01
3.981E-02 8.282E-01 1.226E+00  9.32E-01
3.758E-02 8.367E-01 1.212E+00  9.40E-01
3.548E-02 8.448E-01 1.200E+00  9.46E-01
3.350E-02 8.526E-01 1.188E+00  9.53E-01
3.162E-02 8.601E-01 1.176E+00  9.58E-01
2.985E-02 8.673E-01 1.165E+00  9.63E-01
2.818E-02 8.741E-01 1.155E+00  9.68E-01
2.661E-02 8.809E-01 1.144E+00  9.72E-01
2.512E-02 8.874E-01 1.135E+00  9.76E-01
2.371E-02 8.938E-01 1.125E+00  9.79E-01
2.239E-02 8.999E-01 1.116E+00  9.82E-01
2.113E-02 9.058E-01 1.107E+00  9.85E-01
1.995E-02 9.115E-01 1.099E+00  9.87E-01
1.884E-02 9.169E-01 1.091E+00  9.89E-01
1.778E-02 9.221E-01 1.083E+00  9.91E-01
1.679E-02 9.270E-01 1.075E+00  9.92E-01
1.585E-02 9.317E-01 1.067E+00  9.94E-01
1.496E-02 9.361E-01 1.058E+00  9.95E-01
1.413E-02 9.402E-01 1.049E+00  9.96E-01
1.334E-02 9.440E-01 1.041E+00  9.97E-01
1.259E-02 9.477E-01 1.037E+00  9.98E-01
1.189E-02 9.512E-01 1.041E+00  9.99E-01
1.122E-02 9.584E-01 1.051E+00  9.99E-01
1.059E-02 1.004E+00 1.000E+00  9.99E-01
1.000E-02 9.898E-01 1.004E+00  9.99E-01
9.441E-03 9.852E-01 1.009E+00  9.99E-01
8.913E-03 9.831E-01 1.010E+00  9.99E-01
8.414E-03 9.819E-01 1.011E+00  9.99E-01
7.943E-03 9.814E-01 1.011E+00  9.99E-01
7.499E-03 9.827E-01 1.008E+00  9.99E-01
7.079E-03 9.836E-01 1.009E+00  9.99E-01
6.683E-03 9.818E-01 1.011E+00  9.99E-01
6.310E-03 9.806E-01 1.012E+00  9.99E-01
5.957E-03 9.796E-01 1.013E+00  9.99E-01
5.623E-03 9.786E-01 1.015E+00  9.99E-01
5.309E-03 9.775E-01 1.017E+00  1.00E+00
5.012E-03 9.761E-01 1.021E+00  1.00E+00
4.732E-03 9.746E-01 1.026E+00  1.00E+00
4.467E-03 9.737E-01 1.031E+00  1.00E+00
4.217E-03 9.815E-01 1.016E+00  1.00E+00
3.981E-03 9.788E-01 1.022E+00  1.00E+00
3.758E-03 9.757E-01 1.029E+00  1.00E+00
3.548E-03 9.719E-01 1.037E+00  1.00E+00
3.350E-03 9.675E-01 1.032E+00  1.00E+00
3.162E-03 9.604E-01 1.039E+00  9.99E-01
2.985E-03 9.513E-01 1.047E+00  9.99E-01
2.818E-03 9.389E-01 1.060E+00  9.99E-01
2.661E-03 9.227E-01 1.075E+00  9.99E-01
2.512E-03 9.024E-01 1.095E+00  9.99E-01
2.371E-03 8.776E-01 1.119E+00  9.99E-01
2.239E-03 8.478E-01 1.148E+00  1.00E+00
2.113E-03 8.123E-01 1.183E+00  1.00E+00
1.995E-03 7.723E-01 1.221E+00  1.00E+00
1.884E-03 7.280E-01 1.264E+00  1.00E+00
1.778E-03 6.801E-01 1.309E+00  1.00E+00
1.679E-03 6.300E-01 1.357E+00  1.00E+00
1.585E-03 5.790E-01 1.404E+00  1.00E+00
1.496E-03 5.278E-01 1.450E+00  1.00E+00
1.413E-03 4.776E-01 1.494E+00  1.00E+00
1.334E-03 4.293E-01 1.535E+00  1.00E+00
1.259E-03 3.838E-01 1.570E+00  1.00E+00
1.189E-03 3.416E-01 1.600E+00  1.00E+00
1.122E-03 3.011E-01 1.624E+00  1.00E+00
1.059E-03 2.646E-01 1.640E+00  1.00E+00
