w(micron)  Q_abs     Q_sca     g=<cos>
1.000E+03 4.071E-06 9.423E-11  3.62E-06
9.441E+02 4.568E-06 1.186E-10  4.06E-06
8.913E+02 5.126E-06 1.493E-10  4.56E-06
8.414E+02 5.751E-06 1.880E-10  5.11E-06
7.943E+02 6.453E-06 2.367E-10  5.74E-06
7.499E+02 7.240E-06 2.980E-10  6.44E-06
7.079E+02 8.124E-06 3.751E-10  7.23E-06
6.683E+02 9.115E-06 4.723E-10  8.11E-06
6.310E+02 1.023E-05 5.945E-10  9.10E-06
5.957E+02 1.147E-05 7.485E-10  1.02E-05
5.623E+02 1.287E-05 9.423E-10  1.15E-05
5.309E+02 1.445E-05 1.186E-09  1.28E-05
5.012E+02 1.621E-05 1.493E-09  1.44E-05
4.732E+02 1.819E-05 1.880E-09  1.62E-05
4.467E+02 2.040E-05 2.367E-09  1.81E-05
4.217E+02 2.289E-05 2.980E-09  2.04E-05
3.981E+02 2.569E-05 3.751E-09  2.28E-05
3.758E+02 2.882E-05 4.723E-09  2.56E-05
3.548E+02 3.234E-05 5.946E-09  2.88E-05
3.350E+02 3.628E-05 7.485E-09  3.23E-05
3.162E+02 4.070E-05 9.423E-09  3.62E-05
2.985E+02 4.567E-05 1.186E-08  4.06E-05
2.818E+02 5.123E-05 1.494E-08  4.56E-05
2.661E+02 5.747E-05 1.881E-08  5.12E-05
2.512E+02 6.447E-05 2.368E-08  5.74E-05
2.371E+02 7.233E-05 2.981E-08  6.44E-05
2.239E+02 8.114E-05 3.753E-08  7.23E-05
2.113E+02 9.103E-05 4.725E-08  8.11E-05
1.995E+02 1.021E-04 5.948E-08  9.10E-05
1.884E+02 1.146E-04 7.489E-08  1.02E-04
1.778E+02 1.286E-04 9.428E-08  1.15E-04
1.679E+02 1.442E-04 1.187E-07  1.29E-04
1.585E+02 1.617E-04 1.495E-07  1.44E-04
1.496E+02 1.813E-04 1.882E-07  1.62E-04
1.413E+02 2.033E-04 2.370E-07  1.82E-04
1.334E+02 2.280E-04 2.984E-07  2.04E-04
1.259E+02 2.558E-04 3.757E-07  2.29E-04
1.189E+02 2.868E-04 4.730E-07  2.57E-04
1.122E+02 3.216E-04 5.957E-07  2.88E-04
1.059E+02 3.606E-04 7.501E-07  3.23E-04
1.000E+02 4.042E-04 9.446E-07  3.63E-04
9.441E+01 4.531E-04 1.190E-06  4.07E-04
8.913E+01 5.078E-04 1.498E-06  4.57E-04
8.414E+01 5.691E-04 1.887E-06  5.13E-04
7.943E+01 6.377E-04 2.377E-06  5.76E-04
7.499E+01 7.145E-04 2.994E-06  6.47E-04
7.079E+01 8.004E-04 3.771E-06  7.26E-04
6.683E+01 8.965E-04 4.751E-06  8.16E-04
6.310E+01 1.004E-03 5.986E-06  9.16E-04
5.957E+01 1.124E-03 7.542E-06  1.03E-03
5.623E+01 1.258E-03 9.505E-06  1.16E-03
5.309E+01 1.408E-03 1.198E-05  1.30E-03
5.012E+01 1.575E-03 1.510E-05  1.46E-03
4.732E+01 1.762E-03 1.904E-05  1.64E-03
4.467E+01 1.970E-03 2.401E-05  1.84E-03
4.217E+01 2.203E-03 3.029E-05  2.07E-03
3.981E+01 2.462E-03 3.822E-05  2.33E-03
3.758E+01 2.751E-03 4.824E-05  2.62E-03
3.548E+01 3.073E-03 6.091E-05  2.95E-03
3.350E+01 3.433E-03 7.694E-05  3.33E-03
3.162E+01 3.834E-03 9.725E-05  3.75E-03
2.985E+01 4.284E-03 1.230E-04  4.23E-03
2.818E+01 4.790E-03 1.557E-04  4.78E-03
2.661E+01 5.358E-03 1.972E-04  5.41E-03
2.512E+01 6.002E-03 2.501E-04  6.12E-03
2.371E+01 6.737E-03 3.177E-04  6.95E-03
2.239E+01 7.586E-03 4.043E-04  7.91E-03
2.113E+01 8.585E-03 5.155E-04  9.04E-03
1.995E+01 9.786E-03 6.592E-04  1.04E-02
1.884E+01 1.128E-02 8.458E-04  1.20E-02
1.778E+01 1.322E-02 1.091E-03  1.40E-02
1.679E+01 1.586E-02 1.415E-03  1.65E-02
1.585E+01 1.992E-02 1.854E-03  1.99E-02
1.496E+01 2.632E-02 2.456E-03  2.48E-02
1.413E+01 3.902E-02 3.320E-03  3.23E-02
1.334E+01 7.129E-02 4.630E-03  4.10E-02
1.259E+01 1.323E-01 6.787E-03  5.77E-03
1.189E+01 2.011E-01 1.087E-02 -1.03E-02
1.122E+01 5.485E-01 1.970E-02 -1.53E-03
1.059E+01 1.113E+00 1.915E-02  5.93E-03
1.000E+01 5.215E-01 4.220E-03  1.21E-02
9.441E+00 2.516E-01 3.105E-03  1.70E-02
8.913E+00 1.582E-01 4.961E-03  2.16E-02
8.414E+00 1.180E-01 7.701E-03  2.64E-02
7.943E+00 9.729E-02 1.117E-02  3.13E-02
7.499E+00 8.525E-02 1.556E-02  3.67E-02
7.079E+00 7.842E-02 2.108E-02  4.25E-02
6.683E+00 7.440E-02 2.812E-02  4.89E-02
6.310E+00 7.227E-02 3.709E-02  5.60E-02
5.957E+00 7.140E-02 4.857E-02  6.39E-02
5.623E+00 7.132E-02 6.337E-02  7.28E-02
5.309E+00 7.207E-02 8.246E-02  8.28E-02
5.012E+00 7.355E-02 1.071E-01  9.42E-02
4.732E+00 7.568E-02 1.388E-01  1.07E-01
4.467E+00 7.848E-02 1.801E-01  1.22E-01
4.217E+00 8.208E-02 2.333E-01  1.39E-01
3.981E+00 8.660E-02 3.021E-01  1.58E-01
3.758E+00 9.231E-02 3.913E-01  1.82E-01
3.548E+00 9.964E-02 5.067E-01  2.09E-01
3.350E+00 1.093E-01 6.553E-01  2.43E-01
3.162E+00 1.228E-01 8.482E-01  2.84E-01
2.985E+00 1.427E-01 1.102E+00  3.36E-01
2.818E+00 1.742E-01 1.449E+00  3.99E-01
2.661E+00 2.279E-01 1.973E+00  4.70E-01
2.512E+00 3.193E-01 2.870E+00  5.25E-01
2.371E+00 4.265E-01 4.305E+00  5.12E-01
2.239E+00 4.017E-01 5.274E+00  4.20E-01
2.113E+00 2.688E-01 4.954E+00  3.31E-01
1.995E+00 1.825E-01 4.408E+00  2.91E-01
1.884E+00 1.515E-01 4.052E+00  2.92E-01
1.778E+00 1.682E-01 3.902E+00  3.12E-01
1.679E+00 2.902E-01 4.339E+00  3.34E-01
1.585E+00 4.283E-01 5.533E+00  4.11E-01
1.496E+00 2.091E-01 3.873E+00  3.71E-01
1.413E+00 1.527E-01 3.513E+00  2.54E-01
1.334E+00 1.479E-01 3.263E+00  1.83E-01
1.259E+00 3.294E-01 3.148E+00  7.80E-02
1.189E+00 1.462E-01 1.571E+00  2.28E-01
1.122E+00 1.301E-01 1.463E+00  6.69E-02
1.059E+00 1.498E-01 2.331E+00  5.53E-02
1.000E+00 1.400E-01 1.575E+00  1.96E-01
9.441E-01 7.805E-02 1.324E+00  3.95E-01
8.913E-01 1.557E-01 3.240E+00  4.59E-01
8.414E-01 5.129E-02 2.546E+00  5.40E-01
7.943E-01 7.396E-02 3.121E+00  5.85E-01
7.499E-01 6.111E-02 3.353E+00  6.64E-01
7.079E-01 4.060E-02 2.735E+00  4.33E-01
6.683E-01 4.349E-02 2.741E+00  5.18E-01
6.310E-01 3.499E-02 1.969E+00  2.06E-01
5.957E-01 3.075E-02 1.763E+00  2.36E-01
5.623E-01 4.368E-02 2.439E+00  3.91E-01
5.309E-01 3.477E-02 2.766E+00  4.46E-01
5.012E-01 1.840E-02 2.511E+00  6.00E-01
4.732E-01 1.409E-01 3.296E+00  5.09E-01
4.467E-01 2.689E-02 2.572E+00  4.30E-01
4.217E-01 3.213E-02 2.753E+00  3.92E-01
3.981E-01 3.215E-02 2.976E+00  5.89E-01
3.758E-01 1.181E-01 2.710E+00  5.78E-01
3.548E-01 1.106E-01 1.668E+00  4.59E-01
3.350E-01 1.333E-01 2.470E+00  5.96E-01
3.162E-01 2.710E-01 1.723E+00  5.73E-01
2.985E-01 4.109E-01 2.170E+00  5.90E-01
2.818E-01 6.665E-01 1.478E+00  6.50E-01
2.661E-01 8.532E-01 1.536E+00  7.49E-01
2.512E-01 9.212E-01 1.433E+00  7.76E-01
2.371E-01 9.035E-01 1.418E+00  7.67E-01
2.239E-01 8.675E-01 1.433E+00  7.53E-01
2.113E-01 8.218E-01 1.465E+00  7.35E-01
1.995E-01 7.621E-01 1.515E+00  7.11E-01
1.884E-01 7.048E-01 1.580E+00  6.88E-01
1.778E-01 6.601E-01 1.650E+00  6.72E-01
1.679E-01 6.344E-01 1.719E+00  6.65E-01
1.585E-01 6.310E-01 1.774E+00  6.66E-01
1.496E-01 6.648E-01 1.757E+00  6.82E-01
1.413E-01 6.860E-01 1.721E+00  6.94E-01
1.334E-01 6.875E-01 1.705E+00  7.01E-01
1.259E-01 6.773E-01 1.699E+00  7.03E-01
1.189E-01 6.466E-01 1.712E+00  7.00E-01
1.122E-01 6.199E-01 1.708E+00  6.99E-01
1.059E-01 6.251E-01 1.660E+00  7.13E-01
1.000E-01 6.394E-01 1.612E+00  7.30E-01
9.441E-02 6.489E-01 1.578E+00  7.42E-01
8.913E-02 6.633E-01 1.541E+00  7.57E-01
8.414E-02 6.778E-01 1.508E+00  7.72E-01
7.943E-02 6.922E-01 1.477E+00  7.87E-01
7.499E-02 7.064E-01 1.448E+00  8.01E-01
7.079E-02 7.203E-01 1.421E+00  8.16E-01
6.683E-02 7.336E-01 1.396E+00  8.30E-01
6.310E-02 7.467E-01 1.372E+00  8.43E-01
5.957E-02 7.591E-01 1.350E+00  8.57E-01
5.623E-02 7.711E-01 1.329E+00  8.70E-01
5.309E-02 7.824E-01 1.309E+00  8.82E-01
5.012E-02 7.931E-01 1.291E+00  8.94E-01
4.732E-02 8.033E-01 1.274E+00  9.04E-01
4.467E-02 8.128E-01 1.257E+00  9.14E-01
4.217E-02 8.217E-01 1.242E+00  9.23E-01
3.981E-02 8.300E-01 1.228E+00  9.32E-01
3.758E-02 8.379E-01 1.214E+00  9.39E-01
3.548E-02 8.456E-01 1.201E+00  9.46E-01
3.350E-02 8.529E-01 1.189E+00  9.52E-01
3.162E-02 8.599E-01 1.177E+00  9.58E-01
2.985E-02 8.666E-01 1.166E+00  9.63E-01
2.818E-02 8.731E-01 1.156E+00  9.68E-01
2.661E-02 8.794E-01 1.145E+00  9.72E-01
2.512E-02 8.856E-01 1.135E+00  9.75E-01
2.371E-02 8.916E-01 1.125E+00  9.79E-01
2.239E-02 8.973E-01 1.116E+00  9.82E-01
2.113E-02 9.028E-01 1.107E+00  9.84E-01
1.995E-02 9.080E-01 1.099E+00  9.87E-01
1.884E-02 9.130E-01 1.091E+00  9.89E-01
1.778E-02 9.177E-01 1.082E+00  9.91E-01
1.679E-02 9.221E-01 1.073E+00  9.92E-01
1.585E-02 9.261E-01 1.064E+00  9.94E-01
1.496E-02 9.297E-01 1.055E+00  9.95E-01
1.413E-02 9.329E-01 1.049E+00  9.96E-01
1.334E-02 9.354E-01 1.049E+00  9.97E-01
1.259E-02 9.374E-01 1.051E+00  9.98E-01
1.189E-02 9.387E-01 1.050E+00  9.99E-01
1.122E-02 9.430E-01 1.098E+00  9.99E-01
1.059E-02 1.005E+00 9.943E-01  9.99E-01
1.000E-02 9.892E-01 9.979E-01  9.99E-01
9.441E-03 9.840E-01 1.004E+00  9.99E-01
8.913E-03 9.816E-01 1.007E+00  9.99E-01
8.414E-03 9.800E-01 1.009E+00  9.99E-01
7.943E-03 9.791E-01 1.009E+00  9.99E-01
7.499E-03 9.801E-01 1.008E+00  9.99E-01
7.079E-03 9.816E-01 1.007E+00  9.99E-01
6.683E-03 9.793E-01 1.011E+00  9.99E-01
6.310E-03 9.777E-01 1.013E+00  9.99E-01
5.957E-03 9.761E-01 1.016E+00  9.99E-01
5.623E-03 9.744E-01 1.020E+00  9.99E-01
5.309E-03 9.723E-01 1.025E+00  1.00E+00
5.012E-03 9.697E-01 1.031E+00  1.00E+00
4.732E-03 9.666E-01 1.037E+00  1.00E+00
4.467E-03 9.636E-01 1.050E+00  1.00E+00
4.217E-03 9.760E-01 1.024E+00  1.00E+00
3.981E-03 9.719E-01 1.032E+00  1.00E+00
3.758E-03 9.670E-01 1.040E+00  1.00E+00
3.548E-03 9.608E-01 1.049E+00  1.00E+00
3.350E-03 9.527E-01 1.057E+00  1.00E+00
3.162E-03 9.420E-01 1.067E+00  1.00E+00
2.985E-03 9.284E-01 1.079E+00  1.00E+00
2.818E-03 9.102E-01 1.099E+00  1.00E+00
2.661E-03 8.870E-01 1.108E+00  9.99E-01
2.512E-03 8.592E-01 1.135E+00  9.99E-01
2.371E-03 8.268E-01 1.166E+00  9.99E-01
2.239E-03 7.895E-01 1.201E+00  1.00E+00
2.113E-03 7.472E-01 1.241E+00  1.00E+00
1.995E-03 7.017E-01 1.283E+00  1.00E+00
1.884E-03 6.533E-01 1.327E+00  1.00E+00
1.778E-03 6.029E-01 1.372E+00  1.00E+00
1.679E-03 5.521E-01 1.416E+00  1.00E+00
1.585E-03 5.019E-01 1.457E+00  1.00E+00
1.496E-03 4.529E-01 1.495E+00  1.00E+00
1.413E-03 4.061E-01 1.528E+00  1.00E+00
1.334E-03 3.619E-01 1.554E+00  1.00E+00
1.259E-03 3.211E-01 1.572E+00  1.00E+00
1.189E-03 2.839E-01 1.582E+00  1.00E+00
1.122E-03 2.488E-01 1.582E+00  1.00E+00
1.059E-03 2.175E-01 1.571E+00  1.00E+00
