w(micron)  Q_abs     Q_sca     g=<cos>
1.000E+03 1.819E-05 3.752E-08  7.23E-05
9.441E+02 2.041E-05 4.723E-08  8.11E-05
8.913E+02 2.291E-05 5.946E-08  9.10E-05
8.414E+02 2.570E-05 7.486E-08  1.02E-04
7.943E+02 2.884E-05 9.425E-08  1.15E-04
7.499E+02 3.236E-05 1.187E-07  1.28E-04
7.079E+02 3.632E-05 1.494E-07  1.44E-04
6.683E+02 4.075E-05 1.881E-07  1.62E-04
6.310E+02 4.573E-05 2.368E-07  1.82E-04
5.957E+02 5.132E-05 2.981E-07  2.04E-04
5.623E+02 5.758E-05 3.753E-07  2.29E-04
5.309E+02 6.462E-05 4.725E-07  2.56E-04
5.012E+02 7.252E-05 5.948E-07  2.88E-04
4.732E+02 8.138E-05 7.489E-07  3.23E-04
4.467E+02 9.133E-05 9.429E-07  3.62E-04
4.217E+02 1.025E-04 1.187E-06  4.06E-04
3.981E+02 1.150E-04 1.495E-06  4.56E-04
3.758E+02 1.291E-04 1.882E-06  5.12E-04
3.548E+02 1.449E-04 2.369E-06  5.74E-04
3.350E+02 1.626E-04 2.983E-06  6.44E-04
3.162E+02 1.826E-04 3.756E-06  7.23E-04
2.985E+02 2.049E-04 4.730E-06  8.11E-04
2.818E+02 2.300E-04 5.956E-06  9.10E-04
2.661E+02 2.582E-04 7.500E-06  1.02E-03
2.512E+02 2.899E-04 9.445E-06  1.15E-03
2.371E+02 3.254E-04 1.189E-05  1.29E-03
2.239E+02 3.654E-04 1.498E-05  1.44E-03
2.113E+02 4.104E-04 1.886E-05  1.62E-03
1.995E+02 4.609E-04 2.375E-05  1.82E-03
1.884E+02 5.178E-04 2.991E-05  2.04E-03
1.778E+02 5.817E-04 3.768E-05  2.29E-03
1.679E+02 6.534E-04 4.746E-05  2.57E-03
1.585E+02 7.340E-04 5.979E-05  2.88E-03
1.496E+02 8.246E-04 7.534E-05  3.24E-03
1.413E+02 9.268E-04 9.493E-05  3.63E-03
1.334E+02 1.042E-03 1.196E-04  4.08E-03
1.259E+02 1.172E-03 1.507E-04  4.58E-03
1.189E+02 1.319E-03 1.899E-04  5.14E-03
1.122E+02 1.484E-03 2.394E-04  5.77E-03
1.059E+02 1.671E-03 3.019E-04  6.48E-03
1.000E+02 1.881E-03 3.806E-04  7.27E-03
9.441E+01 2.119E-03 4.801E-04  8.17E-03
8.913E+01 2.389E-03 6.056E-04  9.17E-03
8.414E+01 2.694E-03 7.642E-04  1.03E-02
7.943E+01 3.040E-03 9.646E-04  1.16E-02
7.499E+01 3.434E-03 1.218E-03  1.30E-02
7.079E+01 3.882E-03 1.538E-03  1.46E-02
6.683E+01 4.392E-03 1.944E-03  1.64E-02
6.310E+01 4.975E-03 2.457E-03  1.85E-02
5.957E+01 5.641E-03 3.108E-03  2.08E-02
5.623E+01 6.406E-03 3.933E-03  2.34E-02
5.309E+01 7.286E-03 4.981E-03  2.63E-02
5.012E+01 8.302E-03 6.313E-03  2.96E-02
4.732E+01 9.480E-03 8.008E-03  3.34E-02
4.467E+01 1.085E-02 1.017E-02  3.76E-02
4.217E+01 1.246E-02 1.292E-02  4.25E-02
3.981E+01 1.435E-02 1.645E-02  4.80E-02
3.758E+01 1.659E-02 2.097E-02  5.43E-02
3.548E+01 1.927E-02 2.677E-02  6.15E-02
3.350E+01 2.251E-02 3.425E-02  6.98E-02
3.162E+01 2.647E-02 4.393E-02  7.94E-02
2.985E+01 3.139E-02 5.648E-02  9.05E-02
2.818E+01 3.763E-02 7.284E-02  1.04E-01
2.661E+01 4.570E-02 9.430E-02  1.19E-01
2.512E+01 5.649E-02 1.227E-01  1.38E-01
2.371E+01 7.150E-02 1.605E-01  1.61E-01
2.239E+01 9.356E-02 2.117E-01  1.90E-01
2.113E+01 1.285E-01 2.826E-01  2.27E-01
1.995E+01 1.897E-01 3.842E-01  2.76E-01
1.884E+01 3.145E-01 5.408E-01  3.43E-01
1.778E+01 6.324E-01 8.244E-01  4.24E-01
1.679E+01 1.601E+00 1.492E+00  4.27E-01
1.585E+01 2.272E+00 2.210E+00  1.10E-01
1.496E+01 1.495E+00 2.157E+00 -6.59E-02
1.413E+01 1.842E+00 1.736E+00 -6.77E-03
1.334E+01 1.438E+00 1.450E+00 -6.23E-03
1.259E+01 1.134E+00 1.931E+00 -6.29E-03
1.189E+01 1.112E+00 2.419E+00  3.73E-02
1.122E+01 1.473E+00 2.293E+00  1.19E-01
1.059E+01 1.846E+00 1.283E+00  2.51E-01
1.000E+01 1.441E+00 4.946E-01  3.22E-01
9.441E+00 1.167E+00 5.413E-01  4.12E-01
8.913E+00 1.117E+00 1.031E+00  5.11E-01
8.414E+00 1.147E+00 1.745E+00  5.49E-01
7.943E+00 1.054E+00 2.373E+00  5.14E-01
7.499E+00 9.465E-01 2.651E+00  4.88E-01
7.079E+00 1.043E+00 2.804E+00  5.11E-01
6.683E+00 1.333E+00 3.112E+00  5.71E-01
6.310E+00 1.267E+00 3.180E+00  5.75E-01
5.957E+00 1.048E+00 2.866E+00  4.98E-01
5.623E+00 1.016E+00 2.433E+00  4.14E-01
5.309E+00 1.297E+00 2.008E+00  3.97E-01
5.012E+00 1.097E+00 1.486E+00  4.31E-01
4.732E+00 1.103E+00 1.436E+00  3.50E-01
4.467E+00 1.107E+00 1.276E+00  2.74E-01
4.217E+00 9.171E-01 1.044E+00  3.81E-01
3.981E+00 1.011E+00 1.275E+00  5.64E-01
3.758E+00 1.016E+00 1.760E+00  6.23E-01
3.548E+00 7.126E-01 1.892E+00  6.43E-01
3.350E+00 1.029E+00 2.411E+00  7.34E-01
3.162E+00 6.894E-01 2.376E+00  7.04E-01
2.985E+00 8.471E-01 2.340E+00  6.39E-01
2.818E+00 6.773E-01 2.006E+00  6.45E-01
2.661E+00 7.832E-01 1.711E+00  4.54E-01
2.512E+00 6.530E-01 1.457E+00  4.69E-01
2.371E+00 7.427E-01 1.673E+00  5.03E-01
2.239E+00 6.775E-01 1.899E+00  5.92E-01
2.113E+00 5.406E-01 2.092E+00  6.75E-01
1.995E+00 6.517E-01 2.346E+00  7.30E-01
1.884E+00 6.745E-01 2.092E+00  5.97E-01
1.778E+00 5.046E-01 1.493E+00  5.46E-01
1.679E+00 4.417E-01 1.591E+00  5.35E-01
1.585E+00 4.193E-01 2.059E+00  5.93E-01
1.496E+00 4.147E-01 2.181E+00  6.55E-01
1.413E+00 3.837E-01 1.793E+00  6.30E-01
1.334E+00 3.485E-01 1.548E+00  5.54E-01
1.259E+00 3.371E-01 1.895E+00  5.89E-01
1.189E+00 4.293E-01 2.300E+00  6.15E-01
1.122E+00 3.097E-01 1.984E+00  6.07E-01
1.059E+00 2.887E-01 1.841E+00  5.28E-01
1.000E+00 2.648E-01 2.442E+00  6.87E-01
9.441E-01 2.298E-01 1.701E+00  5.56E-01
8.913E-01 2.193E-01 2.131E+00  6.38E-01
8.414E-01 2.163E-01 2.328E+00  6.55E-01
7.943E-01 2.337E-01 2.147E+00  5.94E-01
7.499E-01 2.038E-01 2.346E+00  6.38E-01
7.079E-01 1.664E-01 2.173E+00  6.38E-01
6.683E-01 1.261E-01 2.130E+00  6.26E-01
6.310E-01 1.294E-01 2.159E+00  6.09E-01
5.957E-01 1.021E-01 1.851E+00  5.62E-01
5.623E-01 9.465E-02 2.192E+00  6.53E-01
5.309E-01 9.572E-02 2.094E+00  5.93E-01
5.012E-01 7.718E-02 1.828E+00  5.38E-01
4.732E-01 8.808E-02 2.248E+00  6.02E-01
4.467E-01 8.112E-02 2.322E+00  5.94E-01
4.217E-01 5.271E-02 2.156E+00  6.03E-01
3.981E-01 7.073E-02 2.082E+00  6.12E-01
3.758E-01 1.674E-01 2.143E+00  6.53E-01
3.548E-01 3.239E-01 1.647E+00  6.28E-01
3.350E-01 3.828E-01 1.769E+00  6.67E-01
3.162E-01 5.894E-01 1.626E+00  7.45E-01
2.985E-01 7.023E-01 1.470E+00  7.74E-01
2.818E-01 7.998E-01 1.349E+00  8.03E-01
2.661E-01 7.992E-01 1.340E+00  8.00E-01
2.512E-01 7.825E-01 1.351E+00  7.91E-01
2.371E-01 7.622E-01 1.366E+00  7.79E-01
2.239E-01 7.363E-01 1.387E+00  7.64E-01
2.113E-01 7.024E-01 1.417E+00  7.44E-01
1.995E-01 6.551E-01 1.462E+00  7.18E-01
1.884E-01 6.062E-01 1.517E+00  6.92E-01
1.778E-01 5.639E-01 1.573E+00  6.72E-01
1.679E-01 5.326E-01 1.621E+00  6.61E-01
1.585E-01 5.133E-01 1.652E+00  6.58E-01
1.496E-01 5.288E-01 1.628E+00  6.72E-01
1.413E-01 5.460E-01 1.598E+00  6.84E-01
1.334E-01 5.483E-01 1.585E+00  6.91E-01
1.259E-01 5.431E-01 1.582E+00  6.93E-01
1.189E-01 5.211E-01 1.595E+00  6.88E-01
1.122E-01 5.094E-01 1.596E+00  6.89E-01
1.059E-01 5.318E-01 1.564E+00  7.05E-01
1.000E-01 5.593E-01 1.528E+00  7.23E-01
9.441E-02 5.785E-01 1.502E+00  7.37E-01
8.913E-02 6.010E-01 1.474E+00  7.53E-01
8.414E-02 6.225E-01 1.447E+00  7.68E-01
7.943E-02 6.428E-01 1.423E+00  7.84E-01
7.499E-02 6.623E-01 1.399E+00  7.99E-01
7.079E-02 6.809E-01 1.376E+00  8.13E-01
6.683E-02 6.985E-01 1.355E+00  8.28E-01
6.310E-02 7.155E-01 1.335E+00  8.42E-01
5.957E-02 7.316E-01 1.316E+00  8.56E-01
5.623E-02 7.469E-01 1.297E+00  8.69E-01
5.309E-02 7.614E-01 1.280E+00  8.82E-01
5.012E-02 7.750E-01 1.264E+00  8.94E-01
4.732E-02 7.879E-01 1.249E+00  9.05E-01
4.467E-02 7.999E-01 1.235E+00  9.15E-01
4.217E-02 8.112E-01 1.221E+00  9.24E-01
3.981E-02 8.218E-01 1.208E+00  9.32E-01
3.758E-02 8.319E-01 1.197E+00  9.40E-01
3.548E-02 8.415E-01 1.185E+00  9.47E-01
3.350E-02 8.507E-01 1.174E+00  9.53E-01
3.162E-02 8.595E-01 1.164E+00  9.59E-01
2.985E-02 8.679E-01 1.154E+00  9.64E-01
2.818E-02 8.760E-01 1.144E+00  9.68E-01
2.661E-02 8.839E-01 1.135E+00  9.72E-01
2.512E-02 8.915E-01 1.126E+00  9.76E-01
2.371E-02 8.989E-01 1.117E+00  9.79E-01
2.239E-02 9.060E-01 1.109E+00  9.82E-01
2.113E-02 9.129E-01 1.101E+00  9.85E-01
1.995E-02 9.195E-01 1.093E+00  9.87E-01
1.884E-02 9.259E-01 1.085E+00  9.89E-01
1.778E-02 9.321E-01 1.078E+00  9.91E-01
1.679E-02 9.381E-01 1.071E+00  9.93E-01
1.585E-02 9.440E-01 1.064E+00  9.94E-01
1.496E-02 9.497E-01 1.057E+00  9.95E-01
1.413E-02 9.554E-01 1.050E+00  9.96E-01
1.334E-02 9.612E-01 1.043E+00  9.97E-01
1.259E-02 9.673E-01 1.035E+00  9.98E-01
1.189E-02 9.766E-01 1.023E+00  9.99E-01
1.122E-02 9.874E-01 1.013E+00  1.00E+00
1.059E-02 9.897E-01 1.010E+00  9.99E-01
1.000E-02 9.860E-01 1.014E+00  9.99E-01
9.441E-03 9.845E-01 1.016E+00  9.99E-01
8.913E-03 9.843E-01 1.016E+00  9.99E-01
8.414E-03 9.847E-01 1.015E+00  9.99E-01
7.943E-03 9.856E-01 1.014E+00  9.99E-01
7.499E-03 9.878E-01 1.012E+00  9.99E-01
7.079E-03 9.870E-01 1.013E+00  9.99E-01
6.683E-03 9.869E-01 1.013E+00  9.99E-01
6.310E-03 9.873E-01 1.013E+00  9.99E-01
5.957E-03 9.878E-01 1.012E+00  9.99E-01
5.623E-03 9.884E-01 1.012E+00  1.00E+00
5.309E-03 9.891E-01 1.011E+00  1.00E+00
5.012E-03 9.896E-01 1.010E+00  1.00E+00
4.732E-03 9.902E-01 1.010E+00  1.00E+00
4.467E-03 9.919E-01 1.008E+00  1.00E+00
4.217E-03 9.924E-01 1.008E+00  1.00E+00
3.981E-03 9.919E-01 1.008E+00  1.00E+00
3.758E-03 9.915E-01 1.009E+00  1.00E+00
3.548E-03 9.911E-01 1.009E+00  1.00E+00
3.350E-03 9.906E-01 1.009E+00  1.00E+00
3.162E-03 9.900E-01 1.010E+00  1.00E+00
2.985E-03 9.893E-01 1.011E+00  1.00E+00
2.818E-03 9.884E-01 1.012E+00  1.00E+00
2.661E-03 9.872E-01 1.013E+00  1.00E+00
2.512E-03 9.857E-01 1.014E+00  1.00E+00
2.371E-03 9.838E-01 1.016E+00  1.00E+00
2.239E-03 9.811E-01 1.019E+00  1.00E+00
2.113E-03 9.772E-01 1.023E+00  1.00E+00
1.995E-03 9.716E-01 1.028E+00  1.00E+00
1.884E-03 9.636E-01 1.036E+00  1.00E+00
1.778E-03 9.526E-01 1.047E+00  1.00E+00
1.679E-03 9.380E-01 1.062E+00  1.00E+00
1.585E-03 9.190E-01 1.081E+00  1.00E+00
1.496E-03 8.949E-01 1.105E+00  1.00E+00
1.413E-03 8.651E-01 1.135E+00  1.00E+00
1.334E-03 8.298E-01 1.170E+00  1.00E+00
1.259E-03 7.894E-01 1.210E+00  1.00E+00
1.189E-03 7.449E-01 1.255E+00  1.00E+00
1.122E-03 6.950E-01 1.305E+00  1.00E+00
1.059E-03 6.430E-01 1.356E+00  1.00E+00
