w(micron)  Q_abs     Q_sca     g=<cos>
1.000E+03 2.289E-07 9.423E-16  0.00E+00
9.441E+02 2.569E-07 1.186E-15  0.00E+00
8.913E+02 2.882E-07 1.493E-15  0.00E+00
8.414E+02 3.234E-07 1.880E-15  0.00E+00
7.943E+02 3.629E-07 2.367E-15  0.00E+00
7.499E+02 4.071E-07 2.980E-15  0.00E+00
7.079E+02 4.568E-07 3.751E-15  0.00E+00
6.683E+02 5.125E-07 4.723E-15  0.00E+00
6.310E+02 5.751E-07 5.945E-15  0.00E+00
5.957E+02 6.452E-07 7.485E-15  0.00E+00
5.623E+02 7.240E-07 9.423E-15  0.00E+00
5.309E+02 8.123E-07 1.186E-14  0.00E+00
5.012E+02 9.114E-07 1.493E-14  0.00E+00
4.732E+02 1.023E-06 1.880E-14  0.00E+00
4.467E+02 1.147E-06 2.367E-14  0.00E+00
4.217E+02 1.287E-06 2.980E-14  0.00E+00
3.981E+02 1.444E-06 3.751E-14  0.00E+00
3.758E+02 1.620E-06 4.722E-14  0.00E+00
3.548E+02 1.818E-06 5.945E-14  0.00E+00
3.350E+02 2.040E-06 7.485E-14  0.00E+00
3.162E+02 2.288E-06 9.423E-14  0.00E+00
2.985E+02 2.567E-06 1.186E-13  0.00E+00
2.818E+02 2.880E-06 1.494E-13  0.00E+00
2.661E+02 3.231E-06 1.881E-13  0.00E+00
2.512E+02 3.624E-06 2.368E-13  0.00E+00
2.371E+02 4.066E-06 2.981E-13  0.00E+00
2.239E+02 4.561E-06 3.753E-13  0.00E+00
2.113E+02 5.117E-06 4.724E-13  0.00E+00
1.995E+02 5.740E-06 5.947E-13  0.00E+00
1.884E+02 6.440E-06 7.487E-13  0.00E+00
1.778E+02 7.224E-06 9.426E-13  0.00E+00
1.679E+02 8.101E-06 1.187E-12  0.00E+00
1.585E+02 9.083E-06 1.494E-12  0.00E+00
1.496E+02 1.018E-05 1.882E-12  5.12E-07
1.413E+02 1.142E-05 2.369E-12  5.74E-07
1.334E+02 1.281E-05 2.983E-12  6.45E-07
1.259E+02 1.436E-05 3.755E-12  7.24E-07
1.189E+02 1.611E-05 4.728E-12  8.12E-07
1.122E+02 1.805E-05 5.954E-12  9.11E-07
1.059E+02 2.024E-05 7.497E-12  1.02E-06
1.000E+02 2.268E-05 9.440E-12  1.15E-06
9.441E+01 2.542E-05 1.189E-11  1.29E-06
8.913E+01 2.848E-05 1.497E-11  1.45E-06
8.414E+01 3.190E-05 1.885E-11  1.62E-06
7.943E+01 3.574E-05 2.374E-11  1.82E-06
7.499E+01 4.002E-05 2.990E-11  2.05E-06
7.079E+01 4.482E-05 3.766E-11  2.30E-06
6.683E+01 5.017E-05 4.744E-11  2.58E-06
6.310E+01 5.615E-05 5.976E-11  2.90E-06
5.957E+01 6.282E-05 7.529E-11  3.25E-06
5.623E+01 7.027E-05 9.486E-11  3.65E-06
5.309E+01 7.856E-05 1.195E-10  4.10E-06
5.012E+01 8.781E-05 1.506E-10  4.61E-06
4.732E+01 9.811E-05 1.899E-10  5.18E-06
4.467E+01 1.096E-04 2.394E-10  5.82E-06
4.217E+01 1.223E-04 3.018E-10  6.55E-06
3.981E+01 1.365E-04 3.806E-10  7.36E-06
3.758E+01 1.523E-04 4.802E-10  8.28E-06
3.548E+01 1.698E-04 6.060E-10  9.32E-06
3.350E+01 1.892E-04 7.650E-10  1.05E-05
3.162E+01 2.108E-04 9.663E-10  1.18E-05
2.985E+01 2.348E-04 1.221E-09  1.34E-05
2.818E+01 2.616E-04 1.544E-09  1.51E-05
2.661E+01 2.915E-04 1.954E-09  1.70E-05
2.512E+01 3.251E-04 2.476E-09  1.93E-05
2.371E+01 3.629E-04 3.140E-09  2.19E-05
2.239E+01 4.061E-04 3.989E-09  2.49E-05
2.113E+01 4.562E-04 5.079E-09  2.84E-05
1.995E+01 5.153E-04 6.481E-09  3.25E-05
1.884E+01 5.871E-04 8.297E-09  3.75E-05
1.778E+01 6.782E-04 1.067E-08  4.36E-05
1.679E+01 7.977E-04 1.380E-08  5.14E-05
1.585E+01 9.728E-04 1.800E-08  6.17E-05
1.496E+01 1.226E-03 2.374E-08  7.61E-05
1.413E+01 1.660E-03 3.189E-08  9.83E-05
1.334E+01 2.481E-03 4.408E-08  1.27E-04
1.259E+01 4.294E-03 6.395E-08  4.58E-05
1.189E+01 9.276E-03 1.012E-07 -3.27E-05
1.122E+01 2.736E-02 1.809E-07 -5.95E-06
1.059E+01 6.023E-02 1.890E-07  1.83E-05
1.000E+01 2.892E-02 4.298E-08  3.80E-05
9.441E+00 1.353E-02 3.097E-08  5.39E-05
8.913E+00 8.263E-03 4.864E-08  6.89E-05
8.414E+00 5.999E-03 7.451E-08  8.40E-05
7.943E+00 4.820E-03 1.068E-07  9.98E-05
7.499E+00 4.112E-03 1.471E-07  1.17E-04
7.079E+00 3.677E-03 1.971E-07  1.35E-04
6.683E+00 3.384E-03 2.597E-07  1.56E-04
6.310E+00 3.181E-03 3.383E-07  1.78E-04
5.957E+00 3.032E-03 4.371E-07  2.03E-04
5.623E+00 2.911E-03 5.620E-07  2.30E-04
5.309E+00 2.815E-03 7.198E-07  2.61E-04
5.012E+00 2.737E-03 9.187E-07  2.95E-04
4.732E+00 2.668E-03 1.170E-06  3.34E-04
4.467E+00 2.604E-03 1.488E-06  3.77E-04
4.217E+00 2.545E-03 1.888E-06  4.25E-04
3.981E+00 2.488E-03 2.392E-06  4.79E-04
3.758E+00 2.429E-03 3.031E-06  5.39E-04
3.548E+00 2.369E-03 3.836E-06  6.07E-04
3.350E+00 2.309E-03 4.851E-06  6.83E-04
3.162E+00 2.245E-03 6.134E-06  7.69E-04
2.985E+00 2.180E-03 7.752E-06  8.65E-04
2.818E+00 2.110E-03 9.794E-06  9.72E-04
2.661E+00 2.038E-03 1.237E-05  1.09E-03
2.512E+00 1.963E-03 1.562E-05  1.23E-03
2.371E+00 1.889E-03 1.972E-05  1.38E-03
2.239E+00 1.809E-03 2.489E-05  1.55E-03
2.113E+00 1.725E-03 3.143E-05  1.74E-03
1.995E+00 1.639E-03 3.968E-05  1.96E-03
1.884E+00 1.553E-03 5.010E-05  2.20E-03
1.778E+00 1.469E-03 6.327E-05  2.48E-03
1.679E+00 1.384E-03 7.989E-05  2.78E-03
1.585E+00 1.299E-03 1.009E-04  3.13E-03
1.496E+00 1.217E-03 1.273E-04  3.51E-03
1.413E+00 1.135E-03 1.608E-04  3.95E-03
1.334E+00 1.056E-03 2.031E-04  4.44E-03
1.259E+00 9.793E-04 2.566E-04  4.99E-03
1.189E+00 9.057E-04 3.242E-04  5.60E-03
1.122E+00 8.353E-04 4.099E-04  6.30E-03
1.059E+00 7.680E-04 5.182E-04  7.08E-03
1.000E+00 7.048E-04 6.555E-04  7.96E-03
9.441E-01 6.453E-04 8.294E-04  8.95E-03
8.913E-01 5.893E-04 1.050E-03  1.01E-02
8.414E-01 5.373E-04 1.330E-03  1.13E-02
7.943E-01 4.889E-04 1.686E-03  1.27E-02
7.499E-01 4.440E-04 2.138E-03  1.43E-02
7.079E-01 4.028E-04 2.714E-03  1.62E-02
6.683E-01 3.648E-04 3.449E-03  1.82E-02
6.310E-01 3.302E-04 4.388E-03  2.05E-02
5.957E-01 2.988E-04 5.590E-03  2.31E-02
5.623E-01 2.692E-04 7.131E-03  2.61E-02
5.309E-01 2.427E-04 9.109E-03  2.95E-02
5.012E-01 2.190E-04 1.166E-02  3.34E-02
4.732E-01 1.973E-04 1.496E-02  3.78E-02
4.467E-01 1.776E-04 1.925E-02  4.29E-02
4.217E-01 1.579E-04 2.484E-02  4.88E-02
3.981E-01 2.154E-04 3.219E-02  5.57E-02
3.758E-01 5.773E-04 4.185E-02  6.37E-02
3.548E-01 1.319E-03 5.475E-02  7.33E-02
3.350E-01 1.761E-03 7.191E-02  8.47E-02
3.162E-01 3.836E-03 9.533E-02  9.89E-02
2.985E-01 6.510E-03 1.276E-01  1.17E-01
2.818E-01 1.588E-02 1.728E-01  1.41E-01
2.661E-01 4.065E-02 2.365E-01  1.73E-01
2.512E-01 9.433E-02 3.307E-01  2.20E-01
2.371E-01 2.038E-01 4.825E-01  2.96E-01
2.239E-01 6.461E-01 7.934E-01  4.10E-01
2.113E-01 2.150E+00 1.486E+00  2.51E-01
1.995E-01 1.644E+00 1.457E+00 -2.30E-02
1.884E-01 1.504E+00 1.360E+00 -1.15E-02
1.778E-01 1.377E+00 1.583E+00 -5.39E-04
1.679E-01 1.347E+00 1.887E+00  1.84E-02
1.585E-01 1.385E+00 2.152E+00  4.67E-02
1.496E-01 1.492E+00 2.149E+00  8.84E-02
1.413E-01 1.531E+00 2.041E+00  1.30E-01
1.334E-01 1.557E+00 1.958E+00  1.77E-01
1.259E-01 1.588E+00 1.909E+00  2.31E-01
1.189E-01 1.668E+00 1.923E+00  2.99E-01
1.122E-01 1.780E+00 1.909E+00  3.77E-01
1.059E-01 1.787E+00 1.736E+00  4.35E-01
1.000E-01 1.686E+00 1.549E+00  4.69E-01
9.441E-02 1.576E+00 1.429E+00  4.94E-01
8.913E-02 1.464E+00 1.310E+00  5.18E-01
8.414E-02 1.363E+00 1.212E+00  5.41E-01
7.943E-02 1.274E+00 1.132E+00  5.65E-01
7.499E-02 1.198E+00 1.064E+00  5.89E-01
7.079E-02 1.132E+00 1.008E+00  6.14E-01
6.683E-02 1.074E+00 9.592E-01  6.39E-01
6.310E-02 1.024E+00 9.171E-01  6.64E-01
5.957E-02 9.797E-01 8.805E-01  6.90E-01
5.623E-02 9.398E-01 8.482E-01  7.15E-01
5.309E-02 9.039E-01 8.194E-01  7.39E-01
5.012E-02 8.706E-01 7.937E-01  7.63E-01
4.732E-02 8.397E-01 7.701E-01  7.85E-01
4.467E-02 8.105E-01 7.487E-01  8.05E-01
4.217E-02 7.822E-01 7.288E-01  8.24E-01
3.981E-02 7.548E-01 7.100E-01  8.41E-01
3.758E-02 7.280E-01 6.914E-01  8.56E-01
3.548E-02 7.024E-01 6.725E-01  8.70E-01
3.350E-02 6.775E-01 6.533E-01  8.84E-01
3.162E-02 6.527E-01 6.337E-01  8.96E-01
2.985E-02 6.277E-01 6.134E-01  9.06E-01
2.818E-02 6.026E-01 5.924E-01  9.15E-01
2.661E-02 5.781E-01 5.696E-01  9.24E-01
2.512E-02 5.535E-01 5.455E-01  9.32E-01
2.371E-02 5.288E-01 5.197E-01  9.39E-01
2.239E-02 5.037E-01 4.927E-01  9.44E-01
2.113E-02 4.788E-01 4.641E-01  9.50E-01
1.995E-02 4.539E-01 4.343E-01  9.56E-01
1.884E-02 4.285E-01 4.030E-01  9.60E-01
1.778E-02 4.034E-01 3.705E-01  9.64E-01
1.679E-02 3.786E-01 3.369E-01  9.68E-01
1.585E-02 3.541E-01 3.023E-01  9.70E-01
1.496E-02 3.301E-01 2.665E-01  9.73E-01
1.413E-02 3.066E-01 2.295E-01  9.76E-01
1.334E-02 2.837E-01 1.909E-01  9.78E-01
1.259E-02 2.619E-01 1.502E-01  9.81E-01
1.189E-02 2.407E-01 1.069E-01  9.82E-01
1.122E-02 2.214E-01 4.780E-02  9.84E-01
1.059E-02 6.448E-01 1.890E-01  9.85E-01
1.000E-02 6.112E-01 1.877E-01  9.86E-01
9.441E-03 5.848E-01 2.032E-01  9.88E-01
8.913E-03 5.580E-01 2.060E-01  9.89E-01
8.414E-03 5.297E-01 2.018E-01  9.90E-01
7.943E-03 5.000E-01 1.910E-01  9.91E-01
7.499E-03 4.702E-01 1.623E-01  9.92E-01
7.079E-03 5.217E-01 2.007E-01  9.92E-01
6.683E-03 4.890E-01 2.023E-01  9.93E-01
6.310E-03 4.557E-01 1.970E-01  9.94E-01
5.957E-03 4.228E-01 1.883E-01  9.94E-01
5.623E-03 3.894E-01 1.773E-01  9.95E-01
5.309E-03 3.571E-01 1.641E-01  9.95E-01
5.012E-03 3.257E-01 1.487E-01  9.96E-01
4.732E-03 2.959E-01 1.283E-01  9.96E-01
4.467E-03 2.676E-01 8.679E-02  9.97E-01
4.217E-03 3.473E-01 1.264E-01  9.97E-01
3.981E-03 3.158E-01 1.269E-01  9.97E-01
3.758E-03 2.854E-01 1.222E-01  9.98E-01
3.548E-03 2.567E-01 1.150E-01  9.98E-01
3.350E-03 2.299E-01 1.071E-01  9.98E-01
3.162E-03 2.051E-01 9.880E-02  9.98E-01
2.985E-03 1.826E-01 9.084E-02  9.98E-01
2.818E-03 1.612E-01 8.294E-02  9.99E-01
2.661E-03 1.416E-01 7.524E-02  9.99E-01
2.512E-03 1.242E-01 6.791E-02  9.99E-01
2.371E-03 1.088E-01 6.113E-02  9.99E-01
2.239E-03 9.510E-02 5.491E-02  9.99E-01
2.113E-03 8.273E-02 4.918E-02  9.99E-01
1.995E-03 7.193E-02 4.399E-02  9.99E-01
1.884E-03 6.240E-02 3.926E-02  9.99E-01
1.778E-03 5.398E-02 3.496E-02  9.99E-01
1.679E-03 4.664E-02 3.108E-02  9.99E-01
1.585E-03 4.026E-02 2.760E-02  9.99E-01
1.496E-03 3.470E-02 2.451E-02  1.00E+00
1.413E-03 2.986E-02 2.174E-02  1.00E+00
1.334E-03 2.568E-02 1.923E-02  1.00E+00
1.259E-03 2.207E-02 1.702E-02  1.00E+00
1.189E-03 1.900E-02 1.508E-02  1.00E+00
1.122E-03 1.624E-02 1.330E-02  1.00E+00
1.059E-03 1.390E-02 1.171E-02  1.00E+00
