w(micron)  Q_abs     Q_sca     g=<cos>
1.000E+03 3.238E-05 3.753E-07  2.29E-04
9.441E+02 3.634E-05 4.725E-07  2.56E-04
8.913E+02 4.078E-05 5.948E-07  2.88E-04
8.414E+02 4.577E-05 7.489E-07  3.23E-04
7.943E+02 5.137E-05 9.429E-07  3.62E-04
7.499E+02 5.765E-05 1.187E-06  4.06E-04
7.079E+02 6.470E-05 1.495E-06  4.56E-04
6.683E+02 7.262E-05 1.882E-06  5.12E-04
6.310E+02 8.151E-05 2.369E-06  5.74E-04
5.957E+02 9.149E-05 2.983E-06  6.44E-04
5.623E+02 1.027E-04 3.756E-06  7.23E-04
5.309E+02 1.153E-04 4.729E-06  8.11E-04
5.012E+02 1.294E-04 5.955E-06  9.10E-04
4.732E+02 1.453E-04 7.498E-06  1.02E-03
4.467E+02 1.632E-04 9.442E-06  1.15E-03
4.217E+02 1.832E-04 1.189E-05  1.29E-03
3.981E+02 2.058E-04 1.497E-05  1.44E-03
3.758E+02 2.311E-04 1.885E-05  1.62E-03
3.548E+02 2.596E-04 2.374E-05  1.82E-03
3.350E+02 2.916E-04 2.990E-05  2.04E-03
3.162E+02 3.277E-04 3.766E-05  2.29E-03
2.985E+02 3.682E-04 4.744E-05  2.57E-03
2.818E+02 4.139E-04 5.976E-05  2.88E-03
2.661E+02 4.653E-04 7.529E-05  3.23E-03
2.512E+02 5.231E-04 9.486E-05  3.63E-03
2.371E+02 5.884E-04 1.195E-04  4.07E-03
2.239E+02 6.620E-04 1.506E-04  4.57E-03
2.113E+02 7.451E-04 1.898E-04  5.13E-03
1.995E+02 8.391E-04 2.392E-04  5.76E-03
1.884E+02 9.453E-04 3.015E-04  6.46E-03
1.778E+02 1.065E-03 3.801E-04  7.26E-03
1.679E+02 1.201E-03 4.793E-04  8.15E-03
1.585E+02 1.355E-03 6.045E-04  9.15E-03
1.496E+02 1.529E-03 7.627E-04  1.03E-02
1.413E+02 1.727E-03 9.625E-04  1.15E-02
1.334E+02 1.953E-03 1.215E-03  1.30E-02
1.259E+02 2.211E-03 1.534E-03  1.46E-02
1.189E+02 2.505E-03 1.937E-03  1.64E-02
1.122E+02 2.842E-03 2.448E-03  1.84E-02
1.059E+02 3.228E-03 3.094E-03  2.07E-02
1.000E+02 3.672E-03 3.914E-03  2.32E-02
9.441E+01 4.185E-03 4.953E-03  2.61E-02
8.913E+01 4.778E-03 6.272E-03  2.94E-02
8.414E+01 5.467E-03 7.949E-03  3.31E-02
7.943E+01 6.271E-03 1.008E-02  3.72E-02
7.499E+01 7.214E-03 1.280E-02  4.19E-02
7.079E+01 8.326E-03 1.627E-02  4.72E-02
6.683E+01 9.643E-03 2.070E-02  5.33E-02
6.310E+01 1.122E-02 2.638E-02  6.02E-02
5.957E+01 1.311E-02 3.367E-02  6.80E-02
5.623E+01 1.541E-02 4.304E-02  7.70E-02
5.309E+01 1.823E-02 5.514E-02  8.73E-02
5.012E+01 2.173E-02 7.080E-02  9.92E-02
4.732E+01 2.615E-02 9.116E-02  1.13E-01
4.467E+01 3.183E-02 1.177E-01  1.29E-01
4.217E+01 3.928E-02 1.526E-01  1.48E-01
3.981E+01 4.933E-02 1.988E-01  1.71E-01
3.758E+01 6.338E-02 2.603E-01  1.99E-01
3.548E+01 8.393E-02 3.436E-01  2.33E-01
3.350E+01 1.159E-01 4.586E-01  2.76E-01
3.162E+01 1.699E-01 6.238E-01  3.30E-01
2.985E+01 2.724E-01 8.792E-01  3.98E-01
2.818E+01 4.991E-01 1.336E+00  4.71E-01
2.661E+01 1.069E+00 2.354E+00  4.92E-01
2.512E+01 1.919E+00 4.162E+00  3.32E-01
2.371E+01 1.419E+00 4.224E+00  8.91E-02
2.239E+01 8.944E-01 3.863E+00  2.85E-03
2.113E+01 8.229E-01 3.894E+00  3.13E-02
1.995E+01 1.090E+00 3.651E+00  1.09E-01
1.884E+01 1.792E+00 2.364E+00  2.25E-01
1.778E+01 1.673E+00 1.026E+00  3.76E-01
1.679E+01 1.131E+00 8.972E-01  2.18E-01
1.585E+01 1.455E+00 1.186E+00  2.77E-01
1.496E+01 1.319E+00 1.576E+00  3.54E-01
1.413E+01 1.247E+00 1.665E+00  3.75E-01
1.334E+01 1.125E+00 1.663E+00  3.85E-01
1.259E+01 9.140E-01 1.923E+00  3.89E-01
1.189E+01 9.134E-01 2.285E+00  4.27E-01
1.122E+01 1.205E+00 2.291E+00  4.83E-01
1.059E+01 1.528E+00 1.596E+00  5.82E-01
1.000E+01 1.451E+00 8.728E-01  6.85E-01
9.441E+00 1.420E+00 1.092E+00  7.37E-01
8.913E+00 1.426E+00 1.750E+00  7.38E-01
8.414E+00 1.437E+00 1.968E+00  6.96E-01
7.943E+00 1.490E+00 1.842E+00  6.79E-01
7.499E+00 1.397E+00 1.461E+00  6.05E-01
7.079E+00 1.371E+00 1.122E+00  5.42E-01
6.683E+00 1.338E+00 1.061E+00  6.16E-01
6.310E+00 1.287E+00 1.247E+00  6.79E-01
5.957E+00 1.124E+00 1.471E+00  7.22E-01
5.623E+00 1.202E+00 1.820E+00  7.90E-01
5.309E+00 1.025E+00 1.900E+00  7.51E-01
5.012E+00 1.096E+00 1.915E+00  7.53E-01
4.732E+00 1.001E+00 1.589E+00  6.85E-01
4.467E+00 1.020E+00 1.452E+00  6.40E-01
4.217E+00 1.017E+00 1.271E+00  6.23E-01
3.981E+00 9.826E-01 1.432E+00  6.59E-01
3.758E+00 9.748E-01 1.665E+00  7.52E-01
3.548E+00 9.795E-01 1.832E+00  7.68E-01
3.350E+00 9.281E-01 1.666E+00  7.44E-01
3.162E+00 8.540E-01 1.427E+00  7.21E-01
2.985E+00 8.292E-01 1.428E+00  6.73E-01
2.818E+00 8.399E-01 1.645E+00  7.16E-01
2.661E+00 8.389E-01 1.815E+00  7.64E-01
2.512E+00 7.986E-01 1.696E+00  7.49E-01
2.371E+00 7.485E-01 1.474E+00  7.02E-01
2.239E+00 7.074E-01 1.548E+00  7.04E-01
2.113E+00 6.951E-01 1.737E+00  7.23E-01
1.995E+00 7.124E-01 1.655E+00  7.00E-01
1.884E+00 6.567E-01 1.561E+00  6.91E-01
1.778E+00 6.742E-01 1.750E+00  7.03E-01
1.679E+00 6.080E-01 1.777E+00  7.20E-01
1.585E+00 6.077E-01 1.579E+00  6.89E-01
1.496E+00 5.706E-01 1.799E+00  7.03E-01
1.413E+00 5.066E-01 1.625E+00  6.79E-01
1.334E+00 5.013E-01 1.889E+00  7.22E-01
1.259E+00 4.671E-01 1.727E+00  6.81E-01
1.189E+00 4.359E-01 1.748E+00  6.75E-01
1.122E+00 4.409E-01 1.726E+00  6.74E-01
1.059E+00 3.843E-01 1.956E+00  7.18E-01
1.000E+00 4.024E-01 1.790E+00  6.63E-01
9.441E-01 3.519E-01 1.834E+00  6.54E-01
8.913E-01 3.119E-01 1.820E+00  6.44E-01
8.414E-01 3.006E-01 1.789E+00  6.29E-01
7.943E-01 2.651E-01 1.982E+00  6.66E-01
7.499E-01 2.645E-01 1.908E+00  6.41E-01
7.079E-01 2.303E-01 1.922E+00  6.39E-01
6.683E-01 2.012E-01 1.907E+00  6.40E-01
6.310E-01 1.942E-01 2.158E+00  6.62E-01
5.957E-01 1.806E-01 1.933E+00  6.26E-01
5.623E-01 1.623E-01 1.912E+00  6.09E-01
5.309E-01 1.446E-01 2.121E+00  6.64E-01
5.012E-01 1.270E-01 2.146E+00  6.47E-01
4.732E-01 1.083E-01 2.053E+00  6.45E-01
4.467E-01 1.107E-01 2.155E+00  6.43E-01
4.217E-01 8.593E-02 1.887E+00  6.03E-01
3.981E-01 1.304E-01 1.956E+00  6.12E-01
3.758E-01 2.656E-01 1.771E+00  6.40E-01
3.548E-01 4.504E-01 1.651E+00  7.08E-01
3.350E-01 5.213E-01 1.614E+00  7.29E-01
3.162E-01 7.012E-01 1.383E+00  7.80E-01
2.985E-01 7.626E-01 1.338E+00  8.01E-01
2.818E-01 7.828E-01 1.317E+00  8.07E-01
2.661E-01 7.706E-01 1.327E+00  8.00E-01
2.512E-01 7.554E-01 1.338E+00  7.91E-01
2.371E-01 7.367E-01 1.353E+00  7.79E-01
2.239E-01 7.124E-01 1.374E+00  7.64E-01
2.113E-01 6.800E-01 1.404E+00  7.44E-01
1.995E-01 6.342E-01 1.449E+00  7.17E-01
1.884E-01 5.856E-01 1.502E+00  6.90E-01
1.778E-01 5.422E-01 1.555E+00  6.70E-01
1.679E-01 5.084E-01 1.599E+00  6.58E-01
1.585E-01 4.860E-01 1.625E+00  6.54E-01
1.496E-01 5.015E-01 1.601E+00  6.68E-01
1.413E-01 5.206E-01 1.573E+00  6.81E-01
1.334E-01 5.254E-01 1.561E+00  6.87E-01
1.259E-01 5.226E-01 1.558E+00  6.89E-01
1.189E-01 5.036E-01 1.572E+00  6.85E-01
1.122E-01 4.950E-01 1.574E+00  6.86E-01
1.059E-01 5.196E-01 1.544E+00  7.02E-01
1.000E-01 5.488E-01 1.510E+00  7.21E-01
9.441E-02 5.691E-01 1.486E+00  7.35E-01
8.913E-02 5.926E-01 1.458E+00  7.51E-01
8.414E-02 6.149E-01 1.433E+00  7.66E-01
7.943E-02 6.359E-01 1.409E+00  7.82E-01
7.499E-02 6.562E-01 1.386E+00  7.97E-01
7.079E-02 6.753E-01 1.364E+00  8.12E-01
6.683E-02 6.935E-01 1.344E+00  8.27E-01
6.310E-02 7.110E-01 1.324E+00  8.41E-01
5.957E-02 7.276E-01 1.306E+00  8.55E-01
5.623E-02 7.434E-01 1.288E+00  8.68E-01
5.309E-02 7.583E-01 1.271E+00  8.81E-01
5.012E-02 7.723E-01 1.256E+00  8.93E-01
4.732E-02 7.855E-01 1.241E+00  9.04E-01
4.467E-02 7.979E-01 1.227E+00  9.14E-01
4.217E-02 8.095E-01 1.214E+00  9.24E-01
3.981E-02 8.204E-01 1.202E+00  9.32E-01
3.758E-02 8.308E-01 1.190E+00  9.40E-01
3.548E-02 8.407E-01 1.179E+00  9.47E-01
3.350E-02 8.501E-01 1.169E+00  9.53E-01
3.162E-02 8.591E-01 1.158E+00  9.59E-01
2.985E-02 8.678E-01 1.149E+00  9.64E-01
2.818E-02 8.760E-01 1.139E+00  9.68E-01
2.661E-02 8.841E-01 1.130E+00  9.72E-01
2.512E-02 8.919E-01 1.122E+00  9.76E-01
2.371E-02 8.995E-01 1.113E+00  9.80E-01
2.239E-02 9.068E-01 1.105E+00  9.82E-01
2.113E-02 9.149E-01 1.085E+00  9.85E-01
1.995E-02 9.219E-01 1.078E+00  9.87E-01
1.884E-02 9.286E-01 1.071E+00  9.89E-01
1.778E-02 9.352E-01 1.065E+00  9.91E-01
1.679E-02 9.415E-01 1.058E+00  9.93E-01
1.585E-02 9.476E-01 1.052E+00  9.94E-01
1.496E-02 9.535E-01 1.046E+00  9.95E-01
1.413E-02 9.597E-01 1.040E+00  9.96E-01
1.334E-02 9.658E-01 1.034E+00  9.97E-01
1.259E-02 9.717E-01 1.028E+00  9.98E-01
1.189E-02 9.782E-01 1.022E+00  9.99E-01
1.122E-02 9.890E-01 1.011E+00  1.00E+00
1.059E-02 9.897E-01 1.010E+00  9.99E-01
1.000E-02 9.860E-01 1.014E+00  9.99E-01
9.441E-03 9.845E-01 1.016E+00  9.99E-01
8.913E-03 9.843E-01 1.016E+00  9.99E-01
8.414E-03 9.847E-01 1.015E+00  9.99E-01
7.943E-03 9.856E-01 1.014E+00  9.99E-01
7.499E-03 9.878E-01 1.012E+00  9.99E-01
7.079E-03 9.870E-01 1.013E+00  9.99E-01
6.683E-03 9.869E-01 1.013E+00  9.99E-01
6.310E-03 9.873E-01 1.013E+00  9.99E-01
5.957E-03 9.879E-01 1.012E+00  9.99E-01
5.623E-03 9.886E-01 1.011E+00  1.00E+00
5.309E-03 9.894E-01 1.011E+00  1.00E+00
5.012E-03 9.902E-01 1.010E+00  1.00E+00
4.732E-03 9.911E-01 1.009E+00  1.00E+00
4.467E-03 9.930E-01 1.007E+00  1.00E+00
4.217E-03 9.929E-01 1.007E+00  1.00E+00
3.981E-03 9.926E-01 1.007E+00  1.00E+00
3.758E-03 9.925E-01 1.008E+00  1.00E+00
3.548E-03 9.924E-01 1.008E+00  1.00E+00
3.350E-03 9.922E-01 1.008E+00  1.00E+00
3.162E-03 9.920E-01 1.008E+00  1.00E+00
2.985E-03 9.917E-01 1.008E+00  1.00E+00
2.818E-03 9.914E-01 1.009E+00  1.00E+00
2.661E-03 9.912E-01 1.009E+00  1.00E+00
2.512E-03 9.909E-01 1.009E+00  1.00E+00
2.371E-03 9.908E-01 1.009E+00  1.00E+00
2.239E-03 9.906E-01 1.009E+00  1.00E+00
2.113E-03 9.899E-01 1.010E+00  1.00E+00
1.995E-03 9.887E-01 1.011E+00  1.00E+00
1.884E-03 9.865E-01 1.014E+00  1.00E+00
1.778E-03 9.832E-01 1.017E+00  1.00E+00
1.679E-03 9.785E-01 1.021E+00  1.00E+00
1.585E-03 9.720E-01 1.028E+00  1.00E+00
1.496E-03 9.631E-01 1.037E+00  1.00E+00
1.413E-03 9.510E-01 1.049E+00  1.00E+00
1.334E-03 9.350E-01 1.065E+00  1.00E+00
1.259E-03 9.144E-01 1.086E+00  1.00E+00
1.189E-03 8.889E-01 1.111E+00  1.00E+00
1.122E-03 8.566E-01 1.143E+00  1.00E+00
1.059E-03 8.189E-01 1.181E+00  1.00E+00
