w(micron)  Q_abs     Q_sca     g=<cos>
1.000E+03 3.234E-06 3.751E-11  2.28E-06
9.441E+02 3.629E-06 4.723E-11  2.56E-06
8.913E+02 4.071E-06 5.945E-11  2.88E-06
8.414E+02 4.568E-06 7.485E-11  3.23E-06
7.943E+02 5.126E-06 9.423E-11  3.62E-06
7.499E+02 5.751E-06 1.186E-10  4.06E-06
7.079E+02 6.453E-06 1.493E-10  4.56E-06
6.683E+02 7.240E-06 1.880E-10  5.11E-06
6.310E+02 8.123E-06 2.367E-10  5.74E-06
5.957E+02 9.115E-06 2.980E-10  6.44E-06
5.623E+02 1.023E-05 3.751E-10  7.23E-06
5.309E+02 1.147E-05 4.723E-10  8.11E-06
5.012E+02 1.287E-05 5.945E-10  9.10E-06
4.732E+02 1.445E-05 7.485E-10  1.02E-05
4.467E+02 1.621E-05 9.423E-10  1.15E-05
4.217E+02 1.818E-05 1.186E-09  1.28E-05
3.981E+02 2.040E-05 1.493E-09  1.44E-05
3.758E+02 2.289E-05 1.880E-09  1.62E-05
3.548E+02 2.568E-05 2.367E-09  1.81E-05
3.350E+02 2.882E-05 2.980E-09  2.04E-05
3.162E+02 3.233E-05 3.751E-09  2.28E-05
2.985E+02 3.627E-05 4.723E-09  2.56E-05
2.818E+02 4.069E-05 5.947E-09  2.88E-05
2.661E+02 4.565E-05 7.487E-09  3.23E-05
2.512E+02 5.121E-05 9.426E-09  3.62E-05
2.371E+02 5.744E-05 1.187E-08  4.06E-05
2.239E+02 6.444E-05 1.494E-08  4.56E-05
2.113E+02 7.230E-05 1.881E-08  5.12E-05
1.995E+02 8.111E-05 2.368E-08  5.74E-05
1.884E+02 9.100E-05 2.981E-08  6.44E-05
1.778E+02 1.021E-04 3.753E-08  7.23E-05
1.679E+02 1.145E-04 4.726E-08  8.11E-05
1.585E+02 1.284E-04 5.950E-08  9.10E-05
1.496E+02 1.439E-04 7.492E-08  1.02E-04
1.413E+02 1.614E-04 9.434E-08  1.15E-04
1.334E+02 1.810E-04 1.188E-07  1.29E-04
1.259E+02 2.031E-04 1.495E-07  1.44E-04
1.189E+02 2.277E-04 1.883E-07  1.62E-04
1.122E+02 2.553E-04 2.371E-07  1.82E-04
1.059E+02 2.862E-04 2.986E-07  2.04E-04
1.000E+02 3.208E-04 3.760E-07  2.29E-04
9.441E+01 3.596E-04 4.735E-07  2.57E-04
8.913E+01 4.030E-04 5.963E-07  2.89E-04
8.414E+01 4.515E-04 7.510E-07  3.24E-04
7.943E+01 5.059E-04 9.458E-07  3.64E-04
7.499E+01 5.667E-04 1.191E-06  4.08E-04
7.079E+01 6.348E-04 1.501E-06  4.58E-04
6.683E+01 7.109E-04 1.890E-06  5.15E-04
6.310E+01 7.959E-04 2.382E-06  5.78E-04
5.957E+01 8.909E-04 3.001E-06  6.49E-04
5.623E+01 9.969E-04 3.781E-06  7.29E-04
5.309E+01 1.115E-03 4.765E-06  8.19E-04
5.012E+01 1.247E-03 6.007E-06  9.20E-04
4.732E+01 1.394E-03 7.572E-06  1.03E-03
4.467E+01 1.559E-03 9.548E-06  1.16E-03
4.217E+01 1.742E-03 1.204E-05  1.31E-03
3.981E+01 1.945E-03 1.519E-05  1.47E-03
3.758E+01 2.172E-03 1.917E-05  1.65E-03
3.548E+01 2.425E-03 2.420E-05  1.86E-03
3.350E+01 2.706E-03 3.057E-05  2.10E-03
3.162E+01 3.020E-03 3.863E-05  2.36E-03
2.985E+01 3.371E-03 4.884E-05  2.67E-03
2.818E+01 3.764E-03 6.180E-05  3.01E-03
2.661E+01 4.204E-03 7.825E-05  3.41E-03
2.512E+01 4.702E-03 9.920E-05  3.86E-03
2.371E+01 5.267E-03 1.259E-04  4.38E-03
2.239E+01 5.917E-03 1.602E-04  4.98E-03
2.113E+01 6.678E-03 2.041E-04  5.69E-03
1.995E+01 7.586E-03 2.608E-04  6.53E-03
1.884E+01 8.707E-03 3.343E-04  7.53E-03
1.778E+01 1.015E-02 4.306E-04  8.77E-03
1.679E+01 1.209E-02 5.582E-04  1.03E-02
1.585E+01 1.502E-02 7.299E-04  1.25E-02
1.496E+01 1.950E-02 9.655E-04  1.55E-02
1.413E+01 2.797E-02 1.302E-03  2.01E-02
1.334E+01 4.772E-02 1.809E-03  2.58E-02
1.259E+01 8.859E-02 2.642E-03  5.65E-03
1.189E+01 1.495E-01 4.218E-03 -6.57E-03
1.122E+01 4.179E-01 7.613E-03 -1.06E-03
1.059E+01 8.758E-01 7.622E-03  3.70E-03
1.000E+01 4.130E-01 1.695E-03  7.59E-03
9.441E+00 1.968E-01 1.237E-03  1.07E-02
8.913E+00 1.225E-01 1.963E-03  1.37E-02
8.414E+00 9.041E-02 3.032E-03  1.67E-02
7.943E+00 7.386E-02 4.380E-03  1.98E-02
7.499E+00 6.410E-02 6.072E-03  2.32E-02
7.079E+00 5.836E-02 8.196E-03  2.68E-02
6.683E+00 5.477E-02 1.089E-02  3.09E-02
6.310E+00 5.259E-02 1.430E-02  3.53E-02
5.957E+00 5.130E-02 1.864E-02  4.02E-02
5.623E+00 5.053E-02 2.420E-02  4.58E-02
5.309E+00 5.027E-02 3.133E-02  5.19E-02
5.012E+00 5.043E-02 4.046E-02  5.88E-02
4.732E+00 5.090E-02 5.218E-02  6.66E-02
4.467E+00 5.164E-02 6.732E-02  7.54E-02
4.217E+00 5.269E-02 8.676E-02  8.53E-02
3.981E+00 5.404E-02 1.118E-01  9.66E-02
3.758E+00 5.570E-02 1.443E-01  1.09E-01
3.548E+00 5.772E-02 1.863E-01  1.24E-01
3.350E+00 6.021E-02 2.405E-01  1.41E-01
3.162E+00 6.328E-02 3.109E-01  1.61E-01
2.985E+00 6.713E-02 4.020E-01  1.84E-01
2.818E+00 7.202E-02 5.198E-01  2.12E-01
2.661E+00 7.860E-02 6.723E-01  2.46E-01
2.512E+00 8.775E-02 8.704E-01  2.88E-01
2.371E+00 1.016E-01 1.132E+00  3.40E-01
2.239E+00 1.239E-01 1.494E+00  4.04E-01
2.113E+00 1.625E-01 2.053E+00  4.75E-01
1.995E+00 2.301E-01 3.044E+00  5.28E-01
1.884E+00 3.065E-01 4.653E+00  5.04E-01
1.778E+00 2.738E-01 5.565E+00  4.04E-01
1.679E+00 1.737E-01 5.067E+00  3.15E-01
1.585E+00 1.157E-01 4.468E+00  2.80E-01
1.496E+00 9.624E-02 4.108E+00  2.84E-01
1.413E+00 1.083E-01 3.973E+00  3.04E-01
1.334E+00 1.974E-01 4.549E+00  3.22E-01
1.259E+00 2.661E-01 5.668E+00  4.03E-01
1.189E+00 1.223E-01 3.816E+00  3.48E-01
1.122E+00 9.079E-02 3.544E+00  2.30E-01
1.059E+00 8.932E-02 3.265E+00  1.62E-01
1.000E+00 2.539E-01 3.605E+00  7.33E-02
9.441E-01 7.826E-02 1.406E+00  1.99E-01
8.913E-01 7.783E-02 1.616E+00  5.76E-02
8.414E-01 8.268E-02 2.224E+00  4.30E-02
7.943E-01 5.728E-02 1.426E+00  2.08E-01
7.499E-01 4.720E-02 1.517E+00  4.56E-01
7.079E-01 6.454E-02 3.025E+00  5.15E-01
6.683E-01 2.537E-02 2.591E+00  5.33E-01
6.310E-01 5.889E-02 3.777E+00  6.05E-01
5.957E-01 2.419E-02 3.070E+00  6.02E-01
5.623E-01 3.113E-02 2.938E+00  3.73E-01
5.309E-01 2.109E-02 2.195E+00  4.25E-01
5.012E-01 4.069E-01 2.710E+00  9.70E-02
4.732E-01 1.980E-02 1.930E+00  2.59E-01
4.467E-01 1.432E-02 2.323E+00  4.89E-01
4.217E-01 1.699E-02 3.327E+00  6.50E-01
3.981E-01 2.503E-02 2.946E+00  4.89E-01
3.758E-01 3.895E-02 1.879E+00  3.35E-01
3.548E-01 9.266E-02 2.061E+00  4.63E-01
3.350E-01 1.345E-01 2.959E+00  5.77E-01
3.162E-01 2.654E-01 2.410E+00  5.78E-01
2.985E-01 3.374E-01 1.729E+00  5.16E-01
2.818E-01 6.510E-01 1.862E+00  6.76E-01
2.661E-01 8.595E-01 1.560E+00  6.95E-01
2.512E-01 9.449E-01 1.386E+00  7.49E-01
2.371E-01 9.386E-01 1.421E+00  7.57E-01
2.239E-01 9.028E-01 1.440E+00  7.47E-01
2.113E-01 8.536E-01 1.475E+00  7.30E-01
1.995E-01 7.899E-01 1.527E+00  7.06E-01
1.884E-01 7.293E-01 1.593E+00  6.84E-01
1.778E-01 6.829E-01 1.668E+00  6.69E-01
1.679E-01 6.572E-01 1.740E+00  6.63E-01
1.585E-01 6.565E-01 1.801E+00  6.65E-01
1.496E-01 6.956E-01 1.786E+00  6.82E-01
1.413E-01 7.196E-01 1.750E+00  6.94E-01
1.334E-01 7.229E-01 1.733E+00  7.01E-01
1.259E-01 7.132E-01 1.727E+00  7.04E-01
1.189E-01 6.825E-01 1.740E+00  7.01E-01
1.122E-01 6.540E-01 1.735E+00  7.01E-01
1.059E-01 6.548E-01 1.683E+00  7.14E-01
1.000E-01 6.650E-01 1.631E+00  7.30E-01
9.441E-02 6.714E-01 1.594E+00  7.43E-01
8.913E-02 6.830E-01 1.555E+00  7.57E-01
8.414E-02 6.952E-01 1.520E+00  7.72E-01
7.943E-02 7.075E-01 1.487E+00  7.86E-01
7.499E-02 7.201E-01 1.457E+00  8.01E-01
7.079E-02 7.324E-01 1.429E+00  8.15E-01
6.683E-02 7.443E-01 1.403E+00  8.29E-01
6.310E-02 7.561E-01 1.378E+00  8.43E-01
5.957E-02 7.674E-01 1.355E+00  8.56E-01
5.623E-02 7.782E-01 1.333E+00  8.69E-01
5.309E-02 7.886E-01 1.313E+00  8.82E-01
5.012E-02 7.983E-01 1.294E+00  8.93E-01
4.732E-02 8.076E-01 1.276E+00  9.04E-01
4.467E-02 8.163E-01 1.260E+00  9.14E-01
4.217E-02 8.244E-01 1.244E+00  9.23E-01
3.981E-02 8.320E-01 1.229E+00  9.31E-01
3.758E-02 8.393E-01 1.216E+00  9.39E-01
3.548E-02 8.463E-01 1.202E+00  9.46E-01
3.350E-02 8.530E-01 1.190E+00  9.52E-01
3.162E-02 8.594E-01 1.178E+00  9.57E-01
2.985E-02 8.656E-01 1.166E+00  9.63E-01
2.818E-02 8.715E-01 1.156E+00  9.67E-01
2.661E-02 8.773E-01 1.145E+00  9.71E-01
2.512E-02 8.829E-01 1.135E+00  9.75E-01
2.371E-02 8.884E-01 1.125E+00  9.78E-01
2.239E-02 8.937E-01 1.116E+00  9.81E-01
2.113E-02 8.987E-01 1.107E+00  9.84E-01
1.995E-02 9.034E-01 1.098E+00  9.87E-01
1.884E-02 9.077E-01 1.088E+00  9.89E-01
1.778E-02 9.117E-01 1.079E+00  9.90E-01
1.679E-02 9.153E-01 1.070E+00  9.92E-01
1.585E-02 9.183E-01 1.063E+00  9.93E-01
1.496E-02 9.206E-01 1.060E+00  9.95E-01
1.413E-02 9.220E-01 1.059E+00  9.96E-01
1.334E-02 9.225E-01 1.057E+00  9.97E-01
1.259E-02 9.218E-01 1.057E+00  9.98E-01
1.189E-02 9.198E-01 1.093E+00  9.99E-01
1.122E-02 9.200E-01 1.139E+00  9.99E-01
1.059E-02 1.006E+00 9.854E-01  9.99E-01
1.000E-02 9.880E-01 9.895E-01  9.99E-01
9.441E-03 9.822E-01 9.992E-01  9.99E-01
8.913E-03 9.792E-01 1.004E+00  9.99E-01
8.414E-03 9.771E-01 1.007E+00  9.99E-01
7.943E-03 9.757E-01 1.009E+00  9.99E-01
7.499E-03 9.760E-01 1.008E+00  9.99E-01
7.079E-03 9.786E-01 1.007E+00  9.99E-01
6.683E-03 9.757E-01 1.012E+00  9.99E-01
6.310E-03 9.733E-01 1.017E+00  9.99E-01
5.957E-03 9.708E-01 1.022E+00  9.99E-01
5.623E-03 9.679E-01 1.029E+00  9.99E-01
5.309E-03 9.644E-01 1.036E+00  1.00E+00
5.012E-03 9.599E-01 1.045E+00  1.00E+00
4.732E-03 9.542E-01 1.059E+00  1.00E+00
4.467E-03 9.480E-01 1.103E+00  1.00E+00
4.217E-03 9.675E-01 1.041E+00  1.00E+00
3.981E-03 9.613E-01 1.053E+00  1.00E+00
3.758E-03 9.536E-01 1.068E+00  1.00E+00
3.548E-03 9.438E-01 1.086E+00  1.00E+00
3.350E-03 9.311E-01 1.112E+00  1.00E+00
3.162E-03 9.150E-01 1.149E+00  1.00E+00
2.985E-03 8.953E-01 1.200E+00  1.00E+00
2.818E-03 8.699E-01 1.270E+00  1.00E+00
2.661E-03 8.393E-01 1.362E+00  1.00E+00
2.512E-03 8.041E-01 1.473E+00  1.00E+00
2.371E-03 7.647E-01 1.597E+00  1.00E+00
2.239E-03 7.214E-01 1.727E+00  1.00E+00
2.113E-03 6.742E-01 1.297E+00  1.00E+00
1.995E-03 6.255E-01 1.338E+00  1.00E+00
1.884E-03 5.755E-01 1.378E+00  1.00E+00
1.778E-03 5.253E-01 1.416E+00  1.00E+00
1.679E-03 4.760E-01 1.449E+00  1.00E+00
1.585E-03 4.286E-01 1.476E+00  1.00E+00
1.496E-03 3.834E-01 1.497E+00  1.00E+00
1.413E-03 3.410E-01 1.509E+00  1.00E+00
1.334E-03 3.018E-01 1.510E+00  1.00E+00
1.259E-03 2.661E-01 1.501E+00  1.00E+00
1.189E-03 2.340E-01 1.480E+00  1.00E+00
1.122E-03 2.040E-01 1.446E+00  1.00E+00
1.059E-03 1.775E-01 1.398E+00  1.00E+00
