w(micron)  Q_abs     Q_sca     g=<cos>
1.000E+03 2.040E-06 5.945E-12  9.09E-07
9.441E+02 2.289E-06 7.485E-12  1.02E-06
8.913E+02 2.569E-06 9.423E-12  1.14E-06
8.414E+02 2.882E-06 1.186E-11  1.28E-06
7.943E+02 3.234E-06 1.493E-11  1.44E-06
7.499E+02 3.629E-06 1.880E-11  1.62E-06
7.079E+02 4.071E-06 2.367E-11  1.81E-06
6.683E+02 4.568E-06 2.980E-11  2.04E-06
6.310E+02 5.125E-06 3.751E-11  2.28E-06
5.957E+02 5.751E-06 4.723E-11  2.56E-06
5.623E+02 6.452E-06 5.945E-11  2.88E-06
5.309E+02 7.240E-06 7.485E-11  3.23E-06
5.012E+02 8.123E-06 9.423E-11  3.62E-06
4.732E+02 9.114E-06 1.186E-10  4.06E-06
4.467E+02 1.023E-05 1.493E-10  4.56E-06
4.217E+02 1.147E-05 1.880E-10  5.11E-06
3.981E+02 1.287E-05 2.367E-10  5.74E-06
3.758E+02 1.444E-05 2.980E-10  6.44E-06
3.548E+02 1.620E-05 3.751E-10  7.22E-06
3.350E+02 1.818E-05 4.723E-10  8.11E-06
3.162E+02 2.040E-05 5.945E-10  9.10E-06
2.985E+02 2.288E-05 7.485E-10  1.02E-05
2.818E+02 2.567E-05 9.424E-10  1.15E-05
2.661E+02 2.880E-05 1.187E-09  1.29E-05
2.512E+02 3.231E-05 1.494E-09  1.44E-05
2.371E+02 3.624E-05 1.881E-09  1.62E-05
2.239E+02 4.065E-05 2.368E-09  1.82E-05
2.113E+02 4.561E-05 2.981E-09  2.04E-05
1.995E+02 5.117E-05 3.753E-09  2.29E-05
1.884E+02 5.740E-05 4.724E-09  2.56E-05
1.778E+02 6.439E-05 5.948E-09  2.88E-05
1.679E+02 7.221E-05 7.489E-09  3.23E-05
1.585E+02 8.097E-05 9.429E-09  3.62E-05
1.496E+02 9.078E-05 1.187E-08  4.07E-05
1.413E+02 1.018E-04 1.495E-08  4.56E-05
1.334E+02 1.142E-04 1.882E-08  5.12E-05
1.259E+02 1.281E-04 2.370E-08  5.75E-05
1.189E+02 1.436E-04 2.984E-08  6.45E-05
1.122E+02 1.610E-04 3.757E-08  7.24E-05
1.059E+02 1.804E-04 4.731E-08  8.12E-05
1.000E+02 2.022E-04 5.957E-08  9.12E-05
9.441E+01 2.267E-04 7.502E-08  1.02E-04
8.913E+01 2.540E-04 9.448E-08  1.15E-04
8.414E+01 2.846E-04 1.190E-07  1.29E-04
7.943E+01 3.188E-04 1.498E-07  1.45E-04
7.499E+01 3.571E-04 1.887E-07  1.62E-04
7.079E+01 3.999E-04 2.377E-07  1.82E-04
6.683E+01 4.477E-04 2.994E-07  2.05E-04
6.310E+01 5.011E-04 3.772E-07  2.30E-04
5.957E+01 5.608E-04 4.753E-07  2.58E-04
5.623E+01 6.273E-04 5.988E-07  2.90E-04
5.309E+01 7.015E-04 7.546E-07  3.26E-04
5.012E+01 7.843E-04 9.511E-07  3.66E-04
4.732E+01 8.765E-04 1.199E-06  4.12E-04
4.467E+01 9.792E-04 1.511E-06  4.63E-04
4.217E+01 1.094E-03 1.906E-06  5.20E-04
3.981E+01 1.221E-03 2.404E-06  5.85E-04
3.758E+01 1.362E-03 3.033E-06  6.58E-04
3.548E+01 1.520E-03 3.828E-06  7.41E-04
3.350E+01 1.695E-03 4.834E-06  8.35E-04
3.162E+01 1.889E-03 6.107E-06  9.41E-04
2.985E+01 2.106E-03 7.719E-06  1.06E-03
2.818E+01 2.349E-03 9.764E-06  1.20E-03
2.661E+01 2.620E-03 1.236E-05  1.35E-03
2.512E+01 2.925E-03 1.566E-05  1.53E-03
2.371E+01 3.269E-03 1.987E-05  1.74E-03
2.239E+01 3.664E-03 2.525E-05  1.98E-03
2.113E+01 4.124E-03 3.216E-05  2.26E-03
1.995E+01 4.668E-03 4.106E-05  2.59E-03
1.884E+01 5.334E-03 5.260E-05  2.99E-03
1.778E+01 6.184E-03 6.768E-05  3.48E-03
1.679E+01 7.310E-03 8.762E-05  4.10E-03
1.585E+01 8.980E-03 1.144E-04  4.92E-03
1.496E+01 1.145E-02 1.511E-04  6.09E-03
1.413E+01 1.587E-02 2.032E-04  7.88E-03
1.334E+01 2.506E-02 2.814E-04  1.02E-02
1.259E+01 4.517E-02 4.094E-04  3.09E-03
1.189E+01 8.738E-02 6.505E-04 -2.61E-03
1.122E+01 2.518E-01 1.168E-03 -4.54E-04
1.059E+01 5.443E-01 1.201E-03  1.46E-03
1.000E+01 2.592E-01 2.705E-04  3.02E-03
9.441E+00 1.221E-01 1.958E-04  4.27E-03
8.913E+00 7.510E-02 3.087E-04  5.46E-03
8.414E+00 5.489E-02 4.744E-04  6.65E-03
7.943E+00 4.440E-02 6.823E-04  7.91E-03
7.499E+00 3.813E-02 9.418E-04  9.26E-03
7.079E+00 3.435E-02 1.266E-03  1.07E-02
6.683E+00 3.186E-02 1.673E-03  1.23E-02
6.310E+00 3.021E-02 2.187E-03  1.41E-02
5.957E+00 2.907E-02 2.836E-03  1.60E-02
5.623E+00 2.820E-02 3.661E-03  1.82E-02
5.309E+00 2.759E-02 4.710E-03  2.07E-02
5.012E+00 2.718E-02 6.041E-03  2.34E-02
4.732E+00 2.687E-02 7.735E-03  2.64E-02
4.467E+00 2.665E-02 9.898E-03  2.98E-02
4.217E+00 2.651E-02 1.264E-02  3.37E-02
3.981E+00 2.643E-02 1.615E-02  3.79E-02
3.758E+00 2.639E-02 2.063E-02  4.28E-02
3.548E+00 2.638E-02 2.636E-02  4.82E-02
3.350E+00 2.643E-02 3.368E-02  5.43E-02
3.162E+00 2.651E-02 4.308E-02  6.12E-02
2.985E+00 2.664E-02 5.516E-02  6.89E-02
2.818E+00 2.680E-02 7.068E-02  7.77E-02
2.661E+00 2.703E-02 9.069E-02  8.76E-02
2.512E+00 2.732E-02 1.165E-01  9.90E-02
2.371E+00 2.775E-02 1.498E-01  1.12E-01
2.239E+00 2.826E-02 1.930E-01  1.27E-01
2.113E+00 2.887E-02 2.489E-01  1.44E-01
1.995E+00 2.971E-02 3.215E-01  1.64E-01
1.884E+00 3.084E-02 4.158E-01  1.88E-01
1.778E+00 3.244E-02 5.381E-01  2.16E-01
1.679E+00 3.470E-02 6.968E-01  2.51E-01
1.585E+00 3.806E-02 9.044E-01  2.93E-01
1.496E+00 4.342E-02 1.182E+00  3.47E-01
1.413E+00 5.253E-02 1.575E+00  4.13E-01
1.334E+00 6.936E-02 2.206E+00  4.85E-01
1.259E+00 9.964E-02 3.393E+00  5.30E-01
1.189E+00 1.294E-01 5.282E+00  4.86E-01
1.122E+00 1.023E-01 5.920E+00  3.71E-01
1.059E+00 5.955E-02 5.142E+00  2.87E-01
1.000E+00 3.901E-02 4.506E+00  2.62E-01
9.441E-01 3.302E-02 4.162E+00  2.73E-01
8.913E-01 3.935E-02 4.073E+00  2.93E-01
8.414E-01 8.389E-02 5.118E+00  3.06E-01
7.943E-01 7.540E-02 5.259E+00  3.92E-01
7.499E-01 3.500E-02 3.562E+00  2.89E-01
7.079E-01 2.822E-02 3.570E+00  1.83E-01
6.683E-01 3.006E-02 3.085E+00  1.10E-01
6.310E-01 8.436E-02 3.601E+00  1.87E-01
5.957E-01 2.048E-02 1.002E+00  1.02E-01
5.623E-01 2.923E-02 2.581E+00  8.80E-02
5.309E-01 4.534E-02 2.128E+00  1.31E-02
5.012E-01 1.130E-02 1.365E+00  3.24E-01
4.732E-01 2.639E-02 3.366E+00  5.44E-01
4.467E-01 1.009E-02 2.841E+00  5.35E-01
4.217E-01 1.049E-02 3.216E+00  5.28E-01
3.981E-01 1.279E-02 3.161E+00  5.90E-01
3.758E-01 3.412E-02 2.624E+00  2.66E-01
3.548E-01 7.141E-02 1.734E+00  2.45E-01
3.350E-01 1.847E-01 2.377E+00  2.60E-01
3.162E-01 2.396E-01 3.117E+00  5.50E-01
2.985E-01 3.312E-01 2.952E+00  6.39E-01
2.818E-01 5.486E-01 1.975E+00  4.26E-01
2.661E-01 8.103E-01 1.660E+00  5.53E-01
2.512E-01 9.482E-01 1.606E+00  7.08E-01
2.371E-01 1.017E+00 1.436E+00  7.18E-01
2.239E-01 9.900E-01 1.449E+00  7.24E-01
2.113E-01 9.350E-01 1.494E+00  7.12E-01
1.995E-01 8.604E-01 1.551E+00  6.90E-01
1.884E-01 7.911E-01 1.624E+00  6.70E-01
1.778E-01 7.388E-01 1.707E+00  6.57E-01
1.679E-01 7.123E-01 1.790E+00  6.53E-01
1.585E-01 7.166E-01 1.862E+00  6.58E-01
1.496E-01 7.676E-01 1.852E+00  6.76E-01
1.413E-01 7.992E-01 1.815E+00  6.91E-01
1.334E-01 8.079E-01 1.798E+00  6.99E-01
1.259E-01 8.007E-01 1.791E+00  7.03E-01
1.189E-01 7.724E-01 1.808E+00  7.01E-01
1.122E-01 7.426E-01 1.800E+00  7.02E-01
1.059E-01 7.351E-01 1.737E+00  7.14E-01
1.000E-01 7.350E-01 1.674E+00  7.29E-01
9.441E-02 7.328E-01 1.630E+00  7.41E-01
8.913E-02 7.368E-01 1.585E+00  7.55E-01
8.414E-02 7.424E-01 1.544E+00  7.70E-01
7.943E-02 7.491E-01 1.507E+00  7.84E-01
7.499E-02 7.568E-01 1.473E+00  7.98E-01
7.079E-02 7.647E-01 1.442E+00  8.13E-01
6.683E-02 7.728E-01 1.413E+00  8.27E-01
6.310E-02 7.810E-01 1.386E+00  8.40E-01
5.957E-02 7.890E-01 1.361E+00  8.54E-01
5.623E-02 7.969E-01 1.338E+00  8.67E-01
5.309E-02 8.045E-01 1.316E+00  8.79E-01
5.012E-02 8.116E-01 1.296E+00  8.91E-01
4.732E-02 8.185E-01 1.277E+00  9.02E-01
4.467E-02 8.249E-01 1.260E+00  9.12E-01
4.217E-02 8.309E-01 1.243E+00  9.21E-01
3.981E-02 8.365E-01 1.228E+00  9.29E-01
3.758E-02 8.418E-01 1.214E+00  9.37E-01
3.548E-02 8.470E-01 1.200E+00  9.44E-01
3.350E-02 8.520E-01 1.187E+00  9.50E-01
3.162E-02 8.568E-01 1.175E+00  9.56E-01
2.985E-02 8.614E-01 1.163E+00  9.61E-01
2.818E-02 8.658E-01 1.152E+00  9.66E-01
2.661E-02 8.701E-01 1.141E+00  9.70E-01
2.512E-02 8.742E-01 1.130E+00  9.74E-01
2.371E-02 8.782E-01 1.120E+00  9.77E-01
2.239E-02 8.818E-01 1.110E+00  9.81E-01
2.113E-02 8.850E-01 1.100E+00  9.83E-01
1.995E-02 8.877E-01 1.090E+00  9.86E-01
1.884E-02 8.897E-01 1.081E+00  9.88E-01
1.778E-02 8.909E-01 1.073E+00  9.90E-01
1.679E-02 8.910E-01 1.067E+00  9.91E-01
1.585E-02 8.898E-01 1.067E+00  9.93E-01
1.496E-02 8.870E-01 1.078E+00  9.94E-01
1.413E-02 8.822E-01 1.111E+00  9.96E-01
1.334E-02 8.751E-01 1.175E+00  9.97E-01
1.259E-02 8.658E-01 1.262E+00  9.98E-01
1.189E-02 8.536E-01 1.324E+00  9.99E-01
1.122E-02 8.419E-01 1.039E+00  9.99E-01
1.059E-02 1.004E+00 9.518E-01  9.98E-01
1.000E-02 9.818E-01 9.593E-01  9.98E-01
9.441E-03 9.744E-01 9.832E-01  9.98E-01
8.913E-03 9.698E-01 9.967E-01  9.99E-01
8.414E-03 9.661E-01 1.008E+00  9.99E-01
7.943E-03 9.627E-01 1.018E+00  9.99E-01
7.499E-03 9.606E-01 1.020E+00  9.99E-01
7.079E-03 9.670E-01 1.011E+00  9.99E-01
6.683E-03 9.619E-01 1.030E+00  9.99E-01
6.310E-03 9.566E-01 1.048E+00  9.99E-01
5.957E-03 9.506E-01 1.069E+00  9.99E-01
5.623E-03 9.431E-01 1.096E+00  9.99E-01
5.309E-03 9.337E-01 1.131E+00  9.99E-01
5.012E-03 9.220E-01 1.174E+00  1.00E+00
4.732E-03 9.075E-01 1.222E+00  1.00E+00
4.467E-03 8.906E-01 1.204E+00  1.00E+00
4.217E-03 9.344E-01 1.127E+00  1.00E+00
3.981E-03 9.203E-01 1.183E+00  1.00E+00
3.758E-03 9.030E-01 1.243E+00  1.00E+00
3.548E-03 8.819E-01 1.308E+00  1.00E+00
3.350E-03 8.565E-01 1.379E+00  1.00E+00
3.162E-03 8.267E-01 1.454E+00  1.00E+00
2.985E-03 7.932E-01 1.527E+00  1.00E+00
2.818E-03 7.538E-01 1.599E+00  1.00E+00
2.661E-03 7.103E-01 1.662E+00  1.00E+00
2.512E-03 6.645E-01 1.708E+00  1.00E+00
2.371E-03 6.171E-01 1.735E+00  1.00E+00
2.239E-03 5.687E-01 1.742E+00  1.00E+00
2.113E-03 5.196E-01 1.731E+00  1.00E+00
1.995E-03 4.718E-01 1.699E+00  1.00E+00
1.884E-03 4.256E-01 1.650E+00  1.00E+00
1.778E-03 3.812E-01 1.586E+00  1.00E+00
1.679E-03 3.397E-01 1.509E+00  1.00E+00
1.585E-03 3.012E-01 1.423E+00  1.00E+00
1.496E-03 2.658E-01 1.333E+00  1.00E+00
1.413E-03 2.335E-01 1.239E+00  1.00E+00
1.334E-03 2.045E-01 1.129E+00  1.00E+00
1.259E-03 1.786E-01 1.058E+00  1.00E+00
1.189E-03 1.557E-01 9.838E-01  1.00E+00
1.122E-03 1.348E-01 9.040E-01  1.00E+00
1.059E-03 1.165E-01 8.233E-01  1.00E+00
