w(micron)  Q_abs     Q_sca     g=<cos>
1.000E+03 2.042E-05 5.946E-08  9.10E-05
9.441E+02 2.291E-05 7.486E-08  1.02E-04
8.913E+02 2.571E-05 9.425E-08  1.15E-04
8.414E+02 2.884E-05 1.187E-07  1.28E-04
7.943E+02 3.237E-05 1.494E-07  1.44E-04
7.499E+02 3.632E-05 1.881E-07  1.62E-04
7.079E+02 4.076E-05 2.368E-07  1.82E-04
6.683E+02 4.574E-05 2.981E-07  2.04E-04
6.310E+02 5.132E-05 3.753E-07  2.29E-04
5.957E+02 5.760E-05 4.725E-07  2.56E-04
5.623E+02 6.463E-05 5.948E-07  2.88E-04
5.309E+02 7.253E-05 7.489E-07  3.23E-04
5.012E+02 8.140E-05 9.429E-07  3.62E-04
4.732E+02 9.136E-05 1.187E-06  4.06E-04
4.467E+02 1.025E-04 1.495E-06  4.56E-04
4.217E+02 1.151E-04 1.882E-06  5.12E-04
3.981E+02 1.292E-04 2.369E-06  5.74E-04
3.758E+02 1.450E-04 2.983E-06  6.44E-04
3.548E+02 1.627E-04 3.756E-06  7.23E-04
3.350E+02 1.827E-04 4.729E-06  8.11E-04
3.162E+02 2.051E-04 5.955E-06  9.10E-04
2.985E+02 2.302E-04 7.499E-06  1.02E-03
2.818E+02 2.585E-04 9.443E-06  1.15E-03
2.661E+02 2.902E-04 1.189E-05  1.29E-03
2.512E+02 3.258E-04 1.498E-05  1.44E-03
2.371E+02 3.659E-04 1.886E-05  1.62E-03
2.239E+02 4.109E-04 2.375E-05  1.82E-03
2.113E+02 4.616E-04 2.992E-05  2.04E-03
1.995E+02 5.186E-04 3.768E-05  2.29E-03
1.884E+02 5.828E-04 4.746E-05  2.57E-03
1.778E+02 6.550E-04 5.978E-05  2.88E-03
1.679E+02 7.360E-04 7.531E-05  3.23E-03
1.585E+02 8.272E-04 9.489E-05  3.63E-03
1.496E+02 9.299E-04 1.196E-04  4.08E-03
1.413E+02 1.046E-03 1.507E-04  4.58E-03
1.334E+02 1.177E-03 1.899E-04  5.14E-03
1.259E+02 1.325E-03 2.394E-04  5.76E-03
1.189E+02 1.492E-03 3.017E-04  6.47E-03
1.122E+02 1.680E-03 3.805E-04  7.27E-03
1.059E+02 1.893E-03 4.798E-04  8.16E-03
1.000E+02 2.134E-03 6.053E-04  9.16E-03
9.441E+01 2.408E-03 7.637E-04  1.03E-02
8.913E+01 2.718E-03 9.639E-04  1.16E-02
8.414E+01 3.071E-03 1.217E-03  1.30E-02
7.943E+01 3.472E-03 1.537E-03  1.46E-02
7.499E+01 3.930E-03 1.942E-03  1.64E-02
7.079E+01 4.454E-03 2.454E-03  1.84E-02
6.683E+01 5.053E-03 3.103E-03  2.07E-02
6.310E+01 5.742E-03 3.927E-03  2.33E-02
5.957E+01 6.534E-03 4.972E-03  2.62E-02
5.623E+01 7.449E-03 6.300E-03  2.95E-02
5.309E+01 8.510E-03 7.989E-03  3.33E-02
5.012E+01 9.746E-03 1.014E-02  3.75E-02
4.732E+01 1.119E-02 1.289E-02  4.23E-02
4.467E+01 1.290E-02 1.639E-02  4.77E-02
4.217E+01 1.491E-02 2.088E-02  5.40E-02
3.981E+01 1.732E-02 2.665E-02  6.11E-02
3.758E+01 2.023E-02 3.406E-02  6.92E-02
3.548E+01 2.377E-02 4.363E-02  7.86E-02
3.350E+01 2.814E-02 5.602E-02  8.94E-02
3.162E+01 3.362E-02 7.215E-02  1.02E-01
2.985E+01 4.065E-02 9.322E-02  1.17E-01
2.818E+01 4.988E-02 1.209E-01  1.35E-01
2.661E+01 6.238E-02 1.577E-01  1.56E-01
2.512E+01 8.005E-02 2.069E-01  1.83E-01
2.371E+01 1.065E-01 2.740E-01  2.16E-01
2.239E+01 1.493E-01 3.678E-01  2.59E-01
2.113E+01 2.267E-01 5.051E-01  3.15E-01
1.995E+01 3.897E-01 7.259E-01  3.89E-01
1.884E+01 8.136E-01 1.158E+00  4.61E-01
1.778E+01 1.944E+00 2.180E+00  3.99E-01
1.679E+01 2.070E+00 2.803E+00  7.85E-02
1.585E+01 1.350E+00 2.678E+00 -5.30E-02
1.496E+01 1.742E+00 2.455E+00  1.52E-02
1.413E+01 1.761E+00 1.272E+00  5.08E-02
1.334E+01 1.346E+00 1.625E+00  4.62E-02
1.259E+01 1.063E+00 2.029E+00  4.07E-02
1.189E+01 9.989E-01 2.368E+00  8.65E-02
1.122E+01 1.362E+00 2.212E+00  1.92E-01
1.059E+01 1.796E+00 1.356E+00  3.42E-01
1.000E+01 1.457E+00 5.730E-01  4.12E-01
9.441E+00 1.246E+00 6.548E-01  5.09E-01
8.913E+00 1.207E+00 1.263E+00  5.73E-01
8.414E+00 1.132E+00 1.966E+00  5.55E-01
7.943E+00 1.073E+00 2.387E+00  5.41E-01
7.499E+00 1.240E+00 2.708E+00  5.78E-01
7.079E+00 1.392E+00 3.030E+00  6.15E-01
6.683E+00 1.191E+00 2.898E+00  5.64E-01
6.310E+00 1.078E+00 2.510E+00  4.76E-01
5.957E+00 1.267E+00 2.074E+00  4.31E-01
5.623E+00 1.233E+00 1.630E+00  4.72E-01
5.309E+00 1.163E+00 1.421E+00  4.09E-01
5.012E+00 1.161E+00 1.280E+00  3.21E-01
4.732E+00 1.046E+00 1.054E+00  3.88E-01
4.467E+00 1.041E+00 1.157E+00  5.60E-01
4.217E+00 1.094E+00 1.635E+00  6.34E-01
3.981E+00 7.975E-01 1.797E+00  6.52E-01
3.758E+00 1.067E+00 2.233E+00  7.40E-01
3.548E+00 7.842E-01 2.305E+00  7.24E-01
3.350E+00 8.735E-01 2.235E+00  6.57E-01
3.162E+00 7.615E-01 1.997E+00  6.69E-01
2.985E+00 8.276E-01 1.650E+00  4.94E-01
2.818E+00 7.289E-01 1.444E+00  5.03E-01
2.661E+00 8.122E-01 1.569E+00  5.21E-01
2.512E+00 7.501E-01 1.786E+00  6.05E-01
2.371E+00 6.311E-01 2.019E+00  6.95E-01
2.239E+00 7.149E-01 2.246E+00  7.38E-01
2.113E+00 7.449E-01 1.975E+00  6.23E-01
1.995E+00 5.737E-01 1.457E+00  5.85E-01
1.884E+00 5.168E-01 1.553E+00  5.60E-01
1.778E+00 4.979E-01 1.990E+00  6.18E-01
1.679E+00 4.954E-01 2.129E+00  6.84E-01
1.585E+00 4.601E-01 1.794E+00  6.62E-01
1.496E+00 4.186E-01 1.532E+00  5.85E-01
1.413E+00 3.985E-01 1.797E+00  6.04E-01
1.334E+00 4.411E-01 2.141E+00  6.31E-01
1.259E+00 3.937E-01 1.987E+00  6.24E-01
1.189E+00 3.377E-01 1.751E+00  5.60E-01
1.122E+00 3.503E-01 2.338E+00  6.79E-01
1.059E+00 2.871E-01 1.718E+00  5.89E-01
1.000E+00 2.863E-01 2.128E+00  6.67E-01
9.441E-01 2.590E-01 2.250E+00  6.48E-01
8.913E-01 2.821E-01 1.858E+00  5.65E-01
8.414E-01 2.083E-01 2.123E+00  6.19E-01
7.943E-01 2.106E-01 2.006E+00  6.16E-01
7.499E-01 1.798E-01 2.356E+00  6.77E-01
7.079E-01 1.590E-01 1.851E+00  5.33E-01
6.683E-01 1.533E-01 2.268E+00  6.50E-01
6.310E-01 1.302E-01 2.248E+00  6.50E-01
5.957E-01 1.449E-01 2.075E+00  5.82E-01
5.623E-01 1.168E-01 2.214E+00  6.37E-01
5.309E-01 9.211E-02 2.036E+00  6.07E-01
5.012E-01 8.444E-02 2.383E+00  6.64E-01
4.732E-01 7.613E-02 2.376E+00  6.65E-01
4.467E-01 7.001E-02 2.016E+00  6.05E-01
4.217E-01 7.199E-02 2.303E+00  6.25E-01
3.981E-01 9.716E-02 2.084E+00  5.88E-01
3.758E-01 1.878E-01 2.185E+00  6.52E-01
3.548E-01 3.547E-01 1.814E+00  6.61E-01
3.350E-01 4.069E-01 1.730E+00  6.80E-01
3.162E-01 6.090E-01 1.532E+00  7.40E-01
2.985E-01 7.177E-01 1.408E+00  7.76E-01
2.818E-01 7.980E-01 1.336E+00  8.04E-01
2.661E-01 7.925E-01 1.337E+00  8.00E-01
2.512E-01 7.762E-01 1.348E+00  7.91E-01
2.371E-01 7.563E-01 1.363E+00  7.79E-01
2.239E-01 7.308E-01 1.384E+00  7.64E-01
2.113E-01 6.972E-01 1.414E+00  7.44E-01
1.995E-01 6.503E-01 1.459E+00  7.18E-01
1.884E-01 6.016E-01 1.514E+00  6.91E-01
1.778E-01 5.591E-01 1.569E+00  6.72E-01
1.679E-01 5.272E-01 1.616E+00  6.60E-01
1.585E-01 5.071E-01 1.646E+00  6.57E-01
1.496E-01 5.224E-01 1.621E+00  6.71E-01
1.413E-01 5.399E-01 1.592E+00  6.83E-01
1.334E-01 5.428E-01 1.580E+00  6.90E-01
1.259E-01 5.380E-01 1.576E+00  6.92E-01
1.189E-01 5.168E-01 1.589E+00  6.88E-01
1.122E-01 5.058E-01 1.591E+00  6.88E-01
1.059E-01 5.288E-01 1.559E+00  7.04E-01
1.000E-01 5.567E-01 1.524E+00  7.23E-01
9.441E-02 5.762E-01 1.499E+00  7.36E-01
8.913E-02 5.990E-01 1.471E+00  7.52E-01
8.414E-02 6.206E-01 1.444E+00  7.68E-01
7.943E-02 6.411E-01 1.420E+00  7.83E-01
7.499E-02 6.608E-01 1.396E+00  7.98E-01
7.079E-02 6.795E-01 1.374E+00  8.13E-01
6.683E-02 6.973E-01 1.353E+00  8.28E-01
6.310E-02 7.144E-01 1.333E+00  8.42E-01
5.957E-02 7.306E-01 1.313E+00  8.56E-01
5.623E-02 7.460E-01 1.295E+00  8.69E-01
5.309E-02 7.606E-01 1.278E+00  8.82E-01
5.012E-02 7.743E-01 1.262E+00  8.93E-01
4.732E-02 7.873E-01 1.247E+00  9.05E-01
4.467E-02 7.994E-01 1.233E+00  9.15E-01
4.217E-02 8.108E-01 1.220E+00  9.24E-01
3.981E-02 8.215E-01 1.207E+00  9.32E-01
3.758E-02 8.316E-01 1.195E+00  9.40E-01
3.548E-02 8.413E-01 1.184E+00  9.47E-01
3.350E-02 8.506E-01 1.173E+00  9.53E-01
3.162E-02 8.594E-01 1.163E+00  9.59E-01
2.985E-02 8.679E-01 1.153E+00  9.64E-01
2.818E-02 8.760E-01 1.143E+00  9.68E-01
2.661E-02 8.840E-01 1.134E+00  9.72E-01
2.512E-02 8.916E-01 1.125E+00  9.76E-01
2.371E-02 8.991E-01 1.116E+00  9.80E-01
2.239E-02 9.062E-01 1.108E+00  9.82E-01
2.113E-02 9.131E-01 1.100E+00  9.85E-01
1.995E-02 9.198E-01 1.092E+00  9.87E-01
1.884E-02 9.262E-01 1.085E+00  9.89E-01
1.778E-02 9.325E-01 1.077E+00  9.91E-01
1.679E-02 9.385E-01 1.070E+00  9.93E-01
1.585E-02 9.444E-01 1.063E+00  9.94E-01
1.496E-02 9.502E-01 1.056E+00  9.95E-01
1.413E-02 9.559E-01 1.050E+00  9.96E-01
1.334E-02 9.652E-01 1.035E+00  9.97E-01
1.259E-02 9.709E-01 1.029E+00  9.98E-01
1.189E-02 9.771E-01 1.023E+00  9.99E-01
1.122E-02 9.879E-01 1.012E+00  1.00E+00
1.059E-02 9.897E-01 1.010E+00  9.99E-01
1.000E-02 9.860E-01 1.014E+00  9.99E-01
9.441E-03 9.845E-01 1.016E+00  9.99E-01
8.913E-03 9.843E-01 1.016E+00  9.99E-01
8.414E-03 9.847E-01 1.015E+00  9.99E-01
7.943E-03 9.856E-01 1.014E+00  9.99E-01
7.499E-03 9.878E-01 1.012E+00  9.99E-01
7.079E-03 9.870E-01 1.013E+00  9.99E-01
6.683E-03 9.869E-01 1.013E+00  9.99E-01
6.310E-03 9.873E-01 1.013E+00  9.99E-01
5.957E-03 9.879E-01 1.012E+00  9.99E-01
5.623E-03 9.885E-01 1.011E+00  1.00E+00
5.309E-03 9.892E-01 1.011E+00  1.00E+00
5.012E-03 9.898E-01 1.010E+00  1.00E+00
4.732E-03 9.905E-01 1.010E+00  1.00E+00
4.467E-03 9.922E-01 1.008E+00  1.00E+00
4.217E-03 9.926E-01 1.007E+00  1.00E+00
3.981E-03 9.921E-01 1.008E+00  1.00E+00
3.758E-03 9.918E-01 1.008E+00  1.00E+00
3.548E-03 9.914E-01 1.009E+00  1.00E+00
3.350E-03 9.910E-01 1.009E+00  1.00E+00
3.162E-03 9.905E-01 1.009E+00  1.00E+00
2.985E-03 9.900E-01 1.010E+00  1.00E+00
2.818E-03 9.893E-01 1.011E+00  1.00E+00
2.661E-03 9.883E-01 1.012E+00  1.00E+00
2.512E-03 9.872E-01 1.013E+00  1.00E+00
2.371E-03 9.858E-01 1.014E+00  1.00E+00
2.239E-03 9.839E-01 1.016E+00  1.00E+00
2.113E-03 9.810E-01 1.019E+00  1.00E+00
1.995E-03 9.766E-01 1.023E+00  1.00E+00
1.884E-03 9.704E-01 1.030E+00  1.00E+00
1.778E-03 9.617E-01 1.038E+00  1.00E+00
1.679E-03 9.498E-01 1.050E+00  1.00E+00
1.585E-03 9.341E-01 1.066E+00  1.00E+00
1.496E-03 9.138E-01 1.086E+00  1.00E+00
1.413E-03 8.881E-01 1.112E+00  1.00E+00
1.334E-03 8.569E-01 1.143E+00  1.00E+00
1.259E-03 8.203E-01 1.179E+00  1.00E+00
1.189E-03 7.791E-01 1.221E+00  1.00E+00
1.122E-03 7.317E-01 1.268E+00  1.00E+00
1.059E-03 6.814E-01 1.318E+00  1.00E+00
