w(micron)  Q_abs     Q_sca     g=<cos>
1.000E+03 7.240E-07 9.423E-14  0.00E+00
9.441E+02 8.123E-07 1.186E-13  0.00E+00
8.913E+02 9.115E-07 1.493E-13  0.00E+00
8.414E+02 1.023E-06 1.880E-13  0.00E+00
7.943E+02 1.147E-06 2.367E-13  0.00E+00
7.499E+02 1.287E-06 2.980E-13  0.00E+00
7.079E+02 1.445E-06 3.751E-13  0.00E+00
6.683E+02 1.621E-06 4.723E-13  0.00E+00
6.310E+02 1.819E-06 5.945E-13  0.00E+00
5.957E+02 2.040E-06 7.485E-13  0.00E+00
5.623E+02 2.289E-06 9.423E-13  0.00E+00
5.309E+02 2.569E-06 1.186E-12  0.00E+00
5.012E+02 2.882E-06 1.493E-12  0.00E+00
4.732E+02 3.234E-06 1.880E-12  5.11E-07
4.467E+02 3.628E-06 2.367E-12  5.74E-07
4.217E+02 4.071E-06 2.980E-12  6.44E-07
3.981E+02 4.567E-06 3.751E-12  7.23E-07
3.758E+02 5.124E-06 4.722E-12  8.11E-07
3.548E+02 5.749E-06 5.945E-12  9.09E-07
3.350E+02 6.450E-06 7.485E-12  1.02E-06
3.162E+02 7.237E-06 9.423E-12  1.14E-06
2.985E+02 8.119E-06 1.186E-11  1.28E-06
2.818E+02 9.108E-06 1.494E-11  1.44E-06
2.661E+02 1.022E-05 1.881E-11  1.62E-06
2.512E+02 1.146E-05 2.368E-11  1.82E-06
2.371E+02 1.286E-05 2.981E-11  2.04E-06
2.239E+02 1.442E-05 3.753E-11  2.29E-06
2.113E+02 1.618E-05 4.724E-11  2.56E-06
1.995E+02 1.815E-05 5.947E-11  2.88E-06
1.884E+02 2.036E-05 7.487E-11  3.23E-06
1.778E+02 2.284E-05 9.426E-11  3.62E-06
1.679E+02 2.562E-05 1.187E-10  4.07E-06
1.585E+02 2.872E-05 1.494E-10  4.56E-06
1.496E+02 3.220E-05 1.882E-10  5.12E-06
1.413E+02 3.611E-05 2.369E-10  5.75E-06
1.334E+02 4.050E-05 2.983E-10  6.45E-06
1.259E+02 4.542E-05 3.755E-10  7.23E-06
1.189E+02 5.093E-05 4.728E-10  8.12E-06
1.122E+02 5.709E-05 5.954E-10  9.11E-06
1.059E+02 6.400E-05 7.497E-10  1.02E-05
1.000E+02 7.173E-05 9.440E-10  1.15E-05
9.441E+01 8.038E-05 1.189E-09  1.29E-05
8.913E+01 9.006E-05 1.497E-09  1.45E-05
8.414E+01 1.009E-04 1.885E-09  1.62E-05
7.943E+01 1.130E-04 2.374E-09  1.82E-05
7.499E+01 1.266E-04 2.990E-09  2.05E-05
7.079E+01 1.417E-04 3.767E-09  2.30E-05
6.683E+01 1.587E-04 4.744E-09  2.58E-05
6.310E+01 1.776E-04 5.976E-09  2.90E-05
5.957E+01 1.987E-04 7.529E-09  3.25E-05
5.623E+01 2.222E-04 9.486E-09  3.65E-05
5.309E+01 2.485E-04 1.195E-08  4.10E-05
5.012E+01 2.777E-04 1.507E-08  4.61E-05
4.732E+01 3.103E-04 1.899E-08  5.18E-05
4.467E+01 3.466E-04 2.394E-08  5.82E-05
4.217E+01 3.870E-04 3.018E-08  6.55E-05
3.981E+01 4.318E-04 3.807E-08  7.36E-05
3.758E+01 4.817E-04 4.802E-08  8.28E-05
3.548E+01 5.372E-04 6.061E-08  9.32E-05
3.350E+01 5.986E-04 7.651E-08  1.05E-04
3.162E+01 6.670E-04 9.665E-08  1.18E-04
2.985E+01 7.431E-04 1.221E-07  1.34E-04
2.818E+01 8.280E-04 1.545E-07  1.51E-04
2.661E+01 9.227E-04 1.955E-07  1.70E-04
2.512E+01 1.029E-03 2.476E-07  1.93E-04
2.371E+01 1.149E-03 3.141E-07  2.19E-04
2.239E+01 1.286E-03 3.991E-07  2.49E-04
2.113E+01 1.445E-03 5.081E-07  2.84E-04
1.995E+01 1.632E-03 6.484E-07  3.26E-04
1.884E+01 1.861E-03 8.301E-07  3.75E-04
1.778E+01 2.150E-03 1.067E-06  4.36E-04
1.679E+01 2.531E-03 1.381E-06  5.14E-04
1.585E+01 3.089E-03 1.802E-06  6.17E-04
1.496E+01 3.899E-03 2.377E-06  7.62E-04
1.413E+01 5.293E-03 3.193E-06  9.84E-04
1.334E+01 7.961E-03 4.414E-06  1.28E-03
1.259E+01 1.386E-02 6.406E-06  4.50E-04
1.189E+01 2.953E-02 1.014E-05 -3.28E-04
1.122E+01 8.686E-02 1.814E-05 -5.93E-05
1.059E+01 1.908E-01 1.892E-05  1.83E-04
1.000E+01 9.153E-02 4.297E-06  3.80E-04
9.441E+00 4.284E-02 3.098E-06  5.38E-04
8.913E+00 2.619E-02 4.868E-06  6.89E-04
8.414E+00 1.903E-02 7.460E-06  8.40E-04
7.943E+00 1.530E-02 1.070E-05  9.98E-04
7.499E+00 1.306E-02 1.473E-05  1.17E-03
7.079E+00 1.169E-02 1.975E-05  1.35E-03
6.683E+00 1.077E-02 2.604E-05  1.55E-03
6.310E+00 1.013E-02 3.393E-05  1.78E-03
5.957E+00 9.670E-03 4.385E-05  2.02E-03
5.623E+00 9.295E-03 5.641E-05  2.30E-03
5.309E+00 9.002E-03 7.229E-05  2.61E-03
5.012E+00 8.765E-03 9.232E-05  2.95E-03
4.732E+00 8.560E-03 1.176E-04  3.33E-03
4.467E+00 8.368E-03 1.497E-04  3.76E-03
4.217E+00 8.196E-03 1.901E-04  4.24E-03
3.981E+00 8.031E-03 2.411E-04  4.78E-03
3.758E+00 7.863E-03 3.058E-04  5.39E-03
3.548E+00 7.693E-03 3.875E-04  6.07E-03
3.350E+00 7.522E-03 4.906E-04  6.83E-03
3.162E+00 7.342E-03 6.213E-04  7.68E-03
2.985E+00 7.158E-03 7.865E-04  8.64E-03
2.818E+00 6.961E-03 9.954E-04  9.71E-03
2.661E+00 6.760E-03 1.260E-03  1.09E-02
2.512E+00 6.548E-03 1.595E-03  1.23E-02
2.371E+00 6.343E-03 2.018E-03  1.38E-02
2.239E+00 6.122E-03 2.555E-03  1.55E-02
2.113E+00 5.884E-03 3.235E-03  1.74E-02
1.995E+00 5.646E-03 4.100E-03  1.96E-02
1.884E+00 5.406E-03 5.197E-03  2.20E-02
1.778E+00 5.173E-03 6.593E-03  2.47E-02
1.679E+00 4.939E-03 8.367E-03  2.78E-02
1.585E+00 4.706E-03 1.062E-02  3.12E-02
1.496E+00 4.481E-03 1.350E-02  3.51E-02
1.413E+00 4.257E-03 1.717E-02  3.95E-02
1.334E+00 4.045E-03 2.186E-02  4.44E-02
1.259E+00 3.838E-03 2.786E-02  4.99E-02
1.189E+00 3.644E-03 3.555E-02  5.62E-02
1.122E+00 3.461E-03 4.544E-02  6.33E-02
1.059E+00 3.289E-03 5.817E-02  7.13E-02
1.000E+00 3.132E-03 7.460E-02  8.04E-02
9.441E-01 2.990E-03 9.583E-02  9.08E-02
8.913E-01 2.863E-03 1.233E-01  1.03E-01
8.414E-01 2.754E-03 1.591E-01  1.16E-01
7.943E-01 2.664E-03 2.057E-01  1.32E-01
7.499E-01 2.597E-03 2.666E-01  1.50E-01
7.079E-01 2.557E-03 3.463E-01  1.72E-01
6.683E-01 2.552E-03 4.510E-01  1.98E-01
6.310E-01 2.599E-03 5.893E-01  2.30E-01
5.957E-01 2.724E-03 7.737E-01  2.70E-01
5.623E-01 2.971E-03 1.025E+00  3.21E-01
5.309E-01 3.474E-03 1.386E+00  3.86E-01
5.012E-01 4.541E-03 1.979E+00  4.64E-01
4.732E-01 6.927E-03 3.218E+00  5.25E-01
4.467E-01 1.047E-02 5.814E+00  4.72E-01
4.217E-01 7.520E-03 6.526E+00  3.04E-01
3.981E-01 5.424E-03 5.237E+00  1.99E-01
3.758E-01 1.011E-02 4.591E+00  1.87E-01
3.548E-01 2.437E-02 4.299E+00  2.17E-01
3.350E-01 6.899E-02 4.340E+00  2.24E-01
3.162E-01 2.075E-01 4.060E+00  3.47E-01
2.985E-01 1.255E-01 2.050E+00  1.50E-01
2.818E-01 4.534E-01 3.250E+00  8.32E-02
2.661E-01 8.843E-01 9.023E-01  7.91E-02
2.512E-01 8.286E-01 1.426E+00  4.87E-01
2.371E-01 9.926E-01 1.970E+00  5.18E-01
2.239E-01 1.169E+00 1.996E+00  5.39E-01
2.113E-01 1.249E+00 1.391E+00  5.47E-01
1.995E-01 1.128E+00 1.603E+00  5.62E-01
1.884E-01 1.025E+00 1.694E+00  5.55E-01
1.778E-01 9.485E-01 1.815E+00  5.55E-01
1.679E-01 9.035E-01 1.934E+00  5.59E-01
1.585E-01 9.099E-01 2.027E+00  5.71E-01
1.496E-01 1.008E+00 2.024E+00  6.04E-01
1.413E-01 1.066E+00 1.990E+00  6.30E-01
1.334E-01 1.086E+00 1.972E+00  6.44E-01
1.259E-01 1.094E+00 1.963E+00  6.55E-01
1.189E-01 1.088E+00 1.994E+00  6.64E-01
1.122E-01 1.068E+00 1.983E+00  6.72E-01
1.059E-01 1.057E+00 1.876E+00  6.87E-01
1.000E-01 1.027E+00 1.770E+00  7.02E-01
9.441E-02 9.940E-01 1.698E+00  7.14E-01
8.913E-02 9.656E-01 1.626E+00  7.28E-01
8.414E-02 9.420E-01 1.564E+00  7.43E-01
7.943E-02 9.230E-01 1.511E+00  7.58E-01
7.499E-02 9.079E-01 1.463E+00  7.73E-01
7.079E-02 8.958E-01 1.421E+00  7.88E-01
6.683E-02 8.858E-01 1.384E+00  8.04E-01
6.310E-02 8.778E-01 1.350E+00  8.19E-01
5.957E-02 8.711E-01 1.319E+00  8.33E-01
5.623E-02 8.654E-01 1.291E+00  8.48E-01
5.309E-02 8.605E-01 1.266E+00  8.61E-01
5.012E-02 8.560E-01 1.244E+00  8.74E-01
4.732E-02 8.519E-01 1.223E+00  8.87E-01
4.467E-02 8.481E-01 1.205E+00  8.98E-01
4.217E-02 8.443E-01 1.189E+00  9.08E-01
3.981E-02 8.407E-01 1.176E+00  9.18E-01
3.758E-02 8.370E-01 1.165E+00  9.27E-01
3.548E-02 8.336E-01 1.156E+00  9.35E-01
3.350E-02 8.302E-01 1.151E+00  9.43E-01
3.162E-02 8.265E-01 1.150E+00  9.49E-01
2.985E-02 8.225E-01 1.153E+00  9.56E-01
2.818E-02 8.181E-01 1.162E+00  9.62E-01
2.661E-02 8.131E-01 1.175E+00  9.67E-01
2.512E-02 8.071E-01 1.193E+00  9.72E-01
2.371E-02 8.002E-01 1.215E+00  9.76E-01
2.239E-02 7.917E-01 1.239E+00  9.80E-01
2.113E-02 7.816E-01 1.263E+00  9.83E-01
1.995E-02 7.695E-01 1.284E+00  9.86E-01
1.884E-02 7.551E-01 1.300E+00  9.88E-01
1.778E-02 7.384E-01 1.306E+00  9.90E-01
1.679E-02 7.193E-01 1.299E+00  9.92E-01
1.585E-02 6.978E-01 1.275E+00  9.93E-01
1.496E-02 6.740E-01 1.228E+00  9.94E-01
1.413E-02 6.479E-01 1.154E+00  9.95E-01
1.334E-02 6.199E-01 1.045E+00  9.96E-01
1.259E-02 5.906E-01 8.954E-01  9.97E-01
1.189E-02 5.597E-01 6.936E-01  9.97E-01
1.122E-02 5.299E-01 3.424E-01  9.98E-01
1.059E-02 9.439E-01 6.660E-01  9.97E-01
1.000E-02 9.116E-01 6.754E-01  9.97E-01
9.441E-03 8.951E-01 7.351E-01  9.97E-01
8.913E-03 8.799E-01 7.655E-01  9.97E-01
8.414E-03 8.635E-01 7.809E-01  9.98E-01
7.943E-03 8.451E-01 7.787E-01  9.98E-01
7.499E-03 8.255E-01 7.155E-01  9.98E-01
7.079E-03 8.601E-01 7.854E-01  9.98E-01
6.683E-03 8.382E-01 8.237E-01  9.99E-01
6.310E-03 8.137E-01 8.440E-01  9.99E-01
5.957E-03 7.865E-01 8.532E-01  9.99E-01
5.623E-03 7.554E-01 8.533E-01  9.99E-01
5.309E-03 7.217E-01 8.398E-01  9.99E-01
5.012E-03 6.850E-01 8.106E-01  9.99E-01
4.732E-03 6.465E-01 7.475E-01  9.99E-01
4.467E-03 6.065E-01 5.528E-01  9.99E-01
4.217E-03 7.124E-01 6.880E-01  9.99E-01
3.981E-03 6.736E-01 7.206E-01  1.00E+00
3.758E-03 6.325E-01 7.276E-01  1.00E+00
3.548E-03 5.899E-01 7.189E-01  1.00E+00
3.350E-03 5.464E-01 7.011E-01  1.00E+00
3.162E-03 5.028E-01 6.757E-01  1.00E+00
2.985E-03 4.606E-01 6.465E-01  1.00E+00
2.818E-03 4.175E-01 6.133E-01  1.00E+00
2.661E-03 3.759E-01 5.763E-01  1.00E+00
2.512E-03 3.371E-01 5.369E-01  1.00E+00
2.371E-03 3.010E-01 4.970E-01  1.00E+00
2.239E-03 2.675E-01 4.578E-01  1.00E+00
2.113E-03 2.363E-01 4.195E-01  1.00E+00
1.995E-03 2.082E-01 3.827E-01  1.00E+00
1.884E-03 1.828E-01 3.477E-01  1.00E+00
1.778E-03 1.598E-01 3.145E-01  1.00E+00
1.679E-03 1.393E-01 2.834E-01  1.00E+00
1.585E-03 1.212E-01 2.547E-01  1.00E+00
1.496E-03 1.052E-01 2.285E-01  1.00E+00
1.413E-03 9.104E-02 2.046E-01  1.00E+00
1.334E-03 7.869E-02 1.824E-01  1.00E+00
1.259E-03 6.795E-02 1.626E-01  1.00E+00
1.189E-03 5.869E-02 1.450E-01  1.00E+00
1.122E-03 5.035E-02 1.285E-01  1.00E+00
1.059E-03 4.323E-02 1.137E-01  1.00E+00
