w(micron)  Q_abs     Q_sca     g=<cos>
1.000E+03 2.569E-07 1.493E-15  0.00E+00
9.441E+02 2.882E-07 1.880E-15  0.00E+00
8.913E+02 3.234E-07 2.367E-15  0.00E+00
8.414E+02 3.629E-07 2.980E-15  0.00E+00
7.943E+02 4.071E-07 3.751E-15  0.00E+00
7.499E+02 4.568E-07 4.723E-15  0.00E+00
7.079E+02 5.125E-07 5.945E-15  0.00E+00
6.683E+02 5.751E-07 7.485E-15  0.00E+00
6.310E+02 6.452E-07 9.423E-15  0.00E+00
5.957E+02 7.240E-07 1.186E-14  0.00E+00
5.623E+02 8.123E-07 1.493E-14  0.00E+00
5.309E+02 9.114E-07 1.880E-14  0.00E+00
5.012E+02 1.023E-06 2.367E-14  0.00E+00
4.732E+02 1.147E-06 2.980E-14  0.00E+00
4.467E+02 1.287E-06 3.751E-14  0.00E+00
4.217E+02 1.444E-06 4.723E-14  0.00E+00
3.981E+02 1.620E-06 5.945E-14  0.00E+00
3.758E+02 1.818E-06 7.485E-14  0.00E+00
3.548E+02 2.040E-06 9.423E-14  0.00E+00
3.350E+02 2.289E-06 1.186E-13  0.00E+00
3.162E+02 2.568E-06 1.493E-13  0.00E+00
2.985E+02 2.881E-06 1.880E-13  0.00E+00
2.818E+02 3.232E-06 2.367E-13  0.00E+00
2.661E+02 3.625E-06 2.980E-13  0.00E+00
2.512E+02 4.067E-06 3.753E-13  0.00E+00
2.371E+02 4.562E-06 4.724E-13  0.00E+00
2.239E+02 5.118E-06 5.948E-13  0.00E+00
2.113E+02 5.741E-06 7.488E-13  0.00E+00
1.995E+02 6.441E-06 9.426E-13  0.00E+00
1.884E+02 7.226E-06 1.187E-12  0.00E+00
1.778E+02 8.105E-06 1.494E-12  0.00E+00
1.679E+02 9.089E-06 1.881E-12  5.12E-07
1.585E+02 1.019E-05 2.368E-12  5.74E-07
1.496E+02 1.143E-05 2.982E-12  6.45E-07
1.413E+02 1.281E-05 3.755E-12  7.24E-07
1.334E+02 1.437E-05 4.728E-12  8.12E-07
1.259E+02 1.612E-05 5.952E-12  9.11E-07
1.189E+02 1.807E-05 7.494E-12  1.02E-06
1.122E+02 2.026E-05 9.436E-12  1.15E-06
1.059E+02 2.271E-05 1.188E-11  1.29E-06
1.000E+02 2.545E-05 1.496E-11  1.44E-06
9.441E+01 2.852E-05 1.884E-11  1.62E-06
8.913E+01 3.195E-05 2.373E-11  1.82E-06
8.414E+01 3.580E-05 2.988E-11  2.04E-06
7.943E+01 4.010E-05 3.763E-11  2.29E-06
7.499E+01 4.491E-05 4.739E-11  2.58E-06
7.079E+01 5.029E-05 5.969E-11  2.89E-06
6.683E+01 5.629E-05 7.519E-11  3.25E-06
6.310E+01 6.300E-05 9.472E-11  3.64E-06
5.957E+01 7.049E-05 1.193E-10  4.09E-06
5.623E+01 7.884E-05 1.503E-10  4.60E-06
5.309E+01 8.815E-05 1.894E-10  5.16E-06
5.012E+01 9.852E-05 2.387E-10  5.80E-06
4.732E+01 1.101E-04 3.009E-10  6.52E-06
4.467E+01 1.229E-04 3.794E-10  7.33E-06
4.217E+01 1.373E-04 4.783E-10  8.24E-06
3.981E+01 1.532E-04 6.033E-10  9.27E-06
3.758E+01 1.709E-04 7.610E-10  1.04E-05
3.548E+01 1.905E-04 9.604E-10  1.17E-05
3.350E+01 2.123E-04 1.212E-09  1.32E-05
3.162E+01 2.365E-04 1.531E-09  1.49E-05
2.985E+01 2.635E-04 1.935E-09  1.68E-05
2.818E+01 2.935E-04 2.448E-09  1.90E-05
2.661E+01 3.271E-04 3.097E-09  2.14E-05
2.512E+01 3.648E-04 3.924E-09  2.43E-05
2.371E+01 4.072E-04 4.977E-09  2.75E-05
2.239E+01 4.557E-04 6.323E-09  3.13E-05
2.113E+01 5.119E-04 8.049E-09  3.58E-05
1.995E+01 5.782E-04 1.027E-08  4.10E-05
1.884E+01 6.588E-04 1.315E-08  4.72E-05
1.778E+01 7.610E-04 1.691E-08  5.49E-05
1.679E+01 8.951E-04 2.187E-08  6.47E-05
1.585E+01 1.092E-03 2.853E-08  7.77E-05
1.496E+01 1.376E-03 3.763E-08  9.58E-05
1.413E+01 1.863E-03 5.055E-08  1.24E-04
1.334E+01 2.785E-03 6.986E-08  1.60E-04
1.259E+01 4.820E-03 1.014E-07  5.76E-05
1.189E+01 1.041E-02 1.605E-07 -4.12E-05
1.122E+01 3.070E-02 2.867E-07 -7.49E-06
1.059E+01 6.758E-02 2.995E-07  2.30E-05
1.000E+01 3.245E-02 6.812E-08  4.78E-05
9.441E+00 1.518E-02 4.909E-08  6.78E-05
8.913E+00 9.272E-03 7.710E-08  8.67E-05
8.414E+00 6.731E-03 1.181E-07  1.06E-04
7.943E+00 5.409E-03 1.693E-07  1.26E-04
7.499E+00 4.614E-03 2.331E-07  1.47E-04
7.079E+00 4.126E-03 3.123E-07  1.70E-04
6.683E+00 3.797E-03 4.117E-07  1.96E-04
6.310E+00 3.570E-03 5.363E-07  2.24E-04
5.957E+00 3.403E-03 6.928E-07  2.55E-04
5.623E+00 3.267E-03 8.908E-07  2.90E-04
5.309E+00 3.160E-03 1.141E-06  3.28E-04
5.012E+00 3.072E-03 1.456E-06  3.72E-04
4.732E+00 2.995E-03 1.854E-06  4.20E-04
4.467E+00 2.923E-03 2.358E-06  4.74E-04
4.217E+00 2.857E-03 2.993E-06  5.35E-04
3.981E+00 2.793E-03 3.792E-06  6.02E-04
3.758E+00 2.727E-03 4.804E-06  6.79E-04
3.548E+00 2.660E-03 6.082E-06  7.64E-04
3.350E+00 2.593E-03 7.691E-06  8.60E-04
3.162E+00 2.522E-03 9.725E-06  9.68E-04
2.985E+00 2.449E-03 1.229E-05  1.09E-03
2.818E+00 2.370E-03 1.553E-05  1.22E-03
2.661E+00 2.290E-03 1.962E-05  1.38E-03
2.512E+00 2.206E-03 2.477E-05  1.55E-03
2.371E+00 2.123E-03 3.128E-05  1.74E-03
2.239E+00 2.034E-03 3.949E-05  1.95E-03
2.113E+00 1.939E-03 4.985E-05  2.20E-03
1.995E+00 1.844E-03 6.295E-05  2.47E-03
1.884E+00 1.748E-03 7.950E-05  2.77E-03
1.778E+00 1.653E-03 1.004E-04  3.12E-03
1.679E+00 1.558E-03 1.268E-04  3.50E-03
1.585E+00 1.464E-03 1.601E-04  3.94E-03
1.496E+00 1.372E-03 2.022E-04  4.42E-03
1.413E+00 1.280E-03 2.553E-04  4.97E-03
1.334E+00 1.192E-03 3.226E-04  5.58E-03
1.259E+00 1.106E-03 4.076E-04  6.28E-03
1.189E+00 1.023E-03 5.153E-04  7.05E-03
1.122E+00 9.447E-04 6.515E-04  7.93E-03
1.059E+00 8.695E-04 8.242E-04  8.91E-03
1.000E+00 7.988E-04 1.043E-03  1.00E-02
9.441E-01 7.323E-04 1.320E-03  1.13E-02
8.913E-01 6.697E-04 1.672E-03  1.27E-02
8.414E-01 6.116E-04 2.119E-03  1.43E-02
7.943E-01 5.575E-04 2.688E-03  1.60E-02
7.499E-01 5.073E-04 3.413E-03  1.81E-02
7.079E-01 4.613E-04 4.335E-03  2.03E-02
6.683E-01 4.189E-04 5.515E-03  2.29E-02
6.310E-01 3.803E-04 7.024E-03  2.58E-02
5.957E-01 3.452E-04 8.959E-03  2.91E-02
5.623E-01 3.122E-04 1.145E-02  3.29E-02
5.309E-01 2.828E-04 1.464E-02  3.72E-02
5.012E-01 2.563E-04 1.878E-02  4.21E-02
4.732E-01 2.323E-04 2.414E-02  4.77E-02
4.467E-01 2.105E-04 3.114E-02  5.42E-02
4.217E-01 1.886E-04 4.030E-02  6.17E-02
3.981E-01 2.596E-04 5.238E-02  7.05E-02
3.758E-01 7.036E-04 6.834E-02  8.08E-02
3.548E-01 1.630E-03 8.977E-02  9.33E-02
3.350E-01 2.213E-03 1.185E-01  1.08E-01
3.162E-01 4.931E-03 1.580E-01  1.27E-01
2.985E-01 8.638E-03 2.132E-01  1.52E-01
2.818E-01 2.208E-02 2.916E-01  1.85E-01
2.661E-01 6.074E-02 4.056E-01  2.32E-01
2.512E-01 1.597E-01 5.850E-01  3.05E-01
2.371E-01 4.408E-01 9.340E-01  4.17E-01
2.239E-01 1.843E+00 1.966E+00  4.09E-01
2.113E-01 1.751E+00 2.187E+00  1.41E-03
1.995E-01 1.770E+00 1.725E+00  6.00E-03
1.884E-01 1.515E+00 1.575E+00  1.90E-02
1.778E-01 1.355E+00 1.823E+00  3.20E-02
1.679E-01 1.274E+00 2.056E+00  5.43E-02
1.585E-01 1.258E+00 2.204E+00  8.86E-02
1.496E-01 1.346E+00 2.122E+00  1.43E-01
1.413E-01 1.416E+00 1.996E+00  2.02E-01
1.334E-01 1.495E+00 1.926E+00  2.67E-01
1.259E-01 1.575E+00 1.912E+00  3.36E-01
1.189E-01 1.666E+00 1.974E+00  4.05E-01
1.122E-01 1.713E+00 1.985E+00  4.59E-01
1.059E-01 1.675E+00 1.806E+00  4.93E-01
1.000E-01 1.589E+00 1.618E+00  5.17E-01
9.441E-02 1.498E+00 1.499E+00  5.39E-01
8.913E-02 1.404E+00 1.383E+00  5.61E-01
8.414E-02 1.315E+00 1.287E+00  5.83E-01
7.943E-02 1.237E+00 1.208E+00  6.06E-01
7.499E-02 1.169E+00 1.142E+00  6.29E-01
7.079E-02 1.110E+00 1.086E+00  6.52E-01
6.683E-02 1.059E+00 1.038E+00  6.75E-01
6.310E-02 1.014E+00 9.958E-01  6.99E-01
5.957E-02 9.748E-01 9.595E-01  7.22E-01
5.623E-02 9.393E-01 9.276E-01  7.45E-01
5.309E-02 9.071E-01 8.994E-01  7.67E-01
5.012E-02 8.772E-01 8.744E-01  7.88E-01
4.732E-02 8.494E-01 8.517E-01  8.08E-01
4.467E-02 8.229E-01 8.315E-01  8.26E-01
4.217E-02 7.973E-01 8.127E-01  8.43E-01
3.981E-02 7.727E-01 7.949E-01  8.59E-01
3.758E-02 7.486E-01 7.774E-01  8.73E-01
3.548E-02 7.254E-01 7.597E-01  8.87E-01
3.350E-02 7.023E-01 7.418E-01  8.98E-01
3.162E-02 6.790E-01 7.235E-01  9.08E-01
2.985E-02 6.558E-01 7.039E-01  9.18E-01
2.818E-02 6.327E-01 6.832E-01  9.27E-01
2.661E-02 6.095E-01 6.603E-01  9.35E-01
2.512E-02 5.855E-01 6.359E-01  9.41E-01
2.371E-02 5.616E-01 6.091E-01  9.47E-01
2.239E-02 5.372E-01 5.804E-01  9.53E-01
2.113E-02 5.124E-01 5.494E-01  9.58E-01
1.995E-02 4.874E-01 5.168E-01  9.62E-01
1.884E-02 4.618E-01 4.818E-01  9.66E-01
1.778E-02 4.362E-01 4.449E-01  9.69E-01
1.679E-02 4.106E-01 4.065E-01  9.72E-01
1.585E-02 3.852E-01 3.662E-01  9.75E-01
1.496E-02 3.600E-01 3.242E-01  9.78E-01
1.413E-02 3.352E-01 2.803E-01  9.80E-01
1.334E-02 3.110E-01 2.339E-01  9.82E-01
1.259E-02 2.877E-01 1.847E-01  9.84E-01
1.189E-02 2.650E-01 1.319E-01  9.85E-01
1.122E-02 2.442E-01 5.921E-02  9.87E-01
1.059E-02 6.841E-01 2.228E-01  9.87E-01
1.000E-02 6.495E-01 2.218E-01  9.88E-01
9.441E-03 6.231E-01 2.405E-01  9.90E-01
8.913E-03 5.961E-01 2.445E-01  9.91E-01
8.414E-03 5.676E-01 2.404E-01  9.91E-01
7.943E-03 5.376E-01 2.284E-01  9.92E-01
7.499E-03 5.072E-01 1.950E-01  9.93E-01
7.079E-03 5.597E-01 2.393E-01  9.94E-01
6.683E-03 5.264E-01 2.421E-01  9.94E-01
6.310E-03 4.923E-01 2.366E-01  9.95E-01
5.957E-03 4.582E-01 2.271E-01  9.95E-01
5.623E-03 4.234E-01 2.147E-01  9.96E-01
5.309E-03 3.895E-01 1.994E-01  9.96E-01
5.012E-03 3.562E-01 1.814E-01  9.97E-01
4.732E-03 3.245E-01 1.571E-01  9.97E-01
4.467E-03 2.942E-01 1.067E-01  9.97E-01
4.217E-03 3.792E-01 1.540E-01  9.97E-01
3.981E-03 3.457E-01 1.550E-01  9.98E-01
3.758E-03 3.132E-01 1.497E-01  9.98E-01
3.548E-03 2.825E-01 1.414E-01  9.98E-01
3.350E-03 2.536E-01 1.320E-01  9.98E-01
3.162E-03 2.266E-01 1.220E-01  9.99E-01
2.985E-03 2.022E-01 1.124E-01  9.99E-01
2.818E-03 1.787E-01 1.029E-01  9.99E-01
2.661E-03 1.572E-01 9.350E-02  9.99E-01
2.512E-03 1.382E-01 8.453E-02  9.99E-01
2.371E-03 1.212E-01 7.620E-02  9.99E-01
2.239E-03 1.060E-01 6.853E-02  9.99E-01
2.113E-03 9.228E-02 6.145E-02  9.99E-01
1.995E-03 8.030E-02 5.502E-02  9.99E-01
1.884E-03 6.970E-02 4.915E-02  9.99E-01
1.778E-03 6.034E-02 4.380E-02  9.99E-01
1.679E-03 5.216E-02 3.896E-02  1.00E+00
1.585E-03 4.505E-02 3.462E-02  1.00E+00
1.496E-03 3.884E-02 3.075E-02  1.00E+00
1.413E-03 3.343E-02 2.729E-02  1.00E+00
1.334E-03 2.876E-02 2.415E-02  1.00E+00
1.259E-03 2.473E-02 2.138E-02  1.00E+00
1.189E-03 2.129E-02 1.895E-02  1.00E+00
1.122E-03 1.820E-02 1.672E-02  1.00E+00
1.059E-03 1.558E-02 1.472E-02  1.00E+00
