w(micron)  Q_abs     Q_sca     g=<cos>
1.000E+03 7.240E-06 9.423E-10  1.15E-05
9.441E+02 8.124E-06 1.186E-09  1.28E-05
8.913E+02 9.115E-06 1.493E-09  1.44E-05
8.414E+02 1.023E-05 1.880E-09  1.62E-05
7.943E+02 1.148E-05 2.367E-09  1.81E-05
7.499E+02 1.288E-05 2.980E-09  2.04E-05
7.079E+02 1.445E-05 3.751E-09  2.28E-05
6.683E+02 1.621E-05 4.723E-09  2.56E-05
6.310E+02 1.819E-05 5.946E-09  2.88E-05
5.957E+02 2.041E-05 7.485E-09  3.23E-05
5.623E+02 2.290E-05 9.423E-09  3.62E-05
5.309E+02 2.569E-05 1.186E-08  4.06E-05
5.012E+02 2.883E-05 1.494E-08  4.56E-05
4.732E+02 3.235E-05 1.880E-08  5.12E-05
4.467E+02 3.629E-05 2.367E-08  5.74E-05
4.217E+02 4.072E-05 2.980E-08  6.44E-05
3.981E+02 4.569E-05 3.752E-08  7.23E-05
3.758E+02 5.127E-05 4.723E-08  8.11E-05
3.548E+02 5.752E-05 5.946E-08  9.10E-05
3.350E+02 6.454E-05 7.486E-08  1.02E-04
3.162E+02 7.242E-05 9.425E-08  1.15E-04
2.985E+02 8.125E-05 1.187E-07  1.28E-04
2.818E+02 9.116E-05 1.494E-07  1.44E-04
2.661E+02 1.023E-04 1.881E-07  1.62E-04
2.512E+02 1.147E-04 2.368E-07  1.82E-04
2.371E+02 1.287E-04 2.982E-07  2.04E-04
2.239E+02 1.444E-04 3.754E-07  2.29E-04
2.113E+02 1.620E-04 4.726E-07  2.57E-04
1.995E+02 1.818E-04 5.950E-07  2.88E-04
1.884E+02 2.040E-04 7.492E-07  3.23E-04
1.778E+02 2.289E-04 9.432E-07  3.62E-04
1.679E+02 2.568E-04 1.188E-06  4.07E-04
1.585E+02 2.880E-04 1.496E-06  4.56E-04
1.496E+02 3.230E-04 1.883E-06  5.12E-04
1.413E+02 3.623E-04 2.372E-06  5.75E-04
1.334E+02 4.065E-04 2.986E-06  6.45E-04
1.259E+02 4.562E-04 3.760E-06  7.24E-04
1.189E+02 5.118E-04 4.735E-06  8.12E-04
1.122E+02 5.740E-04 5.963E-06  9.12E-04
1.059E+02 6.439E-04 7.510E-06  1.02E-03
1.000E+02 7.221E-04 9.459E-06  1.15E-03
9.441E+01 8.099E-04 1.191E-05  1.29E-03
8.913E+01 9.084E-04 1.501E-05  1.45E-03
8.414E+01 1.019E-03 1.891E-05  1.62E-03
7.943E+01 1.142E-03 2.382E-05  1.82E-03
7.499E+01 1.281E-03 3.001E-05  2.05E-03
7.079E+01 1.437E-03 3.782E-05  2.30E-03
6.683E+01 1.611E-03 4.766E-05  2.58E-03
6.310E+01 1.807E-03 6.007E-05  2.90E-03
5.957E+01 2.026E-03 7.572E-05  3.26E-03
5.623E+01 2.271E-03 9.547E-05  3.66E-03
5.309E+01 2.546E-03 1.204E-04  4.11E-03
5.012E+01 2.855E-03 1.519E-04  4.62E-03
4.732E+01 3.200E-03 1.916E-04  5.19E-03
4.467E+01 3.588E-03 2.418E-04  5.84E-03
4.217E+01 4.024E-03 3.053E-04  6.57E-03
3.981E+01 4.512E-03 3.855E-04  7.39E-03
3.758E+01 5.062E-03 4.872E-04  8.32E-03
3.548E+01 5.680E-03 6.159E-04  9.38E-03
3.350E+01 6.375E-03 7.791E-04  1.06E-02
3.162E+01 7.162E-03 9.863E-04  1.19E-02
2.985E+01 8.053E-03 1.250E-03  1.35E-02
2.818E+01 9.071E-03 1.585E-03  1.52E-02
2.661E+01 1.023E-02 2.012E-03  1.72E-02
2.512E+01 1.158E-02 2.559E-03  1.95E-02
2.371E+01 1.315E-02 3.260E-03  2.22E-02
2.239E+01 1.501E-02 4.162E-03  2.54E-02
2.113E+01 1.726E-02 5.328E-03  2.90E-02
1.995E+01 2.008E-02 6.843E-03  3.34E-02
1.884E+01 2.372E-02 8.827E-03  3.88E-02
1.778E+01 2.873E-02 1.145E-02  4.55E-02
1.679E+01 3.604E-02 1.498E-02  5.43E-02
1.585E+01 4.833E-02 1.980E-02  6.64E-02
1.496E+01 7.097E-02 2.658E-02  8.42E-02
1.413E+01 1.278E-01 3.663E-02  1.12E-01
1.334E+01 3.143E-01 5.283E-02  1.21E-01
1.259E+01 4.147E-01 7.730E-02 -2.61E-02
1.189E+01 4.744E-01 1.245E-01 -2.82E-02
1.122E+01 1.180E+00 2.242E-01 -1.71E-03
1.059E+01 1.941E+00 1.778E-01  2.05E-02
1.000E+01 9.157E-01 3.884E-02  3.92E-02
9.441E+00 4.784E-01 3.036E-02  5.40E-02
8.913E+00 3.203E-01 5.044E-02  6.85E-02
8.414E+00 2.520E-01 8.048E-02  8.36E-02
7.943E+00 2.188E-01 1.193E-01  9.98E-02
7.499E+00 2.021E-01 1.692E-01  1.18E-01
7.079E+00 1.965E-01 2.330E-01  1.38E-01
6.683E+00 1.980E-01 3.151E-01  1.62E-01
6.310E+00 2.057E-01 4.204E-01  1.89E-01
5.957E+00 2.196E-01 5.551E-01  2.22E-01
5.623E+00 2.408E-01 7.284E-01  2.61E-01
5.309E+00 2.735E-01 9.520E-01  3.10E-01
5.012E+00 3.248E-01 1.246E+00  3.71E-01
4.732E+00 4.084E-01 1.657E+00  4.41E-01
4.467E+00 5.450E-01 2.295E+00  5.06E-01
4.217E+00 7.190E-01 3.280E+00  5.26E-01
3.981E+00 7.706E-01 4.255E+00  4.69E-01
3.758E+00 6.080E-01 4.432E+00  3.85E-01
3.548E+00 4.422E-01 4.121E+00  3.33E-01
3.350E+00 3.682E-01 3.816E+00  3.23E-01
3.162E+00 3.903E-01 3.641E+00  3.39E-01
2.985E+00 5.814E-01 3.792E+00  3.73E-01
2.818E+00 9.169E-01 4.628E+00  4.46E-01
2.661E+00 5.919E-01 3.834E+00  4.37E-01
2.512E+00 4.308E-01 3.356E+00  3.30E-01
2.371E+00 4.065E-01 3.092E+00  2.49E-01
2.239E+00 6.121E-01 2.599E+00  1.58E-01
2.113E+00 5.244E-01 1.847E+00  2.89E-01
1.995E+00 3.840E-01 1.300E+00  1.50E-01
1.884E+00 4.721E-01 2.145E+00  1.06E-01
1.778E+00 7.535E-01 1.819E+00  1.57E-01
1.679E+00 2.544E-01 1.146E+00  3.39E-01
1.585E+00 5.848E-01 2.867E+00  4.49E-01
1.496E+00 2.851E-01 2.433E+00  5.60E-01
1.413E+00 2.086E-01 2.516E+00  5.81E-01
1.334E+00 3.198E-01 3.440E+00  6.91E-01
1.259E+00 1.483E-01 2.701E+00  5.42E-01
1.189E+00 2.535E-01 3.236E+00  5.53E-01
1.122E+00 1.470E-01 1.974E+00  4.06E-01
1.059E+00 2.271E-01 2.316E+00  3.31E-01
1.000E+00 1.444E-01 1.817E+00  3.24E-01
9.441E-01 1.060E-01 2.033E+00  4.32E-01
8.913E-01 1.452E-01 2.849E+00  6.32E-01
8.414E-01 1.215E-01 2.698E+00  5.08E-01
7.943E-01 7.847E-02 2.187E+00  6.20E-01
7.499E-01 1.053E-01 2.179E+00  5.23E-01
7.079E-01 8.280E-02 2.366E+00  4.69E-01
6.683E-01 1.808E-01 2.939E+00  5.23E-01
6.310E-01 1.236E-01 2.868E+00  6.08E-01
5.957E-01 6.503E-02 2.497E+00  5.68E-01
5.623E-01 8.700E-02 2.278E+00  4.94E-01
5.309E-01 3.648E-02 2.321E+00  5.43E-01
5.012E-01 3.543E-02 2.300E+00  4.91E-01
4.732E-01 6.207E-02 2.301E+00  5.08E-01
4.467E-01 2.439E-02 2.117E+00  5.33E-01
4.217E-01 2.638E-02 2.232E+00  5.70E-01
3.981E-01 4.135E-02 2.482E+00  5.94E-01
3.758E-01 8.837E-02 2.455E+00  6.03E-01
3.548E-01 1.640E-01 2.054E+00  5.71E-01
3.350E-01 2.013E-01 1.934E+00  5.71E-01
3.162E-01 3.697E-01 1.762E+00  5.90E-01
2.985E-01 5.076E-01 1.895E+00  6.89E-01
2.818E-01 7.414E-01 1.513E+00  7.32E-01
2.661E-01 8.580E-01 1.366E+00  7.83E-01
2.512E-01 8.564E-01 1.380E+00  7.86E-01
2.371E-01 8.317E-01 1.392E+00  7.75E-01
2.239E-01 8.007E-01 1.413E+00  7.61E-01
2.113E-01 7.615E-01 1.444E+00  7.42E-01
1.995E-01 7.087E-01 1.491E+00  7.16E-01
1.884E-01 6.566E-01 1.551E+00  6.92E-01
1.778E-01 6.143E-01 1.614E+00  6.74E-01
1.679E-01 5.872E-01 1.673E+00  6.65E-01
1.585E-01 5.769E-01 1.717E+00  6.65E-01
1.496E-01 6.001E-01 1.695E+00  6.79E-01
1.413E-01 6.172E-01 1.662E+00  6.91E-01
1.334E-01 6.170E-01 1.647E+00  6.97E-01
1.259E-01 6.075E-01 1.642E+00  6.99E-01
1.189E-01 5.792E-01 1.654E+00  6.95E-01
1.122E-01 5.588E-01 1.653E+00  6.95E-01
1.059E-01 5.731E-01 1.614E+00  7.10E-01
1.000E-01 5.949E-01 1.572E+00  7.28E-01
9.441E-02 6.099E-01 1.542E+00  7.41E-01
8.913E-02 6.289E-01 1.510E+00  7.56E-01
8.414E-02 6.474E-01 1.481E+00  7.71E-01
7.943E-02 6.651E-01 1.453E+00  7.86E-01
7.499E-02 6.823E-01 1.427E+00  8.01E-01
7.079E-02 6.988E-01 1.402E+00  8.15E-01
6.683E-02 7.145E-01 1.379E+00  8.30E-01
6.310E-02 7.298E-01 1.357E+00  8.43E-01
5.957E-02 7.443E-01 1.336E+00  8.57E-01
5.623E-02 7.581E-01 1.317E+00  8.70E-01
5.309E-02 7.712E-01 1.298E+00  8.82E-01
5.012E-02 7.835E-01 1.281E+00  8.94E-01
4.732E-02 7.952E-01 1.264E+00  9.05E-01
4.467E-02 8.060E-01 1.249E+00  9.15E-01
4.217E-02 8.163E-01 1.235E+00  9.24E-01
3.981E-02 8.259E-01 1.221E+00  9.32E-01
3.758E-02 8.350E-01 1.208E+00  9.40E-01
3.548E-02 8.437E-01 1.196E+00  9.47E-01
3.350E-02 8.521E-01 1.184E+00  9.53E-01
3.162E-02 8.601E-01 1.173E+00  9.58E-01
2.985E-02 8.678E-01 1.163E+00  9.64E-01
2.818E-02 8.751E-01 1.152E+00  9.68E-01
2.661E-02 8.824E-01 1.142E+00  9.72E-01
2.512E-02 8.893E-01 1.133E+00  9.76E-01
2.371E-02 8.961E-01 1.123E+00  9.79E-01
2.239E-02 9.026E-01 1.115E+00  9.82E-01
2.113E-02 9.090E-01 1.106E+00  9.85E-01
1.995E-02 9.150E-01 1.098E+00  9.87E-01
1.884E-02 9.209E-01 1.089E+00  9.89E-01
1.778E-02 9.265E-01 1.082E+00  9.91E-01
1.679E-02 9.319E-01 1.074E+00  9.93E-01
1.585E-02 9.372E-01 1.067E+00  9.94E-01
1.496E-02 9.422E-01 1.060E+00  9.95E-01
1.413E-02 9.472E-01 1.052E+00  9.96E-01
1.334E-02 9.521E-01 1.043E+00  9.97E-01
1.259E-02 9.572E-01 1.034E+00  9.98E-01
1.189E-02 9.625E-01 1.026E+00  9.99E-01
1.122E-02 9.721E-01 1.024E+00  9.99E-01
1.059E-02 1.002E+00 1.006E+00  9.99E-01
1.000E-02 9.899E-01 1.010E+00  9.99E-01
9.441E-03 9.860E-01 1.013E+00  9.99E-01
8.913E-03 9.844E-01 1.014E+00  9.99E-01
8.414E-03 9.836E-01 1.014E+00  9.99E-01
7.943E-03 9.835E-01 1.013E+00  9.99E-01
7.499E-03 9.852E-01 1.010E+00  9.99E-01
7.079E-03 9.854E-01 1.011E+00  9.99E-01
6.683E-03 9.841E-01 1.012E+00  9.99E-01
6.310E-03 9.834E-01 1.012E+00  9.99E-01
5.957E-03 9.829E-01 1.012E+00  9.99E-01
5.623E-03 9.825E-01 1.012E+00  9.99E-01
5.309E-03 9.822E-01 1.012E+00  1.00E+00
5.012E-03 9.819E-01 1.013E+00  1.00E+00
4.732E-03 9.838E-01 1.016E+00  1.00E+00
4.467E-03 9.840E-01 1.016E+00  1.00E+00
4.217E-03 9.882E-01 1.012E+00  1.00E+00
3.981E-03 9.865E-01 1.013E+00  1.00E+00
3.758E-03 9.847E-01 1.015E+00  1.00E+00
3.548E-03 9.826E-01 1.017E+00  1.00E+00
3.350E-03 9.798E-01 1.020E+00  1.00E+00
3.162E-03 9.763E-01 1.023E+00  1.00E+00
2.985E-03 9.718E-01 1.028E+00  9.99E-01
2.818E-03 9.654E-01 1.034E+00  9.99E-01
2.661E-03 9.568E-01 1.043E+00  9.99E-01
2.512E-03 9.456E-01 1.054E+00  9.99E-01
2.371E-03 9.311E-01 1.068E+00  1.00E+00
2.239E-03 9.126E-01 1.086E+00  1.00E+00
2.113E-03 8.888E-01 1.110E+00  1.00E+00
1.995E-03 8.601E-01 1.138E+00  1.00E+00
1.884E-03 8.259E-01 1.172E+00  1.00E+00
1.778E-03 7.863E-01 1.211E+00  1.00E+00
1.679E-03 7.423E-01 1.254E+00  1.00E+00
1.585E-03 6.947E-01 1.301E+00  1.00E+00
1.496E-03 6.445E-01 1.350E+00  1.00E+00
1.413E-03 5.928E-01 1.400E+00  1.00E+00
1.334E-03 5.410E-01 1.449E+00  1.00E+00
1.259E-03 4.903E-01 1.497E+00  1.00E+00
1.189E-03 4.418E-01 1.543E+00  1.00E+00
1.122E-03 3.940E-01 1.586E+00  1.00E+00
1.059E-03 3.498E-01 1.624E+00  1.00E+00
