w(micron)  Q_abs     Q_sca     g=<cos>
1.000E+03 5.751E-07 3.751E-14  0.00E+00
9.441E+02 6.453E-07 4.723E-14  0.00E+00
8.913E+02 7.240E-07 5.945E-14  0.00E+00
8.414E+02 8.123E-07 7.485E-14  0.00E+00
7.943E+02 9.115E-07 9.423E-14  0.00E+00
7.499E+02 1.023E-06 1.186E-13  0.00E+00
7.079E+02 1.147E-06 1.493E-13  0.00E+00
6.683E+02 1.287E-06 1.880E-13  0.00E+00
6.310E+02 1.445E-06 2.367E-13  0.00E+00
5.957E+02 1.621E-06 2.980E-13  0.00E+00
5.623E+02 1.819E-06 3.751E-13  0.00E+00
5.309E+02 2.040E-06 4.723E-13  0.00E+00
5.012E+02 2.289E-06 5.945E-13  0.00E+00
4.732E+02 2.569E-06 7.485E-13  0.00E+00
4.467E+02 2.882E-06 9.423E-13  0.00E+00
4.217E+02 3.233E-06 1.186E-12  0.00E+00
3.981E+02 3.628E-06 1.493E-12  0.00E+00
3.758E+02 4.070E-06 1.880E-12  5.12E-07
3.548E+02 4.567E-06 2.367E-12  5.74E-07
3.350E+02 5.124E-06 2.980E-12  6.44E-07
3.162E+02 5.748E-06 3.751E-12  7.23E-07
2.985E+02 6.449E-06 4.723E-12  8.11E-07
2.818E+02 7.235E-06 5.946E-12  9.10E-07
2.661E+02 8.116E-06 7.487E-12  1.02E-06
2.512E+02 9.104E-06 9.426E-12  1.15E-06
2.371E+02 1.021E-05 1.187E-11  1.29E-06
2.239E+02 1.146E-05 1.494E-11  1.44E-06
2.113E+02 1.285E-05 1.881E-11  1.62E-06
1.995E+02 1.442E-05 2.368E-11  1.82E-06
1.884E+02 1.618E-05 2.981E-11  2.04E-06
1.778E+02 1.815E-05 3.753E-11  2.29E-06
1.679E+02 2.035E-05 4.725E-11  2.57E-06
1.585E+02 2.281E-05 5.949E-11  2.88E-06
1.496E+02 2.558E-05 7.491E-11  3.23E-06
1.413E+02 2.868E-05 9.432E-11  3.63E-06
1.334E+02 3.217E-05 1.188E-10  4.07E-06
1.259E+02 3.608E-05 1.495E-10  4.56E-06
1.189E+02 4.046E-05 1.882E-10  5.12E-06
1.122E+02 4.535E-05 2.370E-10  5.75E-06
1.059E+02 5.083E-05 2.985E-10  6.45E-06
1.000E+02 5.697E-05 3.758E-10  7.24E-06
9.441E+01 6.384E-05 4.733E-10  8.13E-06
8.913E+01 7.154E-05 5.960E-10  9.12E-06
8.414E+01 8.014E-05 7.506E-10  1.02E-05
7.943E+01 8.977E-05 9.453E-10  1.15E-05
7.499E+01 1.005E-04 1.191E-09  1.29E-05
7.079E+01 1.126E-04 1.499E-09  1.45E-05
6.683E+01 1.260E-04 1.889E-09  1.63E-05
6.310E+01 1.411E-04 2.379E-09  1.83E-05
5.957E+01 1.578E-04 2.997E-09  2.05E-05
5.623E+01 1.765E-04 3.777E-09  2.30E-05
5.309E+01 1.974E-04 4.759E-09  2.59E-05
5.012E+01 2.206E-04 5.997E-09  2.91E-05
4.732E+01 2.465E-04 7.559E-09  3.27E-05
4.467E+01 2.753E-04 9.529E-09  3.67E-05
4.217E+01 3.073E-04 1.202E-08  4.13E-05
3.981E+01 3.430E-04 1.515E-08  4.65E-05
3.758E+01 3.826E-04 1.912E-08  5.23E-05
3.548E+01 4.266E-04 2.413E-08  5.88E-05
3.350E+01 4.754E-04 3.046E-08  6.63E-05
3.162E+01 5.297E-04 3.847E-08  7.47E-05
2.985E+01 5.901E-04 4.862E-08  8.42E-05
2.818E+01 6.575E-04 6.149E-08  9.51E-05
2.661E+01 7.327E-04 7.781E-08  1.08E-04
2.512E+01 8.171E-04 9.857E-08  1.22E-04
2.371E+01 9.123E-04 1.250E-07  1.38E-04
2.239E+01 1.021E-03 1.589E-07  1.57E-04
2.113E+01 1.147E-03 2.022E-07  1.79E-04
1.995E+01 1.296E-03 2.581E-07  2.05E-04
1.884E+01 1.477E-03 3.304E-07  2.37E-04
1.778E+01 1.706E-03 4.249E-07  2.75E-04
1.679E+01 2.007E-03 5.496E-07  3.24E-04
1.585E+01 2.449E-03 7.171E-07  3.89E-04
1.496E+01 3.090E-03 9.458E-07  4.81E-04
1.413E+01 4.190E-03 1.270E-06  6.20E-04
1.334E+01 6.286E-03 1.756E-06  8.04E-04
1.259E+01 1.092E-02 2.549E-06  2.86E-04
1.189E+01 2.339E-02 4.035E-06 -2.07E-04
1.122E+01 6.889E-02 7.213E-06 -3.74E-05
1.059E+01 1.515E-01 7.527E-06  1.15E-04
1.000E+01 7.268E-02 1.711E-06  2.40E-04
9.441E+00 3.401E-02 1.233E-06  3.40E-04
8.913E+00 2.078E-02 1.937E-06  4.35E-04
8.414E+00 1.510E-02 2.968E-06  5.30E-04
7.943E+00 1.213E-02 4.257E-06  6.30E-04
7.499E+00 1.036E-02 5.861E-06  7.37E-04
7.079E+00 9.265E-03 7.855E-06  8.54E-04
6.683E+00 8.532E-03 1.035E-05  9.81E-04
6.310E+00 8.025E-03 1.349E-05  1.12E-03
5.957E+00 7.654E-03 1.744E-05  1.28E-03
5.623E+00 7.354E-03 2.242E-05  1.45E-03
5.309E+00 7.118E-03 2.873E-05  1.65E-03
5.012E+00 6.927E-03 3.668E-05  1.86E-03
4.732E+00 6.760E-03 4.672E-05  2.10E-03
4.467E+00 6.603E-03 5.945E-05  2.38E-03
4.217E+00 6.462E-03 7.547E-05  2.68E-03
3.981E+00 6.326E-03 9.569E-05  3.02E-03
3.758E+00 6.186E-03 1.213E-04  3.40E-03
3.548E+00 6.045E-03 1.536E-04  3.83E-03
3.350E+00 5.903E-03 1.944E-04  4.31E-03
3.162E+00 5.753E-03 2.460E-04  4.85E-03
2.985E+00 5.599E-03 3.113E-04  5.45E-03
2.818E+00 5.434E-03 3.937E-04  6.13E-03
2.661E+00 5.267E-03 4.978E-04  6.89E-03
2.512E+00 5.089E-03 6.295E-04  7.75E-03
2.371E+00 4.916E-03 7.959E-04  8.71E-03
2.239E+00 4.730E-03 1.006E-03  9.78E-03
2.113E+00 4.531E-03 1.273E-03  1.10E-02
1.995E+00 4.332E-03 1.610E-03  1.24E-02
1.884E+00 4.130E-03 2.038E-03  1.39E-02
1.778E+00 3.933E-03 2.581E-03  1.56E-02
1.679E+00 3.735E-03 3.269E-03  1.75E-02
1.585E+00 3.538E-03 4.141E-03  1.97E-02
1.496E+00 3.346E-03 5.248E-03  2.21E-02
1.413E+00 3.156E-03 6.655E-03  2.49E-02
1.334E+00 2.973E-03 8.446E-03  2.80E-02
1.259E+00 2.795E-03 1.073E-02  3.14E-02
1.189E+00 2.626E-03 1.364E-02  3.54E-02
1.122E+00 2.465E-03 1.736E-02  3.98E-02
1.059E+00 2.311E-03 2.211E-02  4.47E-02
1.000E+00 2.169E-03 2.820E-02  5.03E-02
9.441E-01 2.036E-03 3.603E-02  5.67E-02
8.913E-01 1.912E-03 4.609E-02  6.39E-02
8.414E-01 1.799E-03 5.905E-02  7.20E-02
7.943E-01 1.696E-03 7.584E-02  8.13E-02
7.499E-01 1.604E-03 9.762E-02  9.19E-02
7.079E-01 1.524E-03 1.259E-01  1.04E-01
6.683E-01 1.455E-03 1.628E-01  1.18E-01
6.310E-01 1.399E-03 2.112E-01  1.35E-01
5.957E-01 1.359E-03 2.748E-01  1.54E-01
5.623E-01 1.331E-03 3.586E-01  1.77E-01
5.309E-01 1.328E-03 4.697E-01  2.05E-01
5.012E-01 1.358E-03 6.182E-01  2.40E-01
4.732E-01 1.440E-03 8.204E-01  2.84E-01
4.467E-01 1.618E-03 1.106E+00  3.42E-01
4.217E-01 1.981E-03 1.549E+00  4.17E-01
3.981E-01 4.398E-03 2.404E+00  4.99E-01
3.758E-01 2.297E-02 4.583E+00  5.11E-01
3.548E-01 6.292E-02 7.036E+00  3.36E-01
3.350E-01 4.032E-02 5.551E+00  1.69E-01
3.162E-01 5.189E-02 4.704E+00  1.39E-01
2.985E-01 8.890E-02 4.411E+00  1.79E-01
2.818E-01 5.243E-01 4.029E+00  2.09E-01
2.661E-01 7.341E-01 1.816E+00  3.77E-01
2.512E-01 8.082E-01 1.534E+00  2.12E-01
2.371E-01 1.512E+00 1.063E+00  1.83E-01
2.239E-01 1.144E+00 1.547E+00  4.72E-01
2.113E-01 1.306E+00 1.762E+00  5.22E-01
1.995E-01 1.236E+00 1.601E+00  4.90E-01
1.884E-01 1.097E+00 1.720E+00  4.85E-01
1.778E-01 9.977E-01 1.832E+00  4.84E-01
1.679E-01 9.535E-01 1.937E+00  4.97E-01
1.585E-01 9.837E-01 2.051E+00  5.28E-01
1.496E-01 1.091E+00 2.073E+00  5.69E-01
1.413E-01 1.141E+00 2.030E+00  5.92E-01
1.334E-01 1.166E+00 2.002E+00  6.08E-01
1.259E-01 1.186E+00 1.993E+00  6.25E-01
1.189E-01 1.188E+00 2.032E+00  6.40E-01
1.122E-01 1.171E+00 2.020E+00  6.51E-01
1.059E-01 1.162E+00 1.898E+00  6.68E-01
1.000E-01 1.127E+00 1.778E+00  6.84E-01
9.441E-02 1.084E+00 1.697E+00  6.97E-01
8.913E-02 1.044E+00 1.616E+00  7.12E-01
8.414E-02 1.010E+00 1.548E+00  7.28E-01
7.943E-02 9.816E-01 1.489E+00  7.43E-01
7.499E-02 9.581E-01 1.437E+00  7.59E-01
7.079E-02 9.385E-01 1.392E+00  7.75E-01
6.683E-02 9.219E-01 1.352E+00  7.91E-01
6.310E-02 9.079E-01 1.317E+00  8.07E-01
5.957E-02 8.958E-01 1.285E+00  8.23E-01
5.623E-02 8.851E-01 1.257E+00  8.38E-01
5.309E-02 8.756E-01 1.232E+00  8.53E-01
5.012E-02 8.667E-01 1.210E+00  8.66E-01
4.732E-02 8.587E-01 1.191E+00  8.80E-01
4.467E-02 8.510E-01 1.176E+00  8.92E-01
4.217E-02 8.436E-01 1.163E+00  9.03E-01
3.981E-02 8.365E-01 1.153E+00  9.14E-01
3.758E-02 8.293E-01 1.146E+00  9.23E-01
3.548E-02 8.225E-01 1.143E+00  9.32E-01
3.350E-02 8.155E-01 1.143E+00  9.40E-01
3.162E-02 8.083E-01 1.146E+00  9.47E-01
2.985E-02 8.006E-01 1.153E+00  9.54E-01
2.818E-02 7.923E-01 1.162E+00  9.60E-01
2.661E-02 7.833E-01 1.173E+00  9.66E-01
2.512E-02 7.731E-01 1.185E+00  9.70E-01
2.371E-02 7.618E-01 1.195E+00  9.75E-01
2.239E-02 7.488E-01 1.202E+00  9.78E-01
2.113E-02 7.340E-01 1.205E+00  9.82E-01
1.995E-02 7.174E-01 1.200E+00  9.84E-01
1.884E-02 6.985E-01 1.187E+00  9.87E-01
1.778E-02 6.776E-01 1.163E+00  9.88E-01
1.679E-02 6.546E-01 1.125E+00  9.90E-01
1.585E-02 6.298E-01 1.073E+00  9.92E-01
1.496E-02 6.033E-01 1.004E+00  9.93E-01
1.413E-02 5.751E-01 9.165E-01  9.94E-01
1.334E-02 5.457E-01 8.065E-01  9.95E-01
1.259E-02 5.158E-01 6.705E-01  9.95E-01
1.189E-02 4.850E-01 5.041E-01  9.96E-01
1.122E-02 4.557E-01 2.400E-01  9.97E-01
1.059E-02 9.065E-01 5.586E-01  9.96E-01
1.000E-02 8.722E-01 5.648E-01  9.96E-01
9.441E-03 8.525E-01 6.170E-01  9.96E-01
8.913E-03 8.335E-01 6.405E-01  9.97E-01
8.414E-03 8.129E-01 6.485E-01  9.97E-01
7.943E-03 7.899E-01 6.390E-01  9.97E-01
7.499E-03 7.656E-01 5.745E-01  9.98E-01
7.079E-03 8.080E-01 6.506E-01  9.98E-01
6.683E-03 7.812E-01 6.779E-01  9.98E-01
6.310E-03 7.519E-01 6.870E-01  9.98E-01
5.957E-03 7.202E-01 6.851E-01  9.99E-01
5.623E-03 6.852E-01 6.746E-01  9.99E-01
5.309E-03 6.483E-01 6.528E-01  9.99E-01
5.012E-03 6.093E-01 6.188E-01  9.99E-01
4.732E-03 5.696E-01 5.591E-01  9.99E-01
4.467E-03 5.293E-01 4.012E-01  9.99E-01
4.217E-03 6.376E-01 5.230E-01  9.99E-01
3.981E-03 5.971E-01 5.422E-01  9.99E-01
3.758E-03 5.552E-01 5.405E-01  9.99E-01
3.548E-03 5.130E-01 5.267E-01  1.00E+00
3.350E-03 4.709E-01 5.067E-01  1.00E+00
3.162E-03 4.297E-01 4.820E-01  1.00E+00
2.985E-03 3.906E-01 4.556E-01  1.00E+00
2.818E-03 3.515E-01 4.271E-01  1.00E+00
2.661E-03 3.142E-01 3.969E-01  1.00E+00
2.512E-03 2.800E-01 3.661E-01  1.00E+00
2.371E-03 2.487E-01 3.359E-01  1.00E+00
2.239E-03 2.200E-01 3.069E-01  1.00E+00
2.113E-03 1.935E-01 2.791E-01  1.00E+00
1.995E-03 1.698E-01 2.530E-01  1.00E+00
1.884E-03 1.485E-01 2.285E-01  1.00E+00
1.778E-03 1.294E-01 2.056E-01  1.00E+00
1.679E-03 1.126E-01 1.845E-01  1.00E+00
1.585E-03 9.770E-02 1.651E-01  1.00E+00
1.496E-03 8.460E-02 1.477E-01  1.00E+00
1.413E-03 7.311E-02 1.318E-01  1.00E+00
1.334E-03 6.309E-02 1.172E-01  1.00E+00
1.259E-03 5.441E-02 1.042E-01  1.00E+00
1.189E-03 4.695E-02 9.272E-02  1.00E+00
1.122E-03 4.024E-02 8.205E-02  1.00E+00
1.059E-03 3.451E-02 7.245E-02  1.00E+00
