w(micron)  Q_abs     Q_sca     g=<cos>
1.000E+03 5.776E-05 3.756E-06  7.23E-04
9.441E+02 6.484E-05 4.729E-06  8.11E-04
8.913E+02 7.279E-05 5.955E-06  9.10E-04
8.414E+02 8.173E-05 7.498E-06  1.02E-03
7.943E+02 9.177E-05 9.442E-06  1.15E-03
7.499E+02 1.031E-04 1.189E-05  1.29E-03
7.079E+02 1.157E-04 1.497E-05  1.44E-03
6.683E+02 1.300E-04 1.885E-05  1.62E-03
6.310E+02 1.460E-04 2.374E-05  1.82E-03
5.957E+02 1.641E-04 2.990E-05  2.04E-03
5.623E+02 1.843E-04 3.766E-05  2.29E-03
5.309E+02 2.072E-04 4.744E-05  2.57E-03
5.012E+02 2.329E-04 5.975E-05  2.88E-03
4.732E+02 2.618E-04 7.527E-05  3.23E-03
4.467E+02 2.945E-04 9.483E-05  3.63E-03
4.217E+02 3.313E-04 1.195E-04  4.07E-03
3.981E+02 3.728E-04 1.505E-04  4.57E-03
3.758E+02 4.196E-04 1.897E-04  5.13E-03
3.548E+02 4.726E-04 2.391E-04  5.76E-03
3.350E+02 5.324E-04 3.014E-04  6.46E-03
3.162E+02 6.001E-04 3.799E-04  7.25E-03
2.985E+02 6.768E-04 4.791E-04  8.14E-03
2.818E+02 7.638E-04 6.042E-04  9.14E-03
2.661E+02 8.625E-04 7.622E-04  1.03E-02
2.512E+02 9.747E-04 9.618E-04  1.15E-02
2.371E+02 1.103E-03 1.214E-03  1.29E-02
2.239E+02 1.248E-03 1.533E-03  1.45E-02
2.113E+02 1.415E-03 1.935E-03  1.63E-02
1.995E+02 1.607E-03 2.445E-03  1.83E-02
1.884E+02 1.826E-03 3.090E-03  2.06E-02
1.778E+02 2.079E-03 3.908E-03  2.32E-02
1.679E+02 2.371E-03 4.945E-03  2.61E-02
1.585E+02 2.708E-03 6.261E-03  2.93E-02
1.496E+02 3.101E-03 7.934E-03  3.30E-02
1.413E+02 3.560E-03 1.006E-02  3.71E-02
1.334E+02 4.100E-03 1.277E-02  4.18E-02
1.259E+02 4.738E-03 1.622E-02  4.70E-02
1.189E+02 5.494E-03 2.063E-02  5.30E-02
1.122E+02 6.397E-03 2.628E-02  5.98E-02
1.059E+02 7.484E-03 3.351E-02  6.76E-02
1.000E+02 8.805E-03 4.282E-02  7.64E-02
9.441E+01 1.043E-02 5.481E-02  8.66E-02
8.913E+01 1.244E-02 7.032E-02  9.82E-02
8.414E+01 1.498E-02 9.044E-02  1.12E-01
7.943E+01 1.822E-02 1.167E-01  1.27E-01
7.499E+01 2.246E-02 1.510E-01  1.46E-01
7.079E+01 2.814E-02 1.962E-01  1.67E-01
6.683E+01 3.598E-02 2.562E-01  1.94E-01
6.310E+01 4.724E-02 3.369E-01  2.25E-01
5.957E+01 6.430E-02 4.471E-01  2.65E-01
5.623E+01 9.205E-02 6.022E-01  3.14E-01
5.309E+01 1.419E-01 8.332E-01  3.77E-01
5.012E+01 2.445E-01 1.219E+00  4.50E-01
4.732E+01 4.965E-01 2.016E+00  5.08E-01
4.467E+01 1.126E+00 3.984E+00  4.51E-01
4.217E+01 1.377E+00 5.613E+00  2.18E-01
3.981E+01 7.839E-01 4.680E+00  4.22E-02
3.758E+01 5.311E-01 4.298E+00  1.45E-02
3.548E+01 5.111E-01 4.290E+00  5.77E-02
3.350E+01 6.538E-01 4.105E+00  1.28E-01
3.162E+01 1.089E+00 3.287E+00  2.06E-01
2.985E+01 1.971E+00 2.300E+00  3.60E-01
2.818E+01 9.895E-01 1.107E+00  3.82E-01
2.661E+01 7.752E-01 1.135E+00  2.29E-01
2.512E+01 1.279E+00 1.713E+00  2.26E-01
2.371E+01 1.479E+00 1.058E+00  1.45E-01
2.239E+01 1.083E+00 9.438E-01  4.30E-01
2.113E+01 9.564E-01 1.675E+00  4.78E-01
1.995E+01 1.037E+00 1.966E+00  4.86E-01
1.884E+01 1.218E+00 2.127E+00  6.00E-01
1.778E+01 1.113E+00 2.033E+00  5.10E-01
1.679E+01 1.249E+00 1.469E+00  4.88E-01
1.585E+01 1.221E+00 1.401E+00  5.68E-01
1.496E+01 1.147E+00 1.606E+00  6.03E-01
1.413E+01 1.079E+00 1.594E+00  5.84E-01
1.334E+01 9.429E-01 1.696E+00  5.67E-01
1.259E+01 7.638E-01 1.897E+00  5.40E-01
1.189E+01 7.556E-01 2.135E+00  5.56E-01
1.122E+01 1.010E+00 2.175E+00  6.17E-01
1.059E+01 1.236E+00 1.677E+00  6.97E-01
1.000E+01 1.315E+00 1.116E+00  8.13E-01
9.441E+00 1.397E+00 1.226E+00  8.52E-01
8.913E+00 1.437E+00 1.232E+00  8.29E-01
8.414E+00 1.395E+00 1.162E+00  8.25E-01
7.943E+00 1.337E+00 1.355E+00  8.45E-01
7.499E+00 1.264E+00 1.456E+00  8.35E-01
7.079E+00 1.213E+00 1.343E+00  8.01E-01
6.683E+00 1.193E+00 1.250E+00  7.73E-01
6.310E+00 1.177E+00 1.305E+00  7.95E-01
5.957E+00 1.149E+00 1.445E+00  8.21E-01
5.623E+00 1.131E+00 1.460E+00  8.22E-01
5.309E+00 1.103E+00 1.328E+00  8.06E-01
5.012E+00 1.072E+00 1.274E+00  7.91E-01
4.732E+00 1.048E+00 1.387E+00  7.99E-01
4.467E+00 1.035E+00 1.467E+00  8.12E-01
4.217E+00 1.027E+00 1.368E+00  8.08E-01
3.981E+00 1.011E+00 1.305E+00  8.03E-01
3.758E+00 9.856E-01 1.425E+00  8.17E-01
3.548E+00 9.664E-01 1.442E+00  8.16E-01
3.350E+00 9.586E-01 1.318E+00  8.00E-01
3.162E+00 9.385E-01 1.390E+00  8.10E-01
2.985E+00 9.335E-01 1.452E+00  8.13E-01
2.818E+00 9.012E-01 1.335E+00  7.93E-01
2.661E+00 8.969E-01 1.449E+00  8.15E-01
2.512E+00 8.798E-01 1.413E+00  8.04E-01
2.371E+00 8.688E-01 1.388E+00  7.98E-01
2.239E+00 8.425E-01 1.458E+00  8.02E-01
2.113E+00 8.271E-01 1.402E+00  7.98E-01
1.995E+00 7.998E-01 1.492E+00  8.00E-01
1.884E+00 7.846E-01 1.423E+00  7.82E-01
1.778E+00 7.542E-01 1.471E+00  7.84E-01
1.679E+00 7.424E-01 1.541E+00  7.88E-01
1.585E+00 7.272E-01 1.437E+00  7.70E-01
1.496E+00 7.004E-01 1.507E+00  7.77E-01
1.413E+00 6.660E-01 1.617E+00  7.79E-01
1.334E+00 6.454E-01 1.532E+00  7.59E-01
1.259E+00 6.177E-01 1.555E+00  7.60E-01
1.189E+00 5.915E-01 1.567E+00  7.55E-01
1.122E+00 5.588E-01 1.588E+00  7.45E-01
1.059E+00 5.246E-01 1.552E+00  7.19E-01
1.000E+00 5.040E-01 1.631E+00  7.33E-01
9.441E-01 4.745E-01 1.686E+00  7.30E-01
8.913E-01 4.416E-01 1.708E+00  7.22E-01
8.414E-01 4.188E-01 1.783E+00  7.26E-01
7.943E-01 3.894E-01 1.754E+00  7.06E-01
7.499E-01 3.540E-01 1.779E+00  6.99E-01
7.079E-01 3.332E-01 1.792E+00  6.94E-01
6.683E-01 3.092E-01 1.745E+00  6.70E-01
6.310E-01 2.834E-01 1.843E+00  6.86E-01
5.957E-01 2.552E-01 1.828E+00  6.64E-01
5.623E-01 2.315E-01 1.799E+00  6.57E-01
5.309E-01 2.202E-01 1.908E+00  6.67E-01
5.012E-01 1.925E-01 1.852E+00  6.49E-01
4.732E-01 1.763E-01 1.930E+00  6.63E-01
4.467E-01 1.569E-01 2.017E+00  6.70E-01
4.217E-01 1.401E-01 2.002E+00  6.56E-01
3.981E-01 1.835E-01 1.901E+00  6.54E-01
3.758E-01 3.830E-01 1.679E+00  7.00E-01
3.548E-01 5.922E-01 1.464E+00  7.56E-01
3.350E-01 6.518E-01 1.448E+00  7.82E-01
3.162E-01 7.588E-01 1.320E+00  8.11E-01
2.985E-01 7.710E-01 1.303E+00  8.13E-01
2.818E-01 7.636E-01 1.307E+00  8.07E-01
2.661E-01 7.517E-01 1.316E+00  8.00E-01
2.512E-01 7.374E-01 1.328E+00  7.90E-01
2.371E-01 7.196E-01 1.343E+00  7.79E-01
2.239E-01 6.963E-01 1.364E+00  7.63E-01
2.113E-01 6.647E-01 1.394E+00  7.43E-01
1.995E-01 6.195E-01 1.439E+00  7.16E-01
1.884E-01 5.402E-01 1.460E+00  6.83E-01
1.778E-01 4.936E-01 1.506E+00  6.61E-01
1.679E-01 4.577E-01 1.542E+00  6.47E-01
1.585E-01 4.671E-01 1.605E+00  6.51E-01
1.496E-01 4.843E-01 1.582E+00  6.64E-01
1.413E-01 5.053E-01 1.555E+00  6.78E-01
1.334E-01 5.120E-01 1.544E+00  6.84E-01
1.259E-01 5.108E-01 1.542E+00  6.87E-01
1.189E-01 4.938E-01 1.556E+00  6.82E-01
1.122E-01 4.869E-01 1.559E+00  6.83E-01
1.059E-01 5.127E-01 1.530E+00  7.00E-01
1.000E-01 5.427E-01 1.497E+00  7.19E-01
9.441E-02 5.637E-01 1.473E+00  7.33E-01
8.913E-02 5.877E-01 1.447E+00  7.49E-01
8.414E-02 6.105E-01 1.422E+00  7.65E-01
7.943E-02 6.319E-01 1.399E+00  7.81E-01
7.499E-02 6.526E-01 1.377E+00  7.96E-01
7.079E-02 6.721E-01 1.355E+00  8.11E-01
6.683E-02 6.906E-01 1.335E+00  8.26E-01
6.310E-02 7.084E-01 1.316E+00  8.40E-01
5.957E-02 7.253E-01 1.298E+00  8.54E-01
5.623E-02 7.413E-01 1.281E+00  8.68E-01
5.309E-02 7.564E-01 1.265E+00  8.81E-01
5.012E-02 7.706E-01 1.249E+00  8.93E-01
4.732E-02 7.841E-01 1.235E+00  9.04E-01
4.467E-02 7.967E-01 1.221E+00  9.14E-01
4.217E-02 8.085E-01 1.208E+00  9.23E-01
3.981E-02 8.196E-01 1.196E+00  9.32E-01
3.758E-02 8.291E-01 1.171E+00  9.39E-01
3.548E-02 8.393E-01 1.161E+00  9.46E-01
3.350E-02 8.491E-01 1.151E+00  9.52E-01
3.162E-02 8.584E-01 1.142E+00  9.58E-01
2.985E-02 8.674E-01 1.133E+00  9.63E-01
2.818E-02 8.759E-01 1.124E+00  9.68E-01
2.661E-02 8.843E-01 1.116E+00  9.72E-01
2.512E-02 8.923E-01 1.108E+00  9.76E-01
2.371E-02 9.001E-01 1.100E+00  9.79E-01
2.239E-02 9.077E-01 1.092E+00  9.82E-01
2.113E-02 9.149E-01 1.085E+00  9.85E-01
1.995E-02 9.219E-01 1.078E+00  9.87E-01
1.884E-02 9.286E-01 1.071E+00  9.89E-01
1.778E-02 9.352E-01 1.065E+00  9.91E-01
1.679E-02 9.415E-01 1.058E+00  9.93E-01
1.585E-02 9.476E-01 1.052E+00  9.94E-01
1.496E-02 9.536E-01 1.046E+00  9.95E-01
1.413E-02 9.597E-01 1.040E+00  9.96E-01
1.334E-02 9.659E-01 1.034E+00  9.97E-01
1.259E-02 9.720E-01 1.028E+00  9.98E-01
1.189E-02 9.786E-01 1.021E+00  9.99E-01
1.122E-02 9.893E-01 1.011E+00  1.00E+00
1.059E-02 9.897E-01 1.010E+00  9.99E-01
1.000E-02 9.860E-01 1.014E+00  9.99E-01
9.441E-03 9.845E-01 1.016E+00  9.99E-01
8.913E-03 9.843E-01 1.016E+00  9.99E-01
8.414E-03 9.847E-01 1.015E+00  9.99E-01
7.943E-03 9.856E-01 1.014E+00  9.99E-01
7.499E-03 9.878E-01 1.012E+00  9.99E-01
7.079E-03 9.870E-01 1.013E+00  9.99E-01
6.683E-03 9.869E-01 1.013E+00  9.99E-01
6.310E-03 9.873E-01 1.013E+00  9.99E-01
5.957E-03 9.879E-01 1.012E+00  9.99E-01
5.623E-03 9.887E-01 1.011E+00  1.00E+00
5.309E-03 9.895E-01 1.011E+00  1.00E+00
5.012E-03 9.903E-01 1.010E+00  1.00E+00
4.732E-03 9.913E-01 1.009E+00  1.00E+00
4.467E-03 9.934E-01 1.007E+00  1.00E+00
4.217E-03 9.930E-01 1.007E+00  1.00E+00
3.981E-03 9.928E-01 1.007E+00  1.00E+00
3.758E-03 9.928E-01 1.007E+00  1.00E+00
3.548E-03 9.929E-01 1.007E+00  1.00E+00
3.350E-03 9.929E-01 1.007E+00  1.00E+00
3.162E-03 9.930E-01 1.007E+00  1.00E+00
2.985E-03 9.929E-01 1.007E+00  1.00E+00
2.818E-03 9.929E-01 1.007E+00  1.00E+00
2.661E-03 9.929E-01 1.007E+00  1.00E+00
2.512E-03 9.931E-01 1.007E+00  1.00E+00
2.371E-03 9.935E-01 1.007E+00  1.00E+00
2.239E-03 9.941E-01 1.006E+00  1.00E+00
2.113E-03 9.945E-01 1.005E+00  1.00E+00
1.995E-03 9.946E-01 1.005E+00  1.00E+00
1.884E-03 9.942E-01 1.006E+00  1.00E+00
1.778E-03 9.934E-01 1.007E+00  1.00E+00
1.679E-03 9.921E-01 1.008E+00  1.00E+00
1.585E-03 9.901E-01 1.010E+00  1.00E+00
1.496E-03 9.874E-01 1.013E+00  1.00E+00
1.413E-03 9.835E-01 1.017E+00  1.00E+00
1.334E-03 9.782E-01 1.022E+00  1.00E+00
1.259E-03 9.709E-01 1.029E+00  1.00E+00
1.189E-03 9.612E-01 1.039E+00  1.00E+00
1.122E-03 9.476E-01 1.052E+00  1.00E+00
1.059E-03 9.299E-01 1.070E+00  1.00E+00
