w(micron)  Q_abs     Q_sca     g=<cos>
1.000E+03 4.071E-08 9.423E-19  0.00E+00
9.441E+02 4.568E-08 1.186E-18  0.00E+00
8.913E+02 5.125E-08 1.493E-18  0.00E+00
8.414E+02 5.751E-08 1.880E-18  0.00E+00
7.943E+02 6.453E-08 2.367E-18  0.00E+00
7.499E+02 7.240E-08 2.980E-18  0.00E+00
7.079E+02 8.123E-08 3.751E-18  0.00E+00
6.683E+02 9.114E-08 4.723E-18  0.00E+00
6.310E+02 1.023E-07 5.945E-18  0.00E+00
5.957E+02 1.147E-07 7.485E-18  0.00E+00
5.623E+02 1.287E-07 9.423E-18  0.00E+00
5.309E+02 1.444E-07 1.186E-17  0.00E+00
5.012E+02 1.621E-07 1.493E-17  0.00E+00
4.732E+02 1.818E-07 1.880E-17  0.00E+00
4.467E+02 2.040E-07 2.367E-17  0.00E+00
4.217E+02 2.289E-07 2.980E-17  0.00E+00
3.981E+02 2.568E-07 3.751E-17  0.00E+00
3.758E+02 2.882E-07 4.722E-17  0.00E+00
3.548E+02 3.233E-07 5.945E-17  0.00E+00
3.350E+02 3.627E-07 7.485E-17  0.00E+00
3.162E+02 4.070E-07 9.423E-17  0.00E+00
2.985E+02 4.566E-07 1.186E-16  0.00E+00
2.818E+02 5.122E-07 1.494E-16  0.00E+00
2.661E+02 5.746E-07 1.881E-16  0.00E+00
2.512E+02 6.445E-07 2.368E-16  0.00E+00
2.371E+02 7.230E-07 2.981E-16  0.00E+00
2.239E+02 8.111E-07 3.753E-16  0.00E+00
2.113E+02 9.099E-07 4.724E-16  0.00E+00
1.995E+02 1.021E-06 5.947E-16  0.00E+00
1.884E+02 1.145E-06 7.487E-16  0.00E+00
1.778E+02 1.285E-06 9.426E-16  0.00E+00
1.679E+02 1.441E-06 1.187E-15  0.00E+00
1.585E+02 1.615E-06 1.494E-15  0.00E+00
1.496E+02 1.811E-06 1.882E-15  0.00E+00
1.413E+02 2.030E-06 2.369E-15  0.00E+00
1.334E+02 2.277E-06 2.983E-15  0.00E+00
1.259E+02 2.554E-06 3.755E-15  0.00E+00
1.189E+02 2.864E-06 4.728E-15  0.00E+00
1.122E+02 3.210E-06 5.954E-15  0.00E+00
1.059E+02 3.599E-06 7.497E-15  0.00E+00
1.000E+02 4.033E-06 9.440E-15  0.00E+00
9.441E+01 4.520E-06 1.189E-14  0.00E+00
8.913E+01 5.064E-06 1.497E-14  0.00E+00
8.414E+01 5.673E-06 1.885E-14  0.00E+00
7.943E+01 6.355E-06 2.374E-14  0.00E+00
7.499E+01 7.117E-06 2.990E-14  0.00E+00
7.079E+01 7.970E-06 3.766E-14  0.00E+00
6.683E+01 8.922E-06 4.744E-14  0.00E+00
6.310E+01 9.985E-06 5.976E-14  0.00E+00
5.957E+01 1.117E-05 7.529E-14  0.00E+00
5.623E+01 1.249E-05 9.486E-14  0.00E+00
5.309E+01 1.397E-05 1.195E-13  0.00E+00
5.012E+01 1.561E-05 1.506E-13  0.00E+00
4.732E+01 1.745E-05 1.899E-13  0.00E+00
4.467E+01 1.948E-05 2.394E-13  0.00E+00
4.217E+01 2.175E-05 3.018E-13  0.00E+00
3.981E+01 2.427E-05 3.806E-13  0.00E+00
3.758E+01 2.708E-05 4.802E-13  0.00E+00
3.548E+01 3.019E-05 6.060E-13  0.00E+00
3.350E+01 3.364E-05 7.650E-13  0.00E+00
3.162E+01 3.748E-05 9.663E-13  0.00E+00
2.985E+01 4.175E-05 1.221E-12  0.00E+00
2.818E+01 4.652E-05 1.544E-12  0.00E+00
2.661E+01 5.183E-05 1.954E-12  5.39E-07
2.512E+01 5.781E-05 2.476E-12  6.10E-07
2.371E+01 6.453E-05 3.140E-12  6.92E-07
2.239E+01 7.221E-05 3.989E-12  7.87E-07
2.113E+01 8.111E-05 5.078E-12  8.98E-07
1.995E+01 9.161E-05 6.480E-12  1.03E-06
1.884E+01 1.044E-04 8.296E-12  1.19E-06
1.778E+01 1.206E-04 1.067E-11  1.38E-06
1.679E+01 1.418E-04 1.380E-11  1.62E-06
1.585E+01 1.729E-04 1.800E-11  1.95E-06
1.496E+01 2.179E-04 2.374E-11  2.41E-06
1.413E+01 2.950E-04 3.189E-11  3.11E-06
1.334E+01 4.405E-04 4.407E-11  4.03E-06
1.259E+01 7.618E-04 6.394E-11  1.45E-06
1.189E+01 1.648E-03 1.012E-10 -1.03E-06
1.122E+01 4.864E-03 1.808E-10 -1.88E-07
1.059E+01 1.071E-02 1.889E-10  5.79E-07
1.000E+01 5.143E-03 4.298E-11  1.20E-06
9.441E+00 2.405E-03 3.097E-11  1.70E-06
8.913E+00 1.469E-03 4.864E-11  2.18E-06
8.414E+00 1.066E-03 7.451E-11  2.66E-06
7.943E+00 8.568E-04 1.068E-10  3.16E-06
7.499E+00 7.308E-04 1.470E-10  3.70E-06
7.079E+00 6.534E-04 1.970E-10  4.28E-06
6.683E+00 6.013E-04 2.597E-10  4.92E-06
6.310E+00 5.652E-04 3.382E-10  5.62E-06
5.957E+00 5.387E-04 4.370E-10  6.41E-06
5.623E+00 5.171E-04 5.618E-10  7.28E-06
5.309E+00 5.000E-04 7.195E-10  8.25E-06
5.012E+00 4.861E-04 9.182E-10  9.33E-06
4.732E+00 4.738E-04 1.169E-09  1.05E-05
4.467E+00 4.622E-04 1.487E-09  1.19E-05
4.217E+00 4.516E-04 1.886E-09  1.34E-05
3.981E+00 4.414E-04 2.390E-09  1.51E-05
3.758E+00 4.308E-04 3.028E-09  1.71E-05
3.548E+00 4.201E-04 3.832E-09  1.92E-05
3.350E+00 4.093E-04 4.845E-09  2.16E-05
3.162E+00 3.979E-04 6.125E-09  2.43E-05
2.985E+00 3.861E-04 7.740E-09  2.73E-05
2.818E+00 3.735E-04 9.777E-09  3.07E-05
2.661E+00 3.606E-04 1.235E-08  3.46E-05
2.512E+00 3.470E-04 1.559E-08  3.89E-05
2.371E+00 3.337E-04 1.967E-08  4.37E-05
2.239E+00 3.194E-04 2.483E-08  4.91E-05
2.113E+00 3.041E-04 3.133E-08  5.52E-05
1.995E+00 2.888E-04 3.954E-08  6.20E-05
1.884E+00 2.734E-04 4.991E-08  6.97E-05
1.778E+00 2.582E-04 6.299E-08  7.83E-05
1.679E+00 2.429E-04 7.949E-08  8.80E-05
1.585E+00 2.277E-04 1.003E-07  9.89E-05
1.496E+00 2.128E-04 1.265E-07  1.11E-04
1.413E+00 1.981E-04 1.597E-07  1.25E-04
1.334E+00 1.839E-04 2.015E-07  1.40E-04
1.259E+00 1.700E-04 2.543E-07  1.58E-04
1.189E+00 1.568E-04 3.210E-07  1.77E-04
1.122E+00 1.441E-04 4.052E-07  1.99E-04
1.059E+00 1.320E-04 5.116E-07  2.24E-04
1.000E+00 1.206E-04 6.461E-07  2.52E-04
9.441E-01 1.099E-04 8.161E-07  2.83E-04
8.913E-01 9.985E-05 1.031E-06  3.19E-04
8.414E-01 9.050E-05 1.303E-06  3.58E-04
7.943E-01 8.178E-05 1.647E-06  4.03E-04
7.499E-01 7.370E-05 2.083E-06  4.54E-04
7.079E-01 6.628E-05 2.636E-06  5.11E-04
6.683E-01 5.944E-05 3.337E-06  5.76E-04
6.310E-01 5.320E-05 4.227E-06  6.49E-04
5.957E-01 4.752E-05 5.360E-06  7.32E-04
5.623E-01 4.220E-05 6.801E-06  8.26E-04
5.309E-01 3.743E-05 8.634E-06  9.32E-04
5.012E-01 3.313E-05 1.097E-05  1.05E-03
4.732E-01 2.921E-05 1.397E-05  1.19E-03
4.467E-01 2.565E-05 1.781E-05  1.35E-03
4.217E-01 2.214E-05 2.275E-05  1.53E-03
3.981E-01 2.919E-05 2.912E-05  1.74E-03
3.758E-01 7.516E-05 3.734E-05  1.98E-03
3.548E-01 1.636E-04 4.806E-05  2.27E-03
3.350E-01 2.061E-04 6.195E-05  2.60E-03
3.162E-01 4.172E-04 8.030E-05  3.00E-03
2.985E-01 6.442E-04 1.046E-04  3.48E-03
2.818E-01 1.386E-03 1.370E-04  4.07E-03
2.661E-01 2.988E-03 1.800E-04  4.79E-03
2.512E-01 5.382E-03 2.380E-04  5.71E-03
2.371E-01 7.678E-03 3.173E-04  6.93E-03
2.239E-01 1.147E-02 4.277E-04  8.64E-03
2.113E-01 1.809E-02 5.837E-04  1.11E-02
1.995E-01 3.144E-02 8.110E-04  1.46E-02
1.884E-01 5.655E-02 1.127E-03  1.49E-02
1.778E-01 8.711E-02 1.568E-03  7.88E-03
1.679E-01 1.226E-01 2.210E-03  5.62E-04
1.585E-01 1.803E-01 3.223E-03 -2.06E-03
1.496E-01 2.794E-01 4.555E-03 -9.52E-04
1.413E-01 3.744E-01 6.053E-03  6.48E-05
1.334E-01 4.950E-01 8.338E-03  7.24E-04
1.259E-01 6.288E-01 1.159E-02  1.22E-03
1.189E-01 8.515E-01 1.770E-02  1.66E-03
1.122E-01 1.192E+00 2.694E-02  2.63E-03
1.059E-01 1.504E+00 3.333E-02  4.42E-03
1.000E-01 1.572E+00 3.450E-02  6.38E-03
9.441E-02 1.520E+00 3.479E-02  8.28E-03
8.913E-02 1.379E+00 3.268E-02  1.05E-02
8.414E-02 1.225E+00 3.036E-02  1.28E-02
7.943E-02 1.083E+00 2.830E-02  1.53E-02
7.499E-02 9.587E-01 2.654E-02  1.81E-02
7.079E-02 8.526E-01 2.514E-02  2.11E-02
6.683E-02 7.623E-01 2.405E-02  2.44E-02
6.310E-02 6.848E-01 2.317E-02  2.81E-02
5.957E-02 6.181E-01 2.248E-02  3.22E-02
5.623E-02 5.600E-01 2.193E-02  3.68E-02
5.309E-02 5.090E-01 2.149E-02  4.19E-02
5.012E-02 4.638E-01 2.112E-02  4.77E-02
4.732E-02 4.235E-01 2.079E-02  5.43E-02
4.467E-02 3.876E-01 2.051E-02  6.16E-02
4.217E-02 3.550E-01 2.022E-02  6.99E-02
3.981E-02 3.257E-01 1.995E-02  7.92E-02
3.758E-02 2.988E-01 1.965E-02  8.97E-02
3.548E-02 2.745E-01 1.933E-02  1.01E-01
3.350E-02 2.524E-01 1.897E-02  1.15E-01
3.162E-02 2.320E-01 1.857E-02  1.30E-01
2.985E-02 2.133E-01 1.811E-02  1.46E-01
2.818E-02 1.960E-01 1.760E-02  1.65E-01
2.661E-02 1.802E-01 1.702E-02  1.86E-01
2.512E-02 1.655E-01 1.636E-02  2.09E-01
2.371E-02 1.521E-01 1.562E-02  2.35E-01
2.239E-02 1.396E-01 1.482E-02  2.64E-01
2.113E-02 1.280E-01 1.395E-02  2.96E-01
1.995E-02 1.173E-01 1.302E-02  3.31E-01
1.884E-02 1.073E-01 1.202E-02  3.70E-01
1.778E-02 9.803E-02 1.098E-02  4.11E-01
1.679E-02 8.944E-02 9.901E-03  4.55E-01
1.585E-02 8.148E-02 8.794E-03  5.02E-01
1.496E-02 7.408E-02 7.667E-03  5.49E-01
1.413E-02 6.721E-02 6.526E-03  5.96E-01
1.334E-02 6.084E-02 5.365E-03  6.42E-01
1.259E-02 5.502E-02 4.181E-03  6.83E-01
1.189E-02 4.958E-02 2.954E-03  7.18E-01
1.122E-02 4.467E-02 1.313E-03  7.47E-01
1.059E-02 1.769E-01 7.674E-03  7.70E-01
1.000E-02 1.665E-01 7.645E-03  7.86E-01
9.441E-03 1.559E-01 8.258E-03  7.99E-01
8.913E-03 1.450E-01 8.301E-03  8.11E-01
8.414E-03 1.339E-01 8.030E-03  8.24E-01
7.943E-03 1.230E-01 7.471E-03  8.40E-01
7.499E-03 1.125E-01 6.211E-03  8.57E-01
7.079E-03 1.305E-01 8.199E-03  8.73E-01
6.683E-03 1.188E-01 8.095E-03  8.86E-01
6.310E-03 1.076E-01 7.720E-03  8.95E-01
5.957E-03 9.721E-02 7.236E-03  9.02E-01
5.623E-03 8.725E-02 6.683E-03  9.09E-01
5.309E-03 7.812E-02 6.064E-03  9.18E-01
5.012E-03 6.968E-02 5.391E-03  9.27E-01
4.732E-03 6.202E-02 4.569E-03  9.34E-01
4.467E-03 5.502E-02 3.033E-03  9.39E-01
4.217E-03 7.519E-02 4.724E-03  9.44E-01
3.981E-03 6.693E-02 4.658E-03  9.50E-01
3.758E-03 5.930E-02 4.407E-03  9.55E-01
3.548E-03 5.240E-02 4.086E-03  9.58E-01
3.350E-03 4.617E-02 3.751E-03  9.62E-01
3.162E-03 4.058E-02 3.414E-03  9.66E-01
2.985E-03 3.567E-02 3.104E-03  9.69E-01
2.818E-03 3.110E-02 2.804E-03  9.71E-01
2.661E-03 2.703E-02 2.519E-03  9.74E-01
2.512E-03 2.350E-02 2.255E-03  9.76E-01
2.371E-03 2.042E-02 2.015E-03  9.79E-01
2.239E-03 1.772E-02 1.799E-03  9.81E-01
2.113E-03 1.532E-02 1.603E-03  9.82E-01
1.995E-03 1.324E-02 1.427E-03  9.84E-01
1.884E-03 1.143E-02 1.268E-03  9.86E-01
1.778E-03 9.851E-03 1.125E-03  9.87E-01
1.679E-03 8.481E-03 9.975E-04  9.88E-01
1.585E-03 7.298E-03 8.836E-04  9.89E-01
1.496E-03 6.272E-03 7.829E-04  9.90E-01
1.413E-03 5.385E-03 6.930E-04  9.91E-01
1.334E-03 4.621E-03 6.122E-04  9.92E-01
1.259E-03 3.967E-03 5.412E-04  9.93E-01
1.189E-03 3.408E-03 4.791E-04  9.93E-01
1.122E-03 2.910E-03 4.220E-04  9.94E-01
1.059E-03 2.489E-03 3.712E-04  9.95E-01
