w(micron)  Q_abs     Q_sca     g=<cos>
1.000E+03 1.147E-06 5.945E-13  0.00E+00
9.441E+02 1.287E-06 7.485E-13  0.00E+00
8.913E+02 1.445E-06 9.423E-13  0.00E+00
8.414E+02 1.621E-06 1.186E-12  0.00E+00
7.943E+02 1.819E-06 1.493E-12  0.00E+00
7.499E+02 2.040E-06 1.880E-12  5.11E-07
7.079E+02 2.289E-06 2.367E-12  5.74E-07
6.683E+02 2.569E-06 2.980E-12  6.44E-07
6.310E+02 2.882E-06 3.751E-12  7.23E-07
5.957E+02 3.234E-06 4.723E-12  8.11E-07
5.623E+02 3.628E-06 5.945E-12  9.10E-07
5.309E+02 4.071E-06 7.485E-12  1.02E-06
5.012E+02 4.568E-06 9.423E-12  1.15E-06
4.732E+02 5.125E-06 1.186E-11  1.28E-06
4.467E+02 5.750E-06 1.493E-11  1.44E-06
4.217E+02 6.452E-06 1.880E-11  1.62E-06
3.981E+02 7.239E-06 2.367E-11  1.81E-06
3.758E+02 8.121E-06 2.980E-11  2.04E-06
3.548E+02 9.112E-06 3.751E-11  2.28E-06
3.350E+02 1.022E-05 4.723E-11  2.56E-06
3.162E+02 1.147E-05 5.945E-11  2.88E-06
2.985E+02 1.287E-05 7.485E-11  3.23E-06
2.818E+02 1.444E-05 9.424E-11  3.62E-06
2.661E+02 1.619E-05 1.187E-10  4.06E-06
2.512E+02 1.817E-05 1.494E-10  4.56E-06
2.371E+02 2.038E-05 1.881E-10  5.12E-06
2.239E+02 2.286E-05 2.368E-10  5.74E-06
2.113E+02 2.564E-05 2.981E-10  6.44E-06
1.995E+02 2.877E-05 3.753E-10  7.23E-06
1.884E+02 3.228E-05 4.724E-10  8.11E-06
1.778E+02 3.621E-05 5.948E-10  9.10E-06
1.679E+02 4.060E-05 7.489E-10  1.02E-05
1.585E+02 4.552E-05 9.429E-10  1.15E-05
1.496E+02 5.104E-05 1.187E-09  1.29E-05
1.413E+02 5.723E-05 1.495E-09  1.44E-05
1.334E+02 6.419E-05 1.882E-09  1.62E-05
1.259E+02 7.200E-05 2.370E-09  1.82E-05
1.189E+02 8.073E-05 2.983E-09  2.04E-05
1.122E+02 9.050E-05 3.757E-09  2.29E-05
1.059E+02 1.014E-04 4.730E-09  2.57E-05
1.000E+02 1.137E-04 5.957E-09  2.88E-05
9.441E+01 1.274E-04 7.501E-09  3.24E-05
8.913E+01 1.428E-04 9.446E-09  3.63E-05
8.414E+01 1.599E-04 1.190E-08  4.08E-05
7.943E+01 1.792E-04 1.498E-08  4.58E-05
7.499E+01 2.007E-04 1.887E-08  5.14E-05
7.079E+01 2.247E-04 2.377E-08  5.77E-05
6.683E+01 2.515E-04 2.994E-08  6.48E-05
6.310E+01 2.815E-04 3.771E-08  7.27E-05
5.957E+01 3.150E-04 4.751E-08  8.17E-05
5.623E+01 3.523E-04 5.986E-08  9.17E-05
5.309E+01 3.940E-04 7.543E-08  1.03E-04
5.012E+01 4.404E-04 9.507E-08  1.16E-04
4.732E+01 4.921E-04 1.198E-07  1.30E-04
4.467E+01 5.496E-04 1.511E-07  1.46E-04
4.217E+01 6.137E-04 1.905E-07  1.64E-04
3.981E+01 6.849E-04 2.402E-07  1.85E-04
3.758E+01 7.641E-04 3.031E-07  2.08E-04
3.548E+01 8.521E-04 3.825E-07  2.34E-04
3.350E+01 9.497E-04 4.829E-07  2.64E-04
3.162E+01 1.058E-03 6.100E-07  2.97E-04
2.985E+01 1.179E-03 7.709E-07  3.35E-04
2.818E+01 1.314E-03 9.750E-07  3.79E-04
2.661E+01 1.465E-03 1.234E-06  4.28E-04
2.512E+01 1.634E-03 1.563E-06  4.85E-04
2.371E+01 1.825E-03 1.983E-06  5.50E-04
2.239E+01 2.043E-03 2.520E-06  6.25E-04
2.113E+01 2.296E-03 3.208E-06  7.14E-04
1.995E+01 2.596E-03 4.094E-06  8.18E-04
1.884E+01 2.960E-03 5.242E-06  9.43E-04
1.778E+01 3.423E-03 6.743E-06  1.10E-03
1.679E+01 4.032E-03 8.724E-06  1.29E-03
1.585E+01 4.929E-03 1.138E-05  1.55E-03
1.496E+01 6.235E-03 1.502E-05  1.92E-03
1.413E+01 8.502E-03 2.018E-05  2.47E-03
1.334E+01 1.293E-02 2.791E-05  3.21E-03
1.259E+01 2.271E-02 4.053E-05  1.10E-03
1.189E+01 4.731E-02 6.424E-05 -8.24E-04
1.122E+01 1.385E-01 1.150E-04 -1.48E-04
1.059E+01 3.033E-01 1.196E-04  4.60E-04
1.000E+01 1.452E-01 2.710E-05  9.54E-04
9.441E+00 6.806E-02 1.956E-05  1.35E-03
8.913E+00 4.167E-02 3.075E-05  1.73E-03
8.414E+00 3.031E-02 4.715E-05  2.11E-03
7.943E+00 2.441E-02 6.767E-05  2.51E-03
7.499E+00 2.086E-02 9.322E-05  2.93E-03
7.079E+00 1.870E-02 1.250E-04  3.40E-03
6.683E+00 1.725E-02 1.649E-04  3.90E-03
6.310E+00 1.626E-02 2.151E-04  4.46E-03
5.957E+00 1.555E-02 2.782E-04  5.08E-03
5.623E+00 1.497E-02 3.582E-04  5.77E-03
5.309E+00 1.453E-02 4.594E-04  6.54E-03
5.012E+00 1.419E-02 5.872E-04  7.40E-03
4.732E+00 1.389E-02 7.490E-04  8.37E-03
4.467E+00 1.363E-02 9.544E-04  9.45E-03
4.217E+00 1.339E-02 1.214E-03  1.07E-02
3.981E+00 1.317E-02 1.542E-03  1.20E-02
3.758E+00 1.296E-02 1.958E-03  1.35E-02
3.548E+00 1.274E-02 2.486E-03  1.52E-02
3.350E+00 1.252E-02 3.155E-03  1.71E-02
3.162E+00 1.230E-02 4.004E-03  1.93E-02
2.985E+00 1.207E-02 5.082E-03  2.17E-02
2.818E+00 1.183E-02 6.451E-03  2.44E-02
2.661E+00 1.159E-02 8.192E-03  2.74E-02
2.512E+00 1.133E-02 1.041E-02  3.08E-02
2.371E+00 1.110E-02 1.323E-02  3.46E-02
2.239E+00 1.084E-02 1.682E-02  3.90E-02
2.113E+00 1.056E-02 2.141E-02  4.38E-02
1.995E+00 1.029E-02 2.729E-02  4.93E-02
1.884E+00 1.002E-02 3.481E-02  5.54E-02
1.778E+00 9.766E-03 4.447E-02  6.24E-02
1.679E+00 9.522E-03 5.688E-02  7.02E-02
1.585E+00 9.289E-03 7.284E-02  7.91E-02
1.496E+00 9.083E-03 9.342E-02  8.92E-02
1.413E+00 8.891E-03 1.200E-01  1.01E-01
1.334E+00 8.738E-03 1.544E-01  1.14E-01
1.259E+00 8.617E-03 1.991E-01  1.29E-01
1.189E+00 8.550E-03 2.572E-01  1.47E-01
1.122E+00 8.548E-03 3.327E-01  1.67E-01
1.059E+00 8.632E-03 4.310E-01  1.92E-01
1.000E+00 8.849E-03 5.593E-01  2.21E-01
9.441E-01 9.261E-03 7.272E-01  2.58E-01
8.913E-01 9.995E-03 9.494E-01  3.03E-01
8.414E-01 1.132E-02 1.253E+00  3.60E-01
7.943E-01 1.382E-02 1.702E+00  4.30E-01
7.499E-01 1.882E-02 2.486E+00  5.02E-01
7.079E-01 2.790E-02 4.077E+00  5.26E-01
6.683E-01 3.238E-02 6.147E+00  4.38E-01
6.310E-01 2.021E-02 5.916E+00  3.09E-01
5.957E-01 1.112E-02 4.960E+00  2.43E-01
5.623E-01 7.720E-03 4.424E+00  2.38E-01
5.309E-01 7.424E-03 4.167E+00  2.59E-01
5.012E-01 1.187E-02 4.318E+00  2.69E-01
4.732E-01 2.733E-02 6.547E+00  3.33E-01
4.467E-01 8.666E-03 3.364E+00  2.96E-01
4.217E-01 6.026E-03 3.285E+00  1.41E-01
3.981E-01 1.013E-02 3.292E+00  7.51E-02
3.758E-01 8.765E-02 3.067E+00  1.49E-01
3.548E-01 4.631E-02 6.757E-01  1.03E-01
3.350E-01 1.529E-01 3.577E+00  1.72E-01
3.162E-01 1.092E-01 1.764E+00  3.40E-01
2.985E-01 2.415E-01 3.360E+00  6.56E-01
2.818E-01 2.637E-01 2.805E+00  4.70E-01
2.661E-01 8.555E-01 2.341E+00  5.61E-01
2.512E-01 9.932E-01 1.463E+00  3.60E-01
2.371E-01 1.136E+00 1.621E+00  6.62E-01
2.239E-01 1.102E+00 1.603E+00  6.61E-01
2.113E-01 1.087E+00 1.515E+00  6.63E-01
1.995E-01 9.874E-01 1.584E+00  6.44E-01
1.884E-01 8.988E-01 1.667E+00  6.28E-01
1.778E-01 8.367E-01 1.763E+00  6.20E-01
1.679E-01 8.051E-01 1.865E+00  6.21E-01
1.585E-01 8.121E-01 1.952E+00  6.29E-01
1.496E-01 8.859E-01 1.949E+00  6.53E-01
1.413E-01 9.261E-01 1.909E+00  6.70E-01
1.334E-01 9.467E-01 1.892E+00  6.82E-01
1.259E-01 9.443E-01 1.887E+00  6.89E-01
1.189E-01 9.244E-01 1.909E+00  6.90E-01
1.122E-01 8.992E-01 1.899E+00  6.94E-01
1.059E-01 8.854E-01 1.815E+00  7.07E-01
1.000E-01 8.695E-01 1.732E+00  7.21E-01
9.441E-02 8.523E-01 1.675E+00  7.33E-01
8.913E-02 8.413E-01 1.618E+00  7.46E-01
8.414E-02 8.338E-01 1.567E+00  7.61E-01
7.943E-02 8.291E-01 1.522E+00  7.75E-01
7.499E-02 8.267E-01 1.482E+00  7.90E-01
7.079E-02 8.258E-01 1.445E+00  8.04E-01
6.683E-02 8.259E-01 1.412E+00  8.18E-01
6.310E-02 8.269E-01 1.381E+00  8.33E-01
5.957E-02 8.284E-01 1.354E+00  8.46E-01
5.623E-02 8.302E-01 1.328E+00  8.60E-01
5.309E-02 8.323E-01 1.304E+00  8.73E-01
5.012E-02 8.342E-01 1.282E+00  8.85E-01
4.732E-02 8.362E-01 1.262E+00  8.96E-01
4.467E-02 8.381E-01 1.243E+00  9.06E-01
4.217E-02 8.398E-01 1.226E+00  9.16E-01
3.981E-02 8.413E-01 1.210E+00  9.25E-01
3.758E-02 8.428E-01 1.195E+00  9.33E-01
3.548E-02 8.443E-01 1.180E+00  9.40E-01
3.350E-02 8.457E-01 1.166E+00  9.47E-01
3.162E-02 8.469E-01 1.153E+00  9.53E-01
2.985E-02 8.481E-01 1.141E+00  9.58E-01
2.818E-02 8.490E-01 1.129E+00  9.63E-01
2.661E-02 8.497E-01 1.120E+00  9.68E-01
2.512E-02 8.500E-01 1.113E+00  9.72E-01
2.371E-02 8.497E-01 1.112E+00  9.76E-01
2.239E-02 8.487E-01 1.117E+00  9.79E-01
2.113E-02 8.465E-01 1.132E+00  9.82E-01
1.995E-02 8.431E-01 1.156E+00  9.85E-01
1.884E-02 8.379E-01 1.191E+00  9.88E-01
1.778E-02 8.308E-01 1.237E+00  9.90E-01
1.679E-02 8.214E-01 1.289E+00  9.92E-01
1.585E-02 8.095E-01 1.342E+00  9.94E-01
1.496E-02 7.948E-01 1.388E+00  9.95E-01
1.413E-02 7.773E-01 1.414E+00  9.96E-01
1.334E-02 7.568E-01 1.400E+00  9.97E-01
1.259E-02 7.338E-01 1.318E+00  9.98E-01
1.189E-02 7.078E-01 1.129E+00  9.98E-01
1.122E-02 6.822E-01 6.336E-01  9.99E-01
1.059E-02 9.867E-01 8.410E-01  9.98E-01
1.000E-02 9.588E-01 8.536E-01  9.98E-01
9.441E-03 9.476E-01 9.088E-01  9.98E-01
8.913E-03 9.389E-01 9.416E-01  9.98E-01
8.414E-03 9.301E-01 9.660E-01  9.98E-01
7.943E-03 9.204E-01 9.805E-01  9.99E-01
7.499E-03 9.108E-01 9.465E-01  9.99E-01
7.079E-03 9.293E-01 9.738E-01  9.99E-01
6.683E-03 9.170E-01 1.021E+00  9.99E-01
6.310E-03 9.031E-01 1.060E+00  9.99E-01
5.957E-03 8.869E-01 1.095E+00  9.99E-01
5.623E-03 8.672E-01 1.127E+00  9.99E-01
5.309E-03 8.443E-01 1.151E+00  9.99E-01
5.012E-03 8.176E-01 1.160E+00  1.00E+00
4.732E-03 7.875E-01 1.131E+00  1.00E+00
4.467E-03 7.543E-01 9.203E-01  1.00E+00
4.217E-03 8.393E-01 1.014E+00  1.00E+00
3.981E-03 8.100E-01 1.080E+00  1.00E+00
3.758E-03 7.766E-01 1.122E+00  1.00E+00
3.548E-03 7.397E-01 1.146E+00  1.00E+00
3.350E-03 6.995E-01 1.158E+00  1.00E+00
3.162E-03 6.568E-01 1.157E+00  1.00E+00
2.985E-03 6.131E-01 1.146E+00  1.00E+00
2.818E-03 5.662E-01 1.125E+00  1.00E+00
2.661E-03 5.187E-01 1.093E+00  1.00E+00
2.512E-03 4.726E-01 1.049E+00  1.00E+00
2.371E-03 4.281E-01 9.988E-01  1.00E+00
2.239E-03 3.855E-01 9.435E-01  1.00E+00
2.113E-03 3.446E-01 8.847E-01  1.00E+00
1.995E-03 3.069E-01 8.240E-01  1.00E+00
1.884E-03 2.719E-01 7.625E-01  1.00E+00
1.778E-03 2.397E-01 7.012E-01  1.00E+00
1.679E-03 2.105E-01 6.413E-01  1.00E+00
1.585E-03 1.843E-01 5.839E-01  1.00E+00
1.496E-03 1.608E-01 5.300E-01  1.00E+00
1.413E-03 1.399E-01 4.792E-01  1.00E+00
1.334E-03 1.215E-01 4.311E-01  1.00E+00
1.259E-03 1.053E-01 3.873E-01  1.00E+00
1.189E-03 9.122E-02 3.476E-01  1.00E+00
1.122E-03 7.848E-02 3.100E-01  1.00E+00
1.059E-03 6.753E-02 2.756E-01  1.00E+00
