w(micron)  Q_abs     Q_sca     g=<cos>
1.000E+03 1.445E-06 1.493E-12  0.00E+00
9.441E+02 1.621E-06 1.880E-12  5.11E-07
8.913E+02 1.819E-06 2.367E-12  5.74E-07
8.414E+02 2.040E-06 2.980E-12  6.44E-07
7.943E+02 2.289E-06 3.751E-12  7.23E-07
7.499E+02 2.569E-06 4.723E-12  8.11E-07
7.079E+02 2.882E-06 5.945E-12  9.09E-07
6.683E+02 3.234E-06 7.485E-12  1.02E-06
6.310E+02 3.629E-06 9.423E-12  1.15E-06
5.957E+02 4.071E-06 1.186E-11  1.28E-06
5.623E+02 4.568E-06 1.493E-11  1.44E-06
5.309E+02 5.125E-06 1.880E-11  1.62E-06
5.012E+02 5.751E-06 2.367E-11  1.81E-06
4.732E+02 6.452E-06 2.980E-11  2.04E-06
4.467E+02 7.239E-06 3.751E-11  2.28E-06
4.217E+02 8.122E-06 4.723E-11  2.56E-06
3.981E+02 9.113E-06 5.945E-11  2.88E-06
3.758E+02 1.022E-05 7.485E-11  3.23E-06
3.548E+02 1.147E-05 9.423E-11  3.62E-06
3.350E+02 1.287E-05 1.186E-10  4.06E-06
3.162E+02 1.444E-05 1.493E-10  4.56E-06
2.985E+02 1.620E-05 1.880E-10  5.12E-06
2.818E+02 1.817E-05 2.367E-10  5.74E-06
2.661E+02 2.039E-05 2.980E-10  6.44E-06
2.512E+02 2.287E-05 3.753E-10  7.23E-06
2.371E+02 2.565E-05 4.724E-10  8.11E-06
2.239E+02 2.878E-05 5.948E-10  9.10E-06
2.113E+02 3.229E-05 7.488E-10  1.02E-05
1.995E+02 3.622E-05 9.426E-10  1.15E-05
1.884E+02 4.064E-05 1.187E-09  1.29E-05
1.778E+02 4.558E-05 1.494E-09  1.44E-05
1.679E+02 5.112E-05 1.881E-09  1.62E-05
1.585E+02 5.731E-05 2.368E-09  1.82E-05
1.496E+02 6.426E-05 2.982E-09  2.04E-05
1.413E+02 7.205E-05 3.755E-09  2.29E-05
1.334E+02 8.081E-05 4.728E-09  2.57E-05
1.259E+02 9.064E-05 5.952E-09  2.88E-05
1.189E+02 1.016E-04 7.494E-09  3.23E-05
1.122E+02 1.139E-04 9.437E-09  3.63E-05
1.059E+02 1.277E-04 1.188E-08  4.07E-05
1.000E+02 1.431E-04 1.496E-08  4.57E-05
9.441E+01 1.604E-04 1.884E-08  5.13E-05
8.913E+01 1.797E-04 2.373E-08  5.76E-05
8.414E+01 2.014E-04 2.988E-08  6.46E-05
7.943E+01 2.256E-04 3.764E-08  7.25E-05
7.499E+01 2.527E-04 4.740E-08  8.14E-05
7.079E+01 2.829E-04 5.970E-08  9.14E-05
6.683E+01 3.168E-04 7.520E-08  1.03E-04
6.310E+01 3.545E-04 9.473E-08  1.15E-04
5.957E+01 3.967E-04 1.194E-07  1.29E-04
5.623E+01 4.437E-04 1.504E-07  1.45E-04
5.309E+01 4.962E-04 1.895E-07  1.63E-04
5.012E+01 5.546E-04 2.388E-07  1.84E-04
4.732E+01 6.198E-04 3.010E-07  2.06E-04
4.467E+01 6.923E-04 3.795E-07  2.32E-04
4.217E+01 7.730E-04 4.785E-07  2.61E-04
3.981E+01 8.628E-04 6.036E-07  2.93E-04
3.758E+01 9.626E-04 7.615E-07  3.30E-04
3.548E+01 1.074E-03 9.610E-07  3.71E-04
3.350E+01 1.197E-03 1.213E-06  4.18E-04
3.162E+01 1.334E-03 1.533E-06  4.71E-04
2.985E+01 1.486E-03 1.937E-06  5.32E-04
2.818E+01 1.657E-03 2.450E-06  6.00E-04
2.661E+01 1.847E-03 3.101E-06  6.79E-04
2.512E+01 2.061E-03 3.929E-06  7.68E-04
2.371E+01 2.302E-03 4.984E-06  8.71E-04
2.239E+01 2.578E-03 6.333E-06  9.91E-04
2.113E+01 2.899E-03 8.064E-06  1.13E-03
1.995E+01 3.278E-03 1.029E-05  1.30E-03
1.884E+01 3.740E-03 1.318E-05  1.50E-03
1.778E+01 4.328E-03 1.695E-05  1.74E-03
1.679E+01 5.103E-03 2.194E-05  2.05E-03
1.585E+01 6.246E-03 2.863E-05  2.46E-03
1.496E+01 7.918E-03 3.779E-05  3.04E-03
1.413E+01 1.084E-02 5.079E-05  3.93E-03
1.334E+01 1.666E-02 7.027E-05  5.09E-03
1.259E+01 2.950E-02 1.021E-04  1.69E-03
1.189E+01 6.019E-02 1.619E-04 -1.31E-03
1.122E+01 1.755E-01 2.900E-04 -2.33E-04
1.059E+01 3.828E-01 3.007E-04  7.29E-04
1.000E+01 1.830E-01 6.805E-05  1.51E-03
9.441E+00 8.589E-02 4.914E-05  2.14E-03
8.913E+00 5.265E-02 7.732E-05  2.74E-03
8.414E+00 3.835E-02 1.186E-04  3.34E-03
7.943E+00 3.092E-02 1.704E-04  3.97E-03
7.499E+00 2.646E-02 2.348E-04  4.64E-03
7.079E+00 2.375E-02 3.151E-04  5.38E-03
6.683E+00 2.194E-02 4.160E-04  6.18E-03
6.310E+00 2.072E-02 5.428E-04  7.07E-03
5.957E+00 1.984E-02 7.025E-04  8.05E-03
5.623E+00 1.915E-02 9.051E-04  9.14E-03
5.309E+00 1.863E-02 1.162E-03  1.04E-02
5.012E+00 1.823E-02 1.486E-03  1.17E-02
4.732E+00 1.790E-02 1.898E-03  1.33E-02
4.467E+00 1.761E-02 2.421E-03  1.50E-02
4.217E+00 1.736E-02 3.083E-03  1.69E-02
3.981E+00 1.714E-02 3.922E-03  1.90E-02
3.758E+00 1.693E-02 4.990E-03  2.14E-02
3.548E+00 1.672E-02 6.347E-03  2.41E-02
3.350E+00 1.653E-02 8.069E-03  2.71E-02
3.162E+00 1.633E-02 1.026E-02  3.05E-02
2.985E+00 1.613E-02 1.306E-02  3.44E-02
2.818E+00 1.592E-02 1.662E-02  3.87E-02
2.661E+00 1.572E-02 2.117E-02  4.35E-02
2.512E+00 1.551E-02 2.699E-02  4.89E-02
2.371E+00 1.535E-02 3.443E-02  5.50E-02
2.239E+00 1.516E-02 4.397E-02  6.19E-02
2.113E+00 1.495E-02 5.623E-02  6.97E-02
1.995E+00 1.478E-02 7.202E-02  7.86E-02
1.884E+00 1.462E-02 9.238E-02  8.86E-02
1.778E+00 1.451E-02 1.187E-01  1.00E-01
1.679E+00 1.444E-02 1.527E-01  1.13E-01
1.585E+00 1.442E-02 1.968E-01  1.28E-01
1.496E+00 1.449E-02 2.539E-01  1.46E-01
1.413E+00 1.464E-02 3.281E-01  1.66E-01
1.334E+00 1.494E-02 4.244E-01  1.90E-01
1.259E+00 1.544E-02 5.499E-01  2.19E-01
1.189E+00 1.627E-02 7.134E-01  2.54E-01
1.122E+00 1.764E-02 9.287E-01  2.98E-01
1.059E+00 1.997E-02 1.220E+00  3.53E-01
1.000E+00 2.419E-02 1.641E+00  4.22E-01
9.441E-01 3.230E-02 2.346E+00  4.94E-01
8.913E-01 4.707E-02 3.729E+00  5.29E-01
8.414E-01 5.827E-02 5.766E+00  4.64E-01
7.943E-01 4.074E-02 5.990E+00  3.40E-01
7.499E-01 2.270E-02 5.072E+00  2.64E-01
7.079E-01 1.515E-02 4.472E+00  2.49E-01
6.683E-01 1.349E-02 4.168E+00  2.65E-01
6.310E-01 1.803E-02 4.160E+00  2.82E-01
5.957E-01 4.666E-02 6.111E+00  3.06E-01
5.623E-01 2.207E-02 4.252E+00  3.63E-01
5.309E-01 1.220E-02 3.307E+00  2.13E-01
5.012E-01 1.146E-02 3.574E+00  1.34E-01
4.732E-01 1.768E-02 2.747E+00  4.03E-03
4.467E-01 1.044E-02 1.293E+00  1.60E-01
4.217E-01 8.167E-03 1.156E+00  1.08E-01
3.981E-01 1.687E-02 2.522E+00  7.87E-02
3.758E-01 2.047E-02 1.559E+00  3.18E-01
3.548E-01 7.383E-02 3.069E+00  6.41E-01
3.350E-01 5.889E-02 2.967E+00  5.13E-01
3.162E-01 2.132E-01 3.706E+00  5.17E-01
2.985E-01 1.695E-01 2.315E+00  3.11E-01
2.818E-01 4.700E-01 1.447E+00  2.83E-01
2.661E-01 8.330E-01 1.790E+00  4.71E-01
2.512E-01 1.026E+00 1.943E+00  7.08E-01
2.371E-01 1.054E+00 1.425E+00  6.35E-01
2.239E-01 1.081E+00 1.537E+00  7.11E-01
2.113E-01 1.017E+00 1.505E+00  6.86E-01
1.995E-01 9.302E-01 1.571E+00  6.68E-01
1.884E-01 8.512E-01 1.649E+00  6.50E-01
1.778E-01 7.934E-01 1.741E+00  6.40E-01
1.679E-01 7.629E-01 1.832E+00  6.37E-01
1.585E-01 7.724E-01 1.916E+00  6.45E-01
1.496E-01 8.325E-01 1.909E+00  6.65E-01
1.413E-01 8.724E-01 1.870E+00  6.81E-01
1.334E-01 8.853E-01 1.853E+00  6.91E-01
1.259E-01 8.821E-01 1.847E+00  6.97E-01
1.189E-01 8.576E-01 1.867E+00  6.97E-01
1.122E-01 8.299E-01 1.858E+00  6.99E-01
1.059E-01 8.176E-01 1.783E+00  7.11E-01
1.000E-01 8.083E-01 1.709E+00  7.26E-01
9.441E-02 7.977E-01 1.658E+00  7.37E-01
8.913E-02 7.935E-01 1.606E+00  7.51E-01
8.414E-02 7.921E-01 1.560E+00  7.66E-01
7.943E-02 7.927E-01 1.518E+00  7.80E-01
7.499E-02 7.950E-01 1.481E+00  7.94E-01
7.079E-02 7.981E-01 1.447E+00  8.09E-01
6.683E-02 8.019E-01 1.415E+00  8.23E-01
6.310E-02 8.063E-01 1.387E+00  8.37E-01
5.957E-02 8.108E-01 1.360E+00  8.50E-01
5.623E-02 8.155E-01 1.335E+00  8.63E-01
5.309E-02 8.200E-01 1.312E+00  8.76E-01
5.012E-02 8.244E-01 1.291E+00  8.88E-01
4.732E-02 8.287E-01 1.271E+00  8.99E-01
4.467E-02 8.326E-01 1.253E+00  9.09E-01
4.217E-02 8.363E-01 1.236E+00  9.19E-01
3.981E-02 8.397E-01 1.220E+00  9.27E-01
3.758E-02 8.430E-01 1.206E+00  9.35E-01
3.548E-02 8.462E-01 1.192E+00  9.42E-01
3.350E-02 8.493E-01 1.178E+00  9.48E-01
3.162E-02 8.522E-01 1.166E+00  9.54E-01
2.985E-02 8.550E-01 1.153E+00  9.60E-01
2.818E-02 8.576E-01 1.141E+00  9.64E-01
2.661E-02 8.602E-01 1.129E+00  9.69E-01
2.512E-02 8.623E-01 1.117E+00  9.73E-01
2.371E-02 8.642E-01 1.105E+00  9.76E-01
2.239E-02 8.655E-01 1.096E+00  9.79E-01
2.113E-02 8.662E-01 1.089E+00  9.82E-01
1.995E-02 8.658E-01 1.089E+00  9.85E-01
1.884E-02 8.642E-01 1.097E+00  9.87E-01
1.778E-02 8.612E-01 1.118E+00  9.90E-01
1.679E-02 8.563E-01 1.153E+00  9.92E-01
1.585E-02 8.493E-01 1.204E+00  9.93E-01
1.496E-02 8.399E-01 1.268E+00  9.95E-01
1.413E-02 8.277E-01 1.336E+00  9.96E-01
1.334E-02 8.126E-01 1.392E+00  9.97E-01
1.259E-02 7.948E-01 1.398E+00  9.98E-01
1.189E-02 7.738E-01 1.292E+00  9.99E-01
1.122E-02 7.529E-01 8.075E-01  9.99E-01
1.059E-02 9.968E-01 8.987E-01  9.98E-01
1.000E-02 9.712E-01 9.099E-01  9.98E-01
9.441E-03 9.618E-01 9.533E-01  9.98E-01
8.913E-03 9.552E-01 9.795E-01  9.98E-01
8.414E-03 9.490E-01 1.001E+00  9.99E-01
7.943E-03 9.426E-01 1.018E+00  9.99E-01
7.499E-03 9.367E-01 1.003E+00  9.99E-01
7.079E-03 9.492E-01 1.008E+00  9.99E-01
6.683E-03 9.405E-01 1.047E+00  9.99E-01
6.310E-03 9.309E-01 1.082E+00  9.99E-01
5.957E-03 9.196E-01 1.120E+00  9.99E-01
5.623E-03 9.055E-01 1.160E+00  9.99E-01
5.309E-03 8.887E-01 1.200E+00  9.99E-01
5.012E-03 8.683E-01 1.235E+00  1.00E+00
4.732E-03 8.444E-01 1.243E+00  1.00E+00
4.467E-03 8.174E-01 1.086E+00  1.00E+00
4.217E-03 8.862E-01 1.113E+00  1.00E+00
3.981E-03 8.631E-01 1.188E+00  1.00E+00
3.758E-03 8.360E-01 1.248E+00  1.00E+00
3.548E-03 8.048E-01 1.297E+00  1.00E+00
3.350E-03 7.696E-01 1.337E+00  1.00E+00
3.162E-03 7.306E-01 1.367E+00  1.00E+00
2.985E-03 6.894E-01 1.385E+00  1.00E+00
2.818E-03 6.437E-01 1.392E+00  1.00E+00
2.661E-03 5.960E-01 1.384E+00  1.00E+00
2.512E-03 5.484E-01 1.359E+00  1.00E+00
2.371E-03 5.013E-01 1.321E+00  1.00E+00
2.239E-03 4.552E-01 1.273E+00  1.00E+00
2.113E-03 4.101E-01 1.215E+00  1.00E+00
1.995E-03 3.677E-01 1.150E+00  1.00E+00
1.884E-03 3.278E-01 1.080E+00  1.00E+00
1.778E-03 2.906E-01 1.007E+00  1.00E+00
1.679E-03 2.565E-01 9.317E-01  1.00E+00
1.585E-03 2.255E-01 8.573E-01  1.00E+00
1.496E-03 1.975E-01 7.854E-01  1.00E+00
1.413E-03 1.724E-01 7.160E-01  1.00E+00
1.334E-03 1.501E-01 6.490E-01  1.00E+00
1.259E-03 1.304E-01 5.868E-01  1.00E+00
1.189E-03 1.133E-01 5.295E-01  1.00E+00
1.122E-03 9.765E-02 4.747E-01  1.00E+00
1.059E-03 8.416E-02 4.239E-01  1.00E+00
