w(micron)  Q_abs     Q_sca     g=<cos>
1.000E+03 3.234E-08 3.751E-19  0.00E+00
9.441E+02 3.629E-08 4.723E-19  0.00E+00
8.913E+02 4.071E-08 5.945E-19  0.00E+00
8.414E+02 4.568E-08 7.485E-19  0.00E+00
7.943E+02 5.125E-08 9.423E-19  0.00E+00
7.499E+02 5.751E-08 1.186E-18  0.00E+00
7.079E+02 6.453E-08 1.493E-18  0.00E+00
6.683E+02 7.240E-08 1.880E-18  0.00E+00
6.310E+02 8.123E-08 2.367E-18  0.00E+00
5.957E+02 9.114E-08 2.980E-18  0.00E+00
5.623E+02 1.023E-07 3.751E-18  0.00E+00
5.309E+02 1.147E-07 4.723E-18  0.00E+00
5.012E+02 1.287E-07 5.945E-18  0.00E+00
4.732E+02 1.444E-07 7.485E-18  0.00E+00
4.467E+02 1.621E-07 9.423E-18  0.00E+00
4.217E+02 1.818E-07 1.186E-17  0.00E+00
3.981E+02 2.040E-07 1.493E-17  0.00E+00
3.758E+02 2.289E-07 1.880E-17  0.00E+00
3.548E+02 2.568E-07 2.367E-17  0.00E+00
3.350E+02 2.881E-07 2.980E-17  0.00E+00
3.162E+02 3.233E-07 3.751E-17  0.00E+00
2.985E+02 3.627E-07 4.723E-17  0.00E+00
2.818E+02 4.068E-07 5.946E-17  0.00E+00
2.661E+02 4.564E-07 7.487E-17  0.00E+00
2.512E+02 5.120E-07 9.426E-17  0.00E+00
2.371E+02 5.743E-07 1.187E-16  0.00E+00
2.239E+02 6.443E-07 1.494E-16  0.00E+00
2.113E+02 7.227E-07 1.881E-16  0.00E+00
1.995E+02 8.108E-07 2.368E-16  0.00E+00
1.884E+02 9.097E-07 2.981E-16  0.00E+00
1.778E+02 1.020E-06 3.753E-16  0.00E+00
1.679E+02 1.144E-06 4.725E-16  0.00E+00
1.585E+02 1.283E-06 5.949E-16  0.00E+00
1.496E+02 1.438E-06 7.491E-16  0.00E+00
1.413E+02 1.613E-06 9.432E-16  0.00E+00
1.334E+02 1.809E-06 1.188E-15  0.00E+00
1.259E+02 2.029E-06 1.495E-15  0.00E+00
1.189E+02 2.275E-06 1.882E-15  0.00E+00
1.122E+02 2.550E-06 2.370E-15  0.00E+00
1.059E+02 2.858E-06 2.985E-15  0.00E+00
1.000E+02 3.204E-06 3.758E-15  0.00E+00
9.441E+01 3.590E-06 4.733E-15  0.00E+00
8.913E+01 4.023E-06 5.960E-15  0.00E+00
8.414E+01 4.506E-06 7.505E-15  0.00E+00
7.943E+01 5.048E-06 9.452E-15  0.00E+00
7.499E+01 5.654E-06 1.190E-14  0.00E+00
7.079E+01 6.330E-06 1.499E-14  0.00E+00
6.683E+01 7.087E-06 1.889E-14  0.00E+00
6.310E+01 7.932E-06 2.379E-14  0.00E+00
5.957E+01 8.874E-06 2.997E-14  0.00E+00
5.623E+01 9.925E-06 3.776E-14  0.00E+00
5.309E+01 1.110E-05 4.759E-14  0.00E+00
5.012E+01 1.240E-05 5.997E-14  0.00E+00
4.732E+01 1.386E-05 7.559E-14  0.00E+00
4.467E+01 1.548E-05 9.529E-14  0.00E+00
4.217E+01 1.728E-05 1.201E-13  0.00E+00
3.981E+01 1.928E-05 1.515E-13  0.00E+00
3.758E+01 2.151E-05 1.912E-13  0.00E+00
3.548E+01 2.398E-05 2.412E-13  0.00E+00
3.350E+01 2.672E-05 3.046E-13  0.00E+00
3.162E+01 2.977E-05 3.847E-13  0.00E+00
2.985E+01 3.316E-05 4.861E-13  0.00E+00
2.818E+01 3.695E-05 6.148E-13  0.00E+00
2.661E+01 4.117E-05 7.780E-13  0.00E+00
2.512E+01 4.592E-05 9.855E-13  0.00E+00
2.371E+01 5.126E-05 1.250E-12  0.00E+00
2.239E+01 5.736E-05 1.588E-12  0.00E+00
2.113E+01 6.443E-05 2.022E-12  5.66E-07
1.995E+01 7.277E-05 2.580E-12  6.49E-07
1.884E+01 8.292E-05 3.303E-12  7.49E-07
1.778E+01 9.577E-05 4.247E-12  8.71E-07
1.679E+01 1.126E-04 5.493E-12  1.03E-06
1.585E+01 1.374E-04 7.167E-12  1.23E-06
1.496E+01 1.731E-04 9.451E-12  1.52E-06
1.413E+01 2.343E-04 1.269E-11  1.96E-06
1.334E+01 3.499E-04 1.755E-11  2.54E-06
1.259E+01 6.051E-04 2.546E-11  9.15E-07
1.189E+01 1.309E-03 4.029E-11 -6.53E-07
1.122E+01 3.863E-03 7.200E-11 -1.19E-07
1.059E+01 8.506E-03 7.521E-11  3.65E-07
1.000E+01 4.085E-03 1.711E-11  7.58E-07
9.441E+00 1.910E-03 1.233E-11  1.07E-06
8.913E+00 1.167E-03 1.936E-11  1.37E-06
8.414E+00 8.471E-04 2.966E-11  1.68E-06
7.943E+00 6.806E-04 4.253E-11  1.99E-06
7.499E+00 5.805E-04 5.854E-11  2.33E-06
7.079E+00 5.190E-04 7.843E-11  2.70E-06
6.683E+00 4.776E-04 1.034E-10  3.10E-06
6.310E+00 4.489E-04 1.346E-10  3.55E-06
5.957E+00 4.279E-04 1.740E-10  4.04E-06
5.623E+00 4.107E-04 2.237E-10  4.59E-06
5.309E+00 3.972E-04 2.864E-10  5.21E-06
5.012E+00 3.861E-04 3.656E-10  5.89E-06
4.732E+00 3.763E-04 4.654E-10  6.66E-06
4.467E+00 3.671E-04 5.919E-10  7.52E-06
4.217E+00 3.587E-04 7.510E-10  8.48E-06
3.981E+00 3.506E-04 9.516E-10  9.55E-06
3.758E+00 3.422E-04 1.205E-09  1.08E-05
3.548E+00 3.337E-04 1.526E-09  1.21E-05
3.350E+00 3.251E-04 1.929E-09  1.36E-05
3.162E+00 3.160E-04 2.439E-09  1.53E-05
2.985E+00 3.067E-04 3.081E-09  1.73E-05
2.818E+00 2.966E-04 3.892E-09  1.94E-05
2.661E+00 2.864E-04 4.915E-09  2.18E-05
2.512E+00 2.756E-04 6.206E-09  2.45E-05
2.371E+00 2.650E-04 7.831E-09  2.76E-05
2.239E+00 2.537E-04 9.883E-09  3.10E-05
2.113E+00 2.416E-04 1.247E-08  3.48E-05
1.995E+00 2.294E-04 1.574E-08  3.91E-05
1.884E+00 2.171E-04 1.987E-08  4.40E-05
1.778E+00 2.050E-04 2.507E-08  4.94E-05
1.679E+00 1.929E-04 3.164E-08  5.55E-05
1.585E+00 1.808E-04 3.993E-08  6.24E-05
1.496E+00 1.690E-04 5.037E-08  7.01E-05
1.413E+00 1.573E-04 6.356E-08  7.88E-05
1.334E+00 1.460E-04 8.020E-08  8.86E-05
1.259E+00 1.350E-04 1.012E-07  9.95E-05
1.189E+00 1.245E-04 1.278E-07  1.12E-04
1.122E+00 1.144E-04 1.613E-07  1.26E-04
1.059E+00 1.048E-04 2.037E-07  1.41E-04
1.000E+00 9.579E-05 2.572E-07  1.59E-04
9.441E-01 8.728E-05 3.248E-07  1.79E-04
8.913E-01 7.927E-05 4.103E-07  2.01E-04
8.414E-01 7.184E-05 5.185E-07  2.26E-04
7.943E-01 6.491E-05 6.555E-07  2.54E-04
7.499E-01 5.849E-05 8.291E-07  2.86E-04
7.079E-01 5.260E-05 1.049E-06  3.22E-04
6.683E-01 4.716E-05 1.328E-06  3.63E-04
6.310E-01 4.221E-05 1.682E-06  4.09E-04
5.957E-01 3.770E-05 2.133E-06  4.62E-04
5.623E-01 3.347E-05 2.706E-06  5.21E-04
5.309E-01 2.968E-05 3.435E-06  5.88E-04
5.012E-01 2.627E-05 4.366E-06  6.64E-04
4.732E-01 2.315E-05 5.557E-06  7.52E-04
4.467E-01 2.032E-05 7.084E-06  8.52E-04
4.217E-01 1.754E-05 9.046E-06  9.66E-04
3.981E-01 2.311E-05 1.158E-05  1.10E-03
3.758E-01 5.948E-05 1.485E-05  1.25E-03
3.548E-01 1.294E-04 1.910E-05  1.43E-03
3.350E-01 1.629E-04 2.462E-05  1.64E-03
3.162E-01 3.294E-04 3.190E-05  1.89E-03
2.985E-01 5.081E-04 4.155E-05  2.19E-03
2.818E-01 1.092E-03 5.439E-05  2.57E-03
2.661E-01 2.350E-03 7.143E-05  3.02E-03
2.512E-01 4.222E-03 9.441E-05  3.60E-03
2.371E-01 6.003E-03 1.258E-04  4.36E-03
2.239E-01 8.925E-03 1.694E-04  5.44E-03
2.113E-01 1.395E-02 2.310E-04  7.00E-03
1.995E-01 2.382E-02 3.205E-04  9.18E-03
1.884E-01 4.207E-02 4.446E-04  9.43E-03
1.778E-01 6.485E-02 6.177E-04  5.20E-03
1.679E-01 9.277E-02 8.695E-04  5.21E-04
1.585E-01 1.384E-01 1.265E-03 -1.26E-03
1.496E-01 2.158E-01 1.785E-03 -5.99E-04
1.413E-01 2.894E-01 2.369E-03  3.60E-05
1.334E-01 3.827E-01 3.259E-03  4.41E-04
1.259E-01 4.858E-01 4.523E-03  7.43E-04
1.189E-01 6.575E-01 6.903E-03  1.01E-03
1.122E-01 9.242E-01 1.055E-02  1.61E-03
1.059E-01 1.185E+00 1.327E-02  2.73E-03
1.000E-01 1.261E+00 1.400E-02  3.95E-03
9.441E-02 1.235E+00 1.433E-02  5.11E-03
8.913E-02 1.132E+00 1.362E-02  6.46E-03
8.414E-02 1.012E+00 1.276E-02  7.90E-03
7.943E-02 8.989E-01 1.198E-02  9.45E-03
7.499E-02 7.980E-01 1.129E-02  1.11E-02
7.079E-02 7.112E-01 1.075E-02  1.30E-02
6.683E-02 6.368E-01 1.033E-02  1.50E-02
6.310E-02 5.728E-01 9.996E-03  1.73E-02
5.957E-02 5.175E-01 9.746E-03  1.98E-02
5.623E-02 4.691E-01 9.553E-03  2.26E-02
5.309E-02 4.267E-01 9.408E-03  2.58E-02
5.012E-02 3.888E-01 9.297E-03  2.93E-02
4.732E-02 3.551E-01 9.204E-03  3.33E-02
4.467E-02 3.249E-01 9.136E-03  3.78E-02
4.217E-02 2.975E-01 9.071E-03  4.29E-02
3.981E-02 2.728E-01 9.015E-03  4.86E-02
3.758E-02 2.500E-01 8.948E-03  5.51E-02
3.548E-02 2.294E-01 8.876E-03  6.23E-02
3.350E-02 2.106E-01 8.792E-03  7.05E-02
3.162E-02 1.933E-01 8.691E-03  7.97E-02
2.985E-02 1.773E-01 8.566E-03  9.01E-02
2.818E-02 1.626E-01 8.422E-03  1.02E-01
2.661E-02 1.491E-01 8.242E-03  1.15E-01
2.512E-02 1.366E-01 8.028E-03  1.30E-01
2.371E-02 1.251E-01 7.776E-03  1.46E-01
2.239E-02 1.145E-01 7.490E-03  1.65E-01
2.113E-02 1.046E-01 7.160E-03  1.86E-01
1.995E-02 9.563E-02 6.798E-03  2.09E-01
1.884E-02 8.719E-02 6.385E-03  2.35E-01
1.778E-02 7.944E-02 5.933E-03  2.64E-01
1.679E-02 7.230E-02 5.446E-03  2.96E-01
1.585E-02 6.572E-02 4.920E-03  3.32E-01
1.496E-02 5.965E-02 4.358E-03  3.70E-01
1.413E-02 5.404E-02 3.760E-03  4.12E-01
1.334E-02 4.886E-02 3.125E-03  4.57E-01
1.259E-02 4.414E-02 2.452E-03  5.04E-01
1.189E-02 3.974E-02 1.736E-03  5.52E-01
1.122E-02 3.574E-02 7.692E-04  6.01E-01
1.059E-02 1.433E-01 4.531E-03  6.56E-01
1.000E-02 1.353E-01 4.522E-03  6.90E-01
9.441E-03 1.267E-01 4.874E-03  7.22E-01
8.913E-03 1.177E-01 4.895E-03  7.48E-01
8.414E-03 1.086E-01 4.745E-03  7.69E-01
7.943E-03 9.952E-02 4.438E-03  7.84E-01
7.499E-03 9.080E-02 3.719E-03  7.97E-01
7.079E-03 1.056E-01 4.972E-03  8.10E-01
6.683E-03 9.597E-02 4.937E-03  8.23E-01
6.310E-03 8.682E-02 4.720E-03  8.39E-01
5.957E-03 7.830E-02 4.424E-03  8.56E-01
5.623E-03 7.017E-02 4.083E-03  8.72E-01
5.309E-03 6.274E-02 3.710E-03  8.85E-01
5.012E-03 5.588E-02 3.309E-03  8.94E-01
4.732E-03 4.968E-02 2.814E-03  9.01E-01
4.467E-03 4.402E-02 1.872E-03  9.09E-01
4.217E-03 6.032E-02 2.929E-03  9.18E-01
3.981E-03 5.364E-02 2.890E-03  9.27E-01
3.758E-03 4.747E-02 2.738E-03  9.34E-01
3.548E-03 4.191E-02 2.542E-03  9.39E-01
3.350E-03 3.689E-02 2.337E-03  9.43E-01
3.162E-03 3.240E-02 2.128E-03  9.49E-01
2.985E-03 2.846E-02 1.936E-03  9.55E-01
2.818E-03 2.480E-02 1.751E-03  9.58E-01
2.661E-03 2.155E-02 1.574E-03  9.62E-01
2.512E-03 1.872E-02 1.410E-03  9.66E-01
2.371E-03 1.626E-02 1.261E-03  9.69E-01
2.239E-03 1.411E-02 1.127E-03  9.71E-01
2.113E-03 1.219E-02 1.004E-03  9.74E-01
1.995E-03 1.054E-02 8.944E-04  9.76E-01
1.884E-03 9.095E-03 7.954E-04  9.79E-01
1.778E-03 7.835E-03 7.062E-04  9.81E-01
1.679E-03 6.744E-03 6.262E-04  9.82E-01
1.585E-03 5.802E-03 5.549E-04  9.84E-01
1.496E-03 4.986E-03 4.918E-04  9.86E-01
1.413E-03 4.281E-03 4.356E-04  9.87E-01
1.334E-03 3.673E-03 3.849E-04  9.88E-01
1.259E-03 3.152E-03 3.404E-04  9.89E-01
1.189E-03 2.708E-03 3.014E-04  9.90E-01
1.122E-03 2.313E-03 2.655E-04  9.91E-01
1.059E-03 1.977E-03 2.336E-04  9.92E-01
