w(micron)  Q_abs     Q_sca     g=<cos>
1.000E+03 1.621E-08 2.367E-20  0.00E+00
9.441E+02 1.819E-08 2.980E-20  0.00E+00
8.913E+02 2.040E-08 3.751E-20  0.00E+00
8.414E+02 2.289E-08 4.723E-20  0.00E+00
7.943E+02 2.569E-08 5.945E-20  0.00E+00
7.499E+02 2.882E-08 7.485E-20  0.00E+00
7.079E+02 3.234E-08 9.423E-20  0.00E+00
6.683E+02 3.629E-08 1.186E-19  0.00E+00
6.310E+02 4.071E-08 1.493E-19  0.00E+00
5.957E+02 4.568E-08 1.880E-19  0.00E+00
5.623E+02 5.125E-08 2.367E-19  0.00E+00
5.309E+02 5.751E-08 2.980E-19  0.00E+00
5.012E+02 6.452E-08 3.751E-19  0.00E+00
4.732E+02 7.239E-08 4.723E-19  0.00E+00
4.467E+02 8.122E-08 5.945E-19  0.00E+00
4.217E+02 9.113E-08 7.485E-19  0.00E+00
3.981E+02 1.022E-07 9.423E-19  0.00E+00
3.758E+02 1.147E-07 1.186E-18  0.00E+00
3.548E+02 1.287E-07 1.493E-18  0.00E+00
3.350E+02 1.444E-07 1.880E-18  0.00E+00
3.162E+02 1.620E-07 2.367E-18  0.00E+00
2.985E+02 1.818E-07 2.980E-18  0.00E+00
2.818E+02 2.039E-07 3.752E-18  0.00E+00
2.661E+02 2.287E-07 4.724E-18  0.00E+00
2.512E+02 2.566E-07 5.947E-18  0.00E+00
2.371E+02 2.878E-07 7.488E-18  0.00E+00
2.239E+02 3.229E-07 9.426E-18  0.00E+00
2.113E+02 3.622E-07 1.187E-17  0.00E+00
1.995E+02 4.064E-07 1.494E-17  0.00E+00
1.884E+02 4.559E-07 1.881E-17  0.00E+00
1.778E+02 5.114E-07 2.368E-17  0.00E+00
1.679E+02 5.735E-07 2.981E-17  0.00E+00
1.585E+02 6.430E-07 3.754E-17  0.00E+00
1.496E+02 7.209E-07 4.727E-17  0.00E+00
1.413E+02 8.083E-07 5.951E-17  0.00E+00
1.334E+02 9.066E-07 7.493E-17  0.00E+00
1.259E+02 1.017E-06 9.433E-17  0.00E+00
1.189E+02 1.140E-06 1.188E-16  0.00E+00
1.122E+02 1.278E-06 1.496E-16  0.00E+00
1.059E+02 1.433E-06 1.883E-16  0.00E+00
1.000E+02 1.606E-06 2.371E-16  0.00E+00
9.441E+01 1.799E-06 2.986E-16  0.00E+00
8.913E+01 2.016E-06 3.760E-16  0.00E+00
8.414E+01 2.259E-06 4.736E-16  0.00E+00
7.943E+01 2.530E-06 5.964E-16  0.00E+00
7.499E+01 2.833E-06 7.511E-16  0.00E+00
7.079E+01 3.173E-06 9.461E-16  0.00E+00
6.683E+01 3.552E-06 1.192E-15  0.00E+00
6.310E+01 3.975E-06 1.501E-15  0.00E+00
5.957E+01 4.448E-06 1.891E-15  0.00E+00
5.623E+01 4.974E-06 2.383E-15  0.00E+00
5.309E+01 5.562E-06 3.002E-15  0.00E+00
5.012E+01 6.216E-06 3.784E-15  0.00E+00
4.732E+01 6.945E-06 4.769E-15  0.00E+00
4.467E+01 7.757E-06 6.012E-15  0.00E+00
4.217E+01 8.660E-06 7.581E-15  0.00E+00
3.981E+01 9.664E-06 9.561E-15  0.00E+00
3.758E+01 1.078E-05 1.206E-14  0.00E+00
3.548E+01 1.202E-05 1.522E-14  0.00E+00
3.350E+01 1.339E-05 1.922E-14  0.00E+00
3.162E+01 1.492E-05 2.427E-14  0.00E+00
2.985E+01 1.662E-05 3.067E-14  0.00E+00
2.818E+01 1.852E-05 3.879E-14  0.00E+00
2.661E+01 2.064E-05 4.909E-14  0.00E+00
2.512E+01 2.301E-05 6.218E-14  0.00E+00
2.371E+01 2.569E-05 7.887E-14  0.00E+00
2.239E+01 2.875E-05 1.002E-13  0.00E+00
2.113E+01 3.229E-05 1.276E-13  0.00E+00
1.995E+01 3.647E-05 1.628E-13  0.00E+00
1.884E+01 4.156E-05 2.084E-13  0.00E+00
1.778E+01 4.800E-05 2.680E-13  0.00E+00
1.679E+01 5.645E-05 3.466E-13  0.00E+00
1.585E+01 6.884E-05 4.522E-13  0.00E+00
1.496E+01 8.676E-05 5.963E-13  0.00E+00
1.413E+01 1.174E-04 8.010E-13  0.00E+00
1.334E+01 1.754E-04 1.107E-12  0.00E+00
1.259E+01 3.033E-04 1.606E-12  0.00E+00
1.189E+01 6.562E-04 2.542E-12  0.00E+00
1.122E+01 1.936E-03 4.543E-12  0.00E+00
1.059E+01 4.263E-03 4.746E-12  9.16E-08
1.000E+01 1.648E-03 1.012E-12  3.75E-07
9.441E+00 8.757E-04 9.821E-13  4.20E-07
8.913E+00 5.578E-04 1.815E-12  4.71E-07
8.414E+00 4.245E-04 1.872E-12  4.21E-07
7.943E+00 3.411E-04 2.683E-12  5.00E-07
7.499E+00 2.909E-04 3.693E-12  5.85E-07
7.079E+00 2.601E-04 4.949E-12  6.78E-07
6.683E+00 2.394E-04 6.522E-12  7.80E-07
6.310E+00 2.250E-04 8.496E-12  8.91E-07
5.957E+00 2.144E-04 1.098E-11  1.02E-06
5.623E+00 2.059E-04 1.411E-11  1.15E-06
5.309E+00 1.990E-04 1.807E-11  1.31E-06
5.012E+00 1.935E-04 2.306E-11  1.48E-06
4.732E+00 1.886E-04 2.937E-11  1.67E-06
4.467E+00 1.840E-04 3.734E-11  1.89E-06
4.217E+00 1.798E-04 4.738E-11  2.13E-06
3.981E+00 1.757E-04 6.004E-11  2.40E-06
3.758E+00 1.715E-04 7.605E-11  2.70E-06
3.548E+00 1.672E-04 9.625E-11  3.04E-06
3.350E+00 1.629E-04 1.217E-10  3.42E-06
3.162E+00 1.584E-04 1.539E-10  3.85E-06
2.985E+00 1.537E-04 1.944E-10  4.33E-06
2.818E+00 1.487E-04 2.456E-10  4.87E-06
2.661E+00 1.435E-04 3.101E-10  5.48E-06
2.512E+00 1.381E-04 3.915E-10  6.16E-06
2.371E+00 1.328E-04 4.941E-10  6.92E-06
2.239E+00 1.271E-04 6.235E-10  7.78E-06
2.113E+00 1.211E-04 7.869E-10  8.74E-06
1.995E+00 1.150E-04 9.931E-10  9.83E-06
1.884E+00 1.088E-04 1.253E-09  1.10E-05
1.778E+00 1.027E-04 1.582E-09  1.24E-05
1.679E+00 9.666E-05 1.996E-09  1.40E-05
1.585E+00 9.059E-05 2.519E-09  1.57E-05
1.496E+00 8.469E-05 3.178E-09  1.76E-05
1.413E+00 7.881E-05 4.010E-09  1.98E-05
1.334E+00 7.317E-05 5.060E-09  2.22E-05
1.259E+00 6.765E-05 6.386E-09  2.50E-05
1.189E+00 6.238E-05 8.060E-09  2.81E-05
1.122E+00 5.733E-05 1.017E-08  3.16E-05
1.059E+00 5.251E-05 1.285E-08  3.55E-05
1.000E+00 4.798E-05 1.622E-08  3.99E-05
9.441E-01 4.371E-05 2.049E-08  4.49E-05
8.913E-01 3.970E-05 2.588E-08  5.05E-05
8.414E-01 3.597E-05 3.270E-08  5.68E-05
7.943E-01 3.250E-05 4.134E-08  6.39E-05
7.499E-01 2.928E-05 5.229E-08  7.19E-05
7.079E-01 2.633E-05 6.615E-08  8.10E-05
6.683E-01 2.361E-05 8.374E-08  9.12E-05
6.310E-01 2.112E-05 1.061E-07  1.03E-04
5.957E-01 1.886E-05 1.345E-07  1.16E-04
5.623E-01 1.674E-05 1.706E-07  1.31E-04
5.309E-01 1.484E-05 2.166E-07  1.48E-04
5.012E-01 1.313E-05 2.752E-07  1.67E-04
4.732E-01 1.157E-05 3.502E-07  1.89E-04
4.467E-01 1.015E-05 4.464E-07  2.14E-04
4.217E-01 8.757E-06 5.700E-07  2.43E-04
3.981E-01 1.153E-05 7.295E-07  2.76E-04
3.758E-01 2.966E-05 9.350E-07  3.14E-04
3.548E-01 6.449E-05 1.203E-06  3.59E-04
3.350E-01 8.110E-05 1.550E-06  4.12E-04
3.162E-01 1.638E-04 2.008E-06  4.75E-04
2.985E-01 2.524E-04 2.614E-06  5.51E-04
2.818E-01 5.412E-04 3.419E-06  6.44E-04
2.661E-01 1.162E-03 4.489E-06  7.58E-04
2.512E-01 2.083E-03 5.929E-06  9.03E-04
2.371E-01 2.948E-03 7.891E-06  1.09E-03
2.239E-01 4.355E-03 1.062E-05  1.36E-03
2.113E-01 6.727E-03 1.446E-05  1.75E-03
1.995E-01 1.124E-02 2.003E-05  2.29E-03
1.884E-01 1.935E-02 2.774E-05  2.38E-03
1.778E-01 2.977E-02 3.847E-05  1.38E-03
1.679E-01 4.350E-02 5.402E-05  1.88E-04
1.585E-01 6.625E-02 7.836E-05 -3.01E-04
1.496E-01 1.042E-01 1.103E-04 -1.48E-04
1.413E-01 1.398E-01 1.461E-04  9.40E-06
1.334E-01 1.848E-01 2.005E-04  1.08E-04
1.259E-01 2.342E-01 2.776E-04  1.80E-04
1.189E-01 3.164E-01 4.225E-04  2.42E-04
1.122E-01 4.457E-01 6.470E-04  3.90E-04
1.059E-01 5.811E-01 8.280E-04  6.69E-04
1.000E-01 6.323E-01 8.944E-04  9.70E-04
9.441E-02 6.298E-01 9.326E-04  1.25E-03
8.913E-02 5.854E-01 9.013E-04  1.58E-03
8.414E-02 5.288E-01 8.552E-04  1.93E-03
7.943E-02 4.730E-01 8.103E-04  2.31E-03
7.499E-02 4.220E-01 7.703E-04  2.72E-03
7.079E-02 3.775E-01 7.385E-04  3.16E-03
6.683E-02 3.391E-01 7.143E-04  3.66E-03
6.310E-02 3.058E-01 6.959E-04  4.20E-03
5.957E-02 2.768E-01 6.831E-04  4.81E-03
5.623E-02 2.514E-01 6.743E-04  5.49E-03
5.309E-02 2.290E-01 6.690E-04  6.26E-03
5.012E-02 2.091E-01 6.664E-04  7.11E-03
4.732E-02 1.912E-01 6.654E-04  8.08E-03
4.467E-02 1.751E-01 6.666E-04  9.16E-03
4.217E-02 1.605E-01 6.685E-04  1.04E-02
3.981E-02 1.472E-01 6.716E-04  1.17E-02
3.758E-02 1.350E-01 6.744E-04  1.33E-02
3.548E-02 1.239E-01 6.776E-04  1.50E-02
3.350E-02 1.137E-01 6.807E-04  1.70E-02
3.162E-02 1.043E-01 6.833E-04  1.92E-02
2.985E-02 9.559E-02 6.848E-04  2.16E-02
2.818E-02 8.755E-02 6.857E-04  2.44E-02
2.661E-02 8.015E-02 6.846E-04  2.75E-02
2.512E-02 7.326E-02 6.817E-04  3.11E-02
2.371E-02 6.695E-02 6.763E-04  3.50E-02
2.239E-02 6.109E-02 6.688E-04  3.95E-02
2.113E-02 5.568E-02 6.580E-04  4.45E-02
1.995E-02 5.071E-02 6.445E-04  5.02E-02
1.884E-02 4.606E-02 6.264E-04  5.65E-02
1.778E-02 4.180E-02 6.040E-04  6.37E-02
1.679E-02 3.787E-02 5.770E-04  7.18E-02
1.585E-02 3.428E-02 5.442E-04  8.09E-02
1.496E-02 3.098E-02 5.047E-04  9.11E-02
1.413E-02 2.795E-02 4.572E-04  1.03E-01
1.334E-02 2.516E-02 3.997E-04  1.16E-01
1.259E-02 2.264E-02 3.304E-04  1.30E-01
1.189E-02 2.030E-02 2.467E-04  1.47E-01
1.122E-02 1.817E-02 1.151E-04  1.66E-01
1.059E-02 7.449E-02 7.411E-04  1.88E-01
1.000E-02 7.081E-02 7.753E-04  2.11E-01
9.441E-03 6.626E-02 8.685E-04  2.37E-01
8.913E-03 6.145E-02 9.004E-04  2.66E-01
8.414E-03 5.656E-02 8.951E-04  2.98E-01
7.943E-03 5.171E-02 8.534E-04  3.34E-01
7.499E-03 4.703E-02 7.247E-04  3.73E-01
7.079E-03 5.496E-02 9.882E-04  4.16E-01
6.683E-03 4.985E-02 9.896E-04  4.60E-01
6.310E-03 4.496E-02 9.529E-04  5.07E-01
5.957E-03 4.043E-02 8.990E-04  5.54E-01
5.623E-03 3.613E-02 8.345E-04  6.01E-01
5.309E-03 3.222E-02 7.621E-04  6.46E-01
5.012E-03 2.862E-02 6.829E-04  6.86E-01
4.732E-03 2.538E-02 5.842E-04  7.20E-01
4.467E-03 2.242E-02 3.921E-04  7.47E-01
4.217E-03 3.088E-02 6.266E-04  7.67E-01
3.981E-03 2.739E-02 6.275E-04  7.83E-01
3.758E-03 2.419E-02 6.032E-04  7.95E-01
3.548E-03 2.131E-02 5.672E-04  8.07E-01
3.350E-03 1.873E-02 5.269E-04  8.21E-01
3.162E-03 1.642E-02 4.842E-04  8.38E-01
2.985E-03 1.441E-02 4.433E-04  8.55E-01
2.818E-03 1.254E-02 4.029E-04  8.72E-01
2.661E-03 1.088E-02 3.645E-04  8.85E-01
2.512E-03 9.443E-03 3.289E-04  8.94E-01
2.371E-03 8.195E-03 2.963E-04  9.01E-01
2.239E-03 7.103E-03 2.664E-04  9.08E-01
2.113E-03 6.134E-03 2.385E-04  9.17E-01
1.995E-03 5.299E-03 2.133E-04  9.27E-01
1.884E-03 4.572E-03 1.905E-04  9.34E-01
1.778E-03 3.937E-03 1.699E-04  9.38E-01
1.679E-03 3.387E-03 1.513E-04  9.43E-01
1.585E-03 2.913E-03 1.345E-04  9.49E-01
1.496E-03 2.503E-03 1.195E-04  9.54E-01
1.413E-03 2.148E-03 1.062E-04  9.58E-01
1.334E-03 1.843E-03 9.409E-05  9.62E-01
1.259E-03 1.581E-03 8.338E-05  9.66E-01
1.189E-03 1.359E-03 7.400E-05  9.69E-01
1.122E-03 1.160E-03 6.535E-05  9.71E-01
1.059E-03 9.916E-04 5.759E-05  9.74E-01
