w(micron)  Q_abs     Q_sca     g=<cos>
1.000E+03 9.115E-09 2.367E-21  0.00E+00
9.441E+02 1.023E-08 2.980E-21  0.00E+00
8.913E+02 1.147E-08 3.751E-21  0.00E+00
8.414E+02 1.287E-08 4.723E-21  0.00E+00
7.943E+02 1.445E-08 5.945E-21  0.00E+00
7.499E+02 1.621E-08 7.485E-21  0.00E+00
7.079E+02 1.819E-08 9.423E-21  0.00E+00
6.683E+02 2.040E-08 1.186E-20  0.00E+00
6.310E+02 2.289E-08 1.493E-20  0.00E+00
5.957E+02 2.569E-08 1.880E-20  0.00E+00
5.623E+02 2.882E-08 2.367E-20  0.00E+00
5.309E+02 3.234E-08 2.980E-20  0.00E+00
5.012E+02 3.628E-08 3.751E-20  0.00E+00
4.732E+02 4.071E-08 4.723E-20  0.00E+00
4.467E+02 4.568E-08 5.945E-20  0.00E+00
4.217E+02 5.125E-08 7.485E-20  0.00E+00
3.981E+02 5.750E-08 9.423E-20  0.00E+00
3.758E+02 6.451E-08 1.186E-19  0.00E+00
3.548E+02 7.238E-08 1.493E-19  0.00E+00
3.350E+02 8.120E-08 1.880E-19  0.00E+00
3.162E+02 9.111E-08 2.367E-19  0.00E+00
2.985E+02 1.022E-07 2.980E-19  0.00E+00
2.818E+02 1.147E-07 3.752E-19  0.00E+00
2.661E+02 1.286E-07 4.724E-19  0.00E+00
2.512E+02 1.443E-07 5.947E-19  0.00E+00
2.371E+02 1.619E-07 7.488E-19  0.00E+00
2.239E+02 1.816E-07 9.426E-19  0.00E+00
2.113E+02 2.037E-07 1.187E-18  0.00E+00
1.995E+02 2.285E-07 1.494E-18  0.00E+00
1.884E+02 2.564E-07 1.881E-18  0.00E+00
1.778E+02 2.876E-07 2.368E-18  0.00E+00
1.679E+02 3.225E-07 2.981E-18  0.00E+00
1.585E+02 3.616E-07 3.754E-18  0.00E+00
1.496E+02 4.054E-07 4.727E-18  0.00E+00
1.413E+02 4.545E-07 5.951E-18  0.00E+00
1.334E+02 5.098E-07 7.493E-18  0.00E+00
1.259E+02 5.718E-07 9.433E-18  0.00E+00
1.189E+02 6.412E-07 1.188E-17  0.00E+00
1.122E+02 7.187E-07 1.496E-17  0.00E+00
1.059E+02 8.056E-07 1.883E-17  0.00E+00
1.000E+02 9.029E-07 2.371E-17  0.00E+00
9.441E+01 1.012E-06 2.986E-17  0.00E+00
8.913E+01 1.134E-06 3.760E-17  0.00E+00
8.414E+01 1.270E-06 4.736E-17  0.00E+00
7.943E+01 1.423E-06 5.964E-17  0.00E+00
7.499E+01 1.593E-06 7.511E-17  0.00E+00
7.079E+01 1.784E-06 9.461E-17  0.00E+00
6.683E+01 1.997E-06 1.192E-16  0.00E+00
6.310E+01 2.235E-06 1.501E-16  0.00E+00
5.957E+01 2.501E-06 1.891E-16  0.00E+00
5.623E+01 2.797E-06 2.383E-16  0.00E+00
5.309E+01 3.128E-06 3.002E-16  0.00E+00
5.012E+01 3.496E-06 3.784E-16  0.00E+00
4.732E+01 3.906E-06 4.769E-16  0.00E+00
4.467E+01 4.362E-06 6.012E-16  0.00E+00
4.217E+01 4.870E-06 7.581E-16  0.00E+00
3.981E+01 5.434E-06 9.561E-16  0.00E+00
3.758E+01 6.062E-06 1.206E-15  0.00E+00
3.548E+01 6.759E-06 1.522E-15  0.00E+00
3.350E+01 7.531E-06 1.922E-15  0.00E+00
3.162E+01 8.391E-06 2.427E-15  0.00E+00
2.985E+01 9.347E-06 3.067E-15  0.00E+00
2.818E+01 1.041E-05 3.879E-15  0.00E+00
2.661E+01 1.160E-05 4.909E-15  0.00E+00
2.512E+01 1.294E-05 6.218E-15  0.00E+00
2.371E+01 1.445E-05 7.887E-15  0.00E+00
2.239E+01 1.617E-05 1.002E-14  0.00E+00
2.113E+01 1.816E-05 1.276E-14  0.00E+00
1.995E+01 2.051E-05 1.628E-14  0.00E+00
1.884E+01 2.337E-05 2.084E-14  0.00E+00
1.778E+01 2.699E-05 2.680E-14  0.00E+00
1.679E+01 3.175E-05 3.466E-14  0.00E+00
1.585E+01 3.871E-05 4.522E-14  0.00E+00
1.496E+01 4.879E-05 5.963E-14  0.00E+00
1.413E+01 6.604E-05 8.010E-14  0.00E+00
1.334E+01 9.862E-05 1.107E-13  0.00E+00
1.259E+01 1.705E-04 1.606E-13  0.00E+00
1.189E+01 3.690E-04 2.542E-13  0.00E+00
1.122E+01 1.089E-03 4.543E-13  0.00E+00
1.059E+01 2.397E-03 4.746E-13  0.00E+00
1.000E+01 1.151E-03 1.080E-13  0.00E+00
9.441E+00 5.384E-04 7.780E-14  0.00E+00
8.913E+00 3.289E-04 1.222E-13  0.00E+00
8.414E+00 2.387E-04 1.872E-13  0.00E+00
7.943E+00 1.918E-04 2.683E-13  0.00E+00
7.499E+00 1.636E-04 3.693E-13  0.00E+00
7.079E+00 1.463E-04 4.949E-13  0.00E+00
6.683E+00 1.346E-04 6.522E-13  0.00E+00
6.310E+00 1.265E-04 8.496E-13  0.00E+00
5.957E+00 1.206E-04 1.098E-12  3.21E-07
5.623E+00 1.158E-04 1.411E-12  3.65E-07
5.309E+00 1.119E-04 1.807E-12  4.13E-07
5.012E+00 1.088E-04 2.306E-12  4.68E-07
4.732E+00 1.061E-04 2.937E-12  5.29E-07
4.467E+00 1.035E-04 3.734E-12  5.97E-07
4.217E+00 1.011E-04 4.738E-12  6.73E-07
3.981E+00 9.880E-05 6.004E-12  7.58E-07
3.758E+00 9.645E-05 7.605E-12  8.55E-07
3.548E+00 9.405E-05 9.625E-12  9.62E-07
3.350E+00 9.162E-05 1.217E-11  1.08E-06
3.162E+00 8.906E-05 1.539E-11  1.22E-06
2.985E+00 8.642E-05 1.944E-11  1.37E-06
2.818E+00 8.360E-05 2.456E-11  1.54E-06
2.661E+00 8.072E-05 3.101E-11  1.73E-06
2.512E+00 7.767E-05 3.915E-11  1.95E-06
2.371E+00 7.468E-05 4.941E-11  2.19E-06
2.239E+00 7.148E-05 6.235E-11  2.46E-06
2.113E+00 6.807E-05 7.869E-11  2.76E-06
1.995E+00 6.464E-05 9.931E-11  3.11E-06
1.884E+00 6.118E-05 1.253E-10  3.49E-06
1.778E+00 5.778E-05 1.582E-10  3.93E-06
1.679E+00 5.435E-05 1.996E-10  4.41E-06
1.585E+00 5.094E-05 2.519E-10  4.96E-06
1.496E+00 4.762E-05 3.178E-10  5.57E-06
1.413E+00 4.432E-05 4.010E-10  6.26E-06
1.334E+00 4.114E-05 5.060E-10  7.03E-06
1.259E+00 3.804E-05 6.385E-10  7.91E-06
1.189E+00 3.508E-05 8.060E-10  8.89E-06
1.122E+00 3.224E-05 1.017E-09  9.99E-06
1.059E+00 2.952E-05 1.285E-09  1.12E-05
1.000E+00 2.698E-05 1.622E-09  1.26E-05
9.441E-01 2.458E-05 2.049E-09  1.42E-05
8.913E-01 2.232E-05 2.588E-09  1.60E-05
8.414E-01 2.023E-05 3.270E-09  1.80E-05
7.943E-01 1.827E-05 4.134E-09  2.02E-05
7.499E-01 1.646E-05 5.229E-09  2.28E-05
7.079E-01 1.480E-05 6.615E-09  2.56E-05
6.683E-01 1.327E-05 8.373E-09  2.89E-05
6.310E-01 1.187E-05 1.061E-08  3.25E-05
5.957E-01 1.060E-05 1.345E-08  3.67E-05
5.623E-01 9.411E-06 1.706E-08  4.14E-05
5.309E-01 8.343E-06 2.165E-08  4.67E-05
5.012E-01 7.380E-06 2.751E-08  5.28E-05
4.732E-01 6.503E-06 3.502E-08  5.97E-05
4.467E-01 5.704E-06 4.463E-08  6.77E-05
4.217E-01 4.920E-06 5.698E-08  7.68E-05
3.981E-01 6.479E-06 7.292E-08  8.73E-05
3.758E-01 1.666E-05 9.347E-08  9.94E-05
3.548E-01 3.622E-05 1.202E-07  1.14E-04
3.350E-01 4.554E-05 1.549E-07  1.30E-04
3.162E-01 9.198E-05 2.006E-07  1.50E-04
2.985E-01 1.416E-04 2.612E-07  1.74E-04
2.818E-01 3.036E-04 3.417E-07  2.04E-04
2.661E-01 6.517E-04 4.485E-07  2.40E-04
2.512E-01 1.167E-03 5.922E-07  2.85E-04
2.371E-01 1.650E-03 7.881E-07  3.46E-04
2.239E-01 2.434E-03 1.060E-06  4.30E-04
2.113E-01 3.750E-03 1.444E-06  5.53E-04
1.995E-01 6.232E-03 1.999E-06  7.24E-04
1.884E-01 1.066E-02 2.767E-06  7.54E-04
1.778E-01 1.639E-02 3.835E-06  4.41E-04
1.679E-01 2.407E-02 5.382E-06  6.38E-05
1.585E-01 3.685E-02 7.802E-06 -9.39E-05
1.496E-01 5.807E-02 1.097E-05 -4.64E-05
1.413E-01 7.795E-02 1.453E-05  3.13E-06
1.334E-01 1.030E-01 1.993E-05  3.40E-05
1.259E-01 1.304E-01 2.757E-05  5.67E-05
1.189E-01 1.761E-01 4.192E-05  7.58E-05
1.122E-01 2.481E-01 6.418E-05  1.22E-04
1.059E-01 3.245E-01 8.241E-05  2.11E-04
1.000E-01 3.546E-01 8.945E-05  3.06E-04
9.441E-02 3.546E-01 9.367E-05  3.95E-04
8.913E-02 3.307E-01 9.087E-05  4.98E-04
8.414E-02 2.995E-01 8.649E-05  6.08E-04
7.943E-02 2.683E-01 8.214E-05  7.26E-04
7.499E-02 2.397E-01 7.825E-05  8.55E-04
7.079E-02 2.147E-01 7.515E-05  9.95E-04
6.683E-02 1.930E-01 7.281E-05  1.15E-03
6.310E-02 1.742E-01 7.105E-05  1.32E-03
5.957E-02 1.578E-01 6.986E-05  1.51E-03
5.623E-02 1.434E-01 6.908E-05  1.73E-03
5.309E-02 1.307E-01 6.867E-05  1.96E-03
5.012E-02 1.194E-01 6.853E-05  2.23E-03
4.732E-02 1.092E-01 6.857E-05  2.53E-03
4.467E-02 1.001E-01 6.885E-05  2.87E-03
4.217E-02 9.174E-02 6.922E-05  3.25E-03
3.981E-02 8.419E-02 6.973E-05  3.68E-03
3.758E-02 7.723E-02 7.023E-05  4.16E-03
3.548E-02 7.091E-02 7.080E-05  4.70E-03
3.350E-02 6.509E-02 7.137E-05  5.31E-03
3.162E-02 5.972E-02 7.193E-05  5.99E-03
2.985E-02 5.475E-02 7.240E-05  6.76E-03
2.818E-02 5.016E-02 7.285E-05  7.63E-03
2.661E-02 4.593E-02 7.312E-05  8.60E-03
2.512E-02 4.198E-02 7.323E-05  9.69E-03
2.371E-02 3.836E-02 7.313E-05  1.09E-02
2.239E-02 3.500E-02 7.283E-05  1.23E-02
2.113E-02 3.190E-02 7.223E-05  1.39E-02
1.995E-02 2.904E-02 7.139E-05  1.56E-02
1.884E-02 2.637E-02 7.006E-05  1.76E-02
1.778E-02 2.392E-02 6.830E-05  1.98E-02
1.679E-02 2.166E-02 6.604E-05  2.22E-02
1.585E-02 1.959E-02 6.313E-05  2.50E-02
1.496E-02 1.769E-02 5.942E-05  2.82E-02
1.413E-02 1.594E-02 5.471E-05  3.17E-02
1.334E-02 1.434E-02 4.871E-05  3.57E-02
1.259E-02 1.288E-02 4.108E-05  4.01E-02
1.189E-02 1.153E-02 3.135E-05  4.52E-02
1.122E-02 1.029E-02 1.497E-05  5.09E-02
1.059E-02 4.234E-02 9.982E-05  5.76E-02
1.000E-02 4.056E-02 1.086E-04  6.44E-02
9.441E-03 3.801E-02 1.261E-04  7.24E-02
8.913E-03 3.525E-02 1.357E-04  8.14E-02
8.414E-03 3.242E-02 1.403E-04  9.16E-02
7.943E-03 2.961E-02 1.394E-04  1.03E-01
7.499E-03 2.688E-02 1.237E-04  1.16E-01
7.079E-03 3.148E-02 1.773E-04  1.31E-01
6.683E-03 2.852E-02 1.861E-04  1.47E-01
6.310E-03 2.568E-02 1.878E-04  1.66E-01
5.957E-03 2.306E-02 1.856E-04  1.86E-01
5.623E-03 2.058E-02 1.802E-04  2.10E-01
5.309E-03 1.832E-02 1.714E-04  2.36E-01
5.012E-03 1.626E-02 1.593E-04  2.65E-01
4.732E-03 1.440E-02 1.404E-04  2.97E-01
4.467E-03 1.271E-02 9.644E-05  3.33E-01
4.217E-03 1.755E-02 1.572E-04  3.72E-01
3.981E-03 1.555E-02 1.591E-04  4.14E-01
3.758E-03 1.372E-02 1.538E-04  4.59E-01
3.548E-03 1.208E-02 1.451E-04  5.06E-01
3.350E-03 1.061E-02 1.352E-04  5.54E-01
3.162E-03 9.294E-03 1.247E-04  6.01E-01
2.985E-03 8.147E-03 1.149E-04  6.46E-01
2.818E-03 7.085E-03 1.052E-04  6.86E-01
2.661E-03 6.144E-03 9.598E-05  7.20E-01
2.512E-03 5.330E-03 8.745E-05  7.47E-01
2.371E-03 4.623E-03 7.973E-05  7.67E-01
2.239E-03 4.005E-03 7.269E-05  7.82E-01
2.113E-03 3.457E-03 6.613E-05  7.94E-01
1.995E-03 2.986E-03 6.002E-05  8.06E-01
1.884E-03 2.575E-03 5.423E-05  8.21E-01
1.778E-03 2.217E-03 4.876E-05  8.38E-01
1.679E-03 1.907E-03 4.367E-05  8.55E-01
1.585E-03 1.640E-03 3.905E-05  8.72E-01
1.496E-03 1.409E-03 3.494E-05  8.85E-01
1.413E-03 1.209E-03 3.126E-05  8.94E-01
1.334E-03 1.037E-03 2.790E-05  9.01E-01
1.259E-03 8.898E-04 2.489E-05  9.08E-01
1.189E-03 7.644E-04 2.219E-05  9.17E-01
1.122E-03 6.525E-04 1.966E-05  9.27E-01
1.059E-03 5.578E-04 1.741E-05  9.34E-01
