w(micron)  Q_abs     Q_sca     g=<cos>
1.000E+03 5.751E-06 3.751E-10  7.23E-06
9.441E+02 6.453E-06 4.723E-10  8.11E-06
8.913E+02 7.240E-06 5.945E-10  9.10E-06
8.414E+02 8.124E-06 7.485E-10  1.02E-05
7.943E+02 9.115E-06 9.423E-10  1.15E-05
7.499E+02 1.023E-05 1.186E-09  1.28E-05
7.079E+02 1.148E-05 1.493E-09  1.44E-05
6.683E+02 1.288E-05 1.880E-09  1.62E-05
6.310E+02 1.445E-05 2.367E-09  1.81E-05
5.957E+02 1.621E-05 2.980E-09  2.04E-05
5.623E+02 1.819E-05 3.751E-09  2.28E-05
5.309E+02 2.041E-05 4.723E-09  2.56E-05
5.012E+02 2.290E-05 5.946E-09  2.88E-05
4.732E+02 2.569E-05 7.485E-09  3.23E-05
4.467E+02 2.883E-05 9.423E-09  3.62E-05
4.217E+02 3.234E-05 1.186E-08  4.06E-05
3.981E+02 3.629E-05 1.494E-08  4.56E-05
3.758E+02 4.072E-05 1.880E-08  5.11E-05
3.548E+02 4.568E-05 2.367E-08  5.74E-05
3.350E+02 5.126E-05 2.980E-08  6.44E-05
3.162E+02 5.751E-05 3.752E-08  7.23E-05
2.985E+02 6.452E-05 4.724E-08  8.11E-05
2.818E+02 7.239E-05 5.947E-08  9.10E-05
2.661E+02 8.121E-05 7.488E-08  1.02E-04
2.512E+02 9.110E-05 9.428E-08  1.15E-04
2.371E+02 1.022E-04 1.187E-07  1.29E-04
2.239E+02 1.147E-04 1.494E-07  1.44E-04
2.113E+02 1.286E-04 1.881E-07  1.62E-04
1.995E+02 1.443E-04 2.368E-07  1.82E-04
1.884E+02 1.620E-04 2.982E-07  2.04E-04
1.778E+02 1.817E-04 3.754E-07  2.29E-04
1.679E+02 2.038E-04 4.727E-07  2.57E-04
1.585E+02 2.285E-04 5.952E-07  2.88E-04
1.496E+02 2.563E-04 7.495E-07  3.23E-04
1.413E+02 2.874E-04 9.438E-07  3.63E-04
1.334E+02 3.224E-04 1.188E-06  4.07E-04
1.259E+02 3.618E-04 1.496E-06  4.57E-04
1.189E+02 4.058E-04 1.884E-06  5.12E-04
1.122E+02 4.551E-04 2.373E-06  5.75E-04
1.059E+02 5.103E-04 2.988E-06  6.45E-04
1.000E+02 5.722E-04 3.763E-06  7.24E-04
9.441E+01 6.415E-04 4.739E-06  8.13E-04
8.913E+01 7.192E-04 5.969E-06  9.13E-04
8.414E+01 8.063E-04 7.519E-06  1.02E-03
7.943E+01 9.039E-04 9.471E-06  1.15E-03
7.499E+01 1.013E-03 1.193E-05  1.29E-03
7.079E+01 1.136E-03 1.503E-05  1.45E-03
6.683E+01 1.273E-03 1.894E-05  1.63E-03
6.310E+01 1.426E-03 2.387E-05  1.83E-03
5.957E+01 1.598E-03 3.008E-05  2.05E-03
5.623E+01 1.789E-03 3.792E-05  2.31E-03
5.309E+01 2.004E-03 4.780E-05  2.59E-03
5.012E+01 2.244E-03 6.028E-05  2.91E-03
4.732E+01 2.513E-03 7.602E-05  3.27E-03
4.467E+01 2.814E-03 9.590E-05  3.68E-03
4.217E+01 3.150E-03 1.210E-04  4.14E-03
3.981E+01 3.526E-03 1.528E-04  4.66E-03
3.758E+01 3.947E-03 1.929E-04  5.24E-03
3.548E+01 4.419E-03 2.437E-04  5.90E-03
3.350E+01 4.947E-03 3.081E-04  6.65E-03
3.162E+01 5.540E-03 3.897E-04  7.50E-03
2.985E+01 6.208E-03 4.933E-04  8.47E-03
2.818E+01 6.964E-03 6.249E-04  9.57E-03
2.661E+01 7.821E-03 7.925E-04  1.08E-02
2.512E+01 8.802E-03 1.006E-03  1.23E-02
2.371E+01 9.931E-03 1.280E-03  1.39E-02
2.239E+01 1.125E-02 1.631E-03  1.59E-02
2.113E+01 1.283E-02 2.084E-03  1.82E-02
1.995E+01 1.476E-02 2.670E-03  2.09E-02
1.884E+01 1.721E-02 3.434E-03  2.42E-02
1.778E+01 2.047E-02 4.440E-03  2.82E-02
1.679E+01 2.506E-02 5.781E-03  3.35E-02
1.585E+01 3.242E-02 7.603E-03  4.06E-02
1.496E+01 4.492E-02 1.013E-02  5.10E-02
1.413E+01 7.277E-02 1.380E-02  6.72E-02
1.334E+01 1.558E-01 1.949E-02  8.16E-02
1.259E+01 2.611E-01 2.873E-02 -3.86E-03
1.189E+01 3.297E-01 4.624E-02 -1.96E-02
1.122E+01 8.556E-01 8.406E-02 -2.19E-03
1.059E+01 1.581E+00 7.478E-02  1.23E-02
1.000E+01 7.363E-01 1.626E-02  2.43E-02
9.441E+00 3.681E-01 1.229E-02  3.39E-02
8.913E+00 2.384E-01 1.998E-02  4.31E-02
8.414E+00 1.823E-01 3.144E-02  5.25E-02
7.943E+00 1.541E-01 4.611E-02  6.25E-02
7.499E+00 1.384E-01 6.484E-02  7.33E-02
7.079E+00 1.306E-01 8.870E-02  8.53E-02
6.683E+00 1.274E-01 1.194E-01  9.86E-02
6.310E+00 1.276E-01 1.588E-01  1.14E-01
5.957E+00 1.303E-01 2.097E-01  1.31E-01
5.623E+00 1.351E-01 2.757E-01  1.51E-01
5.309E+00 1.425E-01 3.610E-01  1.74E-01
5.012E+00 1.530E-01 4.710E-01  2.01E-01
4.732E+00 1.673E-01 6.125E-01  2.34E-01
4.467E+00 1.874E-01 7.958E-01  2.75E-01
4.217E+00 2.168E-01 1.033E+00  3.25E-01
3.981E+00 2.623E-01 1.351E+00  3.86E-01
3.758E+00 3.375E-01 1.813E+00  4.57E-01
3.548E+00 4.616E-01 2.560E+00  5.17E-01
3.350E+00 6.127E-01 3.728E+00  5.21E-01
3.162E+00 6.221E-01 4.721E+00  4.47E-01
2.985E+00 4.564E-01 4.682E+00  3.59E-01
2.818E+00 3.223E-01 4.258E+00  3.13E-01
2.661E+00 2.689E-01 3.926E+00  3.08E-01
2.512E+00 2.914E-01 3.759E+00  3.27E-01
2.371E+00 4.614E-01 4.013E+00  3.56E-01
2.239E+00 7.262E-01 5.051E+00  4.30E-01
2.113E+00 4.119E-01 3.885E+00  4.09E-01
1.995E+00 2.983E-01 3.432E+00  2.96E-01
1.884E+00 2.840E-01 3.182E+00  2.18E-01
1.778E+00 4.907E-01 2.771E+00  1.18E-01
1.679E+00 3.315E-01 1.751E+00  2.65E-01
1.585E+00 2.603E-01 1.346E+00  1.06E-01
1.496E+00 3.181E-01 2.286E+00  8.07E-02
1.413E+00 4.674E-01 1.838E+00  1.77E-01
1.334E+00 1.632E-01 1.195E+00  3.47E-01
1.259E+00 4.089E-01 3.252E+00  4.26E-01
1.189E+00 1.469E-01 2.489E+00  5.52E-01
1.122E+00 1.376E-01 2.687E+00  5.76E-01
1.059E+00 4.261E-01 3.602E+00  6.64E-01
1.000E+00 8.793E-02 2.714E+00  5.03E-01
9.441E-01 1.718E-01 3.194E+00  5.48E-01
8.913E-01 8.401E-02 1.946E+00  3.31E-01
8.414E-01 9.103E-02 2.126E+00  3.11E-01
7.943E-01 8.243E-02 2.011E+00  3.59E-01
7.499E-01 5.804E-02 2.057E+00  4.20E-01
7.079E-01 1.455E-01 3.238E+00  5.91E-01
6.683E-01 1.038E-01 3.469E+00  4.83E-01
6.310E-01 4.178E-02 1.991E+00  4.92E-01
5.957E-01 3.947E-02 1.734E+00  4.34E-01
5.623E-01 3.399E-02 2.140E+00  4.29E-01
5.309E-01 3.269E-02 2.578E+00  5.72E-01
5.012E-01 2.860E-02 2.368E+00  6.39E-01
4.732E-01 2.371E-02 1.710E+00  5.00E-01
4.467E-01 2.098E-02 1.972E+00  4.96E-01
4.217E-01 2.947E-02 2.845E+00  5.75E-01
3.981E-01 2.528E-02 1.748E+00  4.87E-01
3.758E-01 8.968E-02 2.830E+00  6.14E-01
3.548E-01 1.284E-01 2.170E+00  5.28E-01
3.350E-01 2.132E-01 2.212E+00  5.61E-01
3.162E-01 3.485E-01 1.970E+00  5.75E-01
2.985E-01 4.293E-01 1.794E+00  6.23E-01
2.818E-01 7.085E-01 1.633E+00  7.17E-01
2.661E-01 8.645E-01 1.451E+00  7.80E-01
2.512E-01 8.817E-01 1.389E+00  7.82E-01
2.371E-01 8.573E-01 1.399E+00  7.73E-01
2.239E-01 8.243E-01 1.421E+00  7.59E-01
2.113E-01 7.828E-01 1.452E+00  7.40E-01
1.995E-01 7.277E-01 1.500E+00  7.15E-01
1.884E-01 6.739E-01 1.561E+00  6.91E-01
1.778E-01 6.310E-01 1.628E+00  6.74E-01
1.679E-01 6.046E-01 1.690E+00  6.66E-01
1.585E-01 5.970E-01 1.738E+00  6.66E-01
1.496E-01 6.240E-01 1.718E+00  6.81E-01
1.413E-01 6.422E-01 1.684E+00  6.93E-01
1.334E-01 6.423E-01 1.668E+00  6.99E-01
1.259E-01 6.322E-01 1.662E+00  7.01E-01
1.189E-01 6.026E-01 1.675E+00  6.97E-01
1.122E-01 5.796E-01 1.673E+00  6.97E-01
1.059E-01 5.906E-01 1.631E+00  7.12E-01
1.000E-01 6.099E-01 1.587E+00  7.29E-01
9.441E-02 6.231E-01 1.556E+00  7.42E-01
8.913E-02 6.405E-01 1.522E+00  7.57E-01
8.414E-02 6.577E-01 1.491E+00  7.72E-01
7.943E-02 6.743E-01 1.462E+00  7.86E-01
7.499E-02 6.905E-01 1.435E+00  8.01E-01
7.079E-02 7.061E-01 1.410E+00  8.16E-01
6.683E-02 7.211E-01 1.386E+00  8.30E-01
6.310E-02 7.355E-01 1.363E+00  8.44E-01
5.957E-02 7.494E-01 1.342E+00  8.57E-01
5.623E-02 7.625E-01 1.322E+00  8.70E-01
5.309E-02 7.751E-01 1.303E+00  8.82E-01
5.012E-02 7.868E-01 1.285E+00  8.94E-01
4.732E-02 7.980E-01 1.268E+00  9.05E-01
4.467E-02 8.084E-01 1.253E+00  9.15E-01
4.217E-02 8.182E-01 1.238E+00  9.24E-01
3.981E-02 8.274E-01 1.224E+00  9.32E-01
3.758E-02 8.361E-01 1.211E+00  9.40E-01
3.548E-02 8.445E-01 1.199E+00  9.47E-01
3.350E-02 8.525E-01 1.187E+00  9.53E-01
3.162E-02 8.601E-01 1.175E+00  9.58E-01
2.985E-02 8.675E-01 1.164E+00  9.63E-01
2.818E-02 8.745E-01 1.154E+00  9.68E-01
2.661E-02 8.815E-01 1.144E+00  9.72E-01
2.512E-02 8.882E-01 1.134E+00  9.76E-01
2.371E-02 8.947E-01 1.125E+00  9.79E-01
2.239E-02 9.010E-01 1.116E+00  9.82E-01
2.113E-02 9.070E-01 1.107E+00  9.85E-01
1.995E-02 9.128E-01 1.098E+00  9.87E-01
1.884E-02 9.184E-01 1.090E+00  9.89E-01
1.778E-02 9.238E-01 1.083E+00  9.91E-01
1.679E-02 9.289E-01 1.075E+00  9.93E-01
1.585E-02 9.338E-01 1.067E+00  9.94E-01
1.496E-02 9.385E-01 1.059E+00  9.95E-01
1.413E-02 9.430E-01 1.050E+00  9.96E-01
1.334E-02 9.473E-01 1.041E+00  9.97E-01
1.259E-02 9.515E-01 1.034E+00  9.98E-01
1.189E-02 9.558E-01 1.035E+00  9.99E-01
1.122E-02 9.640E-01 1.037E+00  9.99E-01
1.059E-02 1.003E+00 1.003E+00  9.99E-01
1.000E-02 9.899E-01 1.006E+00  9.99E-01
9.441E-03 9.855E-01 1.010E+00  9.99E-01
8.913E-03 9.836E-01 1.012E+00  9.99E-01
8.414E-03 9.826E-01 1.012E+00  9.99E-01
7.943E-03 9.823E-01 1.011E+00  9.99E-01
7.499E-03 9.837E-01 1.009E+00  9.99E-01
7.079E-03 9.843E-01 1.010E+00  9.99E-01
6.683E-03 9.827E-01 1.011E+00  9.99E-01
6.310E-03 9.817E-01 1.012E+00  9.99E-01
5.957E-03 9.809E-01 1.012E+00  9.99E-01
5.623E-03 9.802E-01 1.013E+00  9.99E-01
5.309E-03 9.794E-01 1.015E+00  1.00E+00
5.012E-03 9.785E-01 1.017E+00  1.00E+00
4.732E-03 9.775E-01 1.020E+00  1.00E+00
4.467E-03 9.774E-01 1.026E+00  1.00E+00
4.217E-03 9.835E-01 1.013E+00  1.00E+00
3.981E-03 9.812E-01 1.018E+00  1.00E+00
3.758E-03 9.802E-01 1.019E+00  1.00E+00
3.548E-03 9.768E-01 1.023E+00  1.00E+00
3.350E-03 9.725E-01 1.027E+00  1.00E+00
3.162E-03 9.669E-01 1.032E+00  9.99E-01
2.985E-03 9.597E-01 1.040E+00  9.99E-01
2.818E-03 9.497E-01 1.049E+00  9.99E-01
2.661E-03 9.364E-01 1.062E+00  9.99E-01
2.512E-03 9.195E-01 1.079E+00  9.99E-01
2.371E-03 8.984E-01 1.100E+00  1.00E+00
2.239E-03 8.724E-01 1.125E+00  1.00E+00
2.113E-03 8.408E-01 1.156E+00  1.00E+00
1.995E-03 8.043E-01 1.192E+00  1.00E+00
1.884E-03 7.629E-01 1.232E+00  1.00E+00
1.778E-03 7.173E-01 1.276E+00  1.00E+00
1.679E-03 6.685E-01 1.323E+00  1.00E+00
1.585E-03 6.180E-01 1.371E+00  1.00E+00
1.496E-03 5.666E-01 1.419E+00  1.00E+00
1.413E-03 5.153E-01 1.467E+00  1.00E+00
1.334E-03 4.654E-01 1.511E+00  1.00E+00
1.259E-03 4.178E-01 1.553E+00  1.00E+00
1.189E-03 3.732E-01 1.589E+00  1.00E+00
1.122E-03 3.302E-01 1.621E+00  1.00E+00
1.059E-03 2.911E-01 1.647E+00  1.00E+00
