w(micron)  Q_abs     Q_sca     g=<cos>
1.000E+03 5.751E-08 3.751E-18  0.00E+00
9.441E+02 6.453E-08 4.723E-18  0.00E+00
8.913E+02 7.240E-08 5.945E-18  0.00E+00
8.414E+02 8.123E-08 7.485E-18  0.00E+00
7.943E+02 9.115E-08 9.423E-18  0.00E+00
7.499E+02 1.023E-07 1.186E-17  0.00E+00
7.079E+02 1.147E-07 1.493E-17  0.00E+00
6.683E+02 1.287E-07 1.880E-17  0.00E+00
6.310E+02 1.445E-07 2.367E-17  0.00E+00
5.957E+02 1.621E-07 2.980E-17  0.00E+00
5.623E+02 1.819E-07 3.751E-17  0.00E+00
5.309E+02 2.040E-07 4.723E-17  0.00E+00
5.012E+02 2.289E-07 5.945E-17  0.00E+00
4.732E+02 2.569E-07 7.485E-17  0.00E+00
4.467E+02 2.882E-07 9.423E-17  0.00E+00
4.217E+02 3.233E-07 1.186E-16  0.00E+00
3.981E+02 3.628E-07 1.493E-16  0.00E+00
3.758E+02 4.070E-07 1.880E-16  0.00E+00
3.548E+02 4.567E-07 2.367E-16  0.00E+00
3.350E+02 5.124E-07 2.980E-16  0.00E+00
3.162E+02 5.748E-07 3.751E-16  0.00E+00
2.985E+02 6.449E-07 4.723E-16  0.00E+00
2.818E+02 7.235E-07 5.946E-16  0.00E+00
2.661E+02 8.116E-07 7.487E-16  0.00E+00
2.512E+02 9.104E-07 9.426E-16  0.00E+00
2.371E+02 1.021E-06 1.187E-15  0.00E+00
2.239E+02 1.146E-06 1.494E-15  0.00E+00
2.113E+02 1.285E-06 1.881E-15  0.00E+00
1.995E+02 1.442E-06 2.368E-15  0.00E+00
1.884E+02 1.618E-06 2.981E-15  0.00E+00
1.778E+02 1.815E-06 3.753E-15  0.00E+00
1.679E+02 2.035E-06 4.725E-15  0.00E+00
1.585E+02 2.281E-06 5.949E-15  0.00E+00
1.496E+02 2.558E-06 7.491E-15  0.00E+00
1.413E+02 2.868E-06 9.432E-15  0.00E+00
1.334E+02 3.217E-06 1.188E-14  0.00E+00
1.259E+02 3.608E-06 1.495E-14  0.00E+00
1.189E+02 4.045E-06 1.882E-14  0.00E+00
1.122E+02 4.535E-06 2.370E-14  0.00E+00
1.059E+02 5.083E-06 2.985E-14  0.00E+00
1.000E+02 5.697E-06 3.758E-14  0.00E+00
9.441E+01 6.384E-06 4.733E-14  0.00E+00
8.913E+01 7.153E-06 5.960E-14  0.00E+00
8.414E+01 8.014E-06 7.505E-14  0.00E+00
7.943E+01 8.977E-06 9.452E-14  0.00E+00
7.499E+01 1.005E-05 1.190E-13  0.00E+00
7.079E+01 1.126E-05 1.499E-13  0.00E+00
6.683E+01 1.260E-05 1.889E-13  0.00E+00
6.310E+01 1.410E-05 2.379E-13  0.00E+00
5.957E+01 1.578E-05 2.997E-13  0.00E+00
5.623E+01 1.765E-05 3.776E-13  0.00E+00
5.309E+01 1.973E-05 4.759E-13  0.00E+00
5.012E+01 2.206E-05 5.997E-13  0.00E+00
4.732E+01 2.464E-05 7.559E-13  0.00E+00
4.467E+01 2.752E-05 9.529E-13  0.00E+00
4.217E+01 3.073E-05 1.201E-12  0.00E+00
3.981E+01 3.429E-05 1.515E-12  0.00E+00
3.758E+01 3.825E-05 1.912E-12  5.23E-07
3.548E+01 4.264E-05 2.412E-12  5.88E-07
3.350E+01 4.752E-05 3.046E-12  6.63E-07
3.162E+01 5.294E-05 3.847E-12  7.47E-07
2.985E+01 5.898E-05 4.861E-12  8.42E-07
2.818E+01 6.571E-05 6.148E-12  9.51E-07
2.661E+01 7.322E-05 7.780E-12  1.08E-06
2.512E+01 8.165E-05 9.855E-12  1.22E-06
2.371E+01 9.115E-05 1.250E-11  1.38E-06
2.239E+01 1.020E-04 1.588E-11  1.57E-06
2.113E+01 1.146E-04 2.022E-11  1.79E-06
1.995E+01 1.294E-04 2.580E-11  2.05E-06
1.884E+01 1.474E-04 3.303E-11  2.37E-06
1.778E+01 1.703E-04 4.247E-11  2.75E-06
1.679E+01 2.003E-04 5.493E-11  3.24E-06
1.585E+01 2.443E-04 7.167E-11  3.89E-06
1.496E+01 3.078E-04 9.451E-11  4.80E-06
1.413E+01 4.167E-04 1.269E-10  6.20E-06
1.334E+01 6.223E-04 1.755E-10  8.04E-06
1.259E+01 1.076E-03 2.546E-10  2.89E-06
1.189E+01 2.328E-03 4.029E-10 -2.06E-06
1.122E+01 6.870E-03 7.200E-10 -3.75E-07
1.059E+01 1.513E-02 7.521E-10  1.15E-06
1.000E+01 7.264E-03 1.711E-10  2.40E-06
9.441E+00 3.397E-03 1.233E-10  3.40E-06
8.913E+00 2.075E-03 1.936E-10  4.35E-06
8.414E+00 1.506E-03 2.966E-10  5.30E-06
7.943E+00 1.210E-03 4.253E-10  6.30E-06
7.499E+00 1.032E-03 5.854E-10  7.37E-06
7.079E+00 9.230E-04 7.843E-10  8.54E-06
6.683E+00 8.494E-04 1.034E-09  9.81E-06
6.310E+00 7.983E-04 1.346E-09  1.12E-05
5.957E+00 7.609E-04 1.740E-09  1.28E-05
5.623E+00 7.305E-04 2.237E-09  1.45E-05
5.309E+00 7.063E-04 2.864E-09  1.65E-05
5.012E+00 6.866E-04 3.656E-09  1.86E-05
4.732E+00 6.693E-04 4.654E-09  2.10E-05
4.467E+00 6.529E-04 5.919E-09  2.38E-05
4.217E+00 6.380E-04 7.510E-09  2.68E-05
3.981E+00 6.235E-04 9.516E-09  3.02E-05
3.758E+00 6.086E-04 1.205E-08  3.40E-05
3.548E+00 5.935E-04 1.526E-08  3.83E-05
3.350E+00 5.782E-04 1.929E-08  4.31E-05
3.162E+00 5.621E-04 2.439E-08  4.85E-05
2.985E+00 5.454E-04 3.082E-08  5.46E-05
2.818E+00 5.276E-04 3.893E-08  6.14E-05
2.661E+00 5.095E-04 4.915E-08  6.90E-05
2.512E+00 4.902E-04 6.206E-08  7.75E-05
2.371E+00 4.714E-04 7.832E-08  8.72E-05
2.239E+00 4.512E-04 9.884E-08  9.79E-05
2.113E+00 4.297E-04 1.247E-07  1.10E-04
1.995E+00 4.081E-04 1.574E-07  1.24E-04
1.884E+00 3.863E-04 1.987E-07  1.39E-04
1.778E+00 3.648E-04 2.508E-07  1.56E-04
1.679E+00 3.432E-04 3.165E-07  1.76E-04
1.585E+00 3.217E-04 3.994E-07  1.97E-04
1.496E+00 3.008E-04 5.039E-07  2.22E-04
1.413E+00 2.800E-04 6.358E-07  2.49E-04
1.334E+00 2.599E-04 8.023E-07  2.80E-04
1.259E+00 2.404E-04 1.013E-06  3.15E-04
1.189E+00 2.217E-04 1.278E-06  3.54E-04
1.122E+00 2.038E-04 1.614E-06  3.98E-04
1.059E+00 1.867E-04 2.038E-06  4.47E-04
1.000E+00 1.706E-04 2.573E-06  5.03E-04
9.441E-01 1.555E-04 3.251E-06  5.65E-04
8.913E-01 1.413E-04 4.107E-06  6.36E-04
8.414E-01 1.281E-04 5.189E-06  7.15E-04
7.943E-01 1.158E-04 6.562E-06  8.05E-04
7.499E-01 1.043E-04 8.301E-06  9.06E-04
7.079E-01 9.386E-05 1.050E-05  1.02E-03
6.683E-01 8.420E-05 1.330E-05  1.15E-03
6.310E-01 7.540E-05 1.685E-05  1.29E-03
5.957E-01 6.738E-05 2.137E-05  1.46E-03
5.623E-01 5.986E-05 2.712E-05  1.65E-03
5.309E-01 5.313E-05 3.443E-05  1.86E-03
5.012E-01 4.705E-05 4.378E-05  2.10E-03
4.732E-01 4.152E-05 5.574E-05  2.38E-03
4.467E-01 3.648E-05 7.109E-05  2.69E-03
4.217E-01 3.153E-05 9.082E-05  3.06E-03
3.981E-01 4.161E-05 1.163E-04  3.48E-03
3.758E-01 1.073E-04 1.492E-04  3.96E-03
3.548E-01 2.339E-04 1.921E-04  4.53E-03
3.350E-01 2.952E-04 2.478E-04  5.19E-03
3.162E-01 5.989E-04 3.215E-04  5.98E-03
2.985E-01 9.274E-04 4.192E-04  6.95E-03
2.818E-01 2.002E-03 5.494E-04  8.13E-03
2.661E-01 4.338E-03 7.228E-04  9.58E-03
2.512E-01 7.863E-03 9.572E-04  1.14E-02
2.371E-01 1.132E-02 1.278E-03  1.39E-02
2.239E-01 1.715E-02 1.726E-03  1.74E-02
2.113E-01 2.770E-02 2.363E-03  2.25E-02
1.995E-01 5.040E-02 3.294E-03  2.96E-02
1.884E-01 9.471E-02 4.594E-03  2.92E-02
1.778E-01 1.444E-01 6.416E-03  1.37E-02
1.679E-01 1.949E-01 9.083E-03 -1.62E-04
1.585E-01 2.771E-01 1.331E-02 -4.33E-03
1.496E-01 4.234E-01 1.888E-02 -1.85E-03
1.413E-01 5.657E-01 2.514E-02  2.28E-04
1.334E-01 7.469E-01 3.468E-02  1.63E-03
1.259E-01 9.483E-01 4.820E-02  2.71E-03
1.189E-01 1.279E+00 7.345E-02  3.72E-03
1.122E-01 1.757E+00 1.097E-01  5.74E-03
1.059E-01 2.109E+00 1.288E-01  9.42E-03
1.000E-01 2.102E+00 1.266E-01  1.35E-02
9.441E-02 1.967E+00 1.230E-01  1.76E-02
8.913E-02 1.747E+00 1.125E-01  2.23E-02
8.414E-02 1.533E+00 1.026E-01  2.73E-02
7.943E-02 1.346E+00 9.427E-02  3.27E-02
7.499E-02 1.187E+00 8.745E-02  3.85E-02
7.079E-02 1.053E+00 8.203E-02  4.49E-02
6.683E-02 9.404E-01 7.770E-02  5.19E-02
6.310E-02 8.447E-01 7.416E-02  5.97E-02
5.957E-02 7.628E-01 7.126E-02  6.84E-02
5.623E-02 6.917E-01 6.879E-02  7.81E-02
5.309E-02 6.297E-01 6.667E-02  8.90E-02
5.012E-02 5.750E-01 6.476E-02  1.01E-01
4.732E-02 5.265E-01 6.295E-02  1.15E-01
4.467E-02 4.835E-01 6.128E-02  1.30E-01
4.217E-02 4.446E-01 5.959E-02  1.47E-01
3.981E-02 4.097E-01 5.791E-02  1.67E-01
3.758E-02 3.779E-01 5.614E-02  1.88E-01
3.548E-02 3.492E-01 5.429E-02  2.12E-01
3.350E-02 3.230E-01 5.235E-02  2.38E-01
3.162E-02 2.989E-01 5.029E-02  2.67E-01
2.985E-02 2.767E-01 4.809E-02  2.99E-01
2.818E-02 2.561E-01 4.580E-02  3.33E-01
2.661E-02 2.371E-01 4.335E-02  3.71E-01
2.512E-02 2.193E-01 4.078E-02  4.11E-01
2.371E-02 2.028E-01 3.811E-02  4.54E-01
2.239E-02 1.873E-01 3.538E-02  4.99E-01
2.113E-02 1.727E-01 3.260E-02  5.45E-01
1.995E-02 1.590E-01 2.985E-02  5.91E-01
1.884E-02 1.460E-01 2.709E-02  6.35E-01
1.778E-02 1.338E-01 2.439E-02  6.77E-01
1.679E-02 1.224E-01 2.179E-02  7.13E-01
1.585E-02 1.117E-01 1.926E-02  7.44E-01
1.496E-02 1.017E-01 1.679E-02  7.67E-01
1.413E-02 9.249E-02 1.436E-02  7.85E-01
1.334E-02 8.391E-02 1.188E-02  7.98E-01
1.259E-02 7.609E-02 9.323E-03  8.10E-01
1.189E-02 6.879E-02 6.612E-03  8.23E-01
1.122E-02 6.222E-02 2.935E-03  8.39E-01
1.059E-02 2.392E-01 1.632E-02  8.61E-01
1.000E-02 2.249E-01 1.610E-02  8.74E-01
9.441E-03 2.110E-01 1.725E-02  8.87E-01
8.913E-03 1.968E-01 1.723E-02  8.96E-01
8.414E-03 1.824E-01 1.660E-02  9.03E-01
7.943E-03 1.680E-01 1.541E-02  9.10E-01
7.499E-03 1.541E-01 1.280E-02  9.18E-01
7.079E-03 1.779E-01 1.674E-02  9.27E-01
6.683E-03 1.626E-01 1.651E-02  9.34E-01
6.310E-03 1.477E-01 1.573E-02  9.39E-01
5.957E-03 1.338E-01 1.472E-02  9.44E-01
5.623E-03 1.204E-01 1.356E-02  9.50E-01
5.309E-03 1.081E-01 1.229E-02  9.55E-01
5.012E-03 9.664E-02 1.093E-02  9.58E-01
4.732E-03 8.621E-02 9.262E-03  9.62E-01
4.467E-03 7.664E-02 6.139E-03  9.66E-01
4.217E-03 1.042E-01 9.482E-03  9.69E-01
3.981E-03 9.295E-02 9.353E-03  9.71E-01
3.758E-03 8.252E-02 8.851E-03  9.74E-01
3.548E-03 7.305E-02 8.203E-03  9.76E-01
3.350E-03 6.446E-02 7.528E-03  9.79E-01
3.162E-03 5.674E-02 6.853E-03  9.81E-01
2.985E-03 4.994E-02 6.228E-03  9.82E-01
2.818E-03 4.360E-02 5.625E-03  9.84E-01
2.661E-03 3.793E-02 5.054E-03  9.86E-01
2.512E-03 3.301E-02 4.523E-03  9.87E-01
2.371E-03 2.870E-02 4.041E-03  9.88E-01
2.239E-03 2.492E-02 3.607E-03  9.89E-01
2.113E-03 2.155E-02 3.212E-03  9.90E-01
1.995E-03 1.865E-02 2.859E-03  9.91E-01
1.884E-03 1.611E-02 2.541E-03  9.92E-01
1.778E-03 1.388E-02 2.254E-03  9.93E-01
1.679E-03 1.196E-02 1.997E-03  9.93E-01
1.585E-03 1.029E-02 1.769E-03  9.94E-01
1.496E-03 8.847E-03 1.567E-03  9.95E-01
1.413E-03 7.597E-03 1.387E-03  9.95E-01
1.334E-03 6.521E-03 1.225E-03  9.96E-01
1.259E-03 5.598E-03 1.083E-03  9.96E-01
1.189E-03 4.810E-03 9.580E-04  9.96E-01
1.122E-03 4.108E-03 8.438E-04  9.97E-01
1.059E-03 3.513E-03 7.421E-04  9.97E-01
