w(micron)  Q_abs     Q_sca     g=<cos>
1.000E+03 1.445E-05 1.494E-08  4.56E-05
9.441E+02 1.621E-05 1.880E-08  5.12E-05
8.913E+02 1.819E-05 2.367E-08  5.74E-05
8.414E+02 2.041E-05 2.980E-08  6.44E-05
7.943E+02 2.290E-05 3.752E-08  7.23E-05
7.499E+02 2.570E-05 4.723E-08  8.11E-05
7.079E+02 2.884E-05 5.946E-08  9.10E-05
6.683E+02 3.236E-05 7.486E-08  1.02E-04
6.310E+02 3.631E-05 9.425E-08  1.15E-04
5.957E+02 4.074E-05 1.187E-07  1.28E-04
5.623E+02 4.572E-05 1.494E-07  1.44E-04
5.309E+02 5.130E-05 1.881E-07  1.62E-04
5.012E+02 5.757E-05 2.368E-07  1.82E-04
4.732E+02 6.460E-05 2.981E-07  2.04E-04
4.467E+02 7.249E-05 3.753E-07  2.29E-04
4.217E+02 8.134E-05 4.725E-07  2.56E-04
3.981E+02 9.128E-05 5.948E-07  2.88E-04
3.758E+02 1.024E-04 7.489E-07  3.23E-04
3.548E+02 1.150E-04 9.429E-07  3.62E-04
3.350E+02 1.290E-04 1.187E-06  4.06E-04
3.162E+02 1.448E-04 1.495E-06  4.56E-04
2.985E+02 1.625E-04 1.882E-06  5.12E-04
2.818E+02 1.824E-04 2.370E-06  5.74E-04
2.661E+02 2.046E-04 2.984E-06  6.44E-04
2.512E+02 2.297E-04 3.757E-06  7.23E-04
2.371E+02 2.578E-04 4.731E-06  8.11E-04
2.239E+02 2.893E-04 5.957E-06  9.10E-04
2.113E+02 3.248E-04 7.501E-06  1.02E-03
1.995E+02 3.647E-04 9.445E-06  1.15E-03
1.884E+02 4.095E-04 1.189E-05  1.29E-03
1.778E+02 4.597E-04 1.498E-05  1.44E-03
1.679E+02 5.161E-04 1.886E-05  1.62E-03
1.585E+02 5.793E-04 2.376E-05  1.82E-03
1.496E+02 6.504E-04 2.993E-05  2.04E-03
1.413E+02 7.303E-04 3.770E-05  2.29E-03
1.334E+02 8.205E-04 4.749E-05  2.57E-03
1.259E+02 9.220E-04 5.982E-05  2.88E-03
1.189E+02 1.036E-03 7.537E-05  3.24E-03
1.122E+02 1.164E-03 9.496E-05  3.63E-03
1.059E+02 1.308E-03 1.197E-04  4.08E-03
1.000E+02 1.471E-03 1.508E-04  4.58E-03
9.441E+01 1.654E-03 1.901E-04  5.14E-03
8.913E+01 1.860E-03 2.397E-04  5.77E-03
8.414E+01 2.092E-03 3.022E-04  6.48E-03
7.943E+01 2.355E-03 3.811E-04  7.28E-03
7.499E+01 2.651E-03 4.808E-04  8.18E-03
7.079E+01 2.986E-03 6.066E-04  9.19E-03
6.683E+01 3.366E-03 7.656E-04  1.03E-02
6.310E+01 3.796E-03 9.665E-04  1.16E-02
5.957E+01 4.283E-03 1.221E-03  1.30E-02
5.623E+01 4.836E-03 1.542E-03  1.47E-02
5.309E+01 5.466E-03 1.950E-03  1.65E-02
5.012E+01 6.184E-03 2.466E-03  1.86E-02
4.732E+01 7.004E-03 3.120E-03  2.09E-02
4.467E+01 7.945E-03 3.951E-03  2.35E-02
4.217E+01 9.026E-03 5.007E-03  2.65E-02
3.981E+01 1.027E-02 6.351E-03  2.99E-02
3.758E+01 1.172E-02 8.065E-03  3.37E-02
3.548E+01 1.340E-02 1.025E-02  3.81E-02
3.350E+01 1.538E-02 1.305E-02  4.31E-02
3.162E+01 1.771E-02 1.664E-02  4.88E-02
2.985E+01 2.050E-02 2.125E-02  5.53E-02
2.818E+01 2.387E-02 2.720E-02  6.29E-02
2.661E+01 2.799E-02 3.489E-02  7.17E-02
2.512E+01 3.314E-02 4.491E-02  8.21E-02
2.371E+01 3.973E-02 5.800E-02  9.44E-02
2.239E+01 4.846E-02 7.527E-02  1.09E-01
2.113E+01 6.052E-02 9.825E-02  1.28E-01
1.995E+01 7.814E-02 1.292E-01  1.51E-01
1.884E+01 1.061E-01 1.718E-01  1.81E-01
1.778E+01 1.561E-01 2.322E-01  2.22E-01
1.679E+01 2.622E-01 3.236E-01  2.82E-01
1.585E+01 5.616E-01 4.837E-01  3.62E-01
1.496E+01 1.551E+00 8.387E-01  3.50E-01
1.413E+01 1.771E+00 1.103E+00 -1.47E-02
1.334E+01 1.399E+00 1.050E+00 -7.28E-02
1.259E+01 1.091E+00 1.266E+00 -6.34E-02
1.189E+01 1.221E+00 1.859E+00 -1.58E-02
1.122E+01 1.890E+00 2.129E+00  4.41E-02
1.059E+01 2.069E+00 1.062E+00  1.26E-01
1.000E+01 1.394E+00 3.289E-01  1.86E-01
9.441E+00 9.871E-01 3.274E-01  2.43E-01
8.913E+00 8.319E-01 6.005E-01  3.16E-01
8.414E+00 8.219E-01 9.960E-01  4.04E-01
7.943E+00 9.174E-01 1.528E+00  4.91E-01
7.499E+00 1.047E+00 2.253E+00  5.29E-01
7.079E+00 1.026E+00 2.925E+00  4.91E-01
6.683E+00 8.553E-01 3.165E+00  4.36E-01
6.310E+00 7.501E-01 3.129E+00  4.14E-01
5.957E+00 8.182E-01 3.093E+00  4.34E-01
5.623E+00 1.130E+00 3.298E+00  4.93E-01
5.309E+00 1.265E+00 3.532E+00  5.43E-01
5.012E+00 9.823E-01 3.187E+00  4.91E-01
4.732E+00 8.510E-01 2.845E+00  4.00E-01
4.467E+00 9.328E-01 2.356E+00  3.23E-01
4.217E+00 1.216E+00 1.954E+00  3.64E-01
3.981E+00 8.804E-01 1.332E+00  3.48E-01
3.758E+00 9.730E-01 1.563E+00  2.58E-01
3.548E+00 1.026E+00 1.327E+00  2.07E-01
3.350E+00 7.030E-01 1.049E+00  3.66E-01
3.162E+00 9.434E-01 1.571E+00  5.53E-01
2.985E+00 8.845E-01 1.990E+00  6.00E-01
2.818E+00 5.612E-01 2.062E+00  6.25E-01
2.661E+00 8.794E-01 2.751E+00  7.19E-01
2.512E+00 5.144E-01 2.498E+00  6.62E-01
2.371E+00 7.897E-01 2.587E+00  6.03E-01
2.239E+00 5.150E-01 2.025E+00  5.94E-01
2.113E+00 6.721E-01 1.879E+00  3.87E-01
1.995E+00 5.007E-01 1.504E+00  4.04E-01
1.884E+00 5.632E-01 1.877E+00  4.77E-01
1.778E+00 5.197E-01 2.168E+00  5.79E-01
1.679E+00 3.788E-01 2.215E+00  6.33E-01
1.585E+00 5.057E-01 2.497E+00  7.18E-01
1.496E+00 4.767E-01 2.301E+00  5.66E-01
1.413E+00 3.811E-01 1.616E+00  4.77E-01
1.334E+00 3.033E-01 1.697E+00  4.98E-01
1.259E+00 2.854E-01 2.181E+00  5.48E-01
1.189E+00 2.810E-01 2.258E+00  5.82E-01
1.122E+00 2.639E-01 1.787E+00  5.47E-01
1.059E+00 2.450E-01 1.649E+00  5.01E-01
1.000E+00 2.807E-01 2.242E+00  5.71E-01
9.441E-01 2.517E-01 2.573E+00  6.31E-01
8.913E-01 1.690E-01 1.861E+00  5.35E-01
8.414E-01 2.079E-01 2.201E+00  5.36E-01
7.943E-01 1.532E-01 2.373E+00  6.69E-01
7.499E-01 1.616E-01 1.998E+00  5.53E-01
7.079E-01 1.246E-01 2.158E+00  5.27E-01
6.683E-01 1.040E-01 1.925E+00  5.88E-01
6.310E-01 9.301E-02 2.156E+00  5.80E-01
5.957E-01 8.693E-02 1.943E+00  5.71E-01
5.623E-01 7.655E-02 2.047E+00  5.66E-01
5.309E-01 1.030E-01 2.348E+00  5.84E-01
5.012E-01 6.182E-02 2.147E+00  5.71E-01
4.732E-01 5.454E-02 1.946E+00  5.17E-01
4.467E-01 5.096E-02 1.758E+00  5.11E-01
4.217E-01 5.048E-02 2.344E+00  5.75E-01
3.981E-01 5.853E-02 1.931E+00  5.47E-01
3.758E-01 1.441E-01 1.844E+00  5.70E-01
3.548E-01 2.734E-01 2.006E+00  6.48E-01
3.350E-01 3.327E-01 1.988E+00  6.87E-01
3.162E-01 5.361E-01 1.578E+00  6.93E-01
2.985E-01 6.630E-01 1.555E+00  7.58E-01
2.818E-01 7.981E-01 1.372E+00  7.94E-01
2.661E-01 8.139E-01 1.345E+00  7.99E-01
2.512E-01 7.968E-01 1.357E+00  7.90E-01
2.371E-01 7.757E-01 1.372E+00  7.79E-01
2.239E-01 7.489E-01 1.393E+00  7.64E-01
2.113E-01 7.140E-01 1.423E+00  7.44E-01
1.995E-01 6.658E-01 1.469E+00  7.18E-01
1.884E-01 6.165E-01 1.524E+00  6.92E-01
1.778E-01 5.745E-01 1.581E+00  6.73E-01
1.679E-01 5.443E-01 1.632E+00  6.62E-01
1.585E-01 5.268E-01 1.665E+00  6.60E-01
1.496E-01 5.432E-01 1.641E+00  6.74E-01
1.413E-01 5.598E-01 1.611E+00  6.86E-01
1.334E-01 5.612E-01 1.598E+00  6.92E-01
1.259E-01 5.548E-01 1.594E+00  6.94E-01
1.189E-01 5.314E-01 1.607E+00  6.90E-01
1.122E-01 5.179E-01 1.608E+00  6.90E-01
1.059E-01 5.389E-01 1.574E+00  7.06E-01
1.000E-01 5.655E-01 1.537E+00  7.24E-01
9.441E-02 5.840E-01 1.511E+00  7.38E-01
8.913E-02 6.059E-01 1.482E+00  7.54E-01
8.414E-02 6.269E-01 1.455E+00  7.69E-01
7.943E-02 6.467E-01 1.429E+00  7.84E-01
7.499E-02 6.659E-01 1.405E+00  7.99E-01
7.079E-02 6.841E-01 1.382E+00  8.14E-01
6.683E-02 7.014E-01 1.360E+00  8.28E-01
6.310E-02 7.180E-01 1.340E+00  8.43E-01
5.957E-02 7.339E-01 1.320E+00  8.56E-01
5.623E-02 7.489E-01 1.302E+00  8.69E-01
5.309E-02 7.632E-01 1.284E+00  8.82E-01
5.012E-02 7.765E-01 1.268E+00  8.94E-01
4.732E-02 7.892E-01 1.252E+00  9.05E-01
4.467E-02 8.011E-01 1.238E+00  9.15E-01
4.217E-02 8.122E-01 1.224E+00  9.24E-01
3.981E-02 8.226E-01 1.212E+00  9.32E-01
3.758E-02 8.325E-01 1.199E+00  9.40E-01
3.548E-02 8.420E-01 1.188E+00  9.47E-01
3.350E-02 8.510E-01 1.177E+00  9.53E-01
3.162E-02 8.596E-01 1.166E+00  9.59E-01
2.985E-02 8.679E-01 1.156E+00  9.64E-01
2.818E-02 8.759E-01 1.146E+00  9.68E-01
2.661E-02 8.837E-01 1.137E+00  9.72E-01
2.512E-02 8.912E-01 1.128E+00  9.76E-01
2.371E-02 8.985E-01 1.119E+00  9.79E-01
2.239E-02 9.055E-01 1.110E+00  9.82E-01
2.113E-02 9.123E-01 1.102E+00  9.85E-01
1.995E-02 9.188E-01 1.094E+00  9.87E-01
1.884E-02 9.251E-01 1.086E+00  9.89E-01
1.778E-02 9.312E-01 1.079E+00  9.91E-01
1.679E-02 9.371E-01 1.072E+00  9.93E-01
1.585E-02 9.429E-01 1.065E+00  9.94E-01
1.496E-02 9.485E-01 1.058E+00  9.95E-01
1.413E-02 9.541E-01 1.051E+00  9.96E-01
1.334E-02 9.598E-01 1.043E+00  9.97E-01
1.259E-02 9.658E-01 1.036E+00  9.98E-01
1.189E-02 9.724E-01 1.026E+00  9.99E-01
1.122E-02 9.833E-01 1.011E+00  1.00E+00
1.059E-02 9.975E-01 1.012E+00  9.99E-01
1.000E-02 9.890E-01 1.016E+00  9.99E-01
9.441E-03 9.845E-01 1.016E+00  9.99E-01
8.913E-03 9.843E-01 1.016E+00  9.99E-01
8.414E-03 9.847E-01 1.015E+00  9.99E-01
7.943E-03 9.856E-01 1.014E+00  9.99E-01
7.499E-03 9.877E-01 1.012E+00  9.99E-01
7.079E-03 9.870E-01 1.013E+00  9.99E-01
6.683E-03 9.869E-01 1.013E+00  9.99E-01
6.310E-03 9.872E-01 1.013E+00  9.99E-01
5.957E-03 9.877E-01 1.012E+00  9.99E-01
5.623E-03 9.882E-01 1.012E+00  1.00E+00
5.309E-03 9.887E-01 1.011E+00  1.00E+00
5.012E-03 9.891E-01 1.011E+00  1.00E+00
4.732E-03 9.895E-01 1.010E+00  1.00E+00
4.467E-03 9.910E-01 1.009E+00  1.00E+00
4.217E-03 9.920E-01 1.008E+00  1.00E+00
3.981E-03 9.913E-01 1.009E+00  1.00E+00
3.758E-03 9.907E-01 1.009E+00  1.00E+00
3.548E-03 9.901E-01 1.010E+00  1.00E+00
3.350E-03 9.893E-01 1.011E+00  1.00E+00
3.162E-03 9.885E-01 1.012E+00  1.00E+00
2.985E-03 9.873E-01 1.013E+00  1.00E+00
2.818E-03 9.858E-01 1.014E+00  1.00E+00
2.661E-03 9.839E-01 1.016E+00  1.00E+00
2.512E-03 9.813E-01 1.019E+00  1.00E+00
2.371E-03 9.778E-01 1.022E+00  1.00E+00
2.239E-03 9.731E-01 1.027E+00  1.00E+00
2.113E-03 9.665E-01 1.033E+00  1.00E+00
1.995E-03 9.573E-01 1.043E+00  1.00E+00
1.884E-03 9.447E-01 1.055E+00  1.00E+00
1.778E-03 9.281E-01 1.072E+00  1.00E+00
1.679E-03 9.067E-01 1.093E+00  1.00E+00
1.585E-03 8.801E-01 1.120E+00  1.00E+00
1.496E-03 8.478E-01 1.152E+00  1.00E+00
1.413E-03 8.100E-01 1.190E+00  1.00E+00
1.334E-03 7.672E-01 1.232E+00  1.00E+00
1.259E-03 7.205E-01 1.279E+00  1.00E+00
1.189E-03 6.712E-01 1.328E+00  1.00E+00
1.122E-03 6.181E-01 1.381E+00  1.00E+00
1.059E-03 5.650E-01 1.433E+00  1.00E+00
