w(micron)  Q_abs     Q_sca     g=<cos>
1.000E+03 1.023E-08 3.751E-21  0.00E+00
9.441E+02 1.147E-08 4.723E-21  0.00E+00
8.913E+02 1.287E-08 5.945E-21  0.00E+00
8.414E+02 1.445E-08 7.485E-21  0.00E+00
7.943E+02 1.621E-08 9.423E-21  0.00E+00
7.499E+02 1.819E-08 1.186E-20  0.00E+00
7.079E+02 2.040E-08 1.493E-20  0.00E+00
6.683E+02 2.289E-08 1.880E-20  0.00E+00
6.310E+02 2.569E-08 2.367E-20  0.00E+00
5.957E+02 2.882E-08 2.980E-20  0.00E+00
5.623E+02 3.234E-08 3.751E-20  0.00E+00
5.309E+02 3.628E-08 4.723E-20  0.00E+00
5.012E+02 4.071E-08 5.945E-20  0.00E+00
4.732E+02 4.568E-08 7.485E-20  0.00E+00
4.467E+02 5.125E-08 9.423E-20  0.00E+00
4.217E+02 5.750E-08 1.186E-19  0.00E+00
3.981E+02 6.451E-08 1.493E-19  0.00E+00
3.758E+02 7.238E-08 1.880E-19  0.00E+00
3.548E+02 8.121E-08 2.367E-19  0.00E+00
3.350E+02 9.111E-08 2.980E-19  0.00E+00
3.162E+02 1.022E-07 3.751E-19  0.00E+00
2.985E+02 1.147E-07 4.723E-19  0.00E+00
2.818E+02 1.287E-07 5.946E-19  0.00E+00
2.661E+02 1.443E-07 7.487E-19  0.00E+00
2.512E+02 1.619E-07 9.426E-19  0.00E+00
2.371E+02 1.816E-07 1.187E-18  0.00E+00
2.239E+02 2.037E-07 1.494E-18  0.00E+00
2.113E+02 2.285E-07 1.881E-18  0.00E+00
1.995E+02 2.564E-07 2.368E-18  0.00E+00
1.884E+02 2.877E-07 2.981E-18  0.00E+00
1.778E+02 3.227E-07 3.753E-18  0.00E+00
1.679E+02 3.618E-07 4.725E-18  0.00E+00
1.585E+02 4.057E-07 5.949E-18  0.00E+00
1.496E+02 4.549E-07 7.491E-18  0.00E+00
1.413E+02 5.100E-07 9.432E-18  0.00E+00
1.334E+02 5.720E-07 1.188E-17  0.00E+00
1.259E+02 6.416E-07 1.495E-17  0.00E+00
1.189E+02 7.194E-07 1.882E-17  0.00E+00
1.122E+02 8.064E-07 2.370E-17  0.00E+00
1.059E+02 9.039E-07 2.985E-17  0.00E+00
1.000E+02 1.013E-06 3.758E-17  0.00E+00
9.441E+01 1.135E-06 4.733E-17  0.00E+00
8.913E+01 1.272E-06 5.960E-17  0.00E+00
8.414E+01 1.425E-06 7.505E-17  0.00E+00
7.943E+01 1.596E-06 9.452E-17  0.00E+00
7.499E+01 1.788E-06 1.190E-16  0.00E+00
7.079E+01 2.002E-06 1.499E-16  0.00E+00
6.683E+01 2.241E-06 1.889E-16  0.00E+00
6.310E+01 2.508E-06 2.379E-16  0.00E+00
5.957E+01 2.806E-06 2.997E-16  0.00E+00
5.623E+01 3.139E-06 3.776E-16  0.00E+00
5.309E+01 3.509E-06 4.759E-16  0.00E+00
5.012E+01 3.922E-06 5.997E-16  0.00E+00
4.732E+01 4.382E-06 7.559E-16  0.00E+00
4.467E+01 4.894E-06 9.529E-16  0.00E+00
4.217E+01 5.464E-06 1.201E-15  0.00E+00
3.981E+01 6.097E-06 1.515E-15  0.00E+00
3.758E+01 6.801E-06 1.912E-15  0.00E+00
3.548E+01 7.583E-06 2.412E-15  0.00E+00
3.350E+01 8.450E-06 3.046E-15  0.00E+00
3.162E+01 9.415E-06 3.847E-15  0.00E+00
2.985E+01 1.049E-05 4.861E-15  0.00E+00
2.818E+01 1.169E-05 6.148E-15  0.00E+00
2.661E+01 1.302E-05 7.780E-15  0.00E+00
2.512E+01 1.452E-05 9.855E-15  0.00E+00
2.371E+01 1.621E-05 1.250E-14  0.00E+00
2.239E+01 1.814E-05 1.588E-14  0.00E+00
2.113E+01 2.037E-05 2.022E-14  0.00E+00
1.995E+01 2.301E-05 2.580E-14  0.00E+00
1.884E+01 2.622E-05 3.303E-14  0.00E+00
1.778E+01 3.028E-05 4.247E-14  0.00E+00
1.679E+01 3.562E-05 5.493E-14  0.00E+00
1.585E+01 4.343E-05 7.167E-14  0.00E+00
1.496E+01 5.474E-05 9.451E-14  0.00E+00
1.413E+01 7.410E-05 1.269E-13  0.00E+00
1.334E+01 1.106E-04 1.755E-13  0.00E+00
1.259E+01 1.914E-04 2.546E-13  0.00E+00
1.189E+01 4.140E-04 4.029E-13  0.00E+00
1.122E+01 1.222E-03 7.200E-13  0.00E+00
1.059E+01 2.690E-03 7.521E-13  0.00E+00
1.000E+01 1.292E-03 1.711E-13  0.00E+00
9.441E+00 6.041E-04 1.233E-13  0.00E+00
8.913E+00 3.690E-04 1.936E-13  0.00E+00
8.414E+00 2.679E-04 2.966E-13  0.00E+00
7.943E+00 2.152E-04 4.253E-13  0.00E+00
7.499E+00 1.836E-04 5.854E-13  0.00E+00
7.079E+00 1.641E-04 7.843E-13  0.00E+00
6.683E+00 1.510E-04 1.034E-12  3.10E-07
6.310E+00 1.420E-04 1.346E-12  3.54E-07
5.957E+00 1.353E-04 1.740E-12  4.04E-07
5.623E+00 1.299E-04 2.237E-12  4.60E-07
5.309E+00 1.256E-04 2.864E-12  5.21E-07
5.012E+00 1.221E-04 3.655E-12  5.89E-07
4.732E+00 1.190E-04 4.654E-12  6.66E-07
4.467E+00 1.161E-04 5.919E-12  7.51E-07
4.217E+00 1.134E-04 7.510E-12  8.48E-07
3.981E+00 1.109E-04 9.516E-12  9.55E-07
3.758E+00 1.082E-04 1.205E-11  1.08E-06
3.548E+00 1.055E-04 1.526E-11  1.21E-06
3.350E+00 1.028E-04 1.929E-11  1.36E-06
3.162E+00 9.993E-05 2.438E-11  1.53E-06
2.985E+00 9.696E-05 3.081E-11  1.73E-06
2.818E+00 9.380E-05 3.892E-11  1.94E-06
2.661E+00 9.057E-05 4.915E-11  2.18E-06
2.512E+00 8.714E-05 6.205E-11  2.45E-06
2.371E+00 8.380E-05 7.831E-11  2.76E-06
2.239E+00 8.021E-05 9.882E-11  3.10E-06
2.113E+00 7.638E-05 1.247E-10  3.48E-06
1.995E+00 7.253E-05 1.574E-10  3.91E-06
1.884E+00 6.864E-05 1.987E-10  4.40E-06
1.778E+00 6.483E-05 2.507E-10  4.94E-06
1.679E+00 6.098E-05 3.164E-10  5.55E-06
1.585E+00 5.716E-05 3.992E-10  6.24E-06
1.496E+00 5.343E-05 5.037E-10  7.01E-06
1.413E+00 4.973E-05 6.355E-10  7.88E-06
1.334E+00 4.616E-05 8.019E-10  8.86E-06
1.259E+00 4.268E-05 1.012E-09  9.95E-06
1.189E+00 3.936E-05 1.277E-09  1.12E-05
1.122E+00 3.617E-05 1.613E-09  1.26E-05
1.059E+00 3.313E-05 2.036E-09  1.41E-05
1.000E+00 3.027E-05 2.571E-09  1.59E-05
9.441E-01 2.758E-05 3.247E-09  1.79E-05
8.913E-01 2.504E-05 4.102E-09  2.01E-05
8.414E-01 2.269E-05 5.183E-09  2.26E-05
7.943E-01 2.050E-05 6.552E-09  2.54E-05
7.499E-01 1.847E-05 8.287E-09  2.86E-05
7.079E-01 1.661E-05 1.048E-08  3.22E-05
6.683E-01 1.489E-05 1.327E-08  3.63E-05
6.310E-01 1.332E-05 1.681E-08  4.09E-05
5.957E-01 1.190E-05 2.131E-08  4.62E-05
5.623E-01 1.056E-05 2.703E-08  5.21E-05
5.309E-01 9.361E-06 3.432E-08  5.88E-05
5.012E-01 8.281E-06 4.361E-08  6.64E-05
4.732E-01 7.297E-06 5.550E-08  7.52E-05
4.467E-01 6.400E-06 7.074E-08  8.52E-05
4.217E-01 5.521E-06 9.031E-08  9.66E-05
3.981E-01 7.271E-06 1.156E-07  1.10E-04
3.758E-01 1.870E-05 1.481E-07  1.25E-04
3.548E-01 4.064E-05 1.906E-07  1.43E-04
3.350E-01 5.110E-05 2.455E-07  1.64E-04
3.162E-01 1.032E-04 3.180E-07  1.89E-04
2.985E-01 1.589E-04 4.140E-07  2.19E-04
2.818E-01 3.407E-04 5.416E-07  2.56E-04
2.661E-01 7.315E-04 7.108E-07  3.02E-04
2.512E-01 1.310E-03 9.388E-07  3.59E-04
2.371E-01 1.853E-03 1.249E-06  4.35E-04
2.239E-01 2.733E-03 1.681E-06  5.41E-04
2.113E-01 4.212E-03 2.288E-06  6.96E-04
1.995E-01 7.004E-03 3.169E-06  9.11E-04
1.884E-01 1.199E-02 4.387E-06  9.50E-04
1.778E-01 1.844E-02 6.080E-06  5.55E-04
1.679E-01 2.706E-02 8.534E-06  7.97E-05
1.585E-01 4.140E-02 1.237E-05 -1.18E-04
1.496E-01 6.523E-02 1.740E-05 -5.85E-05
1.413E-01 8.756E-02 2.304E-05  3.92E-06
1.334E-01 1.157E-01 3.161E-05  4.28E-05
1.259E-01 1.465E-01 4.373E-05  7.14E-05
1.189E-01 1.978E-01 6.650E-05  9.55E-05
1.122E-01 2.787E-01 1.018E-04  1.54E-04
1.059E-01 3.644E-01 1.307E-04  2.65E-04
1.000E-01 3.981E-01 1.418E-04  3.85E-04
9.441E-02 3.978E-01 1.484E-04  4.97E-04
8.913E-02 3.709E-01 1.439E-04  6.27E-04
8.414E-02 3.358E-01 1.369E-04  7.66E-04
7.943E-02 3.008E-01 1.300E-04  9.15E-04
7.499E-02 2.687E-01 1.238E-04  1.08E-03
7.079E-02 2.406E-01 1.189E-04  1.25E-03
6.683E-02 2.163E-01 1.151E-04  1.45E-03
6.310E-02 1.951E-01 1.123E-04  1.66E-03
5.957E-02 1.768E-01 1.104E-04  1.90E-03
5.623E-02 1.606E-01 1.092E-04  2.17E-03
5.309E-02 1.464E-01 1.085E-04  2.48E-03
5.012E-02 1.337E-01 1.083E-04  2.81E-03
4.732E-02 1.223E-01 1.083E-04  3.19E-03
4.467E-02 1.121E-01 1.087E-04  3.62E-03
4.217E-02 1.027E-01 1.093E-04  4.10E-03
3.981E-02 9.428E-02 1.100E-04  4.64E-03
3.758E-02 8.648E-02 1.108E-04  5.24E-03
3.548E-02 7.939E-02 1.116E-04  5.93E-03
3.350E-02 7.288E-02 1.125E-04  6.69E-03
3.162E-02 6.686E-02 1.133E-04  7.56E-03
2.985E-02 6.130E-02 1.140E-04  8.52E-03
2.818E-02 5.615E-02 1.146E-04  9.61E-03
2.661E-02 5.141E-02 1.150E-04  1.08E-02
2.512E-02 4.700E-02 1.151E-04  1.22E-02
2.371E-02 4.294E-02 1.148E-04  1.38E-02
2.239E-02 3.918E-02 1.143E-04  1.55E-02
2.113E-02 3.571E-02 1.132E-04  1.75E-02
1.995E-02 3.251E-02 1.117E-04  1.97E-02
1.884E-02 2.952E-02 1.095E-04  2.22E-02
1.778E-02 2.678E-02 1.066E-04  2.49E-02
1.679E-02 2.425E-02 1.030E-04  2.81E-02
1.585E-02 2.194E-02 9.826E-05  3.16E-02
1.496E-02 1.981E-02 9.231E-05  3.56E-02
1.413E-02 1.786E-02 8.483E-05  4.00E-02
1.334E-02 1.606E-02 7.535E-05  4.51E-02
1.259E-02 1.443E-02 6.339E-05  5.07E-02
1.189E-02 1.292E-02 4.824E-05  5.71E-02
1.122E-02 1.154E-02 2.296E-05  6.43E-02
1.059E-02 4.745E-02 1.525E-04  7.28E-02
1.000E-02 4.540E-02 1.650E-04  8.16E-02
9.441E-03 4.253E-02 1.907E-04  9.17E-02
8.913E-03 3.944E-02 2.041E-04  1.03E-01
8.414E-03 3.627E-02 2.099E-04  1.16E-01
7.943E-03 3.313E-02 2.073E-04  1.31E-01
7.499E-03 3.008E-02 1.827E-04  1.47E-01
7.079E-03 3.522E-02 2.599E-04  1.66E-01
6.683E-03 3.190E-02 2.706E-04  1.86E-01
6.310E-03 2.874E-02 2.708E-04  2.10E-01
5.957E-03 2.581E-02 2.652E-04  2.36E-01
5.623E-03 2.303E-02 2.549E-04  2.65E-01
5.309E-03 2.052E-02 2.401E-04  2.97E-01
5.012E-03 1.821E-02 2.208E-04  3.33E-01
4.732E-03 1.613E-02 1.926E-04  3.72E-01
4.467E-03 1.424E-02 1.309E-04  4.14E-01
4.217E-03 1.966E-02 2.112E-04  4.60E-01
3.981E-03 1.743E-02 2.117E-04  5.06E-01
3.758E-03 1.538E-02 2.031E-04  5.54E-01
3.548E-03 1.354E-02 1.906E-04  6.01E-01
3.350E-03 1.189E-02 1.769E-04  6.46E-01
3.162E-03 1.042E-02 1.631E-04  6.86E-01
2.985E-03 9.132E-03 1.504E-04  7.20E-01
2.818E-03 7.942E-03 1.381E-04  7.47E-01
2.661E-03 6.887E-03 1.265E-04  7.67E-01
2.512E-03 5.976E-03 1.155E-04  7.82E-01
2.371E-03 5.184E-03 1.054E-04  7.94E-01
2.239E-03 4.491E-03 9.582E-05  8.07E-01
2.113E-03 3.877E-03 8.671E-05  8.21E-01
1.995E-03 3.349E-03 7.817E-05  8.38E-01
1.884E-03 2.889E-03 7.019E-05  8.55E-01
1.778E-03 2.487E-03 6.284E-05  8.72E-01
1.679E-03 2.139E-03 5.622E-05  8.85E-01
1.585E-03 1.840E-03 5.031E-05  8.94E-01
1.496E-03 1.580E-03 4.504E-05  9.01E-01
1.413E-03 1.356E-03 4.022E-05  9.08E-01
1.334E-03 1.163E-03 3.577E-05  9.17E-01
1.259E-03 9.983E-04 3.181E-05  9.27E-01
1.189E-03 8.575E-04 2.833E-05  9.34E-01
1.122E-03 7.321E-04 2.511E-05  9.38E-01
1.059E-03 6.258E-04 2.221E-05  9.43E-01
