w(micron)  Q_abs     Q_sca     g=<cos>
1.000E+03 1.819E-07 3.751E-16  0.00E+00
9.441E+02 2.040E-07 4.723E-16  0.00E+00
8.913E+02 2.289E-07 5.945E-16  0.00E+00
8.414E+02 2.569E-07 7.485E-16  0.00E+00
7.943E+02 2.882E-07 9.423E-16  0.00E+00
7.499E+02 3.234E-07 1.186E-15  0.00E+00
7.079E+02 3.629E-07 1.493E-15  0.00E+00
6.683E+02 4.071E-07 1.880E-15  0.00E+00
6.310E+02 4.568E-07 2.367E-15  0.00E+00
5.957E+02 5.125E-07 2.980E-15  0.00E+00
5.623E+02 5.751E-07 3.751E-15  0.00E+00
5.309E+02 6.452E-07 4.723E-15  0.00E+00
5.012E+02 7.239E-07 5.945E-15  0.00E+00
4.732E+02 8.123E-07 7.485E-15  0.00E+00
4.467E+02 9.113E-07 9.423E-15  0.00E+00
4.217E+02 1.023E-06 1.186E-14  0.00E+00
3.981E+02 1.147E-06 1.493E-14  0.00E+00
3.758E+02 1.287E-06 1.880E-14  0.00E+00
3.548E+02 1.444E-06 2.367E-14  0.00E+00
3.350E+02 1.620E-06 2.980E-14  0.00E+00
3.162E+02 1.818E-06 3.751E-14  0.00E+00
2.985E+02 2.039E-06 4.723E-14  0.00E+00
2.818E+02 2.288E-06 5.946E-14  0.00E+00
2.661E+02 2.566E-06 7.487E-14  0.00E+00
2.512E+02 2.879E-06 9.426E-14  0.00E+00
2.371E+02 3.230E-06 1.187E-13  0.00E+00
2.239E+02 3.623E-06 1.494E-13  0.00E+00
2.113E+02 4.064E-06 1.881E-13  0.00E+00
1.995E+02 4.560E-06 2.368E-13  0.00E+00
1.884E+02 5.115E-06 2.981E-13  0.00E+00
1.778E+02 5.738E-06 3.753E-13  0.00E+00
1.679E+02 6.435E-06 4.725E-13  0.00E+00
1.585E+02 7.215E-06 5.949E-13  0.00E+00
1.496E+02 8.089E-06 7.491E-13  0.00E+00
1.413E+02 9.069E-06 9.432E-13  0.00E+00
1.334E+02 1.017E-05 1.188E-12  0.00E+00
1.259E+02 1.141E-05 1.495E-12  0.00E+00
1.189E+02 1.279E-05 1.882E-12  5.12E-07
1.122E+02 1.434E-05 2.370E-12  5.75E-07
1.059E+02 1.607E-05 2.985E-12  6.45E-07
1.000E+02 1.802E-05 3.758E-12  7.24E-07
9.441E+01 2.019E-05 4.733E-12  8.13E-07
8.913E+01 2.262E-05 5.960E-12  9.12E-07
8.414E+01 2.534E-05 7.506E-12  1.02E-06
7.943E+01 2.839E-05 9.452E-12  1.15E-06
7.499E+01 3.179E-05 1.190E-11  1.29E-06
7.079E+01 3.560E-05 1.499E-11  1.45E-06
6.683E+01 3.985E-05 1.889E-11  1.63E-06
6.310E+01 4.460E-05 2.379E-11  1.83E-06
5.957E+01 4.990E-05 2.997E-11  2.05E-06
5.623E+01 5.581E-05 3.776E-11  2.30E-06
5.309E+01 6.240E-05 4.759E-11  2.59E-06
5.012E+01 6.975E-05 5.997E-11  2.91E-06
4.732E+01 7.793E-05 7.559E-11  3.27E-06
4.467E+01 8.703E-05 9.529E-11  3.67E-06
4.217E+01 9.717E-05 1.201E-10  4.13E-06
3.981E+01 1.084E-04 1.515E-10  4.64E-06
3.758E+01 1.209E-04 1.912E-10  5.23E-06
3.548E+01 1.349E-04 2.412E-10  5.88E-06
3.350E+01 1.503E-04 3.046E-10  6.63E-06
3.162E+01 1.674E-04 3.847E-10  7.47E-06
2.985E+01 1.865E-04 4.861E-10  8.42E-06
2.818E+01 2.078E-04 6.148E-10  9.51E-06
2.661E+01 2.315E-04 7.780E-10  1.07E-05
2.512E+01 2.582E-04 9.855E-10  1.22E-05
2.371E+01 2.883E-04 1.250E-09  1.38E-05
2.239E+01 3.226E-04 1.588E-09  1.57E-05
2.113E+01 3.623E-04 2.022E-09  1.79E-05
1.995E+01 4.093E-04 2.580E-09  2.05E-05
1.884E+01 4.663E-04 3.303E-09  2.37E-05
1.778E+01 5.386E-04 4.247E-09  2.75E-05
1.679E+01 6.335E-04 5.494E-09  3.24E-05
1.585E+01 7.726E-04 7.167E-09  3.89E-05
1.496E+01 9.738E-04 9.452E-09  4.80E-05
1.413E+01 1.318E-03 1.270E-08  6.20E-05
1.334E+01 1.970E-03 1.755E-08  8.04E-05
1.259E+01 3.408E-03 2.546E-08  2.89E-05
1.189E+01 7.366E-03 4.030E-08 -2.06E-05
1.122E+01 2.173E-02 7.201E-08 -3.75E-06
1.059E+01 4.784E-02 7.522E-08  1.15E-05
1.000E+01 2.297E-02 1.711E-08  2.40E-05
9.441E+00 1.074E-02 1.233E-08  3.40E-05
8.913E+00 6.563E-03 1.936E-08  4.35E-05
8.414E+00 4.764E-03 2.966E-08  5.30E-05
7.943E+00 3.828E-03 4.253E-08  6.30E-05
7.499E+00 3.265E-03 5.854E-08  7.37E-05
7.079E+00 2.920E-03 7.844E-08  8.54E-05
6.683E+00 2.687E-03 1.034E-07  9.81E-05
6.310E+00 2.526E-03 1.347E-07  1.12E-04
5.957E+00 2.408E-03 1.740E-07  1.28E-04
5.623E+00 2.311E-03 2.237E-07  1.45E-04
5.309E+00 2.235E-03 2.865E-07  1.65E-04
5.012E+00 2.173E-03 3.657E-07  1.86E-04
4.732E+00 2.118E-03 4.656E-07  2.10E-04
4.467E+00 2.067E-03 5.921E-07  2.38E-04
4.217E+00 2.020E-03 7.513E-07  2.68E-04
3.981E+00 1.974E-03 9.521E-07  3.02E-04
3.758E+00 1.928E-03 1.206E-06  3.40E-04
3.548E+00 1.880E-03 1.527E-06  3.83E-04
3.350E+00 1.832E-03 1.930E-06  4.31E-04
3.162E+00 1.781E-03 2.441E-06  4.85E-04
2.985E+00 1.729E-03 3.084E-06  5.46E-04
2.818E+00 1.673E-03 3.897E-06  6.13E-04
2.661E+00 1.616E-03 4.921E-06  6.90E-04
2.512E+00 1.556E-03 6.214E-06  7.75E-04
2.371E+00 1.496E-03 7.844E-06  8.71E-04
2.239E+00 1.433E-03 9.900E-06  9.79E-04
2.113E+00 1.366E-03 1.250E-05  1.10E-03
1.995E+00 1.298E-03 1.578E-05  1.24E-03
1.884E+00 1.229E-03 1.992E-05  1.39E-03
1.778E+00 1.162E-03 2.515E-05  1.56E-03
1.679E+00 1.094E-03 3.174E-05  1.76E-03
1.585E+00 1.026E-03 4.007E-05  1.97E-03
1.496E+00 9.606E-04 5.058E-05  2.22E-03
1.413E+00 8.952E-04 6.384E-05  2.49E-03
1.334E+00 8.323E-04 8.061E-05  2.80E-03
1.259E+00 7.709E-04 1.018E-04  3.15E-03
1.189E+00 7.121E-04 1.286E-04  3.54E-03
1.122E+00 6.559E-04 1.625E-04  3.98E-03
1.059E+00 6.022E-04 2.053E-04  4.47E-03
1.000E+00 5.518E-04 2.595E-04  5.02E-03
9.441E-01 5.043E-04 3.282E-04  5.65E-03
8.913E-01 4.596E-04 4.151E-04  6.35E-03
8.414E-01 4.181E-04 5.252E-04  7.15E-03
7.943E-01 3.794E-04 6.651E-04  8.04E-03
7.499E-01 3.436E-04 8.429E-04  9.05E-03
7.079E-01 3.107E-04 1.069E-03  1.02E-02
6.683E-01 2.803E-04 1.356E-03  1.15E-02
6.310E-01 2.527E-04 1.722E-03  1.29E-02
5.957E-01 2.275E-04 2.190E-03  1.46E-02
5.623E-01 2.039E-04 2.788E-03  1.65E-02
5.309E-01 1.827E-04 3.553E-03  1.86E-02
5.012E-01 1.636E-04 4.536E-03  2.10E-02
4.732E-01 1.463E-04 5.803E-03  2.38E-02
4.467E-01 1.304E-04 7.441E-03  2.70E-02
4.217E-01 1.147E-04 9.565E-03  3.07E-02
3.981E-01 1.544E-04 1.234E-02  3.49E-02
3.758E-01 4.076E-04 1.596E-02  3.99E-02
3.548E-01 9.142E-04 2.075E-02  4.57E-02
3.350E-01 1.193E-03 2.706E-02  5.26E-02
3.162E-01 2.524E-03 3.556E-02  6.10E-02
2.985E-01 4.121E-03 4.711E-02  7.15E-02
2.818E-01 9.529E-03 6.293E-02  8.48E-02
2.661E-01 2.259E-02 8.469E-02  1.02E-01
2.512E-01 4.646E-02 1.154E-01  1.25E-01
2.371E-01 8.106E-02 1.601E-01  1.60E-01
2.239E-01 1.702E-01 2.293E-01  2.17E-01
2.113E-01 4.924E-01 3.512E-01  3.03E-01
1.995E-01 1.411E+00 5.642E-01  1.85E-01
1.884E-01 1.260E+00 6.726E-01 -8.49E-03
1.778E-01 1.169E+00 8.375E-01 -2.85E-02
1.679E-01 1.225E+00 1.106E+00 -1.94E-02
1.585E-01 1.427E+00 1.467E+00  1.02E-03
1.496E-01 1.726E+00 1.702E+00  2.96E-02
1.413E-01 1.859E+00 1.787E+00  5.33E-02
1.334E-01 1.904E+00 1.844E+00  7.64E-02
1.259E-01 1.877E+00 1.871E+00  1.01E-01
1.189E-01 1.845E+00 1.900E+00  1.32E-01
1.122E-01 1.863E+00 1.822E+00  1.82E-01
1.059E-01 1.899E+00 1.585E+00  2.53E-01
1.000E-01 1.831E+00 1.377E+00  3.11E-01
9.441E-02 1.719E+00 1.252E+00  3.54E-01
8.913E-02 1.584E+00 1.131E+00  3.90E-01
8.414E-02 1.458E+00 1.033E+00  4.21E-01
7.943E-02 1.346E+00 9.534E-01  4.51E-01
7.499E-02 1.250E+00 8.874E-01  4.81E-01
7.079E-02 1.167E+00 8.323E-01  5.11E-01
6.683E-02 1.096E+00 7.858E-01  5.41E-01
6.310E-02 1.033E+00 7.455E-01  5.71E-01
5.957E-02 9.787E-01 7.104E-01  6.00E-01
5.623E-02 9.301E-01 6.793E-01  6.30E-01
5.309E-02 8.864E-01 6.514E-01  6.59E-01
5.012E-02 8.466E-01 6.261E-01  6.89E-01
4.732E-02 8.100E-01 6.024E-01  7.17E-01
4.467E-02 7.759E-01 5.807E-01  7.44E-01
4.217E-02 7.434E-01 5.602E-01  7.69E-01
3.981E-02 7.122E-01 5.408E-01  7.92E-01
3.758E-02 6.814E-01 5.220E-01  8.12E-01
3.548E-02 6.518E-01 5.035E-01  8.29E-01
3.350E-02 6.228E-01 4.852E-01  8.43E-01
3.162E-02 5.946E-01 4.667E-01  8.57E-01
2.985E-02 5.674E-01 4.476E-01  8.71E-01
2.818E-02 5.409E-01 4.282E-01  8.85E-01
2.661E-02 5.150E-01 4.079E-01  8.97E-01
2.512E-02 4.889E-01 3.872E-01  9.06E-01
2.371E-02 4.633E-01 3.660E-01  9.14E-01
2.239E-02 4.383E-01 3.441E-01  9.22E-01
2.113E-02 4.138E-01 3.214E-01  9.30E-01
1.995E-02 3.897E-01 2.985E-01  9.38E-01
1.884E-02 3.655E-01 2.749E-01  9.43E-01
1.778E-02 3.421E-01 2.509E-01  9.48E-01
1.679E-02 3.192E-01 2.267E-01  9.53E-01
1.585E-02 2.970E-01 2.020E-01  9.58E-01
1.496E-02 2.754E-01 1.771E-01  9.61E-01
1.413E-02 2.547E-01 1.516E-01  9.65E-01
1.334E-02 2.347E-01 1.253E-01  9.69E-01
1.259E-02 2.158E-01 9.813E-02  9.71E-01
1.189E-02 1.976E-01 6.949E-02  9.74E-01
1.122E-02 1.810E-01 3.090E-02  9.77E-01
1.059E-02 5.653E-01 1.331E-01  9.79E-01
1.000E-02 5.342E-01 1.318E-01  9.80E-01
9.441E-03 5.089E-01 1.421E-01  9.82E-01
8.913E-03 4.829E-01 1.433E-01  9.84E-01
8.414E-03 4.559E-01 1.396E-01  9.85E-01
7.943E-03 4.279E-01 1.312E-01  9.87E-01
7.499E-03 4.000E-01 1.107E-01  9.88E-01
7.079E-03 4.481E-01 1.387E-01  9.89E-01
6.683E-03 4.174E-01 1.390E-01  9.90E-01
6.310E-03 3.867E-01 1.344E-01  9.91E-01
5.957E-03 3.566E-01 1.276E-01  9.92E-01
5.623E-03 3.266E-01 1.194E-01  9.93E-01
5.309E-03 2.979E-01 1.097E-01  9.93E-01
5.012E-03 2.704E-01 9.885E-02  9.94E-01
4.732E-03 2.445E-01 8.478E-02  9.95E-01
4.467E-03 2.201E-01 5.696E-02  9.95E-01
4.217E-03 2.891E-01 8.426E-02  9.96E-01
3.981E-03 2.616E-01 8.414E-02  9.96E-01
3.758E-03 2.353E-01 8.060E-02  9.96E-01
3.548E-03 2.108E-01 7.553E-02  9.97E-01
3.350E-03 1.881E-01 7.002E-02  9.97E-01
3.162E-03 1.672E-01 6.432E-02  9.97E-01
2.985E-03 1.484E-01 5.892E-02  9.98E-01
2.818E-03 1.306E-01 5.361E-02  9.98E-01
2.661E-03 1.144E-01 4.849E-02  9.98E-01
2.512E-03 1.002E-01 4.365E-02  9.98E-01
2.371E-03 8.760E-02 3.920E-02  9.98E-01
2.239E-03 7.641E-02 3.514E-02  9.99E-01
2.113E-03 6.637E-02 3.141E-02  9.99E-01
1.995E-03 5.763E-02 2.805E-02  9.99E-01
1.884E-03 4.993E-02 2.500E-02  9.99E-01
1.778E-03 4.316E-02 2.224E-02  9.99E-01
1.679E-03 3.726E-02 1.974E-02  9.99E-01
1.585E-03 3.213E-02 1.752E-02  9.99E-01
1.496E-03 2.767E-02 1.554E-02  9.99E-01
1.413E-03 2.380E-02 1.377E-02  9.99E-01
1.334E-03 2.046E-02 1.218E-02  9.99E-01
1.259E-03 1.758E-02 1.077E-02  9.99E-01
1.189E-03 1.512E-02 9.543E-03  1.00E+00
1.122E-03 1.293E-02 8.411E-03  1.00E+00
1.059E-03 1.106E-02 7.402E-03  1.00E+00
