w(micron)  Q_abs     Q_sca     g=<cos>
1.000E+03 1.148E-05 5.946E-09  2.88E-05
9.441E+02 1.288E-05 7.485E-09  3.23E-05
8.913E+02 1.445E-05 9.423E-09  3.62E-05
8.414E+02 1.621E-05 1.186E-08  4.06E-05
7.943E+02 1.819E-05 1.494E-08  4.56E-05
7.499E+02 2.041E-05 1.880E-08  5.12E-05
7.079E+02 2.290E-05 2.367E-08  5.74E-05
6.683E+02 2.570E-05 2.980E-08  6.44E-05
6.310E+02 2.883E-05 3.752E-08  7.23E-05
5.957E+02 3.235E-05 4.723E-08  8.11E-05
5.623E+02 3.630E-05 5.946E-08  9.10E-05
5.309E+02 4.074E-05 7.486E-08  1.02E-04
5.012E+02 4.571E-05 9.425E-08  1.15E-04
4.732E+02 5.129E-05 1.187E-07  1.28E-04
4.467E+02 5.755E-05 1.494E-07  1.44E-04
4.217E+02 6.458E-05 1.881E-07  1.62E-04
3.981E+02 7.246E-05 2.368E-07  1.81E-04
3.758E+02 8.131E-05 2.981E-07  2.04E-04
3.548E+02 9.124E-05 3.753E-07  2.28E-04
3.350E+02 1.024E-04 4.725E-07  2.56E-04
3.162E+02 1.149E-04 5.948E-07  2.88E-04
2.985E+02 1.289E-04 7.489E-07  3.23E-04
2.818E+02 1.447E-04 9.430E-07  3.62E-04
2.661E+02 1.623E-04 1.187E-06  4.07E-04
2.512E+02 1.821E-04 1.495E-06  4.56E-04
2.371E+02 2.044E-04 1.882E-06  5.12E-04
2.239E+02 2.294E-04 2.370E-06  5.74E-04
2.113E+02 2.574E-04 2.984E-06  6.44E-04
1.995E+02 2.889E-04 3.757E-06  7.23E-04
1.884E+02 3.243E-04 4.731E-06  8.11E-04
1.778E+02 3.640E-04 5.957E-06  9.10E-04
1.679E+02 4.085E-04 7.502E-06  1.02E-03
1.585E+02 4.583E-04 9.448E-06  1.15E-03
1.496E+02 5.143E-04 1.190E-05  1.29E-03
1.413E+02 5.772E-04 1.499E-05  1.44E-03
1.334E+02 6.480E-04 1.887E-05  1.62E-03
1.259E+02 7.277E-04 2.377E-05  1.82E-03
1.189E+02 8.171E-04 2.994E-05  2.04E-03
1.122E+02 9.173E-04 3.772E-05  2.29E-03
1.059E+02 1.030E-03 4.752E-05  2.57E-03
1.000E+02 1.156E-03 5.987E-05  2.89E-03
9.441E+01 1.299E-03 7.543E-05  3.24E-03
8.913E+01 1.459E-03 9.506E-05  3.64E-03
8.414E+01 1.638E-03 1.198E-04  4.09E-03
7.943E+01 1.841E-03 1.510E-04  4.59E-03
7.499E+01 2.069E-03 1.904E-04  5.15E-03
7.079E+01 2.325E-03 2.401E-04  5.79E-03
6.683E+01 2.614E-03 3.028E-04  6.50E-03
6.310E+01 2.939E-03 3.819E-04  7.30E-03
5.957E+01 3.306E-03 4.819E-04  8.20E-03
5.623E+01 3.720E-03 6.082E-04  9.22E-03
5.309E+01 4.188E-03 7.679E-04  1.04E-02
5.012E+01 4.717E-03 9.700E-04  1.17E-02
4.732E+01 5.316E-03 1.226E-03  1.31E-02
4.467E+01 5.995E-03 1.549E-03  1.48E-02
4.217E+01 6.768E-03 1.960E-03  1.66E-02
3.981E+01 7.647E-03 2.481E-03  1.87E-02
3.758E+01 8.651E-03 3.142E-03  2.11E-02
3.548E+01 9.801E-03 3.983E-03  2.38E-02
3.350E+01 1.112E-02 5.055E-03  2.68E-02
3.162E+01 1.265E-02 6.422E-03  3.03E-02
2.985E+01 1.443E-02 8.169E-03  3.43E-02
2.818E+01 1.653E-02 1.041E-02  3.89E-02
2.661E+01 1.901E-02 1.328E-02  4.42E-02
2.512E+01 2.199E-02 1.699E-02  5.03E-02
2.371E+01 2.563E-02 2.179E-02  5.75E-02
2.239E+01 3.020E-02 2.804E-02  6.60E-02
2.113E+01 3.610E-02 3.623E-02  7.62E-02
1.995E+01 4.404E-02 4.705E-02  8.87E-02
1.884E+01 5.533E-02 6.150E-02  1.04E-01
1.778E+01 7.278E-02 8.112E-02  1.25E-01
1.679E+01 1.028E-01 1.084E-01  1.53E-01
1.585E+01 1.656E-01 1.481E-01  1.95E-01
1.496E+01 3.298E-01 2.109E-01  2.58E-01
1.413E+01 9.198E-01 3.307E-01  2.83E-01
1.334E+01 1.230E+00 4.579E-01 -2.05E-02
1.259E+01 8.574E-01 5.641E-01 -8.03E-02
1.189E+01 9.940E-01 8.912E-01 -3.56E-02
1.122E+01 1.994E+00 1.328E+00  1.35E-02
1.059E+01 2.286E+00 7.180E-01  6.51E-02
1.000E+01 1.285E+00 1.832E-01  1.08E-01
9.441E+00 7.982E-01 1.647E-01  1.43E-01
8.913E+00 6.052E-01 2.931E-01  1.82E-01
8.414E+00 5.309E-01 4.822E-01  2.29E-01
7.943E+00 5.172E-01 7.222E-01  2.84E-01
7.499E+00 5.497E-01 1.026E+00  3.52E-01
7.079E+00 6.380E-01 1.424E+00  4.31E-01
6.683E+00 7.919E-01 1.996E+00  5.02E-01
6.310E+00 9.605E-01 2.791E+00  5.23E-01
5.957E+00 9.608E-01 3.489E+00  4.74E-01
5.623E+00 7.793E-01 3.659E+00  4.08E-01
5.309E+00 6.305E-01 3.514E+00  3.73E-01
5.012E+00 6.069E-01 3.352E+00  3.77E-01
4.732E+00 7.636E-01 3.339E+00  4.10E-01
4.467E+00 1.152E+00 3.743E+00  4.79E-01
4.217E+00 1.035E+00 3.674E+00  5.05E-01
3.981E+00 7.674E-01 3.210E+00  4.24E-01
3.758E+00 6.934E-01 2.898E+00  3.34E-01
3.548E+00 8.434E-01 2.380E+00  2.58E-01
3.350E+00 1.005E+00 1.928E+00  3.39E-01
3.162E+00 6.992E-01 1.279E+00  2.71E-01
2.985E+00 8.179E-01 1.747E+00  1.91E-01
2.818E+00 9.718E-01 1.444E+00  1.65E-01
2.661E+00 5.256E-01 1.072E+00  3.51E-01
2.512E+00 8.509E-01 1.937E+00  5.24E-01
2.371E+00 7.377E-01 2.193E+00  5.81E-01
2.239E+00 4.247E-01 2.215E+00  6.07E-01
2.113E+00 6.642E-01 3.046E+00  7.06E-01
1.995E+00 3.625E-01 2.597E+00  6.22E-01
1.884E+00 6.772E-01 2.869E+00  5.73E-01
1.778E+00 3.650E-01 2.020E+00  5.36E-01
1.679E+00 5.186E-01 2.103E+00  3.47E-01
1.585E+00 3.583E-01 1.573E+00  3.51E-01
1.496E+00 3.594E-01 2.001E+00  4.61E-01
1.413E+00 3.690E-01 2.437E+00  5.82E-01
1.334E+00 2.534E-01 2.318E+00  5.92E-01
1.259E+00 2.920E-01 2.518E+00  7.10E-01
1.189E+00 2.777E-01 2.406E+00  5.58E-01
1.122E+00 3.145E-01 1.880E+00  4.22E-01
1.059E+00 1.944E-01 1.877E+00  4.95E-01
1.000E+00 1.827E-01 2.331E+00  5.28E-01
9.441E-01 1.868E-01 2.354E+00  5.05E-01
8.913E-01 1.944E-01 1.947E+00  4.42E-01
8.414E-01 2.187E-01 2.122E+00  4.64E-01
7.943E-01 1.933E-01 2.791E+00  6.15E-01
7.499E-01 1.489E-01 2.374E+00  6.20E-01
7.079E-01 1.147E-01 1.850E+00  4.34E-01
6.683E-01 1.142E-01 2.592E+00  6.73E-01
6.310E-01 7.856E-02 1.958E+00  5.42E-01
5.957E-01 1.029E-01 2.102E+00  5.47E-01
5.623E-01 7.766E-02 2.602E+00  6.65E-01
5.309E-01 8.865E-02 2.406E+00  5.36E-01
5.012E-01 8.890E-02 2.628E+00  6.31E-01
4.732E-01 6.681E-02 2.157E+00  5.56E-01
4.467E-01 4.283E-02 2.124E+00  5.26E-01
4.217E-01 3.909E-02 2.173E+00  5.84E-01
3.981E-01 5.349E-02 2.123E+00  5.64E-01
3.758E-01 1.655E-01 1.862E+00  5.52E-01
3.548E-01 2.735E-01 2.176E+00  6.12E-01
3.350E-01 3.066E-01 2.015E+00  6.14E-01
3.162E-01 4.849E-01 1.574E+00  6.62E-01
2.985E-01 6.100E-01 1.587E+00  7.19E-01
2.818E-01 7.930E-01 1.386E+00  7.82E-01
2.661E-01 8.301E-01 1.352E+00  7.97E-01
2.512E-01 8.137E-01 1.363E+00  7.89E-01
2.371E-01 7.914E-01 1.378E+00  7.78E-01
2.239E-01 7.635E-01 1.399E+00  7.63E-01
2.113E-01 7.275E-01 1.429E+00  7.44E-01
1.995E-01 6.782E-01 1.475E+00  7.18E-01
1.884E-01 6.282E-01 1.532E+00  6.92E-01
1.778E-01 5.863E-01 1.591E+00  6.74E-01
1.679E-01 5.572E-01 1.644E+00  6.63E-01
1.585E-01 5.419E-01 1.681E+00  6.62E-01
1.496E-01 5.599E-01 1.657E+00  6.75E-01
1.413E-01 5.761E-01 1.626E+00  6.88E-01
1.334E-01 5.767E-01 1.612E+00  6.94E-01
1.259E-01 5.692E-01 1.607E+00  6.96E-01
1.189E-01 5.441E-01 1.620E+00  6.92E-01
1.122E-01 5.287E-01 1.621E+00  6.92E-01
1.059E-01 5.478E-01 1.585E+00  7.07E-01
1.000E-01 5.732E-01 1.547E+00  7.25E-01
9.441E-02 5.908E-01 1.520E+00  7.39E-01
8.913E-02 6.120E-01 1.490E+00  7.54E-01
8.414E-02 6.323E-01 1.462E+00  7.70E-01
7.943E-02 6.516E-01 1.436E+00  7.85E-01
7.499E-02 6.702E-01 1.411E+00  8.00E-01
7.079E-02 6.880E-01 1.388E+00  8.14E-01
6.683E-02 7.049E-01 1.366E+00  8.29E-01
6.310E-02 7.212E-01 1.345E+00  8.43E-01
5.957E-02 7.367E-01 1.325E+00  8.57E-01
5.623E-02 7.514E-01 1.306E+00  8.70E-01
5.309E-02 7.653E-01 1.289E+00  8.82E-01
5.012E-02 7.784E-01 1.272E+00  8.94E-01
4.732E-02 7.908E-01 1.256E+00  9.05E-01
4.467E-02 8.024E-01 1.242E+00  9.15E-01
4.217E-02 8.133E-01 1.228E+00  9.24E-01
3.981E-02 8.235E-01 1.215E+00  9.32E-01
3.758E-02 8.332E-01 1.202E+00  9.40E-01
3.548E-02 8.425E-01 1.191E+00  9.47E-01
3.350E-02 8.513E-01 1.179E+00  9.53E-01
3.162E-02 8.598E-01 1.169E+00  9.59E-01
2.985E-02 8.680E-01 1.158E+00  9.64E-01
2.818E-02 8.757E-01 1.148E+00  9.68E-01
2.661E-02 8.834E-01 1.139E+00  9.72E-01
2.512E-02 8.907E-01 1.129E+00  9.76E-01
2.371E-02 8.979E-01 1.120E+00  9.79E-01
2.239E-02 9.048E-01 1.112E+00  9.82E-01
2.113E-02 9.115E-01 1.103E+00  9.85E-01
1.995E-02 9.179E-01 1.095E+00  9.87E-01
1.884E-02 9.241E-01 1.088E+00  9.89E-01
1.778E-02 9.301E-01 1.080E+00  9.91E-01
1.679E-02 9.359E-01 1.073E+00  9.93E-01
1.585E-02 9.415E-01 1.065E+00  9.94E-01
1.496E-02 9.470E-01 1.058E+00  9.95E-01
1.413E-02 9.525E-01 1.051E+00  9.96E-01
1.334E-02 9.580E-01 1.044E+00  9.97E-01
1.259E-02 9.638E-01 1.036E+00  9.98E-01
1.189E-02 9.702E-01 1.025E+00  9.99E-01
1.122E-02 9.809E-01 1.013E+00  1.00E+00
1.059E-02 9.989E-01 1.010E+00  9.99E-01
1.000E-02 9.894E-01 1.014E+00  9.99E-01
9.441E-03 9.862E-01 1.017E+00  9.99E-01
8.913E-03 9.850E-01 1.017E+00  9.99E-01
8.414E-03 9.847E-01 1.017E+00  9.99E-01
7.943E-03 9.849E-01 1.016E+00  9.99E-01
7.499E-03 9.876E-01 1.012E+00  9.99E-01
7.079E-03 9.870E-01 1.013E+00  9.99E-01
6.683E-03 9.868E-01 1.013E+00  9.99E-01
6.310E-03 9.870E-01 1.013E+00  9.99E-01
5.957E-03 9.873E-01 1.013E+00  9.99E-01
5.623E-03 9.877E-01 1.012E+00  1.00E+00
5.309E-03 9.879E-01 1.012E+00  1.00E+00
5.012E-03 9.881E-01 1.012E+00  1.00E+00
4.732E-03 9.884E-01 1.012E+00  1.00E+00
4.467E-03 9.896E-01 1.010E+00  1.00E+00
4.217E-03 9.912E-01 1.009E+00  1.00E+00
3.981E-03 9.903E-01 1.010E+00  1.00E+00
3.758E-03 9.895E-01 1.010E+00  1.00E+00
3.548E-03 9.886E-01 1.011E+00  1.00E+00
3.350E-03 9.875E-01 1.013E+00  1.00E+00
3.162E-03 9.861E-01 1.014E+00  1.00E+00
2.985E-03 9.843E-01 1.016E+00  1.00E+00
2.818E-03 9.818E-01 1.018E+00  1.00E+00
2.661E-03 9.785E-01 1.021E+00  1.00E+00
2.512E-03 9.742E-01 1.026E+00  1.00E+00
2.371E-03 9.684E-01 1.031E+00  1.00E+00
2.239E-03 9.606E-01 1.039E+00  1.00E+00
2.113E-03 9.498E-01 1.050E+00  1.00E+00
1.995E-03 9.355E-01 1.064E+00  1.00E+00
1.884E-03 9.168E-01 1.083E+00  1.00E+00
1.778E-03 8.929E-01 1.107E+00  1.00E+00
1.679E-03 8.636E-01 1.136E+00  1.00E+00
1.585E-03 8.289E-01 1.170E+00  1.00E+00
1.496E-03 7.888E-01 1.210E+00  1.00E+00
1.413E-03 7.441E-01 1.255E+00  1.00E+00
1.334E-03 6.957E-01 1.303E+00  1.00E+00
1.259E-03 6.450E-01 1.353E+00  1.00E+00
1.189E-03 5.936E-01 1.404E+00  1.00E+00
1.122E-03 5.402E-01 1.457E+00  1.00E+00
1.059E-03 4.882E-01 1.507E+00  1.00E+00
