w(micron)  Q_abs     Q_sca     g=<cos>
1.000E+03 8.123E-07 1.493E-13  0.00E+00
9.441E+02 9.115E-07 1.880E-13  0.00E+00
8.913E+02 1.023E-06 2.367E-13  0.00E+00
8.414E+02 1.147E-06 2.980E-13  0.00E+00
7.943E+02 1.287E-06 3.751E-13  0.00E+00
7.499E+02 1.445E-06 4.723E-13  0.00E+00
7.079E+02 1.621E-06 5.945E-13  0.00E+00
6.683E+02 1.819E-06 7.485E-13  0.00E+00
6.310E+02 2.040E-06 9.423E-13  0.00E+00
5.957E+02 2.289E-06 1.186E-12  0.00E+00
5.623E+02 2.569E-06 1.493E-12  0.00E+00
5.309E+02 2.882E-06 1.880E-12  5.12E-07
5.012E+02 3.234E-06 2.367E-12  5.74E-07
4.732E+02 3.628E-06 2.980E-12  6.44E-07
4.467E+02 4.071E-06 3.751E-12  7.22E-07
4.217E+02 4.567E-06 4.723E-12  8.11E-07
3.981E+02 5.124E-06 5.945E-12  9.10E-07
3.758E+02 5.750E-06 7.485E-12  1.02E-06
3.548E+02 6.451E-06 9.423E-12  1.14E-06
3.350E+02 7.237E-06 1.186E-11  1.28E-06
3.162E+02 8.120E-06 1.493E-11  1.44E-06
2.985E+02 9.110E-06 1.880E-11  1.62E-06
2.818E+02 1.022E-05 2.367E-11  1.82E-06
2.661E+02 1.146E-05 2.980E-11  2.04E-06
2.512E+02 1.286E-05 3.753E-11  2.29E-06
2.371E+02 1.443E-05 4.724E-11  2.56E-06
2.239E+02 1.618E-05 5.948E-11  2.88E-06
2.113E+02 1.815E-05 7.488E-11  3.23E-06
1.995E+02 2.037E-05 9.426E-11  3.62E-06
1.884E+02 2.285E-05 1.187E-10  4.06E-06
1.778E+02 2.563E-05 1.494E-10  4.56E-06
1.679E+02 2.874E-05 1.881E-10  5.12E-06
1.585E+02 3.223E-05 2.368E-10  5.74E-06
1.496E+02 3.613E-05 2.982E-10  6.45E-06
1.413E+02 4.051E-05 3.755E-10  7.23E-06
1.334E+02 4.544E-05 4.728E-10  8.12E-06
1.259E+02 5.097E-05 5.952E-10  9.11E-06
1.189E+02 5.715E-05 7.494E-10  1.02E-05
1.122E+02 6.406E-05 9.436E-10  1.15E-05
1.059E+02 7.181E-05 1.188E-09  1.29E-05
1.000E+02 8.048E-05 1.496E-09  1.44E-05
9.441E+01 9.019E-05 1.884E-09  1.62E-05
8.913E+01 1.011E-04 2.373E-09  1.82E-05
8.414E+01 1.132E-04 2.988E-09  2.04E-05
7.943E+01 1.268E-04 3.763E-09  2.29E-05
7.499E+01 1.420E-04 4.740E-09  2.58E-05
7.079E+01 1.590E-04 5.970E-09  2.89E-05
6.683E+01 1.780E-04 7.519E-09  3.25E-05
6.310E+01 1.993E-04 9.472E-09  3.64E-05
5.957E+01 2.230E-04 1.193E-08  4.09E-05
5.623E+01 2.494E-04 1.504E-08  4.60E-05
5.309E+01 2.788E-04 1.895E-08  5.16E-05
5.012E+01 3.117E-04 2.388E-08  5.80E-05
4.732E+01 3.482E-04 3.010E-08  6.52E-05
4.467E+01 3.889E-04 3.794E-08  7.33E-05
4.217E+01 4.342E-04 4.784E-08  8.24E-05
3.981E+01 4.846E-04 6.033E-08  9.27E-05
3.758E+01 5.406E-04 7.612E-08  1.04E-04
3.548E+01 6.028E-04 9.606E-08  1.17E-04
3.350E+01 6.718E-04 1.213E-07  1.32E-04
3.162E+01 7.485E-04 1.532E-07  1.49E-04
2.985E+01 8.339E-04 1.936E-07  1.68E-04
2.818E+01 9.293E-04 2.448E-07  1.90E-04
2.661E+01 1.036E-03 3.098E-07  2.15E-04
2.512E+01 1.155E-03 3.925E-07  2.43E-04
2.371E+01 1.290E-03 4.979E-07  2.75E-04
2.239E+01 1.444E-03 6.326E-07  3.13E-04
2.113E+01 1.622E-03 8.054E-07  3.58E-04
1.995E+01 1.833E-03 1.028E-06  4.10E-04
1.884E+01 2.089E-03 1.316E-06  4.72E-04
1.778E+01 2.414E-03 1.692E-06  5.50E-04
1.679E+01 2.842E-03 2.189E-06  6.47E-04
1.585E+01 3.470E-03 2.856E-06  7.77E-04
1.496E+01 4.381E-03 3.768E-06  9.59E-04
1.413E+01 5.952E-03 5.062E-06  1.24E-03
1.334E+01 8.970E-03 6.998E-06  1.61E-03
1.259E+01 1.564E-02 1.016E-05  5.63E-04
1.189E+01 3.319E-02 1.609E-05 -4.13E-04
1.122E+01 9.756E-02 2.877E-05 -7.45E-05
1.059E+01 2.142E-01 2.999E-05  2.30E-04
1.000E+01 1.027E-01 6.811E-06  4.78E-04
9.441E+00 4.809E-02 4.911E-06  6.78E-04
8.913E+00 2.941E-02 7.717E-06  8.67E-04
8.414E+00 2.137E-02 1.183E-05  1.06E-03
7.943E+00 1.719E-02 1.696E-05  1.26E-03
7.499E+00 1.468E-02 2.336E-05  1.47E-03
7.079E+00 1.314E-02 3.132E-05  1.70E-03
6.683E+00 1.211E-02 4.129E-05  1.96E-03
6.310E+00 1.139E-02 5.382E-05  2.24E-03
5.957E+00 1.088E-02 6.957E-05  2.55E-03
5.623E+00 1.046E-02 8.950E-05  2.90E-03
5.309E+00 1.013E-02 1.147E-04  3.28E-03
5.012E+00 9.871E-03 1.465E-04  3.71E-03
4.732E+00 9.644E-03 1.867E-04  4.20E-03
4.467E+00 9.433E-03 2.377E-04  4.74E-03
4.217E+00 9.245E-03 3.019E-04  5.34E-03
3.981E+00 9.065E-03 3.830E-04  6.02E-03
3.758E+00 8.881E-03 4.859E-04  6.78E-03
3.548E+00 8.696E-03 6.159E-04  7.64E-03
3.350E+00 8.511E-03 7.801E-04  8.59E-03
3.162E+00 8.317E-03 9.882E-04  9.67E-03
2.985E+00 8.118E-03 1.252E-03  1.09E-02
2.818E+00 7.905E-03 1.585E-03  1.22E-02
2.661E+00 7.689E-03 2.007E-03  1.37E-02
2.512E+00 7.460E-03 2.542E-03  1.55E-02
2.371E+00 7.240E-03 3.219E-03  1.74E-02
2.239E+00 7.002E-03 4.079E-03  1.95E-02
2.113E+00 6.745E-03 5.170E-03  2.19E-02
1.995E+00 6.490E-03 6.558E-03  2.46E-02
1.884E+00 6.233E-03 8.324E-03  2.77E-02
1.778E+00 5.983E-03 1.057E-02  3.11E-02
1.679E+00 5.733E-03 1.344E-02  3.50E-02
1.585E+00 5.485E-03 1.709E-02  3.94E-02
1.496E+00 5.247E-03 2.175E-02  4.42E-02
1.413E+00 5.011E-03 2.771E-02  4.98E-02
1.334E+00 4.789E-03 3.536E-02  5.60E-02
1.259E+00 4.574E-03 4.517E-02  6.30E-02
1.189E+00 4.374E-03 5.780E-02  7.10E-02
1.122E+00 4.189E-03 7.408E-02  8.00E-02
1.059E+00 4.018E-03 9.512E-02  9.03E-02
1.000E+00 3.867E-03 1.224E-01  1.02E-01
9.441E-01 3.738E-03 1.577E-01  1.16E-01
8.913E-01 3.629E-03 2.037E-01  1.31E-01
8.414E-01 3.550E-03 2.636E-01  1.49E-01
7.943E-01 3.506E-03 3.419E-01  1.71E-01
7.499E-01 3.505E-03 4.446E-01  1.96E-01
7.079E-01 3.567E-03 5.793E-01  2.27E-01
6.683E-01 3.724E-03 7.578E-01  2.66E-01
6.310E-01 4.044E-03 9.984E-01  3.15E-01
5.957E-01 4.674E-03 1.339E+00  3.77E-01
5.623E-01 5.935E-03 1.877E+00  4.53E-01
5.309E-01 8.644E-03 2.922E+00  5.19E-01
5.012E-01 1.321E-02 5.155E+00  4.99E-01
4.732E-01 1.170E-02 6.611E+00  3.54E-01
4.467E-01 5.871E-03 5.489E+00  2.34E-01
4.217E-01 3.371E-03 4.695E+00  2.02E-01
3.981E-01 4.236E-03 4.339E+00  2.20E-01
3.758E-01 1.700E-02 4.194E+00  2.43E-01
3.548E-01 1.518E-01 6.618E+00  2.71E-01
3.350E-01 5.633E-02 2.707E+00  2.78E-01
3.162E-01 9.434E-02 2.841E+00  1.02E-01
2.985E-01 2.416E-01 2.614E+00 -1.20E-02
2.818E-01 3.328E-01 6.453E-01  8.05E-02
2.661E-01 6.430E-01 1.780E+00  4.40E-01
2.512E-01 8.216E-01 1.969E+00  5.12E-01
2.371E-01 1.046E+00 2.308E+00  5.75E-01
2.239E-01 1.264E+00 1.409E+00  5.33E-01
2.113E-01 1.213E+00 1.505E+00  6.09E-01
1.995E-01 1.095E+00 1.601E+00  5.91E-01
1.884E-01 9.894E-01 1.697E+00  5.78E-01
1.778E-01 9.095E-01 1.801E+00  5.71E-01
1.679E-01 8.744E-01 1.904E+00  5.77E-01
1.585E-01 8.945E-01 2.013E+00  5.96E-01
1.496E-01 9.710E-01 2.015E+00  6.21E-01
1.413E-01 1.021E+00 1.965E+00  6.40E-01
1.334E-01 1.054E+00 1.950E+00  6.57E-01
1.259E-01 1.054E+00 1.948E+00  6.68E-01
1.189E-01 1.039E+00 1.972E+00  6.72E-01
1.122E-01 1.024E+00 1.963E+00  6.80E-01
1.059E-01 1.008E+00 1.863E+00  6.94E-01
1.000E-01 9.831E-01 1.762E+00  7.08E-01
9.441E-02 9.541E-01 1.695E+00  7.20E-01
8.913E-02 9.306E-01 1.627E+00  7.34E-01
8.414E-02 9.116E-01 1.568E+00  7.49E-01
7.943E-02 8.966E-01 1.517E+00  7.63E-01
7.499E-02 8.853E-01 1.471E+00  7.78E-01
7.079E-02 8.763E-01 1.431E+00  7.93E-01
6.683E-02 8.693E-01 1.394E+00  8.08E-01
6.310E-02 8.639E-01 1.361E+00  8.23E-01
5.957E-02 8.596E-01 1.331E+00  8.38E-01
5.623E-02 8.560E-01 1.304E+00  8.52E-01
5.309E-02 8.531E-01 1.279E+00  8.65E-01
5.012E-02 8.504E-01 1.257E+00  8.78E-01
4.732E-02 8.481E-01 1.236E+00  8.90E-01
4.467E-02 8.459E-01 1.217E+00  9.01E-01
4.217E-02 8.437E-01 1.200E+00  9.11E-01
3.981E-02 8.416E-01 1.185E+00  9.20E-01
3.758E-02 8.394E-01 1.172E+00  9.28E-01
3.548E-02 8.375E-01 1.160E+00  9.36E-01
3.350E-02 8.355E-01 1.151E+00  9.43E-01
3.162E-02 8.333E-01 1.146E+00  9.50E-01
2.985E-02 8.309E-01 1.144E+00  9.56E-01
2.818E-02 8.280E-01 1.148E+00  9.62E-01
2.661E-02 8.248E-01 1.157E+00  9.67E-01
2.512E-02 8.207E-01 1.173E+00  9.72E-01
2.371E-02 8.158E-01 1.194E+00  9.76E-01
2.239E-02 8.094E-01 1.221E+00  9.80E-01
2.113E-02 8.015E-01 1.251E+00  9.83E-01
1.995E-02 7.918E-01 1.282E+00  9.86E-01
1.884E-02 7.798E-01 1.312E+00  9.88E-01
1.778E-02 7.654E-01 1.335E+00  9.90E-01
1.679E-02 7.486E-01 1.347E+00  9.92E-01
1.585E-02 7.293E-01 1.343E+00  9.93E-01
1.496E-02 7.074E-01 1.316E+00  9.95E-01
1.413E-02 6.830E-01 1.258E+00  9.96E-01
1.334E-02 6.563E-01 1.161E+00  9.96E-01
1.259E-02 6.279E-01 1.014E+00  9.97E-01
1.189E-02 5.975E-01 8.005E-01  9.97E-01
1.122E-02 5.682E-01 4.048E-01  9.98E-01
1.059E-02 9.582E-01 7.162E-01  9.97E-01
1.000E-02 9.269E-01 7.270E-01  9.97E-01
9.441E-03 9.120E-01 7.883E-01  9.97E-01
8.913E-03 8.986E-01 8.212E-01  9.98E-01
8.414E-03 8.844E-01 8.401E-01  9.98E-01
7.943E-03 8.683E-01 8.425E-01  9.98E-01
7.499E-03 8.513E-01 7.835E-01  9.99E-01
7.079E-03 8.817E-01 8.458E-01  9.98E-01
6.683E-03 8.624E-01 8.889E-01  9.99E-01
6.310E-03 8.405E-01 9.153E-01  9.99E-01
5.957E-03 8.160E-01 9.313E-01  9.99E-01
5.623E-03 7.875E-01 9.389E-01  9.99E-01
5.309E-03 7.560E-01 9.326E-01  9.99E-01
5.012E-03 7.212E-01 9.094E-01  9.99E-01
4.732E-03 6.841E-01 8.488E-01  9.99E-01
4.467E-03 6.450E-01 6.396E-01  1.00E+00
4.217E-03 7.476E-01 7.750E-01  1.00E+00
3.981E-03 7.105E-01 8.158E-01  1.00E+00
3.758E-03 6.705E-01 8.296E-01  1.00E+00
3.548E-03 6.286E-01 8.259E-01  1.00E+00
3.350E-03 5.851E-01 8.119E-01  1.00E+00
3.162E-03 5.409E-01 7.885E-01  1.00E+00
2.985E-03 4.976E-01 7.600E-01  1.00E+00
2.818E-03 4.530E-01 7.260E-01  1.00E+00
2.661E-03 4.094E-01 6.869E-01  1.00E+00
2.512E-03 3.684E-01 6.438E-01  1.00E+00
2.371E-03 3.300E-01 5.993E-01  1.00E+00
2.239E-03 2.942E-01 5.548E-01  1.00E+00
2.113E-03 2.605E-01 5.106E-01  1.00E+00
1.995E-03 2.301E-01 4.678E-01  1.00E+00
1.884E-03 2.024E-01 4.265E-01  1.00E+00
1.778E-03 1.772E-01 3.870E-01  1.00E+00
1.679E-03 1.548E-01 3.498E-01  1.00E+00
1.585E-03 1.348E-01 3.151E-01  1.00E+00
1.496E-03 1.171E-01 2.834E-01  1.00E+00
1.413E-03 1.015E-01 2.541E-01  1.00E+00
1.334E-03 8.780E-02 2.270E-01  1.00E+00
1.259E-03 7.588E-02 2.027E-01  1.00E+00
1.189E-03 6.559E-02 1.809E-01  1.00E+00
1.122E-03 5.630E-02 1.606E-01  1.00E+00
1.059E-03 4.835E-02 1.421E-01  1.00E+00
