w(micron)  Q_abs     Q_sca     g=<cos>
1.000E+03 4.568E-08 1.493E-18  0.00E+00
9.441E+02 5.125E-08 1.880E-18  0.00E+00
8.913E+02 5.751E-08 2.367E-18  0.00E+00
8.414E+02 6.453E-08 2.980E-18  0.00E+00
7.943E+02 7.240E-08 3.751E-18  0.00E+00
7.499E+02 8.123E-08 4.723E-18  0.00E+00
7.079E+02 9.114E-08 5.945E-18  0.00E+00
6.683E+02 1.023E-07 7.485E-18  0.00E+00
6.310E+02 1.147E-07 9.423E-18  0.00E+00
5.957E+02 1.287E-07 1.186E-17  0.00E+00
5.623E+02 1.444E-07 1.493E-17  0.00E+00
5.309E+02 1.621E-07 1.880E-17  0.00E+00
5.012E+02 1.818E-07 2.367E-17  0.00E+00
4.732E+02 2.040E-07 2.980E-17  0.00E+00
4.467E+02 2.289E-07 3.751E-17  0.00E+00
4.217E+02 2.568E-07 4.723E-17  0.00E+00
3.981E+02 2.882E-07 5.945E-17  0.00E+00
3.758E+02 3.233E-07 7.485E-17  0.00E+00
3.548E+02 3.627E-07 9.423E-17  0.00E+00
3.350E+02 4.070E-07 1.186E-16  0.00E+00
3.162E+02 4.566E-07 1.493E-16  0.00E+00
2.985E+02 5.123E-07 1.880E-16  0.00E+00
2.818E+02 5.747E-07 2.367E-16  0.00E+00
2.661E+02 6.447E-07 2.980E-16  0.00E+00
2.512E+02 7.232E-07 3.753E-16  0.00E+00
2.371E+02 8.112E-07 4.724E-16  0.00E+00
2.239E+02 9.100E-07 5.948E-16  0.00E+00
2.113E+02 1.021E-06 7.488E-16  0.00E+00
1.995E+02 1.145E-06 9.426E-16  0.00E+00
1.884E+02 1.285E-06 1.187E-15  0.00E+00
1.778E+02 1.441E-06 1.494E-15  0.00E+00
1.679E+02 1.616E-06 1.881E-15  0.00E+00
1.585E+02 1.812E-06 2.368E-15  0.00E+00
1.496E+02 2.032E-06 2.982E-15  0.00E+00
1.413E+02 2.278E-06 3.755E-15  0.00E+00
1.334E+02 2.555E-06 4.728E-15  0.00E+00
1.259E+02 2.866E-06 5.952E-15  0.00E+00
1.189E+02 3.213E-06 7.494E-15  0.00E+00
1.122E+02 3.602E-06 9.436E-15  0.00E+00
1.059E+02 4.038E-06 1.188E-14  0.00E+00
1.000E+02 4.525E-06 1.496E-14  0.00E+00
9.441E+01 5.071E-06 1.884E-14  0.00E+00
8.913E+01 5.682E-06 2.373E-14  0.00E+00
8.414E+01 6.366E-06 2.988E-14  0.00E+00
7.943E+01 7.130E-06 3.763E-14  0.00E+00
7.499E+01 7.986E-06 4.739E-14  0.00E+00
7.079E+01 8.942E-06 5.969E-14  0.00E+00
6.683E+01 1.001E-05 7.519E-14  0.00E+00
6.310E+01 1.120E-05 9.472E-14  0.00E+00
5.957E+01 1.253E-05 1.193E-13  0.00E+00
5.623E+01 1.402E-05 1.503E-13  0.00E+00
5.309E+01 1.568E-05 1.894E-13  0.00E+00
5.012E+01 1.752E-05 2.387E-13  0.00E+00
4.732E+01 1.957E-05 3.009E-13  0.00E+00
4.467E+01 2.186E-05 3.794E-13  0.00E+00
4.217E+01 2.441E-05 4.783E-13  0.00E+00
3.981E+01 2.724E-05 6.032E-13  0.00E+00
3.758E+01 3.038E-05 7.610E-13  0.00E+00
3.548E+01 3.387E-05 9.604E-13  0.00E+00
3.350E+01 3.775E-05 1.212E-12  0.00E+00
3.162E+01 4.205E-05 1.531E-12  0.00E+00
2.985E+01 4.685E-05 1.935E-12  5.31E-07
2.818E+01 5.220E-05 2.447E-12  6.00E-07
2.661E+01 5.816E-05 3.097E-12  6.78E-07
2.512E+01 6.486E-05 3.923E-12  7.68E-07
2.371E+01 7.241E-05 4.976E-12  8.71E-07
2.239E+01 8.102E-05 6.323E-12  9.91E-07
2.113E+01 9.101E-05 8.049E-12  1.13E-06
1.995E+01 1.028E-04 1.027E-11  1.30E-06
1.884E+01 1.171E-04 1.315E-11  1.49E-06
1.778E+01 1.353E-04 1.691E-11  1.74E-06
1.679E+01 1.591E-04 2.187E-11  2.05E-06
1.585E+01 1.940E-04 2.853E-11  2.46E-06
1.496E+01 2.445E-04 3.763E-11  3.03E-06
1.413E+01 3.310E-04 5.054E-11  3.91E-06
1.334E+01 4.943E-04 6.985E-11  5.07E-06
1.259E+01 8.548E-04 1.013E-10  1.83E-06
1.189E+01 1.850E-03 1.604E-10 -1.30E-06
1.122E+01 5.457E-03 2.866E-10 -2.37E-07
1.059E+01 1.202E-02 2.994E-10  7.28E-07
1.000E+01 5.770E-03 6.812E-11  1.51E-06
9.441E+00 2.698E-03 4.909E-11  2.14E-06
8.913E+00 1.648E-03 7.709E-11  2.74E-06
8.414E+00 1.197E-03 1.181E-10  3.34E-06
7.943E+00 9.613E-04 1.693E-10  3.97E-06
7.499E+00 8.200E-04 2.330E-10  4.65E-06
7.079E+00 7.331E-04 3.122E-10  5.39E-06
6.683E+00 6.747E-04 4.115E-10  6.19E-06
6.310E+00 6.341E-04 5.360E-10  7.08E-06
5.957E+00 6.044E-04 6.925E-10  8.06E-06
5.623E+00 5.802E-04 8.904E-10  9.16E-06
5.309E+00 5.610E-04 1.140E-09  1.04E-05
5.012E+00 5.454E-04 1.455E-09  1.18E-05
4.732E+00 5.316E-04 1.853E-09  1.33E-05
4.467E+00 5.186E-04 2.356E-09  1.50E-05
4.217E+00 5.068E-04 2.990E-09  1.69E-05
3.981E+00 4.952E-04 3.788E-09  1.91E-05
3.758E+00 4.834E-04 4.799E-09  2.15E-05
3.548E+00 4.714E-04 6.073E-09  2.42E-05
3.350E+00 4.592E-04 7.679E-09  2.72E-05
3.162E+00 4.464E-04 9.708E-09  3.06E-05
2.985E+00 4.332E-04 1.227E-08  3.44E-05
2.818E+00 4.191E-04 1.550E-08  3.87E-05
2.661E+00 4.046E-04 1.957E-08  4.35E-05
2.512E+00 3.893E-04 2.471E-08  4.89E-05
2.371E+00 3.744E-04 3.118E-08  5.50E-05
2.239E+00 3.584E-04 3.935E-08  6.18E-05
2.113E+00 3.413E-04 4.965E-08  6.95E-05
1.995E+00 3.241E-04 6.267E-08  7.81E-05
1.884E+00 3.067E-04 7.910E-08  8.77E-05
1.778E+00 2.897E-04 9.983E-08  9.86E-05
1.679E+00 2.725E-04 1.260E-07  1.11E-04
1.585E+00 2.555E-04 1.590E-07  1.25E-04
1.496E+00 2.388E-04 2.006E-07  1.40E-04
1.413E+00 2.223E-04 2.531E-07  1.57E-04
1.334E+00 2.064E-04 3.193E-07  1.77E-04
1.259E+00 1.908E-04 4.030E-07  1.99E-04
1.189E+00 1.760E-04 5.087E-07  2.23E-04
1.122E+00 1.618E-04 6.423E-07  2.51E-04
1.059E+00 1.482E-04 8.110E-07  2.82E-04
1.000E+00 1.354E-04 1.024E-06  3.17E-04
9.441E-01 1.234E-04 1.294E-06  3.57E-04
8.913E-01 1.121E-04 1.634E-06  4.01E-04
8.414E-01 1.016E-04 2.065E-06  4.51E-04
7.943E-01 9.181E-05 2.611E-06  5.08E-04
7.499E-01 8.274E-05 3.303E-06  5.71E-04
7.079E-01 7.442E-05 4.178E-06  6.43E-04
6.683E-01 6.674E-05 5.290E-06  7.25E-04
6.310E-01 5.975E-05 6.702E-06  8.17E-04
5.957E-01 5.337E-05 8.498E-06  9.21E-04
5.623E-01 4.740E-05 1.078E-05  1.04E-03
5.309E-01 4.205E-05 1.369E-05  1.17E-03
5.012E-01 3.723E-05 1.740E-05  1.33E-03
4.732E-01 3.283E-05 2.215E-05  1.50E-03
4.467E-01 2.883E-05 2.825E-05  1.70E-03
4.217E-01 2.490E-05 3.608E-05  1.93E-03
3.981E-01 3.283E-05 4.619E-05  2.19E-03
3.758E-01 8.456E-05 5.924E-05  2.50E-03
3.548E-01 1.842E-04 7.625E-05  2.86E-03
3.350E-01 2.321E-04 9.831E-05  3.27E-03
3.162E-01 4.701E-04 1.275E-04  3.77E-03
2.985E-01 7.264E-04 1.661E-04  4.38E-03
2.818E-01 1.564E-03 2.175E-04  5.12E-03
2.661E-01 3.377E-03 2.859E-04  6.03E-03
2.512E-01 6.092E-03 3.782E-04  7.19E-03
2.371E-01 8.710E-03 5.044E-04  8.73E-03
2.239E-01 1.307E-02 6.802E-04  1.09E-02
2.113E-01 2.073E-02 9.291E-04  1.41E-02
1.995E-01 3.646E-02 1.292E-03  1.85E-02
1.884E-01 6.639E-02 1.796E-03  1.86E-02
1.778E-01 1.021E-01 2.502E-03  9.60E-03
1.679E-01 1.421E-01 3.532E-03  4.85E-04
1.585E-01 2.070E-01 5.158E-03 -2.63E-03
1.496E-01 3.195E-01 7.299E-03 -1.20E-03
1.413E-01 4.278E-01 9.705E-03  9.31E-05
1.334E-01 5.656E-01 1.338E-02  9.38E-04
1.259E-01 7.186E-01 1.859E-02  1.58E-03
1.189E-01 9.728E-01 2.841E-02  2.15E-03
1.122E-01 1.357E+00 4.308E-02  3.39E-03
1.059E-01 1.691E+00 5.262E-02  5.66E-03
1.000E-01 1.745E+00 5.373E-02  8.16E-03
9.441E-02 1.672E+00 5.363E-02  1.06E-02
8.913E-02 1.507E+00 5.000E-02  1.34E-02
8.414E-02 1.334E+00 4.619E-02  1.64E-02
7.943E-02 1.176E+00 4.287E-02  1.97E-02
7.499E-02 1.040E+00 4.008E-02  2.32E-02
7.079E-02 9.237E-01 3.786E-02  2.70E-02
6.683E-02 8.252E-01 3.610E-02  3.12E-02
6.310E-02 7.411E-01 3.469E-02  3.59E-02
5.957E-02 6.687E-01 3.356E-02  4.12E-02
5.623E-02 6.058E-01 3.264E-02  4.71E-02
5.309E-02 5.507E-01 3.188E-02  5.37E-02
5.012E-02 5.018E-01 3.122E-02  6.11E-02
4.732E-02 4.584E-01 3.062E-02  6.95E-02
4.467E-02 4.197E-01 3.009E-02  7.89E-02
4.217E-02 3.848E-01 2.955E-02  8.95E-02
3.981E-02 3.533E-01 2.902E-02  1.01E-01
3.758E-02 3.245E-01 2.844E-02  1.15E-01
3.548E-02 2.985E-01 2.783E-02  1.30E-01
3.350E-02 2.748E-01 2.717E-02  1.47E-01
3.162E-02 2.530E-01 2.644E-02  1.65E-01
2.985E-02 2.330E-01 2.562E-02  1.86E-01
2.818E-02 2.146E-01 2.473E-02  2.10E-01
2.661E-02 1.977E-01 2.374E-02  2.36E-01
2.512E-02 1.819E-01 2.265E-02  2.65E-01
2.371E-02 1.675E-01 2.147E-02  2.97E-01
2.239E-02 1.540E-01 2.021E-02  3.32E-01
2.113E-02 1.415E-01 1.886E-02  3.70E-01
1.995E-02 1.299E-01 1.747E-02  4.11E-01
1.884E-02 1.190E-01 1.600E-02  4.55E-01
1.778E-02 1.089E-01 1.450E-02  5.00E-01
1.679E-02 9.942E-02 1.299E-02  5.47E-01
1.585E-02 9.065E-02 1.148E-02  5.94E-01
1.496E-02 8.247E-02 9.974E-03  6.39E-01
1.413E-02 7.486E-02 8.477E-03  6.81E-01
1.334E-02 6.780E-02 6.975E-03  7.17E-01
1.259E-02 6.134E-02 5.450E-03  7.46E-01
1.189E-02 5.531E-02 3.866E-03  7.68E-01
1.122E-02 4.990E-02 1.726E-03  7.83E-01
1.059E-02 1.959E-01 9.980E-03  7.98E-01
1.000E-02 1.842E-01 9.906E-03  8.12E-01
9.441E-03 1.726E-01 1.067E-02  8.26E-01
8.913E-03 1.607E-01 1.068E-02  8.41E-01
8.414E-03 1.487E-01 1.028E-02  8.57E-01
7.943E-03 1.367E-01 9.538E-03  8.73E-01
7.499E-03 1.251E-01 7.922E-03  8.86E-01
7.079E-03 1.448E-01 1.044E-02  8.95E-01
6.683E-03 1.320E-01 1.032E-02  9.02E-01
6.310E-03 1.197E-01 9.842E-03  9.09E-01
5.957E-03 1.082E-01 9.208E-03  9.18E-01
5.623E-03 9.722E-02 8.483E-03  9.27E-01
5.309E-03 8.711E-02 7.692E-03  9.34E-01
5.012E-03 7.775E-02 6.843E-03  9.39E-01
4.732E-03 6.925E-02 5.801E-03  9.44E-01
4.467E-03 6.147E-02 3.846E-03  9.49E-01
4.217E-03 8.389E-02 5.970E-03  9.55E-01
3.981E-03 7.472E-02 5.889E-03  9.58E-01
3.758E-03 6.624E-02 5.574E-03  9.62E-01
3.548E-03 5.856E-02 5.163E-03  9.66E-01
3.350E-03 5.162E-02 4.738E-03  9.69E-01
3.162E-03 4.539E-02 4.314E-03  9.71E-01
2.985E-03 3.992E-02 3.920E-03  9.74E-01
2.818E-03 3.482E-02 3.540E-03  9.76E-01
2.661E-03 3.027E-02 3.181E-03  9.79E-01
2.512E-03 2.632E-02 2.847E-03  9.81E-01
2.371E-03 2.288E-02 2.544E-03  9.82E-01
2.239E-03 1.985E-02 2.270E-03  9.84E-01
2.113E-03 1.717E-02 2.022E-03  9.86E-01
1.995E-03 1.485E-02 1.800E-03  9.87E-01
1.884E-03 1.282E-02 1.600E-03  9.88E-01
1.778E-03 1.105E-02 1.419E-03  9.89E-01
1.679E-03 9.510E-03 1.258E-03  9.90E-01
1.585E-03 8.184E-03 1.114E-03  9.91E-01
1.496E-03 7.035E-03 9.870E-04  9.92E-01
1.413E-03 6.040E-03 8.736E-04  9.93E-01
1.334E-03 5.184E-03 7.716E-04  9.93E-01
1.259E-03 4.449E-03 6.821E-04  9.94E-01
1.189E-03 3.823E-03 6.037E-04  9.95E-01
1.122E-03 3.265E-03 5.318E-04  9.95E-01
1.059E-03 2.792E-03 4.677E-04  9.96E-01
