w(micron)  Q_abs     Q_sca     g=<cos>
1.000E+03 4.071E-07 9.423E-15  0.00E+00
9.441E+02 4.568E-07 1.186E-14  0.00E+00
8.913E+02 5.125E-07 1.493E-14  0.00E+00
8.414E+02 5.751E-07 1.880E-14  0.00E+00
7.943E+02 6.453E-07 2.367E-14  0.00E+00
7.499E+02 7.240E-07 2.980E-14  0.00E+00
7.079E+02 8.123E-07 3.751E-14  0.00E+00
6.683E+02 9.114E-07 4.723E-14  0.00E+00
6.310E+02 1.023E-06 5.945E-14  0.00E+00
5.957E+02 1.147E-06 7.485E-14  0.00E+00
5.623E+02 1.287E-06 9.423E-14  0.00E+00
5.309E+02 1.444E-06 1.186E-13  0.00E+00
5.012E+02 1.621E-06 1.493E-13  0.00E+00
4.732E+02 1.818E-06 1.880E-13  0.00E+00
4.467E+02 2.040E-06 2.367E-13  0.00E+00
4.217E+02 2.289E-06 2.980E-13  0.00E+00
3.981E+02 2.568E-06 3.751E-13  0.00E+00
3.758E+02 2.882E-06 4.722E-13  0.00E+00
3.548E+02 3.233E-06 5.945E-13  0.00E+00
3.350E+02 3.627E-06 7.485E-13  0.00E+00
3.162E+02 4.070E-06 9.423E-13  0.00E+00
2.985E+02 4.566E-06 1.186E-12  0.00E+00
2.818E+02 5.122E-06 1.494E-12  0.00E+00
2.661E+02 5.746E-06 1.881E-12  5.12E-07
2.512E+02 6.445E-06 2.368E-12  5.74E-07
2.371E+02 7.230E-06 2.981E-12  6.44E-07
2.239E+02 8.111E-06 3.753E-12  7.23E-07
2.113E+02 9.099E-06 4.724E-12  8.11E-07
1.995E+02 1.021E-05 5.947E-12  9.10E-07
1.884E+02 1.145E-05 7.487E-12  1.02E-06
1.778E+02 1.285E-05 9.426E-12  1.15E-06
1.679E+02 1.441E-05 1.187E-11  1.29E-06
1.585E+02 1.615E-05 1.494E-11  1.44E-06
1.496E+02 1.811E-05 1.882E-11  1.62E-06
1.413E+02 2.030E-05 2.369E-11  1.82E-06
1.334E+02 2.277E-05 2.983E-11  2.04E-06
1.259E+02 2.554E-05 3.755E-11  2.29E-06
1.189E+02 2.864E-05 4.728E-11  2.57E-06
1.122E+02 3.211E-05 5.954E-11  2.88E-06
1.059E+02 3.599E-05 7.497E-11  3.23E-06
1.000E+02 4.033E-05 9.440E-11  3.63E-06
9.441E+01 4.520E-05 1.189E-10  4.07E-06
8.913E+01 5.064E-05 1.497E-10  4.57E-06
8.414E+01 5.673E-05 1.885E-10  5.13E-06
7.943E+01 6.355E-05 2.374E-10  5.76E-06
7.499E+01 7.118E-05 2.990E-10  6.47E-06
7.079E+01 7.970E-05 3.766E-10  7.26E-06
6.683E+01 8.922E-05 4.744E-10  8.15E-06
6.310E+01 9.986E-05 5.976E-10  9.16E-06
5.957E+01 1.117E-04 7.529E-10  1.03E-05
5.623E+01 1.250E-04 9.486E-10  1.15E-05
5.309E+01 1.397E-04 1.195E-09  1.30E-05
5.012E+01 1.562E-04 1.506E-09  1.46E-05
4.732E+01 1.745E-04 1.899E-09  1.64E-05
4.467E+01 1.949E-04 2.394E-09  1.84E-05
4.217E+01 2.176E-04 3.018E-09  2.07E-05
3.981E+01 2.428E-04 3.806E-09  2.33E-05
3.758E+01 2.708E-04 4.802E-09  2.62E-05
3.548E+01 3.019E-04 6.060E-09  2.95E-05
3.350E+01 3.365E-04 7.651E-09  3.32E-05
3.162E+01 3.749E-04 9.663E-09  3.74E-05
2.985E+01 4.176E-04 1.221E-08  4.22E-05
2.818E+01 4.653E-04 1.544E-08  4.77E-05
2.661E+01 5.185E-04 1.954E-08  5.39E-05
2.512E+01 5.783E-04 2.476E-08  6.10E-05
2.371E+01 6.456E-04 3.140E-08  6.92E-05
2.239E+01 7.225E-04 3.990E-08  7.87E-05
2.113E+01 8.115E-04 5.079E-08  8.98E-05
1.995E+01 9.167E-04 6.482E-08  1.03E-04
1.884E+01 1.045E-03 8.298E-08  1.19E-04
1.778E+01 1.207E-03 1.067E-07  1.38E-04
1.679E+01 1.420E-03 1.380E-07  1.62E-04
1.585E+01 1.732E-03 1.801E-07  1.95E-04
1.496E+01 2.183E-03 2.375E-07  2.41E-04
1.413E+01 2.958E-03 3.190E-07  3.11E-04
1.334E+01 4.428E-03 4.409E-07  4.03E-04
1.259E+01 7.673E-03 6.398E-07  1.44E-04
1.189E+01 1.652E-02 1.013E-06 -1.04E-04
1.122E+01 4.870E-02 1.810E-06 -1.88E-05
1.059E+01 1.072E-01 1.890E-06  5.79E-05
1.000E+01 5.144E-02 4.298E-07  1.20E-04
9.441E+00 2.406E-02 3.098E-07  1.70E-04
8.913E+00 1.470E-02 4.865E-07  2.18E-04
8.414E+00 1.068E-02 7.453E-07  2.66E-04
7.943E+00 8.579E-03 1.069E-06  3.16E-04
7.499E+00 7.320E-03 1.471E-06  3.70E-04
7.079E+00 6.547E-03 1.972E-06  4.28E-04
6.683E+00 6.027E-03 2.599E-06  4.92E-04
6.310E+00 5.666E-03 3.386E-06  5.62E-04
5.957E+00 5.403E-03 4.375E-06  6.40E-04
5.623E+00 5.189E-03 5.625E-06  7.28E-04
5.309E+00 5.019E-03 7.206E-06  8.25E-04
5.012E+00 4.882E-03 9.198E-06  9.33E-04
4.732E+00 4.761E-03 1.171E-05  1.05E-03
4.467E+00 4.648E-03 1.490E-05  1.19E-03
4.217E+00 4.545E-03 1.891E-05  1.34E-03
3.981E+00 4.446E-03 2.397E-05  1.51E-03
3.758E+00 4.344E-03 3.037E-05  1.70E-03
3.548E+00 4.240E-03 3.846E-05  1.92E-03
3.350E+00 4.135E-03 4.864E-05  2.16E-03
3.162E+00 4.025E-03 6.153E-05  2.43E-03
2.985E+00 3.912E-03 7.779E-05  2.73E-03
2.818E+00 3.791E-03 9.832E-05  3.07E-03
2.661E+00 3.667E-03 1.242E-04  3.46E-03
2.512E+00 3.536E-03 1.570E-04  3.88E-03
2.371E+00 3.408E-03 1.983E-04  4.37E-03
2.239E+00 3.270E-03 2.505E-04  4.91E-03
2.113E+00 3.124E-03 3.165E-04  5.51E-03
1.995E+00 2.976E-03 3.999E-04  6.20E-03
1.884E+00 2.827E-03 5.055E-04  6.96E-03
1.778E+00 2.682E-03 6.390E-04  7.83E-03
1.679E+00 2.535E-03 8.078E-04  8.79E-03
1.585E+00 2.388E-03 1.021E-03  9.88E-03
1.496E+00 2.246E-03 1.292E-03  1.11E-02
1.413E+00 2.104E-03 1.634E-03  1.25E-02
1.334E+00 1.968E-03 2.068E-03  1.40E-02
1.259E+00 1.835E-03 2.618E-03  1.58E-02
1.189E+00 1.709E-03 3.316E-03  1.77E-02
1.122E+00 1.587E-03 4.204E-03  1.99E-02
1.059E+00 1.471E-03 5.332E-03  2.24E-02
1.000E+00 1.363E-03 6.768E-03  2.52E-02
9.441E-01 1.261E-03 8.598E-03  2.83E-02
8.913E-01 1.165E-03 1.093E-02  3.19E-02
8.414E-01 1.076E-03 1.391E-02  3.58E-02
7.943E-01 9.935E-04 1.774E-02  4.04E-02
7.499E-01 9.175E-04 2.265E-02  4.55E-02
7.079E-01 8.481E-04 2.895E-02  5.13E-02
6.683E-01 7.846E-04 3.708E-02  5.79E-02
6.310E-01 7.275E-04 4.759E-02  6.54E-02
5.957E-01 6.766E-04 6.124E-02  7.39E-02
5.623E-01 6.291E-04 7.901E-02  8.38E-02
5.309E-01 5.881E-04 1.022E-01  9.51E-02
5.012E-01 5.533E-04 1.326E-01  1.08E-01
4.732E-01 5.238E-04 1.729E-01  1.24E-01
4.467E-01 5.002E-04 2.264E-01  1.42E-01
4.217E-01 4.779E-04 2.981E-01  1.65E-01
3.981E-01 7.143E-04 3.952E-01  1.92E-01
3.758E-01 2.154E-03 5.280E-01  2.28E-01
3.548E-01 5.804E-03 7.160E-01  2.74E-01
3.350E-01 9.832E-03 9.934E-01  3.38E-01
3.162E-01 3.162E-02 1.474E+00  4.27E-01
2.985E-01 1.066E-01 2.677E+00  5.17E-01
2.818E-01 5.704E-01 6.398E+00  3.86E-01
2.661E-01 5.740E-01 5.076E+00  9.66E-02
2.512E-01 5.828E-01 4.206E+00  6.88E-02
2.371E-01 1.108E+00 3.448E+00  1.62E-01
2.239E-01 1.791E+00 1.131E+00  3.66E-01
2.113E-01 1.351E+00 1.108E+00  2.36E-01
1.995E-01 1.325E+00 1.591E+00  2.87E-01
1.884E-01 1.192E+00 1.660E+00  3.07E-01
1.778E-01 1.101E+00 1.777E+00  3.42E-01
1.679E-01 1.076E+00 1.931E+00  3.89E-01
1.585E-01 1.118E+00 2.108E+00  4.34E-01
1.496E-01 1.223E+00 2.136E+00  4.73E-01
1.413E-01 1.269E+00 2.073E+00  4.97E-01
1.334E-01 1.301E+00 2.030E+00  5.20E-01
1.259E-01 1.334E+00 2.013E+00  5.46E-01
1.189E-01 1.366E+00 2.057E+00  5.75E-01
1.122E-01 1.367E+00 2.053E+00  5.99E-01
1.059E-01 1.347E+00 1.906E+00  6.20E-01
1.000E-01 1.302E+00 1.757E+00  6.39E-01
9.441E-02 1.244E+00 1.661E+00  6.55E-01
8.913E-02 1.184E+00 1.565E+00  6.72E-01
8.414E-02 1.130E+00 1.485E+00  6.90E-01
7.943E-02 1.084E+00 1.418E+00  7.07E-01
7.499E-02 1.044E+00 1.359E+00  7.25E-01
7.079E-02 1.011E+00 1.309E+00  7.43E-01
6.683E-02 9.816E-01 1.266E+00  7.61E-01
6.310E-02 9.563E-01 1.228E+00  7.79E-01
5.957E-02 9.340E-01 1.195E+00  7.97E-01
5.623E-02 9.141E-01 1.166E+00  8.14E-01
5.309E-02 8.961E-01 1.142E+00  8.31E-01
5.012E-02 8.793E-01 1.121E+00  8.47E-01
4.732E-02 8.638E-01 1.102E+00  8.62E-01
4.467E-02 8.490E-01 1.088E+00  8.76E-01
4.217E-02 8.347E-01 1.076E+00  8.89E-01
3.981E-02 8.208E-01 1.066E+00  9.01E-01
3.758E-02 8.071E-01 1.059E+00  9.12E-01
3.548E-02 7.936E-01 1.053E+00  9.22E-01
3.350E-02 7.801E-01 1.047E+00  9.31E-01
3.162E-02 7.662E-01 1.043E+00  9.39E-01
2.985E-02 7.519E-01 1.038E+00  9.47E-01
2.818E-02 7.368E-01 1.033E+00  9.53E-01
2.661E-02 7.211E-01 1.024E+00  9.59E-01
2.512E-02 7.040E-01 1.013E+00  9.64E-01
2.371E-02 6.862E-01 9.979E-01  9.68E-01
2.239E-02 6.668E-01 9.782E-01  9.72E-01
2.113E-02 6.461E-01 9.526E-01  9.76E-01
1.995E-02 6.240E-01 9.214E-01  9.79E-01
1.884E-02 6.002E-01 8.833E-01  9.81E-01
1.778E-02 5.753E-01 8.382E-01  9.84E-01
1.679E-02 5.491E-01 7.862E-01  9.86E-01
1.585E-02 5.221E-01 7.265E-01  9.87E-01
1.496E-02 4.943E-01 6.591E-01  9.89E-01
1.413E-02 4.660E-01 5.834E-01  9.90E-01
1.334E-02 4.374E-01 4.982E-01  9.91E-01
1.259E-02 4.091E-01 4.021E-01  9.92E-01
1.189E-02 3.808E-01 2.935E-01  9.93E-01
1.122E-02 3.543E-01 1.350E-01  9.94E-01
1.059E-02 8.267E-01 3.979E-01  9.94E-01
1.000E-02 7.908E-01 3.997E-01  9.94E-01
9.441E-03 7.668E-01 4.363E-01  9.95E-01
8.913E-03 7.428E-01 4.492E-01  9.95E-01
8.414E-03 7.169E-01 4.489E-01  9.96E-01
7.943E-03 6.888E-01 4.347E-01  9.96E-01
7.499E-03 6.595E-01 3.805E-01  9.97E-01
7.079E-03 7.102E-01 4.486E-01  9.97E-01
6.683E-03 6.782E-01 4.614E-01  9.97E-01
6.310E-03 6.442E-01 4.597E-01  9.97E-01
5.957E-03 6.089E-01 4.499E-01  9.98E-01
5.623E-03 5.714E-01 4.341E-01  9.98E-01
5.309E-03 5.334E-01 4.114E-01  9.98E-01
5.012E-03 4.948E-01 3.817E-01  9.98E-01
4.732E-03 4.567E-01 3.371E-01  9.99E-01
4.467E-03 4.192E-01 2.345E-01  9.99E-01
4.217E-03 5.221E-01 3.225E-01  9.99E-01
3.981E-03 4.826E-01 3.296E-01  9.99E-01
3.758E-03 4.430E-01 3.233E-01  9.99E-01
3.548E-03 4.045E-01 3.100E-01  9.99E-01
3.350E-03 3.671E-01 2.936E-01  9.99E-01
3.162E-03 3.315E-01 2.751E-01  9.99E-01
2.985E-03 2.985E-01 2.565E-01  9.99E-01
2.818E-03 2.662E-01 2.374E-01  9.99E-01
2.661E-03 2.360E-01 2.180E-01  1.00E+00
2.512E-03 2.088E-01 1.989E-01  1.00E+00
2.371E-03 1.842E-01 1.807E-01  1.00E+00
2.239E-03 1.620E-01 1.637E-01  1.00E+00
2.113E-03 1.418E-01 1.477E-01  1.00E+00
1.995E-03 1.239E-01 1.330E-01  1.00E+00
1.884E-03 1.079E-01 1.194E-01  1.00E+00
1.778E-03 9.372E-02 1.069E-01  1.00E+00
1.679E-03 8.124E-02 9.544E-02  1.00E+00
1.585E-03 7.033E-02 8.508E-02  1.00E+00
1.496E-03 6.076E-02 7.581E-02  1.00E+00
1.413E-03 5.240E-02 6.743E-02  1.00E+00
1.334E-03 4.514E-02 5.981E-02  1.00E+00
1.259E-03 3.887E-02 5.306E-02  1.00E+00
1.189E-03 3.350E-02 4.711E-02  1.00E+00
1.122E-03 2.868E-02 4.161E-02  1.00E+00
1.059E-03 2.457E-02 3.668E-02  1.00E+00
