w(micron)  Q_abs     Q_sca     g=<cos>
1.000E+03 4.568E-06 1.493E-10  4.56E-06
9.441E+02 5.126E-06 1.880E-10  5.11E-06
8.913E+02 5.751E-06 2.367E-10  5.74E-06
8.414E+02 6.453E-06 2.980E-10  6.44E-06
7.943E+02 7.240E-06 3.751E-10  7.23E-06
7.499E+02 8.124E-06 4.723E-10  8.11E-06
7.079E+02 9.115E-06 5.945E-10  9.10E-06
6.683E+02 1.023E-05 7.485E-10  1.02E-05
6.310E+02 1.148E-05 9.423E-10  1.15E-05
5.957E+02 1.288E-05 1.186E-09  1.28E-05
5.623E+02 1.445E-05 1.493E-09  1.44E-05
5.309E+02 1.621E-05 1.880E-09  1.62E-05
5.012E+02 1.819E-05 2.367E-09  1.81E-05
4.732E+02 2.041E-05 2.980E-09  2.04E-05
4.467E+02 2.289E-05 3.751E-09  2.28E-05
4.217E+02 2.569E-05 4.723E-09  2.56E-05
3.981E+02 2.882E-05 5.946E-09  2.88E-05
3.758E+02 3.234E-05 7.485E-09  3.23E-05
3.548E+02 3.628E-05 9.423E-09  3.62E-05
3.350E+02 4.071E-05 1.186E-08  4.06E-05
3.162E+02 4.567E-05 1.494E-08  4.56E-05
2.985E+02 5.124E-05 1.880E-08  5.12E-05
2.818E+02 5.749E-05 2.367E-08  5.74E-05
2.661E+02 6.449E-05 2.981E-08  6.44E-05
2.512E+02 7.235E-05 3.753E-08  7.23E-05
2.371E+02 8.116E-05 4.725E-08  8.11E-05
2.239E+02 9.105E-05 5.949E-08  9.10E-05
2.113E+02 1.022E-04 7.489E-08  1.02E-04
1.995E+02 1.146E-04 9.428E-08  1.15E-04
1.884E+02 1.286E-04 1.187E-07  1.29E-04
1.778E+02 1.443E-04 1.494E-07  1.44E-04
1.679E+02 1.618E-04 1.882E-07  1.62E-04
1.585E+02 1.814E-04 2.369E-07  1.82E-04
1.496E+02 2.034E-04 2.983E-07  2.04E-04
1.413E+02 2.281E-04 3.757E-07  2.29E-04
1.334E+02 2.559E-04 4.730E-07  2.57E-04
1.259E+02 2.871E-04 5.955E-07  2.88E-04
1.189E+02 3.220E-04 7.498E-07  3.23E-04
1.122E+02 3.610E-04 9.442E-07  3.63E-04
1.059E+02 4.048E-04 1.189E-06  4.07E-04
1.000E+02 4.538E-04 1.497E-06  4.57E-04
9.441E+01 5.087E-04 1.886E-06  5.13E-04
8.913E+01 5.702E-04 2.375E-06  5.76E-04
8.414E+01 6.390E-04 2.991E-06  6.46E-04
7.943E+01 7.161E-04 3.768E-06  7.26E-04
7.499E+01 8.025E-04 4.746E-06  8.15E-04
7.079E+01 8.991E-04 5.979E-06  9.15E-04
6.683E+01 1.007E-03 7.532E-06  1.03E-03
6.310E+01 1.128E-03 9.491E-06  1.15E-03
5.957E+01 1.263E-03 1.196E-05  1.30E-03
5.623E+01 1.414E-03 1.507E-05  1.45E-03
5.309E+01 1.583E-03 1.900E-05  1.63E-03
5.012E+01 1.771E-03 2.395E-05  1.84E-03
4.732E+01 1.982E-03 3.020E-05  2.06E-03
4.467E+01 2.217E-03 3.809E-05  2.32E-03
4.217E+01 2.479E-03 4.805E-05  2.61E-03
3.981E+01 2.772E-03 6.063E-05  2.94E-03
3.758E+01 3.099E-03 7.654E-05  3.30E-03
3.548E+01 3.464E-03 9.666E-05  3.72E-03
3.350E+01 3.871E-03 1.221E-04  4.19E-03
3.162E+01 4.328E-03 1.544E-04  4.73E-03
2.985E+01 4.839E-03 1.953E-04  5.33E-03
2.818E+01 5.415E-03 2.473E-04  6.02E-03
2.661E+01 6.063E-03 3.134E-04  6.81E-03
2.512E+01 6.801E-03 3.975E-04  7.72E-03
2.371E+01 7.643E-03 5.051E-04  8.76E-03
2.239E+01 8.621E-03 6.429E-04  9.98E-03
2.113E+01 9.776E-03 8.203E-04  1.14E-02
1.995E+01 1.117E-02 1.049E-03  1.31E-02
1.884E+01 1.291E-02 1.347E-03  1.51E-02
1.778E+01 1.519E-02 1.739E-03  1.76E-02
1.679E+01 1.832E-02 2.258E-03  2.09E-02
1.585E+01 2.319E-02 2.960E-03  2.52E-02
1.496E+01 3.101E-02 3.928E-03  3.14E-02
1.413E+01 4.705E-02 5.320E-03  4.11E-02
1.334E+01 8.990E-02 7.440E-03  5.18E-02
1.259E+01 1.645E-01 1.093E-02  4.56E-03
1.189E+01 2.355E-01 1.754E-02 -1.29E-02
1.122E+01 6.328E-01 3.183E-02 -1.79E-03
1.059E+01 1.254E+00 3.029E-02  7.53E-03
1.000E+01 5.857E-01 6.639E-03  1.52E-02
9.441E+00 2.852E-01 4.917E-03  2.13E-02
8.913E+00 1.807E-01 7.892E-03  2.72E-02
8.414E+00 1.356E-01 1.229E-02  3.31E-02
7.943E+00 1.126E-01 1.789E-02  3.94E-02
7.499E+00 9.931E-02 2.498E-02  4.62E-02
7.079E+00 9.198E-02 3.394E-02  5.35E-02
6.683E+00 8.791E-02 4.539E-02  6.17E-02
6.310E+00 8.608E-02 6.004E-02  7.07E-02
5.957E+00 8.578E-02 7.884E-02  8.08E-02
5.623E+00 8.652E-02 1.032E-01  9.22E-02
5.309E+00 8.837E-02 1.346E-01  1.05E-01
5.012E+00 9.129E-02 1.752E-01  1.20E-01
4.732E+00 9.524E-02 2.278E-01  1.37E-01
4.467E+00 1.004E-01 2.961E-01  1.57E-01
4.217E+00 1.070E-01 3.840E-01  1.80E-01
3.981E+00 1.156E-01 4.975E-01  2.07E-01
3.758E+00 1.270E-01 6.444E-01  2.41E-01
3.548E+00 1.428E-01 8.344E-01  2.82E-01
3.350E+00 1.658E-01 1.083E+00  3.33E-01
3.162E+00 2.023E-01 1.422E+00  3.96E-01
2.985E+00 2.637E-01 1.926E+00  4.67E-01
2.818E+00 3.669E-01 2.774E+00  5.23E-01
2.661E+00 4.895E-01 4.125E+00  5.15E-01
2.512E+00 4.720E-01 5.109E+00  4.28E-01
2.371E+00 3.259E-01 4.876E+00  3.39E-01
2.239E+00 2.243E-01 4.366E+00  2.98E-01
2.113E+00 1.863E-01 4.016E+00  2.97E-01
1.995E+00 2.048E-01 3.860E+00  3.16E-01
1.884E+00 3.431E-01 4.230E+00  3.41E-01
1.778E+00 5.234E-01 5.404E+00  4.17E-01
1.679E+00 2.664E-01 3.884E+00  3.83E-01
1.585E+00 1.939E-01 3.490E+00  2.66E-01
1.496E+00 1.868E-01 3.244E+00  1.93E-01
1.413E+00 3.776E-01 2.997E+00  8.84E-02
1.334E+00 1.956E-01 1.642E+00  2.41E-01
1.259E+00 1.659E-01 1.413E+00  7.69E-02
1.189E+00 1.966E-01 2.344E+00  6.26E-02
1.122E+00 2.174E-01 1.671E+00  1.91E-01
1.059E+00 1.004E-01 1.269E+00  3.74E-01
1.000E+00 2.287E-01 3.323E+00  4.38E-01
9.441E-01 7.297E-02 2.529E+00  5.44E-01
8.913E-01 9.019E-02 2.935E+00  5.79E-01
8.414E-01 1.283E-01 3.467E+00  6.73E-01
7.943E-01 5.167E-02 2.721E+00  4.59E-01
7.499E-01 7.607E-02 2.942E+00  5.35E-01
7.079E-01 4.621E-02 1.948E+00  2.50E-01
6.683E-01 4.221E-02 1.869E+00  2.65E-01
6.310E-01 2.250E-01 2.283E+00  3.97E-01
5.957E-01 3.814E-02 2.293E+00  4.21E-01
5.623E-01 3.276E-02 2.739E+00  6.57E-01
5.309E-01 3.377E-02 3.074E+00  6.20E-01
5.012E-01 3.890E-02 2.442E+00  3.65E-01
4.732E-01 2.148E-02 1.864E+00  4.04E-01
4.467E-01 1.951E-02 2.448E+00  5.00E-01
4.217E-01 2.021E-02 2.955E+00  4.98E-01
3.981E-01 3.256E-02 2.799E+00  4.44E-01
3.758E-01 5.649E-02 2.342E+00  5.08E-01
3.548E-01 1.209E-01 2.309E+00  4.84E-01
3.350E-01 1.752E-01 2.078E+00  5.24E-01
3.162E-01 3.380E-01 2.393E+00  6.47E-01
2.985E-01 3.953E-01 1.956E+00  5.71E-01
2.818E-01 6.796E-01 1.669E+00  6.77E-01
2.661E-01 8.756E-01 1.525E+00  7.67E-01
2.512E-01 9.079E-01 1.416E+00  7.78E-01
2.371E-01 8.869E-01 1.409E+00  7.69E-01
2.239E-01 8.519E-01 1.429E+00  7.55E-01
2.113E-01 8.078E-01 1.461E+00  7.37E-01
1.995E-01 7.498E-01 1.510E+00  7.12E-01
1.884E-01 6.937E-01 1.573E+00  6.89E-01
1.778E-01 6.498E-01 1.642E+00  6.73E-01
1.679E-01 6.239E-01 1.709E+00  6.65E-01
1.585E-01 6.191E-01 1.762E+00  6.67E-01
1.496E-01 6.505E-01 1.743E+00  6.82E-01
1.413E-01 6.705E-01 1.708E+00  6.94E-01
1.334E-01 6.714E-01 1.692E+00  7.00E-01
1.259E-01 6.611E-01 1.686E+00  7.03E-01
1.189E-01 6.307E-01 1.699E+00  6.99E-01
1.122E-01 6.052E-01 1.695E+00  6.99E-01
1.059E-01 6.123E-01 1.650E+00  7.13E-01
1.000E-01 6.285E-01 1.603E+00  7.30E-01
9.441E-02 6.394E-01 1.570E+00  7.42E-01
8.913E-02 6.549E-01 1.535E+00  7.57E-01
8.414E-02 6.704E-01 1.502E+00  7.72E-01
7.943E-02 6.856E-01 1.472E+00  7.87E-01
7.499E-02 7.006E-01 1.444E+00  8.01E-01
7.079E-02 7.151E-01 1.417E+00  8.16E-01
6.683E-02 7.290E-01 1.393E+00  8.30E-01
6.310E-02 7.426E-01 1.369E+00  8.44E-01
5.957E-02 7.556E-01 1.347E+00  8.57E-01
5.623E-02 7.680E-01 1.327E+00  8.70E-01
5.309E-02 7.798E-01 1.307E+00  8.82E-01
5.012E-02 7.908E-01 1.289E+00  8.94E-01
4.732E-02 8.014E-01 1.272E+00  9.05E-01
4.467E-02 8.112E-01 1.256E+00  9.15E-01
4.217E-02 8.204E-01 1.241E+00  9.24E-01
3.981E-02 8.291E-01 1.227E+00  9.32E-01
3.758E-02 8.373E-01 1.213E+00  9.39E-01
3.548E-02 8.452E-01 1.201E+00  9.46E-01
3.350E-02 8.528E-01 1.188E+00  9.52E-01
3.162E-02 8.600E-01 1.177E+00  9.58E-01
2.985E-02 8.670E-01 1.166E+00  9.63E-01
2.818E-02 8.737E-01 1.155E+00  9.68E-01
2.661E-02 8.803E-01 1.145E+00  9.72E-01
2.512E-02 8.866E-01 1.135E+00  9.76E-01
2.371E-02 8.928E-01 1.125E+00  9.79E-01
2.239E-02 8.987E-01 1.116E+00  9.82E-01
2.113E-02 9.044E-01 1.107E+00  9.85E-01
1.995E-02 9.099E-01 1.099E+00  9.87E-01
1.884E-02 9.151E-01 1.091E+00  9.89E-01
1.778E-02 9.201E-01 1.083E+00  9.91E-01
1.679E-02 9.247E-01 1.074E+00  9.92E-01
1.585E-02 9.291E-01 1.066E+00  9.94E-01
1.496E-02 9.332E-01 1.057E+00  9.95E-01
1.413E-02 9.369E-01 1.048E+00  9.96E-01
1.334E-02 9.402E-01 1.043E+00  9.97E-01
1.259E-02 9.431E-01 1.044E+00  9.98E-01
1.189E-02 9.456E-01 1.046E+00  9.99E-01
1.122E-02 9.515E-01 1.073E+00  9.99E-01
1.059E-02 1.005E+00 9.976E-01  9.99E-01
1.000E-02 9.896E-01 1.001E+00  9.99E-01
9.441E-03 9.847E-01 1.007E+00  9.99E-01
8.913E-03 9.824E-01 1.009E+00  9.99E-01
8.414E-03 9.811E-01 1.010E+00  9.99E-01
7.943E-03 9.804E-01 1.010E+00  9.99E-01
7.499E-03 9.815E-01 1.008E+00  9.99E-01
7.079E-03 9.827E-01 1.008E+00  9.99E-01
6.683E-03 9.807E-01 1.011E+00  9.99E-01
6.310E-03 9.793E-01 1.012E+00  9.99E-01
5.957E-03 9.780E-01 1.014E+00  9.99E-01
5.623E-03 9.767E-01 1.017E+00  9.99E-01
5.309E-03 9.752E-01 1.021E+00  1.00E+00
5.012E-03 9.733E-01 1.026E+00  1.00E+00
4.732E-03 9.710E-01 1.032E+00  1.00E+00
4.467E-03 9.692E-01 1.038E+00  1.00E+00
4.217E-03 9.790E-01 1.020E+00  1.00E+00
3.981E-03 9.757E-01 1.027E+00  1.00E+00
3.758E-03 9.718E-01 1.035E+00  1.00E+00
3.548E-03 9.670E-01 1.043E+00  1.00E+00
3.350E-03 9.605E-01 1.052E+00  1.00E+00
3.162E-03 9.520E-01 1.061E+00  1.00E+00
2.985E-03 9.410E-01 1.057E+00  9.99E-01
2.818E-03 9.258E-01 1.072E+00  9.99E-01
2.661E-03 9.063E-01 1.091E+00  9.99E-01
2.512E-03 8.824E-01 1.114E+00  9.99E-01
2.371E-03 8.537E-01 1.141E+00  9.99E-01
2.239E-03 8.201E-01 1.174E+00  1.00E+00
2.113E-03 7.810E-01 1.211E+00  1.00E+00
1.995E-03 7.379E-01 1.252E+00  1.00E+00
1.884E-03 6.913E-01 1.296E+00  1.00E+00
1.778E-03 6.418E-01 1.342E+00  1.00E+00
1.679E-03 5.910E-01 1.388E+00  1.00E+00
1.585E-03 5.401E-01 1.433E+00  1.00E+00
1.496E-03 4.898E-01 1.476E+00  1.00E+00
1.413E-03 4.411E-01 1.516E+00  1.00E+00
1.334E-03 3.948E-01 1.550E+00  1.00E+00
1.259E-03 3.515E-01 1.578E+00  1.00E+00
1.189E-03 3.118E-01 1.599E+00  1.00E+00
1.122E-03 2.740E-01 1.613E+00  1.00E+00
1.059E-03 2.401E-01 1.616E+00  1.00E+00
