w(micron)  Q_abs     Q_sca     g=<cos>
1.000E+03 9.115E-07 2.367E-13  0.00E+00
9.441E+02 1.023E-06 2.980E-13  0.00E+00
8.913E+02 1.147E-06 3.751E-13  0.00E+00
8.414E+02 1.287E-06 4.723E-13  0.00E+00
7.943E+02 1.445E-06 5.945E-13  0.00E+00
7.499E+02 1.621E-06 7.485E-13  0.00E+00
7.079E+02 1.819E-06 9.423E-13  0.00E+00
6.683E+02 2.040E-06 1.186E-12  0.00E+00
6.310E+02 2.289E-06 1.493E-12  0.00E+00
5.957E+02 2.569E-06 1.880E-12  5.11E-07
5.623E+02 2.882E-06 2.367E-12  5.74E-07
5.309E+02 3.234E-06 2.980E-12  6.44E-07
5.012E+02 3.628E-06 3.751E-12  7.23E-07
4.732E+02 4.071E-06 4.723E-12  8.11E-07
4.467E+02 4.568E-06 5.945E-12  9.10E-07
4.217E+02 5.125E-06 7.485E-12  1.02E-06
3.981E+02 5.750E-06 9.423E-12  1.15E-06
3.758E+02 6.451E-06 1.186E-11  1.28E-06
3.548E+02 7.238E-06 1.493E-11  1.44E-06
3.350E+02 8.121E-06 1.880E-11  1.62E-06
3.162E+02 9.111E-06 2.367E-11  1.81E-06
2.985E+02 1.022E-05 2.980E-11  2.04E-06
2.818E+02 1.147E-05 3.752E-11  2.29E-06
2.661E+02 1.286E-05 4.724E-11  2.56E-06
2.512E+02 1.443E-05 5.947E-11  2.88E-06
2.371E+02 1.619E-05 7.488E-11  3.23E-06
2.239E+02 1.816E-05 9.426E-11  3.62E-06
2.113E+02 2.037E-05 1.187E-10  4.06E-06
1.995E+02 2.285E-05 1.494E-10  4.56E-06
1.884E+02 2.564E-05 1.881E-10  5.12E-06
1.778E+02 2.876E-05 2.368E-10  5.74E-06
1.679E+02 3.225E-05 2.981E-10  6.44E-06
1.585E+02 3.616E-05 3.754E-10  7.23E-06
1.496E+02 4.054E-05 4.727E-10  8.12E-06
1.413E+02 4.546E-05 5.951E-10  9.11E-06
1.334E+02 5.098E-05 7.493E-10  1.02E-05
1.259E+02 5.719E-05 9.433E-10  1.15E-05
1.189E+02 6.412E-05 1.188E-09  1.29E-05
1.122E+02 7.188E-05 1.496E-09  1.44E-05
1.059E+02 8.057E-05 1.883E-09  1.62E-05
1.000E+02 9.030E-05 2.371E-09  1.82E-05
9.441E+01 1.012E-04 2.986E-09  2.04E-05
8.913E+01 1.134E-04 3.761E-09  2.29E-05
8.414E+01 1.270E-04 4.736E-09  2.57E-05
7.943E+01 1.423E-04 5.964E-09  2.89E-05
7.499E+01 1.594E-04 7.512E-09  3.24E-05
7.079E+01 1.785E-04 9.461E-09  3.64E-05
6.683E+01 1.998E-04 1.192E-08  4.09E-05
6.310E+01 2.236E-04 1.501E-08  4.59E-05
5.957E+01 2.502E-04 1.891E-08  5.15E-05
5.623E+01 2.798E-04 2.383E-08  5.79E-05
5.309E+01 3.129E-04 3.003E-08  6.50E-05
5.012E+01 3.497E-04 3.784E-08  7.31E-05
4.732E+01 3.907E-04 4.770E-08  8.21E-05
4.467E+01 4.364E-04 6.013E-08  9.23E-05
4.217E+01 4.873E-04 7.582E-08  1.04E-04
3.981E+01 5.438E-04 9.563E-08  1.17E-04
3.758E+01 6.066E-04 1.206E-07  1.31E-04
3.548E+01 6.765E-04 1.522E-07  1.48E-04
3.350E+01 7.539E-04 1.922E-07  1.66E-04
3.162E+01 8.400E-04 2.428E-07  1.88E-04
2.985E+01 9.359E-04 3.068E-07  2.12E-04
2.818E+01 1.043E-03 3.881E-07  2.39E-04
2.661E+01 1.162E-03 4.911E-07  2.70E-04
2.512E+01 1.297E-03 6.221E-07  3.06E-04
2.371E+01 1.448E-03 7.892E-07  3.47E-04
2.239E+01 1.621E-03 1.003E-06  3.94E-04
2.113E+01 1.821E-03 1.277E-06  4.50E-04
1.995E+01 2.058E-03 1.629E-06  5.16E-04
1.884E+01 2.346E-03 2.086E-06  5.95E-04
1.778E+01 2.712E-03 2.683E-06  6.92E-04
1.679E+01 3.192E-03 3.470E-06  8.15E-04
1.585E+01 3.899E-03 4.528E-06  9.78E-04
1.496E+01 4.925E-03 5.973E-06  1.21E-03
1.413E+01 6.698E-03 8.026E-06  1.56E-03
1.334E+01 1.012E-02 1.110E-05  2.02E-03
1.259E+01 1.767E-02 1.611E-05  7.05E-04
1.189E+01 3.733E-02 2.552E-05 -5.20E-04
1.122E+01 1.096E-01 4.564E-05 -9.37E-05
1.059E+01 2.405E-01 4.755E-05  2.90E-04
1.000E+01 1.153E-01 1.079E-05  6.02E-04
9.441E+00 5.398E-02 7.784E-06  8.53E-04
8.913E+00 3.302E-02 1.223E-05  1.09E-03
8.414E+00 2.400E-02 1.875E-05  1.33E-03
7.943E+00 1.931E-02 2.690E-05  1.58E-03
7.499E+00 1.649E-02 3.705E-05  1.85E-03
7.079E+00 1.477E-02 4.967E-05  2.14E-03
6.683E+00 1.361E-02 6.550E-05  2.46E-03
6.310E+00 1.282E-02 8.538E-05  2.82E-03
5.957E+00 1.224E-02 1.104E-04  3.21E-03
5.623E+00 1.178E-02 1.420E-04  3.64E-03
5.309E+00 1.141E-02 1.821E-04  4.13E-03
5.012E+00 1.113E-02 2.326E-04  4.67E-03
4.732E+00 1.088E-02 2.965E-04  5.28E-03
4.467E+00 1.065E-02 3.775E-04  5.96E-03
4.217E+00 1.044E-02 4.797E-04  6.73E-03
3.981E+00 1.025E-02 6.088E-04  7.58E-03
3.758E+00 1.005E-02 7.725E-04  8.54E-03
3.548E+00 9.850E-03 9.797E-04  9.61E-03
3.350E+00 9.652E-03 1.241E-03  1.08E-02
3.162E+00 9.445E-03 1.573E-03  1.22E-02
2.985E+00 9.232E-03 1.994E-03  1.37E-02
2.818E+00 9.005E-03 2.526E-03  1.54E-02
2.661E+00 8.775E-03 3.202E-03  1.73E-02
2.512E+00 8.531E-03 4.058E-03  1.94E-02
2.371E+00 8.299E-03 5.144E-03  2.19E-02
2.239E+00 8.047E-03 6.524E-03  2.46E-02
2.113E+00 7.775E-03 8.280E-03  2.76E-02
1.995E+00 7.505E-03 1.052E-02  3.10E-02
1.884E+00 7.234E-03 1.337E-02  3.49E-02
1.778E+00 6.973E-03 1.700E-02  3.92E-02
1.679E+00 6.712E-03 2.164E-02  4.41E-02
1.585E+00 6.455E-03 2.758E-02  4.96E-02
1.496E+00 6.211E-03 3.518E-02  5.58E-02
1.413E+00 5.969E-03 4.493E-02  6.28E-02
1.334E+00 5.746E-03 5.747E-02  7.07E-02
1.259E+00 5.533E-03 7.363E-02  7.97E-02
1.189E+00 5.340E-03 9.449E-02  8.99E-02
1.122E+00 5.167E-03 1.215E-01  1.02E-01
1.059E+00 5.016E-03 1.565E-01  1.15E-01
1.000E+00 4.897E-03 2.020E-01  1.30E-01
9.441E-01 4.810E-03 2.612E-01  1.48E-01
8.913E-01 4.765E-03 3.384E-01  1.69E-01
8.414E-01 4.776E-03 4.391E-01  1.94E-01
7.943E-01 4.867E-03 5.713E-01  2.25E-01
7.499E-01 5.079E-03 7.455E-01  2.62E-01
7.079E-01 5.491E-03 9.782E-01  3.10E-01
6.683E-01 6.276E-03 1.302E+00  3.70E-01
6.310E-01 7.835E-03 1.801E+00  4.43E-01
5.957E-01 1.110E-02 2.727E+00  5.13E-01
5.623E-01 1.683E-02 4.688E+00  5.13E-01
5.309E-01 1.692E-02 6.520E+00  3.91E-01
5.012E-01 9.149E-03 5.686E+00  2.63E-01
4.732E-01 5.125E-03 4.795E+00  2.17E-01
4.467E-01 3.901E-03 4.367E+00  2.26E-01
4.217E-01 4.379E-03 4.177E+00  2.51E-01
3.981E-01 1.747E-02 5.223E+00  2.42E-01
3.758E-01 3.250E-02 3.978E+00  3.46E-01
3.548E-01 3.752E-02 2.688E+00  1.56E-01
3.350E-01 6.376E-02 3.606E+00  8.09E-02
3.162E-01 6.634E-01 3.463E+00 -1.32E-03
2.985E-01 1.616E-01 6.351E-01  2.21E-01
2.818E-01 8.490E-01 2.855E+00  2.81E-01
2.661E-01 5.616E-01 2.048E+00  5.22E-01
2.512E-01 9.162E-01 2.524E+00  5.74E-01
2.371E-01 1.197E+00 1.693E+00  5.28E-01
2.239E-01 1.228E+00 1.382E+00  5.61E-01
2.113E-01 1.147E+00 1.594E+00  6.34E-01
1.995E-01 1.052E+00 1.593E+00  6.09E-01
1.884E-01 9.545E-01 1.682E+00  5.96E-01
1.778E-01 8.873E-01 1.786E+00  5.93E-01
1.679E-01 8.536E-01 1.899E+00  5.97E-01
1.585E-01 8.586E-01 1.993E+00  6.07E-01
1.496E-01 9.418E-01 1.987E+00  6.33E-01
1.413E-01 9.925E-01 1.950E+00  6.54E-01
1.334E-01 1.011E+00 1.932E+00  6.67E-01
1.259E-01 1.017E+00 1.926E+00  6.76E-01
1.189E-01 9.986E-01 1.953E+00  6.80E-01
1.122E-01 9.795E-01 1.941E+00  6.85E-01
1.059E-01 9.644E-01 1.847E+00  6.99E-01
1.000E-01 9.420E-01 1.753E+00  7.14E-01
9.441E-02 9.173E-01 1.690E+00  7.25E-01
8.913E-02 8.983E-01 1.625E+00  7.39E-01
8.414E-02 8.835E-01 1.569E+00  7.53E-01
7.943E-02 8.723E-01 1.521E+00  7.68E-01
7.499E-02 8.642E-01 1.477E+00  7.83E-01
7.079E-02 8.582E-01 1.438E+00  7.98E-01
6.683E-02 8.538E-01 1.402E+00  8.12E-01
6.310E-02 8.507E-01 1.370E+00  8.27E-01
5.957E-02 8.485E-01 1.341E+00  8.41E-01
5.623E-02 8.470E-01 1.314E+00  8.55E-01
5.309E-02 8.458E-01 1.289E+00  8.68E-01
5.012E-02 8.449E-01 1.267E+00  8.80E-01
4.732E-02 8.442E-01 1.246E+00  8.92E-01
4.467E-02 8.434E-01 1.227E+00  9.03E-01
4.217E-02 8.427E-01 1.210E+00  9.13E-01
3.981E-02 8.419E-01 1.194E+00  9.22E-01
3.758E-02 8.411E-01 1.179E+00  9.30E-01
3.548E-02 8.404E-01 1.166E+00  9.38E-01
3.350E-02 8.397E-01 1.154E+00  9.45E-01
3.162E-02 8.388E-01 1.144E+00  9.51E-01
2.985E-02 8.378E-01 1.138E+00  9.57E-01
2.818E-02 8.363E-01 1.135E+00  9.62E-01
2.661E-02 8.347E-01 1.138E+00  9.67E-01
2.512E-02 8.322E-01 1.147E+00  9.72E-01
2.371E-02 8.291E-01 1.163E+00  9.76E-01
2.239E-02 8.247E-01 1.187E+00  9.80E-01
2.113E-02 8.189E-01 1.218E+00  9.83E-01
1.995E-02 8.115E-01 1.253E+00  9.86E-01
1.884E-02 8.018E-01 1.292E+00  9.88E-01
1.778E-02 7.899E-01 1.330E+00  9.91E-01
1.679E-02 7.755E-01 1.361E+00  9.92E-01
1.585E-02 7.586E-01 1.379E+00  9.94E-01
1.496E-02 7.389E-01 1.376E+00  9.95E-01
1.413E-02 7.165E-01 1.342E+00  9.96E-01
1.334E-02 6.915E-01 1.265E+00  9.97E-01
1.259E-02 6.645E-01 1.129E+00  9.97E-01
1.189E-02 6.352E-01 9.119E-01  9.98E-01
1.122E-02 6.066E-01 4.745E-01  9.98E-01
1.059E-02 9.699E-01 7.626E-01  9.97E-01
1.000E-02 9.397E-01 7.745E-01  9.98E-01
9.441E-03 9.262E-01 8.356E-01  9.98E-01
8.913E-03 9.146E-01 8.699E-01  9.98E-01
8.414E-03 9.023E-01 8.917E-01  9.98E-01
7.943E-03 8.886E-01 8.987E-01  9.98E-01
7.499E-03 8.741E-01 8.462E-01  9.99E-01
7.079E-03 9.003E-01 8.985E-01  9.99E-01
6.683E-03 8.835E-01 9.450E-01  9.99E-01
6.310E-03 8.644E-01 9.770E-01  9.99E-01
5.957E-03 8.426E-01 1.000E+00  9.99E-01
5.623E-03 8.170E-01 1.016E+00  9.99E-01
5.309E-03 7.881E-01 1.019E+00  9.99E-01
5.012E-03 7.557E-01 1.004E+00  9.99E-01
4.732E-03 7.204E-01 9.499E-01  1.00E+00
4.467E-03 6.828E-01 7.317E-01  1.00E+00
4.217E-03 7.807E-01 8.610E-01  1.00E+00
3.981E-03 7.459E-01 9.107E-01  1.00E+00
3.758E-03 7.076E-01 9.327E-01  1.00E+00
3.548E-03 6.667E-01 9.362E-01  1.00E+00
3.350E-03 6.238E-01 9.282E-01  1.00E+00
3.162E-03 5.796E-01 9.093E-01  1.00E+00
2.985E-03 5.356E-01 8.835E-01  1.00E+00
2.818E-03 4.898E-01 8.509E-01  1.00E+00
2.661E-03 4.446E-01 8.111E-01  1.00E+00
2.512E-03 4.016E-01 7.656E-01  1.00E+00
2.371E-03 3.609E-01 7.173E-01  1.00E+00
2.239E-03 3.227E-01 6.679E-01  1.00E+00
2.113E-03 2.867E-01 6.180E-01  1.00E+00
1.995E-03 2.538E-01 5.688E-01  1.00E+00
1.884E-03 2.237E-01 5.207E-01  1.00E+00
1.778E-03 1.963E-01 4.743E-01  1.00E+00
1.679E-03 1.717E-01 4.301E-01  1.00E+00
1.585E-03 1.498E-01 3.887E-01  1.00E+00
1.496E-03 1.303E-01 3.504E-01  1.00E+00
1.413E-03 1.131E-01 3.150E-01  1.00E+00
1.334E-03 9.790E-02 2.819E-01  1.00E+00
1.259E-03 8.468E-02 2.521E-01  1.00E+00
1.189E-03 7.325E-02 2.254E-01  1.00E+00
1.122E-03 6.292E-02 2.003E-01  1.00E+00
1.059E-03 5.407E-02 1.775E-01  1.00E+00
