w(micron)  Q_abs     Q_sca     g=<cos>
1.000E+03 1.445E-07 1.493E-16  0.00E+00
9.441E+02 1.621E-07 1.880E-16  0.00E+00
8.913E+02 1.819E-07 2.367E-16  0.00E+00
8.414E+02 2.040E-07 2.980E-16  0.00E+00
7.943E+02 2.289E-07 3.751E-16  0.00E+00
7.499E+02 2.569E-07 4.723E-16  0.00E+00
7.079E+02 2.882E-07 5.945E-16  0.00E+00
6.683E+02 3.234E-07 7.485E-16  0.00E+00
6.310E+02 3.628E-07 9.423E-16  0.00E+00
5.957E+02 4.071E-07 1.186E-15  0.00E+00
5.623E+02 4.568E-07 1.493E-15  0.00E+00
5.309E+02 5.125E-07 1.880E-15  0.00E+00
5.012E+02 5.750E-07 2.367E-15  0.00E+00
4.732E+02 6.452E-07 2.980E-15  0.00E+00
4.467E+02 7.239E-07 3.751E-15  0.00E+00
4.217E+02 8.122E-07 4.723E-15  0.00E+00
3.981E+02 9.113E-07 5.945E-15  0.00E+00
3.758E+02 1.022E-06 7.485E-15  0.00E+00
3.548E+02 1.147E-06 9.423E-15  0.00E+00
3.350E+02 1.287E-06 1.186E-14  0.00E+00
3.162E+02 1.444E-06 1.493E-14  0.00E+00
2.985E+02 1.620E-06 1.880E-14  0.00E+00
2.818E+02 1.817E-06 2.367E-14  0.00E+00
2.661E+02 2.039E-06 2.980E-14  0.00E+00
2.512E+02 2.287E-06 3.753E-14  0.00E+00
2.371E+02 2.565E-06 4.724E-14  0.00E+00
2.239E+02 2.878E-06 5.948E-14  0.00E+00
2.113E+02 3.228E-06 7.488E-14  0.00E+00
1.995E+02 3.622E-06 9.426E-14  0.00E+00
1.884E+02 4.063E-06 1.187E-13  0.00E+00
1.778E+02 4.558E-06 1.494E-13  0.00E+00
1.679E+02 5.111E-06 1.881E-13  0.00E+00
1.585E+02 5.731E-06 2.368E-13  0.00E+00
1.496E+02 6.425E-06 2.982E-13  0.00E+00
1.413E+02 7.204E-06 3.755E-13  0.00E+00
1.334E+02 8.080E-06 4.728E-13  0.00E+00
1.259E+02 9.063E-06 5.952E-13  0.00E+00
1.189E+02 1.016E-05 7.494E-13  0.00E+00
1.122E+02 1.139E-05 9.436E-13  0.00E+00
1.059E+02 1.277E-05 1.188E-12  0.00E+00
1.000E+02 1.431E-05 1.496E-12  0.00E+00
9.441E+01 1.604E-05 1.884E-12  5.13E-07
8.913E+01 1.797E-05 2.373E-12  5.75E-07
8.414E+01 2.013E-05 2.988E-12  6.46E-07
7.943E+01 2.255E-05 3.763E-12  7.25E-07
7.499E+01 2.525E-05 4.739E-12  8.15E-07
7.079E+01 2.828E-05 5.969E-12  9.14E-07
6.683E+01 3.166E-05 7.519E-12  1.03E-06
6.310E+01 3.543E-05 9.472E-12  1.15E-06
5.957E+01 3.964E-05 1.193E-11  1.29E-06
5.623E+01 4.433E-05 1.503E-11  1.45E-06
5.309E+01 4.957E-05 1.894E-11  1.63E-06
5.012E+01 5.540E-05 2.387E-11  1.83E-06
4.732E+01 6.190E-05 3.009E-11  2.06E-06
4.467E+01 6.913E-05 3.794E-11  2.32E-06
4.217E+01 7.718E-05 4.783E-11  2.61E-06
3.981E+01 8.613E-05 6.032E-11  2.93E-06
3.758E+01 9.607E-05 7.610E-11  3.30E-06
3.548E+01 1.071E-04 9.604E-11  3.71E-06
3.350E+01 1.194E-04 1.212E-10  4.18E-06
3.162E+01 1.330E-04 1.531E-10  4.71E-06
2.985E+01 1.481E-04 1.935E-10  5.31E-06
2.818E+01 1.651E-04 2.447E-10  6.00E-06
2.661E+01 1.839E-04 3.097E-10  6.78E-06
2.512E+01 2.051E-04 3.923E-10  7.68E-06
2.371E+01 2.290E-04 4.977E-10  8.71E-06
2.239E+01 2.562E-04 6.323E-10  9.91E-06
2.113E+01 2.878E-04 8.049E-10  1.13E-05
1.995E+01 3.251E-04 1.027E-09  1.30E-05
1.884E+01 3.704E-04 1.315E-09  1.49E-05
1.778E+01 4.278E-04 1.691E-09  1.74E-05
1.679E+01 5.032E-04 2.187E-09  2.05E-05
1.585E+01 6.136E-04 2.853E-09  2.46E-05
1.496E+01 7.734E-04 3.763E-09  3.03E-05
1.413E+01 1.047E-03 5.054E-09  3.91E-05
1.334E+01 1.564E-03 6.985E-09  5.07E-05
1.259E+01 2.705E-03 1.013E-08  1.82E-05
1.189E+01 5.850E-03 1.604E-08 -1.30E-05
1.122E+01 1.726E-02 2.867E-08 -2.37E-06
1.059E+01 3.800E-02 2.994E-08  7.28E-06
1.000E+01 1.825E-02 6.812E-09  1.51E-05
9.441E+00 8.534E-03 4.909E-09  2.14E-05
8.913E+00 5.213E-03 7.709E-09  2.74E-05
8.414E+00 3.784E-03 1.181E-08  3.34E-05
7.943E+00 3.040E-03 1.693E-08  3.97E-05
7.499E+00 2.593E-03 2.331E-08  4.65E-05
7.079E+00 2.319E-03 3.123E-08  5.39E-05
6.683E+00 2.134E-03 4.116E-08  6.19E-05
6.310E+00 2.006E-03 5.361E-08  7.08E-05
5.957E+00 1.912E-03 6.926E-08  8.06E-05
5.623E+00 1.835E-03 8.905E-08  9.16E-05
5.309E+00 1.775E-03 1.141E-07  1.04E-04
5.012E+00 1.725E-03 1.456E-07  1.18E-04
4.732E+00 1.682E-03 1.853E-07  1.33E-04
4.467E+00 1.641E-03 2.357E-07  1.50E-04
4.217E+00 1.604E-03 2.991E-07  1.69E-04
3.981E+00 1.567E-03 3.790E-07  1.91E-04
3.758E+00 1.530E-03 4.800E-07  2.15E-04
3.548E+00 1.492E-03 6.076E-07  2.42E-04
3.350E+00 1.454E-03 7.682E-07  2.72E-04
3.162E+00 1.414E-03 9.713E-07  3.06E-04
2.985E+00 1.372E-03 1.227E-06  3.44E-04
2.818E+00 1.327E-03 1.551E-06  3.87E-04
2.661E+00 1.282E-03 1.958E-06  4.35E-04
2.512E+00 1.234E-03 2.473E-06  4.89E-04
2.371E+00 1.187E-03 3.121E-06  5.50E-04
2.239E+00 1.136E-03 3.939E-06  6.18E-04
2.113E+00 1.083E-03 4.971E-06  6.94E-04
1.995E+00 1.028E-03 6.275E-06  7.80E-04
1.884E+00 9.738E-04 7.921E-06  8.77E-04
1.778E+00 9.201E-04 1.000E-05  9.86E-04
1.679E+00 8.661E-04 1.262E-05  1.11E-03
1.585E+00 8.123E-04 1.593E-05  1.25E-03
1.496E+00 7.600E-04 2.010E-05  1.40E-03
1.413E+00 7.078E-04 2.537E-05  1.57E-03
1.334E+00 6.578E-04 3.203E-05  1.77E-03
1.259E+00 6.088E-04 4.044E-05  1.99E-03
1.189E+00 5.621E-04 5.106E-05  2.23E-03
1.122E+00 5.173E-04 6.450E-05  2.51E-03
1.059E+00 4.745E-04 8.148E-05  2.82E-03
1.000E+00 4.343E-04 1.030E-04  3.17E-03
9.441E-01 3.965E-04 1.301E-04  3.57E-03
8.913E-01 3.608E-04 1.645E-04  4.01E-03
8.414E-01 3.278E-04 2.081E-04  4.51E-03
7.943E-01 2.970E-04 2.633E-04  5.08E-03
7.499E-01 2.684E-04 3.335E-04  5.71E-03
7.079E-01 2.422E-04 4.224E-04  6.43E-03
6.683E-01 2.180E-04 5.355E-04  7.25E-03
6.310E-01 1.960E-04 6.795E-04  8.17E-03
5.957E-01 1.759E-04 8.631E-04  9.21E-03
5.623E-01 1.571E-04 1.097E-03  1.04E-02
5.309E-01 1.402E-04 1.397E-03  1.17E-02
5.012E-01 1.250E-04 1.780E-03  1.33E-02
4.732E-01 1.112E-04 2.273E-03  1.50E-02
4.467E-01 9.854E-05 2.907E-03  1.70E-02
4.217E-01 8.604E-05 3.728E-03  1.93E-02
3.981E-01 1.149E-04 4.795E-03  2.20E-02
3.758E-01 3.004E-04 6.181E-03  2.51E-02
3.548E-01 6.661E-04 8.004E-03  2.87E-02
3.350E-01 8.574E-04 1.039E-02  3.30E-02
3.162E-01 1.783E-03 1.358E-02  3.81E-02
2.985E-01 2.847E-03 1.788E-02  4.45E-02
2.818E-01 6.393E-03 2.369E-02  5.24E-02
2.661E-01 1.457E-02 3.158E-02  6.24E-02
2.512E-01 2.832E-02 4.249E-02  7.55E-02
2.371E-01 4.516E-02 5.790E-02  9.40E-02
2.239E-01 8.083E-02 8.040E-02  1.22E-01
2.113E-01 1.750E-01 1.147E-01  1.68E-01
1.995E-01 5.042E-01 1.717E-01  2.05E-01
1.884E-01 8.387E-01 2.430E-01  6.75E-02
1.778E-01 8.354E-01 3.277E-01 -1.37E-02
1.679E-01 8.957E-01 4.570E-01 -2.52E-02
1.585E-01 1.117E+00 6.599E-01 -1.45E-02
1.496E-01 1.525E+00 8.757E-01  5.33E-03
1.413E-01 1.832E+00 1.050E+00  2.00E-02
1.334E-01 2.088E+00 1.242E+00  3.27E-02
1.259E-01 2.227E+00 1.422E+00  4.48E-02
1.189E-01 2.306E+00 1.616E+00  5.82E-02
1.122E-01 2.271E+00 1.638E+00  8.03E-02
1.059E-01 2.151E+00 1.393E+00  1.18E-01
1.000E-01 1.994E+00 1.169E+00  1.61E-01
9.441E-02 1.843E+00 1.041E+00  2.00E-01
8.913E-02 1.682E+00 9.211E-01  2.36E-01
8.414E-02 1.531E+00 8.279E-01  2.70E-01
7.943E-02 1.399E+00 7.545E-01  3.02E-01
7.499E-02 1.284E+00 6.947E-01  3.35E-01
7.079E-02 1.186E+00 6.456E-01  3.67E-01
6.683E-02 1.101E+00 6.046E-01  4.01E-01
6.310E-02 1.027E+00 5.694E-01  4.35E-01
5.957E-02 9.622E-01 5.389E-01  4.70E-01
5.623E-02 9.050E-01 5.120E-01  5.05E-01
5.309E-02 8.541E-01 4.879E-01  5.40E-01
5.012E-02 8.080E-01 4.659E-01  5.75E-01
4.732E-02 7.662E-01 4.453E-01  6.10E-01
4.467E-02 7.278E-01 4.263E-01  6.44E-01
4.217E-02 6.919E-01 4.081E-01  6.77E-01
3.981E-02 6.582E-01 3.908E-01  7.09E-01
3.758E-02 6.257E-01 3.739E-01  7.39E-01
3.548E-02 5.948E-01 3.574E-01  7.66E-01
3.350E-02 5.646E-01 3.415E-01  7.89E-01
3.162E-02 5.351E-01 3.259E-01  8.09E-01
2.985E-02 5.062E-01 3.104E-01  8.24E-01
2.818E-02 4.781E-01 2.953E-01  8.38E-01
2.661E-02 4.514E-01 2.798E-01  8.51E-01
2.512E-02 4.257E-01 2.640E-01  8.65E-01
2.371E-02 4.011E-01 2.478E-01  8.79E-01
2.239E-02 3.771E-01 2.314E-01  8.92E-01
2.113E-02 3.535E-01 2.149E-01  9.02E-01
1.995E-02 3.307E-01 1.987E-01  9.10E-01
1.884E-02 3.085E-01 1.821E-01  9.17E-01
1.778E-02 2.872E-01 1.655E-01  9.25E-01
1.679E-02 2.667E-01 1.487E-01  9.33E-01
1.585E-02 2.470E-01 1.320E-01  9.39E-01
1.496E-02 2.280E-01 1.153E-01  9.44E-01
1.413E-02 2.100E-01 9.834E-02  9.49E-01
1.334E-02 1.928E-01 8.100E-02  9.55E-01
1.259E-02 1.766E-01 6.319E-02  9.58E-01
1.189E-02 1.612E-01 4.462E-02  9.62E-01
1.122E-02 1.472E-01 1.977E-02  9.66E-01
1.059E-02 4.877E-01 9.148E-02  9.69E-01
1.000E-02 4.598E-01 9.029E-02  9.71E-01
9.441E-03 4.362E-01 9.708E-02  9.74E-01
8.913E-03 4.120E-01 9.750E-02  9.76E-01
8.414E-03 3.870E-01 9.451E-02  9.79E-01
7.943E-03 3.615E-01 8.838E-02  9.81E-01
7.499E-03 3.362E-01 7.409E-02  9.82E-01
7.079E-03 3.798E-01 9.393E-02  9.84E-01
6.683E-03 3.519E-01 9.359E-02  9.85E-01
6.310E-03 3.243E-01 9.001E-02  9.87E-01
5.957E-03 2.976E-01 8.500E-02  9.88E-01
5.623E-03 2.712E-01 7.910E-02  9.89E-01
5.309E-03 2.463E-01 7.237E-02  9.90E-01
5.012E-03 2.225E-01 6.488E-02  9.91E-01
4.732E-03 2.005E-01 5.539E-02  9.92E-01
4.467E-03 1.798E-01 3.703E-02  9.93E-01
4.217E-03 2.386E-01 5.546E-02  9.93E-01
3.981E-03 2.150E-01 5.515E-02  9.94E-01
3.758E-03 1.927E-01 5.261E-02  9.95E-01
3.548E-03 1.720E-01 4.912E-02  9.95E-01
3.350E-03 1.530E-01 4.538E-02  9.96E-01
3.162E-03 1.356E-01 4.155E-02  9.96E-01
2.985E-03 1.201E-01 3.796E-02  9.96E-01
2.818E-03 1.054E-01 3.445E-02  9.97E-01
2.661E-03 9.218E-02 3.109E-02  9.97E-01
2.512E-03 8.056E-02 2.792E-02  9.97E-01
2.371E-03 7.032E-02 2.503E-02  9.98E-01
2.239E-03 6.126E-02 2.240E-02  9.98E-01
2.113E-03 5.314E-02 2.000E-02  9.98E-01
1.995E-03 4.609E-02 1.784E-02  9.98E-01
1.884E-03 3.990E-02 1.588E-02  9.98E-01
1.778E-03 3.446E-02 1.411E-02  9.99E-01
1.679E-03 2.972E-02 1.252E-02  9.99E-01
1.585E-03 2.562E-02 1.110E-02  9.99E-01
1.496E-03 2.205E-02 9.843E-03  9.99E-01
1.413E-03 1.896E-02 8.719E-03  9.99E-01
1.334E-03 1.629E-02 7.706E-03  9.99E-01
1.259E-03 1.399E-02 6.815E-03  9.99E-01
1.189E-03 1.203E-02 6.034E-03  9.99E-01
1.122E-03 1.028E-02 5.316E-03  9.99E-01
1.059E-03 8.798E-03 4.677E-03  9.99E-01
