w(micron)  Q_abs     Q_sca     g=<cos>
1.000E+03 2.289E-06 9.423E-12  1.15E-06
9.441E+02 2.569E-06 1.186E-11  1.28E-06
8.913E+02 2.882E-06 1.493E-11  1.44E-06
8.414E+02 3.234E-06 1.880E-11  1.62E-06
7.943E+02 3.629E-06 2.367E-11  1.81E-06
7.499E+02 4.071E-06 2.980E-11  2.04E-06
7.079E+02 4.568E-06 3.751E-11  2.28E-06
6.683E+02 5.125E-06 4.723E-11  2.56E-06
6.310E+02 5.751E-06 5.945E-11  2.88E-06
5.957E+02 6.453E-06 7.485E-11  3.23E-06
5.623E+02 7.240E-06 9.423E-11  3.62E-06
5.309E+02 8.123E-06 1.186E-10  4.06E-06
5.012E+02 9.114E-06 1.493E-10  4.56E-06
4.732E+02 1.023E-05 1.880E-10  5.11E-06
4.467E+02 1.147E-05 2.367E-10  5.74E-06
4.217E+02 1.287E-05 2.980E-10  6.44E-06
3.981E+02 1.444E-05 3.751E-10  7.22E-06
3.758E+02 1.621E-05 4.723E-10  8.11E-06
3.548E+02 1.818E-05 5.945E-10  9.10E-06
3.350E+02 2.040E-05 7.485E-10  1.02E-05
3.162E+02 2.289E-05 9.423E-10  1.15E-05
2.985E+02 2.568E-05 1.186E-09  1.28E-05
2.818E+02 2.880E-05 1.494E-09  1.44E-05
2.661E+02 3.231E-05 1.881E-09  1.62E-05
2.512E+02 3.625E-05 2.368E-09  1.82E-05
2.371E+02 4.066E-05 2.981E-09  2.04E-05
2.239E+02 4.562E-05 3.753E-09  2.29E-05
2.113E+02 5.117E-05 4.725E-09  2.56E-05
1.995E+02 5.741E-05 5.948E-09  2.88E-05
1.884E+02 6.441E-05 7.488E-09  3.23E-05
1.778E+02 7.226E-05 9.427E-09  3.62E-05
1.679E+02 8.103E-05 1.187E-08  4.07E-05
1.585E+02 9.085E-05 1.494E-08  4.56E-05
1.496E+02 1.019E-04 1.882E-08  5.12E-05
1.413E+02 1.142E-04 2.370E-08  5.75E-05
1.334E+02 1.281E-04 2.983E-08  6.45E-05
1.259E+02 1.437E-04 3.756E-08  7.23E-05
1.189E+02 1.611E-04 4.729E-08  8.12E-05
1.122E+02 1.806E-04 5.955E-08  9.11E-05
1.059E+02 2.025E-04 7.498E-08  1.02E-04
1.000E+02 2.270E-04 9.442E-08  1.15E-04
9.441E+01 2.544E-04 1.189E-07  1.29E-04
8.913E+01 2.850E-04 1.497E-07  1.45E-04
8.414E+01 3.193E-04 1.886E-07  1.62E-04
7.943E+01 3.578E-04 2.375E-07  1.82E-04
7.499E+01 4.007E-04 2.991E-07  2.05E-04
7.079E+01 4.488E-04 3.768E-07  2.30E-04
6.683E+01 5.025E-04 4.746E-07  2.58E-04
6.310E+01 5.625E-04 5.979E-07  2.90E-04
5.957E+01 6.295E-04 7.533E-07  3.25E-04
5.623E+01 7.042E-04 9.492E-07  3.65E-04
5.309E+01 7.875E-04 1.196E-06  4.10E-04
5.012E+01 8.805E-04 1.508E-06  4.61E-04
4.732E+01 9.841E-04 1.900E-06  5.18E-04
4.467E+01 1.100E-03 2.396E-06  5.82E-04
4.217E+01 1.228E-03 3.021E-06  6.55E-04
3.981E+01 1.371E-03 3.811E-06  7.36E-04
3.758E+01 1.530E-03 4.809E-06  8.29E-04
3.548E+01 1.707E-03 6.069E-06  9.33E-04
3.350E+01 1.904E-03 7.664E-06  1.05E-03
3.162E+01 2.123E-03 9.682E-06  1.18E-03
2.985E+01 2.367E-03 1.224E-05  1.34E-03
2.818E+01 2.640E-03 1.548E-05  1.51E-03
2.661E+01 2.946E-03 1.960E-05  1.71E-03
2.512E+01 3.290E-03 2.484E-05  1.93E-03
2.371E+01 3.679E-03 3.152E-05  2.19E-03
2.239E+01 4.125E-03 4.006E-05  2.49E-03
2.113E+01 4.644E-03 5.103E-05  2.85E-03
1.995E+01 5.260E-03 6.515E-05  3.26E-03
1.884E+01 6.015E-03 8.347E-05  3.76E-03
1.778E+01 6.980E-03 1.074E-04  4.38E-03
1.679E+01 8.262E-03 1.391E-04  5.16E-03
1.585E+01 1.017E-02 1.817E-04  6.21E-03
1.496E+01 1.301E-02 2.399E-04  7.68E-03
1.413E+01 1.813E-02 3.229E-04  9.94E-03
1.334E+01 2.903E-02 4.474E-04  1.28E-02
1.259E+01 5.273E-02 6.513E-04  3.71E-03
1.189E+01 9.940E-02 1.036E-03 -3.29E-03
1.122E+01 2.849E-01 1.861E-03 -5.65E-04
1.059E+01 6.126E-01 1.907E-03  1.84E-03
1.000E+01 2.911E-01 4.283E-04  3.80E-03
9.441E+00 1.374E-01 3.104E-04  5.38E-03
8.913E+00 8.469E-02 4.899E-04  6.87E-03
8.414E+00 6.200E-02 7.536E-04  8.37E-03
7.943E+00 5.024E-02 1.085E-03  9.95E-03
7.499E+00 4.323E-02 1.498E-03  1.16E-02
7.079E+00 3.901E-02 2.015E-03  1.35E-02
6.683E+00 3.626E-02 2.666E-03  1.55E-02
6.310E+00 3.446E-02 3.488E-03  1.77E-02
5.957E+00 3.323E-02 4.527E-03  2.02E-02
5.623E+00 3.233E-02 5.851E-03  2.29E-02
5.309E+00 3.172E-02 7.535E-03  2.60E-02
5.012E+00 3.134E-02 9.677E-03  2.94E-02
4.732E+00 3.111E-02 1.241E-02  3.33E-02
4.467E+00 3.097E-02 1.590E-02  3.76E-02
4.217E+00 3.095E-02 2.035E-02  4.24E-02
3.981E+00 3.101E-02 2.603E-02  4.78E-02
3.758E+00 3.113E-02 3.332E-02  5.39E-02
3.548E+00 3.132E-02 4.267E-02  6.08E-02
3.350E+00 3.159E-02 5.465E-02  6.85E-02
3.162E+00 3.193E-02 7.009E-02  7.73E-02
2.985E+00 3.236E-02 8.998E-02  8.72E-02
2.818E+00 3.288E-02 1.156E-01  9.85E-02
2.661E+00 3.353E-02 1.488E-01  1.11E-01
2.512E+00 3.432E-02 1.917E-01  1.26E-01
2.371E+00 3.538E-02 2.472E-01  1.43E-01
2.239E+00 3.666E-02 3.192E-01  1.63E-01
2.113E+00 3.825E-02 4.126E-01  1.87E-01
1.995E+00 4.041E-02 5.337E-01  2.15E-01
1.884E+00 4.342E-02 6.909E-01  2.49E-01
1.778E+00 4.790E-02 8.964E-01  2.92E-01
1.679E+00 5.484E-02 1.170E+00  3.45E-01
1.585E+00 6.651E-02 1.556E+00  4.11E-01
1.496E+00 8.772E-02 2.169E+00  4.83E-01
1.413E+00 1.255E-01 3.304E+00  5.30E-01
1.334E+00 1.645E-01 5.128E+00  4.92E-01
1.259E+00 1.344E-01 5.859E+00  3.80E-01
1.189E+00 7.978E-02 5.143E+00  2.94E-01
1.122E+00 5.228E-02 4.507E+00  2.66E-01
1.059E+00 4.386E-02 4.154E+00  2.76E-01
1.000E+00 5.129E-02 4.051E+00  2.96E-01
9.441E-01 1.044E-01 4.942E+00  3.09E-01
8.913E-01 1.074E-01 5.453E+00  3.95E-01
8.414E-01 4.884E-02 3.644E+00  3.07E-01
7.943E-01 3.820E-02 3.566E+00  1.95E-01
7.499E-01 3.946E-02 3.162E+00  1.27E-01
7.079E-01 1.397E-01 4.215E+00  1.47E-01
6.683E-01 2.863E-02 1.107E+00  1.34E-01
6.310E-01 3.625E-02 2.188E+00  7.59E-02
5.957E-01 3.677E-02 1.940E+00  2.59E-02
5.623E-01 1.610E-02 1.333E+00  2.74E-01
5.309E-01 2.513E-02 2.495E+00  5.66E-01
5.012E-01 8.777E-02 3.388E+00  4.84E-01
4.732E-01 1.098E-02 2.830E+00  5.23E-01
4.467E-01 1.708E-02 3.736E+00  6.46E-01
4.217E-01 7.554E-03 2.615E+00  3.72E-01
3.981E-01 1.507E-02 2.441E+00  4.02E-01
3.758E-01 3.344E-02 2.058E+00  1.66E-01
3.548E-01 8.255E-02 1.781E+00  3.25E-01
3.350E-01 8.344E-02 2.410E+00  5.33E-01
3.162E-01 3.131E-01 2.652E+00  6.33E-01
2.985E-01 3.308E-01 1.899E+00  4.65E-01
2.818E-01 5.261E-01 1.718E+00  4.99E-01
2.661E-01 8.507E-01 1.850E+00  7.05E-01
2.512E-01 9.794E-01 1.402E+00  7.04E-01
2.371E-01 9.900E-01 1.458E+00  7.37E-01
2.239E-01 9.666E-01 1.468E+00  7.35E-01
2.113E-01 9.122E-01 1.490E+00  7.18E-01
1.995E-01 8.406E-01 1.545E+00  6.95E-01
1.884E-01 7.739E-01 1.616E+00  6.75E-01
1.778E-01 7.233E-01 1.696E+00  6.61E-01
1.679E-01 6.971E-01 1.777E+00  6.56E-01
1.585E-01 7.005E-01 1.846E+00  6.61E-01
1.496E-01 7.484E-01 1.835E+00  6.78E-01
1.413E-01 7.775E-01 1.797E+00  6.92E-01
1.334E-01 7.846E-01 1.781E+00  7.00E-01
1.259E-01 7.767E-01 1.774E+00  7.04E-01
1.189E-01 7.475E-01 1.790E+00  7.01E-01
1.122E-01 7.177E-01 1.783E+00  7.02E-01
1.059E-01 7.121E-01 1.723E+00  7.14E-01
1.000E-01 7.148E-01 1.662E+00  7.30E-01
9.441E-02 7.151E-01 1.621E+00  7.42E-01
8.913E-02 7.212E-01 1.577E+00  7.56E-01
8.414E-02 7.288E-01 1.538E+00  7.71E-01
7.943E-02 7.372E-01 1.502E+00  7.85E-01
7.499E-02 7.463E-01 1.469E+00  7.99E-01
7.079E-02 7.555E-01 1.439E+00  8.14E-01
6.683E-02 7.646E-01 1.411E+00  8.28E-01
6.310E-02 7.739E-01 1.385E+00  8.41E-01
5.957E-02 7.829E-01 1.361E+00  8.55E-01
5.623E-02 7.916E-01 1.338E+00  8.68E-01
5.309E-02 8.000E-01 1.316E+00  8.80E-01
5.012E-02 8.079E-01 1.297E+00  8.92E-01
4.732E-02 8.155E-01 1.278E+00  9.03E-01
4.467E-02 8.225E-01 1.260E+00  9.12E-01
4.217E-02 8.292E-01 1.244E+00  9.22E-01
3.981E-02 8.354E-01 1.229E+00  9.30E-01
3.758E-02 8.413E-01 1.215E+00  9.38E-01
3.548E-02 8.470E-01 1.201E+00  9.45E-01
3.350E-02 8.525E-01 1.188E+00  9.51E-01
3.162E-02 8.577E-01 1.176E+00  9.57E-01
2.985E-02 8.628E-01 1.164E+00  9.62E-01
2.818E-02 8.676E-01 1.153E+00  9.66E-01
2.661E-02 8.724E-01 1.143E+00  9.71E-01
2.512E-02 8.770E-01 1.132E+00  9.74E-01
2.371E-02 8.814E-01 1.122E+00  9.78E-01
2.239E-02 8.855E-01 1.112E+00  9.81E-01
2.113E-02 8.893E-01 1.102E+00  9.84E-01
1.995E-02 8.927E-01 1.093E+00  9.86E-01
1.884E-02 8.955E-01 1.085E+00  9.88E-01
1.778E-02 8.976E-01 1.077E+00  9.90E-01
1.679E-02 8.989E-01 1.070E+00  9.92E-01
1.585E-02 8.991E-01 1.064E+00  9.93E-01
1.496E-02 8.979E-01 1.062E+00  9.94E-01
1.413E-02 8.951E-01 1.073E+00  9.96E-01
1.334E-02 8.904E-01 1.109E+00  9.97E-01
1.259E-02 8.836E-01 1.184E+00  9.98E-01
1.189E-02 8.743E-01 1.274E+00  9.99E-01
1.122E-02 8.659E-01 1.092E+00  9.99E-01
1.059E-02 1.005E+00 9.630E-01  9.99E-01
1.000E-02 9.840E-01 9.694E-01  9.98E-01
9.441E-03 9.770E-01 9.884E-01  9.98E-01
8.913E-03 9.730E-01 9.986E-01  9.99E-01
8.414E-03 9.698E-01 1.007E+00  9.99E-01
7.943E-03 9.670E-01 1.015E+00  9.99E-01
7.499E-03 9.658E-01 1.016E+00  9.99E-01
7.079E-03 9.709E-01 1.009E+00  9.99E-01
6.683E-03 9.665E-01 1.022E+00  9.99E-01
6.310E-03 9.622E-01 1.035E+00  9.99E-01
5.957E-03 9.574E-01 1.050E+00  9.99E-01
5.623E-03 9.514E-01 1.069E+00  9.99E-01
5.309E-03 9.440E-01 1.095E+00  9.99E-01
5.012E-03 9.345E-01 1.130E+00  1.00E+00
4.732E-03 9.227E-01 1.177E+00  1.00E+00
4.467E-03 9.090E-01 1.199E+00  1.00E+00
4.217E-03 9.454E-01 1.106E+00  1.00E+00
3.981E-03 9.338E-01 1.149E+00  1.00E+00
3.758E-03 9.193E-01 1.197E+00  1.00E+00
3.548E-03 9.015E-01 1.256E+00  1.00E+00
3.350E-03 8.796E-01 1.325E+00  1.00E+00
3.162E-03 8.534E-01 1.403E+00  1.00E+00
2.985E-03 8.231E-01 1.486E+00  1.00E+00
2.818E-03 7.869E-01 1.576E+00  1.00E+00
2.661E-03 7.459E-01 1.663E+00  1.00E+00
2.512E-03 7.020E-01 1.738E+00  1.00E+00
2.371E-03 6.557E-01 1.797E+00  1.00E+00
2.239E-03 6.077E-01 1.838E+00  1.00E+00
2.113E-03 5.581E-01 1.857E+00  1.00E+00
1.995E-03 5.093E-01 1.854E+00  1.00E+00
1.884E-03 4.614E-01 1.828E+00  1.00E+00
1.778E-03 4.151E-01 1.782E+00  1.00E+00
1.679E-03 3.712E-01 1.718E+00  1.00E+00
1.585E-03 3.303E-01 1.639E+00  1.00E+00
1.496E-03 2.923E-01 1.348E+00  1.00E+00
1.413E-03 2.575E-01 1.311E+00  1.00E+00
1.334E-03 2.260E-01 1.260E+00  1.00E+00
1.259E-03 1.978E-01 1.200E+00  1.00E+00
1.189E-03 1.728E-01 1.132E+00  1.00E+00
1.122E-03 1.497E-01 1.056E+00  1.00E+00
1.059E-03 1.297E-01 9.740E-01  1.00E+00
