w(micron)  Q_abs     Q_sca     g=<cos>
1.000E+03 1.819E-06 3.751E-12  7.22E-07
9.441E+02 2.040E-06 4.723E-12  8.11E-07
8.913E+02 2.289E-06 5.945E-12  9.10E-07
8.414E+02 2.569E-06 7.485E-12  1.02E-06
7.943E+02 2.882E-06 9.423E-12  1.15E-06
7.499E+02 3.234E-06 1.186E-11  1.28E-06
7.079E+02 3.629E-06 1.493E-11  1.44E-06
6.683E+02 4.071E-06 1.880E-11  1.62E-06
6.310E+02 4.568E-06 2.367E-11  1.81E-06
5.957E+02 5.125E-06 2.980E-11  2.04E-06
5.623E+02 5.751E-06 3.751E-11  2.28E-06
5.309E+02 6.452E-06 4.723E-11  2.56E-06
5.012E+02 7.240E-06 5.945E-11  2.88E-06
4.732E+02 8.123E-06 7.485E-11  3.23E-06
4.467E+02 9.114E-06 9.423E-11  3.62E-06
4.217E+02 1.023E-05 1.186E-10  4.06E-06
3.981E+02 1.147E-05 1.493E-10  4.56E-06
3.758E+02 1.287E-05 1.880E-10  5.11E-06
3.548E+02 1.444E-05 2.367E-10  5.74E-06
3.350E+02 1.620E-05 2.980E-10  6.44E-06
3.162E+02 1.818E-05 3.751E-10  7.22E-06
2.985E+02 2.039E-05 4.723E-10  8.11E-06
2.818E+02 2.288E-05 5.946E-10  9.10E-06
2.661E+02 2.567E-05 7.487E-10  1.02E-05
2.512E+02 2.879E-05 9.426E-10  1.15E-05
2.371E+02 3.230E-05 1.187E-09  1.29E-05
2.239E+02 3.623E-05 1.494E-09  1.44E-05
2.113E+02 4.065E-05 1.881E-09  1.62E-05
1.995E+02 4.560E-05 2.368E-09  1.82E-05
1.884E+02 5.116E-05 2.981E-09  2.04E-05
1.778E+02 5.739E-05 3.753E-09  2.29E-05
1.679E+02 6.436E-05 4.725E-09  2.57E-05
1.585E+02 7.216E-05 5.950E-09  2.88E-05
1.496E+02 8.090E-05 7.491E-09  3.23E-05
1.413E+02 9.071E-05 9.433E-09  3.63E-05
1.334E+02 1.017E-04 1.188E-08  4.07E-05
1.259E+02 1.141E-04 1.495E-08  4.56E-05
1.189E+02 1.280E-04 1.883E-08  5.12E-05
1.122E+02 1.435E-04 2.370E-08  5.75E-05
1.059E+02 1.608E-04 2.985E-08  6.45E-05
1.000E+02 1.802E-04 3.759E-08  7.24E-05
9.441E+01 2.020E-04 4.733E-08  8.13E-05
8.913E+01 2.263E-04 5.961E-08  9.12E-05
8.414E+01 2.536E-04 7.507E-08  1.02E-04
7.943E+01 2.841E-04 9.454E-08  1.15E-04
7.499E+01 3.182E-04 1.191E-07  1.29E-04
7.079E+01 3.563E-04 1.500E-07  1.45E-04
6.683E+01 3.989E-04 1.889E-07  1.63E-04
6.310E+01 4.465E-04 2.380E-07  1.83E-04
5.957E+01 4.996E-04 2.998E-07  2.05E-04
5.623E+01 5.589E-04 3.778E-07  2.30E-04
5.309E+01 6.250E-04 4.761E-07  2.59E-04
5.012E+01 6.987E-04 6.000E-07  2.91E-04
4.732E+01 7.808E-04 7.563E-07  3.27E-04
4.467E+01 8.723E-04 9.535E-07  3.67E-04
4.217E+01 9.741E-04 1.202E-06  4.13E-04
3.981E+01 1.087E-03 1.517E-06  4.65E-04
3.758E+01 1.213E-03 1.913E-06  5.23E-04
3.548E+01 1.353E-03 2.415E-06  5.88E-04
3.350E+01 1.509E-03 3.049E-06  6.63E-04
3.162E+01 1.682E-03 3.852E-06  7.47E-04
2.985E+01 1.875E-03 4.868E-06  8.43E-04
2.818E+01 2.090E-03 6.158E-06  9.52E-04
2.661E+01 2.331E-03 7.794E-06  1.08E-03
2.512E+01 2.602E-03 9.876E-06  1.22E-03
2.371E+01 2.907E-03 1.253E-05  1.38E-03
2.239E+01 3.258E-03 1.592E-05  1.57E-03
2.113E+01 3.664E-03 2.028E-05  1.79E-03
1.995E+01 4.146E-03 2.589E-05  2.06E-03
1.884E+01 4.735E-03 3.315E-05  2.37E-03
1.778E+01 5.485E-03 4.266E-05  2.76E-03
1.679E+01 6.477E-03 5.521E-05  3.25E-03
1.585E+01 7.945E-03 7.208E-05  3.91E-03
1.496E+01 1.011E-02 9.515E-05  4.83E-03
1.413E+01 1.394E-02 1.280E-04  6.24E-03
1.334E+01 2.177E-02 1.771E-04  8.08E-03
1.259E+01 3.897E-02 2.575E-04  2.54E-03
1.189E+01 7.702E-02 4.089E-04 -2.08E-03
1.122E+01 2.230E-01 7.334E-04 -3.64E-04
1.059E+01 4.839E-01 7.570E-04  1.16E-03
1.000E+01 2.308E-01 1.708E-04  2.40E-03
9.441E+00 1.085E-01 1.235E-04  3.39E-03
8.913E+00 6.667E-02 1.946E-04  4.34E-03
8.414E+00 4.866E-02 2.988E-04  5.29E-03
7.943E+00 3.930E-02 4.294E-04  6.28E-03
7.499E+00 3.371E-02 5.924E-04  7.36E-03
7.079E+00 3.032E-02 7.957E-04  8.52E-03
6.683E+00 2.808E-02 1.051E-03  9.79E-03
6.310E+00 2.657E-02 1.373E-03  1.12E-02
5.957E+00 2.552E-02 1.779E-03  1.27E-02
5.623E+00 2.471E-02 2.295E-03  1.45E-02
5.309E+00 2.412E-02 2.950E-03  1.64E-02
5.012E+00 2.369E-02 3.780E-03  1.86E-02
4.732E+00 2.336E-02 4.834E-03  2.10E-02
4.467E+00 2.309E-02 6.178E-03  2.37E-02
4.217E+00 2.289E-02 7.882E-03  2.67E-02
3.981E+00 2.273E-02 1.005E-02  3.01E-02
3.758E+00 2.259E-02 1.282E-02  3.39E-02
3.548E+00 2.247E-02 1.635E-02  3.82E-02
3.350E+00 2.239E-02 2.085E-02  4.31E-02
3.162E+00 2.232E-02 2.661E-02  4.85E-02
2.985E+00 2.227E-02 3.398E-02  5.46E-02
2.818E+00 2.223E-02 4.343E-02  6.15E-02
2.661E+00 2.223E-02 5.557E-02  6.92E-02
2.512E+00 2.225E-02 7.118E-02  7.80E-02
2.371E+00 2.235E-02 9.128E-02  8.80E-02
2.239E+00 2.247E-02 1.172E-01  9.93E-02
2.113E+00 2.262E-02 1.508E-01  1.12E-01
1.995E+00 2.287E-02 1.943E-01  1.27E-01
1.884E+00 2.323E-02 2.507E-01  1.44E-01
1.778E+00 2.379E-02 3.239E-01  1.65E-01
1.679E+00 2.457E-02 4.188E-01  1.88E-01
1.585E+00 2.567E-02 5.420E-01  2.17E-01
1.496E+00 2.732E-02 7.022E-01  2.52E-01
1.413E+00 2.982E-02 9.119E-01  2.95E-01
1.334E+00 3.390E-02 1.193E+00  3.49E-01
1.259E+00 4.099E-02 1.594E+00  4.15E-01
1.189E+00 5.425E-02 2.247E+00  4.88E-01
1.122E+00 7.830E-02 3.492E+00  5.30E-01
1.059E+00 1.004E-01 5.440E+00  4.80E-01
1.000E+00 7.647E-02 5.963E+00  3.62E-01
9.441E-01 4.382E-02 5.131E+00  2.80E-01
8.913E-01 2.877E-02 4.500E+00  2.58E-01
8.414E-01 2.462E-02 4.166E+00  2.71E-01
7.943E-01 3.014E-02 4.096E+00  2.90E-01
7.499E-01 6.834E-02 5.364E+00  3.03E-01
7.079E-01 5.147E-02 4.992E+00  3.86E-01
6.683E-01 2.484E-02 3.476E+00  2.68E-01
6.310E-01 2.082E-02 3.576E+00  1.68E-01
5.957E-01 2.337E-02 2.973E+00  8.66E-02
5.623E-01 4.203E-02 2.658E+00  2.10E-01
5.309E-01 1.475E-02 9.239E-01  7.13E-02
5.012E-01 2.421E-02 3.053E+00  9.47E-02
4.732E-01 1.033E-01 3.667E+00  1.06E-01
4.467E-01 8.611E-03 1.491E+00  4.06E-01
4.217E-01 4.074E-02 4.846E+00  4.00E-01
3.981E-01 7.776E-03 2.817E+00  5.13E-01
3.758E-01 4.985E-02 4.135E+00  5.89E-01
3.548E-01 4.875E-02 2.581E+00  4.05E-01
3.350E-01 1.524E-01 2.799E+00  3.39E-01
3.162E-01 1.626E-01 2.178E+00  2.39E-01
2.985E-01 2.696E-01 1.879E+00  5.21E-01
2.818E-01 3.864E-01 2.252E+00  5.67E-01
2.661E-01 6.899E-01 1.639E+00  4.95E-01
2.512E-01 9.756E-01 1.550E+00  6.52E-01
2.371E-01 1.016E+00 1.520E+00  7.11E-01
2.239E-01 1.022E+00 1.484E+00  7.23E-01
2.113E-01 9.597E-01 1.501E+00  7.05E-01
1.995E-01 8.820E-01 1.557E+00  6.84E-01
1.884E-01 8.097E-01 1.633E+00  6.65E-01
1.778E-01 7.555E-01 1.717E+00  6.52E-01
1.679E-01 7.284E-01 1.804E+00  6.49E-01
1.585E-01 7.338E-01 1.879E+00  6.55E-01
1.496E-01 7.882E-01 1.871E+00  6.74E-01
1.413E-01 8.223E-01 1.832E+00  6.88E-01
1.334E-01 8.323E-01 1.816E+00  6.97E-01
1.259E-01 8.260E-01 1.809E+00  7.01E-01
1.189E-01 7.990E-01 1.827E+00  7.00E-01
1.122E-01 7.696E-01 1.819E+00  7.01E-01
1.059E-01 7.603E-01 1.752E+00  7.14E-01
1.000E-01 7.572E-01 1.685E+00  7.28E-01
9.441E-02 7.524E-01 1.639E+00  7.40E-01
8.913E-02 7.539E-01 1.592E+00  7.54E-01
8.414E-02 7.574E-01 1.549E+00  7.69E-01
7.943E-02 7.623E-01 1.511E+00  7.83E-01
7.499E-02 7.684E-01 1.476E+00  7.97E-01
7.079E-02 7.749E-01 1.444E+00  8.12E-01
6.683E-02 7.817E-01 1.415E+00  8.26E-01
6.310E-02 7.887E-01 1.387E+00  8.39E-01
5.957E-02 7.957E-01 1.362E+00  8.53E-01
5.623E-02 8.026E-01 1.338E+00  8.66E-01
5.309E-02 8.093E-01 1.316E+00  8.78E-01
5.012E-02 8.156E-01 1.295E+00  8.90E-01
4.732E-02 8.217E-01 1.276E+00  9.01E-01
4.467E-02 8.274E-01 1.258E+00  9.11E-01
4.217E-02 8.327E-01 1.242E+00  9.20E-01
3.981E-02 8.377E-01 1.226E+00  9.29E-01
3.758E-02 8.423E-01 1.212E+00  9.36E-01
3.548E-02 8.470E-01 1.198E+00  9.43E-01
3.350E-02 8.514E-01 1.185E+00  9.50E-01
3.162E-02 8.556E-01 1.172E+00  9.56E-01
2.985E-02 8.597E-01 1.161E+00  9.61E-01
2.818E-02 8.636E-01 1.149E+00  9.66E-01
2.661E-02 8.674E-01 1.138E+00  9.70E-01
2.512E-02 8.709E-01 1.127E+00  9.74E-01
2.371E-02 8.743E-01 1.117E+00  9.77E-01
2.239E-02 8.773E-01 1.106E+00  9.80E-01
2.113E-02 8.798E-01 1.095E+00  9.83E-01
1.995E-02 8.817E-01 1.085E+00  9.85E-01
1.884E-02 8.827E-01 1.077E+00  9.88E-01
1.778E-02 8.828E-01 1.072E+00  9.90E-01
1.679E-02 8.815E-01 1.074E+00  9.91E-01
1.585E-02 8.786E-01 1.088E+00  9.93E-01
1.496E-02 8.738E-01 1.121E+00  9.95E-01
1.413E-02 8.668E-01 1.177E+00  9.96E-01
1.334E-02 8.572E-01 1.256E+00  9.97E-01
1.259E-02 8.450E-01 1.334E+00  9.98E-01
1.189E-02 8.298E-01 1.346E+00  9.99E-01
1.122E-02 8.150E-01 9.715E-01  9.99E-01
1.059E-02 1.003E+00 9.377E-01  9.98E-01
1.000E-02 9.791E-01 9.465E-01  9.98E-01
9.441E-03 9.711E-01 9.764E-01  9.98E-01
8.913E-03 9.660E-01 9.939E-01  9.98E-01
8.414E-03 9.616E-01 1.009E+00  9.99E-01
7.943E-03 9.573E-01 1.022E+00  9.99E-01
7.499E-03 9.542E-01 1.021E+00  9.99E-01
7.079E-03 9.623E-01 1.013E+00  9.99E-01
6.683E-03 9.562E-01 1.038E+00  9.99E-01
6.310E-03 9.497E-01 1.063E+00  9.99E-01
5.957E-03 9.423E-01 1.091E+00  9.99E-01
5.623E-03 9.329E-01 1.125E+00  9.99E-01
5.309E-03 9.213E-01 1.166E+00  9.99E-01
5.012E-03 9.069E-01 1.212E+00  1.00E+00
4.732E-03 8.895E-01 1.253E+00  1.00E+00
4.467E-03 8.692E-01 1.187E+00  1.00E+00
4.217E-03 9.211E-01 1.139E+00  1.00E+00
3.981E-03 9.042E-01 1.206E+00  1.00E+00
3.758E-03 8.837E-01 1.270E+00  1.00E+00
3.548E-03 8.592E-01 1.335E+00  1.00E+00
3.350E-03 8.304E-01 1.401E+00  1.00E+00
3.162E-03 7.972E-01 1.464E+00  1.00E+00
2.985E-03 7.606E-01 1.521E+00  1.00E+00
2.818E-03 7.186E-01 1.571E+00  1.00E+00
2.661E-03 6.731E-01 1.608E+00  1.00E+00
2.512E-03 6.260E-01 1.625E+00  1.00E+00
2.371E-03 5.782E-01 1.624E+00  1.00E+00
2.239E-03 5.301E-01 1.605E+00  1.00E+00
2.113E-03 4.819E-01 1.571E+00  1.00E+00
1.995E-03 4.356E-01 1.520E+00  1.00E+00
1.884E-03 3.912E-01 1.457E+00  1.00E+00
1.778E-03 3.491E-01 1.384E+00  1.00E+00
1.679E-03 3.100E-01 1.302E+00  1.00E+00
1.585E-03 2.741E-01 1.216E+00  1.00E+00
1.496E-03 2.412E-01 1.129E+00  1.00E+00
1.413E-03 2.114E-01 1.042E+00  1.00E+00
1.334E-03 1.847E-01 9.543E-01  1.00E+00
1.259E-03 1.610E-01 8.707E-01  1.00E+00
1.189E-03 1.402E-01 8.357E-01  1.00E+00
1.122E-03 1.211E-01 7.587E-01  1.00E+00
1.059E-03 1.046E-01 6.838E-01  1.00E+00
