w(micron)  Q_abs     Q_sca     g=<cos>
1.000E+03 9.115E-06 2.367E-09  1.81E-05
9.441E+02 1.023E-05 2.980E-09  2.04E-05
8.913E+02 1.148E-05 3.751E-09  2.28E-05
8.414E+02 1.288E-05 4.723E-09  2.56E-05
7.943E+02 1.445E-05 5.946E-09  2.88E-05
7.499E+02 1.621E-05 7.485E-09  3.23E-05
7.079E+02 1.819E-05 9.423E-09  3.62E-05
6.683E+02 2.041E-05 1.186E-08  4.06E-05
6.310E+02 2.290E-05 1.494E-08  4.56E-05
5.957E+02 2.570E-05 1.880E-08  5.12E-05
5.623E+02 2.883E-05 2.367E-08  5.74E-05
5.309E+02 3.235E-05 2.980E-08  6.44E-05
5.012E+02 3.630E-05 3.752E-08  7.23E-05
4.732E+02 4.073E-05 4.723E-08  8.11E-05
4.467E+02 4.570E-05 5.946E-08  9.10E-05
4.217E+02 5.128E-05 7.486E-08  1.02E-04
3.981E+02 5.754E-05 9.425E-08  1.15E-04
3.758E+02 6.456E-05 1.187E-07  1.28E-04
3.548E+02 7.244E-05 1.494E-07  1.44E-04
3.350E+02 8.128E-05 1.881E-07  1.62E-04
3.162E+02 9.120E-05 2.368E-07  1.81E-04
2.985E+02 1.023E-04 2.981E-07  2.04E-04
2.818E+02 1.148E-04 3.753E-07  2.29E-04
2.661E+02 1.288E-04 4.726E-07  2.56E-04
2.512E+02 1.445E-04 5.950E-07  2.88E-04
2.371E+02 1.622E-04 7.492E-07  3.23E-04
2.239E+02 1.820E-04 9.432E-07  3.62E-04
2.113E+02 2.042E-04 1.188E-06  4.07E-04
1.995E+02 2.291E-04 1.495E-06  4.56E-04
1.884E+02 2.572E-04 1.882E-06  5.12E-04
1.778E+02 2.886E-04 2.370E-06  5.74E-04
1.679E+02 3.237E-04 2.985E-06  6.45E-04
1.585E+02 3.631E-04 3.758E-06  7.23E-04
1.496E+02 4.074E-04 4.733E-06  8.12E-04
1.413E+02 4.570E-04 5.961E-06  9.11E-04
1.334E+02 5.129E-04 7.506E-06  1.02E-03
1.259E+02 5.758E-04 9.452E-06  1.15E-03
1.189E+02 6.461E-04 1.190E-05  1.29E-03
1.122E+02 7.250E-04 1.499E-05  1.45E-03
1.059E+02 8.135E-04 1.888E-05  1.62E-03
1.000E+02 9.128E-04 2.379E-05  1.82E-03
9.441E+01 1.024E-03 2.997E-05  2.04E-03
8.913E+01 1.149E-03 3.776E-05  2.29E-03
8.414E+01 1.290E-03 4.757E-05  2.58E-03
7.943E+01 1.447E-03 5.994E-05  2.89E-03
7.499E+01 1.625E-03 7.554E-05  3.25E-03
7.079E+01 1.823E-03 9.521E-05  3.65E-03
6.683E+01 2.047E-03 1.200E-04  4.10E-03
6.310E+01 2.298E-03 1.513E-04  4.60E-03
5.957E+01 2.579E-03 1.908E-04  5.17E-03
5.623E+01 2.896E-03 2.407E-04  5.81E-03
5.309E+01 3.252E-03 3.037E-04  6.53E-03
5.012E+01 3.652E-03 3.833E-04  7.34E-03
4.732E+01 4.103E-03 4.838E-04  8.25E-03
4.467E+01 4.611E-03 6.110E-04  9.28E-03
4.217E+01 5.183E-03 7.720E-04  1.04E-02
3.981E+01 5.830E-03 9.758E-04  1.17E-02
3.758E+01 6.561E-03 1.234E-03  1.32E-02
3.548E+01 7.390E-03 1.562E-03  1.49E-02
3.350E+01 8.330E-03 1.978E-03  1.68E-02
3.162E+01 9.403E-03 2.508E-03  1.90E-02
2.985E+01 1.063E-02 3.182E-03  2.15E-02
2.818E+01 1.205E-02 4.043E-03  2.43E-02
2.661E+01 1.370E-02 5.144E-03  2.75E-02
2.512E+01 1.563E-02 6.555E-03  3.13E-02
2.371E+01 1.792E-02 8.372E-03  3.56E-02
2.239E+01 2.070E-02 1.072E-02  4.07E-02
2.113E+01 2.416E-02 1.377E-02  4.67E-02
1.995E+01 2.860E-02 1.776E-02  5.40E-02
1.884E+01 3.456E-02 2.302E-02  6.30E-02
1.778E+01 4.311E-02 3.004E-02  7.44E-02
1.679E+01 5.636E-02 3.957E-02  8.95E-02
1.585E+01 8.045E-02 5.285E-02  1.11E-01
1.496E+01 1.308E-01 7.203E-02  1.44E-01
1.413E+01 2.817E-01 1.022E-01  1.91E-01
1.334E+01 7.242E-01 1.536E-01  1.26E-01
1.259E+01 6.212E-01 2.118E-01 -6.00E-02
1.189E+01 6.946E-01 3.398E-01 -3.60E-02
1.122E+01 1.616E+00 5.846E-01  1.79E-03
1.059E+01 2.233E+00 3.875E-01  3.56E-02
1.000E+01 1.111E+00 8.827E-02  6.42E-02
9.441E+00 6.222E-01 7.299E-02  8.69E-02
8.913E+00 4.383E-01 1.251E-01  1.10E-01
8.414E+00 3.600E-01 2.031E-01  1.35E-01
7.943E+00 3.258E-01 3.042E-01  1.64E-01
7.499E+00 3.147E-01 4.334E-01  1.96E-01
7.079E+00 3.222E-01 5.967E-01  2.36E-01
6.683E+00 3.466E-01 8.039E-01  2.83E-01
6.310E+00 3.926E-01 1.069E+00  3.42E-01
5.957E+00 4.714E-01 1.422E+00  4.11E-01
5.623E+00 6.016E-01 1.937E+00  4.83E-01
5.309E+00 7.847E-01 2.724E+00  5.25E-01
5.012E+00 8.978E-01 3.657E+00  4.97E-01
4.732E+00 7.796E-01 4.085E+00  4.21E-01
4.467E+00 5.881E-01 3.943E+00  3.61E-01
4.217E+00 4.850E-01 3.685E+00  3.42E-01
3.981E+00 4.958E-01 3.506E+00  3.55E-01
3.758E+00 6.862E-01 3.566E+00  3.91E-01
3.548E+00 1.069E+00 4.184E+00  4.63E-01
3.350E+00 8.024E-01 3.764E+00  4.69E-01
3.162E+00 5.876E-01 3.275E+00  3.72E-01
2.985E+00 5.452E-01 2.989E+00  2.86E-01
2.818E+00 7.354E-01 2.468E+00  2.04E-01
2.661E+00 7.557E-01 1.892E+00  3.14E-01
2.512E+00 5.332E-01 1.276E+00  2.04E-01
2.371E+00 6.460E-01 1.951E+00  1.42E-01
2.239E+00 9.117E-01 1.629E+00  1.47E-01
2.113E+00 3.758E-01 1.104E+00  3.39E-01
1.995E+00 7.301E-01 2.373E+00  4.85E-01
1.884E+00 5.083E-01 2.345E+00  5.68E-01
1.778E+00 3.055E-01 2.367E+00  5.92E-01
1.679E+00 4.538E-01 3.279E+00  6.99E-01
1.585E+00 2.391E-01 2.662E+00  5.80E-01
1.496E+00 4.469E-01 3.107E+00  5.58E-01
1.413E+00 2.405E-01 2.005E+00  4.75E-01
1.334E+00 3.660E-01 2.302E+00  3.34E-01
1.259E+00 2.365E-01 1.673E+00  3.21E-01
1.189E+00 2.005E-01 2.036E+00  4.46E-01
1.122E+00 2.239E-01 2.669E+00  6.03E-01
1.059E+00 1.688E-01 2.437E+00  5.50E-01
1.000E+00 1.504E-01 2.399E+00  6.84E-01
9.441E-01 1.729E-01 2.374E+00  5.46E-01
8.913E-01 3.226E-01 2.447E+00  3.96E-01
8.414E-01 1.277E-01 2.169E+00  5.22E-01
7.943E-01 1.049E-01 2.581E+00  5.63E-01
7.499E-01 1.088E-01 2.543E+00  5.06E-01
7.079E-01 1.178E-01 2.332E+00  4.63E-01
6.683E-01 9.381E-02 2.562E+00  6.00E-01
6.310E-01 1.673E-01 2.697E+00  6.35E-01
5.957E-01 6.555E-02 1.978E+00  4.66E-01
5.623E-01 5.657E-02 2.366E+00  6.06E-01
5.309E-01 4.411E-02 2.151E+00  5.59E-01
5.012E-01 4.732E-02 2.301E+00  5.57E-01
4.732E-01 3.929E-02 2.584E+00  6.35E-01
4.467E-01 4.658E-02 2.307E+00  4.84E-01
4.217E-01 2.914E-02 2.509E+00  6.43E-01
3.981E-01 1.169E-01 2.188E+00  5.34E-01
3.758E-01 9.908E-02 2.300E+00  5.75E-01
3.548E-01 1.959E-01 1.873E+00  5.72E-01
3.350E-01 2.554E-01 1.846E+00  5.87E-01
3.162E-01 4.609E-01 1.711E+00  6.31E-01
2.985E-01 5.835E-01 1.596E+00  6.78E-01
2.818E-01 7.716E-01 1.486E+00  7.73E-01
2.661E-01 8.458E-01 1.362E+00  7.93E-01
2.512E-01 8.335E-01 1.369E+00  7.88E-01
2.371E-01 8.099E-01 1.385E+00  7.77E-01
2.239E-01 7.807E-01 1.406E+00  7.62E-01
2.113E-01 7.432E-01 1.436E+00  7.43E-01
1.995E-01 6.923E-01 1.483E+00  7.17E-01
1.884E-01 6.415E-01 1.541E+00  6.92E-01
1.778E-01 5.995E-01 1.602E+00  6.74E-01
1.679E-01 5.714E-01 1.658E+00  6.64E-01
1.585E-01 5.585E-01 1.698E+00  6.64E-01
1.496E-01 5.788E-01 1.675E+00  6.77E-01
1.413E-01 5.952E-01 1.643E+00  6.89E-01
1.334E-01 5.952E-01 1.628E+00  6.96E-01
1.259E-01 5.866E-01 1.623E+00  6.98E-01
1.189E-01 5.599E-01 1.636E+00  6.93E-01
1.122E-01 5.421E-01 1.636E+00  6.94E-01
1.059E-01 5.591E-01 1.599E+00  7.09E-01
1.000E-01 5.829E-01 1.559E+00  7.27E-01
9.441E-02 5.993E-01 1.531E+00  7.40E-01
8.913E-02 6.196E-01 1.500E+00  7.55E-01
8.414E-02 6.390E-01 1.471E+00  7.71E-01
7.943E-02 6.576E-01 1.444E+00  7.85E-01
7.499E-02 6.756E-01 1.419E+00  8.00E-01
7.079E-02 6.928E-01 1.395E+00  8.15E-01
6.683E-02 7.092E-01 1.372E+00  8.29E-01
6.310E-02 7.250E-01 1.351E+00  8.43E-01
5.957E-02 7.401E-01 1.331E+00  8.57E-01
5.623E-02 7.544E-01 1.311E+00  8.70E-01
5.309E-02 7.680E-01 1.293E+00  8.82E-01
5.012E-02 7.807E-01 1.276E+00  8.94E-01
4.732E-02 7.928E-01 1.260E+00  9.05E-01
4.467E-02 8.041E-01 1.245E+00  9.15E-01
4.217E-02 8.147E-01 1.231E+00  9.24E-01
3.981E-02 8.246E-01 1.218E+00  9.32E-01
3.758E-02 8.340E-01 1.205E+00  9.40E-01
3.548E-02 8.431E-01 1.193E+00  9.47E-01
3.350E-02 8.517E-01 1.182E+00  9.53E-01
3.162E-02 8.599E-01 1.171E+00  9.59E-01
2.985E-02 8.679E-01 1.160E+00  9.64E-01
2.818E-02 8.755E-01 1.150E+00  9.68E-01
2.661E-02 8.830E-01 1.141E+00  9.72E-01
2.512E-02 8.901E-01 1.131E+00  9.76E-01
2.371E-02 8.971E-01 1.122E+00  9.79E-01
2.239E-02 9.039E-01 1.113E+00  9.82E-01
2.113E-02 9.104E-01 1.105E+00  9.85E-01
1.995E-02 9.167E-01 1.097E+00  9.87E-01
1.884E-02 9.227E-01 1.089E+00  9.89E-01
1.778E-02 9.285E-01 1.081E+00  9.91E-01
1.679E-02 9.342E-01 1.073E+00  9.93E-01
1.585E-02 9.396E-01 1.066E+00  9.94E-01
1.496E-02 9.450E-01 1.059E+00  9.95E-01
1.413E-02 9.503E-01 1.052E+00  9.96E-01
1.334E-02 9.556E-01 1.044E+00  9.97E-01
1.259E-02 9.611E-01 1.035E+00  9.98E-01
1.189E-02 9.670E-01 1.025E+00  9.99E-01
1.122E-02 9.774E-01 1.017E+00  9.99E-01
1.059E-02 1.000E+00 1.009E+00  9.99E-01
1.000E-02 9.897E-01 1.012E+00  9.99E-01
9.441E-03 9.862E-01 1.015E+00  9.99E-01
8.913E-03 9.848E-01 1.016E+00  9.99E-01
8.414E-03 9.843E-01 1.016E+00  9.99E-01
7.943E-03 9.844E-01 1.015E+00  9.99E-01
7.499E-03 9.862E-01 1.011E+00  9.99E-01
7.079E-03 9.861E-01 1.013E+00  9.99E-01
6.683E-03 9.850E-01 1.013E+00  9.99E-01
6.310E-03 9.845E-01 1.013E+00  9.99E-01
5.957E-03 9.867E-01 1.013E+00  9.99E-01
5.623E-03 9.867E-01 1.013E+00  1.00E+00
5.309E-03 9.868E-01 1.013E+00  1.00E+00
5.012E-03 9.866E-01 1.013E+00  1.00E+00
4.732E-03 9.866E-01 1.013E+00  1.00E+00
4.467E-03 9.874E-01 1.012E+00  1.00E+00
4.217E-03 9.901E-01 1.010E+00  1.00E+00
3.981E-03 9.888E-01 1.011E+00  1.00E+00
3.758E-03 9.876E-01 1.012E+00  1.00E+00
3.548E-03 9.862E-01 1.014E+00  1.00E+00
3.350E-03 9.845E-01 1.015E+00  1.00E+00
3.162E-03 9.823E-01 1.018E+00  1.00E+00
2.985E-03 9.794E-01 1.020E+00  1.00E+00
2.818E-03 9.755E-01 1.024E+00  9.99E-01
2.661E-03 9.701E-01 1.030E+00  9.99E-01
2.512E-03 9.630E-01 1.037E+00  9.99E-01
2.371E-03 9.536E-01 1.046E+00  1.00E+00
2.239E-03 9.412E-01 1.058E+00  1.00E+00
2.113E-03 9.247E-01 1.075E+00  1.00E+00
1.995E-03 9.037E-01 1.096E+00  1.00E+00
1.884E-03 8.774E-01 1.122E+00  1.00E+00
1.778E-03 8.455E-01 1.153E+00  1.00E+00
1.679E-03 8.083E-01 1.190E+00  1.00E+00
1.585E-03 7.662E-01 1.232E+00  1.00E+00
1.496E-03 7.199E-01 1.278E+00  1.00E+00
1.413E-03 6.704E-01 1.327E+00  1.00E+00
1.334E-03 6.190E-01 1.377E+00  1.00E+00
1.259E-03 5.670E-01 1.428E+00  1.00E+00
1.189E-03 5.161E-01 1.478E+00  1.00E+00
1.122E-03 4.646E-01 1.527E+00  1.00E+00
1.059E-03 4.158E-01 1.574E+00  1.00E+00
