w(micron)  Q_abs     Q_sca     g=<cos>
1.000E+03 3.635E-05 5.948E-07  2.88E-04
9.441E+02 4.079E-05 7.489E-07  3.23E-04
8.913E+02 4.578E-05 9.429E-07  3.62E-04
8.414E+02 5.138E-05 1.187E-06  4.06E-04
7.943E+02 5.767E-05 1.495E-06  4.56E-04
7.499E+02 6.472E-05 1.882E-06  5.12E-04
7.079E+02 7.265E-05 2.369E-06  5.74E-04
6.683E+02 8.154E-05 2.983E-06  6.44E-04
6.310E+02 9.154E-05 3.756E-06  7.23E-04
5.957E+02 1.028E-04 4.729E-06  8.11E-04
5.623E+02 1.154E-04 5.955E-06  9.10E-04
5.309E+02 1.295E-04 7.498E-06  1.02E-03
5.012E+02 1.454E-04 9.442E-06  1.15E-03
4.732E+02 1.633E-04 1.189E-05  1.29E-03
4.467E+02 1.834E-04 1.497E-05  1.44E-03
4.217E+02 2.060E-04 1.885E-05  1.62E-03
3.981E+02 2.314E-04 2.374E-05  1.82E-03
3.758E+02 2.600E-04 2.990E-05  2.04E-03
3.548E+02 2.921E-04 3.766E-05  2.29E-03
3.350E+02 3.283E-04 4.744E-05  2.57E-03
3.162E+02 3.690E-04 5.975E-05  2.88E-03
2.985E+02 4.148E-04 7.528E-05  3.23E-03
2.818E+02 4.664E-04 9.484E-05  3.63E-03
2.661E+02 5.246E-04 1.195E-04  4.07E-03
2.512E+02 5.903E-04 1.506E-04  4.57E-03
2.371E+02 6.644E-04 1.898E-04  5.13E-03
2.239E+02 7.480E-04 2.392E-04  5.76E-03
2.113E+02 8.427E-04 3.015E-04  6.47E-03
1.995E+02 9.498E-04 3.801E-04  7.26E-03
1.884E+02 1.071E-03 4.792E-04  8.15E-03
1.778E+02 1.209E-03 6.044E-04  9.15E-03
1.679E+02 1.364E-03 7.624E-04  1.03E-02
1.585E+02 1.541E-03 9.621E-04  1.15E-02
1.496E+02 1.742E-03 1.214E-03  1.30E-02
1.413E+02 1.972E-03 1.533E-03  1.46E-02
1.334E+02 2.235E-03 1.937E-03  1.63E-02
1.259E+02 2.537E-03 2.447E-03  1.84E-02
1.189E+02 2.882E-03 3.093E-03  2.06E-02
1.122E+02 3.279E-03 3.912E-03  2.32E-02
1.059E+02 3.738E-03 4.950E-03  2.61E-02
1.000E+02 4.269E-03 6.269E-03  2.93E-02
9.441E+01 4.885E-03 7.944E-03  3.30E-02
8.913E+01 5.605E-03 1.008E-02  3.72E-02
8.414E+01 6.450E-03 1.279E-02  4.19E-02
7.943E+01 7.445E-03 1.625E-02  4.72E-02
7.499E+01 8.626E-03 2.068E-02  5.32E-02
7.079E+01 1.004E-02 2.635E-02  6.01E-02
6.683E+01 1.173E-02 3.362E-02  6.79E-02
6.310E+01 1.380E-02 4.297E-02  7.68E-02
5.957E+01 1.632E-02 5.504E-02  8.71E-02
5.623E+01 1.946E-02 7.065E-02  9.89E-02
5.309E+01 2.342E-02 9.093E-02  1.13E-01
5.012E+01 2.850E-02 1.174E-01  1.29E-01
4.732E+01 3.515E-02 1.521E-01  1.48E-01
4.467E+01 4.409E-02 1.979E-01  1.70E-01
4.217E+01 5.653E-02 2.590E-01  1.97E-01
3.981E+01 7.460E-02 3.413E-01  2.30E-01
3.758E+01 1.024E-01 4.546E-01  2.72E-01
3.548E+01 1.488E-01 6.162E-01  3.25E-01
3.350E+01 2.348E-01 8.624E-01  3.91E-01
3.162E+01 4.199E-01 1.292E+00  4.64E-01
2.985E+01 8.816E-01 2.223E+00  5.01E-01
2.818E+01 1.738E+00 4.128E+00  3.77E-01
2.661E+01 1.477E+00 4.565E+00  1.31E-01
2.512E+01 8.864E-01 4.043E+00  1.48E-02
2.371E+01 7.289E-01 3.995E+00  2.48E-02
2.239E+01 8.587E-01 3.933E+00  8.86E-02
2.113E+01 1.311E+00 3.134E+00  1.81E-01
1.995E+01 2.061E+00 1.730E+00  3.46E-01
1.884E+01 1.230E+00 8.696E-01  3.42E-01
1.778E+01 1.092E+00 1.041E+00  2.41E-01
1.679E+01 1.542E+00 1.158E+00  2.89E-01
1.585E+01 1.297E+00 1.479E+00  4.08E-01
1.496E+01 1.206E+00 1.791E+00  4.22E-01
1.413E+01 1.264E+00 1.602E+00  4.51E-01
1.334E+01 1.098E+00 1.706E+00  4.44E-01
1.259E+01 8.823E-01 1.964E+00  4.27E-01
1.189E+01 8.496E-01 2.254E+00  4.43E-01
1.122E+01 1.158E+00 2.231E+00  5.12E-01
1.059E+01 1.474E+00 1.624E+00  6.18E-01
1.000E+01 1.430E+00 9.356E-01  7.22E-01
9.441E+00 1.431E+00 1.159E+00  7.72E-01
8.913E+00 1.466E+00 1.697E+00  7.60E-01
8.414E+00 1.498E+00 1.780E+00  7.33E-01
7.943E+00 1.434E+00 1.418E+00  6.56E-01
7.499E+00 1.405E+00 1.121E+00  6.24E-01
7.079E+00 1.393E+00 1.100E+00  6.77E-01
6.683E+00 1.228E+00 1.266E+00  7.11E-01
6.310E+00 1.277E+00 1.575E+00  7.86E-01
5.957E+00 1.115E+00 1.786E+00  7.82E-01
5.623E+00 1.159E+00 1.845E+00  7.70E-01
5.309E+00 1.056E+00 1.630E+00  7.36E-01
5.012E+00 1.088E+00 1.467E+00  6.76E-01
4.732E+00 1.054E+00 1.249E+00  6.55E-01
4.467E+00 1.034E+00 1.370E+00  6.74E-01
4.217E+00 1.037E+00 1.560E+00  7.58E-01
3.981E+00 1.031E+00 1.732E+00  7.74E-01
3.758E+00 9.688E-01 1.627E+00  7.71E-01
3.548E+00 9.170E-01 1.438E+00  7.46E-01
3.350E+00 9.013E-01 1.398E+00  7.00E-01
3.162E+00 9.129E-01 1.551E+00  7.36E-01
2.985E+00 9.048E-01 1.720E+00  7.75E-01
2.818E+00 8.661E-01 1.648E+00  7.63E-01
2.661E+00 8.229E-01 1.447E+00  7.25E-01
2.512E+00 7.834E-01 1.495E+00  7.28E-01
2.371E+00 7.665E-01 1.669E+00  7.48E-01
2.239E+00 7.744E-01 1.583E+00  7.28E-01
2.113E+00 7.419E-01 1.499E+00  7.17E-01
1.995E+00 7.333E-01 1.649E+00  7.29E-01
1.884E+00 6.936E-01 1.718E+00  7.42E-01
1.778E+00 6.751E-01 1.478E+00  7.06E-01
1.679E+00 6.473E-01 1.731E+00  7.39E-01
1.585E+00 5.942E-01 1.610E+00  7.10E-01
1.496E+00 5.945E-01 1.798E+00  7.45E-01
1.413E+00 5.521E-01 1.717E+00  7.14E-01
1.334E+00 5.147E-01 1.708E+00  7.13E-01
1.259E+00 5.099E-01 1.616E+00  6.93E-01
1.189E+00 4.797E-01 1.904E+00  7.36E-01
1.122E+00 4.689E-01 1.620E+00  6.69E-01
1.059E+00 4.281E-01 1.802E+00  6.91E-01
1.000E+00 3.768E-01 1.785E+00  6.81E-01
9.441E-01 3.695E-01 1.677E+00  6.31E-01
8.913E-01 3.637E-01 1.859E+00  6.78E-01
8.414E-01 3.060E-01 1.891E+00  6.84E-01
7.943E-01 2.849E-01 2.047E+00  6.98E-01
7.499E-01 2.689E-01 2.046E+00  6.90E-01
7.079E-01 2.381E-01 1.887E+00  6.62E-01
6.683E-01 2.342E-01 2.105E+00  6.82E-01
6.310E-01 2.110E-01 2.074E+00  6.74E-01
5.957E-01 1.818E-01 1.960E+00  6.52E-01
5.623E-01 1.682E-01 2.030E+00  6.46E-01
5.309E-01 1.551E-01 2.075E+00  6.55E-01
5.012E-01 1.327E-01 1.916E+00  6.33E-01
4.732E-01 1.253E-01 1.848E+00  5.89E-01
4.467E-01 1.141E-01 2.034E+00  6.34E-01
4.217E-01 1.014E-01 1.837E+00  5.77E-01
3.981E-01 1.244E-01 2.035E+00  6.34E-01
3.758E-01 2.895E-01 1.854E+00  6.73E-01
3.548E-01 4.838E-01 1.671E+00  7.24E-01
3.350E-01 5.485E-01 1.495E+00  7.27E-01
3.162E-01 7.173E-01 1.373E+00  7.90E-01
2.985E-01 7.679E-01 1.335E+00  8.07E-01
2.818E-01 7.785E-01 1.315E+00  8.07E-01
2.661E-01 7.661E-01 1.324E+00  8.00E-01
2.512E-01 7.512E-01 1.336E+00  7.91E-01
2.371E-01 7.327E-01 1.351E+00  7.79E-01
2.239E-01 7.086E-01 1.372E+00  7.64E-01
2.113E-01 6.765E-01 1.402E+00  7.44E-01
1.995E-01 6.308E-01 1.447E+00  7.17E-01
1.884E-01 5.822E-01 1.500E+00  6.90E-01
1.778E-01 5.386E-01 1.552E+00  6.70E-01
1.679E-01 5.044E-01 1.595E+00  6.57E-01
1.585E-01 4.816E-01 1.620E+00  6.53E-01
1.496E-01 4.973E-01 1.596E+00  6.67E-01
1.413E-01 5.169E-01 1.569E+00  6.80E-01
1.334E-01 5.221E-01 1.557E+00  6.86E-01
1.259E-01 5.197E-01 1.555E+00  6.89E-01
1.189E-01 5.012E-01 1.568E+00  6.84E-01
1.122E-01 4.930E-01 1.571E+00  6.85E-01
1.059E-01 5.179E-01 1.541E+00  7.02E-01
1.000E-01 5.473E-01 1.507E+00  7.20E-01
9.441E-02 5.678E-01 1.483E+00  7.34E-01
8.913E-02 5.914E-01 1.456E+00  7.50E-01
8.414E-02 6.138E-01 1.430E+00  7.66E-01
7.943E-02 6.349E-01 1.407E+00  7.82E-01
7.499E-02 6.553E-01 1.384E+00  7.97E-01
7.079E-02 6.745E-01 1.362E+00  8.12E-01
6.683E-02 6.928E-01 1.342E+00  8.27E-01
6.310E-02 7.104E-01 1.323E+00  8.41E-01
5.957E-02 7.270E-01 1.304E+00  8.55E-01
5.623E-02 7.429E-01 1.286E+00  8.68E-01
5.309E-02 7.578E-01 1.270E+00  8.81E-01
5.012E-02 7.719E-01 1.254E+00  8.93E-01
4.732E-02 7.852E-01 1.240E+00  9.04E-01
4.467E-02 7.976E-01 1.226E+00  9.14E-01
4.217E-02 8.093E-01 1.213E+00  9.24E-01
3.981E-02 8.202E-01 1.201E+00  9.32E-01
3.758E-02 8.306E-01 1.189E+00  9.40E-01
3.548E-02 8.405E-01 1.178E+00  9.47E-01
3.350E-02 8.500E-01 1.167E+00  9.53E-01
3.162E-02 8.590E-01 1.157E+00  9.59E-01
2.985E-02 8.677E-01 1.148E+00  9.64E-01
2.818E-02 8.760E-01 1.139E+00  9.68E-01
2.661E-02 8.842E-01 1.130E+00  9.72E-01
2.512E-02 8.920E-01 1.121E+00  9.76E-01
2.371E-02 9.001E-01 1.100E+00  9.79E-01
2.239E-02 9.077E-01 1.092E+00  9.82E-01
2.113E-02 9.149E-01 1.085E+00  9.85E-01
1.995E-02 9.219E-01 1.078E+00  9.87E-01
1.884E-02 9.286E-01 1.071E+00  9.89E-01
1.778E-02 9.352E-01 1.065E+00  9.91E-01
1.679E-02 9.415E-01 1.058E+00  9.93E-01
1.585E-02 9.476E-01 1.052E+00  9.94E-01
1.496E-02 9.536E-01 1.046E+00  9.95E-01
1.413E-02 9.597E-01 1.040E+00  9.96E-01
1.334E-02 9.658E-01 1.034E+00  9.97E-01
1.259E-02 9.718E-01 1.028E+00  9.98E-01
1.189E-02 9.784E-01 1.022E+00  9.99E-01
1.122E-02 9.891E-01 1.011E+00  1.00E+00
1.059E-02 9.897E-01 1.010E+00  9.99E-01
1.000E-02 9.860E-01 1.014E+00  9.99E-01
9.441E-03 9.845E-01 1.016E+00  9.99E-01
8.913E-03 9.843E-01 1.016E+00  9.99E-01
8.414E-03 9.847E-01 1.015E+00  9.99E-01
7.943E-03 9.856E-01 1.014E+00  9.99E-01
7.499E-03 9.878E-01 1.012E+00  9.99E-01
7.079E-03 9.870E-01 1.013E+00  9.99E-01
6.683E-03 9.869E-01 1.013E+00  9.99E-01
6.310E-03 9.873E-01 1.013E+00  9.99E-01
5.957E-03 9.879E-01 1.012E+00  9.99E-01
5.623E-03 9.886E-01 1.011E+00  1.00E+00
5.309E-03 9.894E-01 1.011E+00  1.00E+00
5.012E-03 9.902E-01 1.010E+00  1.00E+00
4.732E-03 9.911E-01 1.009E+00  1.00E+00
4.467E-03 9.931E-01 1.007E+00  1.00E+00
4.217E-03 9.929E-01 1.007E+00  1.00E+00
3.981E-03 9.927E-01 1.007E+00  1.00E+00
3.758E-03 9.926E-01 1.007E+00  1.00E+00
3.548E-03 9.925E-01 1.007E+00  1.00E+00
3.350E-03 9.924E-01 1.008E+00  1.00E+00
3.162E-03 9.922E-01 1.008E+00  1.00E+00
2.985E-03 9.920E-01 1.008E+00  1.00E+00
2.818E-03 9.918E-01 1.008E+00  1.00E+00
2.661E-03 9.916E-01 1.008E+00  1.00E+00
2.512E-03 9.915E-01 1.009E+00  1.00E+00
2.371E-03 9.915E-01 1.009E+00  1.00E+00
2.239E-03 9.915E-01 1.008E+00  1.00E+00
2.113E-03 9.912E-01 1.009E+00  1.00E+00
1.995E-03 9.903E-01 1.010E+00  1.00E+00
1.884E-03 9.887E-01 1.011E+00  1.00E+00
1.778E-03 9.862E-01 1.014E+00  1.00E+00
1.679E-03 9.825E-01 1.017E+00  1.00E+00
1.585E-03 9.774E-01 1.023E+00  1.00E+00
1.496E-03 9.703E-01 1.030E+00  1.00E+00
1.413E-03 9.605E-01 1.039E+00  1.00E+00
1.334E-03 9.475E-01 1.052E+00  1.00E+00
1.259E-03 9.304E-01 1.070E+00  1.00E+00
1.189E-03 9.088E-01 1.091E+00  1.00E+00
1.122E-03 8.808E-01 1.119E+00  1.00E+00
1.059E-03 8.472E-01 1.153E+00  1.00E+00
