w(micron)  Q_abs     Q_sca     g=<cos>
1.000E+03 1.023E-05 3.751E-09  2.28E-05
9.441E+02 1.148E-05 4.723E-09  2.56E-05
8.913E+02 1.288E-05 5.946E-09  2.88E-05
8.414E+02 1.445E-05 7.485E-09  3.23E-05
7.943E+02 1.621E-05 9.423E-09  3.62E-05
7.499E+02 1.819E-05 1.186E-08  4.06E-05
7.079E+02 2.041E-05 1.494E-08  4.56E-05
6.683E+02 2.290E-05 1.880E-08  5.12E-05
6.310E+02 2.570E-05 2.367E-08  5.74E-05
5.957E+02 2.883E-05 2.980E-08  6.44E-05
5.623E+02 3.235E-05 3.752E-08  7.23E-05
5.309E+02 3.630E-05 4.723E-08  8.11E-05
5.012E+02 4.073E-05 5.946E-08  9.10E-05
4.732E+02 4.570E-05 7.486E-08  1.02E-04
4.467E+02 5.128E-05 9.425E-08  1.15E-04
4.217E+02 5.754E-05 1.187E-07  1.28E-04
3.981E+02 6.457E-05 1.494E-07  1.44E-04
3.758E+02 7.245E-05 1.881E-07  1.62E-04
3.548E+02 8.130E-05 2.368E-07  1.81E-04
3.350E+02 9.122E-05 2.981E-07  2.04E-04
3.162E+02 1.024E-04 3.753E-07  2.28E-04
2.985E+02 1.149E-04 4.725E-07  2.56E-04
2.818E+02 1.289E-04 5.949E-07  2.88E-04
2.661E+02 1.446E-04 7.491E-07  3.23E-04
2.512E+02 1.622E-04 9.432E-07  3.62E-04
2.371E+02 1.821E-04 1.188E-06  4.07E-04
2.239E+02 2.043E-04 1.495E-06  4.56E-04
2.113E+02 2.292E-04 1.882E-06  5.12E-04
1.995E+02 2.573E-04 2.370E-06  5.74E-04
1.884E+02 2.888E-04 2.984E-06  6.44E-04
1.778E+02 3.241E-04 3.757E-06  7.23E-04
1.679E+02 3.636E-04 4.732E-06  8.11E-04
1.585E+02 4.079E-04 5.959E-06  9.11E-04
1.496E+02 4.576E-04 7.504E-06  1.02E-03
1.413E+02 5.135E-04 9.451E-06  1.15E-03
1.334E+02 5.764E-04 1.190E-05  1.29E-03
1.259E+02 6.472E-04 1.499E-05  1.44E-03
1.189E+02 7.264E-04 1.888E-05  1.62E-03
1.122E+02 8.152E-04 2.378E-05  1.82E-03
1.059E+02 9.150E-04 2.995E-05  2.04E-03
1.000E+02 1.027E-03 3.773E-05  2.29E-03
9.441E+01 1.153E-03 4.754E-05  2.57E-03
8.913E+01 1.294E-03 5.990E-05  2.89E-03
8.414E+01 1.453E-03 7.548E-05  3.24E-03
7.943E+01 1.631E-03 9.513E-05  3.64E-03
7.499E+01 1.832E-03 1.199E-04  4.09E-03
7.079E+01 2.057E-03 1.512E-04  4.59E-03
6.683E+01 2.311E-03 1.906E-04  5.16E-03
6.310E+01 2.596E-03 2.403E-04  5.80E-03
5.957E+01 2.917E-03 3.032E-04  6.51E-03
5.623E+01 3.279E-03 3.825E-04  7.32E-03
5.309E+01 3.686E-03 4.827E-04  8.22E-03
5.012E+01 4.145E-03 6.094E-04  9.25E-03
4.732E+01 4.662E-03 7.697E-04  1.04E-02
4.467E+01 5.248E-03 9.725E-04  1.17E-02
4.217E+01 5.910E-03 1.229E-03  1.32E-02
3.981E+01 6.661E-03 1.555E-03  1.48E-02
3.758E+01 7.514E-03 1.968E-03  1.67E-02
3.548E+01 8.485E-03 2.492E-03  1.88E-02
3.350E+01 9.593E-03 3.159E-03  2.12E-02
3.162E+01 1.087E-02 4.008E-03  2.40E-02
2.985E+01 1.233E-02 5.092E-03  2.71E-02
2.818E+01 1.404E-02 6.478E-03  3.07E-02
2.661E+01 1.604E-02 8.252E-03  3.48E-02
2.512E+01 1.842E-02 1.053E-02  3.96E-02
2.371E+01 2.127E-02 1.348E-02  4.52E-02
2.239E+01 2.478E-02 1.730E-02  5.17E-02
2.113E+01 2.923E-02 2.228E-02  5.96E-02
1.995E+01 3.504E-02 2.881E-02  6.90E-02
1.884E+01 4.306E-02 3.748E-02  8.08E-02
1.778E+01 5.492E-02 4.913E-02  9.59E-02
1.679E+01 7.414E-02 6.510E-02  1.16E-01
1.585E+01 1.112E-01 8.771E-02  1.46E-01
1.496E+01 1.964E-01 1.213E-01  1.91E-01
1.413E+01 4.813E-01 1.782E-01  2.46E-01
1.334E+01 1.030E+00 2.683E-01  6.82E-02
1.259E+01 7.361E-01 3.490E-01 -7.39E-02
1.189E+01 8.376E-01 5.573E-01 -3.75E-02
1.122E+01 1.837E+00 9.075E-01  6.12E-03
1.059E+01 2.298E+00 5.411E-01  4.77E-02
1.000E+01 1.203E+00 1.290E-01  8.29E-02
9.441E+00 7.070E-01 1.109E-01  1.11E-01
8.913E+00 5.150E-01 1.936E-01  1.41E-01
8.414E+00 4.354E-01 3.170E-01  1.75E-01
7.943E+00 4.061E-01 4.754E-01  2.14E-01
7.499E+00 4.071E-01 6.760E-01  2.60E-01
7.079E+00 4.376E-01 9.280E-01  3.18E-01
6.683E+00 5.035E-01 1.255E+00  3.87E-01
6.310E+00 6.207E-01 1.708E+00  4.63E-01
5.957E+00 7.957E-01 2.383E+00  5.19E-01
5.623E+00 9.410E-01 3.266E+00  5.12E-01
5.309E+00 8.709E-01 3.839E+00  4.45E-01
5.012E+00 6.764E-01 3.824E+00  3.81E-01
4.732E+00 5.526E-01 3.607E+00  3.56E-01
4.467E+00 5.506E-01 3.432E+00  3.65E-01
4.217E+00 7.296E-01 3.453E+00  4.01E-01
3.981E+00 1.120E+00 3.961E+00  4.71E-01
3.758E+00 9.163E-01 3.722E+00  4.86E-01
3.548E+00 6.742E-01 3.238E+00  3.96E-01
3.350E+00 6.182E-01 2.942E+00  3.09E-01
3.162E+00 7.914E-01 2.418E+00  2.30E-01
2.985E+00 8.803E-01 1.910E+00  3.26E-01
2.818E+00 6.145E-01 1.273E+00  2.36E-01
2.661E+00 7.328E-01 1.849E+00  1.65E-01
2.512E+00 9.463E-01 1.529E+00  1.53E-01
2.371E+00 4.479E-01 1.088E+00  3.44E-01
2.239E+00 7.934E-01 2.141E+00  5.05E-01
2.113E+00 6.348E-01 2.278E+00  5.73E-01
1.995E+00 3.619E-01 2.291E+00  5.99E-01
1.884E+00 5.520E-01 3.172E+00  7.02E-01
1.778E+00 2.968E-01 2.632E+00  6.00E-01
1.679E+00 5.670E-01 2.998E+00  5.64E-01
1.585E+00 2.991E-01 2.013E+00  5.05E-01
1.496E+00 4.390E-01 2.214E+00  3.38E-01
1.413E+00 2.940E-01 1.619E+00  3.33E-01
1.334E+00 2.721E-01 2.028E+00  4.53E-01
1.259E+00 2.930E-01 2.559E+00  5.90E-01
1.189E+00 2.060E-01 2.371E+00  5.71E-01
1.122E+00 2.091E-01 2.473E+00  7.01E-01
1.059E+00 2.083E-01 2.405E+00  5.55E-01
1.000E+00 3.404E-01 2.158E+00  3.98E-01
9.441E-01 1.550E-01 2.007E+00  5.07E-01
8.913E-01 1.404E-01 2.445E+00  5.38E-01
8.414E-01 1.479E-01 2.437E+00  4.87E-01
7.943E-01 1.676E-01 2.166E+00  4.16E-01
7.499E-01 1.818E-01 2.495E+00  5.08E-01
7.079E-01 1.056E-01 2.785E+00  6.62E-01
6.683E-01 8.076E-02 2.157E+00  5.65E-01
6.310E-01 9.284E-02 2.097E+00  4.86E-01
5.957E-01 8.862E-02 2.516E+00  6.57E-01
5.623E-01 6.412E-02 2.158E+00  5.22E-01
5.309E-01 5.334E-02 2.018E+00  4.71E-01
5.012E-01 4.785E-02 2.108E+00  6.09E-01
4.732E-01 4.673E-02 2.024E+00  5.16E-01
4.467E-01 3.614E-02 2.008E+00  5.32E-01
4.217E-01 4.291E-02 2.432E+00  5.84E-01
3.981E-01 6.421E-02 1.772E+00  5.06E-01
3.758E-01 1.066E-01 2.112E+00  6.11E-01
3.548E-01 2.158E-01 1.881E+00  5.84E-01
3.350E-01 2.843E-01 2.261E+00  6.76E-01
3.162E-01 4.632E-01 1.970E+00  7.11E-01
2.985E-01 5.910E-01 1.552E+00  6.92E-01
2.818E-01 7.812E-01 1.440E+00  7.76E-01
2.661E-01 8.380E-01 1.353E+00  7.95E-01
2.512E-01 8.232E-01 1.366E+00  7.89E-01
2.371E-01 8.003E-01 1.381E+00  7.78E-01
2.239E-01 7.718E-01 1.402E+00  7.63E-01
2.113E-01 7.350E-01 1.433E+00  7.44E-01
1.995E-01 6.850E-01 1.479E+00  7.17E-01
1.884E-01 6.346E-01 1.536E+00  6.92E-01
1.778E-01 5.927E-01 1.596E+00  6.74E-01
1.679E-01 5.641E-01 1.651E+00  6.64E-01
1.585E-01 5.500E-01 1.689E+00  6.63E-01
1.496E-01 5.690E-01 1.666E+00  6.76E-01
1.413E-01 5.853E-01 1.634E+00  6.89E-01
1.334E-01 5.856E-01 1.620E+00  6.95E-01
1.259E-01 5.775E-01 1.615E+00  6.97E-01
1.189E-01 5.516E-01 1.628E+00  6.92E-01
1.122E-01 5.350E-01 1.628E+00  6.93E-01
1.059E-01 5.531E-01 1.592E+00  7.08E-01
1.000E-01 5.778E-01 1.553E+00  7.26E-01
9.441E-02 5.948E-01 1.525E+00  7.39E-01
8.913E-02 6.156E-01 1.495E+00  7.55E-01
8.414E-02 6.355E-01 1.467E+00  7.70E-01
7.943E-02 6.544E-01 1.440E+00  7.85E-01
7.499E-02 6.728E-01 1.415E+00  8.00E-01
7.079E-02 6.903E-01 1.391E+00  8.15E-01
6.683E-02 7.070E-01 1.369E+00  8.29E-01
6.310E-02 7.230E-01 1.348E+00  8.43E-01
5.957E-02 7.383E-01 1.328E+00  8.57E-01
5.623E-02 7.528E-01 1.309E+00  8.70E-01
5.309E-02 7.666E-01 1.291E+00  8.82E-01
5.012E-02 7.795E-01 1.274E+00  8.94E-01
4.732E-02 7.918E-01 1.258E+00  9.05E-01
4.467E-02 8.032E-01 1.243E+00  9.15E-01
4.217E-02 8.140E-01 1.229E+00  9.24E-01
3.981E-02 8.240E-01 1.216E+00  9.32E-01
3.758E-02 8.336E-01 1.204E+00  9.40E-01
3.548E-02 8.428E-01 1.192E+00  9.47E-01
3.350E-02 8.515E-01 1.181E+00  9.53E-01
3.162E-02 8.599E-01 1.170E+00  9.59E-01
2.985E-02 8.679E-01 1.159E+00  9.64E-01
2.818E-02 8.756E-01 1.149E+00  9.68E-01
2.661E-02 8.832E-01 1.140E+00  9.72E-01
2.512E-02 8.905E-01 1.130E+00  9.76E-01
2.371E-02 8.976E-01 1.121E+00  9.79E-01
2.239E-02 9.044E-01 1.113E+00  9.82E-01
2.113E-02 9.110E-01 1.104E+00  9.85E-01
1.995E-02 9.173E-01 1.096E+00  9.87E-01
1.884E-02 9.234E-01 1.088E+00  9.89E-01
1.778E-02 9.294E-01 1.080E+00  9.91E-01
1.679E-02 9.351E-01 1.073E+00  9.93E-01
1.585E-02 9.406E-01 1.066E+00  9.94E-01
1.496E-02 9.461E-01 1.059E+00  9.95E-01
1.413E-02 9.515E-01 1.052E+00  9.96E-01
1.334E-02 9.569E-01 1.044E+00  9.97E-01
1.259E-02 9.626E-01 1.035E+00  9.98E-01
1.189E-02 9.687E-01 1.025E+00  9.99E-01
1.122E-02 9.793E-01 1.014E+00  1.00E+00
1.059E-02 9.996E-01 1.010E+00  9.99E-01
1.000E-02 9.896E-01 1.013E+00  9.99E-01
9.441E-03 9.862E-01 1.016E+00  9.99E-01
8.913E-03 9.849E-01 1.017E+00  9.99E-01
8.414E-03 9.845E-01 1.016E+00  9.99E-01
7.943E-03 9.847E-01 1.015E+00  9.99E-01
7.499E-03 9.865E-01 1.012E+00  9.99E-01
7.079E-03 9.864E-01 1.014E+00  9.99E-01
6.683E-03 9.867E-01 1.013E+00  9.99E-01
6.310E-03 9.868E-01 1.013E+00  9.99E-01
5.957E-03 9.871E-01 1.013E+00  9.99E-01
5.623E-03 9.873E-01 1.013E+00  1.00E+00
5.309E-03 9.874E-01 1.013E+00  1.00E+00
5.012E-03 9.875E-01 1.013E+00  1.00E+00
4.732E-03 9.876E-01 1.012E+00  1.00E+00
4.467E-03 9.886E-01 1.011E+00  1.00E+00
4.217E-03 9.907E-01 1.009E+00  1.00E+00
3.981E-03 9.897E-01 1.010E+00  1.00E+00
3.758E-03 9.887E-01 1.011E+00  1.00E+00
3.548E-03 9.875E-01 1.012E+00  1.00E+00
3.350E-03 9.861E-01 1.014E+00  1.00E+00
3.162E-03 9.844E-01 1.016E+00  1.00E+00
2.985E-03 9.821E-01 1.018E+00  1.00E+00
2.818E-03 9.790E-01 1.021E+00  1.00E+00
2.661E-03 9.748E-01 1.025E+00  9.99E-01
2.512E-03 9.692E-01 1.031E+00  9.99E-01
2.371E-03 9.618E-01 1.038E+00  1.00E+00
2.239E-03 9.519E-01 1.048E+00  1.00E+00
2.113E-03 9.385E-01 1.061E+00  1.00E+00
1.995E-03 9.210E-01 1.079E+00  1.00E+00
1.884E-03 8.986E-01 1.101E+00  1.00E+00
1.778E-03 8.708E-01 1.129E+00  1.00E+00
1.679E-03 8.374E-01 1.162E+00  1.00E+00
1.585E-03 7.988E-01 1.200E+00  1.00E+00
1.496E-03 7.554E-01 1.243E+00  1.00E+00
1.413E-03 7.080E-01 1.290E+00  1.00E+00
1.334E-03 6.577E-01 1.340E+00  1.00E+00
1.259E-03 6.061E-01 1.391E+00  1.00E+00
1.189E-03 5.546E-01 1.441E+00  1.00E+00
1.122E-03 5.019E-01 1.493E+00  1.00E+00
1.059E-03 4.514E-01 1.542E+00  1.00E+00
