w(micron)  Q_abs     Q_sca     g=<cos>
1.000E+03 3.234E-07 3.751E-15  0.00E+00
9.441E+02 3.629E-07 4.723E-15  0.00E+00
8.913E+02 4.071E-07 5.945E-15  0.00E+00
8.414E+02 4.568E-07 7.485E-15  0.00E+00
7.943E+02 5.125E-07 9.423E-15  0.00E+00
7.499E+02 5.751E-07 1.186E-14  0.00E+00
7.079E+02 6.453E-07 1.493E-14  0.00E+00
6.683E+02 7.240E-07 1.880E-14  0.00E+00
6.310E+02 8.123E-07 2.367E-14  0.00E+00
5.957E+02 9.114E-07 2.980E-14  0.00E+00
5.623E+02 1.023E-06 3.751E-14  0.00E+00
5.309E+02 1.147E-06 4.723E-14  0.00E+00
5.012E+02 1.287E-06 5.945E-14  0.00E+00
4.732E+02 1.444E-06 7.485E-14  0.00E+00
4.467E+02 1.621E-06 9.423E-14  0.00E+00
4.217E+02 1.818E-06 1.186E-13  0.00E+00
3.981E+02 2.040E-06 1.493E-13  0.00E+00
3.758E+02 2.289E-06 1.880E-13  0.00E+00
3.548E+02 2.568E-06 2.367E-13  0.00E+00
3.350E+02 2.881E-06 2.980E-13  0.00E+00
3.162E+02 3.233E-06 3.751E-13  0.00E+00
2.985E+02 3.627E-06 4.723E-13  0.00E+00
2.818E+02 4.068E-06 5.946E-13  0.00E+00
2.661E+02 4.564E-06 7.487E-13  0.00E+00
2.512E+02 5.120E-06 9.426E-13  0.00E+00
2.371E+02 5.743E-06 1.187E-12  0.00E+00
2.239E+02 6.443E-06 1.494E-12  0.00E+00
2.113E+02 7.227E-06 1.881E-12  5.12E-07
1.995E+02 8.108E-06 2.368E-12  5.74E-07
1.884E+02 9.097E-06 2.981E-12  6.44E-07
1.778E+02 1.020E-05 3.753E-12  7.23E-07
1.679E+02 1.144E-05 4.725E-12  8.11E-07
1.585E+02 1.283E-05 5.949E-12  9.10E-07
1.496E+02 1.438E-05 7.491E-12  1.02E-06
1.413E+02 1.613E-05 9.432E-12  1.15E-06
1.334E+02 1.809E-05 1.188E-11  1.29E-06
1.259E+02 2.029E-05 1.495E-11  1.44E-06
1.189E+02 2.275E-05 1.882E-11  1.62E-06
1.122E+02 2.550E-05 2.370E-11  1.82E-06
1.059E+02 2.859E-05 2.985E-11  2.04E-06
1.000E+02 3.204E-05 3.758E-11  2.29E-06
9.441E+01 3.590E-05 4.733E-11  2.57E-06
8.913E+01 4.023E-05 5.960E-11  2.89E-06
8.414E+01 4.507E-05 7.506E-11  3.24E-06
7.943E+01 5.048E-05 9.452E-11  3.64E-06
7.499E+01 5.654E-05 1.190E-10  4.08E-06
7.079E+01 6.331E-05 1.499E-10  4.58E-06
6.683E+01 7.087E-05 1.889E-10  5.14E-06
6.310E+01 7.932E-05 2.379E-10  5.78E-06
5.957E+01 8.874E-05 2.997E-10  6.49E-06
5.623E+01 9.925E-05 3.776E-10  7.29E-06
5.309E+01 1.110E-04 4.759E-10  8.19E-06
5.012E+01 1.240E-04 5.997E-10  9.20E-06
4.732E+01 1.386E-04 7.559E-10  1.03E-05
4.467E+01 1.548E-04 9.529E-10  1.16E-05
4.217E+01 1.728E-04 1.202E-09  1.31E-05
3.981E+01 1.928E-04 1.515E-09  1.47E-05
3.758E+01 2.151E-04 1.912E-09  1.65E-05
3.548E+01 2.398E-04 2.412E-09  1.86E-05
3.350E+01 2.673E-04 3.046E-09  2.10E-05
3.162E+01 2.978E-04 3.847E-09  2.36E-05
2.985E+01 3.317E-04 4.862E-09  2.66E-05
2.818E+01 3.696E-04 6.148E-09  3.01E-05
2.661E+01 4.118E-04 7.780E-09  3.40E-05
2.512E+01 4.593E-04 9.856E-09  3.85E-05
2.371E+01 5.127E-04 1.250E-08  4.37E-05
2.239E+01 5.738E-04 1.588E-08  4.96E-05
2.113E+01 6.445E-04 2.022E-08  5.67E-05
1.995E+01 7.280E-04 2.580E-08  6.49E-05
1.884E+01 8.296E-04 3.303E-08  7.49E-05
1.778E+01 9.582E-04 4.247E-08  8.71E-05
1.679E+01 1.127E-03 5.494E-08  1.03E-04
1.585E+01 1.375E-03 7.168E-08  1.23E-04
1.496E+01 1.733E-03 9.453E-08  1.52E-04
1.413E+01 2.347E-03 1.270E-07  1.96E-04
1.334E+01 3.510E-03 1.755E-07  2.54E-04
1.259E+01 6.079E-03 2.547E-07  9.11E-05
1.189E+01 1.311E-02 4.031E-07 -6.53E-05
1.122E+01 3.867E-02 7.204E-07 -1.19E-05
1.059E+01 8.510E-02 7.523E-07  3.65E-05
1.000E+01 4.086E-02 1.711E-07  7.58E-05
9.441E+00 1.911E-02 1.233E-07  1.07E-04
8.913E+00 1.167E-02 1.937E-07  1.37E-04
8.414E+00 8.477E-03 2.967E-07  1.68E-04
7.943E+00 6.811E-03 4.254E-07  1.99E-04
7.499E+00 5.811E-03 5.856E-07  2.33E-04
7.079E+00 5.196E-03 7.847E-07  2.70E-04
6.683E+00 4.783E-03 1.034E-06  3.10E-04
6.310E+00 4.497E-03 1.347E-06  3.55E-04
5.957E+00 4.287E-03 1.741E-06  4.04E-04
5.623E+00 4.116E-03 2.238E-06  4.59E-04
5.309E+00 3.981E-03 2.867E-06  5.20E-04
5.012E+00 3.872E-03 3.659E-06  5.89E-04
4.732E+00 3.775E-03 4.660E-06  6.65E-04
4.467E+00 3.684E-03 5.927E-06  7.51E-04
4.217E+00 3.602E-03 7.521E-06  8.47E-04
3.981E+00 3.522E-03 9.532E-06  9.55E-04
3.758E+00 3.440E-03 1.208E-05  1.08E-03
3.548E+00 3.357E-03 1.529E-05  1.21E-03
3.350E+00 3.272E-03 1.934E-05  1.36E-03
3.162E+00 3.184E-03 2.445E-05  1.53E-03
2.985E+00 3.092E-03 3.091E-05  1.72E-03
2.818E+00 2.994E-03 3.906E-05  1.94E-03
2.661E+00 2.895E-03 4.935E-05  2.18E-03
2.512E+00 2.789E-03 6.234E-05  2.45E-03
2.371E+00 2.686E-03 7.871E-05  2.76E-03
2.239E+00 2.575E-03 9.939E-05  3.10E-03
2.113E+00 2.457E-03 1.255E-04  3.48E-03
1.995E+00 2.338E-03 1.585E-04  3.91E-03
1.884E+00 2.218E-03 2.003E-04  4.39E-03
1.778E+00 2.100E-03 2.530E-04  4.94E-03
1.679E+00 1.982E-03 3.197E-04  5.55E-03
1.585E+00 1.864E-03 4.039E-04  6.24E-03
1.496E+00 1.749E-03 5.103E-04  7.01E-03
1.413E+00 1.634E-03 6.449E-04  7.87E-03
1.334E+00 1.525E-03 8.152E-04  8.85E-03
1.259E+00 1.417E-03 1.031E-03  9.94E-03
1.189E+00 1.315E-03 1.304E-03  1.12E-02
1.122E+00 1.217E-03 1.651E-03  1.26E-02
1.059E+00 1.123E-03 2.090E-03  1.41E-02
1.000E+00 1.035E-03 2.648E-03  1.59E-02
9.441E-01 9.521E-04 3.357E-03  1.79E-02
8.913E-01 8.741E-04 4.259E-03  2.01E-02
8.414E-01 8.019E-04 5.406E-03  2.26E-02
7.943E-01 7.347E-04 6.871E-03  2.54E-02
7.499E-01 6.724E-04 8.742E-03  2.86E-02
7.079E-01 6.153E-04 1.113E-02  3.23E-02
6.683E-01 5.628E-04 1.420E-02  3.64E-02
6.310E-01 5.152E-04 1.814E-02  4.10E-02
5.957E-01 4.721E-04 2.322E-02  4.63E-02
5.623E-01 4.316E-04 2.979E-02  5.23E-02
5.309E-01 3.956E-04 3.828E-02  5.92E-02
5.012E-01 3.637E-04 4.933E-02  6.71E-02
4.732E-01 3.350E-04 6.379E-02  7.63E-02
4.467E-01 3.095E-04 8.280E-02  8.69E-02
4.217E-01 2.836E-04 1.079E-01  9.94E-02
3.981E-01 4.015E-04 1.415E-01  1.14E-01
3.758E-01 1.126E-03 1.864E-01  1.32E-01
3.548E-01 2.726E-03 2.476E-01  1.54E-01
3.350E-01 3.922E-03 3.312E-01  1.82E-01
3.162E-01 9.502E-03 4.499E-01  2.19E-01
2.985E-01 1.895E-02 6.246E-01  2.71E-01
2.818E-01 6.030E-02 9.032E-01  3.49E-01
2.661E-01 2.458E-01 1.450E+00  4.58E-01
2.512E-01 1.195E+00 3.142E+00  4.78E-01
2.371E-01 1.524E+00 4.058E+00  1.07E-01
2.239E-01 1.127E+00 3.406E+00  1.17E-02
2.113E-01 1.958E+00 1.985E+00  1.32E-01
1.995E-01 1.517E+00 1.341E+00  1.08E-01
1.884E-01 1.322E+00 1.709E+00  1.26E-01
1.778E-01 1.173E+00 1.861E+00  1.46E-01
1.679E-01 1.091E+00 1.961E+00  1.85E-01
1.585E-01 1.108E+00 2.033E+00  2.48E-01
1.496E-01 1.274E+00 2.017E+00  3.36E-01
1.413E-01 1.406E+00 1.994E+00  4.09E-01
1.334E-01 1.484E+00 2.014E+00  4.61E-01
1.259E-01 1.493E+00 2.037E+00  4.91E-01
1.189E-01 1.472E+00 2.077E+00  5.07E-01
1.122E-01 1.480E+00 2.039E+00  5.28E-01
1.059E-01 1.497E+00 1.870E+00  5.62E-01
1.000E-01 1.444E+00 1.706E+00  5.89E-01
9.441E-02 1.369E+00 1.600E+00  6.10E-01
8.913E-02 1.291E+00 1.494E+00  6.29E-01
8.414E-02 1.221E+00 1.406E+00  6.48E-01
7.943E-02 1.159E+00 1.332E+00  6.67E-01
7.499E-02 1.107E+00 1.269E+00  6.87E-01
7.079E-02 1.062E+00 1.216E+00  7.07E-01
6.683E-02 1.022E+00 1.170E+00  7.27E-01
6.310E-02 9.879E-01 1.130E+00  7.48E-01
5.957E-02 9.574E-01 1.095E+00  7.68E-01
5.623E-02 9.301E-01 1.065E+00  7.87E-01
5.309E-02 9.052E-01 1.039E+00  8.06E-01
5.012E-02 8.821E-01 1.016E+00  8.24E-01
4.732E-02 8.606E-01 9.962E-01  8.41E-01
4.467E-02 8.402E-01 9.789E-01  8.57E-01
4.217E-02 8.206E-01 9.635E-01  8.72E-01
3.981E-02 8.015E-01 9.498E-01  8.85E-01
3.758E-02 7.825E-01 9.372E-01  8.97E-01
3.548E-02 7.640E-01 9.247E-01  9.08E-01
3.350E-02 7.456E-01 9.120E-01  9.19E-01
3.162E-02 7.270E-01 8.989E-01  9.28E-01
2.985E-02 7.079E-01 8.846E-01  9.36E-01
2.818E-02 6.884E-01 8.689E-01  9.43E-01
2.661E-02 6.685E-01 8.502E-01  9.49E-01
2.512E-02 6.475E-01 8.291E-01  9.55E-01
2.371E-02 6.261E-01 8.042E-01  9.60E-01
2.239E-02 6.036E-01 7.761E-01  9.65E-01
2.113E-02 5.802E-01 7.440E-01  9.69E-01
1.995E-02 5.561E-01 7.084E-01  9.72E-01
1.884E-02 5.307E-01 6.684E-01  9.75E-01
1.778E-02 5.048E-01 6.245E-01  9.78E-01
1.679E-02 4.783E-01 5.770E-01  9.80E-01
1.585E-02 4.516E-01 5.255E-01  9.83E-01
1.496E-02 4.246E-01 4.700E-01  9.84E-01
1.413E-02 3.977E-01 4.104E-01  9.86E-01
1.334E-02 3.709E-01 3.458E-01  9.88E-01
1.259E-02 3.449E-01 2.755E-01  9.89E-01
1.189E-02 3.192E-01 1.986E-01  9.90E-01
1.122E-02 2.955E-01 9.002E-02  9.91E-01
1.059E-02 7.593E-01 3.028E-01  9.91E-01
1.000E-02 7.235E-01 3.027E-01  9.92E-01
9.441E-03 6.978E-01 3.295E-01  9.93E-01
8.913E-03 6.717E-01 3.371E-01  9.93E-01
8.414E-03 6.438E-01 3.340E-01  9.94E-01
7.943E-03 6.139E-01 3.201E-01  9.95E-01
7.499E-03 5.833E-01 2.764E-01  9.95E-01
7.079E-03 6.362E-01 3.330E-01  9.95E-01
6.683E-03 6.027E-01 3.396E-01  9.96E-01
6.310E-03 5.679E-01 3.349E-01  9.96E-01
5.957E-03 5.324E-01 3.243E-01  9.97E-01
5.623E-03 4.955E-01 3.094E-01  9.97E-01
5.309E-03 4.590E-01 2.900E-01  9.97E-01
5.012E-03 4.226E-01 2.661E-01  9.98E-01
4.732E-03 3.872E-01 2.324E-01  9.98E-01
4.467E-03 3.531E-01 1.595E-01  9.98E-01
4.217E-03 4.479E-01 2.253E-01  9.98E-01
3.981E-03 4.110E-01 2.284E-01  9.98E-01
3.758E-03 3.747E-01 2.221E-01  9.99E-01
3.548E-03 3.398E-01 2.112E-01  9.99E-01
3.350E-03 3.065E-01 1.984E-01  9.99E-01
3.162E-03 2.752E-01 1.846E-01  9.99E-01
2.985E-03 2.466E-01 1.709E-01  9.99E-01
2.818E-03 2.188E-01 1.572E-01  9.99E-01
2.661E-03 1.932E-01 1.435E-01  9.99E-01
2.512E-03 1.703E-01 1.302E-01  9.99E-01
2.371E-03 1.497E-01 1.178E-01  9.99E-01
2.239E-03 1.313E-01 1.063E-01  9.99E-01
2.113E-03 1.146E-01 9.558E-02  1.00E+00
1.995E-03 9.988E-02 8.578E-02  1.00E+00
1.884E-03 8.684E-02 7.679E-02  1.00E+00
1.778E-03 7.529E-02 6.856E-02  1.00E+00
1.679E-03 6.516E-02 6.109E-02  1.00E+00
1.585E-03 5.633E-02 5.436E-02  1.00E+00
1.496E-03 4.861E-02 4.835E-02  1.00E+00
1.413E-03 4.188E-02 4.295E-02  1.00E+00
1.334E-03 3.605E-02 3.805E-02  1.00E+00
1.259E-03 3.102E-02 3.372E-02  1.00E+00
1.189E-03 2.671E-02 2.991E-02  1.00E+00
1.122E-03 2.286E-02 2.639E-02  1.00E+00
1.059E-03 1.957E-02 2.325E-02  1.00E+00
