w(micron)  Q_abs     Q_sca     g=<cos>
1.000E+03 2.187E-06 1.593E-16 0.00E+00
9.441E+02 2.454E-06 2.006E-16 0.00E+00
8.913E+02 2.754E-06 2.525E-16 0.00E+00
8.414E+02 3.090E-06 3.179E-16 0.00E+00
7.943E+02 3.467E-06 4.002E-16 0.00E+00
7.499E+02 3.891E-06 5.038E-16 0.00E+00
7.079E+02 4.366E-06 6.342E-16 0.00E+00
6.683E+02 4.899E-06 7.985E-16 0.00E+00
6.310E+02 5.498E-06 1.005E-15 0.00E+00
5.957E+02 6.169E-06 1.266E-15 0.00E+00
5.623E+02 6.923E-06 1.593E-15 0.00E+00
5.309E+02 7.769E-06 2.006E-15 0.00E+00
5.012E+02 8.719E-06 2.526E-15 0.00E+00
4.732E+02 9.785E-06 3.180E-15 0.00E+00
4.467E+02 1.098E-05 4.004E-15 0.00E+00
4.217E+02 1.233E-05 5.041E-15 0.00E+00
3.981E+02 1.384E-05 6.346E-15 0.00E+00
3.758E+02 1.553E-05 7.989E-15 0.00E+00
3.548E+02 1.744E-05 1.006E-14 0.00E+00
3.350E+02 1.957E-05 1.266E-14 0.00E+00
3.162E+02 2.196E-05 1.595E-14 0.00E+00
2.985E+02 2.466E-05 2.008E-14 0.00E+00
2.818E+02 2.769E-05 2.528E-14 0.00E+00
2.661E+02 3.110E-05 3.183E-14 0.00E+00
2.512E+02 3.494E-05 4.007E-14 0.00E+00
2.371E+02 3.924E-05 5.046E-14 0.00E+00
2.239E+02 4.407E-05 6.353E-14 0.00E+00
2.113E+02 4.950E-05 8.000E-14 0.00E+00
1.995E+02 5.561E-05 1.007E-13 0.00E+00
1.884E+02 6.250E-05 1.269E-13 0.00E+00
1.778E+02 7.025E-05 1.598E-13 0.00E+00
1.679E+02 7.898E-05 2.012E-13 0.00E+00
1.585E+02 8.882E-05 2.533E-13 0.00E+00
1.496E+02 9.991E-05 3.191E-13 0.00E+00
1.413E+02 1.124E-04 4.018E-13 0.00E+00
1.334E+02 1.265E-04 5.061E-13 0.00E+00
1.259E+02 1.424E-04 6.375E-13 0.00E+00
1.189E+02 1.604E-04 8.027E-13 0.00E+00
1.122E+02 1.807E-04 1.011E-12 0.00E+00
1.059E+02 2.036E-04 1.274E-12 0.00E+00
1.000E+02 2.297E-04 1.604E-12 0.00E+00
9.441E+01 2.591E-04 2.021E-12 5.27E-07
8.913E+01 2.925E-04 2.546E-12 5.86E-07
8.414E+01 3.301E-04 3.207E-12 6.51E-07
7.943E+01 3.730E-04 4.040E-12 7.22E-07
7.499E+01 4.216E-04 5.087E-12 7.99E-07
7.079E+01 4.768E-04 6.406E-12 8.83E-07
6.683E+01 5.391E-04 8.067E-12 9.73E-07
6.310E+01 6.101E-04 1.015E-11 1.07E-06
5.957E+01 6.902E-04 1.278E-11 1.18E-06
5.623E+01 7.810E-04 1.607E-11 1.29E-06
5.309E+01 8.826E-04 2.020E-11 1.41E-06
5.012E+01 9.975E-04 2.539E-11 1.53E-06
4.732E+01 1.127E-03 3.188E-11 1.67E-06
4.467E+01 1.271E-03 4.001E-11 1.81E-06
4.217E+01 1.434E-03 5.018E-11 1.96E-06
3.981E+01 1.614E-03 6.279E-11 2.12E-06
3.758E+01 1.814E-03 7.854E-11 2.29E-06
3.548E+01 2.027E-03 9.845E-11 2.48E-06
3.350E+01 2.270E-03 1.234E-10 2.68E-06
3.162E+01 2.556E-03 1.547E-10 2.89E-06
2.985E+01 2.885E-03 1.935E-10 3.10E-06
2.818E+01 3.256E-03 2.412E-10 3.32E-06
2.661E+01 3.682E-03 3.008E-10 3.55E-06
2.512E+01 4.173E-03 3.754E-10 3.79E-06
2.371E+01 4.723E-03 4.641E-10 4.05E-06
2.239E+01 5.364E-03 5.741E-10 4.32E-06
2.113E+01 6.104E-03 7.003E-10 4.59E-06
1.995E+01 6.993E-03 8.451E-10 4.87E-06
1.884E+01 7.790E-03 9.457E-10 5.24E-06
1.778E+01 7.837E-03 9.704E-10 5.91E-06
1.679E+01 7.142E-03 9.773E-10 6.87E-06
1.585E+01 6.108E-03 1.058E-09 8.12E-06
1.496E+01 5.178E-03 1.309E-09 9.70E-06
1.413E+01 4.656E-03 1.879E-09 1.18E-05
1.334E+01 5.554E-03 2.907E-09 1.38E-05
1.259E+01 7.325E-03 4.203E-09 1.49E-05
1.189E+01 9.736E-03 5.816E-09 1.52E-05
1.122E+01 1.266E-02 7.732E-09 1.51E-05
1.059E+01 1.674E-02 1.026E-08 1.47E-05
1.000E+01 2.040E-02 1.154E-08 1.51E-05
9.441E+00 2.289E-02 1.177E-08 1.60E-05
8.913E+00 1.710E-02 6.336E-09 1.89E-05
8.414E+00 1.106E-02 3.106E-09 2.24E-05
7.943E+00 5.129E-03 1.378E-09 2.65E-05
7.499E+00 2.272E-03 2.926E-09 3.17E-05
7.079E+00 1.784E-03 6.013E-09 3.72E-05
6.683E+00 1.764E-03 9.610E-09 4.30E-05
6.310E+00 1.751E-03 1.394E-08 4.91E-05
5.957E+00 1.711E-03 1.934E-08 5.59E-05
5.623E+00 1.682E-03 2.624E-08 6.34E-05
5.309E+00 1.680E-03 3.502E-08 7.19E-05
5.012E+00 1.701E-03 4.623E-08 8.13E-05
4.732E+00 1.743E-03 6.039E-08 9.18E-05
4.467E+00 1.798E-03 7.837E-08 1.04E-04
4.217E+00 1.865E-03 1.010E-07 1.17E-04
3.981E+00 1.932E-03 1.297E-07 1.32E-04
3.758E+00 2.000E-03 1.659E-07 1.48E-04
3.548E+00 2.072E-03 2.117E-07 1.67E-04
3.350E+00 2.145E-03 2.693E-07 1.87E-04
3.162E+00 2.212E-03 3.420E-07 2.10E-04
2.985E+00 2.287E-03 4.340E-07 2.37E-04
2.818E+00 2.370E-03 5.503E-07 2.66E-04
2.661E+00 2.460E-03 6.971E-07 2.99E-04
2.512E+00 2.556E-03 8.820E-07 3.35E-04
2.371E+00 2.662E-03 1.115E-06 3.77E-04
2.239E+00 2.774E-03 1.409E-06 4.23E-04
2.113E+00 2.893E-03 1.778E-06 4.75E-04
1.995E+00 3.021E-03 2.243E-06 5.33E-04
1.884E+00 3.158E-03 2.829E-06 5.98E-04
1.778E+00 3.304E-03 3.567E-06 6.71E-04
1.679E+00 3.468E-03 4.496E-06 7.53E-04
1.585E+00 3.643E-03 5.667E-06 8.45E-04
1.496E+00 3.827E-03 7.141E-06 9.49E-04
1.413E+00 4.022E-03 8.994E-06 1.06E-03
1.334E+00 4.228E-03 1.133E-05 1.19E-03
1.259E+00 4.446E-03 1.426E-05 1.34E-03
1.189E+00 4.691E-03 1.796E-05 1.50E-03
1.122E+00 4.952E-03 2.262E-05 1.69E-03
1.059E+00 5.230E-03 2.848E-05 1.89E-03
1.000E+00 5.524E-03 3.586E-05 2.12E-03
9.441E-01 5.840E-03 4.515E-05 2.38E-03
8.913E-01 6.173E-03 5.685E-05 2.67E-03
8.414E-01 6.523E-03 7.162E-05 3.00E-03
7.943E-01 6.894E-03 9.024E-05 3.36E-03
7.499E-01 7.288E-03 1.137E-04 3.77E-03
7.079E-01 7.705E-03 1.433E-04 4.23E-03
6.683E-01 8.146E-03 1.807E-04 4.75E-03
6.310E-01 8.619E-03 2.279E-04 5.33E-03
5.957E-01 9.123E-03 2.876E-04 5.98E-03
5.623E-01 9.658E-03 3.632E-04 6.71E-03
5.309E-01 1.023E-02 4.589E-04 7.54E-03
5.012E-01 1.084E-02 5.803E-04 8.46E-03
4.732E-01 1.148E-02 7.346E-04 9.49E-03
4.467E-01 1.216E-02 9.310E-04 1.07E-02
4.217E-01 1.289E-02 1.181E-03 1.20E-02
3.981E-01 1.365E-02 1.500E-03 1.34E-02
3.758E-01 1.445E-02 1.908E-03 1.51E-02
3.548E-01 1.530E-02 2.431E-03 1.70E-02
3.350E-01 1.619E-02 3.105E-03 1.91E-02
3.162E-01 1.712E-02 3.978E-03 2.15E-02
2.985E-01 1.809E-02 5.111E-03 2.42E-02
2.818E-01 1.911E-02 6.590E-03 2.72E-02
2.661E-01 2.016E-02 8.538E-03 3.07E-02
2.512E-01 2.118E-02 1.114E-02 3.46E-02
2.371E-01 2.224E-02 1.463E-02 3.92E-02
2.239E-01 2.333E-02 1.948E-02 4.45E-02
2.113E-01 2.929E-02 2.642E-02 5.08E-02
1.995E-01 4.373E-02 3.615E-02 5.81E-02
1.884E-01 6.990E-02 4.995E-02 6.69E-02
1.778E-01 1.140E-01 6.977E-02 7.75E-02
1.679E-01 1.906E-01 9.851E-02 9.03E-02
1.585E-01 3.256E-01 1.394E-01 1.05E-01
1.496E-01 5.405E-01 1.897E-01 1.17E-01
1.413E-01 7.596E-01 2.321E-01 1.23E-01
1.334E-01 9.079E-01 2.776E-01 1.32E-01
1.259E-01 1.059E+00 3.363E-01 1.44E-01
1.189E-01 1.214E+00 4.064E-01 1.57E-01
1.122E-01 1.367E+00 4.871E-01 1.71E-01
1.059E-01 1.514E+00 5.784E-01 1.85E-01
1.000E-01 1.621E+00 6.382E-01 1.97E-01
9.441E-02 1.649E+00 6.587E-01 2.18E-01
8.913E-02 1.608E+00 6.192E-01 2.47E-01
8.414E-02 1.612E+00 6.738E-01 2.83E-01
7.943E-02 1.616E+00 7.152E-01 3.17E-01
7.499E-02 1.587E+00 7.299E-01 3.56E-01
7.079E-02 1.511E+00 7.209E-01 3.94E-01
6.683E-02 1.380E+00 7.034E-01 4.25E-01
6.310E-02 1.152E+00 6.448E-01 4.44E-01
5.957E-02 8.747E-01 4.783E-01 4.65E-01
5.623E-02 8.213E-01 3.372E-01 5.13E-01
5.309E-02 8.062E-01 2.982E-01 5.59E-01
5.012E-02 7.918E-01 2.761E-01 6.01E-01
4.732E-02 7.768E-01 2.628E-01 6.40E-01
4.467E-02 7.610E-01 2.539E-01 6.76E-01
4.217E-02 7.438E-01 2.476E-01 7.08E-01
3.981E-02 7.254E-01 2.424E-01 7.36E-01
3.758E-02 7.057E-01 2.378E-01 7.60E-01
3.548E-02 6.847E-01 2.334E-01 7.81E-01
3.350E-02 6.628E-01 2.289E-01 8.00E-01
3.162E-02 6.400E-01 2.239E-01 8.15E-01
2.985E-02 6.163E-01 2.182E-01 8.29E-01
2.818E-02 5.922E-01 2.116E-01 8.43E-01
2.661E-02 5.682E-01 2.041E-01 8.56E-01
2.512E-02 5.436E-01 1.949E-01 8.70E-01
2.371E-02 5.192E-01 1.834E-01 8.83E-01
2.239E-02 5.085E-01 1.749E-01 8.95E-01
2.113E-02 4.901E-01 1.673E-01 9.03E-01
1.995E-02 4.727E-01 1.556E-01 9.11E-01
1.884E-02 4.868E-01 1.532E-01 9.18E-01
1.778E-02 4.658E-01 1.537E-01 9.26E-01
1.679E-02 4.472E-01 1.485E-01 9.34E-01
1.585E-02 4.294E-01 1.419E-01 9.39E-01
1.496E-02 4.118E-01 1.348E-01 9.44E-01
1.413E-02 3.937E-01 1.261E-01 9.49E-01
1.334E-02 3.906E-01 1.165E-01 9.55E-01
1.259E-02 3.837E-01 1.154E-01 9.58E-01
1.189E-02 3.633E-01 1.115E-01 9.62E-01
1.122E-02 3.428E-01 9.876E-02 9.66E-01
1.059E-02 3.999E-01 9.262E-02 9.69E-01
1.000E-02 3.766E-01 1.072E-01 9.71E-01
9.441E-03 3.539E-01 1.070E-01 9.74E-01
8.913E-03 3.312E-01 1.031E-01 9.76E-01
8.414E-03 3.087E-01 9.776E-02 9.79E-01
7.943E-03 2.867E-01 9.143E-02 9.81E-01
7.499E-03 2.655E-01 8.271E-02 9.82E-01
7.079E-03 2.641E-01 8.215E-02 9.84E-01
6.683E-03 2.435E-01 7.802E-02 9.86E-01
6.310E-03 2.238E-01 7.306E-02 9.87E-01
5.957E-03 2.053E-01 6.793E-02 9.88E-01
5.623E-03 1.873E-01 6.271E-02 9.89E-01
5.309E-03 1.706E-01 5.757E-02 9.90E-01
5.012E-03 1.551E-01 5.265E-02 9.91E-01
4.732E-03 1.406E-01 4.800E-02 9.92E-01
4.467E-03 1.270E-01 4.358E-02 9.93E-01
4.217E-03 1.145E-01 3.941E-02 9.93E-01
3.981E-03 1.029E-01 3.553E-02 9.94E-01
3.758E-03 9.218E-02 3.189E-02 9.95E-01
3.548E-03 8.235E-02 2.848E-02 9.95E-01
3.350E-03 7.336E-02 2.533E-02 9.96E-01
3.162E-03 6.521E-02 2.240E-02 9.96E-01
2.985E-03 5.794E-02 1.975E-02 9.96E-01
2.818E-03 5.108E-02 1.713E-02 9.97E-01
2.661E-03 4.473E-02 1.462E-02 9.97E-01
2.512E-03 3.928E-02 1.191E-02 9.97E-01
2.371E-03 3.445E-02 7.032E-03 9.98E-01
2.239E-03 7.960E-02 9.873E-03 9.98E-01
2.113E-03 7.139E-02 1.012E-02 9.98E-01
1.995E-03 6.352E-02 9.697E-03 9.98E-01
1.884E-03 5.621E-02 8.717E-03 9.98E-01
1.778E-03 4.948E-02 7.461E-03 9.99E-01
1.679E-03 4.336E-02 4.626E-03 9.99E-01
1.585E-03 6.845E-02 7.151E-03 9.99E-01
1.496E-03 6.014E-02 6.686E-03 9.99E-01
1.413E-03 5.846E-02 6.829E-03 9.99E-01
1.334E-03 5.141E-02 6.463E-03 9.99E-01
1.259E-03 4.506E-02 5.957E-03 9.99E-01
1.189E-03 3.939E-02 5.442E-03 9.99E-01
1.122E-03 3.416E-02 4.919E-03 9.99E-01
1.059E-03 2.956E-02 4.407E-03 9.99E-01
