w(micron)  Q_abs     Q_sca     g=<cos>
1.000E+03 1.548E-06 4.002E-17 0.00E+00
9.441E+02 1.737E-06 5.038E-17 0.00E+00
8.913E+02 1.949E-06 6.342E-17 0.00E+00
8.414E+02 2.188E-06 7.984E-17 0.00E+00
7.943E+02 2.455E-06 1.005E-16 0.00E+00
7.499E+02 2.755E-06 1.265E-16 0.00E+00
7.079E+02 3.091E-06 1.593E-16 0.00E+00
6.683E+02 3.469E-06 2.006E-16 0.00E+00
6.310E+02 3.892E-06 2.525E-16 0.00E+00
5.957E+02 4.368E-06 3.179E-16 0.00E+00
5.623E+02 4.901E-06 4.002E-16 0.00E+00
5.309E+02 5.500E-06 5.039E-16 0.00E+00
5.012E+02 6.172E-06 6.344E-16 0.00E+00
4.732E+02 6.928E-06 7.988E-16 0.00E+00
4.467E+02 7.775E-06 1.006E-15 0.00E+00
4.217E+02 8.728E-06 1.266E-15 0.00E+00
3.981E+02 9.796E-06 1.594E-15 0.00E+00
3.758E+02 1.100E-05 2.007E-15 0.00E+00
3.548E+02 1.234E-05 2.527E-15 0.00E+00
3.350E+02 1.385E-05 3.181E-15 0.00E+00
3.162E+02 1.555E-05 4.005E-15 0.00E+00
2.985E+02 1.746E-05 5.043E-15 0.00E+00
2.818E+02 1.961E-05 6.350E-15 0.00E+00
2.661E+02 2.202E-05 7.995E-15 0.00E+00
2.512E+02 2.473E-05 1.007E-14 0.00E+00
2.371E+02 2.778E-05 1.267E-14 0.00E+00
2.239E+02 3.120E-05 1.596E-14 0.00E+00
2.113E+02 3.505E-05 2.009E-14 0.00E+00
1.995E+02 3.937E-05 2.530E-14 0.00E+00
1.884E+02 4.425E-05 3.186E-14 0.00E+00
1.778E+02 4.973E-05 4.013E-14 0.00E+00
1.679E+02 5.592E-05 5.053E-14 0.00E+00
1.585E+02 6.288E-05 6.364E-14 0.00E+00
1.496E+02 7.073E-05 8.014E-14 0.00E+00
1.413E+02 7.957E-05 1.009E-13 0.00E+00
1.334E+02 8.955E-05 1.271E-13 0.00E+00
1.259E+02 1.008E-04 1.601E-13 0.00E+00
1.189E+02 1.136E-04 2.016E-13 0.00E+00
1.122E+02 1.279E-04 2.540E-13 0.00E+00
1.059E+02 1.441E-04 3.200E-13 0.00E+00
1.000E+02 1.626E-04 4.030E-13 0.00E+00
9.441E+01 1.835E-04 5.077E-13 0.00E+00
8.913E+01 2.070E-04 6.395E-13 0.00E+00
8.414E+01 2.337E-04 8.056E-13 0.00E+00
7.943E+01 2.640E-04 1.015E-12 0.00E+00
7.499E+01 2.985E-04 1.278E-12 0.00E+00
7.079E+01 3.376E-04 1.609E-12 0.00E+00
6.683E+01 3.817E-04 2.026E-12 4.87E-07
6.310E+01 4.319E-04 2.550E-12 5.36E-07
5.957E+01 4.886E-04 3.209E-12 5.89E-07
5.623E+01 5.529E-04 4.036E-12 6.45E-07
5.309E+01 6.248E-04 5.075E-12 7.05E-07
5.012E+01 7.062E-04 6.377E-12 7.68E-07
4.732E+01 7.976E-04 8.007E-12 8.35E-07
4.467E+01 9.001E-04 1.005E-11 9.06E-07
4.217E+01 1.015E-03 1.260E-11 9.82E-07
3.981E+01 1.143E-03 1.577E-11 1.06E-06
3.758E+01 1.284E-03 1.973E-11 1.15E-06
3.548E+01 1.435E-03 2.473E-11 1.24E-06
3.350E+01 1.607E-03 3.100E-11 1.35E-06
3.162E+01 1.809E-03 3.885E-11 1.45E-06
2.985E+01 2.042E-03 4.861E-11 1.55E-06
2.818E+01 2.305E-03 6.060E-11 1.67E-06
2.661E+01 2.607E-03 7.556E-11 1.78E-06
2.512E+01 2.954E-03 9.431E-11 1.90E-06
2.371E+01 3.343E-03 1.166E-10 2.03E-06
2.239E+01 3.797E-03 1.442E-10 2.16E-06
2.113E+01 4.321E-03 1.759E-10 2.30E-06
1.995E+01 4.950E-03 2.123E-10 2.44E-06
1.884E+01 5.515E-03 2.375E-10 2.63E-06
1.778E+01 5.548E-03 2.438E-10 2.96E-06
1.679E+01 5.056E-03 2.455E-10 3.44E-06
1.585E+01 4.324E-03 2.658E-10 4.07E-06
1.496E+01 3.666E-03 3.287E-10 4.86E-06
1.413E+01 3.296E-03 4.720E-10 5.91E-06
1.334E+01 3.932E-03 7.303E-10 6.91E-06
1.259E+01 5.186E-03 1.056E-09 7.48E-06
1.189E+01 6.892E-03 1.461E-09 7.63E-06
1.122E+01 8.965E-03 1.942E-09 7.58E-06
1.059E+01 1.185E-02 2.577E-09 7.36E-06
1.000E+01 1.444E-02 2.898E-09 7.54E-06
9.441E+00 1.621E-02 2.955E-09 8.03E-06
8.913E+00 1.211E-02 1.592E-09 9.46E-06
8.414E+00 7.827E-03 7.802E-10 1.12E-05
7.943E+00 3.631E-03 3.461E-10 1.33E-05
7.499E+00 1.608E-03 7.351E-10 1.59E-05
7.079E+00 1.263E-03 1.510E-09 1.87E-05
6.683E+00 1.249E-03 2.414E-09 2.15E-05
6.310E+00 1.240E-03 3.501E-09 2.46E-05
5.957E+00 1.211E-03 4.859E-09 2.80E-05
5.623E+00 1.191E-03 6.591E-09 3.18E-05
5.309E+00 1.189E-03 8.796E-09 3.60E-05
5.012E+00 1.204E-03 1.161E-08 4.08E-05
4.732E+00 1.233E-03 1.517E-08 4.60E-05
4.467E+00 1.272E-03 1.968E-08 5.19E-05
4.217E+00 1.320E-03 2.538E-08 5.85E-05
3.981E+00 1.368E-03 3.257E-08 6.59E-05
3.758E+00 1.415E-03 4.167E-08 7.42E-05
3.548E+00 1.466E-03 5.317E-08 8.35E-05
3.350E+00 1.518E-03 6.765E-08 9.39E-05
3.162E+00 1.566E-03 8.591E-08 1.05E-04
2.985E+00 1.618E-03 1.090E-07 1.19E-04
2.818E+00 1.677E-03 1.382E-07 1.33E-04
2.661E+00 1.740E-03 1.751E-07 1.50E-04
2.512E+00 1.808E-03 2.215E-07 1.68E-04
2.371E+00 1.883E-03 2.800E-07 1.89E-04
2.239E+00 1.962E-03 3.538E-07 2.12E-04
2.113E+00 2.046E-03 4.464E-07 2.38E-04
1.995E+00 2.137E-03 5.633E-07 2.67E-04
1.884E+00 2.233E-03 7.105E-07 3.00E-04
1.778E+00 2.337E-03 8.958E-07 3.36E-04
1.679E+00 2.452E-03 1.129E-06 3.78E-04
1.585E+00 2.575E-03 1.423E-06 4.24E-04
1.496E+00 2.705E-03 1.793E-06 4.76E-04
1.413E+00 2.843E-03 2.258E-06 5.34E-04
1.334E+00 2.987E-03 2.844E-06 5.99E-04
1.259E+00 3.141E-03 3.581E-06 6.72E-04
1.189E+00 3.313E-03 4.509E-06 7.54E-04
1.122E+00 3.496E-03 5.678E-06 8.46E-04
1.059E+00 3.690E-03 7.148E-06 9.49E-04
1.000E+00 3.897E-03 9.000E-06 1.06E-03
9.441E-01 4.118E-03 1.133E-05 1.19E-03
8.913E-01 4.351E-03 1.426E-05 1.34E-03
8.414E-01 4.595E-03 1.797E-05 1.50E-03
7.943E-01 4.853E-03 2.264E-05 1.69E-03
7.499E-01 5.127E-03 2.852E-05 1.89E-03
7.079E-01 5.416E-03 3.594E-05 2.12E-03
6.683E-01 5.721E-03 4.530E-05 2.38E-03
6.310E-01 6.048E-03 5.712E-05 2.68E-03
5.957E-01 6.394E-03 7.207E-05 3.00E-03
5.623E-01 6.761E-03 9.097E-05 3.37E-03
5.309E-01 7.151E-03 1.149E-04 3.78E-03
5.012E-01 7.563E-03 1.452E-04 4.25E-03
4.732E-01 7.999E-03 1.838E-04 4.77E-03
4.467E-01 8.455E-03 2.328E-04 5.35E-03
4.217E-01 8.943E-03 2.951E-04 6.01E-03
3.981E-01 9.452E-03 3.745E-04 6.76E-03
3.758E-01 9.976E-03 4.760E-04 7.59E-03
3.548E-01 1.053E-02 6.062E-04 8.54E-03
3.350E-01 1.110E-02 7.734E-04 9.60E-03
3.162E-01 1.169E-02 9.899E-04 1.08E-02
2.985E-01 1.230E-02 1.270E-03 1.22E-02
2.818E-01 1.293E-02 1.635E-03 1.37E-02
2.661E-01 1.356E-02 2.115E-03 1.55E-02
2.512E-01 1.415E-02 2.753E-03 1.75E-02
2.371E-01 1.474E-02 3.607E-03 1.98E-02
2.239E-01 1.531E-02 4.786E-03 2.24E-02
2.113E-01 1.899E-02 6.464E-03 2.56E-02
1.995E-01 2.797E-02 8.801E-03 2.93E-02
1.884E-01 4.399E-02 1.210E-02 3.37E-02
1.778E-01 7.037E-02 1.681E-02 3.88E-02
1.679E-01 1.152E-01 2.363E-02 4.50E-02
1.585E-01 1.925E-01 3.344E-02 5.17E-02
1.496E-01 3.180E-01 4.615E-02 5.73E-02
1.413E-01 4.584E-01 5.836E-02 6.00E-02
1.334E-01 5.605E-01 7.224E-02 6.42E-02
1.259E-01 6.715E-01 9.139E-02 6.93E-02
1.189E-01 7.986E-01 1.169E-01 7.48E-02
1.122E-01 9.475E-01 1.511E-01 8.04E-02
1.059E-01 1.129E+00 1.981E-01 8.55E-02
1.000E-01 1.338E+00 2.486E-01 8.89E-02
9.441E-02 1.478E+00 2.882E-01 9.55E-02
8.913E-02 1.508E+00 2.938E-01 1.07E-01
8.414E-02 1.559E+00 3.479E-01 1.21E-01
7.943E-02 1.632E+00 4.075E-01 1.35E-01
7.499E-02 1.633E+00 4.452E-01 1.53E-01
7.079E-02 1.551E+00 4.522E-01 1.76E-01
6.683E-02 1.402E+00 4.415E-01 2.03E-01
6.310E-02 1.140E+00 3.888E-01 2.27E-01
5.957E-02 8.096E-01 2.633E-01 2.48E-01
5.623E-02 7.278E-01 1.797E-01 2.80E-01
5.309E-02 7.036E-01 1.596E-01 3.15E-01
5.012E-02 6.840E-01 1.489E-01 3.53E-01
4.732E-02 6.663E-01 1.427E-01 3.93E-01
4.467E-02 6.491E-01 1.386E-01 4.35E-01
4.217E-02 6.317E-01 1.356E-01 4.78E-01
3.981E-02 6.138E-01 1.330E-01 5.21E-01
3.758E-02 5.950E-01 1.304E-01 5.64E-01
3.548E-02 5.753E-01 1.276E-01 6.05E-01
3.350E-02 5.549E-01 1.247E-01 6.44E-01
3.162E-02 5.336E-01 1.214E-01 6.81E-01
2.985E-02 5.114E-01 1.177E-01 7.13E-01
2.818E-02 4.885E-01 1.136E-01 7.42E-01
2.661E-02 4.655E-01 1.090E-01 7.66E-01
2.512E-02 4.418E-01 1.038E-01 7.86E-01
2.371E-02 4.182E-01 9.738E-02 8.03E-01
2.239E-02 4.074E-01 9.310E-02 8.17E-01
2.113E-02 3.902E-01 8.903E-02 8.29E-01
1.995E-02 3.741E-01 8.268E-02 8.43E-01
1.884E-02 3.861E-01 8.201E-02 8.58E-01
1.778E-02 3.674E-01 8.213E-02 8.72E-01
1.679E-02 3.508E-01 7.915E-02 8.86E-01
1.585E-02 3.350E-01 7.546E-02 8.96E-01
1.496E-02 3.195E-01 7.153E-02 9.04E-01
1.413E-02 3.037E-01 6.680E-02 9.11E-01
1.334E-02 3.008E-01 6.185E-02 9.19E-01
1.259E-02 2.948E-01 6.125E-02 9.27E-01
1.189E-02 2.777E-01 5.899E-02 9.35E-01
1.122E-02 2.605E-01 5.206E-02 9.40E-01
1.059E-02 3.076E-01 4.962E-02 9.45E-01
1.000E-02 2.883E-01 5.729E-02 9.50E-01
9.441E-03 2.694E-01 5.693E-02 9.55E-01
8.913E-03 2.507E-01 5.465E-02 9.59E-01
8.414E-03 2.324E-01 5.162E-02 9.62E-01
7.943E-03 2.147E-01 4.807E-02 9.66E-01
7.499E-03 1.979E-01 4.330E-02 9.69E-01
7.079E-03 1.968E-01 4.305E-02 9.71E-01
6.683E-03 1.806E-01 4.073E-02 9.74E-01
6.310E-03 1.653E-01 3.800E-02 9.77E-01
5.957E-03 1.510E-01 3.522E-02 9.79E-01
5.623E-03 1.373E-01 3.240E-02 9.81E-01
5.309E-03 1.246E-01 2.966E-02 9.82E-01
5.012E-03 1.129E-01 2.705E-02 9.84E-01
4.732E-03 1.020E-01 2.460E-02 9.86E-01
4.467E-03 9.196E-02 2.228E-02 9.87E-01
4.217E-03 8.268E-02 2.010E-02 9.88E-01
3.981E-03 7.415E-02 1.809E-02 9.89E-01
3.758E-03 6.631E-02 1.621E-02 9.90E-01
3.548E-03 5.914E-02 1.445E-02 9.91E-01
3.350E-03 5.259E-02 1.283E-02 9.92E-01
3.162E-03 4.668E-02 1.133E-02 9.93E-01
2.985E-03 4.143E-02 9.984E-03 9.93E-01
2.818E-03 3.647E-02 8.646E-03 9.94E-01
2.661E-03 3.191E-02 7.373E-03 9.95E-01
2.512E-03 2.799E-02 6.000E-03 9.95E-01
2.371E-03 2.453E-02 3.540E-03 9.96E-01
2.239E-03 5.713E-02 5.013E-03 9.96E-01
2.113E-03 5.116E-02 5.132E-03 9.96E-01
1.995E-03 4.545E-02 4.911E-03 9.97E-01
1.884E-03 4.017E-02 4.409E-03 9.97E-01
1.778E-03 3.532E-02 3.769E-03 9.97E-01
1.679E-03 3.092E-02 2.334E-03 9.98E-01
1.585E-03 4.902E-02 3.626E-03 9.98E-01
1.496E-03 4.301E-02 3.385E-03 9.98E-01
1.413E-03 4.179E-02 3.457E-03 9.98E-01
1.334E-03 3.671E-02 3.268E-03 9.98E-01
1.259E-03 3.215E-02 3.008E-03 9.99E-01
1.189E-03 2.807E-02 2.746E-03 9.99E-01
1.122E-03 2.432E-02 2.480E-03 9.99E-01
1.059E-03 2.103E-02 2.220E-03 9.99E-01
