w(micron)  Q_abs     Q_sca     g=<cos>
1.000E+03 7.759E-07 2.525E-18 0.00E+00
9.441E+02 8.707E-07 3.179E-18 0.00E+00
8.913E+02 9.770E-07 4.002E-18 0.00E+00
8.414E+02 1.096E-06 5.038E-18 0.00E+00
7.943E+02 1.230E-06 6.342E-18 0.00E+00
7.499E+02 1.381E-06 7.984E-18 0.00E+00
7.079E+02 1.549E-06 1.005E-17 0.00E+00
6.683E+02 1.738E-06 1.266E-17 0.00E+00
6.310E+02 1.951E-06 1.593E-17 0.00E+00
5.957E+02 2.189E-06 2.006E-17 0.00E+00
5.623E+02 2.456E-06 2.525E-17 0.00E+00
5.309E+02 2.757E-06 3.179E-17 0.00E+00
5.012E+02 3.094E-06 4.003E-17 0.00E+00
4.732E+02 3.472E-06 5.040E-17 0.00E+00
4.467E+02 3.897E-06 6.345E-17 0.00E+00
4.217E+02 4.374E-06 7.989E-17 0.00E+00
3.981E+02 4.910E-06 1.006E-16 0.00E+00
3.758E+02 5.511E-06 1.266E-16 0.00E+00
3.548E+02 6.186E-06 1.594E-16 0.00E+00
3.350E+02 6.943E-06 2.007E-16 0.00E+00
3.162E+02 7.793E-06 2.527E-16 0.00E+00
2.985E+02 8.749E-06 3.182E-16 0.00E+00
2.818E+02 9.826E-06 4.006E-16 0.00E+00
2.661E+02 1.104E-05 5.044E-16 0.00E+00
2.512E+02 1.240E-05 6.351E-16 0.00E+00
2.371E+02 1.392E-05 7.997E-16 0.00E+00
2.239E+02 1.564E-05 1.007E-15 0.00E+00
2.113E+02 1.756E-05 1.268E-15 0.00E+00
1.995E+02 1.973E-05 1.597E-15 0.00E+00
1.884E+02 2.218E-05 2.011E-15 0.00E+00
1.778E+02 2.493E-05 2.532E-15 0.00E+00
1.679E+02 2.802E-05 3.188E-15 0.00E+00
1.585E+02 3.151E-05 4.015E-15 0.00E+00
1.496E+02 3.545E-05 5.057E-15 0.00E+00
1.413E+02 3.988E-05 6.369E-15 0.00E+00
1.334E+02 4.488E-05 8.021E-15 0.00E+00
1.259E+02 5.052E-05 1.010E-14 0.00E+00
1.189E+02 5.692E-05 1.272E-14 0.00E+00
1.122E+02 6.411E-05 1.603E-14 0.00E+00
1.059E+02 7.224E-05 2.019E-14 0.00E+00
1.000E+02 8.150E-05 2.543E-14 0.00E+00
9.441E+01 9.195E-05 3.203E-14 0.00E+00
8.913E+01 1.038E-04 4.035E-14 0.00E+00
8.414E+01 1.171E-04 5.083E-14 0.00E+00
7.943E+01 1.323E-04 6.402E-14 0.00E+00
7.499E+01 1.496E-04 8.063E-14 0.00E+00
7.079E+01 1.692E-04 1.015E-13 0.00E+00
6.683E+01 1.913E-04 1.279E-13 0.00E+00
6.310E+01 2.165E-04 1.609E-13 0.00E+00
5.957E+01 2.449E-04 2.025E-13 0.00E+00
5.623E+01 2.771E-04 2.547E-13 0.00E+00
5.309E+01 3.132E-04 3.202E-13 0.00E+00
5.012E+01 3.539E-04 4.023E-13 0.00E+00
4.732E+01 3.997E-04 5.052E-13 0.00E+00
4.467E+01 4.511E-04 6.341E-13 0.00E+00
4.217E+01 5.087E-04 7.953E-13 0.00E+00
3.981E+01 5.727E-04 9.951E-13 0.00E+00
3.758E+01 6.435E-04 1.245E-12 0.00E+00
3.548E+01 7.192E-04 1.560E-12 0.00E+00
3.350E+01 8.053E-04 1.956E-12 3.38E-07
3.162E+01 9.067E-04 2.451E-12 3.63E-07
2.985E+01 1.024E-03 3.067E-12 3.90E-07
2.818E+01 1.155E-03 3.823E-12 4.18E-07
2.661E+01 1.306E-03 4.767E-12 4.47E-07
2.512E+01 1.481E-03 5.950E-12 4.78E-07
2.371E+01 1.676E-03 7.356E-12 5.10E-07
2.239E+01 1.903E-03 9.099E-12 5.44E-07
2.113E+01 2.166E-03 1.110E-11 5.78E-07
1.995E+01 2.481E-03 1.339E-11 6.13E-07
1.884E+01 2.764E-03 1.499E-11 6.60E-07
1.778E+01 2.781E-03 1.538E-11 7.44E-07
1.679E+01 2.534E-03 1.549E-11 8.65E-07
1.585E+01 2.167E-03 1.677E-11 1.02E-06
1.496E+01 1.837E-03 2.074E-11 1.22E-06
1.413E+01 1.652E-03 2.978E-11 1.48E-06
1.334E+01 1.971E-03 4.608E-11 1.74E-06
1.259E+01 2.599E-03 6.661E-11 1.88E-06
1.189E+01 3.454E-03 9.217E-11 1.92E-06
1.122E+01 4.493E-03 1.225E-10 1.90E-06
1.059E+01 5.940E-03 1.626E-10 1.85E-06
1.000E+01 7.237E-03 1.829E-10 1.89E-06
9.441E+00 8.122E-03 1.865E-10 2.02E-06
8.913E+00 6.069E-03 1.004E-10 2.38E-06
8.414E+00 3.923E-03 4.923E-11 2.82E-06
7.943E+00 1.733E-03 2.298E-11 5.94E-06
7.499E+00 8.060E-04 4.638E-11 3.99E-06
7.079E+00 6.330E-04 9.530E-11 4.69E-06
6.683E+00 6.260E-04 1.523E-10 5.41E-06
6.310E+00 6.214E-04 2.209E-10 6.18E-06
5.957E+00 6.069E-04 3.066E-10 7.04E-06
5.623E+00 5.967E-04 4.158E-10 7.99E-06
5.309E+00 5.958E-04 5.550E-10 9.05E-06
5.012E+00 6.033E-04 7.326E-10 1.02E-05
4.732E+00 6.181E-04 9.570E-10 1.16E-05
4.467E+00 6.377E-04 1.242E-09 1.30E-05
4.217E+00 6.615E-04 1.601E-09 1.47E-05
3.981E+00 6.853E-04 2.055E-09 1.66E-05
3.758E+00 7.093E-04 2.629E-09 1.86E-05
3.548E+00 7.348E-04 3.355E-09 2.10E-05
3.350E+00 7.608E-04 4.268E-09 2.36E-05
3.162E+00 7.844E-04 5.420E-09 2.65E-05
2.985E+00 8.109E-04 6.878E-09 2.98E-05
2.818E+00 8.404E-04 8.720E-09 3.35E-05
2.661E+00 8.719E-04 1.105E-08 3.76E-05
2.512E+00 9.060E-04 1.397E-08 4.22E-05
2.371E+00 9.435E-04 1.766E-08 4.74E-05
2.239E+00 9.829E-04 2.232E-08 5.32E-05
2.113E+00 1.025E-03 2.816E-08 5.98E-05
1.995E+00 1.070E-03 3.553E-08 6.71E-05
1.884E+00 1.118E-03 4.482E-08 7.53E-05
1.778E+00 1.170E-03 5.651E-08 8.45E-05
1.679E+00 1.228E-03 7.122E-08 9.49E-05
1.585E+00 1.289E-03 8.976E-08 1.06E-04
1.496E+00 1.354E-03 1.131E-07 1.19E-04
1.413E+00 1.423E-03 1.424E-07 1.34E-04
1.334E+00 1.495E-03 1.794E-07 1.50E-04
1.259E+00 1.571E-03 2.258E-07 1.69E-04
1.189E+00 1.657E-03 2.844E-07 1.89E-04
1.122E+00 1.748E-03 3.580E-07 2.13E-04
1.059E+00 1.845E-03 4.508E-07 2.38E-04
1.000E+00 1.948E-03 5.674E-07 2.68E-04
9.441E-01 2.057E-03 7.143E-07 3.00E-04
8.913E-01 2.173E-03 8.992E-07 3.37E-04
8.414E-01 2.294E-03 1.133E-06 3.78E-04
7.943E-01 2.422E-03 1.427E-06 4.24E-04
7.499E-01 2.557E-03 1.797E-06 4.76E-04
7.079E-01 2.700E-03 2.264E-06 5.34E-04
6.683E-01 2.850E-03 2.854E-06 5.99E-04
6.310E-01 3.011E-03 3.598E-06 6.73E-04
5.957E-01 3.180E-03 4.538E-06 7.55E-04
5.623E-01 3.360E-03 5.727E-06 8.47E-04
5.309E-01 3.550E-03 7.232E-06 9.51E-04
5.012E-01 3.750E-03 9.139E-06 1.07E-03
4.732E-01 3.961E-03 1.156E-05 1.20E-03
4.467E-01 4.181E-03 1.464E-05 1.35E-03
4.217E-01 4.414E-03 1.854E-05 1.51E-03
3.981E-01 4.657E-03 2.352E-05 1.70E-03
3.758E-01 4.904E-03 2.988E-05 1.91E-03
3.548E-01 5.163E-03 3.802E-05 2.15E-03
3.350E-01 5.430E-03 4.848E-05 2.42E-03
3.162E-01 5.699E-03 6.198E-05 2.72E-03
2.985E-01 5.975E-03 7.944E-05 3.07E-03
2.818E-01 6.252E-03 1.021E-04 3.46E-03
2.661E-01 6.525E-03 1.319E-04 3.90E-03
2.512E-01 6.773E-03 1.713E-04 4.41E-03
2.371E-01 7.006E-03 2.240E-04 4.99E-03
2.239E-01 7.221E-03 2.963E-04 5.67E-03
2.113E-01 8.870E-03 3.987E-04 6.47E-03
1.995E-01 1.291E-02 5.404E-04 7.41E-03
1.884E-01 2.002E-02 7.387E-04 8.52E-03
1.778E-01 3.148E-02 1.020E-03 9.82E-03
1.679E-01 5.049E-02 1.423E-03 1.14E-02
1.585E-01 8.258E-02 2.000E-03 1.30E-02
1.496E-01 1.344E-01 2.756E-03 1.44E-02
1.413E-01 1.944E-01 3.515E-03 1.51E-02
1.334E-01 2.382E-01 4.392E-03 1.61E-02
1.259E-01 2.858E-01 5.621E-03 1.74E-02
1.189E-01 3.418E-01 7.313E-03 1.87E-02
1.122E-01 4.108E-01 9.690E-03 2.00E-02
1.059E-01 5.026E-01 1.322E-02 2.10E-02
1.000E-01 6.359E-01 1.787E-02 2.13E-02
9.441E-02 7.615E-01 2.277E-02 2.22E-02
8.913E-02 8.442E-01 2.570E-02 2.40E-02
8.414E-02 9.138E-01 3.286E-02 2.67E-02
7.943E-02 1.066E+00 4.437E-02 2.84E-02
7.499E-02 1.211E+00 5.730E-02 3.06E-02
7.079E-02 1.258E+00 6.686E-02 3.42E-02
6.683E-02 1.199E+00 7.231E-02 3.91E-02
6.310E-02 9.600E-01 6.502E-02 4.56E-02
5.957E-02 6.122E-01 3.989E-02 5.33E-02
5.623E-02 5.103E-01 2.605E-02 6.17E-02
5.309E-02 4.822E-01 2.371E-02 7.05E-02
5.012E-02 4.620E-01 2.292E-02 8.02E-02
4.732E-02 4.452E-01 2.291E-02 9.10E-02
4.467E-02 4.297E-01 2.327E-02 1.03E-01
4.217E-02 4.145E-01 2.382E-02 1.17E-01
3.981E-02 3.992E-01 2.440E-02 1.32E-01
3.758E-02 3.833E-01 2.494E-02 1.49E-01
3.548E-02 3.671E-01 2.538E-02 1.69E-01
3.350E-02 3.505E-01 2.569E-02 1.90E-01
3.162E-02 3.337E-01 2.579E-02 2.15E-01
2.985E-02 3.165E-01 2.567E-02 2.41E-01
2.818E-02 2.993E-01 2.531E-02 2.71E-01
2.661E-02 2.824E-01 2.472E-02 3.03E-01
2.512E-02 2.655E-01 2.380E-02 3.39E-01
2.371E-02 2.490E-01 2.248E-02 3.78E-01
2.239E-02 2.414E-01 2.167E-02 4.20E-01
2.113E-02 2.297E-01 2.078E-02 4.63E-01
1.995E-02 2.186E-01 1.930E-02 5.09E-01
1.884E-02 2.262E-01 1.937E-02 5.57E-01
1.778E-02 2.139E-01 1.941E-02 6.02E-01
1.679E-02 2.027E-01 1.870E-02 6.44E-01
1.585E-02 1.922E-01 1.781E-02 6.84E-01
1.496E-02 1.820E-01 1.687E-02 7.18E-01
1.413E-02 1.716E-01 1.577E-02 7.47E-01
1.334E-02 1.693E-01 1.472E-02 7.69E-01
1.259E-02 1.652E-01 1.473E-02 7.86E-01
1.189E-02 1.544E-01 1.428E-02 7.99E-01
1.122E-02 1.436E-01 1.267E-02 8.11E-01
1.059E-02 1.721E-01 1.244E-02 8.25E-01
1.000E-02 1.603E-01 1.441E-02 8.40E-01
9.441E-03 1.486E-01 1.433E-02 8.57E-01
8.913E-03 1.373E-01 1.373E-02 8.72E-01
8.414E-03 1.264E-01 1.295E-02 8.86E-01
7.943E-03 1.159E-01 1.206E-02 8.95E-01
7.499E-03 1.060E-01 1.087E-02 9.02E-01
7.079E-03 1.053E-01 1.088E-02 9.09E-01
6.683E-03 9.612E-02 1.028E-02 9.18E-01
6.310E-03 8.746E-02 9.578E-03 9.27E-01
5.957E-03 7.950E-02 8.866E-03 9.34E-01
5.623E-03 7.191E-02 8.155E-03 9.39E-01
5.309E-03 6.498E-02 7.463E-03 9.44E-01
5.012E-03 5.864E-02 6.800E-03 9.49E-01
4.732E-03 5.280E-02 6.177E-03 9.55E-01
4.467E-03 4.742E-02 5.595E-03 9.58E-01
4.217E-03 4.251E-02 5.047E-03 9.62E-01
3.981E-03 3.801E-02 4.538E-03 9.66E-01
3.758E-03 3.391E-02 4.065E-03 9.69E-01
3.548E-03 3.017E-02 3.624E-03 9.71E-01
3.350E-03 2.678E-02 3.216E-03 9.74E-01
3.162E-03 2.372E-02 2.840E-03 9.76E-01
2.985E-03 2.102E-02 2.501E-03 9.79E-01
2.818E-03 1.848E-02 2.166E-03 9.81E-01
2.661E-03 1.614E-02 1.847E-03 9.82E-01
2.512E-03 1.414E-02 1.503E-03 9.84E-01
2.371E-03 1.238E-02 8.864E-04 9.86E-01
2.239E-03 2.911E-02 1.270E-03 9.87E-01
2.113E-03 2.602E-02 1.298E-03 9.88E-01
1.995E-03 2.308E-02 1.241E-03 9.89E-01
1.884E-03 2.037E-02 1.113E-03 9.90E-01
1.778E-03 1.788E-02 9.510E-04 9.91E-01
1.679E-03 1.563E-02 5.885E-04 9.92E-01
1.585E-03 2.492E-02 9.198E-04 9.93E-01
1.496E-03 2.182E-02 8.576E-04 9.93E-01
1.413E-03 2.120E-02 8.758E-04 9.94E-01
1.334E-03 1.859E-02 8.268E-04 9.95E-01
1.259E-03 1.626E-02 7.605E-04 9.95E-01
1.189E-03 1.418E-02 6.934E-04 9.96E-01
1.122E-03 1.227E-02 6.257E-04 9.96E-01
1.059E-03 1.060E-02 5.597E-04 9.96E-01
