w(micron)  Q_abs     Q_sca     g=<cos>
1.000E+03 6.179E-04 1.006E-06 3.98E-04
9.441E+02 6.936E-04 1.266E-06 4.46E-04
8.913E+02 7.785E-04 1.594E-06 5.01E-04
8.414E+02 8.739E-04 2.007E-06 5.62E-04
7.943E+02 9.811E-04 2.528E-06 6.30E-04
7.499E+02 1.101E-03 3.182E-06 7.07E-04
7.079E+02 1.237E-03 4.007E-06 7.94E-04
6.683E+02 1.389E-03 5.046E-06 8.90E-04
6.310E+02 1.559E-03 6.353E-06 9.99E-04
5.957E+02 1.751E-03 8.001E-06 1.12E-03
5.623E+02 1.967E-03 1.007E-05 1.26E-03
5.309E+02 2.209E-03 1.269E-05 1.41E-03
5.012E+02 2.482E-03 1.598E-05 1.58E-03
4.732E+02 2.789E-03 2.012E-05 1.78E-03
4.467E+02 3.134E-03 2.535E-05 1.99E-03
4.217E+02 3.524E-03 3.192E-05 2.24E-03
3.981E+02 3.962E-03 4.021E-05 2.51E-03
3.758E+02 4.456E-03 5.065E-05 2.81E-03
3.548E+02 5.012E-03 6.380E-05 3.16E-03
3.350E+02 5.639E-03 8.038E-05 3.54E-03
3.162E+02 6.347E-03 1.013E-04 3.97E-03
2.985E+02 7.147E-03 1.276E-04 4.45E-03
2.818E+02 8.054E-03 1.608E-04 5.00E-03
2.661E+02 9.080E-03 2.027E-04 5.60E-03
2.512E+02 1.024E-02 2.555E-04 6.28E-03
2.371E+02 1.156E-02 3.222E-04 7.05E-03
2.239E+02 1.305E-02 4.062E-04 7.90E-03
2.113E+02 1.475E-02 5.124E-04 8.86E-03
1.995E+02 1.668E-02 6.463E-04 9.94E-03
1.884E+02 1.889E-02 8.156E-04 1.11E-02
1.778E+02 2.141E-02 1.029E-03 1.25E-02
1.679E+02 2.429E-02 1.300E-03 1.40E-02
1.585E+02 2.761E-02 1.641E-03 1.57E-02
1.496E+02 3.142E-02 2.074E-03 1.76E-02
1.413E+02 3.581E-02 2.621E-03 1.97E-02
1.334E+02 4.089E-02 3.315E-03 2.20E-02
1.259E+02 4.679E-02 4.194E-03 2.47E-02
1.189E+02 5.367E-02 5.309E-03 2.76E-02
1.122E+02 6.167E-02 6.726E-03 3.08E-02
1.059E+02 7.106E-02 8.527E-03 3.45E-02
1.000E+02 8.214E-02 1.082E-02 3.85E-02
9.441E+01 9.521E-02 1.373E-02 4.29E-02
8.913E+01 1.107E-01 1.745E-02 4.78E-02
8.414E+01 1.291E-01 2.220E-02 5.31E-02
7.943E+01 1.512E-01 2.826E-02 5.90E-02
7.499E+01 1.776E-01 3.602E-02 6.53E-02
7.079E+01 2.093E-01 4.595E-02 7.21E-02
6.683E+01 2.474E-01 5.868E-02 7.94E-02
6.310E+01 2.933E-01 7.497E-02 8.70E-02
5.957E+01 3.483E-01 9.585E-02 9.50E-02
5.623E+01 4.139E-01 1.225E-01 1.03E-01
5.309E+01 4.916E-01 1.566E-01 1.11E-01
5.012E+01 5.830E-01 1.998E-01 1.19E-01
4.732E+01 6.887E-01 2.543E-01 1.27E-01
4.467E+01 8.091E-01 3.222E-01 1.35E-01
4.217E+01 9.425E-01 4.056E-01 1.43E-01
3.981E+01 1.084E+00 5.046E-01 1.50E-01
3.758E+01 1.230E+00 6.199E-01 1.58E-01
3.548E+01 1.375E+00 7.522E-01 1.67E-01
3.350E+01 1.509E+00 8.934E-01 1.76E-01
3.162E+01 1.619E+00 1.031E+00 1.86E-01
2.985E+01 1.697E+00 1.153E+00 1.99E-01
2.818E+01 1.738E+00 1.247E+00 2.15E-01
2.661E+01 1.748E+00 1.310E+00 2.34E-01
2.512E+01 1.734E+00 1.341E+00 2.58E-01
2.371E+01 1.707E+00 1.338E+00 2.88E-01
2.239E+01 1.679E+00 1.316E+00 3.23E-01
2.113E+01 1.658E+00 1.274E+00 3.65E-01
1.995E+01 1.647E+00 1.219E+00 4.12E-01
1.884E+01 1.637E+00 1.134E+00 4.66E-01
1.778E+01 1.609E+00 1.056E+00 5.21E-01
1.679E+01 1.567E+00 1.036E+00 5.71E-01
1.585E+01 1.532E+00 1.119E+00 6.11E-01
1.496E+01 1.531E+00 1.320E+00 6.39E-01
1.413E+01 1.608E+00 1.553E+00 6.62E-01
1.334E+01 1.628E+00 1.497E+00 6.62E-01
1.259E+01 1.577E+00 1.400E+00 6.62E-01
1.189E+01 1.539E+00 1.359E+00 6.72E-01
1.122E+01 1.517E+00 1.335E+00 6.89E-01
1.059E+01 1.493E+00 1.310E+00 7.06E-01
1.000E+01 1.460E+00 1.223E+00 7.29E-01
9.441E+00 1.395E+00 1.107E+00 7.49E-01
8.913E+00 1.281E+00 8.371E-01 7.91E-01
8.414E+00 1.184E+00 6.193E-01 8.30E-01
7.943E+00 9.613E-01 4.972E-01 8.58E-01
7.499E+00 7.332E-01 1.398E+00 8.52E-01
7.079E+00 7.176E-01 2.381E+00 8.39E-01
6.683E+00 7.931E-01 2.734E+00 8.27E-01
6.310E+00 8.226E-01 2.839E+00 8.09E-01
5.957E+00 8.324E-01 2.607E+00 7.82E-01
5.623E+00 8.957E-01 2.400E+00 7.59E-01
5.309E+00 8.417E-01 1.950E+00 7.04E-01
5.012E+00 9.467E-01 1.628E+00 6.68E-01
4.732E+00 8.812E-01 1.335E+00 6.30E-01
4.467E+00 9.670E-01 1.204E+00 6.25E-01
4.217E+00 9.220E-01 1.216E+00 6.84E-01
3.981E+00 9.594E-01 1.368E+00 7.39E-01
3.758E+00 9.612E-01 1.532E+00 8.09E-01
3.548E+00 9.575E-01 1.765E+00 8.34E-01
3.350E+00 9.464E-01 1.804E+00 8.66E-01
3.162E+00 9.429E-01 1.759E+00 8.64E-01
2.985E+00 9.358E-01 1.618E+00 8.57E-01
2.818E+00 9.422E-01 1.434E+00 8.38E-01
2.661E+00 9.421E-01 1.294E+00 8.24E-01
2.512E+00 9.475E-01 1.280E+00 8.30E-01
2.371E+00 9.522E-01 1.387E+00 8.45E-01
2.239E+00 9.595E-01 1.509E+00 8.62E-01
2.113E+00 9.688E-01 1.527E+00 8.74E-01
1.995E+00 9.744E-01 1.417E+00 8.75E-01
1.884E+00 9.734E-01 1.279E+00 8.71E-01
1.778E+00 9.676E-01 1.244E+00 8.75E-01
1.679E+00 9.723E-01 1.322E+00 8.90E-01
1.585E+00 9.816E-01 1.392E+00 9.01E-01
1.496E+00 9.751E-01 1.326E+00 8.98E-01
1.413E+00 9.853E-01 1.226E+00 8.95E-01
1.334E+00 9.840E-01 1.240E+00 8.99E-01
1.259E+00 9.850E-01 1.305E+00 9.10E-01
1.189E+00 9.899E-01 1.259E+00 9.11E-01
1.122E+00 9.917E-01 1.198E+00 9.11E-01
1.059E+00 9.914E-01 1.241E+00 9.17E-01
1.000E+00 9.906E-01 1.238E+00 9.19E-01
9.441E-01 9.915E-01 1.186E+00 9.18E-01
8.913E-01 9.914E-01 1.217E+00 9.23E-01
8.414E-01 9.896E-01 1.198E+00 9.24E-01
7.943E-01 9.875E-01 1.186E+00 9.25E-01
7.499E-01 9.856E-01 1.198E+00 9.27E-01
7.079E-01 9.833E-01 1.175E+00 9.27E-01
6.683E-01 9.807E-01 1.188E+00 9.29E-01
6.310E-01 9.777E-01 1.172E+00 9.29E-01
5.957E-01 9.746E-01 1.177E+00 9.30E-01
5.623E-01 9.713E-01 1.173E+00 9.30E-01
5.309E-01 9.679E-01 1.167E+00 9.30E-01
5.012E-01 9.643E-01 1.171E+00 9.31E-01
4.732E-01 9.608E-01 1.169E+00 9.31E-01
4.467E-01 9.571E-01 1.165E+00 9.31E-01
4.217E-01 9.535E-01 1.164E+00 9.31E-01
3.981E-01 9.499E-01 1.164E+00 9.31E-01
3.758E-01 9.462E-01 1.163E+00 9.30E-01
3.548E-01 9.426E-01 1.163E+00 9.30E-01
3.350E-01 9.389E-01 1.163E+00 9.29E-01
3.162E-01 9.352E-01 1.163E+00 9.29E-01
2.985E-01 9.314E-01 1.163E+00 9.28E-01
2.818E-01 9.275E-01 1.164E+00 9.27E-01
2.661E-01 9.234E-01 1.164E+00 9.26E-01
2.512E-01 9.190E-01 1.165E+00 9.24E-01
2.371E-01 9.142E-01 1.167E+00 9.22E-01
2.239E-01 9.085E-01 1.170E+00 9.19E-01
2.113E-01 9.016E-01 1.174E+00 9.15E-01
1.995E-01 8.940E-01 1.178E+00 9.10E-01
1.884E-01 8.854E-01 1.184E+00 9.05E-01
1.778E-01 8.756E-01 1.192E+00 8.98E-01
1.679E-01 8.641E-01 1.201E+00 8.90E-01
1.585E-01 8.512E-01 1.212E+00 8.81E-01
1.496E-01 8.399E-01 1.222E+00 8.73E-01
1.413E-01 8.372E-01 1.222E+00 8.73E-01
1.334E-01 8.368E-01 1.221E+00 8.75E-01
1.259E-01 8.336E-01 1.222E+00 8.74E-01
1.189E-01 8.284E-01 1.225E+00 8.72E-01
1.122E-01 8.210E-01 1.231E+00 8.68E-01
1.059E-01 8.098E-01 1.241E+00 8.62E-01
1.000E-01 7.982E-01 1.250E+00 8.57E-01
9.441E-02 7.924E-01 1.254E+00 8.56E-01
8.913E-02 7.980E-01 1.246E+00 8.64E-01
8.414E-02 7.940E-01 1.248E+00 8.62E-01
7.943E-02 7.775E-01 1.263E+00 8.54E-01
7.499E-02 7.583E-01 1.280E+00 8.46E-01
7.079E-02 7.435E-01 1.293E+00 8.41E-01
6.683E-02 7.253E-01 1.309E+00 8.36E-01
6.310E-02 7.077E-01 1.324E+00 8.34E-01
5.957E-02 7.339E-01 1.294E+00 8.64E-01
5.623E-02 8.107E-01 1.215E+00 9.14E-01
5.309E-02 8.404E-01 1.184E+00 9.32E-01
5.012E-02 8.594E-01 1.164E+00 9.43E-01
4.732E-02 8.724E-01 1.150E+00 9.51E-01
4.467E-02 8.821E-01 1.139E+00 9.56E-01
4.217E-02 8.897E-01 1.130E+00 9.61E-01
3.981E-02 8.960E-01 1.123E+00 9.65E-01
3.758E-02 9.015E-01 1.116E+00 9.68E-01
3.548E-02 9.064E-01 1.111E+00 9.71E-01
3.350E-02 9.109E-01 1.105E+00 9.74E-01
3.162E-02 9.152E-01 1.100E+00 9.77E-01
2.985E-02 9.194E-01 1.095E+00 9.79E-01
2.818E-02 9.236E-01 1.090E+00 9.81E-01
2.661E-02 9.263E-01 1.074E+00 9.83E-01
2.512E-02 9.309E-01 1.069E+00 9.86E-01
2.371E-02 9.360E-01 1.064E+00 9.88E-01
2.239E-02 9.413E-01 1.059E+00 9.89E-01
2.113E-02 9.453E-01 1.055E+00 9.91E-01
1.995E-02 9.503E-01 1.050E+00 9.92E-01
1.884E-02 9.552E-01 1.045E+00 9.93E-01
1.778E-02 9.559E-01 1.044E+00 9.94E-01
1.679E-02 9.583E-01 1.042E+00 9.94E-01
1.585E-02 9.610E-01 1.039E+00 9.95E-01
1.496E-02 9.637E-01 1.036E+00 9.96E-01
1.413E-02 9.666E-01 1.033E+00 9.96E-01
1.334E-02 9.705E-01 1.030E+00 9.97E-01
1.259E-02 9.720E-01 1.028E+00 9.97E-01
1.189E-02 9.733E-01 1.027E+00 9.98E-01
1.122E-02 9.763E-01 1.024E+00 9.98E-01
1.059E-02 9.817E-01 1.018E+00 9.99E-01
1.000E-02 9.790E-01 1.021E+00 9.98E-01
9.441E-03 9.791E-01 1.021E+00 9.99E-01
8.913E-03 9.800E-01 1.020E+00 9.99E-01
8.414E-03 9.810E-01 1.019E+00 9.99E-01
7.943E-03 9.822E-01 1.018E+00 9.99E-01
7.499E-03 9.838E-01 1.016E+00 9.99E-01
7.079E-03 9.848E-01 1.015E+00 9.99E-01
6.683E-03 9.856E-01 1.014E+00 9.99E-01
6.310E-03 9.865E-01 1.013E+00 9.99E-01
5.957E-03 9.875E-01 1.012E+00 1.00E+00
5.623E-03 9.884E-01 1.012E+00 1.00E+00
5.309E-03 9.891E-01 1.011E+00 1.00E+00
5.012E-03 9.896E-01 1.010E+00 1.00E+00
4.732E-03 9.899E-01 1.010E+00 1.00E+00
4.467E-03 9.901E-01 1.010E+00 1.00E+00
4.217E-03 9.902E-01 1.010E+00 1.00E+00
3.981E-03 9.902E-01 1.010E+00 1.00E+00
3.758E-03 9.902E-01 1.010E+00 1.00E+00
3.548E-03 9.901E-01 1.010E+00 1.00E+00
3.350E-03 9.900E-01 1.010E+00 1.00E+00
3.162E-03 9.898E-01 1.010E+00 1.00E+00
2.985E-03 9.898E-01 1.010E+00 1.00E+00
2.818E-03 9.899E-01 1.010E+00 1.00E+00
2.661E-03 9.899E-01 1.010E+00 1.00E+00
2.512E-03 9.895E-01 1.010E+00 1.00E+00
2.371E-03 9.889E-01 1.011E+00 1.00E+00
2.239E-03 9.972E-01 1.003E+00 1.00E+00
2.113E-03 9.967E-01 1.003E+00 1.00E+00
1.995E-03 9.961E-01 1.004E+00 1.00E+00
1.884E-03 9.955E-01 1.004E+00 1.00E+00
1.778E-03 9.947E-01 1.005E+00 1.00E+00
1.679E-03 9.937E-01 1.006E+00 1.00E+00
1.585E-03 9.974E-01 1.003E+00 1.00E+00
1.496E-03 9.967E-01 1.003E+00 1.00E+00
1.413E-03 9.965E-01 1.003E+00 1.00E+00
1.334E-03 9.956E-01 1.004E+00 1.00E+00
1.259E-03 9.943E-01 1.006E+00 1.00E+00
1.189E-03 9.927E-01 1.007E+00 1.00E+00
1.122E-03 9.903E-01 1.010E+00 1.00E+00
1.059E-03 9.872E-01 1.013E+00 1.00E+00
