w(micron)  Q_abs     Q_sca     g=<cos>
1.000E+03 1.096E-06 1.005E-17 0.00E+00
9.441E+02 1.230E-06 1.265E-17 0.00E+00
8.913E+02 1.380E-06 1.593E-17 0.00E+00
8.414E+02 1.549E-06 2.006E-17 0.00E+00
7.943E+02 1.738E-06 2.525E-17 0.00E+00
7.499E+02 1.950E-06 3.179E-17 0.00E+00
7.079E+02 2.188E-06 4.002E-17 0.00E+00
6.683E+02 2.456E-06 5.038E-17 0.00E+00
6.310E+02 2.755E-06 6.343E-17 0.00E+00
5.957E+02 3.092E-06 7.985E-17 0.00E+00
5.623E+02 3.470E-06 1.005E-16 0.00E+00
5.309E+02 3.894E-06 1.266E-16 0.00E+00
5.012E+02 4.370E-06 1.594E-16 0.00E+00
4.732E+02 4.904E-06 2.006E-16 0.00E+00
4.467E+02 5.505E-06 2.526E-16 0.00E+00
4.217E+02 6.179E-06 3.180E-16 0.00E+00
3.981E+02 6.935E-06 4.004E-16 0.00E+00
3.758E+02 7.785E-06 5.041E-16 0.00E+00
3.548E+02 8.738E-06 6.346E-16 0.00E+00
3.350E+02 9.807E-06 7.991E-16 0.00E+00
3.162E+02 1.101E-05 1.006E-15 0.00E+00
2.985E+02 1.236E-05 1.267E-15 0.00E+00
2.818E+02 1.388E-05 1.595E-15 0.00E+00
2.661E+02 1.559E-05 2.008E-15 0.00E+00
2.512E+02 1.751E-05 2.528E-15 0.00E+00
2.371E+02 1.966E-05 3.184E-15 0.00E+00
2.239E+02 2.209E-05 4.009E-15 0.00E+00
2.113E+02 2.481E-05 5.048E-15 0.00E+00
1.995E+02 2.787E-05 6.356E-15 0.00E+00
1.884E+02 3.132E-05 8.004E-15 0.00E+00
1.778E+02 3.521E-05 1.008E-14 0.00E+00
1.679E+02 3.959E-05 1.269E-14 0.00E+00
1.585E+02 4.452E-05 1.599E-14 0.00E+00
1.496E+02 5.007E-05 2.013E-14 0.00E+00
1.413E+02 5.633E-05 2.535E-14 0.00E+00
1.334E+02 6.339E-05 3.193E-14 0.00E+00
1.259E+02 7.137E-05 4.022E-14 0.00E+00
1.189E+02 8.040E-05 5.065E-14 0.00E+00
1.122E+02 9.056E-05 6.381E-14 0.00E+00
1.059E+02 1.020E-04 8.038E-14 0.00E+00
1.000E+02 1.151E-04 1.012E-13 0.00E+00
9.441E+01 1.299E-04 1.275E-13 0.00E+00
8.913E+01 1.466E-04 1.606E-13 0.00E+00
8.414E+01 1.654E-04 2.024E-13 0.00E+00
7.943E+01 1.869E-04 2.549E-13 0.00E+00
7.499E+01 2.113E-04 3.210E-13 0.00E+00
7.079E+01 2.390E-04 4.042E-13 0.00E+00
6.683E+01 2.702E-04 5.090E-13 0.00E+00
6.310E+01 3.058E-04 6.406E-13 0.00E+00
5.957E+01 3.459E-04 8.061E-13 0.00E+00
5.623E+01 3.914E-04 1.014E-12 0.00E+00
5.309E+01 4.424E-04 1.275E-12 0.00E+00
5.012E+01 4.999E-04 1.602E-12 0.00E+00
4.732E+01 5.646E-04 2.011E-12 4.18E-07
4.467E+01 6.372E-04 2.524E-12 4.54E-07
4.217E+01 7.186E-04 3.166E-12 4.92E-07
3.981E+01 8.090E-04 3.962E-12 5.32E-07
3.758E+01 9.089E-04 4.955E-12 5.75E-07
3.548E+01 1.016E-03 6.212E-12 6.23E-07
3.350E+01 1.137E-03 7.787E-12 6.74E-07
3.162E+01 1.281E-03 9.758E-12 7.26E-07
2.985E+01 1.446E-03 1.221E-11 7.79E-07
2.818E+01 1.632E-03 1.522E-11 8.35E-07
2.661E+01 1.845E-03 1.898E-11 8.93E-07
2.512E+01 2.091E-03 2.369E-11 9.53E-07
2.371E+01 2.367E-03 2.928E-11 1.02E-06
2.239E+01 2.688E-03 3.622E-11 1.08E-06
2.113E+01 3.059E-03 4.419E-11 1.15E-06
1.995E+01 3.505E-03 5.332E-11 1.22E-06
1.884E+01 3.904E-03 5.967E-11 1.32E-06
1.778E+01 3.928E-03 6.123E-11 1.48E-06
1.679E+01 3.579E-03 6.166E-11 1.73E-06
1.585E+01 3.061E-03 6.676E-11 2.04E-06
1.496E+01 2.595E-03 8.257E-11 2.44E-06
1.413E+01 2.334E-03 1.186E-10 2.96E-06
1.334E+01 2.783E-03 1.834E-10 3.47E-06
1.259E+01 3.671E-03 2.652E-10 3.75E-06
1.189E+01 4.879E-03 3.669E-10 3.83E-06
1.122E+01 6.347E-03 4.879E-10 3.80E-06
1.059E+01 8.390E-03 6.473E-10 3.69E-06
1.000E+01 1.022E-02 7.281E-10 3.78E-06
9.441E+00 1.147E-02 7.424E-10 4.03E-06
8.913E+00 8.572E-03 3.998E-10 4.74E-06
8.414E+00 5.541E-03 1.960E-10 5.63E-06
7.943E+00 2.571E-03 8.693E-11 6.66E-06
7.499E+00 1.139E-03 1.846E-10 7.97E-06
7.079E+00 8.941E-04 3.794E-10 9.36E-06
6.683E+00 8.842E-04 6.063E-10 1.08E-05
6.310E+00 8.777E-04 8.793E-10 1.23E-05
5.957E+00 8.573E-04 1.221E-09 1.40E-05
5.623E+00 8.429E-04 1.656E-09 1.59E-05
5.309E+00 8.416E-04 2.209E-09 1.81E-05
5.012E+00 8.522E-04 2.917E-09 2.04E-05
4.732E+00 8.732E-04 3.810E-09 2.31E-05
4.467E+00 9.008E-04 4.944E-09 2.60E-05
4.217E+00 9.344E-04 6.375E-09 2.93E-05
3.981E+00 9.681E-04 8.181E-09 3.30E-05
3.758E+00 1.002E-03 1.047E-08 3.72E-05
3.548E+00 1.038E-03 1.336E-08 4.18E-05
3.350E+00 1.075E-03 1.699E-08 4.70E-05
3.162E+00 1.108E-03 2.158E-08 5.29E-05
2.985E+00 1.146E-03 2.738E-08 5.94E-05
2.818E+00 1.187E-03 3.472E-08 6.68E-05
2.661E+00 1.232E-03 4.397E-08 7.50E-05
2.512E+00 1.280E-03 5.564E-08 8.43E-05
2.371E+00 1.333E-03 7.032E-08 9.46E-05
2.239E+00 1.389E-03 8.886E-08 1.06E-04
2.113E+00 1.448E-03 1.121E-07 1.19E-04
1.995E+00 1.512E-03 1.415E-07 1.34E-04
1.884E+00 1.580E-03 1.785E-07 1.50E-04
1.778E+00 1.653E-03 2.250E-07 1.69E-04
1.679E+00 1.735E-03 2.836E-07 1.89E-04
1.585E+00 1.822E-03 3.574E-07 2.12E-04
1.496E+00 1.914E-03 4.503E-07 2.38E-04
1.413E+00 2.011E-03 5.671E-07 2.67E-04
1.334E+00 2.113E-03 7.142E-07 3.00E-04
1.259E+00 2.221E-03 8.993E-07 3.37E-04
1.189E+00 2.342E-03 1.132E-06 3.78E-04
1.122E+00 2.472E-03 1.426E-06 4.24E-04
1.059E+00 2.608E-03 1.795E-06 4.76E-04
1.000E+00 2.754E-03 2.260E-06 5.34E-04
9.441E-01 2.909E-03 2.844E-06 5.99E-04
8.913E-01 3.073E-03 3.581E-06 6.72E-04
8.414E-01 3.245E-03 4.510E-06 7.54E-04
7.943E-01 3.426E-03 5.682E-06 8.46E-04
7.499E-01 3.618E-03 7.158E-06 9.49E-04
7.079E-01 3.820E-03 9.019E-06 1.07E-03
6.683E-01 4.034E-03 1.137E-05 1.20E-03
6.310E-01 4.262E-03 1.433E-05 1.34E-03
5.957E-01 4.504E-03 1.808E-05 1.51E-03
5.623E-01 4.760E-03 2.282E-05 1.69E-03
5.309E-01 5.030E-03 2.882E-05 1.90E-03
5.012E-01 5.316E-03 3.642E-05 2.13E-03
4.732E-01 5.617E-03 4.606E-05 2.39E-03
4.467E-01 5.932E-03 5.834E-05 2.69E-03
4.217E-01 6.267E-03 7.393E-05 3.02E-03
3.981E-01 6.616E-03 9.379E-05 3.39E-03
3.758E-01 6.972E-03 1.192E-04 3.81E-03
3.548E-01 7.347E-03 1.517E-04 4.29E-03
3.350E-01 7.733E-03 1.934E-04 4.82E-03
3.162E-01 8.127E-03 2.474E-04 5.43E-03
2.985E-01 8.529E-03 3.172E-04 6.11E-03
2.818E-01 8.939E-03 4.080E-04 6.89E-03
2.661E-01 9.344E-03 5.272E-04 7.77E-03
2.512E-01 9.718E-03 6.853E-04 8.78E-03
2.371E-01 1.008E-02 8.966E-04 9.94E-03
2.239E-01 1.041E-02 1.187E-03 1.13E-02
2.113E-01 1.283E-02 1.600E-03 1.29E-02
1.995E-01 1.875E-02 2.172E-03 1.47E-02
1.884E-01 2.923E-02 2.974E-03 1.69E-02
1.778E-01 4.624E-02 4.116E-03 1.95E-02
1.679E-01 7.469E-02 5.760E-03 2.26E-02
1.585E-01 1.232E-01 8.120E-03 2.59E-02
1.496E-01 2.016E-01 1.121E-02 2.87E-02
1.413E-01 2.918E-01 1.427E-02 3.00E-02
1.334E-01 3.579E-01 1.781E-02 3.21E-02
1.259E-01 4.302E-01 2.276E-02 3.46E-02
1.189E-01 5.150E-01 2.953E-02 3.72E-02
1.122E-01 6.186E-01 3.896E-02 3.97E-02
1.059E-01 7.541E-01 5.276E-02 4.19E-02
1.000E-01 9.390E-01 7.004E-02 4.28E-02
9.441E-02 1.099E+00 8.691E-02 4.50E-02
8.913E-02 1.183E+00 9.487E-02 4.93E-02
8.414E-02 1.265E+00 1.188E-01 5.53E-02
7.943E-02 1.418E+00 1.528E-01 5.98E-02
7.499E-02 1.522E+00 1.846E-01 6.58E-02
7.079E-02 1.503E+00 2.018E-01 7.50E-02
6.683E-02 1.376E+00 2.063E-01 8.68E-02
6.310E-02 1.094E+00 1.810E-01 1.01E-01
5.957E-02 7.272E-01 1.147E-01 1.15E-01
5.623E-02 6.265E-01 7.634E-02 1.32E-01
5.309E-02 5.970E-01 6.875E-02 1.50E-01
5.012E-02 5.745E-01 6.539E-02 1.70E-01
4.732E-02 5.551E-01 6.405E-02 1.93E-01
4.467E-02 5.370E-01 6.362E-02 2.18E-01
4.217E-02 5.192E-01 6.355E-02 2.46E-01
3.981E-02 5.013E-01 6.352E-02 2.77E-01
3.758E-02 4.831E-01 6.330E-02 3.10E-01
3.548E-02 4.645E-01 6.282E-02 3.47E-01
3.350E-02 4.457E-01 6.202E-02 3.85E-01
3.162E-02 4.265E-01 6.082E-02 4.26E-01
2.985E-02 4.069E-01 5.920E-02 4.69E-01
2.818E-02 3.871E-01 5.720E-02 5.13E-01
2.661E-02 3.674E-01 5.483E-02 5.57E-01
2.512E-02 3.473E-01 5.196E-02 6.01E-01
2.371E-02 3.274E-01 4.845E-02 6.43E-01
2.239E-02 3.183E-01 4.614E-02 6.82E-01
2.113E-02 3.037E-01 4.392E-02 7.17E-01
1.995E-02 2.898E-01 4.066E-02 7.46E-01
1.884E-02 2.992E-01 4.064E-02 7.69E-01
1.778E-02 2.833E-01 4.082E-02 7.87E-01
1.679E-02 2.690E-01 3.950E-02 8.02E-01
1.585E-02 2.556E-01 3.781E-02 8.14E-01
1.496E-02 2.427E-01 3.594E-02 8.27E-01
1.413E-02 2.298E-01 3.359E-02 8.41E-01
1.334E-02 2.272E-01 3.119E-02 8.57E-01
1.259E-02 2.223E-01 3.096E-02 8.73E-01
1.189E-02 2.085E-01 2.981E-02 8.86E-01
1.122E-02 1.947E-01 2.628E-02 8.96E-01
1.059E-02 2.318E-01 2.542E-02 9.03E-01
1.000E-02 2.164E-01 2.937E-02 9.10E-01
9.441E-03 2.014E-01 2.917E-02 9.19E-01
8.913E-03 1.867E-01 2.794E-02 9.27E-01
8.414E-03 1.723E-01 2.633E-02 9.34E-01
7.943E-03 1.585E-01 2.450E-02 9.39E-01
7.499E-03 1.455E-01 2.204E-02 9.44E-01
7.079E-03 1.447E-01 2.195E-02 9.50E-01
6.683E-03 1.323E-01 2.073E-02 9.55E-01
6.310E-03 1.207E-01 1.932E-02 9.58E-01
5.957E-03 1.100E-01 1.788E-02 9.62E-01
5.623E-03 9.969E-02 1.642E-02 9.66E-01
5.309E-03 9.025E-02 1.501E-02 9.69E-01
5.012E-03 8.159E-02 1.368E-02 9.71E-01
4.732E-03 7.358E-02 1.242E-02 9.74E-01
4.467E-03 6.618E-02 1.124E-02 9.76E-01
4.217E-03 5.940E-02 1.014E-02 9.79E-01
3.981E-03 5.318E-02 9.113E-03 9.81E-01
3.758E-03 4.749E-02 8.160E-03 9.82E-01
3.548E-03 4.230E-02 7.271E-03 9.84E-01
3.350E-03 3.757E-02 6.453E-03 9.86E-01
3.162E-03 3.332E-02 5.695E-03 9.87E-01
2.985E-03 2.954E-02 5.015E-03 9.88E-01
2.818E-03 2.598E-02 4.341E-03 9.89E-01
2.661E-03 2.271E-02 3.700E-03 9.90E-01
2.512E-03 1.991E-02 3.010E-03 9.91E-01
2.371E-03 1.744E-02 1.775E-03 9.92E-01
2.239E-03 4.084E-02 2.530E-03 9.93E-01
2.113E-03 3.653E-02 2.588E-03 9.93E-01
1.995E-03 3.243E-02 2.475E-03 9.94E-01
1.884E-03 2.863E-02 2.220E-03 9.95E-01
1.778E-03 2.515E-02 1.897E-03 9.95E-01
1.679E-03 2.200E-02 1.174E-03 9.96E-01
1.585E-03 3.499E-02 1.830E-03 9.96E-01
1.496E-03 3.067E-02 1.707E-03 9.96E-01
1.413E-03 2.980E-02 1.743E-03 9.97E-01
1.334E-03 2.615E-02 1.646E-03 9.97E-01
1.259E-03 2.288E-02 1.515E-03 9.97E-01
1.189E-03 1.997E-02 1.382E-03 9.98E-01
1.122E-03 1.729E-02 1.247E-03 9.98E-01
1.059E-03 1.494E-02 1.116E-03 9.98E-01
