w(micron)  Q_abs     Q_sca     g=<cos>
1.000E+03 6.916E-05 1.593E-10 5.01E-06
9.441E+02 7.760E-05 2.006E-10 5.62E-06
8.913E+02 8.708E-05 2.525E-10 6.30E-06
8.414E+02 9.772E-05 3.179E-10 7.07E-06
7.943E+02 1.097E-04 4.002E-10 7.93E-06
7.499E+02 1.230E-04 5.038E-10 8.90E-06
7.079E+02 1.381E-04 6.343E-10 9.99E-06
6.683E+02 1.549E-04 7.985E-10 1.12E-05
6.310E+02 1.739E-04 1.005E-09 1.26E-05
5.957E+02 1.951E-04 1.266E-09 1.41E-05
5.623E+02 2.189E-04 1.593E-09 1.58E-05
5.309E+02 2.457E-04 2.006E-09 1.77E-05
5.012E+02 2.757E-04 2.526E-09 1.99E-05
4.732E+02 3.095E-04 3.180E-09 2.23E-05
4.467E+02 3.474E-04 4.004E-09 2.51E-05
4.217E+02 3.899E-04 5.041E-09 2.81E-05
3.981E+02 4.377E-04 6.346E-09 3.15E-05
3.758E+02 4.913E-04 7.990E-09 3.53E-05
3.548E+02 5.515E-04 1.006E-08 3.96E-05
3.350E+02 6.190E-04 1.267E-08 4.45E-05
3.162E+02 6.948E-04 1.595E-08 4.99E-05
2.985E+02 7.800E-04 2.008E-08 5.59E-05
2.818E+02 8.761E-04 2.528E-08 6.27E-05
2.661E+02 9.840E-04 3.183E-08 7.03E-05
2.512E+02 1.105E-03 4.008E-08 7.88E-05
2.371E+02 1.241E-03 5.046E-08 8.83E-05
2.239E+02 1.394E-03 6.354E-08 9.90E-05
2.113E+02 1.567E-03 8.001E-08 1.11E-04
1.995E+02 1.760E-03 1.008E-07 1.24E-04
1.884E+02 1.978E-03 1.269E-07 1.39E-04
1.778E+02 2.224E-03 1.598E-07 1.56E-04
1.679E+02 2.500E-03 2.012E-07 1.75E-04
1.585E+02 2.812E-03 2.534E-07 1.95E-04
1.496E+02 3.164E-03 3.192E-07 2.19E-04
1.413E+02 3.560E-03 4.020E-07 2.45E-04
1.334E+02 4.007E-03 5.063E-07 2.73E-04
1.259E+02 4.512E-03 6.378E-07 3.06E-04
1.189E+02 5.084E-03 8.032E-07 3.41E-04
1.122E+02 5.728E-03 1.012E-06 3.81E-04
1.059E+02 6.456E-03 1.275E-06 4.25E-04
1.000E+02 7.286E-03 1.606E-06 4.73E-04
9.441E+01 8.222E-03 2.023E-06 5.27E-04
8.913E+01 9.283E-03 2.548E-06 5.86E-04
8.414E+01 1.048E-02 3.211E-06 6.51E-04
7.943E+01 1.185E-02 4.045E-06 7.22E-04
7.499E+01 1.340E-02 5.095E-06 7.99E-04
7.079E+01 1.517E-02 6.417E-06 8.83E-04
6.683E+01 1.716E-02 8.082E-06 9.74E-04
6.310E+01 1.943E-02 1.017E-05 1.07E-03
5.957E+01 2.200E-02 1.281E-05 1.18E-03
5.623E+01 2.491E-02 1.611E-05 1.29E-03
5.309E+01 2.817E-02 2.026E-05 1.41E-03
5.012E+01 3.186E-02 2.547E-05 1.53E-03
4.732E+01 3.602E-02 3.199E-05 1.66E-03
4.467E+01 4.069E-02 4.017E-05 1.81E-03
4.217E+01 4.593E-02 5.040E-05 1.96E-03
3.981E+01 5.177E-02 6.310E-05 2.11E-03
3.758E+01 5.823E-02 7.897E-05 2.28E-03
3.548E+01 6.517E-02 9.906E-05 2.47E-03
3.350E+01 7.307E-02 1.243E-04 2.68E-03
3.162E+01 8.239E-02 1.558E-04 2.88E-03
2.985E+01 9.314E-02 1.951E-04 3.09E-03
2.818E+01 1.053E-01 2.434E-04 3.31E-03
2.661E+01 1.192E-01 3.038E-04 3.53E-03
2.512E+01 1.353E-01 3.795E-04 3.77E-03
2.371E+01 1.533E-01 4.695E-04 4.02E-03
2.239E+01 1.744E-01 5.812E-04 4.28E-03
2.113E+01 1.986E-01 7.093E-04 4.56E-03
1.995E+01 2.276E-01 8.560E-04 4.83E-03
1.884E+01 2.532E-01 9.566E-04 5.21E-03
1.778E+01 2.545E-01 9.797E-04 5.88E-03
1.679E+01 2.321E-01 9.856E-04 6.84E-03
1.585E+01 1.992E-01 1.068E-03 8.08E-03
1.496E+01 1.700E-01 1.325E-03 9.65E-03
1.413E+01 1.547E-01 1.913E-03 1.17E-02
1.334E+01 1.871E-01 2.978E-03 1.37E-02
1.259E+01 2.492E-01 4.324E-03 1.48E-02
1.189E+01 3.326E-01 5.996E-03 1.50E-02
1.122E+01 4.321E-01 7.963E-03 1.49E-02
1.059E+01 5.664E-01 1.049E-02 1.45E-02
1.000E+01 6.750E-01 1.156E-02 1.50E-02
9.441E+00 7.338E-01 1.141E-02 1.62E-02
8.913E+00 5.360E-01 5.976E-03 1.92E-02
8.414E+00 3.493E-01 2.932E-03 2.27E-02
7.943E+00 1.652E-01 1.315E-03 2.67E-02
7.499E+00 7.556E-02 2.852E-03 3.17E-02
7.079E+00 6.094E-02 5.944E-03 3.70E-02
6.683E+00 6.158E-02 9.580E-03 4.25E-02
6.310E+00 6.240E-02 1.398E-02 4.85E-02
5.957E+00 6.225E-02 1.952E-02 5.52E-02
5.623E+00 6.259E-02 2.662E-02 6.25E-02
5.309E+00 6.400E-02 3.569E-02 7.08E-02
5.012E+00 6.646E-02 4.732E-02 8.00E-02
4.732E+00 6.995E-02 6.200E-02 9.04E-02
4.467E+00 7.423E-02 8.063E-02 1.02E-01
4.217E+00 7.933E-02 1.040E-01 1.15E-01
3.981E+00 8.481E-02 1.332E-01 1.30E-01
3.758E+00 9.069E-02 1.696E-01 1.47E-01
3.548E+00 9.722E-02 2.145E-01 1.67E-01
3.350E+00 1.043E-01 2.690E-01 1.89E-01
3.162E+00 1.116E-01 3.347E-01 2.16E-01
2.985E+00 1.199E-01 4.128E-01 2.46E-01
2.818E+00 1.296E-01 5.042E-01 2.83E-01
2.661E+00 1.409E-01 6.096E-01 3.26E-01
2.512E+00 1.547E-01 7.305E-01 3.77E-01
2.371E+00 1.722E-01 8.713E-01 4.34E-01
2.239E+00 1.944E-01 1.043E+00 4.95E-01
2.113E+00 2.217E-01 1.260E+00 5.51E-01
1.995E+00 2.517E-01 1.539E+00 5.90E-01
1.884E+00 2.763E-01 1.862E+00 6.03E-01
1.778E+00 2.860E-01 2.157E+00 5.95E-01
1.679E+00 2.827E-01 2.355E+00 5.83E-01
1.585E+00 2.799E-01 2.469E+00 5.82E-01
1.496E+00 2.933E-01 2.585E+00 6.00E-01
1.413E+00 3.334E-01 2.802E+00 6.36E-01
1.334E+00 3.918E-01 3.178E+00 6.79E-01
1.259E+00 4.218E-01 3.540E+00 7.04E-01
1.189E+00 4.070E-01 3.607E+00 7.02E-01
1.122E+00 3.989E-01 3.495E+00 6.84E-01
1.059E+00 4.438E-01 3.500E+00 6.74E-01
1.000E+00 5.272E-01 3.778E+00 6.94E-01
9.441E-01 5.168E-01 3.781E+00 7.14E-01
8.913E-01 4.950E-01 3.399E+00 7.03E-01
8.414E-01 5.680E-01 3.146E+00 6.62E-01
7.943E-01 6.341E-01 3.190E+00 6.64E-01
7.499E-01 5.693E-01 2.754E+00 6.58E-01
7.079E-01 6.382E-01 2.253E+00 6.02E-01
6.683E-01 7.059E-01 2.143E+00 5.88E-01
6.310E-01 6.344E-01 1.749E+00 5.48E-01
5.957E-01 7.810E-01 1.460E+00 4.89E-01
5.623E-01 7.143E-01 1.418E+00 5.28E-01
5.309E-01 7.817E-01 1.242E+00 5.13E-01
5.012E-01 7.677E-01 1.448E+00 6.26E-01
4.732E-01 8.239E-01 1.512E+00 6.95E-01
4.467E-01 8.023E-01 1.846E+00 7.60E-01
4.217E-01 8.035E-01 1.926E+00 8.20E-01
3.981E-01 8.040E-01 2.034E+00 8.34E-01
3.758E-01 8.333E-01 2.006E+00 8.32E-01
3.548E-01 8.058E-01 1.754E+00 8.28E-01
3.350E-01 8.225E-01 1.480E+00 7.93E-01
3.162E-01 8.276E-01 1.324E+00 7.76E-01
2.985E-01 8.263E-01 1.389E+00 7.84E-01
2.818E-01 8.344E-01 1.592E+00 8.16E-01
2.661E-01 8.511E-01 1.688E+00 8.40E-01
2.512E-01 8.771E-01 1.502E+00 8.38E-01
2.371E-01 8.924E-01 1.301E+00 8.27E-01
2.239E-01 8.848E-01 1.468E+00 8.45E-01
2.113E-01 9.445E-01 1.441E+00 8.61E-01
1.995E-01 1.023E+00 1.228E+00 8.76E-01
1.884E-01 1.050E+00 1.257E+00 8.93E-01
1.778E-01 1.041E+00 1.235E+00 8.89E-01
1.679E-01 1.021E+00 1.246E+00 8.83E-01
1.585E-01 9.998E-01 1.258E+00 8.74E-01
1.496E-01 9.823E-01 1.268E+00 8.68E-01
1.413E-01 9.749E-01 1.270E+00 8.69E-01
1.334E-01 9.692E-01 1.268E+00 8.71E-01
1.259E-01 9.606E-01 1.269E+00 8.71E-01
1.189E-01 9.502E-01 1.272E+00 8.69E-01
1.122E-01 9.376E-01 1.279E+00 8.66E-01
1.059E-01 9.213E-01 1.290E+00 8.61E-01
1.000E-01 9.039E-01 1.301E+00 8.56E-01
9.441E-02 8.913E-01 1.305E+00 8.56E-01
8.913E-02 8.889E-01 1.294E+00 8.64E-01
8.414E-02 8.803E-01 1.297E+00 8.63E-01
7.943E-02 8.569E-01 1.313E+00 8.55E-01
7.499E-02 8.285E-01 1.332E+00 8.47E-01
7.079E-02 8.041E-01 1.344E+00 8.43E-01
6.683E-02 7.752E-01 1.360E+00 8.38E-01
6.310E-02 7.453E-01 1.374E+00 8.37E-01
5.957E-02 7.596E-01 1.338E+00 8.66E-01
5.623E-02 8.354E-01 1.246E+00 9.13E-01
5.309E-02 8.646E-01 1.209E+00 9.31E-01
5.012E-02 8.827E-01 1.184E+00 9.42E-01
4.732E-02 8.945E-01 1.167E+00 9.49E-01
4.467E-02 9.028E-01 1.154E+00 9.55E-01
4.217E-02 9.088E-01 1.144E+00 9.60E-01
3.981E-02 9.134E-01 1.135E+00 9.64E-01
3.758E-02 9.171E-01 1.127E+00 9.67E-01
3.548E-02 9.203E-01 1.120E+00 9.70E-01
3.350E-02 9.230E-01 1.113E+00 9.73E-01
3.162E-02 9.256E-01 1.107E+00 9.76E-01
2.985E-02 9.281E-01 1.101E+00 9.78E-01
2.818E-02 9.306E-01 1.095E+00 9.81E-01
2.661E-02 9.332E-01 1.089E+00 9.83E-01
2.512E-02 9.360E-01 1.083E+00 9.85E-01
2.371E-02 9.395E-01 1.076E+00 9.87E-01
2.239E-02 9.442E-01 1.069E+00 9.89E-01
2.113E-02 9.470E-01 1.063E+00 9.90E-01
1.995E-02 9.512E-01 1.056E+00 9.92E-01
1.884E-02 9.571E-01 1.049E+00 9.93E-01
1.778E-02 9.559E-01 1.049E+00 9.93E-01
1.679E-02 9.570E-01 1.046E+00 9.94E-01
1.585E-02 9.585E-01 1.042E+00 9.95E-01
1.496E-02 9.602E-01 1.038E+00 9.95E-01
1.413E-02 9.620E-01 1.034E+00 9.96E-01
1.334E-02 9.662E-01 1.029E+00 9.97E-01
1.259E-02 9.672E-01 1.027E+00 9.97E-01
1.189E-02 9.670E-01 1.026E+00 9.97E-01
1.122E-02 9.691E-01 1.022E+00 9.98E-01
1.059E-02 9.796E-01 1.011E+00 9.98E-01
1.000E-02 9.739E-01 1.018E+00 9.98E-01
9.441E-03 9.724E-01 1.019E+00 9.98E-01
8.913E-03 9.717E-01 1.019E+00 9.98E-01
8.414E-03 9.712E-01 1.019E+00 9.99E-01
7.943E-03 9.708E-01 1.020E+00 9.99E-01
7.499E-03 9.708E-01 1.020E+00 9.99E-01
7.079E-03 9.717E-01 1.020E+00 9.99E-01
6.683E-03 9.704E-01 1.022E+00 9.99E-01
6.310E-03 9.689E-01 1.026E+00 9.99E-01
5.957E-03 9.671E-01 1.031E+00 9.99E-01
5.623E-03 9.645E-01 1.037E+00 1.00E+00
5.309E-03 9.610E-01 1.045E+00 1.00E+00
5.012E-03 9.565E-01 1.053E+00 1.00E+00
4.732E-03 9.506E-01 1.061E+00 1.00E+00
4.467E-03 9.428E-01 1.068E+00 1.00E+00
4.217E-03 9.328E-01 1.073E+00 1.00E+00
3.981E-03 9.202E-01 1.078E+00 1.00E+00
3.758E-03 9.045E-01 1.085E+00 1.00E+00
3.548E-03 8.852E-01 1.102E+00 1.00E+00
3.350E-03 8.621E-01 1.137E+00 1.00E+00
3.162E-03 8.351E-01 1.198E+00 1.00E+00
2.985E-03 8.044E-01 1.188E+00 9.99E-01
2.818E-03 7.686E-01 1.221E+00 9.99E-01
2.661E-03 7.280E-01 1.258E+00 1.00E+00
2.512E-03 6.858E-01 1.293E+00 1.00E+00
2.371E-03 6.418E-01 1.303E+00 1.00E+00
2.239E-03 8.825E-01 1.095E+00 1.00E+00
2.113E-03 8.591E-01 1.118E+00 1.00E+00
1.995E-03 8.310E-01 1.143E+00 1.00E+00
1.884E-03 7.982E-01 1.169E+00 1.00E+00
1.778E-03 7.608E-01 1.195E+00 1.00E+00
1.679E-03 7.194E-01 1.183E+00 1.00E+00
1.585E-03 8.500E-01 1.109E+00 1.00E+00
1.496E-03 8.173E-01 1.134E+00 1.00E+00
1.413E-03 8.096E-01 1.143E+00 1.00E+00
1.334E-03 7.727E-01 1.172E+00 1.00E+00
1.259E-03 7.319E-01 1.202E+00 1.00E+00
1.189E-03 6.879E-01 1.232E+00 1.00E+00
1.122E-03 6.395E-01 1.262E+00 1.00E+00
1.059E-03 5.896E-01 1.288E+00 1.00E+00
