w(micron)  Q_abs     Q_sca     g=<cos>
1.000E+03 3.466E-05 1.005E-11 1.26E-06
9.441E+02 3.889E-05 1.265E-11 1.41E-06
8.913E+02 4.364E-05 1.593E-11 1.58E-06
8.414E+02 4.897E-05 2.006E-11 1.78E-06
7.943E+02 5.495E-05 2.525E-11 1.99E-06
7.499E+02 6.167E-05 3.179E-11 2.24E-06
7.079E+02 6.920E-05 4.002E-11 2.51E-06
6.683E+02 7.765E-05 5.038E-11 2.81E-06
6.310E+02 8.714E-05 6.343E-11 3.16E-06
5.957E+02 9.778E-05 7.986E-11 3.54E-06
5.623E+02 1.097E-04 1.005E-10 3.97E-06
5.309E+02 1.231E-04 1.266E-10 4.46E-06
5.012E+02 1.382E-04 1.594E-10 5.00E-06
4.732E+02 1.551E-04 2.006E-10 5.61E-06
4.467E+02 1.741E-04 2.526E-10 6.29E-06
4.217E+02 1.954E-04 3.181E-10 7.06E-06
3.981E+02 2.193E-04 4.004E-10 7.92E-06
3.758E+02 2.462E-04 5.041E-10 8.88E-06
3.548E+02 2.763E-04 6.347E-10 9.96E-06
3.350E+02 3.102E-04 7.991E-10 1.12E-05
3.162E+02 3.481E-04 1.006E-09 1.25E-05
2.985E+02 3.908E-04 1.267E-09 1.40E-05
2.818E+02 4.390E-04 1.595E-09 1.57E-05
2.661E+02 4.930E-04 2.008E-09 1.77E-05
2.512E+02 5.538E-04 2.528E-09 1.98E-05
2.371E+02 6.219E-04 3.184E-09 2.22E-05
2.239E+02 6.986E-04 4.009E-09 2.49E-05
2.113E+02 7.847E-04 5.048E-09 2.79E-05
1.995E+02 8.816E-04 6.356E-09 3.12E-05
1.884E+02 9.908E-04 8.005E-09 3.50E-05
1.778E+02 1.114E-03 1.008E-08 3.92E-05
1.679E+02 1.252E-03 1.269E-08 4.38E-05
1.585E+02 1.408E-03 1.599E-08 4.91E-05
1.496E+02 1.584E-03 2.013E-08 5.49E-05
1.413E+02 1.782E-03 2.536E-08 6.14E-05
1.334E+02 2.006E-03 3.194E-08 6.87E-05
1.259E+02 2.258E-03 4.023E-08 7.68E-05
1.189E+02 2.544E-03 5.066E-08 8.57E-05
1.122E+02 2.866E-03 6.382E-08 9.57E-05
1.059E+02 3.229E-03 8.039E-08 1.07E-04
1.000E+02 3.643E-03 1.012E-07 1.19E-04
9.441E+01 4.111E-03 1.275E-07 1.32E-04
8.913E+01 4.640E-03 1.607E-07 1.47E-04
8.414E+01 5.237E-03 2.024E-07 1.64E-04
7.943E+01 5.918E-03 2.550E-07 1.81E-04
7.499E+01 6.691E-03 3.211E-07 2.01E-04
7.079E+01 7.568E-03 4.044E-07 2.22E-04
6.683E+01 8.558E-03 5.092E-07 2.45E-04
6.310E+01 9.687E-03 6.409E-07 2.69E-04
5.957E+01 1.096E-02 8.066E-07 2.95E-04
5.623E+01 1.240E-02 1.015E-06 3.23E-04
5.309E+01 1.402E-02 1.276E-06 3.53E-04
5.012E+01 1.585E-02 1.603E-06 3.85E-04
4.732E+01 1.791E-02 2.013E-06 4.18E-04
4.467E+01 2.021E-02 2.527E-06 4.54E-04
4.217E+01 2.280E-02 3.170E-06 4.92E-04
3.981E+01 2.567E-02 3.967E-06 5.32E-04
3.758E+01 2.885E-02 4.962E-06 5.75E-04
3.548E+01 3.226E-02 6.222E-06 6.23E-04
3.350E+01 3.613E-02 7.801E-06 6.74E-04
3.162E+01 4.070E-02 9.776E-06 7.25E-04
2.985E+01 4.597E-02 1.224E-05 7.78E-04
2.818E+01 5.190E-02 1.526E-05 8.33E-04
2.661E+01 5.871E-02 1.903E-05 8.91E-04
2.512E+01 6.657E-02 2.376E-05 9.51E-04
2.371E+01 7.536E-02 2.937E-05 1.02E-03
2.239E+01 8.562E-02 3.634E-05 1.08E-03
2.113E+01 9.746E-02 4.434E-05 1.15E-03
1.995E+01 1.117E-01 5.351E-05 1.22E-03
1.884E+01 1.244E-01 5.986E-05 1.31E-03
1.778E+01 1.251E-01 6.140E-05 1.48E-03
1.679E+01 1.140E-01 6.182E-05 1.72E-03
1.585E+01 9.760E-02 6.694E-05 2.04E-03
1.496E+01 8.288E-02 8.285E-05 2.43E-03
1.413E+01 7.476E-02 1.191E-04 2.95E-03
1.334E+01 8.949E-02 1.846E-04 3.46E-03
1.259E+01 1.184E-01 2.673E-04 3.74E-03
1.189E+01 1.575E-01 3.702E-04 3.81E-03
1.122E+01 2.050E-01 4.923E-04 3.78E-03
1.059E+01 2.706E-01 6.527E-04 3.67E-03
1.000E+01 3.282E-01 7.309E-04 3.77E-03
9.441E+00 3.656E-01 7.397E-04 4.03E-03
8.913E+00 2.713E-01 3.952E-04 4.75E-03
8.414E+00 1.756E-01 1.936E-04 5.65E-03
7.943E+00 8.178E-02 8.603E-05 6.67E-03
7.499E+00 3.651E-02 1.836E-04 7.96E-03
7.079E+00 2.888E-02 3.788E-04 9.33E-03
6.683E+00 2.873E-02 6.068E-04 1.08E-02
6.310E+00 2.868E-02 8.819E-04 1.23E-02
5.957E+00 2.819E-02 1.226E-03 1.40E-02
5.623E+00 2.790E-02 1.667E-03 1.58E-02
5.309E+00 2.806E-02 2.229E-03 1.79E-02
5.012E+00 2.863E-02 2.949E-03 2.03E-02
4.732E+00 2.959E-02 3.861E-03 2.29E-02
4.467E+00 3.082E-02 5.023E-03 2.58E-02
4.217E+00 3.230E-02 6.492E-03 2.90E-02
3.981E+00 3.385E-02 8.354E-03 3.27E-02
3.758E+00 3.547E-02 1.072E-02 3.67E-02
3.548E+00 3.725E-02 1.371E-02 4.13E-02
3.350E+00 3.916E-02 1.750E-02 4.64E-02
3.162E+00 4.104E-02 2.230E-02 5.20E-02
2.985E+00 4.320E-02 2.838E-02 5.84E-02
2.818E+00 4.566E-02 3.610E-02 6.56E-02
2.661E+00 4.841E-02 4.586E-02 7.37E-02
2.512E+00 5.148E-02 5.817E-02 8.27E-02
2.371E+00 5.496E-02 7.365E-02 9.29E-02
2.239E+00 5.882E-02 9.315E-02 1.04E-01
2.113E+00 6.311E-02 1.175E-01 1.17E-01
1.995E+00 6.791E-02 1.478E-01 1.32E-01
1.884E+00 7.325E-02 1.854E-01 1.49E-01
1.778E+00 7.923E-02 2.314E-01 1.69E-01
1.679E+00 8.605E-02 2.874E-01 1.91E-01
1.585E+00 9.371E-02 3.545E-01 2.17E-01
1.496E+00 1.022E-01 4.338E-01 2.48E-01
1.413E+00 1.119E-01 5.258E-01 2.85E-01
1.334E+00 1.232E-01 6.316E-01 3.28E-01
1.259E+00 1.368E-01 7.528E-01 3.78E-01
1.189E+00 1.541E-01 8.944E-01 4.36E-01
1.122E+00 1.761E-01 1.067E+00 4.97E-01
1.059E+00 2.033E-01 1.287E+00 5.52E-01
1.000E+00 2.332E-01 1.569E+00 5.90E-01
9.441E-01 2.582E-01 1.894E+00 6.02E-01
8.913E-01 2.691E-01 2.187E+00 5.94E-01
8.414E-01 2.669E-01 2.382E+00 5.82E-01
7.943E-01 2.651E-01 2.492E+00 5.81E-01
7.499E-01 2.792E-01 2.605E+00 5.98E-01
7.079E-01 3.195E-01 2.825E+00 6.35E-01
6.683E-01 3.781E-01 3.210E+00 6.78E-01
6.310E-01 4.088E-01 3.578E+00 7.03E-01
5.957E-01 3.941E-01 3.638E+00 7.00E-01
5.623E-01 3.871E-01 3.519E+00 6.81E-01
5.309E-01 4.351E-01 3.531E+00 6.70E-01
5.012E-01 5.196E-01 3.828E+00 6.91E-01
4.732E-01 5.029E-01 3.786E+00 7.10E-01
4.467E-01 4.854E-01 3.361E+00 6.92E-01
4.217E-01 5.745E-01 3.125E+00 6.45E-01
3.981E-01 6.173E-01 3.120E+00 6.50E-01
3.758E-01 5.581E-01 2.582E+00 6.33E-01
3.548E-01 6.725E-01 2.104E+00 5.52E-01
3.350E-01 6.655E-01 1.944E+00 5.41E-01
3.162E-01 6.395E-01 1.477E+00 4.75E-01
2.985E-01 7.528E-01 1.349E+00 4.84E-01
2.818E-01 6.911E-01 1.367E+00 5.25E-01
2.661E-01 7.441E-01 1.452E+00 6.41E-01
2.512E-01 7.390E-01 1.774E+00 7.31E-01
2.371E-01 7.262E-01 2.137E+00 7.86E-01
2.239E-01 7.346E-01 2.164E+00 8.14E-01
2.113E-01 8.458E-01 1.749E+00 7.88E-01
1.995E-01 9.701E-01 1.292E+00 7.50E-01
1.884E-01 1.101E+00 1.286E+00 8.18E-01
1.778E-01 1.161E+00 1.330E+00 8.69E-01
1.679E-01 1.153E+00 1.257E+00 8.68E-01
1.585E-01 1.125E+00 1.273E+00 8.62E-01
1.496E-01 1.101E+00 1.284E+00 8.56E-01
1.413E-01 1.089E+00 1.285E+00 8.58E-01
1.334E-01 1.079E+00 1.283E+00 8.61E-01
1.259E-01 1.066E+00 1.284E+00 8.62E-01
1.189E-01 1.052E+00 1.288E+00 8.61E-01
1.122E-01 1.035E+00 1.295E+00 8.59E-01
1.059E-01 1.015E+00 1.308E+00 8.54E-01
1.000E-01 9.944E-01 1.320E+00 8.51E-01
9.441E-02 9.776E-01 1.324E+00 8.51E-01
8.913E-02 9.696E-01 1.311E+00 8.59E-01
8.414E-02 9.576E-01 1.314E+00 8.58E-01
7.943E-02 9.293E-01 1.332E+00 8.51E-01
7.499E-02 8.943E-01 1.352E+00 8.44E-01
7.079E-02 8.619E-01 1.364E+00 8.41E-01
6.683E-02 8.235E-01 1.380E+00 8.36E-01
6.310E-02 7.816E-01 1.392E+00 8.35E-01
5.957E-02 7.833E-01 1.348E+00 8.63E-01
5.623E-02 8.566E-01 1.246E+00 9.10E-01
5.309E-02 8.846E-01 1.204E+00 9.28E-01
5.012E-02 9.014E-01 1.176E+00 9.39E-01
4.732E-02 9.117E-01 1.157E+00 9.47E-01
4.467E-02 9.184E-01 1.143E+00 9.53E-01
4.217E-02 9.227E-01 1.132E+00 9.57E-01
3.981E-02 9.257E-01 1.122E+00 9.62E-01
3.758E-02 9.277E-01 1.114E+00 9.65E-01
3.548E-02 9.291E-01 1.107E+00 9.68E-01
3.350E-02 9.301E-01 1.100E+00 9.71E-01
3.162E-02 9.309E-01 1.093E+00 9.74E-01
2.985E-02 9.317E-01 1.087E+00 9.77E-01
2.818E-02 9.325E-01 1.081E+00 9.79E-01
2.661E-02 9.334E-01 1.075E+00 9.81E-01
2.512E-02 9.347E-01 1.068E+00 9.84E-01
2.371E-02 9.366E-01 1.061E+00 9.86E-01
2.239E-02 9.406E-01 1.053E+00 9.88E-01
2.113E-02 9.421E-01 1.048E+00 9.89E-01
1.995E-02 9.453E-01 1.041E+00 9.91E-01
1.884E-02 9.522E-01 1.033E+00 9.92E-01
1.778E-02 9.494E-01 1.034E+00 9.93E-01
1.679E-02 9.492E-01 1.033E+00 9.93E-01
1.585E-02 9.496E-01 1.031E+00 9.94E-01
1.496E-02 9.501E-01 1.029E+00 9.95E-01
1.413E-02 9.507E-01 1.028E+00 9.96E-01
1.334E-02 9.547E-01 1.024E+00 9.96E-01
1.259E-02 9.552E-01 1.024E+00 9.97E-01
1.189E-02 9.533E-01 1.027E+00 9.97E-01
1.122E-02 9.536E-01 1.030E+00 9.98E-01
1.059E-02 9.694E-01 1.001E+00 9.98E-01
1.000E-02 9.615E-01 1.020E+00 9.98E-01
9.441E-03 9.580E-01 1.027E+00 9.98E-01
8.913E-03 9.551E-01 1.034E+00 9.98E-01
8.414E-03 9.519E-01 1.043E+00 9.99E-01
7.943E-03 9.483E-01 1.054E+00 9.99E-01
7.499E-03 9.442E-01 1.070E+00 9.99E-01
7.079E-03 9.449E-01 1.071E+00 9.99E-01
6.683E-03 9.385E-01 1.090E+00 9.99E-01
6.310E-03 9.308E-01 1.115E+00 9.99E-01
5.957E-03 9.215E-01 1.147E+00 9.99E-01
5.623E-03 9.096E-01 1.188E+00 9.99E-01
5.309E-03 8.954E-01 1.238E+00 1.00E+00
5.012E-03 8.784E-01 1.298E+00 1.00E+00
4.732E-03 8.583E-01 1.366E+00 1.00E+00
4.467E-03 8.349E-01 1.441E+00 1.00E+00
4.217E-03 8.081E-01 1.519E+00 1.00E+00
3.981E-03 7.780E-01 1.596E+00 1.00E+00
3.758E-03 7.447E-01 1.666E+00 1.00E+00
3.548E-03 7.084E-01 1.725E+00 1.00E+00
3.350E-03 6.695E-01 1.768E+00 1.00E+00
3.162E-03 6.290E-01 1.789E+00 1.00E+00
2.985E-03 5.879E-01 1.786E+00 1.00E+00
2.818E-03 5.442E-01 1.752E+00 1.00E+00
2.661E-03 4.990E-01 1.683E+00 1.00E+00
2.512E-03 4.563E-01 1.543E+00 1.00E+00
2.371E-03 4.150E-01 1.087E+00 1.00E+00
2.239E-03 6.991E-01 1.015E+00 1.00E+00
2.113E-03 6.617E-01 1.092E+00 1.00E+00
1.995E-03 6.210E-01 1.118E+00 1.00E+00
1.884E-03 5.781E-01 1.088E+00 1.00E+00
1.778E-03 5.338E-01 1.014E+00 1.00E+00
1.679E-03 4.891E-01 7.125E-01 1.00E+00
1.585E-03 6.474E-01 8.539E-01 1.00E+00
1.496E-03 6.021E-01 1.013E+00 1.00E+00
1.413E-03 5.921E-01 1.024E+00 1.00E+00
1.334E-03 5.473E-01 1.019E+00 1.00E+00
1.259E-03 5.022E-01 1.000E+00 1.00E+00
1.189E-03 4.577E-01 9.713E-01 1.00E+00
1.122E-03 4.127E-01 9.320E-01 1.00E+00
1.059E-03 3.699E-01 8.823E-01 1.00E+00
