w(micron)  Q_abs     Q_sca     g=<cos>
1.000E+03 6.937E-04 1.594E-06 5.01E-04
9.441E+02 7.787E-04 2.007E-06 5.62E-04
8.913E+02 8.742E-04 2.528E-06 6.31E-04
8.414E+02 9.815E-04 3.182E-06 7.07E-04
7.943E+02 1.102E-03 4.007E-06 7.94E-04
7.499E+02 1.237E-03 5.045E-06 8.91E-04
7.079E+02 1.389E-03 6.353E-06 9.99E-04
6.683E+02 1.560E-03 8.000E-06 1.12E-03
6.310E+02 1.752E-03 1.007E-05 1.26E-03
5.957E+02 1.968E-03 1.269E-05 1.41E-03
5.623E+02 2.211E-03 1.598E-05 1.58E-03
5.309E+02 2.484E-03 2.012E-05 1.78E-03
5.012E+02 2.792E-03 2.534E-05 1.99E-03
4.732E+02 3.138E-03 3.192E-05 2.24E-03
4.467E+02 3.528E-03 4.021E-05 2.51E-03
4.217E+02 3.968E-03 5.065E-05 2.82E-03
3.981E+02 4.463E-03 6.380E-05 3.16E-03
3.758E+02 5.022E-03 8.037E-05 3.54E-03
3.548E+02 5.653E-03 1.013E-04 3.98E-03
3.350E+02 6.363E-03 1.276E-04 4.46E-03
3.162E+02 7.167E-03 1.608E-04 5.00E-03
2.985E+02 8.077E-03 2.027E-04 5.61E-03
2.818E+02 9.110E-03 2.555E-04 6.30E-03
2.661E+02 1.028E-02 3.221E-04 7.06E-03
2.512E+02 1.161E-02 4.061E-04 7.92E-03
2.371E+02 1.312E-02 5.122E-04 8.88E-03
2.239E+02 1.483E-02 6.461E-04 9.96E-03
2.113E+02 1.679E-02 8.152E-04 1.12E-02
1.995E+02 1.902E-02 1.029E-03 1.25E-02
1.884E+02 2.158E-02 1.299E-03 1.41E-02
1.778E+02 2.451E-02 1.641E-03 1.58E-02
1.679E+02 2.788E-02 2.073E-03 1.77E-02
1.585E+02 3.177E-02 2.620E-03 1.98E-02
1.496E+02 3.627E-02 3.312E-03 2.22E-02
1.413E+02 4.148E-02 4.191E-03 2.49E-02
1.334E+02 4.754E-02 5.305E-03 2.79E-02
1.259E+02 5.462E-02 6.721E-03 3.12E-02
1.189E+02 6.294E-02 8.518E-03 3.49E-02
1.122E+02 7.271E-02 1.081E-02 3.91E-02
1.059E+02 8.425E-02 1.372E-02 4.37E-02
1.000E+02 9.802E-02 1.744E-02 4.88E-02
9.441E+01 1.144E-01 2.219E-02 5.44E-02
8.913E+01 1.341E-01 2.826E-02 6.07E-02
8.414E+01 1.577E-01 3.604E-02 6.75E-02
7.943E+01 1.863E-01 4.600E-02 7.50E-02
7.499E+01 2.210E-01 5.879E-02 8.31E-02
7.079E+01 2.633E-01 7.522E-02 9.17E-02
6.683E+01 3.146E-01 9.635E-02 1.01E-01
6.310E+01 3.769E-01 1.235E-01 1.10E-01
5.957E+01 4.522E-01 1.582E-01 1.20E-01
5.623E+01 5.424E-01 2.027E-01 1.30E-01
5.309E+01 6.489E-01 2.591E-01 1.39E-01
5.012E+01 7.723E-01 3.301E-01 1.48E-01
4.732E+01 9.117E-01 4.180E-01 1.56E-01
4.467E+01 1.064E+00 5.247E-01 1.63E-01
4.217E+01 1.221E+00 6.499E-01 1.70E-01
3.981E+01 1.374E+00 7.897E-01 1.77E-01
3.758E+01 1.513E+00 9.392E-01 1.85E-01
3.548E+01 1.629E+00 1.093E+00 1.94E-01
3.350E+01 1.711E+00 1.233E+00 2.04E-01
3.162E+01 1.754E+00 1.343E+00 2.17E-01
2.985E+01 1.761E+00 1.414E+00 2.34E-01
2.818E+01 1.741E+00 1.446E+00 2.57E-01
2.661E+01 1.708E+00 1.446E+00 2.84E-01
2.512E+01 1.673E+00 1.425E+00 3.17E-01
2.371E+01 1.648E+00 1.387E+00 3.57E-01
2.239E+01 1.635E+00 1.348E+00 4.02E-01
2.113E+01 1.635E+00 1.306E+00 4.51E-01
1.995E+01 1.642E+00 1.262E+00 5.01E-01
1.884E+01 1.640E+00 1.194E+00 5.49E-01
1.778E+01 1.616E+00 1.129E+00 5.94E-01
1.679E+01 1.581E+00 1.116E+00 6.33E-01
1.585E+01 1.558E+00 1.204E+00 6.65E-01
1.496E+01 1.567E+00 1.393E+00 6.88E-01
1.413E+01 1.589E+00 1.551E+00 6.91E-01
1.334E+01 1.576E+00 1.423E+00 6.84E-01
1.259E+01 1.545E+00 1.363E+00 6.95E-01
1.189E+01 1.509E+00 1.356E+00 7.07E-01
1.122E+01 1.477E+00 1.348E+00 7.18E-01
1.059E+01 1.444E+00 1.329E+00 7.28E-01
1.000E+01 1.416E+00 1.251E+00 7.49E-01
9.441E+00 1.359E+00 1.147E+00 7.70E-01
8.913E+00 1.264E+00 8.936E-01 8.13E-01
8.414E+00 1.190E+00 6.820E-01 8.52E-01
7.943E+00 1.002E+00 5.743E-01 8.79E-01
7.499E+00 7.880E-01 1.596E+00 8.71E-01
7.079E+00 7.950E-01 2.523E+00 8.54E-01
6.683E+00 8.279E-01 2.693E+00 8.28E-01
6.310E+00 9.128E-01 2.539E+00 8.08E-01
5.957E+00 8.806E-01 2.228E+00 7.68E-01
5.623E+00 9.501E-01 1.818E+00 7.17E-01
5.309E+00 9.090E-01 1.492E+00 6.81E-01
5.012E+00 9.805E-01 1.235E+00 6.32E-01
4.732E+00 9.336E-01 1.197E+00 6.77E-01
4.467E+00 9.811E-01 1.278E+00 7.24E-01
4.217E+00 9.640E-01 1.453E+00 7.98E-01
3.981E+00 9.775E-01 1.692E+00 8.31E-01
3.758E+00 9.669E-01 1.760E+00 8.67E-01
3.548E+00 9.600E-01 1.750E+00 8.67E-01
3.350E+00 9.587E-01 1.628E+00 8.64E-01
3.162E+00 9.599E-01 1.445E+00 8.46E-01
2.985E+00 9.556E-01 1.291E+00 8.32E-01
2.818E+00 9.586E-01 1.261E+00 8.34E-01
2.661E+00 9.612E-01 1.360E+00 8.47E-01
2.512E+00 9.676E-01 1.486E+00 8.64E-01
2.371E+00 9.772E-01 1.514E+00 8.76E-01
2.239E+00 9.830E-01 1.413E+00 8.77E-01
2.113E+00 9.819E-01 1.277E+00 8.74E-01
1.995E+00 9.754E-01 1.237E+00 8.77E-01
1.884E+00 9.777E-01 1.313E+00 8.91E-01
1.778E+00 9.858E-01 1.385E+00 9.01E-01
1.679E+00 9.792E-01 1.324E+00 8.99E-01
1.585E+00 9.889E-01 1.224E+00 8.96E-01
1.496E+00 9.872E-01 1.236E+00 9.00E-01
1.413E+00 9.880E-01 1.301E+00 9.10E-01
1.334E+00 9.920E-01 1.257E+00 9.12E-01
1.259E+00 9.930E-01 1.197E+00 9.11E-01
1.189E+00 9.925E-01 1.239E+00 9.17E-01
1.122E+00 9.916E-01 1.236E+00 9.19E-01
1.059E+00 9.922E-01 1.185E+00 9.19E-01
1.000E+00 9.919E-01 1.217E+00 9.23E-01
9.441E-01 9.901E-01 1.197E+00 9.24E-01
8.913E-01 9.880E-01 1.185E+00 9.25E-01
8.414E-01 9.861E-01 1.197E+00 9.27E-01
7.943E-01 9.837E-01 1.174E+00 9.27E-01
7.499E-01 9.810E-01 1.188E+00 9.29E-01
7.079E-01 9.781E-01 1.171E+00 9.29E-01
6.683E-01 9.750E-01 1.177E+00 9.30E-01
6.310E-01 9.717E-01 1.172E+00 9.31E-01
5.957E-01 9.683E-01 1.167E+00 9.31E-01
5.623E-01 9.648E-01 1.171E+00 9.31E-01
5.309E-01 9.613E-01 1.168E+00 9.31E-01
5.012E-01 9.578E-01 1.164E+00 9.31E-01
4.732E-01 9.543E-01 1.164E+00 9.31E-01
4.467E-01 9.508E-01 1.163E+00 9.31E-01
4.217E-01 9.473E-01 1.163E+00 9.31E-01
3.981E-01 9.439E-01 1.162E+00 9.31E-01
3.758E-01 9.405E-01 1.161E+00 9.31E-01
3.548E-01 9.370E-01 1.161E+00 9.30E-01
3.350E-01 9.336E-01 1.161E+00 9.30E-01
3.162E-01 9.301E-01 1.161E+00 9.29E-01
2.985E-01 9.265E-01 1.161E+00 9.28E-01
2.818E-01 9.228E-01 1.162E+00 9.27E-01
2.661E-01 9.189E-01 1.162E+00 9.26E-01
2.512E-01 9.147E-01 1.164E+00 9.24E-01
2.371E-01 9.101E-01 1.165E+00 9.22E-01
2.239E-01 9.047E-01 1.168E+00 9.19E-01
2.113E-01 8.980E-01 1.172E+00 9.15E-01
1.995E-01 8.905E-01 1.177E+00 9.10E-01
1.884E-01 8.821E-01 1.183E+00 9.05E-01
1.778E-01 8.725E-01 1.190E+00 8.98E-01
1.679E-01 8.612E-01 1.199E+00 8.90E-01
1.585E-01 8.484E-01 1.210E+00 8.80E-01
1.496E-01 8.371E-01 1.220E+00 8.73E-01
1.413E-01 8.346E-01 1.221E+00 8.73E-01
1.334E-01 8.343E-01 1.219E+00 8.74E-01
1.259E-01 8.312E-01 1.220E+00 8.74E-01
1.189E-01 8.262E-01 1.224E+00 8.72E-01
1.122E-01 8.189E-01 1.229E+00 8.68E-01
1.059E-01 8.078E-01 1.239E+00 8.62E-01
1.000E-01 7.963E-01 1.249E+00 8.56E-01
9.441E-02 7.907E-01 1.252E+00 8.56E-01
8.913E-02 7.965E-01 1.244E+00 8.64E-01
8.414E-02 7.926E-01 1.246E+00 8.62E-01
7.943E-02 7.762E-01 1.261E+00 8.54E-01
7.499E-02 7.571E-01 1.278E+00 8.45E-01
7.079E-02 7.426E-01 1.291E+00 8.41E-01
6.683E-02 7.245E-01 1.307E+00 8.36E-01
6.310E-02 7.071E-01 1.322E+00 8.34E-01
5.957E-02 7.335E-01 1.293E+00 8.64E-01
5.623E-02 8.103E-01 1.214E+00 9.14E-01
5.309E-02 8.400E-01 1.183E+00 9.32E-01
5.012E-02 8.590E-01 1.163E+00 9.43E-01
4.732E-02 8.720E-01 1.149E+00 9.51E-01
4.467E-02 8.817E-01 1.138E+00 9.56E-01
4.217E-02 8.893E-01 1.129E+00 9.61E-01
3.981E-02 8.957E-01 1.122E+00 9.65E-01
3.758E-02 9.012E-01 1.116E+00 9.68E-01
3.548E-02 9.061E-01 1.110E+00 9.71E-01
3.350E-02 9.107E-01 1.104E+00 9.74E-01
3.162E-02 9.150E-01 1.099E+00 9.77E-01
2.985E-02 9.174E-01 1.083E+00 9.79E-01
2.818E-02 9.218E-01 1.078E+00 9.81E-01
2.661E-02 9.263E-01 1.074E+00 9.83E-01
2.512E-02 9.309E-01 1.069E+00 9.86E-01
2.371E-02 9.360E-01 1.064E+00 9.88E-01
2.239E-02 9.413E-01 1.059E+00 9.89E-01
2.113E-02 9.453E-01 1.055E+00 9.91E-01
1.995E-02 9.503E-01 1.050E+00 9.92E-01
1.884E-02 9.552E-01 1.045E+00 9.93E-01
1.778E-02 9.559E-01 1.044E+00 9.94E-01
1.679E-02 9.583E-01 1.042E+00 9.94E-01
1.585E-02 9.610E-01 1.039E+00 9.95E-01
1.496E-02 9.637E-01 1.036E+00 9.96E-01
1.413E-02 9.666E-01 1.033E+00 9.96E-01
1.334E-02 9.705E-01 1.030E+00 9.97E-01
1.259E-02 9.720E-01 1.028E+00 9.97E-01
1.189E-02 9.733E-01 1.027E+00 9.98E-01
1.122E-02 9.763E-01 1.024E+00 9.98E-01
1.059E-02 9.817E-01 1.018E+00 9.99E-01
1.000E-02 9.790E-01 1.021E+00 9.98E-01
9.441E-03 9.791E-01 1.021E+00 9.99E-01
8.913E-03 9.800E-01 1.020E+00 9.99E-01
8.414E-03 9.810E-01 1.019E+00 9.99E-01
7.943E-03 9.822E-01 1.018E+00 9.99E-01
7.499E-03 9.838E-01 1.016E+00 9.99E-01
7.079E-03 9.848E-01 1.015E+00 9.99E-01
6.683E-03 9.856E-01 1.014E+00 9.99E-01
6.310E-03 9.866E-01 1.013E+00 9.99E-01
5.957E-03 9.875E-01 1.012E+00 1.00E+00
5.623E-03 9.884E-01 1.012E+00 1.00E+00
5.309E-03 9.891E-01 1.011E+00 1.00E+00
5.012E-03 9.897E-01 1.010E+00 1.00E+00
4.732E-03 9.900E-01 1.010E+00 1.00E+00
4.467E-03 9.903E-01 1.010E+00 1.00E+00
4.217E-03 9.904E-01 1.010E+00 1.00E+00
3.981E-03 9.905E-01 1.010E+00 1.00E+00
3.758E-03 9.904E-01 1.010E+00 1.00E+00
3.548E-03 9.904E-01 1.010E+00 1.00E+00
3.350E-03 9.903E-01 1.010E+00 1.00E+00
3.162E-03 9.903E-01 1.010E+00 1.00E+00
2.985E-03 9.904E-01 1.010E+00 1.00E+00
2.818E-03 9.907E-01 1.009E+00 1.00E+00
2.661E-03 9.910E-01 1.009E+00 1.00E+00
2.512E-03 9.910E-01 1.009E+00 1.00E+00
2.371E-03 9.908E-01 1.009E+00 1.00E+00
2.239E-03 9.976E-01 1.002E+00 1.00E+00
2.113E-03 9.972E-01 1.003E+00 1.00E+00
1.995E-03 9.968E-01 1.003E+00 1.00E+00
1.884E-03 9.963E-01 1.004E+00 1.00E+00
1.778E-03 9.957E-01 1.004E+00 1.00E+00
1.679E-03 9.949E-01 1.005E+00 1.00E+00
1.585E-03 9.979E-01 1.002E+00 1.00E+00
1.496E-03 9.974E-01 1.003E+00 1.00E+00
1.413E-03 9.973E-01 1.003E+00 1.00E+00
1.334E-03 9.965E-01 1.004E+00 1.00E+00
1.259E-03 9.955E-01 1.005E+00 1.00E+00
1.189E-03 9.942E-01 1.006E+00 1.00E+00
1.122E-03 9.923E-01 1.008E+00 1.00E+00
1.059E-03 9.898E-01 1.010E+00 1.00E+00
