w(micron)  Q_abs     Q_sca     g=<cos>
1.000E+03 1.096E-04 1.005E-09 1.26E-05
9.441E+02 1.230E-04 1.265E-09 1.41E-05
8.913E+02 1.380E-04 1.593E-09 1.58E-05
8.414E+02 1.549E-04 2.006E-09 1.78E-05
7.943E+02 1.738E-04 2.525E-09 1.99E-05
7.499E+02 1.950E-04 3.179E-09 2.24E-05
7.079E+02 2.189E-04 4.002E-09 2.51E-05
6.683E+02 2.456E-04 5.038E-09 2.81E-05
6.310E+02 2.756E-04 6.343E-09 3.16E-05
5.957E+02 3.093E-04 7.986E-09 3.54E-05
5.623E+02 3.471E-04 1.005E-08 3.97E-05
5.309E+02 3.895E-04 1.266E-08 4.46E-05
5.012E+02 4.371E-04 1.594E-08 5.00E-05
4.732E+02 4.906E-04 2.007E-08 5.61E-05
4.467E+02 5.507E-04 2.526E-08 6.29E-05
4.217E+02 6.181E-04 3.181E-08 7.06E-05
3.981E+02 6.939E-04 4.005E-08 7.92E-05
3.758E+02 7.789E-04 5.042E-08 8.88E-05
3.548E+02 8.744E-04 6.348E-08 9.96E-05
3.350E+02 9.814E-04 7.992E-08 1.12E-04
3.162E+02 1.102E-03 1.006E-07 1.25E-04
2.985E+02 1.237E-03 1.267E-07 1.40E-04
2.818E+02 1.389E-03 1.595E-07 1.57E-04
2.661E+02 1.561E-03 2.009E-07 1.77E-04
2.512E+02 1.753E-03 2.529E-07 1.98E-04
2.371E+02 1.969E-03 3.185E-07 2.22E-04
2.239E+02 2.212E-03 4.010E-07 2.49E-04
2.113E+02 2.485E-03 5.050E-07 2.79E-04
1.995E+02 2.793E-03 6.359E-07 3.12E-04
1.884E+02 3.139E-03 8.009E-07 3.50E-04
1.778E+02 3.530E-03 1.009E-06 3.92E-04
1.679E+02 3.970E-03 1.270E-06 4.39E-04
1.585E+02 4.465E-03 1.600E-06 4.91E-04
1.496E+02 5.025E-03 2.015E-06 5.49E-04
1.413E+02 5.655E-03 2.538E-06 6.15E-04
1.334E+02 6.367E-03 3.197E-06 6.87E-04
1.259E+02 7.172E-03 4.027E-06 7.68E-04
1.189E+02 8.084E-03 5.073E-06 8.57E-04
1.122E+02 9.112E-03 6.391E-06 9.57E-04
1.059E+02 1.027E-02 8.053E-06 1.07E-03
1.000E+02 1.160E-02 1.014E-05 1.19E-03
9.441E+01 1.310E-02 1.278E-05 1.32E-03
8.913E+01 1.480E-02 1.610E-05 1.47E-03
8.414E+01 1.672E-02 2.030E-05 1.64E-03
7.943E+01 1.891E-02 2.557E-05 1.81E-03
7.499E+01 2.141E-02 3.222E-05 2.01E-03
7.079E+01 2.424E-02 4.059E-05 2.22E-03
6.683E+01 2.745E-02 5.114E-05 2.45E-03
6.310E+01 3.112E-02 6.440E-05 2.69E-03
5.957E+01 3.527E-02 8.108E-05 2.95E-03
5.623E+01 3.998E-02 1.021E-04 3.23E-03
5.309E+01 4.527E-02 1.284E-04 3.53E-03
5.012E+01 5.128E-02 1.615E-04 3.84E-03
4.732E+01 5.804E-02 2.030E-04 4.18E-03
4.467E+01 6.567E-02 2.550E-04 4.53E-03
4.217E+01 7.423E-02 3.202E-04 4.90E-03
3.981E+01 8.379E-02 4.011E-04 5.30E-03
3.758E+01 9.440E-02 5.024E-04 5.72E-03
3.548E+01 1.059E-01 6.307E-04 6.19E-03
3.350E+01 1.189E-01 7.919E-04 6.69E-03
3.162E+01 1.344E-01 9.939E-04 7.19E-03
2.985E+01 1.522E-01 1.246E-03 7.71E-03
2.818E+01 1.723E-01 1.556E-03 8.25E-03
2.661E+01 1.956E-01 1.944E-03 8.81E-03
2.512E+01 2.224E-01 2.431E-03 9.39E-03
2.371E+01 2.524E-01 3.010E-03 1.00E-02
2.239E+01 2.875E-01 3.728E-03 1.07E-02
2.113E+01 3.276E-01 4.551E-03 1.13E-02
1.995E+01 3.753E-01 5.488E-03 1.20E-02
1.884E+01 4.164E-01 6.115E-03 1.30E-02
1.778E+01 4.175E-01 6.240E-03 1.47E-02
1.679E+01 3.811E-01 6.266E-03 1.71E-02
1.585E+01 3.289E-01 6.798E-03 2.02E-02
1.496E+01 2.836E-01 8.469E-03 2.41E-02
1.413E+01 2.624E-01 1.232E-02 2.93E-02
1.334E+01 3.233E-01 1.934E-02 3.42E-02
1.259E+01 4.347E-01 2.816E-02 3.68E-02
1.189E+01 5.800E-01 3.893E-02 3.73E-02
1.122E+01 7.454E-01 5.116E-02 3.71E-02
1.059E+01 9.535E-01 6.589E-02 3.65E-02
1.000E+01 1.090E+00 6.962E-02 3.85E-02
9.441E+00 1.128E+00 6.513E-02 4.22E-02
8.913E+00 8.108E-01 3.332E-02 4.99E-02
8.414E+00 5.396E-01 1.654E-02 5.86E-02
7.943E+00 2.645E-01 7.608E-03 6.80E-02
7.499E+00 1.266E-01 1.703E-02 7.99E-02
7.079E+00 1.054E-01 3.604E-02 9.31E-02
6.683E+00 1.090E-01 5.835E-02 1.07E-01
6.310E+00 1.126E-01 8.515E-02 1.23E-01
5.957E+00 1.145E-01 1.184E-01 1.40E-01
5.623E+00 1.172E-01 1.601E-01 1.60E-01
5.309E+00 1.219E-01 2.119E-01 1.82E-01
5.012E+00 1.286E-01 2.753E-01 2.09E-01
4.732E+00 1.374E-01 3.509E-01 2.40E-01
4.467E+00 1.482E-01 4.400E-01 2.76E-01
4.217E+00 1.612E-01 5.426E-01 3.19E-01
3.981E+00 1.764E-01 6.602E-01 3.69E-01
3.758E+00 1.948E-01 7.970E-01 4.27E-01
3.548E+00 2.182E-01 9.613E-01 4.89E-01
3.350E+00 2.468E-01 1.168E+00 5.46E-01
3.162E+00 2.773E-01 1.432E+00 5.89E-01
2.985E+00 3.034E-01 1.746E+00 6.05E-01
2.818E+00 3.149E-01 2.049E+00 6.00E-01
2.661E+00 3.110E-01 2.268E+00 5.89E-01
2.512E+00 3.060E-01 2.402E+00 5.87E-01
2.371E+00 3.177E-01 2.527E+00 6.03E-01
2.239E+00 3.570E-01 2.744E+00 6.39E-01
2.113E+00 4.156E-01 3.111E+00 6.81E-01
1.995E+00 4.466E-01 3.474E+00 7.06E-01
1.884E+00 4.297E-01 3.560E+00 7.04E-01
1.778E+00 4.187E-01 3.462E+00 6.87E-01
1.679E+00 4.625E-01 3.469E+00 6.76E-01
1.585E+00 5.460E-01 3.741E+00 6.96E-01
1.496E+00 5.342E-01 3.750E+00 7.16E-01
1.413E+00 5.101E-01 3.378E+00 7.04E-01
1.334E+00 5.820E-01 3.129E+00 6.64E-01
1.259E+00 6.469E-01 3.171E+00 6.66E-01
1.189E+00 5.813E-01 2.744E+00 6.60E-01
1.122E+00 6.489E-01 2.248E+00 6.05E-01
1.059E+00 7.191E-01 2.139E+00 5.92E-01
1.000E+00 6.457E-01 1.756E+00 5.54E-01
9.441E-01 7.877E-01 1.461E+00 4.95E-01
8.913E-01 7.268E-01 1.418E+00 5.33E-01
8.414E-01 7.805E-01 1.232E+00 5.14E-01
7.943E-01 7.769E-01 1.410E+00 6.19E-01
7.499E-01 8.198E-01 1.461E+00 6.86E-01
7.079E-01 8.097E-01 1.774E+00 7.48E-01
6.683E-01 8.334E-01 1.856E+00 8.15E-01
6.310E-01 8.089E-01 2.019E+00 8.29E-01
5.957E-01 8.293E-01 2.009E+00 8.43E-01
5.623E-01 8.263E-01 1.825E+00 8.42E-01
5.309E-01 8.353E-01 1.604E+00 8.22E-01
5.012E-01 8.395E-01 1.417E+00 8.02E-01
4.732E-01 8.581E-01 1.340E+00 7.90E-01
4.467E-01 8.790E-01 1.403E+00 8.12E-01
4.217E-01 8.955E-01 1.553E+00 8.38E-01
3.981E-01 9.058E-01 1.644E+00 8.53E-01
3.758E-01 9.115E-01 1.563E+00 8.56E-01
3.548E-01 9.132E-01 1.372E+00 8.50E-01
3.350E-01 9.165E-01 1.271E+00 8.52E-01
3.162E-01 9.326E-01 1.372E+00 8.72E-01
2.985E-01 9.332E-01 1.471E+00 8.82E-01
2.818E-01 9.407E-01 1.325E+00 8.74E-01
2.661E-01 9.379E-01 1.264E+00 8.73E-01
2.512E-01 9.456E-01 1.386E+00 8.89E-01
2.371E-01 9.472E-01 1.276E+00 8.84E-01
2.239E-01 9.441E-01 1.318E+00 8.87E-01
2.113E-01 9.771E-01 1.228E+00 8.92E-01
1.995E-01 9.996E-01 1.236E+00 9.03E-01
1.884E-01 9.953E-01 1.222E+00 9.00E-01
1.778E-01 9.802E-01 1.226E+00 8.94E-01
1.679E-01 9.633E-01 1.235E+00 8.87E-01
1.585E-01 9.456E-01 1.247E+00 8.78E-01
1.496E-01 9.305E-01 1.257E+00 8.71E-01
1.413E-01 9.249E-01 1.258E+00 8.72E-01
1.334E-01 9.210E-01 1.256E+00 8.73E-01
1.259E-01 9.142E-01 1.257E+00 8.73E-01
1.189E-01 9.056E-01 1.261E+00 8.71E-01
1.122E-01 8.948E-01 1.267E+00 8.68E-01
1.059E-01 8.802E-01 1.277E+00 8.62E-01
1.000E-01 8.646E-01 1.288E+00 8.58E-01
9.441E-02 8.542E-01 1.292E+00 8.57E-01
8.913E-02 8.545E-01 1.282E+00 8.65E-01
8.414E-02 8.475E-01 1.284E+00 8.63E-01
7.943E-02 8.265E-01 1.300E+00 8.56E-01
7.499E-02 8.013E-01 1.318E+00 8.48E-01
7.079E-02 7.805E-01 1.330E+00 8.43E-01
6.683E-02 7.556E-01 1.346E+00 8.38E-01
6.310E-02 7.305E-01 1.361E+00 8.37E-01
5.957E-02 7.497E-01 1.327E+00 8.66E-01
5.623E-02 8.261E-01 1.240E+00 9.14E-01
5.309E-02 8.557E-01 1.205E+00 9.32E-01
5.012E-02 8.742E-01 1.182E+00 9.43E-01
4.732E-02 8.865E-01 1.166E+00 9.50E-01
4.467E-02 8.953E-01 1.154E+00 9.56E-01
4.217E-02 9.020E-01 1.144E+00 9.61E-01
3.981E-02 9.073E-01 1.135E+00 9.65E-01
3.758E-02 9.117E-01 1.128E+00 9.68E-01
3.548E-02 9.155E-01 1.121E+00 9.71E-01
3.350E-02 9.190E-01 1.115E+00 9.74E-01
3.162E-02 9.223E-01 1.109E+00 9.76E-01
2.985E-02 9.254E-01 1.103E+00 9.79E-01
2.818E-02 9.286E-01 1.097E+00 9.81E-01
2.661E-02 9.318E-01 1.091E+00 9.83E-01
2.512E-02 9.353E-01 1.085E+00 9.85E-01
2.371E-02 9.394E-01 1.079E+00 9.87E-01
2.239E-02 9.443E-01 1.072E+00 9.89E-01
2.113E-02 9.475E-01 1.067E+00 9.90E-01
1.995E-02 9.520E-01 1.060E+00 9.92E-01
1.884E-02 9.576E-01 1.054E+00 9.93E-01
1.778E-02 9.570E-01 1.053E+00 9.93E-01
1.679E-02 9.586E-01 1.050E+00 9.94E-01
1.585E-02 9.605E-01 1.046E+00 9.95E-01
1.496E-02 9.626E-01 1.043E+00 9.96E-01
1.413E-02 9.648E-01 1.039E+00 9.96E-01
1.334E-02 9.689E-01 1.033E+00 9.97E-01
1.259E-02 9.701E-01 1.032E+00 9.97E-01
1.189E-02 9.704E-01 1.030E+00 9.97E-01
1.122E-02 9.730E-01 1.026E+00 9.98E-01
1.059E-02 9.818E-01 1.017E+00 9.98E-01
1.000E-02 9.769E-01 1.022E+00 9.98E-01
9.441E-03 9.760E-01 1.023E+00 9.98E-01
8.913E-03 9.759E-01 1.022E+00 9.99E-01
8.414E-03 9.760E-01 1.021E+00 9.99E-01
7.943E-03 9.763E-01 1.019E+00 9.99E-01
7.499E-03 9.771E-01 1.018E+00 9.99E-01
7.079E-03 9.780E-01 1.016E+00 9.99E-01
6.683E-03 9.778E-01 1.016E+00 9.99E-01
6.310E-03 9.776E-01 1.016E+00 9.99E-01
5.957E-03 9.773E-01 1.016E+00 9.99E-01
5.623E-03 9.767E-01 1.017E+00 1.00E+00
5.309E-03 9.759E-01 1.018E+00 1.00E+00
5.012E-03 9.746E-01 1.021E+00 1.00E+00
4.732E-03 9.744E-01 1.025E+00 9.99E-01
4.467E-03 9.714E-01 1.028E+00 9.99E-01
4.217E-03 9.673E-01 1.032E+00 9.99E-01
3.981E-03 9.620E-01 1.038E+00 9.99E-01
3.758E-03 9.551E-01 1.044E+00 9.99E-01
3.548E-03 9.461E-01 1.053E+00 9.99E-01
3.350E-03 9.346E-01 1.065E+00 9.99E-01
3.162E-03 9.202E-01 1.079E+00 9.99E-01
2.985E-03 9.026E-01 1.096E+00 9.99E-01
2.818E-03 8.803E-01 1.118E+00 9.99E-01
2.661E-03 8.527E-01 1.145E+00 1.00E+00
2.512E-03 8.215E-01 1.175E+00 1.00E+00
2.371E-03 7.863E-01 1.204E+00 1.00E+00
2.239E-03 9.476E-01 1.048E+00 1.00E+00
2.113E-03 9.356E-01 1.060E+00 1.00E+00
1.995E-03 9.201E-01 1.075E+00 1.00E+00
1.884E-03 9.006E-01 1.093E+00 1.00E+00
1.778E-03 8.765E-01 1.115E+00 1.00E+00
1.679E-03 8.476E-01 1.133E+00 1.00E+00
1.585E-03 9.312E-01 1.061E+00 1.00E+00
1.496E-03 9.125E-01 1.078E+00 1.00E+00
1.413E-03 9.080E-01 1.083E+00 1.00E+00
1.334E-03 8.847E-01 1.105E+00 1.00E+00
1.259E-03 8.567E-01 1.131E+00 1.00E+00
1.189E-03 8.240E-01 1.161E+00 1.00E+00
1.122E-03 7.849E-01 1.196E+00 1.00E+00
1.059E-03 7.413E-01 1.235E+00 1.00E+00
