w(micron)  Q_abs     Q_sca     g=<cos>
1.000E+03 1.949E-07 1.005E-20 0.00E+00
9.441E+02 2.187E-07 1.265E-20 0.00E+00
8.913E+02 2.454E-07 1.593E-20 0.00E+00
8.414E+02 2.754E-07 2.006E-20 0.00E+00
7.943E+02 3.090E-07 2.525E-20 0.00E+00
7.499E+02 3.468E-07 3.179E-20 0.00E+00
7.079E+02 3.891E-07 4.002E-20 0.00E+00
6.683E+02 4.367E-07 5.038E-20 0.00E+00
6.310E+02 4.900E-07 6.343E-20 0.00E+00
5.957E+02 5.498E-07 7.985E-20 0.00E+00
5.623E+02 6.170E-07 1.005E-19 0.00E+00
5.309E+02 6.924E-07 1.266E-19 0.00E+00
5.012E+02 7.771E-07 1.594E-19 0.00E+00
4.732E+02 8.721E-07 2.006E-19 0.00E+00
4.467E+02 9.789E-07 2.526E-19 0.00E+00
4.217E+02 1.099E-06 3.180E-19 0.00E+00
3.981E+02 1.233E-06 4.004E-19 0.00E+00
3.758E+02 1.384E-06 5.041E-19 0.00E+00
3.548E+02 1.554E-06 6.346E-19 0.00E+00
3.350E+02 1.744E-06 7.991E-19 0.00E+00
3.162E+02 1.958E-06 1.006E-18 0.00E+00
2.985E+02 2.198E-06 1.267E-18 0.00E+00
2.818E+02 2.468E-06 1.595E-18 0.00E+00
2.661E+02 2.772E-06 2.008E-18 0.00E+00
2.512E+02 3.114E-06 2.528E-18 0.00E+00
2.371E+02 3.497E-06 3.184E-18 0.00E+00
2.239E+02 3.928E-06 4.009E-18 0.00E+00
2.113E+02 4.412E-06 5.048E-18 0.00E+00
1.995E+02 4.957E-06 6.356E-18 0.00E+00
1.884E+02 5.570E-06 8.004E-18 0.00E+00
1.778E+02 6.261E-06 1.008E-17 0.00E+00
1.679E+02 7.039E-06 1.269E-17 0.00E+00
1.585E+02 7.916E-06 1.599E-17 0.00E+00
1.496E+02 8.904E-06 2.013E-17 0.00E+00
1.413E+02 1.002E-05 2.535E-17 0.00E+00
1.334E+02 1.127E-05 3.193E-17 0.00E+00
1.259E+02 1.269E-05 4.022E-17 0.00E+00
1.189E+02 1.430E-05 5.065E-17 0.00E+00
1.122E+02 1.610E-05 6.381E-17 0.00E+00
1.059E+02 1.815E-05 8.038E-17 0.00E+00
1.000E+02 2.047E-05 1.012E-16 0.00E+00
9.441E+01 2.310E-05 1.275E-16 0.00E+00
8.913E+01 2.607E-05 1.606E-16 0.00E+00
8.414E+01 2.942E-05 2.024E-16 0.00E+00
7.943E+01 3.324E-05 2.549E-16 0.00E+00
7.499E+01 3.758E-05 3.210E-16 0.00E+00
7.079E+01 4.250E-05 4.042E-16 0.00E+00
6.683E+01 4.805E-05 5.090E-16 0.00E+00
6.310E+01 5.438E-05 6.406E-16 0.00E+00
5.957E+01 6.152E-05 8.061E-16 0.00E+00
5.623E+01 6.960E-05 1.014E-15 0.00E+00
5.309E+01 7.866E-05 1.275E-15 0.00E+00
5.012E+01 8.890E-05 1.602E-15 0.00E+00
4.732E+01 1.004E-04 2.011E-15 0.00E+00
4.467E+01 1.133E-04 2.524E-15 0.00E+00
4.217E+01 1.278E-04 3.166E-15 0.00E+00
3.981E+01 1.439E-04 3.962E-15 0.00E+00
3.758E+01 1.616E-04 4.955E-15 0.00E+00
3.548E+01 1.807E-04 6.212E-15 0.00E+00
3.350E+01 2.023E-04 7.787E-15 0.00E+00
3.162E+01 2.278E-04 9.758E-15 0.00E+00
2.985E+01 2.571E-04 1.221E-14 0.00E+00
2.818E+01 2.902E-04 1.522E-14 0.00E+00
2.661E+01 3.282E-04 1.898E-14 0.00E+00
2.512E+01 3.719E-04 2.369E-14 0.00E+00
2.371E+01 4.209E-04 2.928E-14 0.00E+00
2.239E+01 4.780E-04 3.622E-14 0.00E+00
2.113E+01 5.440E-04 4.419E-14 0.00E+00
1.995E+01 6.232E-04 5.332E-14 0.00E+00
1.884E+01 6.942E-04 5.967E-14 0.00E+00
1.778E+01 6.985E-04 6.123E-14 0.00E+00
1.679E+01 6.365E-04 6.166E-14 0.00E+00
1.585E+01 5.444E-04 6.676E-14 0.00E+00
1.496E+01 4.615E-04 8.257E-14 0.00E+00
1.413E+01 4.150E-04 1.186E-13 0.00E+00
1.334E+01 4.950E-04 1.834E-13 0.00E+00
1.259E+01 6.528E-04 2.652E-13 0.00E+00
1.189E+01 8.676E-04 3.669E-13 0.00E+00
1.122E+01 1.129E-03 4.879E-13 0.00E+00
1.059E+01 1.492E-03 6.473E-13 0.00E+00
1.000E+01 1.818E-03 7.280E-13 0.00E+00
9.441E+00 2.040E-03 7.424E-13 0.00E+00
8.913E+00 1.524E-03 3.998E-13 0.00E+00
8.414E+00 9.091E-04 1.920E-13 3.34E-07
7.943E+00 4.352E-04 9.150E-14 3.75E-07
7.499E+00 1.913E-04 2.099E-13 4.20E-07
7.079E+00 1.498E-04 4.562E-13 4.71E-07
6.683E+00 1.482E-04 7.547E-13 5.29E-07
6.310E+00 1.473E-04 1.121E-12 5.94E-07
5.957E+00 1.440E-04 1.585E-12 6.66E-07
5.623E+00 1.418E-04 2.182E-12 7.47E-07
5.309E+00 1.417E-04 2.949E-12 8.38E-07
5.012E+00 1.515E-04 2.917E-12 6.46E-07
4.732E+00 1.553E-04 3.810E-12 7.30E-07
4.467E+00 1.602E-04 4.944E-12 8.23E-07
4.217E+00 1.661E-04 6.375E-12 9.27E-07
3.981E+00 1.721E-04 8.181E-12 1.04E-06
3.758E+00 1.781E-04 1.047E-11 1.18E-06
3.548E+00 1.846E-04 1.335E-11 1.32E-06
3.350E+00 1.911E-04 1.699E-11 1.49E-06
3.162E+00 1.970E-04 2.158E-11 1.67E-06
2.985E+00 2.037E-04 2.738E-11 1.88E-06
2.818E+00 2.111E-04 3.471E-11 2.11E-06
2.661E+00 2.190E-04 4.397E-11 2.37E-06
2.512E+00 2.275E-04 5.563E-11 2.66E-06
2.371E+00 2.370E-04 7.031E-11 2.99E-06
2.239E+00 2.469E-04 8.885E-11 3.36E-06
2.113E+00 2.574E-04 1.121E-10 3.77E-06
1.995E+00 2.688E-04 1.415E-10 4.23E-06
1.884E+00 2.809E-04 1.784E-10 4.75E-06
1.778E+00 2.938E-04 2.249E-10 5.33E-06
1.679E+00 3.083E-04 2.835E-10 5.99E-06
1.585E+00 3.238E-04 3.573E-10 6.72E-06
1.496E+00 3.400E-04 4.502E-10 7.54E-06
1.413E+00 3.572E-04 5.669E-10 8.46E-06
1.334E+00 3.753E-04 7.140E-10 9.49E-06
1.259E+00 3.945E-04 8.990E-10 1.07E-05
1.189E+00 4.160E-04 1.132E-09 1.20E-05
1.122E+00 4.389E-04 1.425E-09 1.34E-05
1.059E+00 4.631E-04 1.794E-09 1.50E-05
1.000E+00 4.889E-04 2.259E-09 1.69E-05
9.441E-01 5.163E-04 2.843E-09 1.89E-05
8.913E-01 5.453E-04 3.579E-09 2.13E-05
8.414E-01 5.756E-04 4.507E-09 2.38E-05
7.943E-01 6.076E-04 5.677E-09 2.68E-05
7.499E-01 6.413E-04 7.152E-09 3.00E-05
7.079E-01 6.770E-04 9.011E-09 3.37E-05
6.683E-01 7.146E-04 1.135E-08 3.78E-05
6.310E-01 7.546E-04 1.431E-08 4.24E-05
5.957E-01 7.970E-04 1.806E-08 4.76E-05
5.623E-01 8.417E-04 2.278E-08 5.35E-05
5.309E-01 8.890E-04 2.877E-08 6.00E-05
5.012E-01 9.388E-04 3.635E-08 6.74E-05
4.732E-01 9.911E-04 4.597E-08 7.57E-05
4.467E-01 1.046E-03 5.820E-08 8.51E-05
4.217E-01 1.103E-03 7.373E-08 9.56E-05
3.981E-01 1.163E-03 9.351E-08 1.07E-04
3.758E-01 1.224E-03 1.188E-07 1.21E-04
3.548E-01 1.288E-03 1.511E-07 1.36E-04
3.350E-01 1.353E-03 1.926E-07 1.53E-04
3.162E-01 1.419E-03 2.461E-07 1.72E-04
2.985E-01 1.486E-03 3.154E-07 1.94E-04
2.818E-01 1.553E-03 4.053E-07 2.18E-04
2.661E-01 1.618E-03 5.231E-07 2.47E-04
2.512E-01 1.676E-03 6.791E-07 2.79E-04
2.371E-01 1.730E-03 8.871E-07 3.16E-04
2.239E-01 1.778E-03 1.172E-06 3.59E-04
2.113E-01 2.177E-03 1.575E-06 4.09E-04
1.995E-01 3.156E-03 2.131E-06 4.69E-04
1.884E-01 4.870E-03 2.908E-06 5.39E-04
1.778E-01 7.613E-03 4.004E-06 6.22E-04
1.679E-01 1.212E-02 5.572E-06 7.19E-04
1.585E-01 1.966E-02 7.806E-06 8.25E-04
1.496E-01 3.177E-02 1.073E-05 9.13E-04
1.413E-01 4.586E-02 1.367E-05 9.59E-04
1.334E-01 5.602E-02 1.708E-05 1.03E-03
1.259E-01 6.695E-02 2.184E-05 1.11E-03
1.189E-01 7.972E-02 2.840E-05 1.19E-03
1.122E-01 9.542E-02 3.763E-05 1.27E-03
1.059E-01 1.164E-01 5.138E-05 1.34E-03
1.000E-01 1.482E-01 6.997E-05 1.36E-03
9.441E-02 1.797E-01 9.043E-05 1.40E-03
8.913E-02 2.035E-01 1.046E-04 1.50E-03
8.414E-02 2.207E-01 1.350E-04 1.66E-03
7.943E-02 2.643E-01 1.879E-04 1.75E-03
7.499E-02 3.155E-01 2.566E-04 1.84E-03
7.079E-02 3.484E-01 3.209E-04 2.00E-03
6.683E-02 3.549E-01 3.756E-04 2.24E-03
6.310E-02 2.985E-01 3.598E-04 2.59E-03
5.957E-02 1.860E-01 2.189E-04 3.07E-03
5.623E-02 1.489E-01 1.395E-04 3.60E-03
5.309E-02 1.396E-01 1.282E-04 4.12E-03
5.012E-02 1.334E-01 1.262E-04 4.68E-03
4.732E-02 1.286E-01 1.292E-04 5.30E-03
4.467E-02 1.245E-01 1.351E-04 5.98E-03
4.217E-02 1.206E-01 1.428E-04 6.75E-03
3.981E-02 1.166E-01 1.517E-04 7.61E-03
3.758E-02 1.124E-01 1.612E-04 8.57E-03
3.548E-02 1.080E-01 1.711E-04 9.66E-03
3.350E-02 1.034E-01 1.811E-04 1.09E-02
3.162E-02 9.853E-02 1.907E-04 1.22E-02
2.985E-02 9.345E-02 1.997E-04 1.38E-02
2.818E-02 8.824E-02 2.077E-04 1.55E-02
2.661E-02 8.302E-02 2.146E-04 1.75E-02
2.512E-02 7.768E-02 2.191E-04 1.96E-02
2.371E-02 7.239E-02 2.201E-04 2.21E-02
2.239E-02 6.990E-02 2.272E-04 2.49E-02
2.113E-02 6.616E-02 2.337E-04 2.80E-02
1.995E-02 6.253E-02 2.332E-04 3.16E-02
1.884E-02 6.474E-02 2.546E-04 3.55E-02
1.778E-02 6.100E-02 2.756E-04 4.00E-02
1.679E-02 5.750E-02 2.866E-04 4.50E-02
1.585E-02 5.423E-02 2.943E-04 5.06E-02
1.496E-02 5.106E-02 3.001E-04 5.69E-02
1.413E-02 4.788E-02 3.009E-04 6.41E-02
1.334E-02 4.707E-02 3.016E-04 7.22E-02
1.259E-02 4.588E-02 3.234E-04 8.13E-02
1.189E-02 4.265E-02 3.337E-04 9.15E-02
1.122E-02 3.939E-02 3.139E-04 1.03E-01
1.059E-02 4.758E-02 3.335E-04 1.16E-01
1.000E-02 4.424E-02 4.114E-04 1.31E-01
9.441E-03 4.079E-02 4.336E-04 1.47E-01
8.913E-03 3.744E-02 4.394E-04 1.66E-01
8.414E-03 3.423E-02 4.367E-04 1.86E-01
7.943E-03 3.119E-02 4.266E-04 2.10E-01
7.499E-03 2.836E-02 4.015E-04 2.36E-01
7.079E-03 2.814E-02 4.202E-04 2.65E-01
6.683E-03 2.554E-02 4.122E-04 2.97E-01
6.310E-03 2.312E-02 3.970E-04 3.33E-01
5.957E-03 2.091E-02 3.782E-04 3.72E-01
5.623E-03 1.883E-02 3.562E-04 4.14E-01
5.309E-03 1.695E-02 3.325E-04 4.59E-01
5.012E-03 1.524E-02 3.082E-04 5.06E-01
4.732E-03 1.367E-02 2.841E-04 5.54E-01
4.467E-03 1.224E-02 2.605E-04 6.01E-01
4.217E-03 1.094E-02 2.378E-04 6.46E-01
3.981E-03 9.753E-03 2.166E-04 6.86E-01
3.758E-03 8.679E-03 1.969E-04 7.20E-01
3.548E-03 7.704E-03 1.785E-04 7.47E-01
3.350E-03 6.823E-03 1.615E-04 7.67E-01
3.162E-03 6.034E-03 1.455E-04 7.82E-01
2.985E-03 5.338E-03 1.308E-04 7.94E-01
2.818E-03 4.686E-03 1.154E-04 8.07E-01
2.661E-03 4.088E-03 9.996E-05 8.21E-01
2.512E-03 3.578E-03 8.236E-05 8.38E-01
2.371E-03 3.129E-03 4.907E-05 8.55E-01
2.239E-03 7.411E-03 7.153E-05 8.72E-01
2.113E-03 6.615E-03 7.379E-05 8.85E-01
1.995E-03 5.860E-03 7.120E-05 8.94E-01
1.884E-03 5.164E-03 6.447E-05 9.01E-01
1.778E-03 4.529E-03 5.551E-05 9.08E-01
1.679E-03 3.954E-03 3.456E-05 9.17E-01
1.585E-03 6.329E-03 5.458E-05 9.27E-01
1.496E-03 5.535E-03 5.114E-05 9.34E-01
1.413E-03 5.375E-03 5.255E-05 9.38E-01
1.334E-03 4.709E-03 4.984E-05 9.43E-01
1.259E-03 4.114E-03 4.600E-05 9.49E-01
1.189E-03 3.585E-03 4.208E-05 9.54E-01
1.122E-03 3.100E-03 3.811E-05 9.58E-01
1.059E-03 2.676E-03 3.419E-05 9.62E-01
