w(micron)  Q_abs     Q_sca     g=<cos>
1.000E+03 4.363E-07 2.525E-19 0.00E+00
9.441E+02 4.896E-07 3.179E-19 0.00E+00
8.913E+02 5.494E-07 4.002E-19 0.00E+00
8.414E+02 6.165E-07 5.038E-19 0.00E+00
7.943E+02 6.918E-07 6.342E-19 0.00E+00
7.499E+02 7.763E-07 7.984E-19 0.00E+00
7.079E+02 8.712E-07 1.005E-18 0.00E+00
6.683E+02 9.776E-07 1.266E-18 0.00E+00
6.310E+02 1.097E-06 1.593E-18 0.00E+00
5.957E+02 1.231E-06 2.006E-18 0.00E+00
5.623E+02 1.381E-06 2.525E-18 0.00E+00
5.309E+02 1.550E-06 3.179E-18 0.00E+00
5.012E+02 1.740E-06 4.003E-18 0.00E+00
4.732E+02 1.952E-06 5.040E-18 0.00E+00
4.467E+02 2.191E-06 6.345E-18 0.00E+00
4.217E+02 2.460E-06 7.989E-18 0.00E+00
3.981E+02 2.761E-06 1.006E-17 0.00E+00
3.758E+02 3.099E-06 1.266E-17 0.00E+00
3.548E+02 3.479E-06 1.594E-17 0.00E+00
3.350E+02 3.904E-06 2.007E-17 0.00E+00
3.162E+02 4.382E-06 2.527E-17 0.00E+00
2.985E+02 4.920E-06 3.182E-17 0.00E+00
2.818E+02 5.526E-06 4.006E-17 0.00E+00
2.661E+02 6.206E-06 5.044E-17 0.00E+00
2.512E+02 6.971E-06 6.351E-17 0.00E+00
2.371E+02 7.829E-06 7.997E-17 0.00E+00
2.239E+02 8.793E-06 1.007E-16 0.00E+00
2.113E+02 9.877E-06 1.268E-16 0.00E+00
1.995E+02 1.110E-05 1.597E-16 0.00E+00
1.884E+02 1.247E-05 2.011E-16 0.00E+00
1.778E+02 1.402E-05 2.532E-16 0.00E+00
1.679E+02 1.576E-05 3.188E-16 0.00E+00
1.585E+02 1.772E-05 4.015E-16 0.00E+00
1.496E+02 1.993E-05 5.057E-16 0.00E+00
1.413E+02 2.243E-05 6.369E-16 0.00E+00
1.334E+02 2.524E-05 8.021E-16 0.00E+00
1.259E+02 2.841E-05 1.010E-15 0.00E+00
1.189E+02 3.201E-05 1.272E-15 0.00E+00
1.122E+02 3.605E-05 1.603E-15 0.00E+00
1.059E+02 4.063E-05 2.019E-15 0.00E+00
1.000E+02 4.583E-05 2.543E-15 0.00E+00
9.441E+01 5.171E-05 3.203E-15 0.00E+00
8.913E+01 5.835E-05 4.035E-15 0.00E+00
8.414E+01 6.586E-05 5.083E-15 0.00E+00
7.943E+01 7.441E-05 6.402E-15 0.00E+00
7.499E+01 8.412E-05 8.063E-15 0.00E+00
7.079E+01 9.514E-05 1.015E-14 0.00E+00
6.683E+01 1.076E-04 1.279E-14 0.00E+00
6.310E+01 1.217E-04 1.609E-14 0.00E+00
5.957E+01 1.377E-04 2.025E-14 0.00E+00
5.623E+01 1.558E-04 2.547E-14 0.00E+00
5.309E+01 1.761E-04 3.202E-14 0.00E+00
5.012E+01 1.990E-04 4.023E-14 0.00E+00
4.732E+01 2.248E-04 5.052E-14 0.00E+00
4.467E+01 2.537E-04 6.341E-14 0.00E+00
4.217E+01 2.861E-04 7.953E-14 0.00E+00
3.981E+01 3.220E-04 9.951E-14 0.00E+00
3.758E+01 3.618E-04 1.245E-13 0.00E+00
3.548E+01 4.044E-04 1.560E-13 0.00E+00
3.350E+01 4.528E-04 1.956E-13 0.00E+00
3.162E+01 5.099E-04 2.451E-13 0.00E+00
2.985E+01 5.756E-04 3.067E-13 0.00E+00
2.818E+01 6.496E-04 3.823E-13 0.00E+00
2.661E+01 7.347E-04 4.767E-13 0.00E+00
2.512E+01 8.326E-04 5.950E-13 0.00E+00
2.371E+01 9.423E-04 7.356E-13 0.00E+00
2.239E+01 1.070E-03 9.099E-13 0.00E+00
2.113E+01 1.218E-03 1.110E-12 0.00E+00
1.995E+01 1.395E-03 1.339E-12 0.00E+00
1.884E+01 1.554E-03 1.499E-12 2.08E-07
1.778E+01 1.564E-03 1.538E-12 2.35E-07
1.679E+01 1.425E-03 1.549E-12 2.74E-07
1.585E+01 1.219E-03 1.677E-12 3.23E-07
1.496E+01 1.033E-03 2.074E-12 3.86E-07
1.413E+01 9.290E-04 2.978E-12 4.69E-07
1.334E+01 1.108E-03 4.608E-12 5.49E-07
1.259E+01 1.461E-03 6.661E-12 5.95E-07
1.189E+01 1.942E-03 9.217E-12 6.06E-07
1.122E+01 2.527E-03 1.225E-11 6.02E-07
1.059E+01 3.340E-03 1.626E-11 5.84E-07
1.000E+01 4.070E-03 1.829E-11 5.99E-07
9.441E+00 4.567E-03 1.865E-11 6.38E-07
8.913E+00 3.413E-03 1.004E-11 7.52E-07
8.414E+00 2.035E-03 4.824E-12 1.67E-06
7.943E+00 9.744E-04 2.298E-12 1.88E-06
7.499E+00 4.284E-04 5.274E-12 2.11E-06
7.079E+00 3.560E-04 9.530E-12 1.48E-06
6.683E+00 3.520E-04 1.523E-11 1.71E-06
6.310E+00 3.494E-04 2.209E-11 1.95E-06
5.957E+00 3.413E-04 3.066E-11 2.23E-06
5.623E+00 3.356E-04 4.158E-11 2.53E-06
5.309E+00 3.350E-04 5.550E-11 2.86E-06
5.012E+00 3.392E-04 7.326E-11 3.24E-06
4.732E+00 3.476E-04 9.570E-11 3.66E-06
4.467E+00 3.586E-04 1.242E-10 4.13E-06
4.217E+00 3.720E-04 1.601E-10 4.65E-06
3.981E+00 3.854E-04 2.055E-10 5.24E-06
3.758E+00 3.988E-04 2.629E-10 5.89E-06
3.548E+00 4.132E-04 3.355E-10 6.63E-06
3.350E+00 4.278E-04 4.268E-10 7.46E-06
3.162E+00 4.411E-04 5.420E-10 8.38E-06
2.985E+00 4.560E-04 6.878E-10 9.42E-06
2.818E+00 4.725E-04 8.720E-10 1.06E-05
2.661E+00 4.903E-04 1.105E-09 1.19E-05
2.512E+00 5.094E-04 1.397E-09 1.34E-05
2.371E+00 5.305E-04 1.766E-09 1.50E-05
2.239E+00 5.527E-04 2.232E-09 1.68E-05
2.113E+00 5.763E-04 2.816E-09 1.89E-05
1.995E+00 6.018E-04 3.553E-09 2.12E-05
1.884E+00 6.288E-04 4.482E-09 2.38E-05
1.778E+00 6.579E-04 5.650E-09 2.67E-05
1.679E+00 6.902E-04 7.122E-09 3.00E-05
1.585E+00 7.249E-04 8.975E-09 3.37E-05
1.496E+00 7.613E-04 1.131E-08 3.78E-05
1.413E+00 7.998E-04 1.424E-08 4.24E-05
1.334E+00 8.403E-04 1.794E-08 4.76E-05
1.259E+00 8.833E-04 2.258E-08 5.34E-05
1.189E+00 9.314E-04 2.843E-08 5.99E-05
1.122E+00 9.827E-04 3.580E-08 6.72E-05
1.059E+00 1.037E-03 4.507E-08 7.54E-05
1.000E+00 1.095E-03 5.674E-08 8.46E-05
9.441E-01 1.156E-03 7.141E-08 9.49E-05
8.913E-01 1.221E-03 8.990E-08 1.07E-04
8.414E-01 1.289E-03 1.132E-07 1.20E-04
7.943E-01 1.361E-03 1.426E-07 1.34E-04
7.499E-01 1.436E-03 1.797E-07 1.51E-04
7.079E-01 1.516E-03 2.264E-07 1.69E-04
6.683E-01 1.601E-03 2.853E-07 1.90E-04
6.310E-01 1.690E-03 3.596E-07 2.13E-04
5.957E-01 1.785E-03 4.536E-07 2.39E-04
5.623E-01 1.886E-03 5.724E-07 2.68E-04
5.309E-01 1.992E-03 7.228E-07 3.01E-04
5.012E-01 2.104E-03 9.133E-07 3.38E-04
4.732E-01 2.221E-03 1.155E-06 3.79E-04
4.467E-01 2.343E-03 1.462E-06 4.26E-04
4.217E-01 2.473E-03 1.853E-06 4.79E-04
3.981E-01 2.608E-03 2.350E-06 5.38E-04
3.758E-01 2.745E-03 2.984E-06 6.05E-04
3.548E-01 2.889E-03 3.797E-06 6.80E-04
3.350E-01 3.036E-03 4.840E-06 7.65E-04
3.162E-01 3.184E-03 6.187E-06 8.62E-04
2.985E-01 3.335E-03 7.928E-06 9.71E-04
2.818E-01 3.487E-03 1.019E-05 1.09E-03
2.661E-01 3.635E-03 1.315E-05 1.23E-03
2.512E-01 3.768E-03 1.708E-05 1.40E-03
2.371E-01 3.891E-03 2.231E-05 1.58E-03
2.239E-01 4.003E-03 2.950E-05 1.80E-03
2.113E-01 4.905E-03 3.965E-05 2.05E-03
1.995E-01 7.117E-03 5.368E-05 2.35E-03
1.884E-01 1.100E-02 7.327E-05 2.70E-03
1.778E-01 1.722E-02 1.010E-04 3.11E-03
1.679E-01 2.747E-02 1.406E-04 3.60E-03
1.585E-01 4.467E-02 1.972E-04 4.13E-03
1.496E-01 7.233E-02 2.711E-04 4.57E-03
1.413E-01 1.045E-01 3.458E-04 4.80E-03
1.334E-01 1.278E-01 4.321E-04 5.13E-03
1.259E-01 1.529E-01 5.528E-04 5.53E-03
1.189E-01 1.824E-01 7.192E-04 5.95E-03
1.122E-01 2.187E-01 9.533E-04 6.36E-03
1.059E-01 2.671E-01 1.302E-03 6.70E-03
1.000E-01 3.399E-01 1.772E-03 6.78E-03
9.441E-02 4.113E-01 2.284E-03 7.00E-03
8.913E-02 4.637E-01 2.628E-03 7.52E-03
8.414E-02 5.034E-01 3.388E-03 8.34E-03
7.943E-02 5.998E-01 4.689E-03 8.77E-03
7.499E-02 7.079E-01 6.322E-03 9.28E-03
7.079E-02 7.693E-01 7.767E-03 1.02E-02
6.683E-02 7.681E-01 8.886E-03 1.15E-02
6.310E-02 6.339E-01 8.325E-03 1.33E-02
5.957E-02 3.957E-01 5.052E-03 1.58E-02
5.623E-02 3.206E-01 3.243E-03 1.84E-02
5.309E-02 3.012E-01 2.973E-03 2.11E-02
5.012E-02 2.880E-01 2.912E-03 2.39E-02
4.732E-02 2.776E-01 2.962E-03 2.71E-02
4.467E-02 2.684E-01 3.071E-03 3.07E-02
4.217E-02 2.595E-01 3.216E-03 3.47E-02
3.981E-02 2.504E-01 3.380E-03 3.92E-02
3.758E-02 2.409E-01 3.549E-03 4.42E-02
3.548E-02 2.309E-01 3.719E-03 4.99E-02
3.350E-02 2.206E-01 3.881E-03 5.63E-02
3.162E-02 2.098E-01 4.025E-03 6.35E-02
2.985E-02 1.987E-01 4.143E-03 7.17E-02
2.818E-02 1.873E-01 4.232E-03 8.08E-02
2.661E-02 1.761E-01 4.285E-03 9.12E-02
2.512E-02 1.647E-01 4.283E-03 1.03E-01
2.371E-02 1.535E-01 4.204E-03 1.16E-01
2.239E-02 1.482E-01 4.229E-03 1.31E-01
2.113E-02 1.403E-01 4.229E-03 1.48E-01
1.995E-02 1.327E-01 4.093E-03 1.66E-01
1.884E-02 1.372E-01 4.309E-03 1.88E-01
1.778E-02 1.292E-01 4.489E-03 2.11E-01
1.679E-02 1.219E-01 4.482E-03 2.37E-01
1.585E-02 1.152E-01 4.408E-03 2.67E-01
1.496E-02 1.086E-01 4.290E-03 2.99E-01
1.413E-02 1.021E-01 4.094E-03 3.35E-01
1.334E-02 1.006E-01 3.888E-03 3.74E-01
1.259E-02 9.818E-02 3.937E-03 4.16E-01
1.189E-02 9.150E-02 3.835E-03 4.60E-01
1.122E-02 8.484E-02 3.403E-03 5.07E-01
1.059E-02 1.022E-01 3.376E-03 5.57E-01
1.000E-02 9.509E-02 3.923E-03 6.02E-01
9.441E-03 8.789E-02 3.909E-03 6.45E-01
8.913E-03 8.089E-02 3.759E-03 6.85E-01
8.414E-03 7.414E-02 3.561E-03 7.19E-01
7.943E-03 6.773E-02 3.334E-03 7.47E-01
7.499E-03 6.174E-02 3.027E-03 7.68E-01
7.079E-03 6.128E-02 3.066E-03 7.84E-01
6.683E-03 5.571E-02 2.932E-03 7.96E-01
6.310E-03 5.054E-02 2.763E-03 8.08E-01
5.957E-03 4.582E-02 2.582E-03 8.22E-01
5.623E-03 4.134E-02 2.389E-03 8.38E-01
5.309E-03 3.727E-02 2.196E-03 8.55E-01
5.012E-03 3.357E-02 2.008E-03 8.72E-01
4.732E-03 3.016E-02 1.833E-03 8.85E-01
4.467E-03 2.704E-02 1.669E-03 8.94E-01
4.217E-03 2.420E-02 1.514E-03 9.01E-01
3.981E-03 2.161E-02 1.369E-03 9.08E-01
3.758E-03 1.926E-02 1.230E-03 9.17E-01
3.548E-03 1.711E-02 1.100E-03 9.27E-01
3.350E-03 1.517E-02 9.792E-04 9.34E-01
3.162E-03 1.343E-02 8.677E-04 9.38E-01
2.985E-03 1.189E-02 7.668E-04 9.43E-01
2.818E-03 1.044E-02 6.654E-04 9.49E-01
2.661E-03 9.118E-03 5.685E-04 9.54E-01
2.512E-03 7.984E-03 4.638E-04 9.58E-01
2.371E-03 6.985E-03 2.742E-04 9.62E-01
2.239E-03 1.649E-02 3.952E-04 9.66E-01
2.113E-03 1.473E-02 4.048E-04 9.69E-01
1.995E-03 1.306E-02 3.875E-04 9.71E-01
1.884E-03 1.151E-02 3.478E-04 9.74E-01
1.778E-03 1.010E-02 2.974E-04 9.76E-01
1.679E-03 8.826E-03 1.842E-04 9.79E-01
1.585E-03 1.410E-02 2.890E-04 9.81E-01
1.496E-03 1.234E-02 2.696E-04 9.82E-01
1.413E-03 1.199E-02 2.755E-04 9.84E-01
1.334E-03 1.050E-02 2.602E-04 9.86E-01
1.259E-03 9.181E-03 2.394E-04 9.87E-01
1.189E-03 8.004E-03 2.183E-04 9.88E-01
1.122E-03 6.924E-03 1.971E-04 9.89E-01
1.059E-03 5.979E-03 1.763E-04 9.90E-01
