w(micron)  Q_abs     Q_sca     g=<cos>
1.000E+03 3.893E-04 1.594E-07 1.58E-04
9.441E+02 4.369E-04 2.006E-07 1.78E-04
8.913E+02 4.903E-04 2.526E-07 1.99E-04
8.414E+02 5.502E-04 3.180E-07 2.24E-04
7.943E+02 6.176E-04 4.003E-07 2.51E-04
7.499E+02 6.931E-04 5.040E-07 2.82E-04
7.079E+02 7.780E-04 6.346E-07 3.16E-04
6.683E+02 8.732E-04 7.990E-07 3.54E-04
6.310E+02 9.801E-04 1.006E-06 3.98E-04
5.957E+02 1.100E-03 1.267E-06 4.46E-04
5.623E+02 1.235E-03 1.595E-06 5.00E-04
5.309E+02 1.386E-03 2.008E-06 5.61E-04
5.012E+02 1.557E-03 2.528E-06 6.30E-04
4.732E+02 1.748E-03 3.184E-06 7.07E-04
4.467E+02 1.963E-03 4.009E-06 7.93E-04
4.217E+02 2.205E-03 5.048E-06 8.89E-04
3.981E+02 2.476E-03 6.357E-06 9.97E-04
3.758E+02 2.782E-03 8.005E-06 1.12E-03
3.548E+02 3.125E-03 1.008E-05 1.25E-03
3.350E+02 3.511E-03 1.269E-05 1.41E-03
3.162E+02 3.945E-03 1.599E-05 1.58E-03
2.985E+02 4.434E-03 2.014E-05 1.77E-03
2.818E+02 4.987E-03 2.536E-05 1.99E-03
2.661E+02 5.609E-03 3.195E-05 2.23E-03
2.512E+02 6.311E-03 4.024E-05 2.50E-03
2.371E+02 7.101E-03 5.070E-05 2.80E-03
2.239E+02 7.993E-03 6.387E-05 3.14E-03
2.113E+02 9.000E-03 8.048E-05 3.52E-03
1.995E+02 1.014E-02 1.014E-04 3.94E-03
1.884E+02 1.143E-02 1.278E-04 4.41E-03
1.778E+02 1.289E-02 1.611E-04 4.95E-03
1.679E+02 1.454E-02 2.031E-04 5.54E-03
1.585E+02 1.642E-02 2.560E-04 6.20E-03
1.496E+02 1.856E-02 3.229E-04 6.94E-03
1.413E+02 2.099E-02 4.072E-04 7.77E-03
1.334E+02 2.376E-02 5.137E-04 8.69E-03
1.259E+02 2.692E-02 6.482E-04 9.72E-03
1.189E+02 3.055E-02 8.179E-04 1.09E-02
1.122E+02 3.469E-02 1.033E-03 1.21E-02
1.059E+02 3.943E-02 1.304E-03 1.35E-02
1.000E+02 4.492E-02 1.647E-03 1.51E-02
9.441E+01 5.124E-02 2.082E-03 1.68E-02
8.913E+01 5.852E-02 2.631E-03 1.87E-02
8.414E+01 6.693E-02 3.328E-03 2.08E-02
7.943E+01 7.672E-02 4.210E-03 2.30E-02
7.499E+01 8.809E-02 5.328E-03 2.55E-02
7.079E+01 1.013E-01 6.746E-03 2.81E-02
6.683E+01 1.167E-01 8.546E-03 3.10E-02
6.310E+01 1.347E-01 1.083E-02 3.41E-02
5.957E+01 1.555E-01 1.372E-02 3.73E-02
5.623E+01 1.799E-01 1.739E-02 4.07E-02
5.309E+01 2.080E-01 2.206E-02 4.43E-02
5.012E+01 2.407E-01 2.796E-02 4.80E-02
4.732E+01 2.786E-01 3.545E-02 5.19E-02
4.467E+01 3.223E-01 4.495E-02 5.60E-02
4.217E+01 3.727E-01 5.695E-02 6.01E-02
3.981E+01 4.298E-01 7.197E-02 6.45E-02
3.758E+01 4.947E-01 9.089E-02 6.90E-02
3.548E+01 5.676E-01 1.150E-01 7.41E-02
3.350E+01 6.513E-01 1.453E-01 7.94E-02
3.162E+01 7.480E-01 1.828E-01 8.46E-02
2.985E+01 8.561E-01 2.285E-01 8.99E-02
2.818E+01 9.719E-01 2.826E-01 9.59E-02
2.661E+01 1.096E+00 3.463E-01 1.02E-01
2.512E+01 1.225E+00 4.195E-01 1.10E-01
2.371E+01 1.346E+00 4.947E-01 1.19E-01
2.239E+01 1.459E+00 5.723E-01 1.29E-01
2.113E+01 1.549E+00 6.368E-01 1.42E-01
1.995E+01 1.613E+00 6.810E-01 1.57E-01
1.884E+01 1.609E+00 6.636E-01 1.79E-01
1.778E+01 1.532E+00 6.156E-01 2.10E-01
1.679E+01 1.425E+00 5.921E-01 2.49E-01
1.585E+01 1.335E+00 6.375E-01 2.97E-01
1.496E+01 1.310E+00 7.931E-01 3.58E-01
1.413E+01 1.422E+00 1.117E+00 4.22E-01
1.334E+01 1.588E+00 1.353E+00 4.33E-01
1.259E+01 1.619E+00 1.331E+00 4.40E-01
1.189E+01 1.628E+00 1.259E+00 4.68E-01
1.122E+01 1.640E+00 1.199E+00 5.08E-01
1.059E+01 1.647E+00 1.144E+00 5.45E-01
1.000E+01 1.611E+00 1.021E+00 5.80E-01
9.441E+00 1.519E+00 8.715E-01 6.06E-01
8.913E+00 1.302E+00 5.695E-01 6.41E-01
8.414E+00 1.107E+00 3.653E-01 6.85E-01
7.943E+00 7.681E-01 2.391E-01 7.24E-01
7.499E+00 5.080E-01 6.688E-01 7.23E-01
7.079E+00 4.836E-01 1.325E+00 7.26E-01
6.683E+00 5.453E-01 1.875E+00 7.54E-01
6.310E+00 5.816E-01 2.366E+00 7.66E-01
5.957E+00 5.788E-01 2.690E+00 7.58E-01
5.623E+00 6.074E-01 2.930E+00 7.50E-01
5.309E+00 6.647E-01 3.241E+00 7.59E-01
5.012E+00 6.523E-01 3.311E+00 7.61E-01
4.732E+00 6.653E-01 3.105E+00 7.44E-01
4.467E+00 7.655E-01 3.061E+00 7.26E-01
4.217E+00 7.376E-01 2.881E+00 7.21E-01
3.981E+00 7.417E-01 2.404E+00 6.88E-01
3.758E+00 8.618E-01 2.188E+00 6.60E-01
3.548E+00 7.798E-01 1.866E+00 6.30E-01
3.350E+00 8.630E-01 1.477E+00 5.66E-01
3.162E+00 8.512E-01 1.391E+00 5.83E-01
2.985E+00 8.502E-01 1.192E+00 5.55E-01
2.818E+00 8.753E-01 1.292E+00 6.32E-01
2.661E+00 8.817E-01 1.350E+00 6.96E-01
2.512E+00 8.848E-01 1.624E+00 7.55E-01
2.371E+00 9.061E-01 1.736E+00 8.19E-01
2.239E+00 8.774E-01 1.922E+00 8.35E-01
2.113E+00 8.819E-01 1.922E+00 8.54E-01
1.995E+00 8.817E-01 1.789E+00 8.52E-01
1.884E+00 8.789E-01 1.603E+00 8.37E-01
1.778E+00 8.873E-01 1.425E+00 8.18E-01
1.679E+00 8.997E-01 1.317E+00 8.06E-01
1.585E+00 9.132E-01 1.330E+00 8.20E-01
1.496E+00 9.232E-01 1.449E+00 8.39E-01
1.413E+00 9.332E-01 1.564E+00 8.56E-01
1.334E+00 9.442E-01 1.562E+00 8.67E-01
1.259E+00 9.510E-01 1.434E+00 8.68E-01
1.189E+00 9.525E-01 1.290E+00 8.65E-01
1.122E+00 9.495E-01 1.257E+00 8.71E-01
1.059E+00 9.582E-01 1.340E+00 8.87E-01
1.000E+00 9.698E-01 1.410E+00 8.98E-01
9.441E-01 9.643E-01 1.337E+00 8.96E-01
8.913E-01 9.772E-01 1.232E+00 8.92E-01
8.414E-01 9.772E-01 1.246E+00 8.97E-01
7.943E-01 9.792E-01 1.313E+00 9.08E-01
7.499E-01 9.849E-01 1.263E+00 9.10E-01
7.079E-01 9.873E-01 1.201E+00 9.10E-01
6.683E-01 9.873E-01 1.247E+00 9.16E-01
6.310E-01 9.870E-01 1.239E+00 9.18E-01
5.957E-01 9.888E-01 1.188E+00 9.17E-01
5.623E-01 9.882E-01 1.225E+00 9.23E-01
5.309E-01 9.874E-01 1.194E+00 9.23E-01
5.012E-01 9.852E-01 1.194E+00 9.24E-01
4.732E-01 9.833E-01 1.194E+00 9.26E-01
4.467E-01 9.810E-01 1.183E+00 9.26E-01
4.217E-01 9.782E-01 1.183E+00 9.27E-01
3.981E-01 9.749E-01 1.183E+00 9.28E-01
3.758E-01 9.713E-01 1.172E+00 9.27E-01
3.548E-01 9.676E-01 1.179E+00 9.28E-01
3.350E-01 9.636E-01 1.177E+00 9.28E-01
3.162E-01 9.593E-01 1.172E+00 9.27E-01
2.985E-01 9.549E-01 1.171E+00 9.27E-01
2.818E-01 9.502E-01 1.171E+00 9.26E-01
2.661E-01 9.453E-01 1.172E+00 9.25E-01
2.512E-01 9.400E-01 1.175E+00 9.23E-01
2.371E-01 9.343E-01 1.175E+00 9.21E-01
2.239E-01 9.277E-01 1.179E+00 9.19E-01
2.113E-01 9.200E-01 1.182E+00 9.15E-01
1.995E-01 9.114E-01 1.186E+00 9.10E-01
1.884E-01 9.019E-01 1.192E+00 9.05E-01
1.778E-01 8.913E-01 1.200E+00 8.98E-01
1.679E-01 8.791E-01 1.209E+00 8.90E-01
1.585E-01 8.655E-01 1.220E+00 8.81E-01
1.496E-01 8.536E-01 1.229E+00 8.73E-01
1.413E-01 8.505E-01 1.230E+00 8.73E-01
1.334E-01 8.495E-01 1.229E+00 8.75E-01
1.259E-01 8.457E-01 1.230E+00 8.74E-01
1.189E-01 8.399E-01 1.233E+00 8.72E-01
1.122E-01 8.320E-01 1.239E+00 8.68E-01
1.059E-01 8.202E-01 1.248E+00 8.62E-01
1.000E-01 8.079E-01 1.258E+00 8.57E-01
9.441E-02 8.013E-01 1.262E+00 8.57E-01
8.913E-02 8.061E-01 1.253E+00 8.65E-01
8.414E-02 8.016E-01 1.256E+00 8.63E-01
7.943E-02 7.844E-01 1.270E+00 8.54E-01
7.499E-02 7.642E-01 1.288E+00 8.46E-01
7.079E-02 7.486E-01 1.300E+00 8.42E-01
6.683E-02 7.294E-01 1.316E+00 8.36E-01
6.310E-02 7.108E-01 1.331E+00 8.35E-01
5.957E-02 7.361E-01 1.301E+00 8.65E-01
5.623E-02 8.129E-01 1.221E+00 9.14E-01
5.309E-02 8.426E-01 1.189E+00 9.32E-01
5.012E-02 8.616E-01 1.168E+00 9.43E-01
4.732E-02 8.745E-01 1.154E+00 9.51E-01
4.467E-02 8.841E-01 1.143E+00 9.57E-01
4.217E-02 8.915E-01 1.134E+00 9.61E-01
3.981E-02 8.977E-01 1.126E+00 9.65E-01
3.758E-02 9.031E-01 1.120E+00 9.68E-01
3.548E-02 9.078E-01 1.114E+00 9.71E-01
3.350E-02 9.122E-01 1.108E+00 9.74E-01
3.162E-02 9.164E-01 1.103E+00 9.77E-01
2.985E-02 9.204E-01 1.098E+00 9.79E-01
2.818E-02 9.244E-01 1.092E+00 9.81E-01
2.661E-02 9.285E-01 1.087E+00 9.84E-01
2.512E-02 9.328E-01 1.082E+00 9.86E-01
2.371E-02 9.376E-01 1.076E+00 9.88E-01
2.239E-02 9.428E-01 1.070E+00 9.89E-01
2.113E-02 9.465E-01 1.065E+00 9.91E-01
1.995E-02 9.515E-01 1.060E+00 9.92E-01
1.884E-02 9.566E-01 1.054E+00 9.93E-01
1.778E-02 9.569E-01 1.053E+00 9.94E-01
1.679E-02 9.583E-01 1.042E+00 9.94E-01
1.585E-02 9.610E-01 1.039E+00 9.95E-01
1.496E-02 9.637E-01 1.036E+00 9.96E-01
1.413E-02 9.666E-01 1.033E+00 9.96E-01
1.334E-02 9.705E-01 1.030E+00 9.97E-01
1.259E-02 9.720E-01 1.028E+00 9.97E-01
1.189E-02 9.733E-01 1.027E+00 9.98E-01
1.122E-02 9.763E-01 1.024E+00 9.98E-01
1.059E-02 9.817E-01 1.018E+00 9.99E-01
1.000E-02 9.790E-01 1.021E+00 9.98E-01
9.441E-03 9.791E-01 1.021E+00 9.99E-01
8.913E-03 9.800E-01 1.020E+00 9.99E-01
8.414E-03 9.810E-01 1.019E+00 9.99E-01
7.943E-03 9.821E-01 1.018E+00 9.99E-01
7.499E-03 9.837E-01 1.016E+00 9.99E-01
7.079E-03 9.847E-01 1.015E+00 9.99E-01
6.683E-03 9.855E-01 1.015E+00 9.99E-01
6.310E-03 9.864E-01 1.014E+00 9.99E-01
5.957E-03 9.872E-01 1.013E+00 1.00E+00
5.623E-03 9.880E-01 1.012E+00 1.00E+00
5.309E-03 9.885E-01 1.011E+00 1.00E+00
5.012E-03 9.889E-01 1.011E+00 1.00E+00
4.732E-03 9.891E-01 1.011E+00 1.00E+00
4.467E-03 9.891E-01 1.011E+00 1.00E+00
4.217E-03 9.890E-01 1.011E+00 1.00E+00
3.981E-03 9.888E-01 1.011E+00 1.00E+00
3.758E-03 9.884E-01 1.012E+00 1.00E+00
3.548E-03 9.879E-01 1.012E+00 1.00E+00
3.350E-03 9.873E-01 1.013E+00 1.00E+00
3.162E-03 9.864E-01 1.014E+00 1.00E+00
2.985E-03 9.853E-01 1.015E+00 1.00E+00
2.818E-03 9.840E-01 1.016E+00 1.00E+00
2.661E-03 9.819E-01 1.018E+00 1.00E+00
2.512E-03 9.790E-01 1.021E+00 1.00E+00
2.371E-03 9.750E-01 1.025E+00 1.00E+00
2.239E-03 9.942E-01 1.006E+00 1.00E+00
2.113E-03 9.931E-01 1.007E+00 1.00E+00
1.995E-03 9.918E-01 1.008E+00 1.00E+00
1.884E-03 9.901E-01 1.010E+00 1.00E+00
1.778E-03 9.878E-01 1.012E+00 1.00E+00
1.679E-03 9.849E-01 1.015E+00 1.00E+00
1.585E-03 9.937E-01 1.006E+00 1.00E+00
1.496E-03 9.920E-01 1.008E+00 1.00E+00
1.413E-03 9.916E-01 1.008E+00 1.00E+00
1.334E-03 9.892E-01 1.011E+00 1.00E+00
1.259E-03 9.861E-01 1.014E+00 1.00E+00
1.189E-03 9.820E-01 1.018E+00 1.00E+00
1.122E-03 9.762E-01 1.024E+00 1.00E+00
1.059E-03 9.684E-01 1.031E+00 1.00E+00
