w(micron)  Q_abs     Q_sca     g=<cos>
1.000E+03 3.889E-05 1.593E-11 1.58E-06
9.441E+02 4.364E-05 2.006E-11 1.78E-06
8.913E+02 4.897E-05 2.525E-11 1.99E-06
8.414E+02 5.495E-05 3.179E-11 2.24E-06
7.943E+02 6.166E-05 4.002E-11 2.51E-06
7.499E+02 6.919E-05 5.038E-11 2.81E-06
7.079E+02 7.764E-05 6.342E-11 3.16E-06
6.683E+02 8.713E-05 7.985E-11 3.54E-06
6.310E+02 9.777E-05 1.005E-10 3.97E-06
5.957E+02 1.097E-04 1.266E-10 4.46E-06
5.623E+02 1.231E-04 1.593E-10 5.00E-06
5.309E+02 1.382E-04 2.006E-10 5.61E-06
5.012E+02 1.550E-04 2.526E-10 6.30E-06
4.732E+02 1.740E-04 3.180E-10 7.06E-06
4.467E+02 1.953E-04 4.004E-10 7.92E-06
4.217E+02 2.192E-04 5.041E-10 8.89E-06
3.981E+02 2.461E-04 6.346E-10 9.97E-06
3.758E+02 2.762E-04 7.990E-10 1.12E-05
3.548E+02 3.101E-04 1.006E-09 1.25E-05
3.350E+02 3.480E-04 1.266E-09 1.41E-05
3.162E+02 3.906E-04 1.595E-09 1.58E-05
2.985E+02 4.385E-04 2.008E-09 1.77E-05
2.818E+02 4.925E-04 2.528E-09 1.98E-05
2.661E+02 5.532E-04 3.183E-09 2.22E-05
2.512E+02 6.214E-04 4.007E-09 2.49E-05
2.371E+02 6.978E-04 5.046E-09 2.79E-05
2.239E+02 7.838E-04 6.354E-09 3.13E-05
2.113E+02 8.805E-04 8.000E-09 3.51E-05
1.995E+02 9.892E-04 1.007E-08 3.93E-05
1.884E+02 1.112E-03 1.269E-08 4.40E-05
1.778E+02 1.250E-03 1.598E-08 4.93E-05
1.679E+02 1.405E-03 2.012E-08 5.52E-05
1.585E+02 1.580E-03 2.534E-08 6.18E-05
1.496E+02 1.777E-03 3.191E-08 6.91E-05
1.413E+02 2.000E-03 4.019E-08 7.73E-05
1.334E+02 2.251E-03 5.062E-08 8.65E-05
1.259E+02 2.534E-03 6.376E-08 9.66E-05
1.189E+02 2.855E-03 8.029E-08 1.08E-04
1.122E+02 3.216E-03 1.011E-07 1.20E-04
1.059E+02 3.624E-03 1.274E-07 1.34E-04
1.000E+02 4.089E-03 1.605E-07 1.50E-04
9.441E+01 4.613E-03 2.022E-07 1.67E-04
8.913E+01 5.207E-03 2.547E-07 1.85E-04
8.414E+01 5.877E-03 3.208E-07 2.06E-04
7.943E+01 6.642E-03 4.041E-07 2.28E-04
7.499E+01 7.510E-03 5.090E-07 2.53E-04
7.079E+01 8.495E-03 6.410E-07 2.79E-04
6.683E+01 9.607E-03 8.072E-07 3.08E-04
6.310E+01 1.087E-02 1.016E-06 3.39E-04
5.957E+01 1.230E-02 1.279E-06 3.72E-04
5.623E+01 1.392E-02 1.608E-06 4.07E-04
5.309E+01 1.574E-02 2.022E-06 4.45E-04
5.012E+01 1.780E-02 2.541E-06 4.84E-04
4.732E+01 2.010E-02 3.192E-06 5.27E-04
4.467E+01 2.270E-02 4.006E-06 5.72E-04
4.217E+01 2.560E-02 5.025E-06 6.19E-04
3.981E+01 2.883E-02 6.289E-06 6.69E-04
3.758E+01 3.241E-02 7.868E-06 7.23E-04
3.548E+01 3.624E-02 9.865E-06 7.84E-04
3.350E+01 4.059E-02 1.237E-05 8.48E-04
3.162E+01 4.573E-02 1.550E-05 9.13E-04
2.985E+01 5.164E-02 1.940E-05 9.79E-04
2.818E+01 5.831E-02 2.419E-05 1.05E-03
2.661E+01 6.598E-02 3.018E-05 1.12E-03
2.512E+01 7.481E-02 3.768E-05 1.20E-03
2.371E+01 8.470E-02 4.659E-05 1.28E-03
2.239E+01 9.624E-02 5.764E-05 1.36E-03
2.113E+01 1.096E-01 7.033E-05 1.45E-03
1.995E+01 1.255E-01 8.487E-05 1.54E-03
1.884E+01 1.398E-01 9.495E-05 1.65E-03
1.778E+01 1.406E-01 9.738E-05 1.86E-03
1.679E+01 1.282E-01 9.803E-05 2.17E-03
1.585E+01 1.097E-01 1.062E-04 2.56E-03
1.496E+01 9.323E-02 1.314E-04 3.06E-03
1.413E+01 8.415E-02 1.890E-04 3.72E-03
1.334E+01 1.008E-01 2.931E-04 4.35E-03
1.259E+01 1.334E-01 4.245E-04 4.70E-03
1.189E+01 1.777E-01 5.880E-04 4.79E-03
1.122E+01 2.312E-01 7.819E-04 4.75E-03
1.059E+01 3.051E-01 1.036E-03 4.61E-03
1.000E+01 3.695E-01 1.159E-03 4.75E-03
9.441E+00 4.107E-01 1.170E-03 5.07E-03
8.913E+00 3.043E-01 6.241E-04 5.99E-03
8.414E+00 1.970E-01 3.057E-04 7.11E-03
7.943E+00 9.188E-02 1.359E-04 8.39E-03
7.499E+00 4.111E-02 2.906E-04 1.00E-02
7.079E+00 3.257E-02 6.000E-04 1.17E-02
6.683E+00 3.245E-02 9.618E-04 1.35E-02
6.310E+00 3.245E-02 1.398E-03 1.54E-02
5.957E+00 3.193E-02 1.946E-03 1.76E-02
5.623E+00 3.166E-02 2.645E-03 1.99E-02
5.309E+00 3.189E-02 3.539E-03 2.26E-02
5.012E+00 3.261E-02 4.685E-03 2.55E-02
4.732E+00 3.377E-02 6.136E-03 2.88E-02
4.467E+00 3.524E-02 7.986E-03 3.24E-02
4.217E+00 3.702E-02 1.033E-02 3.65E-02
3.981E+00 3.889E-02 1.329E-02 4.10E-02
3.758E+00 4.087E-02 1.706E-02 4.61E-02
3.548E+00 4.305E-02 2.184E-02 5.19E-02
3.350E+00 4.539E-02 2.787E-02 5.83E-02
3.162E+00 4.773E-02 3.551E-02 6.54E-02
2.985E+00 5.041E-02 4.519E-02 7.35E-02
2.818E+00 5.347E-02 5.744E-02 8.26E-02
2.661E+00 5.689E-02 7.290E-02 9.28E-02
2.512E+00 6.073E-02 9.232E-02 1.04E-01
2.371E+00 6.507E-02 1.166E-01 1.17E-01
2.239E+00 6.988E-02 1.470E-01 1.32E-01
2.113E+00 7.523E-02 1.844E-01 1.49E-01
1.995E+00 8.121E-02 2.304E-01 1.69E-01
1.884E+00 8.786E-02 2.864E-01 1.91E-01
1.778E+00 9.531E-02 3.534E-01 2.17E-01
1.679E+00 1.039E-01 4.326E-01 2.48E-01
1.585E+00 1.137E-01 5.247E-01 2.85E-01
1.496E+00 1.251E-01 6.307E-01 3.28E-01
1.413E+00 1.388E-01 7.519E-01 3.78E-01
1.334E+00 1.559E-01 8.936E-01 4.36E-01
1.259E+00 1.775E-01 1.066E+00 4.97E-01
1.189E+00 2.048E-01 1.287E+00 5.52E-01
1.122E+00 2.348E-01 1.569E+00 5.90E-01
1.059E+00 2.597E-01 1.893E+00 6.02E-01
1.000E+00 2.706E-01 2.186E+00 5.94E-01
9.441E-01 2.684E-01 2.379E+00 5.82E-01
8.913E-01 2.667E-01 2.488E+00 5.81E-01
8.414E-01 2.808E-01 2.601E+00 5.99E-01
7.943E-01 3.210E-01 2.819E+00 6.35E-01
7.499E-01 3.796E-01 3.201E+00 6.79E-01
7.079E-01 4.104E-01 3.567E+00 7.03E-01
6.683E-01 3.958E-01 3.631E+00 7.01E-01
6.310E-01 3.883E-01 3.514E+00 6.82E-01
5.957E-01 4.347E-01 3.523E+00 6.71E-01
5.623E-01 5.188E-01 3.814E+00 6.92E-01
5.309E-01 5.048E-01 3.792E+00 7.11E-01
5.012E-01 4.858E-01 3.382E+00 6.96E-01
4.732E-01 5.686E-01 3.137E+00 6.51E-01
4.467E-01 6.211E-01 3.153E+00 6.55E-01
4.217E-01 5.596E-01 2.646E+00 6.42E-01
3.981E-01 6.580E-01 2.152E+00 5.69E-01
3.758E-01 6.781E-01 2.012E+00 5.57E-01
3.548E-01 6.336E-01 1.567E+00 5.00E-01
3.350E-01 7.766E-01 1.382E+00 4.82E-01
3.162E-01 6.964E-01 1.382E+00 5.20E-01
2.985E-01 7.931E-01 1.359E+00 5.91E-01
2.818E-01 7.500E-01 1.680E+00 6.99E-01
2.661E-01 7.298E-01 1.896E+00 7.72E-01
2.512E-01 7.948E-01 2.084E+00 8.17E-01
2.371E-01 7.853E-01 2.139E+00 8.04E-01
2.239E-01 7.397E-01 1.807E+00 7.77E-01
2.113E-01 8.228E-01 1.400E+00 7.41E-01
1.995E-01 9.791E-01 1.405E+00 7.95E-01
1.884E-01 1.103E+00 1.430E+00 8.62E-01
1.778E-01 1.141E+00 1.250E+00 8.73E-01
1.679E-01 1.126E+00 1.257E+00 8.71E-01
1.585E-01 1.100E+00 1.271E+00 8.65E-01
1.496E-01 1.077E+00 1.282E+00 8.59E-01
1.413E-01 1.066E+00 1.283E+00 8.61E-01
1.334E-01 1.057E+00 1.280E+00 8.63E-01
1.259E-01 1.045E+00 1.282E+00 8.64E-01
1.189E-01 1.031E+00 1.286E+00 8.63E-01
1.122E-01 1.016E+00 1.293E+00 8.61E-01
1.059E-01 9.963E-01 1.305E+00 8.56E-01
1.000E-01 9.761E-01 1.318E+00 8.52E-01
9.441E-02 9.601E-01 1.321E+00 8.53E-01
8.913E-02 9.532E-01 1.308E+00 8.61E-01
8.414E-02 9.418E-01 1.311E+00 8.59E-01
7.943E-02 9.145E-01 1.329E+00 8.52E-01
7.499E-02 8.807E-01 1.349E+00 8.45E-01
7.079E-02 8.499E-01 1.361E+00 8.41E-01
6.683E-02 8.135E-01 1.377E+00 8.37E-01
6.310E-02 7.741E-01 1.389E+00 8.36E-01
5.957E-02 7.784E-01 1.347E+00 8.64E-01
5.623E-02 8.524E-01 1.247E+00 9.11E-01
5.309E-02 8.806E-01 1.206E+00 9.28E-01
5.012E-02 8.977E-01 1.179E+00 9.39E-01
4.732E-02 9.084E-01 1.161E+00 9.47E-01
4.467E-02 9.154E-01 1.147E+00 9.53E-01
4.217E-02 9.201E-01 1.135E+00 9.58E-01
3.981E-02 9.234E-01 1.126E+00 9.62E-01
3.758E-02 9.258E-01 1.118E+00 9.66E-01
3.548E-02 9.275E-01 1.110E+00 9.69E-01
3.350E-02 9.289E-01 1.104E+00 9.72E-01
3.162E-02 9.301E-01 1.097E+00 9.75E-01
2.985E-02 9.313E-01 1.091E+00 9.77E-01
2.818E-02 9.324E-01 1.085E+00 9.79E-01
2.661E-02 9.337E-01 1.078E+00 9.82E-01
2.512E-02 9.353E-01 1.072E+00 9.84E-01
2.371E-02 9.376E-01 1.065E+00 9.86E-01
2.239E-02 9.418E-01 1.057E+00 9.88E-01
2.113E-02 9.435E-01 1.051E+00 9.89E-01
1.995E-02 9.470E-01 1.044E+00 9.91E-01
1.884E-02 9.536E-01 1.036E+00 9.92E-01
1.778E-02 9.512E-01 1.037E+00 9.93E-01
1.679E-02 9.513E-01 1.035E+00 9.93E-01
1.585E-02 9.520E-01 1.032E+00 9.94E-01
1.496E-02 9.527E-01 1.030E+00 9.95E-01
1.413E-02 9.536E-01 1.028E+00 9.96E-01
1.334E-02 9.577E-01 1.023E+00 9.96E-01
1.259E-02 9.583E-01 1.023E+00 9.97E-01
1.189E-02 9.568E-01 1.025E+00 9.97E-01
1.122E-02 9.576E-01 1.025E+00 9.98E-01
1.059E-02 9.721E-01 1.003E+00 9.98E-01
1.000E-02 9.647E-01 1.017E+00 9.98E-01
9.441E-03 9.617E-01 1.023E+00 9.98E-01
8.913E-03 9.594E-01 1.027E+00 9.98E-01
8.414E-03 9.569E-01 1.033E+00 9.99E-01
7.943E-03 9.542E-01 1.039E+00 9.99E-01
7.499E-03 9.512E-01 1.049E+00 9.99E-01
7.079E-03 9.519E-01 1.050E+00 9.99E-01
6.683E-03 9.470E-01 1.061E+00 9.99E-01
6.310E-03 9.409E-01 1.077E+00 9.99E-01
5.957E-03 9.334E-01 1.097E+00 9.99E-01
5.623E-03 9.238E-01 1.125E+00 9.99E-01
5.309E-03 9.121E-01 1.163E+00 1.00E+00
5.012E-03 8.979E-01 1.211E+00 1.00E+00
4.732E-03 8.807E-01 1.270E+00 1.00E+00
4.467E-03 8.602E-01 1.342E+00 1.00E+00
4.217E-03 8.363E-01 1.423E+00 1.00E+00
3.981E-03 8.090E-01 1.511E+00 1.00E+00
3.758E-03 7.782E-01 1.601E+00 1.00E+00
3.548E-03 7.440E-01 1.687E+00 1.00E+00
3.350E-03 7.068E-01 1.763E+00 1.00E+00
3.162E-03 6.673E-01 1.821E+00 1.00E+00
2.985E-03 6.267E-01 1.856E+00 1.00E+00
2.818E-03 5.830E-01 1.860E+00 1.00E+00
2.661E-03 5.372E-01 1.826E+00 1.00E+00
2.512E-03 4.933E-01 1.714E+00 1.00E+00
2.371E-03 4.504E-01 1.256E+00 1.00E+00
2.239E-03 7.355E-01 1.119E+00 1.00E+00
2.113E-03 6.995E-01 1.206E+00 1.00E+00
1.995E-03 6.597E-01 1.243E+00 1.00E+00
1.884E-03 6.171E-01 1.223E+00 1.00E+00
1.778E-03 5.726E-01 1.155E+00 1.00E+00
1.679E-03 5.271E-01 9.815E-01 1.00E+00
1.585E-03 6.857E-01 1.067E+00 1.00E+00
1.496E-03 6.411E-01 1.071E+00 1.00E+00
1.413E-03 6.312E-01 1.082E+00 1.00E+00
1.334E-03 5.862E-01 1.087E+00 1.00E+00
1.259E-03 5.405E-01 1.080E+00 1.00E+00
1.189E-03 4.948E-01 1.063E+00 1.00E+00
1.122E-03 4.481E-01 1.035E+00 1.00E+00
1.059E-03 4.031E-01 9.953E-01 1.00E+00
