w(micron)  Q_abs     Q_sca     g=<cos>
1.000E+03 3.889E-06 1.593E-15 0.00E+00
9.441E+02 4.364E-06 2.006E-15 0.00E+00
8.913E+02 4.897E-06 2.525E-15 0.00E+00
8.414E+02 5.495E-06 3.179E-15 0.00E+00
7.943E+02 6.166E-06 4.002E-15 0.00E+00
7.499E+02 6.919E-06 5.038E-15 0.00E+00
7.079E+02 7.764E-06 6.342E-15 0.00E+00
6.683E+02 8.712E-06 7.985E-15 0.00E+00
6.310E+02 9.777E-06 1.005E-14 0.00E+00
5.957E+02 1.097E-05 1.266E-14 0.00E+00
5.623E+02 1.231E-05 1.593E-14 0.00E+00
5.309E+02 1.382E-05 2.006E-14 0.00E+00
5.012E+02 1.550E-05 2.526E-14 0.00E+00
4.732E+02 1.740E-05 3.180E-14 0.00E+00
4.467E+02 1.953E-05 4.004E-14 0.00E+00
4.217E+02 2.192E-05 5.041E-14 0.00E+00
3.981E+02 2.461E-05 6.346E-14 0.00E+00
3.758E+02 2.762E-05 7.989E-14 0.00E+00
3.548E+02 3.100E-05 1.006E-13 0.00E+00
3.350E+02 3.480E-05 1.266E-13 0.00E+00
3.162E+02 3.906E-05 1.595E-13 0.00E+00
2.985E+02 4.385E-05 2.008E-13 0.00E+00
2.818E+02 4.925E-05 2.528E-13 0.00E+00
2.661E+02 5.531E-05 3.183E-13 0.00E+00
2.512E+02 6.213E-05 4.007E-13 0.00E+00
2.371E+02 6.977E-05 5.046E-13 0.00E+00
2.239E+02 7.837E-05 6.353E-13 0.00E+00
2.113E+02 8.803E-05 8.000E-13 0.00E+00
1.995E+02 9.890E-05 1.007E-12 0.00E+00
1.884E+02 1.111E-04 1.269E-12 0.00E+00
1.778E+02 1.249E-04 1.598E-12 0.00E+00
1.679E+02 1.405E-04 2.012E-12 5.52E-07
1.585E+02 1.579E-04 2.533E-12 6.17E-07
1.496E+02 1.777E-04 3.191E-12 6.91E-07
1.413E+02 1.999E-04 4.018E-12 7.73E-07
1.334E+02 2.249E-04 5.061E-12 8.65E-07
1.259E+02 2.532E-04 6.375E-12 9.66E-07
1.189E+02 2.853E-04 8.027E-12 1.08E-06
1.122E+02 3.213E-04 1.011E-11 1.20E-06
1.059E+02 3.621E-04 1.274E-11 1.34E-06
1.000E+02 4.085E-04 1.604E-11 1.50E-06
9.441E+01 4.608E-04 2.021E-11 1.67E-06
8.913E+01 5.201E-04 2.546E-11 1.85E-06
8.414E+01 5.870E-04 3.207E-11 2.06E-06
7.943E+01 6.632E-04 4.040E-11 2.28E-06
7.499E+01 7.497E-04 5.087E-11 2.53E-06
7.079E+01 8.479E-04 6.406E-11 2.79E-06
6.683E+01 9.588E-04 8.067E-11 3.08E-06
6.310E+01 1.085E-03 1.015E-10 3.39E-06
5.957E+01 1.227E-03 1.278E-10 3.72E-06
5.623E+01 1.389E-03 1.607E-10 4.07E-06
5.309E+01 1.570E-03 2.020E-10 4.45E-06
5.012E+01 1.774E-03 2.539E-10 4.84E-06
4.732E+01 2.003E-03 3.188E-10 5.27E-06
4.467E+01 2.261E-03 4.001E-10 5.72E-06
4.217E+01 2.550E-03 5.018E-10 6.19E-06
3.981E+01 2.870E-03 6.279E-10 6.70E-06
3.758E+01 3.225E-03 7.854E-10 7.24E-06
3.548E+01 3.605E-03 9.846E-10 7.85E-06
3.350E+01 4.036E-03 1.234E-09 8.49E-06
3.162E+01 4.545E-03 1.547E-09 9.14E-06
2.985E+01 5.131E-03 1.935E-09 9.81E-06
2.818E+01 5.790E-03 2.412E-09 1.05E-05
2.661E+01 6.548E-03 3.008E-09 1.12E-05
2.512E+01 7.421E-03 3.755E-09 1.20E-05
2.371E+01 8.399E-03 4.641E-09 1.28E-05
2.239E+01 9.538E-03 5.741E-09 1.37E-05
2.113E+01 1.086E-02 7.003E-09 1.45E-05
1.995E+01 1.244E-02 8.451E-09 1.54E-05
1.884E+01 1.385E-02 9.457E-09 1.66E-05
1.778E+01 1.394E-02 9.704E-09 1.87E-05
1.679E+01 1.270E-02 9.773E-09 2.17E-05
1.585E+01 1.086E-02 1.058E-08 2.57E-05
1.496E+01 9.208E-03 1.309E-08 3.07E-05
1.413E+01 8.281E-03 1.879E-08 3.73E-05
1.334E+01 9.878E-03 2.908E-08 4.36E-05
1.259E+01 1.303E-02 4.203E-08 4.72E-05
1.189E+01 1.732E-02 5.816E-08 4.82E-05
1.122E+01 2.252E-02 7.733E-08 4.78E-05
1.059E+01 2.978E-02 1.026E-07 4.64E-05
1.000E+01 3.628E-02 1.154E-07 4.76E-05
9.441E+00 4.071E-02 1.177E-07 5.07E-05
8.913E+00 3.042E-02 6.335E-08 5.97E-05
8.414E+00 1.966E-02 3.106E-08 7.09E-05
7.943E+00 9.122E-03 1.378E-08 8.39E-05
7.499E+00 4.040E-03 2.926E-08 1.00E-04
7.079E+00 3.173E-03 6.013E-08 1.18E-04
6.683E+00 3.138E-03 9.610E-08 1.36E-04
6.310E+00 3.116E-03 1.394E-07 1.55E-04
5.957E+00 3.043E-03 1.935E-07 1.77E-04
5.623E+00 2.993E-03 2.624E-07 2.01E-04
5.309E+00 2.988E-03 3.502E-07 2.27E-04
5.012E+00 3.026E-03 4.623E-07 2.57E-04
4.732E+00 3.101E-03 6.039E-07 2.90E-04
4.467E+00 3.199E-03 7.838E-07 3.28E-04
4.217E+00 3.319E-03 1.011E-06 3.69E-04
3.981E+00 3.439E-03 1.297E-06 4.16E-04
3.758E+00 3.560E-03 1.659E-06 4.68E-04
3.548E+00 3.689E-03 2.117E-06 5.27E-04
3.350E+00 3.820E-03 2.694E-06 5.92E-04
3.162E+00 3.940E-03 3.422E-06 6.65E-04
2.985E+00 4.074E-03 4.342E-06 7.48E-04
2.818E+00 4.223E-03 5.506E-06 8.40E-04
2.661E+00 4.383E-03 6.975E-06 9.44E-04
2.512E+00 4.556E-03 8.825E-06 1.06E-03
2.371E+00 4.747E-03 1.116E-05 1.19E-03
2.239E+00 4.948E-03 1.410E-05 1.34E-03
2.113E+00 5.162E-03 1.779E-05 1.50E-03
1.995E+00 5.394E-03 2.245E-05 1.68E-03
1.884E+00 5.639E-03 2.833E-05 1.89E-03
1.778E+00 5.905E-03 3.572E-05 2.12E-03
1.679E+00 6.200E-03 4.503E-05 2.38E-03
1.585E+00 6.519E-03 5.676E-05 2.67E-03
1.496E+00 6.853E-03 7.154E-05 3.00E-03
1.413E+00 7.209E-03 9.012E-05 3.36E-03
1.334E+00 7.584E-03 1.135E-04 3.77E-03
1.259E+00 7.984E-03 1.430E-04 4.23E-03
1.189E+00 8.434E-03 1.801E-04 4.75E-03
1.122E+00 8.915E-03 2.269E-04 5.33E-03
1.059E+00 9.428E-03 2.858E-04 5.97E-03
1.000E+00 9.975E-03 3.600E-04 6.70E-03
9.441E-01 1.056E-02 4.535E-04 7.52E-03
8.913E-01 1.119E-02 5.713E-04 8.43E-03
8.414E-01 1.185E-02 7.201E-04 9.46E-03
7.943E-01 1.256E-02 9.079E-04 1.06E-02
7.499E-01 1.331E-02 1.145E-03 1.19E-02
7.079E-01 1.412E-02 1.444E-03 1.33E-02
6.683E-01 1.498E-02 1.822E-03 1.50E-02
6.310E-01 1.591E-02 2.301E-03 1.68E-02
5.957E-01 1.692E-02 2.906E-03 1.88E-02
5.623E-01 1.800E-02 3.674E-03 2.11E-02
5.309E-01 1.917E-02 4.649E-03 2.37E-02
5.012E-01 2.043E-02 5.887E-03 2.66E-02
4.732E-01 2.179E-02 7.463E-03 2.98E-02
4.467E-01 2.325E-02 9.474E-03 3.35E-02
4.217E-01 2.486E-02 1.204E-02 3.75E-02
3.981E-01 2.658E-02 1.532E-02 4.21E-02
3.758E-01 2.843E-02 1.953E-02 4.73E-02
3.548E-01 3.044E-02 2.495E-02 5.32E-02
3.350E-01 3.263E-02 3.194E-02 5.98E-02
3.162E-01 3.499E-02 4.104E-02 6.72E-02
2.985E-01 3.757E-02 5.287E-02 7.57E-02
2.818E-01 4.039E-02 6.835E-02 8.53E-02
2.661E-01 4.346E-02 8.879E-02 9.63E-02
2.512E-01 4.671E-02 1.161E-01 1.09E-01
2.371E-01 5.031E-02 1.529E-01 1.24E-01
2.239E-01 5.442E-02 2.041E-01 1.42E-01
2.113E-01 7.093E-02 2.769E-01 1.63E-01
1.995E-01 1.106E-01 3.770E-01 1.91E-01
1.884E-01 1.864E-01 5.136E-01 2.27E-01
1.778E-01 3.248E-01 6.974E-01 2.75E-01
1.679E-01 5.873E-01 9.348E-01 3.39E-01
1.585E-01 1.029E+00 1.191E+00 4.00E-01
1.496E-01 1.426E+00 1.297E+00 4.11E-01
1.413E-01 1.537E+00 1.216E+00 4.11E-01
1.334E-01 1.559E+00 1.182E+00 4.32E-01
1.259E-01 1.573E+00 1.164E+00 4.58E-01
1.189E-01 1.585E+00 1.147E+00 4.89E-01
1.122E-01 1.603E+00 1.135E+00 5.24E-01
1.059E-01 1.622E+00 1.135E+00 5.58E-01
1.000E-01 1.626E+00 1.115E+00 5.86E-01
9.441E-02 1.605E+00 1.091E+00 6.10E-01
8.913E-02 1.561E+00 1.028E+00 6.33E-01
8.414E-02 1.541E+00 1.062E+00 6.51E-01
7.943E-02 1.507E+00 1.085E+00 6.62E-01
7.499E-02 1.451E+00 1.095E+00 6.72E-01
7.079E-02 1.372E+00 1.090E+00 6.82E-01
6.683E-02 1.259E+00 1.086E+00 6.90E-01
6.310E-02 1.093E+00 1.055E+00 6.97E-01
5.957E-02 9.202E-01 9.028E-01 7.28E-01
5.623E-02 9.186E-01 6.969E-01 7.77E-01
5.309E-02 9.179E-01 6.302E-01 8.03E-01
5.012E-02 9.119E-01 5.912E-01 8.23E-01
4.732E-02 9.025E-01 5.673E-01 8.39E-01
4.467E-02 8.909E-01 5.514E-01 8.54E-01
4.217E-02 8.776E-01 5.400E-01 8.67E-01
3.981E-02 8.630E-01 5.310E-01 8.79E-01
3.758E-02 8.471E-01 5.233E-01 8.90E-01
3.548E-02 8.302E-01 5.162E-01 9.00E-01
3.350E-02 8.125E-01 5.093E-01 9.08E-01
3.162E-02 7.941E-01 5.015E-01 9.16E-01
2.985E-02 7.750E-01 4.927E-01 9.24E-01
2.818E-02 7.551E-01 4.826E-01 9.32E-01
2.661E-02 7.348E-01 4.707E-01 9.38E-01
2.512E-02 7.135E-01 4.557E-01 9.44E-01
2.371E-02 6.920E-01 4.355E-01 9.49E-01
2.239E-02 6.834E-01 4.181E-01 9.54E-01
2.113E-02 6.666E-01 4.038E-01 9.58E-01
1.995E-02 6.510E-01 3.798E-01 9.63E-01
1.884E-02 6.669E-01 3.699E-01 9.66E-01
1.778E-02 6.455E-01 3.743E-01 9.69E-01
1.679E-02 6.268E-01 3.654E-01 9.72E-01
1.585E-02 6.086E-01 3.527E-01 9.75E-01
1.496E-02 5.901E-01 3.385E-01 9.77E-01
1.413E-02 5.707E-01 3.204E-01 9.79E-01
1.334E-02 5.681E-01 2.973E-01 9.81E-01
1.259E-02 5.606E-01 2.949E-01 9.83E-01
1.189E-02 5.370E-01 2.882E-01 9.85E-01
1.122E-02 5.130E-01 2.591E-01 9.86E-01
1.059E-02 5.817E-01 2.354E-01 9.87E-01
1.000E-02 5.541E-01 2.740E-01 9.89E-01
9.441E-03 5.271E-01 2.767E-01 9.90E-01
8.913E-03 4.996E-01 2.702E-01 9.91E-01
8.414E-03 4.715E-01 2.597E-01 9.92E-01
7.943E-03 4.431E-01 2.462E-01 9.92E-01
7.499E-03 4.150E-01 2.258E-01 9.93E-01
7.079E-03 4.133E-01 2.243E-01 9.94E-01
6.683E-03 3.853E-01 2.155E-01 9.94E-01
6.310E-03 3.577E-01 2.041E-01 9.95E-01
5.957E-03 3.313E-01 1.918E-01 9.95E-01
5.623E-03 3.050E-01 1.790E-01 9.96E-01
5.309E-03 2.801E-01 1.659E-01 9.96E-01
5.012E-03 2.566E-01 1.531E-01 9.97E-01
4.732E-03 2.342E-01 1.407E-01 9.97E-01
4.467E-03 2.130E-01 1.287E-01 9.97E-01
4.217E-03 1.931E-01 1.172E-01 9.98E-01
3.981E-03 1.745E-01 1.064E-01 9.98E-01
3.758E-03 1.572E-01 9.606E-02 9.98E-01
3.548E-03 1.411E-01 8.626E-02 9.98E-01
3.350E-03 1.262E-01 7.708E-02 9.98E-01
3.162E-03 1.126E-01 6.846E-02 9.99E-01
2.985E-03 1.004E-01 6.062E-02 9.99E-01
2.818E-03 8.877E-02 5.275E-02 9.99E-01
2.661E-03 7.797E-02 4.519E-02 9.99E-01
2.512E-03 6.864E-02 3.692E-02 9.99E-01
2.371E-03 6.032E-02 2.188E-02 9.99E-01
2.239E-03 1.366E-01 3.003E-02 9.99E-01
2.113E-03 1.230E-01 3.090E-02 9.99E-01
1.995E-03 1.098E-01 2.972E-02 9.99E-01
1.884E-03 9.748E-02 2.681E-02 9.99E-01
1.778E-03 8.607E-02 2.303E-02 9.99E-01
1.679E-03 7.563E-02 1.433E-02 1.00E+00
1.585E-03 1.181E-01 2.187E-02 1.00E+00
1.496E-03 1.041E-01 2.053E-02 1.00E+00
1.413E-03 1.013E-01 2.098E-02 1.00E+00
1.334E-03 8.935E-02 1.993E-02 1.00E+00
1.259E-03 7.855E-02 1.842E-02 1.00E+00
1.189E-03 6.884E-02 1.688E-02 1.00E+00
1.122E-03 5.984E-02 1.530E-02 1.00E+00
1.059E-03 5.189E-02 1.373E-02 1.00E+00
