w(micron)  Q_abs     Q_sca     g=<cos>
1.000E+03 2.753E-06 4.002E-16 0.00E+00
9.441E+02 3.089E-06 5.038E-16 0.00E+00
8.913E+02 3.467E-06 6.342E-16 0.00E+00
8.414E+02 3.890E-06 7.984E-16 0.00E+00
7.943E+02 4.365E-06 1.005E-15 0.00E+00
7.499E+02 4.898E-06 1.265E-15 0.00E+00
7.079E+02 5.497E-06 1.593E-15 0.00E+00
6.683E+02 6.168E-06 2.006E-15 0.00E+00
6.310E+02 6.921E-06 2.525E-15 0.00E+00
5.957E+02 7.767E-06 3.179E-15 0.00E+00
5.623E+02 8.716E-06 4.002E-15 0.00E+00
5.309E+02 9.781E-06 5.039E-15 0.00E+00
5.012E+02 1.098E-05 6.344E-15 0.00E+00
4.732E+02 1.232E-05 7.988E-15 0.00E+00
4.467E+02 1.383E-05 1.006E-14 0.00E+00
4.217E+02 1.552E-05 1.266E-14 0.00E+00
3.981E+02 1.742E-05 1.594E-14 0.00E+00
3.758E+02 1.955E-05 2.007E-14 0.00E+00
3.548E+02 2.195E-05 2.527E-14 0.00E+00
3.350E+02 2.463E-05 3.181E-14 0.00E+00
3.162E+02 2.765E-05 4.005E-14 0.00E+00
2.985E+02 3.104E-05 5.043E-14 0.00E+00
2.818E+02 3.486E-05 6.350E-14 0.00E+00
2.661E+02 3.916E-05 7.995E-14 0.00E+00
2.512E+02 4.398E-05 1.007E-13 0.00E+00
2.371E+02 4.940E-05 1.267E-13 0.00E+00
2.239E+02 5.548E-05 1.596E-13 0.00E+00
2.113E+02 6.232E-05 2.009E-13 0.00E+00
1.995E+02 7.002E-05 2.530E-13 0.00E+00
1.884E+02 7.868E-05 3.186E-13 0.00E+00
1.778E+02 8.844E-05 4.013E-13 0.00E+00
1.679E+02 9.943E-05 5.053E-13 0.00E+00
1.585E+02 1.118E-04 6.364E-13 0.00E+00
1.496E+02 1.258E-04 8.014E-13 0.00E+00
1.413E+02 1.415E-04 1.009E-12 0.00E+00
1.334E+02 1.592E-04 1.271E-12 0.00E+00
1.259E+02 1.793E-04 1.601E-12 0.00E+00
1.189E+02 2.020E-04 2.016E-12 5.40E-07
1.122E+02 2.275E-04 2.540E-12 6.03E-07
1.059E+02 2.563E-04 3.200E-12 6.74E-07
1.000E+02 2.892E-04 4.030E-12 7.50E-07
9.441E+01 3.262E-04 5.077E-12 8.35E-07
8.913E+01 3.682E-04 6.395E-12 9.29E-07
8.414E+01 4.155E-04 8.056E-12 1.03E-06
7.943E+01 4.695E-04 1.015E-11 1.14E-06
7.499E+01 5.308E-04 1.278E-11 1.27E-06
7.079E+01 6.003E-04 1.609E-11 1.40E-06
6.683E+01 6.787E-04 2.026E-11 1.54E-06
6.310E+01 7.681E-04 2.550E-11 1.70E-06
5.957E+01 8.690E-04 3.209E-11 1.86E-06
5.623E+01 9.832E-04 4.036E-11 2.04E-06
5.309E+01 1.111E-03 5.075E-11 2.23E-06
5.012E+01 1.256E-03 6.377E-11 2.43E-06
4.732E+01 1.418E-03 8.007E-11 2.64E-06
4.467E+01 1.601E-03 1.005E-10 2.87E-06
4.217E+01 1.805E-03 1.260E-10 3.10E-06
3.981E+01 2.032E-03 1.577E-10 3.36E-06
3.758E+01 2.283E-03 1.973E-10 3.63E-06
3.548E+01 2.552E-03 2.473E-10 3.93E-06
3.350E+01 2.857E-03 3.100E-10 4.25E-06
3.162E+01 3.217E-03 3.885E-10 4.58E-06
2.985E+01 3.632E-03 4.861E-10 4.91E-06
2.818E+01 4.099E-03 6.060E-10 5.27E-06
2.661E+01 4.636E-03 7.556E-10 5.63E-06
2.512E+01 5.254E-03 9.431E-10 6.01E-06
2.371E+01 5.945E-03 1.166E-09 6.42E-06
2.239E+01 6.752E-03 1.442E-09 6.84E-06
2.113E+01 7.684E-03 1.759E-09 7.28E-06
1.995E+01 8.803E-03 2.123E-09 7.72E-06
1.884E+01 9.807E-03 2.375E-09 8.31E-06
1.778E+01 9.867E-03 2.438E-09 9.36E-06
1.679E+01 8.991E-03 2.455E-09 1.09E-05
1.585E+01 7.690E-03 2.658E-09 1.29E-05
1.496E+01 6.519E-03 3.287E-09 1.54E-05
1.413E+01 5.862E-03 4.720E-09 1.87E-05
1.334E+01 6.992E-03 7.303E-09 2.19E-05
1.259E+01 9.222E-03 1.056E-08 2.37E-05
1.189E+01 1.226E-02 1.461E-08 2.41E-05
1.122E+01 1.594E-02 1.942E-08 2.40E-05
1.059E+01 2.108E-02 2.577E-08 2.33E-05
1.000E+01 2.568E-02 2.899E-08 2.39E-05
9.441E+00 2.882E-02 2.955E-08 2.54E-05
8.913E+00 2.153E-02 1.591E-08 2.99E-05
8.414E+00 1.392E-02 7.802E-09 3.56E-05
7.943E+00 6.457E-03 3.461E-09 4.20E-05
7.499E+00 2.860E-03 7.350E-09 5.03E-05
7.079E+00 2.246E-03 1.510E-08 5.90E-05
6.683E+00 2.221E-03 2.414E-08 6.81E-05
6.310E+00 2.205E-03 3.501E-08 7.78E-05
5.957E+00 2.154E-03 4.859E-08 8.86E-05
5.623E+00 2.118E-03 6.591E-08 1.01E-04
5.309E+00 2.115E-03 8.796E-08 1.14E-04
5.012E+00 2.141E-03 1.161E-07 1.29E-04
4.732E+00 2.194E-03 1.517E-07 1.46E-04
4.467E+00 2.264E-03 1.969E-07 1.64E-04
4.217E+00 2.348E-03 2.538E-07 1.85E-04
3.981E+00 2.433E-03 3.257E-07 2.08E-04
3.758E+00 2.518E-03 4.168E-07 2.35E-04
3.548E+00 2.609E-03 5.318E-07 2.64E-04
3.350E+00 2.702E-03 6.766E-07 2.97E-04
3.162E+00 2.786E-03 8.593E-07 3.34E-04
2.985E+00 2.880E-03 1.090E-06 3.75E-04
2.818E+00 2.986E-03 1.383E-06 4.21E-04
2.661E+00 3.098E-03 1.751E-06 4.73E-04
2.512E+00 3.220E-03 2.216E-06 5.31E-04
2.371E+00 3.354E-03 2.801E-06 5.97E-04
2.239E+00 3.495E-03 3.539E-06 6.70E-04
2.113E+00 3.646E-03 4.466E-06 7.52E-04
1.995E+00 3.808E-03 5.636E-06 8.44E-04
1.884E+00 3.980E-03 7.109E-06 9.48E-04
1.778E+00 4.165E-03 8.963E-06 1.06E-03
1.679E+00 4.372E-03 1.130E-05 1.19E-03
1.585E+00 4.594E-03 1.424E-05 1.34E-03
1.496E+00 4.827E-03 1.795E-05 1.50E-03
1.413E+00 5.075E-03 2.260E-05 1.69E-03
1.334E+00 5.335E-03 2.847E-05 1.89E-03
1.259E+00 5.612E-03 3.586E-05 2.12E-03
1.189E+00 5.923E-03 4.516E-05 2.38E-03
1.122E+00 6.255E-03 5.687E-05 2.67E-03
1.059E+00 6.608E-03 7.161E-05 3.00E-03
1.000E+00 6.984E-03 9.018E-05 3.36E-03
9.441E-01 7.386E-03 1.135E-04 3.77E-03
8.913E-01 7.812E-03 1.430E-04 4.23E-03
8.414E-01 8.261E-03 1.802E-04 4.75E-03
7.943E-01 8.737E-03 2.271E-04 5.33E-03
7.499E-01 9.242E-03 2.862E-04 5.98E-03
7.079E-01 9.780E-03 3.608E-04 6.70E-03
6.683E-01 1.035E-02 4.550E-04 7.52E-03
6.310E-01 1.096E-02 5.740E-04 8.44E-03
5.957E-01 1.162E-02 7.246E-04 9.47E-03
5.623E-01 1.232E-02 9.153E-04 1.06E-02
5.309E-01 1.307E-02 1.157E-03 1.19E-02
5.012E-01 1.386E-02 1.464E-03 1.34E-02
4.732E-01 1.472E-02 1.854E-03 1.50E-02
4.467E-01 1.562E-02 2.351E-03 1.69E-02
4.217E-01 1.660E-02 2.983E-03 1.89E-02
3.981E-01 1.763E-02 3.791E-03 2.12E-02
3.758E-01 1.872E-02 4.826E-03 2.39E-02
3.548E-01 1.988E-02 6.156E-03 2.68E-02
3.350E-01 2.112E-02 7.869E-03 3.01E-02
3.162E-01 2.243E-02 1.009E-02 3.39E-02
2.985E-01 2.382E-02 1.298E-02 3.81E-02
2.818E-01 2.530E-02 1.677E-02 4.29E-02
2.661E-01 2.685E-02 2.175E-02 4.84E-02
2.512E-01 2.843E-02 2.843E-02 5.47E-02
2.371E-01 3.009E-02 3.743E-02 6.18E-02
2.239E-01 3.188E-02 4.998E-02 7.02E-02
2.113E-01 4.051E-02 6.801E-02 8.03E-02
1.995E-01 6.134E-02 9.333E-02 9.22E-02
1.884E-01 9.964E-02 1.293E-01 1.07E-01
1.778E-01 1.655E-01 1.807E-01 1.24E-01
1.679E-01 2.827E-01 2.541E-01 1.47E-01
1.585E-01 4.909E-01 3.541E-01 1.73E-01
1.496E-01 8.045E-01 4.631E-01 1.95E-01
1.413E-01 1.071E+00 5.310E-01 2.05E-01
1.334E-01 1.224E+00 5.968E-01 2.22E-01
1.259E-01 1.360E+00 6.732E-01 2.42E-01
1.189E-01 1.474E+00 7.493E-01 2.64E-01
1.122E-01 1.559E+00 8.187E-01 2.87E-01
1.059E-01 1.616E+00 8.796E-01 3.10E-01
1.000E-01 1.638E+00 8.870E-01 3.35E-01
9.441E-02 1.634E+00 8.667E-01 3.71E-01
8.913E-02 1.600E+00 8.011E-01 4.15E-01
8.414E-02 1.603E+00 8.431E-01 4.60E-01
7.943E-02 1.600E+00 8.752E-01 4.98E-01
7.499E-02 1.559E+00 8.893E-01 5.28E-01
7.079E-02 1.474E+00 8.830E-01 5.51E-01
6.683E-02 1.344E+00 8.705E-01 5.66E-01
6.310E-02 1.140E+00 8.200E-01 5.76E-01
5.957E-02 9.039E-01 6.461E-01 5.99E-01
5.623E-02 8.720E-01 4.698E-01 6.52E-01
5.309E-02 8.628E-01 4.179E-01 6.90E-01
5.012E-02 8.516E-01 3.883E-01 7.23E-01
4.732E-02 8.383E-01 3.705E-01 7.50E-01
4.467E-02 8.233E-01 3.589E-01 7.73E-01
4.217E-02 8.065E-01 3.506E-01 7.93E-01
3.981E-02 7.885E-01 3.441E-01 8.10E-01
3.758E-02 7.692E-01 3.384E-01 8.26E-01
3.548E-02 7.490E-01 3.328E-01 8.40E-01
3.350E-02 7.281E-01 3.269E-01 8.53E-01
3.162E-02 7.066E-01 3.203E-01 8.66E-01
2.985E-02 6.843E-01 3.126E-01 8.79E-01
2.818E-02 6.613E-01 3.039E-01 8.91E-01
2.661E-02 6.380E-01 2.940E-01 9.00E-01
2.512E-02 6.136E-01 2.821E-01 9.09E-01
2.371E-02 5.893E-01 2.669E-01 9.16E-01
2.239E-02 5.791E-01 2.551E-01 9.24E-01
2.113E-02 5.609E-01 2.445E-01 9.32E-01
1.995E-02 5.436E-01 2.281E-01 9.38E-01
1.884E-02 5.587E-01 2.235E-01 9.43E-01
1.778E-02 5.369E-01 2.249E-01 9.48E-01
1.679E-02 5.177E-01 2.180E-01 9.53E-01
1.585E-02 4.992E-01 2.089E-01 9.58E-01
1.496E-02 4.807E-01 1.990E-01 9.61E-01
1.413E-02 4.615E-01 1.868E-01 9.65E-01
1.334E-02 4.585E-01 1.728E-01 9.68E-01
1.259E-02 4.511E-01 1.712E-01 9.71E-01
1.189E-02 4.290E-01 1.660E-01 9.74E-01
1.122E-02 4.066E-01 1.477E-01 9.76E-01
1.059E-02 4.696E-01 1.369E-01 9.78E-01
1.000E-02 4.441E-01 1.588E-01 9.80E-01
9.441E-03 4.191E-01 1.591E-01 9.82E-01
8.913E-03 3.940E-01 1.540E-01 9.84E-01
8.414E-03 3.689E-01 1.467E-01 9.85E-01
7.943E-03 3.440E-01 1.378E-01 9.87E-01
7.499E-03 3.198E-01 1.252E-01 9.88E-01
7.079E-03 3.183E-01 1.243E-01 9.89E-01
6.683E-03 2.946E-01 1.185E-01 9.90E-01
6.310E-03 2.717E-01 1.114E-01 9.91E-01
5.957E-03 2.501E-01 1.039E-01 9.92E-01
5.623E-03 2.289E-01 9.624E-02 9.93E-01
5.309E-03 2.091E-01 8.863E-02 9.93E-01
5.012E-03 1.905E-01 8.129E-02 9.94E-01
4.732E-03 1.731E-01 7.429E-02 9.95E-01
4.467E-03 1.568E-01 6.762E-02 9.95E-01
4.217E-03 1.416E-01 6.128E-02 9.96E-01
3.981E-03 1.275E-01 5.536E-02 9.96E-01
3.758E-03 1.144E-01 4.979E-02 9.96E-01
3.548E-03 1.024E-01 4.454E-02 9.97E-01
3.350E-03 9.133E-02 3.967E-02 9.97E-01
3.162E-03 8.129E-02 3.513E-02 9.97E-01
2.985E-03 7.231E-02 3.102E-02 9.98E-01
2.818E-03 6.381E-02 2.693E-02 9.98E-01
2.661E-03 5.594E-02 2.301E-02 9.98E-01
2.512E-03 4.916E-02 1.876E-02 9.98E-01
2.371E-03 4.314E-02 1.109E-02 9.98E-01
2.239E-03 9.903E-02 1.545E-02 9.99E-01
2.113E-03 8.892E-02 1.586E-02 9.99E-01
1.995E-03 7.921E-02 1.521E-02 9.99E-01
1.884E-03 7.017E-02 1.369E-02 9.99E-01
1.778E-03 6.183E-02 1.173E-02 9.99E-01
1.679E-03 5.423E-02 7.283E-03 9.99E-01
1.585E-03 8.530E-02 1.121E-02 9.99E-01
1.496E-03 7.504E-02 1.050E-02 9.99E-01
1.413E-03 7.295E-02 1.072E-02 9.99E-01
1.334E-03 6.423E-02 1.016E-02 9.99E-01
1.259E-03 5.636E-02 9.373E-03 9.99E-01
1.189E-03 4.931E-02 8.570E-03 1.00E+00
1.122E-03 4.279E-02 7.754E-03 1.00E+00
1.059E-03 3.706E-02 6.951E-03 1.00E+00
