w(micron)  Q_abs     Q_sca     g=<cos>
1.000E+03 1.950E-04 1.005E-08 3.98E-05
9.441E+02 2.188E-04 1.266E-08 4.46E-05
8.913E+02 2.455E-04 1.593E-08 5.01E-05
8.414E+02 2.755E-04 2.006E-08 5.62E-05
7.943E+02 3.091E-04 2.525E-08 6.30E-05
7.499E+02 3.469E-04 3.179E-08 7.07E-05
7.079E+02 3.893E-04 4.002E-08 7.93E-05
6.683E+02 4.369E-04 5.039E-08 8.90E-05
6.310E+02 4.903E-04 6.344E-08 9.98E-05
5.957E+02 5.502E-04 7.987E-08 1.12E-04
5.623E+02 6.175E-04 1.006E-07 1.26E-04
5.309E+02 6.930E-04 1.266E-07 1.41E-04
5.012E+02 7.778E-04 1.594E-07 1.58E-04
4.732E+02 8.731E-04 2.007E-07 1.77E-04
4.467E+02 9.801E-04 2.527E-07 1.99E-04
4.217E+02 1.100E-03 3.182E-07 2.23E-04
3.981E+02 1.235E-03 4.006E-07 2.50E-04
3.758E+02 1.387E-03 5.043E-07 2.81E-04
3.548E+02 1.557E-03 6.350E-07 3.15E-04
3.350E+02 1.748E-03 7.995E-07 3.53E-04
3.162E+02 1.962E-03 1.007E-06 3.96E-04
2.985E+02 2.204E-03 1.268E-06 4.44E-04
2.818E+02 2.476E-03 1.596E-06 4.98E-04
2.661E+02 2.782E-03 2.010E-06 5.58E-04
2.512E+02 3.126E-03 2.531E-06 6.26E-04
2.371E+02 3.512E-03 3.187E-06 7.02E-04
2.239E+02 3.947E-03 4.014E-06 7.87E-04
2.113E+02 4.437E-03 5.055E-06 8.81E-04
1.995E+02 4.988E-03 6.367E-06 9.88E-04
1.884E+02 5.609E-03 8.019E-06 1.11E-03
1.778E+02 6.310E-03 1.010E-05 1.24E-03
1.679E+02 7.101E-03 1.272E-05 1.39E-03
1.585E+02 7.994E-03 1.603E-05 1.55E-03
1.496E+02 9.003E-03 2.019E-05 1.74E-03
1.413E+02 1.014E-02 2.544E-05 1.94E-03
1.334E+02 1.143E-02 3.205E-05 2.17E-03
1.259E+02 1.289E-02 4.039E-05 2.43E-03
1.189E+02 1.455E-02 5.089E-05 2.71E-03
1.122E+02 1.642E-02 6.414E-05 3.03E-03
1.059E+02 1.854E-02 8.086E-05 3.38E-03
1.000E+02 2.097E-02 1.019E-04 3.77E-03
9.441E+01 2.372E-02 1.285E-04 4.19E-03
8.913E+01 2.685E-02 1.620E-04 4.66E-03
8.414E+01 3.041E-02 2.043E-04 5.18E-03
7.943E+01 3.449E-02 2.576E-04 5.74E-03
7.499E+01 3.914E-02 3.248E-04 6.36E-03
7.079E+01 4.446E-02 4.095E-04 7.02E-03
6.683E+01 5.052E-02 5.165E-04 7.74E-03
6.310E+01 5.746E-02 6.512E-04 8.51E-03
5.957E+01 6.536E-02 8.210E-04 9.34E-03
5.623E+01 7.439E-02 1.035E-03 1.02E-02
5.309E+01 8.460E-02 1.304E-03 1.11E-02
5.012E+01 9.624E-02 1.643E-03 1.21E-02
4.732E+01 1.094E-01 2.069E-03 1.32E-02
4.467E+01 1.244E-01 2.604E-03 1.43E-02
4.217E+01 1.414E-01 3.277E-03 1.54E-02
3.981E+01 1.604E-01 4.115E-03 1.66E-02
3.758E+01 1.817E-01 5.167E-03 1.79E-02
3.548E+01 2.050E-01 6.504E-03 1.94E-02
3.350E+01 2.317E-01 8.190E-03 2.09E-02
3.162E+01 2.634E-01 1.031E-02 2.24E-02
2.985E+01 3.001E-01 1.296E-02 2.39E-02
2.818E+01 3.416E-01 1.623E-02 2.55E-02
2.661E+01 3.896E-01 2.032E-02 2.72E-02
2.512E+01 4.450E-01 2.545E-02 2.90E-02
2.371E+01 5.064E-01 3.152E-02 3.09E-02
2.239E+01 5.774E-01 3.900E-02 3.29E-02
2.113E+01 6.565E-01 4.739E-02 3.51E-02
1.995E+01 7.467E-01 5.665E-02 3.74E-02
1.884E+01 8.157E-01 6.206E-02 4.08E-02
1.778E+01 8.086E-01 6.229E-02 4.65E-02
1.679E+01 7.394E-01 6.206E-02 5.44E-02
1.585E+01 6.496E-01 6.756E-02 6.44E-02
1.496E+01 5.791E-01 8.526E-02 7.70E-02
1.413E+01 5.650E-01 1.268E-01 9.39E-02
1.334E+01 7.272E-01 2.000E-01 1.10E-01
1.259E+01 9.744E-01 2.832E-01 1.18E-01
1.189E+01 1.232E+00 3.674E-01 1.20E-01
1.122E+01 1.443E+00 4.377E-01 1.23E-01
1.059E+01 1.616E+00 4.893E-01 1.27E-01
1.000E+01 1.623E+00 4.464E-01 1.40E-01
9.441E+00 1.519E+00 3.681E-01 1.58E-01
8.913E+00 1.136E+00 1.926E-01 1.82E-01
8.414E+00 8.256E-01 1.023E-01 2.07E-01
7.943E+00 4.560E-01 5.208E-02 2.32E-01
7.499E+00 2.445E-01 1.249E-01 2.69E-01
7.079E+00 2.164E-01 2.612E-01 3.20E-01
6.683E+00 2.330E-01 4.034E-01 3.78E-01
6.310E+00 2.514E-01 5.566E-01 4.43E-01
5.957E+00 2.697E-01 7.350E-01 5.10E-01
5.623E+00 2.941E-01 9.581E-01 5.71E-01
5.309E+00 3.235E-01 1.241E+00 6.10E-01
5.012E+00 3.481E-01 1.571E+00 6.21E-01
4.732E+00 3.574E-01 1.875E+00 6.14E-01
4.467E+00 3.568E-01 2.101E+00 6.07E-01
4.217E+00 3.656E-01 2.272E+00 6.15E-01
3.981E+00 3.995E-01 2.480E+00 6.44E-01
3.758E+00 4.584E-01 2.810E+00 6.85E-01
3.548E+00 5.022E-01 3.190E+00 7.14E-01
3.350E+00 4.935E-01 3.366E+00 7.16E-01
3.162E+00 4.762E-01 3.336E+00 7.01E-01
2.985E+00 5.102E-01 3.347E+00 6.90E-01
2.818E+00 5.927E-01 3.590E+00 7.05E-01
2.661E+00 5.891E-01 3.659E+00 7.24E-01
2.512E+00 5.581E-01 3.338E+00 7.14E-01
2.371E+00 6.231E-01 3.083E+00 6.78E-01
2.239E+00 6.940E-01 3.115E+00 6.76E-01
2.113E+00 6.237E-01 2.726E+00 6.70E-01
1.995E+00 6.827E-01 2.237E+00 6.18E-01
1.884E+00 7.559E-01 2.118E+00 6.02E-01
1.778E+00 6.766E-01 1.747E+00 5.64E-01
1.679E+00 8.122E-01 1.445E+00 5.06E-01
1.585E+00 7.534E-01 1.402E+00 5.42E-01
1.496E+00 8.015E-01 1.220E+00 5.23E-01
1.413E+00 7.982E-01 1.392E+00 6.25E-01
1.334E+00 8.351E-01 1.443E+00 6.90E-01
1.259E+00 8.253E-01 1.748E+00 7.50E-01
1.189E+00 8.494E-01 1.832E+00 8.16E-01
1.122E+00 8.244E-01 1.998E+00 8.30E-01
1.059E+00 8.406E-01 1.988E+00 8.46E-01
1.000E+00 8.421E-01 1.824E+00 8.45E-01
9.441E-01 8.460E-01 1.622E+00 8.29E-01
8.913E-01 8.571E-01 1.440E+00 8.10E-01
8.414E-01 8.749E-01 1.335E+00 7.98E-01
7.943E-01 8.914E-01 1.352E+00 8.14E-01
7.499E-01 9.042E-01 1.476E+00 8.34E-01
7.079E-01 9.166E-01 1.591E+00 8.53E-01
6.683E-01 9.293E-01 1.583E+00 8.64E-01
6.310E-01 9.372E-01 1.442E+00 8.64E-01
5.957E-01 9.386E-01 1.294E+00 8.60E-01
5.623E-01 9.368E-01 1.270E+00 8.68E-01
5.309E-01 9.496E-01 1.366E+00 8.86E-01
5.012E-01 9.586E-01 1.426E+00 8.95E-01
4.732E-01 9.564E-01 1.319E+00 8.90E-01
4.467E-01 9.646E-01 1.232E+00 8.87E-01
4.217E-01 9.746E-01 1.286E+00 8.98E-01
3.981E-01 9.746E-01 1.320E+00 9.06E-01
3.758E-01 9.749E-01 1.227E+00 9.03E-01
3.548E-01 9.773E-01 1.235E+00 9.07E-01
3.350E-01 9.802E-01 1.271E+00 9.12E-01
3.162E-01 9.796E-01 1.201E+00 9.10E-01
2.985E-01 9.785E-01 1.246E+00 9.15E-01
2.818E-01 9.758E-01 1.199E+00 9.13E-01
2.661E-01 9.736E-01 1.232E+00 9.16E-01
2.512E-01 9.703E-01 1.195E+00 9.14E-01
2.371E-01 9.659E-01 1.203E+00 9.14E-01
2.239E-01 9.602E-01 1.213E+00 9.13E-01
2.113E-01 9.596E-01 1.202E+00 9.12E-01
1.995E-01 9.530E-01 1.199E+00 9.08E-01
1.884E-01 9.417E-01 1.206E+00 9.03E-01
1.778E-01 9.289E-01 1.213E+00 8.97E-01
1.679E-01 9.148E-01 1.222E+00 8.89E-01
1.585E-01 8.996E-01 1.233E+00 8.80E-01
1.496E-01 8.864E-01 1.244E+00 8.73E-01
1.413E-01 8.821E-01 1.245E+00 8.73E-01
1.334E-01 8.798E-01 1.243E+00 8.75E-01
1.259E-01 8.747E-01 1.244E+00 8.74E-01
1.189E-01 8.677E-01 1.247E+00 8.72E-01
1.122E-01 8.585E-01 1.253E+00 8.69E-01
1.059E-01 8.454E-01 1.263E+00 8.63E-01
1.000E-01 8.316E-01 1.273E+00 8.58E-01
9.441E-02 8.233E-01 1.277E+00 8.57E-01
8.913E-02 8.261E-01 1.268E+00 8.65E-01
8.414E-02 8.206E-01 1.270E+00 8.63E-01
7.943E-02 8.017E-01 1.285E+00 8.55E-01
7.499E-02 7.794E-01 1.303E+00 8.47E-01
7.079E-02 7.616E-01 1.315E+00 8.43E-01
6.683E-02 7.400E-01 1.331E+00 8.38E-01
6.310E-02 7.188E-01 1.346E+00 8.36E-01
5.957E-02 7.417E-01 1.314E+00 8.65E-01
5.623E-02 8.184E-01 1.231E+00 9.14E-01
5.309E-02 8.481E-01 1.198E+00 9.32E-01
5.012E-02 8.669E-01 1.176E+00 9.43E-01
4.732E-02 8.795E-01 1.161E+00 9.51E-01
4.467E-02 8.888E-01 1.149E+00 9.56E-01
4.217E-02 8.960E-01 1.140E+00 9.61E-01
3.981E-02 9.018E-01 1.132E+00 9.65E-01
3.758E-02 9.068E-01 1.125E+00 9.68E-01
3.548E-02 9.112E-01 1.118E+00 9.71E-01
3.350E-02 9.152E-01 1.113E+00 9.74E-01
3.162E-02 9.190E-01 1.107E+00 9.77E-01
2.985E-02 9.227E-01 1.101E+00 9.79E-01
2.818E-02 9.263E-01 1.096E+00 9.81E-01
2.661E-02 9.301E-01 1.090E+00 9.83E-01
2.512E-02 9.340E-01 1.085E+00 9.85E-01
2.371E-02 9.386E-01 1.079E+00 9.87E-01
2.239E-02 9.437E-01 1.072E+00 9.89E-01
2.113E-02 9.472E-01 1.067E+00 9.91E-01
1.995E-02 9.520E-01 1.061E+00 9.92E-01
1.884E-02 9.573E-01 1.055E+00 9.93E-01
1.778E-02 9.572E-01 1.054E+00 9.94E-01
1.679E-02 9.591E-01 1.051E+00 9.94E-01
1.585E-02 9.614E-01 1.048E+00 9.95E-01
1.496E-02 9.637E-01 1.044E+00 9.96E-01
1.413E-02 9.662E-01 1.041E+00 9.96E-01
1.334E-02 9.703E-01 1.036E+00 9.97E-01
1.259E-02 9.716E-01 1.034E+00 9.97E-01
1.189E-02 9.723E-01 1.032E+00 9.98E-01
1.122E-02 9.751E-01 1.028E+00 9.98E-01
1.059E-02 9.825E-01 1.021E+00 9.99E-01
1.000E-02 9.784E-01 1.025E+00 9.98E-01
9.441E-03 9.779E-01 1.025E+00 9.98E-01
8.913E-03 9.782E-01 1.024E+00 9.99E-01
8.414E-03 9.807E-01 1.019E+00 9.99E-01
7.943E-03 9.817E-01 1.018E+00 9.99E-01
7.499E-03 9.830E-01 1.017E+00 9.99E-01
7.079E-03 9.840E-01 1.016E+00 9.99E-01
6.683E-03 9.844E-01 1.016E+00 9.99E-01
6.310E-03 9.849E-01 1.015E+00 9.99E-01
5.957E-03 9.853E-01 1.015E+00 1.00E+00
5.623E-03 9.856E-01 1.014E+00 1.00E+00
5.309E-03 9.857E-01 1.014E+00 1.00E+00
5.012E-03 9.856E-01 1.014E+00 1.00E+00
4.732E-03 9.852E-01 1.015E+00 1.00E+00
4.467E-03 9.844E-01 1.016E+00 1.00E+00
4.217E-03 9.834E-01 1.017E+00 1.00E+00
3.981E-03 9.819E-01 1.018E+00 9.99E-01
3.758E-03 9.799E-01 1.020E+00 9.99E-01
3.548E-03 9.772E-01 1.023E+00 9.99E-01
3.350E-03 9.736E-01 1.026E+00 9.99E-01
3.162E-03 9.689E-01 1.031E+00 9.99E-01
2.985E-03 9.629E-01 1.037E+00 9.99E-01
2.818E-03 9.547E-01 1.045E+00 1.00E+00
2.661E-03 9.436E-01 1.056E+00 1.00E+00
2.512E-03 9.296E-01 1.070E+00 1.00E+00
2.371E-03 9.121E-01 1.087E+00 1.00E+00
2.239E-03 9.817E-01 1.018E+00 1.00E+00
2.113E-03 9.776E-01 1.022E+00 1.00E+00
1.995E-03 9.722E-01 1.027E+00 1.00E+00
1.884E-03 9.651E-01 1.034E+00 1.00E+00
1.778E-03 9.557E-01 1.043E+00 1.00E+00
1.679E-03 9.434E-01 1.054E+00 1.00E+00
1.585E-03 9.768E-01 1.022E+00 1.00E+00
1.496E-03 9.701E-01 1.029E+00 1.00E+00
1.413E-03 9.684E-01 1.031E+00 1.00E+00
1.334E-03 9.594E-01 1.039E+00 1.00E+00
1.259E-03 9.476E-01 1.051E+00 1.00E+00
1.189E-03 9.324E-01 1.066E+00 1.00E+00
1.122E-03 9.121E-01 1.086E+00 1.00E+00
1.059E-03 8.869E-01 1.110E+00 1.00E+00
