w(micron)  Q_abs     Q_sca     g=<cos>
1.000E+03 9.768E-06 6.342E-14 0.00E+00
9.441E+02 1.096E-05 7.984E-14 0.00E+00
8.913E+02 1.230E-05 1.005E-13 0.00E+00
8.414E+02 1.380E-05 1.265E-13 0.00E+00
7.943E+02 1.549E-05 1.593E-13 0.00E+00
7.499E+02 1.738E-05 2.006E-13 0.00E+00
7.079E+02 1.950E-05 2.525E-13 0.00E+00
6.683E+02 2.188E-05 3.179E-13 0.00E+00
6.310E+02 2.456E-05 4.002E-13 0.00E+00
5.957E+02 2.756E-05 5.039E-13 0.00E+00
5.623E+02 3.092E-05 6.343E-13 0.00E+00
5.309E+02 3.470E-05 7.986E-13 0.00E+00
5.012E+02 3.895E-05 1.006E-12 0.00E+00
4.732E+02 4.371E-05 1.266E-12 0.00E+00
4.467E+02 4.906E-05 1.594E-12 0.00E+00
4.217E+02 5.507E-05 2.007E-12 5.60E-07
3.981E+02 6.181E-05 2.526E-12 6.28E-07
3.758E+02 6.938E-05 3.181E-12 7.05E-07
3.548E+02 7.788E-05 4.004E-12 7.91E-07
3.350E+02 8.741E-05 5.042E-12 8.87E-07
3.162E+02 9.811E-05 6.348E-12 9.95E-07
2.985E+02 1.101E-04 7.993E-12 1.12E-06
2.818E+02 1.237E-04 1.006E-11 1.25E-06
2.661E+02 1.389E-04 1.267E-11 1.40E-06
2.512E+02 1.561E-04 1.595E-11 1.57E-06
2.371E+02 1.753E-04 2.009E-11 1.76E-06
2.239E+02 1.969E-04 2.529E-11 1.97E-06
2.113E+02 2.211E-04 3.185E-11 2.21E-06
1.995E+02 2.484E-04 4.010E-11 2.48E-06
1.884E+02 2.792E-04 5.050E-11 2.78E-06
1.778E+02 3.138E-04 6.360E-11 3.11E-06
1.679E+02 3.528E-04 8.009E-11 3.48E-06
1.585E+02 3.968E-04 1.009E-10 3.90E-06
1.496E+02 4.463E-04 1.270E-10 4.36E-06
1.413E+02 5.021E-04 1.600E-10 4.88E-06
1.334E+02 5.650E-04 2.015E-10 5.46E-06
1.259E+02 6.361E-04 2.538E-10 6.10E-06
1.189E+02 7.166E-04 3.196E-10 6.81E-06
1.122E+02 8.072E-04 4.026E-10 7.60E-06
1.059E+02 9.096E-04 5.072E-10 8.48E-06
1.000E+02 1.026E-03 6.387E-10 9.44E-06
9.441E+01 1.158E-03 8.046E-10 1.05E-05
8.913E+01 1.306E-03 1.013E-09 1.17E-05
8.414E+01 1.475E-03 1.277E-09 1.30E-05
7.943E+01 1.666E-03 1.608E-09 1.44E-05
7.499E+01 1.883E-03 2.025E-09 1.59E-05
7.079E+01 2.130E-03 2.550E-09 1.76E-05
6.683E+01 2.409E-03 3.212E-09 1.94E-05
6.310E+01 2.726E-03 4.042E-09 2.14E-05
5.957E+01 3.084E-03 5.086E-09 2.35E-05
5.623E+01 3.489E-03 6.398E-09 2.57E-05
5.309E+01 3.943E-03 8.044E-09 2.81E-05
5.012E+01 4.457E-03 1.011E-08 3.06E-05
4.732E+01 5.033E-03 1.269E-08 3.32E-05
4.467E+01 5.681E-03 1.593E-08 3.61E-05
4.217E+01 6.406E-03 1.998E-08 3.91E-05
3.981E+01 7.212E-03 2.500E-08 4.22E-05
3.758E+01 8.103E-03 3.127E-08 4.57E-05
3.548E+01 9.057E-03 3.920E-08 4.95E-05
3.350E+01 1.014E-02 4.914E-08 5.36E-05
3.162E+01 1.142E-02 6.158E-08 5.77E-05
2.985E+01 1.289E-02 7.705E-08 6.19E-05
2.818E+01 1.455E-02 9.606E-08 6.63E-05
2.661E+01 1.646E-02 1.198E-07 7.09E-05
2.512E+01 1.865E-02 1.495E-07 7.57E-05
2.371E+01 2.111E-02 1.848E-07 8.08E-05
2.239E+01 2.397E-02 2.286E-07 8.61E-05
2.113E+01 2.728E-02 2.789E-07 9.16E-05
1.995E+01 3.125E-02 3.365E-07 9.72E-05
1.884E+01 3.481E-02 3.766E-07 1.05E-04
1.778E+01 3.503E-02 3.864E-07 1.18E-04
1.679E+01 3.192E-02 3.891E-07 1.37E-04
1.585E+01 2.730E-02 4.213E-07 1.62E-04
1.496E+01 2.315E-02 5.211E-07 1.93E-04
1.413E+01 2.082E-02 7.484E-07 2.35E-04
1.334E+01 2.484E-02 1.158E-06 2.75E-04
1.259E+01 3.277E-02 1.674E-06 2.98E-04
1.189E+01 4.356E-02 2.317E-06 3.04E-04
1.122E+01 5.666E-02 3.081E-06 3.02E-04
1.059E+01 7.490E-02 4.087E-06 2.93E-04
1.000E+01 9.123E-02 4.596E-06 3.00E-04
9.441E+00 1.023E-01 4.684E-06 3.20E-04
8.913E+00 7.642E-02 2.521E-06 3.77E-04
8.414E+00 4.940E-02 1.236E-06 4.48E-04
7.943E+00 2.292E-02 5.481E-07 5.29E-04
7.499E+00 1.016E-02 1.165E-06 6.33E-04
7.079E+00 7.983E-03 2.394E-06 7.43E-04
6.683E+00 7.898E-03 3.826E-06 8.57E-04
6.310E+00 7.844E-03 5.550E-06 9.79E-04
5.957E+00 7.665E-03 7.705E-06 1.11E-03
5.623E+00 7.541E-03 1.045E-05 1.27E-03
5.309E+00 7.534E-03 1.395E-05 1.43E-03
5.012E+00 7.633E-03 1.842E-05 1.62E-03
4.732E+00 7.827E-03 2.407E-05 1.83E-03
4.467E+00 8.080E-03 3.124E-05 2.07E-03
4.217E+00 8.390E-03 4.029E-05 2.33E-03
3.981E+00 8.701E-03 5.172E-05 2.62E-03
3.758E+00 9.015E-03 6.619E-05 2.95E-03
3.548E+00 9.351E-03 8.448E-05 3.32E-03
3.350E+00 9.696E-03 1.075E-04 3.73E-03
3.162E+00 1.001E-02 1.366E-04 4.19E-03
2.985E+00 1.037E-02 1.734E-04 4.71E-03
2.818E+00 1.077E-02 2.200E-04 5.29E-03
2.661E+00 1.119E-02 2.788E-04 5.94E-03
2.512E+00 1.166E-02 3.530E-04 6.67E-03
2.371E+00 1.218E-02 4.464E-04 7.49E-03
2.239E+00 1.272E-02 5.645E-04 8.41E-03
2.113E+00 1.331E-02 7.130E-04 9.44E-03
1.995E+00 1.395E-02 9.004E-04 1.06E-02
1.884E+00 1.464E-02 1.137E-03 1.19E-02
1.778E+00 1.539E-02 1.435E-03 1.33E-02
1.679E+00 1.623E-02 1.811E-03 1.49E-02
1.585E+00 1.715E-02 2.286E-03 1.68E-02
1.496E+00 1.813E-02 2.884E-03 1.88E-02
1.413E+00 1.918E-02 3.639E-03 2.11E-02
1.334E+00 2.032E-02 4.591E-03 2.36E-02
1.259E+00 2.155E-02 5.793E-03 2.65E-02
1.189E+00 2.295E-02 7.310E-03 2.97E-02
1.122E+00 2.448E-02 9.225E-03 3.33E-02
1.059E+00 2.615E-02 1.164E-02 3.73E-02
1.000E+00 2.797E-02 1.470E-02 4.18E-02
9.441E-01 2.998E-02 1.855E-02 4.69E-02
8.913E-01 3.218E-02 2.343E-02 5.25E-02
8.414E-01 3.458E-02 2.959E-02 5.89E-02
7.943E-01 3.722E-02 3.738E-02 6.60E-02
7.499E-01 4.013E-02 4.723E-02 7.40E-02
7.079E-01 4.335E-02 5.965E-02 8.31E-02
6.683E-01 4.691E-02 7.530E-02 9.32E-02
6.310E-01 5.089E-02 9.502E-02 1.05E-01
5.957E-01 5.532E-02 1.198E-01 1.18E-01
5.623E-01 6.024E-02 1.508E-01 1.33E-01
5.309E-01 6.573E-02 1.894E-01 1.50E-01
5.012E-01 7.184E-02 2.372E-01 1.69E-01
4.732E-01 7.866E-02 2.958E-01 1.92E-01
4.467E-01 8.628E-02 3.671E-01 2.19E-01
4.217E-01 9.496E-02 4.524E-01 2.50E-01
3.981E-01 1.049E-01 5.534E-01 2.88E-01
3.758E-01 1.166E-01 6.722E-01 3.33E-01
3.548E-01 1.311E-01 8.130E-01 3.86E-01
3.350E-01 1.499E-01 9.851E-01 4.46E-01
3.162E-01 1.749E-01 1.210E+00 5.10E-01
2.985E-01 2.069E-01 1.518E+00 5.63E-01
2.818E-01 2.409E-01 1.933E+00 5.90E-01
2.661E-01 2.619E-01 2.389E+00 5.82E-01
2.512E-01 2.578E-01 2.723E+00 5.57E-01
2.371E-01 2.451E-01 2.876E+00 5.39E-01
2.239E-01 2.571E-01 3.024E+00 5.47E-01
2.113E-01 3.936E-01 3.423E+00 5.93E-01
1.995E-01 6.725E-01 3.974E+00 6.49E-01
1.884E-01 8.099E-01 3.482E+00 6.34E-01
1.778E-01 1.055E+00 2.641E+00 5.90E-01
1.679E-01 1.482E+00 1.932E+00 6.43E-01
1.585E-01 1.579E+00 1.439E+00 7.05E-01
1.496E-01 1.537E+00 1.310E+00 7.36E-01
1.413E-01 1.492E+00 1.308E+00 7.56E-01
1.334E-01 1.467E+00 1.298E+00 7.71E-01
1.259E-01 1.441E+00 1.293E+00 7.82E-01
1.189E-01 1.409E+00 1.293E+00 7.88E-01
1.122E-01 1.376E+00 1.297E+00 7.92E-01
1.059E-01 1.344E+00 1.308E+00 7.94E-01
1.000E-01 1.313E+00 1.316E+00 7.96E-01
9.441E-02 1.284E+00 1.312E+00 8.01E-01
8.913E-02 1.259E+00 1.283E+00 8.13E-01
8.414E-02 1.238E+00 1.292E+00 8.16E-01
7.943E-02 1.198E+00 1.314E+00 8.13E-01
7.499E-02 1.145E+00 1.334E+00 8.10E-01
7.079E-02 1.088E+00 1.343E+00 8.09E-01
6.683E-02 1.015E+00 1.354E+00 8.07E-01
6.310E-02 9.244E-01 1.356E+00 8.08E-01
5.957E-02 8.652E-01 1.281E+00 8.37E-01
5.623E-02 9.175E-01 1.134E+00 8.85E-01
5.309E-02 9.367E-01 1.075E+00 9.04E-01
5.012E-02 9.457E-01 1.037E+00 9.16E-01
4.732E-02 9.487E-01 1.013E+00 9.26E-01
4.467E-02 9.482E-01 9.958E-01 9.34E-01
4.217E-02 9.452E-01 9.840E-01 9.40E-01
3.981E-02 9.409E-01 9.754E-01 9.46E-01
3.758E-02 9.354E-01 9.691E-01 9.51E-01
3.548E-02 9.293E-01 9.646E-01 9.55E-01
3.350E-02 9.227E-01 9.615E-01 9.60E-01
3.162E-02 9.159E-01 9.593E-01 9.64E-01
2.985E-02 9.088E-01 9.579E-01 9.67E-01
2.818E-02 9.014E-01 9.571E-01 9.71E-01
2.661E-02 8.941E-01 9.560E-01 9.74E-01
2.512E-02 8.865E-01 9.538E-01 9.77E-01
2.371E-02 8.791E-01 9.468E-01 9.80E-01
2.239E-02 8.783E-01 9.322E-01 9.82E-01
2.113E-02 8.722E-01 9.271E-01 9.84E-01
1.995E-02 8.674E-01 9.075E-01 9.86E-01
1.884E-02 8.792E-01 8.797E-01 9.88E-01
1.778E-02 8.676E-01 9.026E-01 9.89E-01
1.679E-02 8.586E-01 9.054E-01 9.90E-01
1.585E-02 8.498E-01 9.018E-01 9.91E-01
1.496E-02 8.404E-01 8.950E-01 9.92E-01
1.413E-02 8.299E-01 8.806E-01 9.93E-01
1.334E-02 8.308E-01 8.385E-01 9.94E-01
1.259E-02 8.266E-01 8.403E-01 9.95E-01
1.189E-02 8.108E-01 8.476E-01 9.95E-01
1.122E-02 7.947E-01 8.038E-01 9.96E-01
1.059E-02 8.477E-01 6.950E-01 9.96E-01
1.000E-02 8.265E-01 8.021E-01 9.97E-01
9.441E-03 8.070E-01 8.317E-01 9.97E-01
8.913E-03 7.860E-01 8.420E-01 9.97E-01
8.414E-03 7.628E-01 8.427E-01 9.98E-01
7.943E-03 7.375E-01 8.341E-01 9.98E-01
7.499E-03 7.105E-01 8.027E-01 9.98E-01
7.079E-03 7.092E-01 7.998E-01 9.98E-01
6.683E-03 6.794E-01 7.982E-01 9.99E-01
6.310E-03 6.480E-01 7.861E-01 9.99E-01
5.957E-03 6.157E-01 7.675E-01 9.99E-01
5.623E-03 5.814E-01 7.435E-01 9.99E-01
5.309E-03 5.467E-01 7.145E-01 9.99E-01
5.012E-03 5.121E-01 6.821E-01 9.99E-01
4.732E-03 4.773E-01 6.472E-01 9.99E-01
4.467E-03 4.428E-01 6.103E-01 9.99E-01
4.217E-03 4.089E-01 5.715E-01 9.99E-01
3.981E-03 3.759E-01 5.322E-01 1.00E+00
3.758E-03 3.439E-01 4.923E-01 1.00E+00
3.548E-03 3.132E-01 4.521E-01 1.00E+00
3.350E-03 2.839E-01 4.123E-01 1.00E+00
3.162E-03 2.564E-01 3.731E-01 1.00E+00
2.985E-03 2.311E-01 3.359E-01 1.00E+00
2.818E-03 2.065E-01 2.971E-01 1.00E+00
2.661E-03 1.831E-01 2.583E-01 1.00E+00
2.512E-03 1.625E-01 2.140E-01 1.00E+00
2.371E-03 1.439E-01 1.290E-01 1.00E+00
2.239E-03 3.047E-01 1.639E-01 1.00E+00
2.113E-03 2.776E-01 1.707E-01 1.00E+00
1.995E-03 2.508E-01 1.664E-01 1.00E+00
1.884E-03 2.251E-01 1.522E-01 1.00E+00
1.778E-03 2.007E-01 1.324E-01 1.00E+00
1.679E-03 1.780E-01 8.364E-02 1.00E+00
1.585E-03 2.677E-01 1.221E-01 1.00E+00
1.496E-03 2.390E-01 1.162E-01 1.00E+00
1.413E-03 2.331E-01 1.191E-01 1.00E+00
1.334E-03 2.078E-01 1.144E-01 1.00E+00
1.259E-03 1.844E-01 1.070E-01 1.00E+00
1.189E-03 1.630E-01 9.896E-02 1.00E+00
1.122E-03 1.428E-01 9.053E-02 1.00E+00
1.059E-03 1.247E-01 8.196E-02 1.00E+00
