w(micron)  Q_abs     Q_sca     g=<cos>
1.000E+03 2.454E-07 2.525E-20 0.00E+00
9.441E+02 2.753E-07 3.179E-20 0.00E+00
8.913E+02 3.090E-07 4.002E-20 0.00E+00
8.414E+02 3.467E-07 5.038E-20 0.00E+00
7.943E+02 3.890E-07 6.342E-20 0.00E+00
7.499E+02 4.366E-07 7.984E-20 0.00E+00
7.079E+02 4.899E-07 1.005E-19 0.00E+00
6.683E+02 5.497E-07 1.266E-19 0.00E+00
6.310E+02 6.169E-07 1.593E-19 0.00E+00
5.957E+02 6.922E-07 2.006E-19 0.00E+00
5.623E+02 7.768E-07 2.525E-19 0.00E+00
5.309E+02 8.717E-07 3.179E-19 0.00E+00
5.012E+02 9.783E-07 4.003E-19 0.00E+00
4.732E+02 1.098E-06 5.040E-19 0.00E+00
4.467E+02 1.232E-06 6.345E-19 0.00E+00
4.217E+02 1.383E-06 7.989E-19 0.00E+00
3.981E+02 1.553E-06 1.006E-18 0.00E+00
3.758E+02 1.743E-06 1.266E-18 0.00E+00
3.548E+02 1.956E-06 1.594E-18 0.00E+00
3.350E+02 2.196E-06 2.007E-18 0.00E+00
3.162E+02 2.464E-06 2.527E-18 0.00E+00
2.985E+02 2.767E-06 3.182E-18 0.00E+00
2.818E+02 3.107E-06 4.006E-18 0.00E+00
2.661E+02 3.490E-06 5.044E-18 0.00E+00
2.512E+02 3.920E-06 6.351E-18 0.00E+00
2.371E+02 4.402E-06 7.997E-18 0.00E+00
2.239E+02 4.945E-06 1.007E-17 0.00E+00
2.113E+02 5.554E-06 1.268E-17 0.00E+00
1.995E+02 6.240E-06 1.597E-17 0.00E+00
1.884E+02 7.013E-06 2.011E-17 0.00E+00
1.778E+02 7.882E-06 2.532E-17 0.00E+00
1.679E+02 8.862E-06 3.188E-17 0.00E+00
1.585E+02 9.966E-06 4.015E-17 0.00E+00
1.496E+02 1.121E-05 5.057E-17 0.00E+00
1.413E+02 1.261E-05 6.369E-17 0.00E+00
1.334E+02 1.419E-05 8.021E-17 0.00E+00
1.259E+02 1.598E-05 1.010E-16 0.00E+00
1.189E+02 1.800E-05 1.272E-16 0.00E+00
1.122E+02 2.027E-05 1.603E-16 0.00E+00
1.059E+02 2.285E-05 2.019E-16 0.00E+00
1.000E+02 2.577E-05 2.543E-16 0.00E+00
9.441E+01 2.908E-05 3.203E-16 0.00E+00
8.913E+01 3.281E-05 4.035E-16 0.00E+00
8.414E+01 3.704E-05 5.083E-16 0.00E+00
7.943E+01 4.185E-05 6.402E-16 0.00E+00
7.499E+01 4.731E-05 8.063E-16 0.00E+00
7.079E+01 5.350E-05 1.015E-15 0.00E+00
6.683E+01 6.049E-05 1.279E-15 0.00E+00
6.310E+01 6.846E-05 1.609E-15 0.00E+00
5.957E+01 7.745E-05 2.025E-15 0.00E+00
5.623E+01 8.763E-05 2.547E-15 0.00E+00
5.309E+01 9.903E-05 3.202E-15 0.00E+00
5.012E+01 1.119E-04 4.023E-15 0.00E+00
4.732E+01 1.264E-04 5.052E-15 0.00E+00
4.467E+01 1.427E-04 6.341E-15 0.00E+00
4.217E+01 1.609E-04 7.953E-15 0.00E+00
3.981E+01 1.811E-04 9.951E-15 0.00E+00
3.758E+01 2.035E-04 1.245E-14 0.00E+00
3.548E+01 2.274E-04 1.560E-14 0.00E+00
3.350E+01 2.547E-04 1.956E-14 0.00E+00
3.162E+01 2.867E-04 2.451E-14 0.00E+00
2.985E+01 3.237E-04 3.067E-14 0.00E+00
2.818E+01 3.653E-04 3.823E-14 0.00E+00
2.661E+01 4.131E-04 4.767E-14 0.00E+00
2.512E+01 4.682E-04 5.950E-14 0.00E+00
2.371E+01 5.299E-04 7.356E-14 0.00E+00
2.239E+01 6.018E-04 9.099E-14 0.00E+00
2.113E+01 6.848E-04 1.110E-13 0.00E+00
1.995E+01 7.846E-04 1.339E-13 0.00E+00
1.884E+01 8.740E-04 1.499E-13 0.00E+00
1.778E+01 8.793E-04 1.538E-13 0.00E+00
1.679E+01 8.013E-04 1.549E-13 0.00E+00
1.585E+01 6.853E-04 1.677E-13 0.00E+00
1.496E+01 5.809E-04 2.074E-13 0.00E+00
1.413E+01 5.224E-04 2.978E-13 0.00E+00
1.334E+01 6.231E-04 4.608E-13 0.00E+00
1.259E+01 8.218E-04 6.661E-13 0.00E+00
1.189E+01 1.092E-03 9.217E-13 0.00E+00
1.122E+01 1.421E-03 1.225E-12 0.00E+00
1.059E+01 1.878E-03 1.626E-12 1.85E-07
1.000E+01 2.289E-03 1.829E-12 1.89E-07
9.441E+00 1.962E-03 1.644E-12 4.20E-07
8.913E+00 1.639E-03 9.015E-13 4.71E-07
8.414E+00 1.144E-03 4.824E-13 5.29E-07
7.943E+00 5.479E-04 2.298E-13 5.94E-07
7.499E+00 2.409E-04 5.274E-13 6.66E-07
7.079E+00 1.886E-04 1.146E-12 7.47E-07
6.683E+00 1.865E-04 1.896E-12 8.38E-07
6.310E+00 1.854E-04 2.816E-12 9.41E-07
5.957E+00 1.813E-04 3.981E-12 1.06E-06
5.623E+00 1.887E-04 4.158E-12 7.99E-07
5.309E+00 1.884E-04 5.550E-12 9.05E-07
5.012E+00 1.908E-04 7.326E-12 1.02E-06
4.732E+00 1.955E-04 9.570E-12 1.16E-06
4.467E+00 2.016E-04 1.242E-11 1.30E-06
4.217E+00 2.092E-04 1.601E-11 1.47E-06
3.981E+00 2.167E-04 2.055E-11 1.66E-06
3.758E+00 2.243E-04 2.629E-11 1.86E-06
3.548E+00 2.324E-04 3.355E-11 2.10E-06
3.350E+00 2.406E-04 4.268E-11 2.36E-06
3.162E+00 2.480E-04 5.420E-11 2.65E-06
2.985E+00 2.564E-04 6.878E-11 2.98E-06
2.818E+00 2.657E-04 8.720E-11 3.35E-06
2.661E+00 2.757E-04 1.105E-10 3.76E-06
2.512E+00 2.865E-04 1.397E-10 4.22E-06
2.371E+00 2.983E-04 1.766E-10 4.74E-06
2.239E+00 3.108E-04 2.232E-10 5.32E-06
2.113E+00 3.241E-04 2.816E-10 5.98E-06
1.995E+00 3.384E-04 3.553E-10 6.71E-06
1.884E+00 3.536E-04 4.482E-10 7.53E-06
1.778E+00 3.699E-04 5.650E-10 8.45E-06
1.679E+00 3.881E-04 7.121E-10 9.49E-06
1.585E+00 4.076E-04 8.975E-10 1.06E-05
1.496E+00 4.281E-04 1.131E-09 1.19E-05
1.413E+00 4.497E-04 1.424E-09 1.34E-05
1.334E+00 4.725E-04 1.793E-09 1.50E-05
1.259E+00 4.966E-04 2.258E-09 1.69E-05
1.189E+00 5.237E-04 2.843E-09 1.89E-05
1.122E+00 5.525E-04 3.580E-09 2.13E-05
1.059E+00 5.831E-04 4.507E-09 2.38E-05
1.000E+00 6.155E-04 5.673E-09 2.68E-05
9.441E-01 6.500E-04 7.141E-09 3.00E-05
8.913E-01 6.865E-04 8.990E-09 3.37E-05
8.414E-01 7.247E-04 1.132E-08 3.78E-05
7.943E-01 7.649E-04 1.426E-08 4.24E-05
7.499E-01 8.075E-04 1.797E-08 4.76E-05
7.079E-01 8.524E-04 2.263E-08 5.34E-05
6.683E-01 8.997E-04 2.852E-08 5.99E-05
6.310E-01 9.501E-04 3.596E-08 6.73E-05
5.957E-01 1.003E-03 4.535E-08 7.55E-05
5.623E-01 1.060E-03 5.723E-08 8.48E-05
5.309E-01 1.119E-03 7.227E-08 9.52E-05
5.012E-01 1.182E-03 9.131E-08 1.07E-04
4.732E-01 1.248E-03 1.155E-07 1.20E-04
4.467E-01 1.317E-03 1.462E-07 1.35E-04
4.217E-01 1.389E-03 1.852E-07 1.51E-04
3.981E-01 1.465E-03 2.349E-07 1.70E-04
3.758E-01 1.542E-03 2.983E-07 1.91E-04
3.548E-01 1.622E-03 3.795E-07 2.15E-04
3.350E-01 1.704E-03 4.837E-07 2.42E-04
3.162E-01 1.787E-03 6.184E-07 2.73E-04
2.985E-01 1.871E-03 7.922E-07 3.07E-04
2.818E-01 1.955E-03 1.018E-06 3.46E-04
2.661E-01 2.038E-03 1.314E-06 3.91E-04
2.512E-01 2.111E-03 1.706E-06 4.42E-04
2.371E-01 2.179E-03 2.229E-06 5.00E-04
2.239E-01 2.241E-03 2.946E-06 5.68E-04
2.113E-01 2.743E-03 3.958E-06 6.49E-04
1.995E-01 3.977E-03 5.356E-06 7.43E-04
1.884E-01 6.139E-03 7.308E-06 8.54E-04
1.778E-01 9.598E-03 1.006E-05 9.85E-04
1.679E-01 1.529E-02 1.401E-05 1.14E-03
1.585E-01 2.481E-02 1.963E-05 1.31E-03
1.496E-01 4.010E-02 2.697E-05 1.45E-03
1.413E-01 5.788E-02 3.438E-05 1.52E-03
1.334E-01 7.072E-02 4.295E-05 1.63E-03
1.259E-01 8.454E-02 5.493E-05 1.75E-03
1.189E-01 1.007E-01 7.143E-05 1.89E-03
1.122E-01 1.206E-01 9.464E-05 2.02E-03
1.059E-01 1.471E-01 1.292E-04 2.13E-03
1.000E-01 1.873E-01 1.760E-04 2.15E-03
9.441E-02 2.271E-01 2.274E-04 2.22E-03
8.913E-02 2.570E-01 2.629E-04 2.38E-03
8.414E-02 2.788E-01 3.392E-04 2.64E-03
7.943E-02 3.336E-01 4.720E-04 2.77E-03
7.499E-02 3.977E-01 6.433E-04 2.91E-03
7.079E-02 4.381E-01 8.026E-04 3.18E-03
6.683E-02 4.451E-01 9.363E-04 3.56E-03
6.310E-02 3.732E-01 8.938E-04 4.11E-03
5.957E-02 2.325E-01 5.433E-04 4.88E-03
5.623E-02 1.865E-01 3.466E-04 5.73E-03
5.309E-02 1.748E-01 3.185E-04 6.55E-03
5.012E-02 1.671E-01 3.133E-04 7.44E-03
4.732E-02 1.611E-01 3.205E-04 8.42E-03
4.467E-02 1.560E-01 3.346E-04 9.52E-03
4.217E-02 1.510E-01 3.532E-04 1.07E-02
3.981E-02 1.459E-01 3.745E-04 1.21E-02
3.758E-02 1.407E-01 3.973E-04 1.36E-02
3.548E-02 1.351E-01 4.209E-04 1.54E-02
3.350E-02 1.293E-01 4.446E-04 1.73E-02
3.162E-02 1.232E-01 4.672E-04 1.95E-02
2.985E-02 1.168E-01 4.879E-04 2.20E-02
2.818E-02 1.102E-01 5.061E-04 2.47E-02
2.661E-02 1.037E-01 5.212E-04 2.78E-02
2.512E-02 9.699E-02 5.304E-04 3.14E-02
2.371E-02 9.037E-02 5.308E-04 3.53E-02
2.239E-02 8.725E-02 5.458E-04 3.98E-02
2.113E-02 8.256E-02 5.589E-04 4.48E-02
1.995E-02 7.803E-02 5.548E-04 5.05E-02
1.884E-02 8.077E-02 6.023E-04 5.69E-02
1.778E-02 7.606E-02 6.479E-04 6.40E-02
1.679E-02 7.169E-02 6.688E-04 7.21E-02
1.585E-02 6.760E-02 6.818E-04 8.11E-02
1.496E-02 6.365E-02 6.894E-04 9.14E-02
1.413E-02 5.970E-02 6.849E-04 1.03E-01
1.334E-02 5.870E-02 6.795E-04 1.16E-01
1.259E-02 5.720E-02 7.204E-04 1.31E-01
1.189E-02 5.318E-02 7.343E-04 1.47E-01
1.122E-02 4.915E-02 6.818E-04 1.66E-01
1.059E-02 5.935E-02 7.132E-04 1.87E-01
1.000E-02 5.516E-02 8.653E-04 2.10E-01
9.441E-03 5.088E-02 8.966E-04 2.36E-01
8.913E-03 4.673E-02 8.927E-04 2.65E-01
8.414E-03 4.275E-02 8.705E-04 2.97E-01
7.943E-03 3.899E-02 8.337E-04 3.33E-01
7.499E-03 3.548E-02 7.689E-04 3.72E-01
7.079E-03 3.522E-02 7.881E-04 4.14E-01
6.683E-03 3.198E-02 7.576E-04 4.59E-01
6.310E-03 2.896E-02 7.159E-04 5.06E-01
5.957E-03 2.622E-02 6.703E-04 5.54E-01
5.623E-03 2.361E-02 6.221E-04 6.01E-01
5.309E-03 2.126E-02 5.743E-04 6.45E-01
5.012E-03 1.911E-02 5.287E-04 6.86E-01
4.732E-03 1.715E-02 4.863E-04 7.20E-01
4.467E-03 1.536E-02 4.466E-04 7.47E-01
4.217E-03 1.373E-02 4.096E-04 7.67E-01
3.981E-03 1.224E-02 3.752E-04 7.82E-01
3.758E-03 1.090E-02 3.424E-04 7.95E-01
3.548E-03 9.678E-03 3.105E-04 8.07E-01
3.350E-03 8.575E-03 2.796E-04 8.21E-01
3.162E-03 7.586E-03 2.497E-04 8.38E-01
2.985E-03 6.712E-03 2.219E-04 8.55E-01
2.818E-03 5.893E-03 1.937E-04 8.72E-01
2.661E-03 5.142E-03 1.665E-04 8.85E-01
2.512E-03 4.501E-03 1.367E-04 8.94E-01
2.371E-03 3.936E-03 8.142E-05 9.01E-01
2.239E-03 9.317E-03 1.185E-04 9.08E-01
2.113E-03 8.318E-03 1.218E-04 9.17E-01
1.995E-03 7.369E-03 1.170E-04 9.27E-01
1.884E-03 6.495E-03 1.054E-04 9.34E-01
1.778E-03 5.697E-03 9.053E-05 9.38E-01
1.679E-03 4.975E-03 5.627E-05 9.43E-01
1.585E-03 7.960E-03 8.866E-05 9.49E-01
1.496E-03 6.962E-03 8.289E-05 9.54E-01
1.413E-03 6.761E-03 8.499E-05 9.58E-01
1.334E-03 5.923E-03 8.044E-05 9.62E-01
1.259E-03 5.175E-03 7.413E-05 9.66E-01
1.189E-03 4.511E-03 6.774E-05 9.69E-01
1.122E-03 3.901E-03 6.125E-05 9.71E-01
1.059E-03 3.368E-03 5.487E-05 9.74E-01
