w(micron)  Q_abs     Q_sca     g=<cos>
1.000E+03 5.493E-07 6.342E-19 0.00E+00
9.441E+02 6.164E-07 7.984E-19 0.00E+00
8.913E+02 6.917E-07 1.005E-18 0.00E+00
8.414E+02 7.762E-07 1.265E-18 0.00E+00
7.943E+02 8.710E-07 1.593E-18 0.00E+00
7.499E+02 9.773E-07 2.006E-18 0.00E+00
7.079E+02 1.097E-06 2.525E-18 0.00E+00
6.683E+02 1.231E-06 3.179E-18 0.00E+00
6.310E+02 1.381E-06 4.002E-18 0.00E+00
5.957E+02 1.550E-06 5.039E-18 0.00E+00
5.623E+02 1.739E-06 6.343E-18 0.00E+00
5.309E+02 1.952E-06 7.986E-18 0.00E+00
5.012E+02 2.190E-06 1.006E-17 0.00E+00
4.732E+02 2.458E-06 1.266E-17 0.00E+00
4.467E+02 2.759E-06 1.594E-17 0.00E+00
4.217E+02 3.097E-06 2.007E-17 0.00E+00
3.981E+02 3.476E-06 2.526E-17 0.00E+00
3.758E+02 3.902E-06 3.181E-17 0.00E+00
3.548E+02 4.380E-06 4.004E-17 0.00E+00
3.350E+02 4.915E-06 5.042E-17 0.00E+00
3.162E+02 5.517E-06 6.348E-17 0.00E+00
2.985E+02 6.194E-06 7.993E-17 0.00E+00
2.818E+02 6.956E-06 1.006E-16 0.00E+00
2.661E+02 7.813E-06 1.267E-16 0.00E+00
2.512E+02 8.776E-06 1.595E-16 0.00E+00
2.371E+02 9.856E-06 2.009E-16 0.00E+00
2.239E+02 1.107E-05 2.529E-16 0.00E+00
2.113E+02 1.243E-05 3.185E-16 0.00E+00
1.995E+02 1.397E-05 4.010E-16 0.00E+00
1.884E+02 1.570E-05 5.050E-16 0.00E+00
1.778E+02 1.765E-05 6.360E-16 0.00E+00
1.679E+02 1.984E-05 8.009E-16 0.00E+00
1.585E+02 2.231E-05 1.009E-15 0.00E+00
1.496E+02 2.510E-05 1.270E-15 0.00E+00
1.413E+02 2.823E-05 1.600E-15 0.00E+00
1.334E+02 3.177E-05 2.015E-15 0.00E+00
1.259E+02 3.577E-05 2.538E-15 0.00E+00
1.189E+02 4.030E-05 3.196E-15 0.00E+00
1.122E+02 4.539E-05 4.026E-15 0.00E+00
1.059E+02 5.115E-05 5.072E-15 0.00E+00
1.000E+02 5.770E-05 6.387E-15 0.00E+00
9.441E+01 6.509E-05 8.046E-15 0.00E+00
8.913E+01 7.346E-05 1.013E-14 0.00E+00
8.414E+01 8.291E-05 1.277E-14 0.00E+00
7.943E+01 9.368E-05 1.608E-14 0.00E+00
7.499E+01 1.059E-04 2.025E-14 0.00E+00
7.079E+01 1.198E-04 2.550E-14 0.00E+00
6.683E+01 1.354E-04 3.212E-14 0.00E+00
6.310E+01 1.533E-04 4.042E-14 0.00E+00
5.957E+01 1.734E-04 5.086E-14 0.00E+00
5.623E+01 1.962E-04 6.397E-14 0.00E+00
5.309E+01 2.217E-04 8.044E-14 0.00E+00
5.012E+01 2.506E-04 1.011E-13 0.00E+00
4.732E+01 2.830E-04 1.269E-13 0.00E+00
4.467E+01 3.194E-04 1.593E-13 0.00E+00
4.217E+01 3.601E-04 1.998E-13 0.00E+00
3.981E+01 4.054E-04 2.500E-13 0.00E+00
3.758E+01 4.555E-04 3.127E-13 0.00E+00
3.548E+01 5.092E-04 3.920E-13 0.00E+00
3.350E+01 5.701E-04 4.914E-13 0.00E+00
3.162E+01 6.419E-04 6.157E-13 0.00E+00
2.985E+01 7.247E-04 7.703E-13 0.00E+00
2.818E+01 8.179E-04 9.604E-13 0.00E+00
2.661E+01 9.249E-04 1.198E-12 0.00E+00
2.512E+01 1.048E-03 1.495E-12 0.00E+00
2.371E+01 1.186E-03 1.848E-12 2.55E-07
2.239E+01 1.347E-03 2.285E-12 2.72E-07
2.113E+01 1.533E-03 2.788E-12 2.90E-07
1.995E+01 1.756E-03 3.364E-12 3.07E-07
1.884E+01 1.957E-03 3.765E-12 3.31E-07
1.778E+01 1.969E-03 3.863E-12 3.73E-07
1.679E+01 1.794E-03 3.891E-12 4.33E-07
1.585E+01 1.534E-03 4.212E-12 5.12E-07
1.496E+01 1.301E-03 5.210E-12 6.12E-07
1.413E+01 1.170E-03 7.481E-12 7.44E-07
1.334E+01 1.395E-03 1.157E-11 8.70E-07
1.259E+01 1.840E-03 1.673E-11 9.42E-07
1.189E+01 2.445E-03 2.315E-11 9.61E-07
1.122E+01 3.181E-03 3.078E-11 9.54E-07
1.059E+01 4.205E-03 4.084E-11 9.26E-07
1.000E+01 5.123E-03 4.594E-11 9.50E-07
9.441E+00 5.750E-03 4.684E-11 1.01E-06
8.913E+00 4.296E-03 2.522E-11 1.19E-06
8.414E+00 2.777E-03 1.237E-11 1.42E-06
7.943E+00 1.227E-03 5.773E-12 2.97E-06
7.499E+00 5.706E-04 1.165E-11 2.00E-06
7.079E+00 4.481E-04 2.394E-11 2.35E-06
6.683E+00 4.432E-04 3.826E-11 2.71E-06
6.310E+00 4.399E-04 5.548E-11 3.10E-06
5.957E+00 4.296E-04 7.701E-11 3.53E-06
5.623E+00 4.225E-04 1.045E-10 4.00E-06
5.309E+00 4.218E-04 1.394E-10 4.54E-06
5.012E+00 4.271E-04 1.840E-10 5.13E-06
4.732E+00 4.376E-04 2.404E-10 5.79E-06
4.467E+00 4.514E-04 3.120E-10 6.54E-06
4.217E+00 4.683E-04 4.022E-10 7.37E-06
3.981E+00 4.852E-04 5.162E-10 8.30E-06
3.758E+00 5.021E-04 6.604E-10 9.34E-06
3.548E+00 5.202E-04 8.426E-10 1.05E-05
3.350E+00 5.386E-04 1.072E-09 1.18E-05
3.162E+00 5.553E-04 1.361E-09 1.33E-05
2.985E+00 5.740E-04 1.728E-09 1.49E-05
2.818E+00 5.949E-04 2.190E-09 1.68E-05
2.661E+00 6.172E-04 2.774E-09 1.88E-05
2.512E+00 6.413E-04 3.510E-09 2.12E-05
2.371E+00 6.679E-04 4.437E-09 2.38E-05
2.239E+00 6.958E-04 5.606E-09 2.67E-05
2.113E+00 7.256E-04 7.074E-09 3.00E-05
1.995E+00 7.576E-04 8.925E-09 3.36E-05
1.884E+00 7.916E-04 1.126E-08 3.77E-05
1.778E+00 8.282E-04 1.419E-08 4.24E-05
1.679E+00 8.689E-04 1.789E-08 4.75E-05
1.585E+00 9.127E-04 2.254E-08 5.34E-05
1.496E+00 9.585E-04 2.841E-08 5.99E-05
1.413E+00 1.007E-03 3.577E-08 6.72E-05
1.334E+00 1.058E-03 4.505E-08 7.54E-05
1.259E+00 1.112E-03 5.673E-08 8.46E-05
1.189E+00 1.173E-03 7.142E-08 9.49E-05
1.122E+00 1.237E-03 8.993E-08 1.07E-04
1.059E+00 1.306E-03 1.132E-07 1.20E-04
1.000E+00 1.378E-03 1.425E-07 1.34E-04
9.441E-01 1.456E-03 1.794E-07 1.50E-04
8.913E-01 1.538E-03 2.258E-07 1.69E-04
8.414E-01 1.623E-03 2.844E-07 1.89E-04
7.943E-01 1.713E-03 3.583E-07 2.13E-04
7.499E-01 1.809E-03 4.513E-07 2.39E-04
7.079E-01 1.910E-03 5.687E-07 2.68E-04
6.683E-01 2.016E-03 7.166E-07 3.00E-04
6.310E-01 2.129E-03 9.035E-07 3.37E-04
5.957E-01 2.249E-03 1.140E-06 3.78E-04
5.623E-01 2.375E-03 1.438E-06 4.25E-04
5.309E-01 2.509E-03 1.816E-06 4.77E-04
5.012E-01 2.650E-03 2.294E-06 5.35E-04
4.732E-01 2.798E-03 2.902E-06 6.01E-04
4.467E-01 2.953E-03 3.674E-06 6.76E-04
4.217E-01 3.117E-03 4.655E-06 7.59E-04
3.981E-01 3.287E-03 5.904E-06 8.53E-04
3.758E-01 3.460E-03 7.499E-06 9.59E-04
3.548E-01 3.642E-03 9.541E-06 1.08E-03
3.350E-01 3.828E-03 1.216E-05 1.21E-03
3.162E-01 4.016E-03 1.555E-05 1.37E-03
2.985E-01 4.207E-03 1.992E-05 1.54E-03
2.818E-01 4.399E-03 2.561E-05 1.73E-03
2.661E-01 4.588E-03 3.306E-05 1.96E-03
2.512E-01 4.757E-03 4.294E-05 2.21E-03
2.371E-01 4.915E-03 5.611E-05 2.50E-03
2.239E-01 5.059E-03 7.419E-05 2.84E-03
2.113E-01 6.203E-03 9.974E-05 3.25E-03
1.995E-01 9.008E-03 1.351E-04 3.72E-03
1.884E-01 1.393E-02 1.844E-04 4.28E-03
1.778E-01 2.184E-02 2.543E-04 4.93E-03
1.679E-01 3.490E-02 3.544E-04 5.70E-03
1.585E-01 5.684E-02 4.973E-04 6.54E-03
1.496E-01 9.217E-02 6.842E-04 7.23E-03
1.413E-01 1.332E-01 8.726E-04 7.59E-03
1.334E-01 1.630E-01 1.090E-03 8.12E-03
1.259E-01 1.952E-01 1.396E-03 8.75E-03
1.189E-01 2.330E-01 1.816E-03 9.41E-03
1.122E-01 2.797E-01 2.407E-03 1.01E-02
1.059E-01 3.419E-01 3.289E-03 1.06E-02
1.000E-01 4.346E-01 4.469E-03 1.07E-02
9.441E-02 5.248E-01 5.746E-03 1.11E-02
8.913E-02 5.892E-01 6.581E-03 1.19E-02
8.414E-02 6.396E-01 8.470E-03 1.32E-02
7.943E-02 7.585E-01 1.166E-02 1.40E-02
7.499E-02 8.866E-01 1.555E-02 1.48E-02
7.079E-02 9.517E-01 1.884E-02 1.64E-02
6.683E-02 9.368E-01 2.120E-02 1.85E-02
6.310E-02 7.648E-01 1.960E-02 2.16E-02
5.957E-02 4.794E-01 1.191E-02 2.55E-02
5.623E-02 3.916E-01 7.680E-03 2.97E-02
5.309E-02 3.684E-01 7.027E-03 3.39E-02
5.012E-02 3.525E-01 6.859E-03 3.86E-02
4.732E-02 3.397E-01 6.942E-03 4.37E-02
4.467E-02 3.282E-01 7.156E-03 4.95E-02
4.217E-02 3.169E-01 7.443E-03 5.60E-02
3.981E-02 3.055E-01 7.764E-03 6.33E-02
3.758E-02 2.936E-01 8.088E-03 7.15E-02
3.548E-02 2.812E-01 8.399E-03 8.08E-02
3.350E-02 2.684E-01 8.682E-03 9.13E-02
3.162E-02 2.552E-01 8.912E-03 1.03E-01
2.985E-02 2.415E-01 9.075E-03 1.16E-01
2.818E-02 2.278E-01 9.162E-03 1.31E-01
2.661E-02 2.142E-01 9.165E-03 1.48E-01
2.512E-02 2.005E-01 9.042E-03 1.67E-01
2.371E-02 1.871E-01 8.755E-03 1.88E-01
2.239E-02 1.809E-01 8.671E-03 2.12E-01
2.113E-02 1.714E-01 8.530E-03 2.38E-01
1.995E-02 1.625E-01 8.118E-03 2.68E-01
1.884E-02 1.681E-01 8.378E-03 3.01E-01
1.778E-02 1.585E-01 8.567E-03 3.36E-01
1.679E-02 1.498E-01 8.393E-03 3.75E-01
1.585E-02 1.417E-01 8.101E-03 4.17E-01
1.496E-02 1.340E-01 7.742E-03 4.61E-01
1.413E-02 1.262E-01 7.263E-03 5.07E-01
1.334E-02 1.244E-01 6.784E-03 5.55E-01
1.259E-02 1.214E-01 6.776E-03 6.01E-01
1.189E-02 1.133E-01 6.536E-03 6.45E-01
1.122E-02 1.051E-01 5.765E-03 6.85E-01
1.059E-02 1.264E-01 5.691E-03 7.21E-01
1.000E-02 1.176E-01 6.617E-03 7.47E-01
9.441E-03 1.087E-01 6.616E-03 7.68E-01
8.913E-03 1.001E-01 6.394E-03 7.85E-01
8.414E-03 9.188E-02 6.085E-03 7.97E-01
7.943E-03 8.405E-02 5.709E-03 8.09E-01
7.499E-03 7.674E-02 5.172E-03 8.23E-01
7.079E-03 7.622E-02 5.202E-03 8.39E-01
6.683E-03 6.940E-02 4.929E-03 8.56E-01
6.310E-03 6.303E-02 4.603E-03 8.72E-01
5.957E-03 5.719E-02 4.271E-03 8.85E-01
5.623E-03 5.164E-02 3.939E-03 8.94E-01
5.309E-03 4.659E-02 3.618E-03 9.01E-01
5.012E-03 4.199E-02 3.309E-03 9.09E-01
4.732E-03 3.776E-02 3.013E-03 9.18E-01
4.467E-03 3.388E-02 2.732E-03 9.27E-01
4.217E-03 3.034E-02 2.468E-03 9.34E-01
3.981E-03 2.710E-02 2.225E-03 9.39E-01
3.758E-03 2.416E-02 1.998E-03 9.43E-01
3.548E-03 2.148E-02 1.783E-03 9.49E-01
3.350E-03 1.905E-02 1.585E-03 9.54E-01
3.162E-03 1.687E-02 1.401E-03 9.58E-01
2.985E-03 1.494E-02 1.236E-03 9.62E-01
2.818E-03 1.313E-02 1.071E-03 9.66E-01
2.661E-03 1.146E-02 9.145E-04 9.69E-01
2.512E-03 1.004E-02 7.448E-04 9.71E-01
2.371E-03 8.784E-03 4.397E-04 9.74E-01
2.239E-03 2.071E-02 6.325E-04 9.76E-01
2.113E-03 1.851E-02 6.471E-04 9.79E-01
1.995E-03 1.641E-02 6.189E-04 9.81E-01
1.884E-03 1.447E-02 5.554E-04 9.82E-01
1.778E-03 1.270E-02 4.745E-04 9.84E-01
1.679E-03 1.110E-02 2.937E-04 9.86E-01
1.585E-03 1.772E-02 4.601E-04 9.87E-01
1.496E-03 1.551E-02 4.290E-04 9.88E-01
1.413E-03 1.506E-02 4.383E-04 9.89E-01
1.334E-03 1.320E-02 4.138E-04 9.90E-01
1.259E-03 1.154E-02 3.806E-04 9.91E-01
1.189E-03 1.006E-02 3.471E-04 9.92E-01
1.122E-03 8.708E-03 3.132E-04 9.93E-01
1.059E-03 7.521E-03 2.801E-04 9.93E-01
