w(micron)  Q_abs     Q_sca     g=<cos>
1.000E+03 2.455E-04 2.525E-08 6.30E-05
9.441E+02 2.755E-04 3.179E-08 7.07E-05
8.913E+02 3.091E-04 4.002E-08 7.94E-05
8.414E+02 3.469E-04 5.039E-08 8.90E-05
7.943E+02 3.893E-04 6.343E-08 9.99E-05
7.499E+02 4.369E-04 7.986E-08 1.12E-04
7.079E+02 4.903E-04 1.005E-07 1.26E-04
6.683E+02 5.502E-04 1.266E-07 1.41E-04
6.310E+02 6.175E-04 1.594E-07 1.58E-04
5.957E+02 6.930E-04 2.006E-07 1.78E-04
5.623E+02 7.778E-04 2.526E-07 1.99E-04
5.309E+02 8.729E-04 3.181E-07 2.23E-04
5.012E+02 9.798E-04 4.005E-07 2.51E-04
4.732E+02 1.100E-03 5.042E-07 2.81E-04
4.467E+02 1.235E-03 6.349E-07 3.15E-04
4.217E+02 1.386E-03 7.994E-07 3.54E-04
3.981E+02 1.556E-03 1.006E-06 3.97E-04
3.758E+02 1.748E-03 1.267E-06 4.45E-04
3.548E+02 1.962E-03 1.596E-06 4.99E-04
3.350E+02 2.203E-03 2.009E-06 5.60E-04
3.162E+02 2.474E-03 2.530E-06 6.28E-04
2.985E+02 2.779E-03 3.186E-06 7.04E-04
2.818E+02 3.123E-03 4.012E-06 7.90E-04
2.661E+02 3.509E-03 5.052E-06 8.85E-04
2.512E+02 3.944E-03 6.362E-06 9.92E-04
2.371E+02 4.433E-03 8.012E-06 1.11E-03
2.239E+02 4.984E-03 1.009E-05 1.25E-03
2.113E+02 5.604E-03 1.271E-05 1.40E-03
1.995E+02 6.302E-03 1.601E-05 1.57E-03
1.884E+02 7.091E-03 2.017E-05 1.75E-03
1.778E+02 7.981E-03 2.540E-05 1.97E-03
1.679E+02 8.986E-03 3.200E-05 2.20E-03
1.585E+02 1.012E-02 4.032E-05 2.46E-03
1.496E+02 1.141E-02 5.081E-05 2.76E-03
1.413E+02 1.286E-02 6.402E-05 3.08E-03
1.334E+02 1.451E-02 8.069E-05 3.45E-03
1.259E+02 1.637E-02 1.017E-04 3.86E-03
1.189E+02 1.850E-02 1.282E-04 4.31E-03
1.122E+02 2.090E-02 1.616E-04 4.81E-03
1.059E+02 2.364E-02 2.038E-04 5.36E-03
1.000E+02 2.677E-02 2.570E-04 5.98E-03
9.441E+01 3.033E-02 3.241E-04 6.65E-03
8.913E+01 3.440E-02 4.088E-04 7.40E-03
8.414E+01 3.903E-02 5.159E-04 8.22E-03
7.943E+01 4.436E-02 6.509E-04 9.11E-03
7.499E+01 5.046E-02 8.214E-04 1.01E-02
7.079E+01 5.747E-02 1.037E-03 1.11E-02
6.683E+01 6.547E-02 1.308E-03 1.23E-02
6.310E+01 7.468E-02 1.651E-03 1.35E-02
5.957E+01 8.522E-02 2.084E-03 1.48E-02
5.623E+01 9.730E-02 2.630E-03 1.62E-02
5.309E+01 1.110E-01 3.319E-03 1.77E-02
5.012E+01 1.268E-01 4.186E-03 1.92E-02
4.732E+01 1.447E-01 5.280E-03 2.08E-02
4.467E+01 1.652E-01 6.658E-03 2.25E-02
4.217E+01 1.884E-01 8.392E-03 2.43E-02
3.981E+01 2.146E-01 1.056E-02 2.62E-02
3.758E+01 2.441E-01 1.328E-02 2.82E-02
3.548E+01 2.766E-01 1.675E-02 3.04E-02
3.350E+01 3.142E-01 2.113E-02 3.27E-02
3.162E+01 3.586E-01 2.664E-02 3.51E-02
2.985E+01 4.100E-01 3.353E-02 3.74E-02
2.818E+01 4.680E-01 4.202E-02 3.99E-02
2.661E+01 5.348E-01 5.261E-02 4.25E-02
2.512E+01 6.114E-01 6.582E-02 4.52E-02
2.371E+01 6.950E-01 8.128E-02 4.83E-02
2.239E+01 7.898E-01 1.000E-01 5.15E-02
2.113E+01 8.916E-01 1.204E-01 5.52E-02
1.995E+01 1.002E+00 1.419E-01 5.93E-02
1.884E+01 1.075E+00 1.523E-01 6.52E-02
1.778E+01 1.053E+00 1.503E-01 7.49E-02
1.679E+01 9.643E-01 1.485E-01 8.79E-02
1.585E+01 8.588E-01 1.618E-01 1.04E-01
1.496E+01 7.841E-01 2.053E-01 1.25E-01
1.413E+01 7.935E-01 3.068E-01 1.54E-01
1.334E+01 1.035E+00 4.717E-01 1.82E-01
1.259E+01 1.327E+00 6.248E-01 1.95E-01
1.189E+01 1.541E+00 7.359E-01 1.98E-01
1.122E+01 1.651E+00 7.896E-01 2.06E-01
1.059E+01 1.701E+00 7.955E-01 2.19E-01
1.000E+01 1.649E+00 6.865E-01 2.46E-01
9.441E+00 1.535E+00 5.538E-01 2.79E-01
8.913E+00 1.210E+00 3.082E-01 3.11E-01
8.414E+00 9.282E-01 1.727E-01 3.46E-01
7.943E+00 5.501E-01 9.387E-02 3.83E-01
7.499E+00 3.145E-01 2.298E-01 4.47E-01
7.079E+00 2.933E-01 4.744E-01 5.28E-01
6.683E+00 3.315E-01 7.376E-01 5.95E-01
6.310E+00 3.677E-01 1.044E+00 6.33E-01
5.957E+00 3.851E-01 1.392E+00 6.39E-01
5.623E+00 3.852E-01 1.720E+00 6.30E-01
5.309E+00 3.840E-01 1.980E+00 6.29E-01
5.012E+00 4.040E-01 2.222E+00 6.49E-01
4.732E+00 4.552E-01 2.536E+00 6.85E-01
4.467E+00 5.098E-01 2.935E+00 7.18E-01
4.217E+00 5.185E-01 3.200E+00 7.25E-01
3.981E+00 5.051E-01 3.236E+00 7.14E-01
3.758E+00 5.330E-01 3.252E+00 7.02E-01
3.548E+00 6.152E-01 3.467E+00 7.13E-01
3.350E+00 6.261E-01 3.590E+00 7.31E-01
3.162E+00 5.904E-01 3.326E+00 7.24E-01
2.985E+00 6.446E-01 3.067E+00 6.92E-01
2.818E+00 7.243E-01 3.091E+00 6.86E-01
2.661E+00 6.543E-01 2.739E+00 6.80E-01
2.512E+00 7.031E-01 2.249E+00 6.32E-01
2.371E+00 7.858E-01 2.117E+00 6.14E-01
2.239E+00 7.023E-01 1.755E+00 5.76E-01
2.113E+00 8.291E-01 1.440E+00 5.17E-01
1.995E+00 7.752E-01 1.393E+00 5.50E-01
1.884E+00 8.147E-01 1.211E+00 5.30E-01
1.778E+00 8.146E-01 1.373E+00 6.28E-01
1.679E+00 8.471E-01 1.427E+00 6.93E-01
1.585E+00 8.397E-01 1.726E+00 7.53E-01
1.496E+00 8.615E-01 1.815E+00 8.17E-01
1.413E+00 8.355E-01 1.983E+00 8.31E-01
1.334E+00 8.491E-01 1.976E+00 8.47E-01
1.259E+00 8.487E-01 1.816E+00 8.46E-01
1.189E+00 8.519E-01 1.616E+00 8.30E-01
1.122E+00 8.624E-01 1.435E+00 8.11E-01
1.059E+00 8.797E-01 1.331E+00 7.99E-01
1.000E+00 8.960E-01 1.347E+00 8.15E-01
9.441E-01 9.085E-01 1.467E+00 8.35E-01
8.913E-01 9.207E-01 1.582E+00 8.53E-01
8.414E-01 9.337E-01 1.577E+00 8.65E-01
7.943E-01 9.419E-01 1.443E+00 8.65E-01
7.499E-01 9.437E-01 1.295E+00 8.62E-01
7.079E-01 9.409E-01 1.264E+00 8.69E-01
6.683E-01 9.513E-01 1.352E+00 8.86E-01
6.310E-01 9.629E-01 1.421E+00 8.97E-01
5.957E-01 9.579E-01 1.335E+00 8.93E-01
5.623E-01 9.704E-01 1.233E+00 8.89E-01
5.309E-01 9.740E-01 1.261E+00 8.97E-01
5.012E-01 9.745E-01 1.322E+00 9.07E-01
4.732E-01 9.782E-01 1.251E+00 9.07E-01
4.467E-01 9.807E-01 1.210E+00 9.08E-01
4.217E-01 9.815E-01 1.268E+00 9.14E-01
3.981E-01 9.844E-01 1.218E+00 9.14E-01
3.758E-01 9.847E-01 1.208E+00 9.16E-01
3.548E-01 9.833E-01 1.228E+00 9.20E-01
3.350E-01 9.808E-01 1.189E+00 9.18E-01
3.162E-01 9.787E-01 1.215E+00 9.21E-01
2.985E-01 9.761E-01 1.189E+00 9.20E-01
2.818E-01 9.729E-01 1.193E+00 9.21E-01
2.661E-01 9.686E-01 1.201E+00 9.21E-01
2.512E-01 9.636E-01 1.191E+00 9.20E-01
2.371E-01 9.579E-01 1.187E+00 9.18E-01
2.239E-01 9.512E-01 1.191E+00 9.16E-01
2.113E-01 9.455E-01 1.194E+00 9.14E-01
1.995E-01 9.367E-01 1.195E+00 9.09E-01
1.884E-01 9.260E-01 1.201E+00 9.04E-01
1.778E-01 9.140E-01 1.208E+00 8.97E-01
1.679E-01 9.007E-01 1.218E+00 8.89E-01
1.585E-01 8.862E-01 1.229E+00 8.80E-01
1.496E-01 8.735E-01 1.239E+00 8.73E-01
1.413E-01 8.696E-01 1.240E+00 8.73E-01
1.334E-01 8.678E-01 1.238E+00 8.75E-01
1.259E-01 8.632E-01 1.239E+00 8.74E-01
1.189E-01 8.567E-01 1.242E+00 8.72E-01
1.122E-01 8.480E-01 1.248E+00 8.69E-01
1.059E-01 8.354E-01 1.258E+00 8.63E-01
1.000E-01 8.221E-01 1.268E+00 8.58E-01
9.441E-02 8.145E-01 1.271E+00 8.57E-01
8.913E-02 8.181E-01 1.262E+00 8.65E-01
8.414E-02 8.130E-01 1.265E+00 8.63E-01
7.943E-02 7.947E-01 1.280E+00 8.55E-01
7.499E-02 7.732E-01 1.297E+00 8.47E-01
7.079E-02 7.563E-01 1.310E+00 8.43E-01
6.683E-02 7.357E-01 1.326E+00 8.37E-01
6.310E-02 7.156E-01 1.340E+00 8.36E-01
5.957E-02 7.394E-01 1.310E+00 8.65E-01
5.623E-02 8.162E-01 1.228E+00 9.14E-01
5.309E-02 8.459E-01 1.195E+00 9.32E-01
5.012E-02 8.647E-01 1.174E+00 9.43E-01
4.732E-02 8.775E-01 1.159E+00 9.51E-01
4.467E-02 8.869E-01 1.147E+00 9.56E-01
4.217E-02 8.942E-01 1.138E+00 9.61E-01
3.981E-02 9.002E-01 1.130E+00 9.65E-01
3.758E-02 9.053E-01 1.123E+00 9.68E-01
3.548E-02 9.099E-01 1.117E+00 9.71E-01
3.350E-02 9.140E-01 1.111E+00 9.74E-01
3.162E-02 9.180E-01 1.106E+00 9.77E-01
2.985E-02 9.218E-01 1.100E+00 9.79E-01
2.818E-02 9.256E-01 1.095E+00 9.81E-01
2.661E-02 9.295E-01 1.090E+00 9.83E-01
2.512E-02 9.336E-01 1.084E+00 9.86E-01
2.371E-02 9.382E-01 1.078E+00 9.88E-01
2.239E-02 9.434E-01 1.072E+00 9.89E-01
2.113E-02 9.470E-01 1.067E+00 9.91E-01
1.995E-02 9.518E-01 1.061E+00 9.92E-01
1.884E-02 9.570E-01 1.055E+00 9.93E-01
1.778E-02 9.571E-01 1.054E+00 9.94E-01
1.679E-02 9.591E-01 1.051E+00 9.94E-01
1.585E-02 9.615E-01 1.048E+00 9.95E-01
1.496E-02 9.639E-01 1.044E+00 9.96E-01
1.413E-02 9.665E-01 1.041E+00 9.96E-01
1.334E-02 9.705E-01 1.036E+00 9.97E-01
1.259E-02 9.718E-01 1.034E+00 9.97E-01
1.189E-02 9.726E-01 1.033E+00 9.98E-01
1.122E-02 9.755E-01 1.029E+00 9.98E-01
1.059E-02 9.817E-01 1.018E+00 9.99E-01
1.000E-02 9.790E-01 1.021E+00 9.98E-01
9.441E-03 9.791E-01 1.021E+00 9.99E-01
8.913E-03 9.799E-01 1.020E+00 9.99E-01
8.414E-03 9.809E-01 1.019E+00 9.99E-01
7.943E-03 9.820E-01 1.018E+00 9.99E-01
7.499E-03 9.835E-01 1.017E+00 9.99E-01
7.079E-03 9.844E-01 1.016E+00 9.99E-01
6.683E-03 9.850E-01 1.015E+00 9.99E-01
6.310E-03 9.857E-01 1.014E+00 9.99E-01
5.957E-03 9.863E-01 1.014E+00 1.00E+00
5.623E-03 9.868E-01 1.013E+00 1.00E+00
5.309E-03 9.871E-01 1.013E+00 1.00E+00
5.012E-03 9.872E-01 1.013E+00 1.00E+00
4.732E-03 9.871E-01 1.013E+00 1.00E+00
4.467E-03 9.867E-01 1.013E+00 1.00E+00
4.217E-03 9.862E-01 1.014E+00 1.00E+00
3.981E-03 9.853E-01 1.015E+00 1.00E+00
3.758E-03 9.841E-01 1.016E+00 1.00E+00
3.548E-03 9.825E-01 1.017E+00 9.99E-01
3.350E-03 9.804E-01 1.020E+00 9.99E-01
3.162E-03 9.776E-01 1.022E+00 9.99E-01
2.985E-03 9.740E-01 1.026E+00 9.99E-01
2.818E-03 9.691E-01 1.031E+00 1.00E+00
2.661E-03 9.622E-01 1.038E+00 1.00E+00
2.512E-03 9.532E-01 1.047E+00 1.00E+00
2.371E-03 9.417E-01 1.058E+00 1.00E+00
2.239E-03 9.877E-01 1.012E+00 1.00E+00
2.113E-03 9.851E-01 1.015E+00 1.00E+00
1.995E-03 9.817E-01 1.018E+00 1.00E+00
1.884E-03 9.773E-01 1.022E+00 1.00E+00
1.778E-03 9.713E-01 1.028E+00 1.00E+00
1.679E-03 9.634E-01 1.036E+00 1.00E+00
1.585E-03 9.850E-01 1.015E+00 1.00E+00
1.496E-03 9.808E-01 1.019E+00 1.00E+00
1.413E-03 9.797E-01 1.020E+00 1.00E+00
1.334E-03 9.739E-01 1.026E+00 1.00E+00
1.259E-03 9.663E-01 1.033E+00 1.00E+00
1.189E-03 9.561E-01 1.043E+00 1.00E+00
1.122E-03 9.423E-01 1.057E+00 1.00E+00
1.059E-03 9.243E-01 1.075E+00 1.00E+00
