w(micron)  Q_abs     Q_sca     g=<cos>
1.000E+03 1.949E-06 1.005E-16 0.00E+00
9.441E+02 2.187E-06 1.265E-16 0.00E+00
8.913E+02 2.454E-06 1.593E-16 0.00E+00
8.414E+02 2.754E-06 2.006E-16 0.00E+00
7.943E+02 3.090E-06 2.525E-16 0.00E+00
7.499E+02 3.468E-06 3.179E-16 0.00E+00
7.079E+02 3.891E-06 4.002E-16 0.00E+00
6.683E+02 4.367E-06 5.038E-16 0.00E+00
6.310E+02 4.900E-06 6.343E-16 0.00E+00
5.957E+02 5.498E-06 7.985E-16 0.00E+00
5.623E+02 6.170E-06 1.005E-15 0.00E+00
5.309E+02 6.924E-06 1.266E-15 0.00E+00
5.012E+02 7.771E-06 1.594E-15 0.00E+00
4.732E+02 8.721E-06 2.006E-15 0.00E+00
4.467E+02 9.789E-06 2.526E-15 0.00E+00
4.217E+02 1.099E-05 3.180E-15 0.00E+00
3.981E+02 1.233E-05 4.004E-15 0.00E+00
3.758E+02 1.384E-05 5.041E-15 0.00E+00
3.548E+02 1.554E-05 6.346E-15 0.00E+00
3.350E+02 1.744E-05 7.991E-15 0.00E+00
3.162E+02 1.958E-05 1.006E-14 0.00E+00
2.985E+02 2.198E-05 1.267E-14 0.00E+00
2.818E+02 2.468E-05 1.595E-14 0.00E+00
2.661E+02 2.772E-05 2.008E-14 0.00E+00
2.512E+02 3.114E-05 2.528E-14 0.00E+00
2.371E+02 3.497E-05 3.184E-14 0.00E+00
2.239E+02 3.928E-05 4.009E-14 0.00E+00
2.113E+02 4.412E-05 5.048E-14 0.00E+00
1.995E+02 4.957E-05 6.356E-14 0.00E+00
1.884E+02 5.570E-05 8.004E-14 0.00E+00
1.778E+02 6.261E-05 1.008E-13 0.00E+00
1.679E+02 7.039E-05 1.269E-13 0.00E+00
1.585E+02 7.916E-05 1.599E-13 0.00E+00
1.496E+02 8.904E-05 2.013E-13 0.00E+00
1.413E+02 1.002E-04 2.535E-13 0.00E+00
1.334E+02 1.127E-04 3.193E-13 0.00E+00
1.259E+02 1.269E-04 4.022E-13 0.00E+00
1.189E+02 1.430E-04 5.065E-13 0.00E+00
1.122E+02 1.610E-04 6.381E-13 0.00E+00
1.059E+02 1.815E-04 8.038E-13 0.00E+00
1.000E+02 2.047E-04 1.012E-12 0.00E+00
9.441E+01 2.310E-04 1.275E-12 0.00E+00
8.913E+01 2.607E-04 1.606E-12 0.00E+00
8.414E+01 2.942E-04 2.024E-12 5.17E-07
7.943E+01 3.324E-04 2.549E-12 5.73E-07
7.499E+01 3.758E-04 3.210E-12 6.35E-07
7.079E+01 4.250E-04 4.042E-12 7.01E-07
6.683E+01 4.805E-04 5.090E-12 7.73E-07
6.310E+01 5.438E-04 6.406E-12 8.50E-07
5.957E+01 6.152E-04 8.061E-12 9.34E-07
5.623E+01 6.960E-04 1.014E-11 1.02E-06
5.309E+01 7.866E-04 1.275E-11 1.12E-06
5.012E+01 8.890E-04 1.602E-11 1.22E-06
4.732E+01 1.004E-03 2.011E-11 1.32E-06
4.467E+01 1.133E-03 2.524E-11 1.44E-06
4.217E+01 1.278E-03 3.166E-11 1.56E-06
3.981E+01 1.439E-03 3.962E-11 1.68E-06
3.758E+01 1.616E-03 4.955E-11 1.82E-06
3.548E+01 1.807E-03 6.212E-11 1.97E-06
3.350E+01 2.023E-03 7.787E-11 2.13E-06
3.162E+01 2.278E-03 9.758E-11 2.30E-06
2.985E+01 2.571E-03 1.221E-10 2.46E-06
2.818E+01 2.902E-03 1.522E-10 2.64E-06
2.661E+01 3.282E-03 1.898E-10 2.82E-06
2.512E+01 3.719E-03 2.369E-10 3.01E-06
2.371E+01 4.209E-03 2.928E-10 3.22E-06
2.239E+01 4.780E-03 3.622E-10 3.43E-06
2.113E+01 5.440E-03 4.419E-10 3.65E-06
1.995E+01 6.232E-03 5.332E-10 3.87E-06
1.884E+01 6.942E-03 5.967E-10 4.16E-06
1.778E+01 6.985E-03 6.123E-10 4.69E-06
1.679E+01 6.365E-03 6.166E-10 5.46E-06
1.585E+01 5.444E-03 6.676E-10 6.45E-06
1.496E+01 4.615E-03 8.257E-10 7.70E-06
1.413E+01 4.150E-03 1.186E-09 9.36E-06
1.334E+01 4.950E-03 1.834E-09 1.10E-05
1.259E+01 6.528E-03 2.652E-09 1.19E-05
1.189E+01 8.677E-03 3.669E-09 1.21E-05
1.122E+01 1.129E-02 4.879E-09 1.20E-05
1.059E+01 1.492E-02 6.473E-09 1.17E-05
1.000E+01 1.818E-02 7.281E-09 1.20E-05
9.441E+00 2.040E-02 7.424E-09 1.27E-05
8.913E+00 1.524E-02 3.998E-09 1.50E-05
8.414E+00 9.854E-03 1.960E-09 1.78E-05
7.943E+00 4.571E-03 8.693E-10 2.11E-05
7.499E+00 2.025E-03 1.846E-09 2.52E-05
7.079E+00 1.590E-03 3.794E-09 2.96E-05
6.683E+00 1.572E-03 6.063E-09 3.41E-05
6.310E+00 1.561E-03 8.793E-09 3.90E-05
5.957E+00 1.525E-03 1.221E-08 4.44E-05
5.623E+00 1.499E-03 1.656E-08 5.04E-05
5.309E+00 1.497E-03 2.209E-08 5.71E-05
5.012E+00 1.516E-03 2.917E-08 6.46E-05
4.732E+00 1.553E-03 3.810E-08 7.30E-05
4.467E+00 1.602E-03 4.945E-08 8.23E-05
4.217E+00 1.662E-03 6.375E-08 9.28E-05
3.981E+00 1.722E-03 8.182E-08 1.04E-04
3.758E+00 1.782E-03 1.047E-07 1.18E-04
3.548E+00 1.846E-03 1.336E-07 1.32E-04
3.350E+00 1.912E-03 1.699E-07 1.49E-04
3.162E+00 1.971E-03 2.158E-07 1.67E-04
2.985E+00 2.038E-03 2.738E-07 1.88E-04
2.818E+00 2.112E-03 3.472E-07 2.11E-04
2.661E+00 2.192E-03 4.398E-07 2.37E-04
2.512E+00 2.277E-03 5.565E-07 2.66E-04
2.371E+00 2.372E-03 7.033E-07 2.99E-04
2.239E+00 2.471E-03 8.887E-07 3.36E-04
2.113E+00 2.578E-03 1.121E-06 3.77E-04
1.995E+00 2.692E-03 1.415E-06 4.23E-04
1.884E+00 2.813E-03 1.785E-06 4.75E-04
1.778E+00 2.944E-03 2.250E-06 5.33E-04
1.679E+00 3.089E-03 2.837E-06 5.98E-04
1.585E+00 3.245E-03 3.575E-06 6.72E-04
1.496E+00 3.409E-03 4.505E-06 7.54E-04
1.413E+00 3.582E-03 5.674E-06 8.46E-04
1.334E+00 3.765E-03 7.146E-06 9.49E-04
1.259E+00 3.959E-03 8.998E-06 1.06E-03
1.189E+00 4.177E-03 1.133E-05 1.19E-03
1.122E+00 4.409E-03 1.427E-05 1.34E-03
1.059E+00 4.655E-03 1.796E-05 1.50E-03
1.000E+00 4.916E-03 2.262E-05 1.69E-03
9.441E-01 5.196E-03 2.847E-05 1.89E-03
8.913E-01 5.492E-03 3.585E-05 2.12E-03
8.414E-01 5.802E-03 4.517E-05 2.38E-03
7.943E-01 6.130E-03 5.691E-05 2.67E-03
7.499E-01 6.478E-03 7.171E-05 3.00E-03
7.079E-01 6.847E-03 9.037E-05 3.36E-03
6.683E-01 7.237E-03 1.139E-04 3.78E-03
6.310E-01 7.654E-03 1.437E-04 4.24E-03
5.957E-01 8.097E-03 1.813E-04 4.75E-03
5.623E-01 8.569E-03 2.289E-04 5.34E-03
5.309E-01 9.069E-03 2.892E-04 5.99E-03
5.012E-01 9.601E-03 3.656E-04 6.72E-03
4.732E-01 1.016E-02 4.627E-04 7.55E-03
4.467E-01 1.076E-02 5.863E-04 8.48E-03
4.217E-01 1.139E-02 7.435E-04 9.52E-03
3.981E-01 1.206E-02 9.440E-04 1.07E-02
3.758E-01 1.275E-02 1.200E-03 1.20E-02
3.548E-01 1.348E-02 1.529E-03 1.35E-02
3.350E-01 1.424E-02 1.952E-03 1.52E-02
3.162E-01 1.503E-02 2.501E-03 1.71E-02
2.985E-01 1.586E-02 3.211E-03 1.92E-02
2.818E-01 1.672E-02 4.138E-03 2.17E-02
2.661E-01 1.759E-02 5.357E-03 2.44E-02
2.512E-01 1.844E-02 6.982E-03 2.76E-02
2.371E-01 1.930E-02 9.164E-03 3.12E-02
2.239E-01 2.017E-02 1.218E-02 3.54E-02
2.113E-01 2.520E-02 1.650E-02 4.04E-02
1.995E-01 3.742E-02 2.253E-02 4.63E-02
1.884E-01 5.943E-02 3.108E-02 5.32E-02
1.778E-01 9.618E-02 4.334E-02 6.15E-02
1.679E-01 1.595E-01 6.113E-02 7.14E-02
1.585E-01 2.703E-01 8.662E-02 8.25E-02
1.496E-01 4.486E-01 1.189E-01 9.17E-02
1.413E-01 6.389E-01 1.478E-01 9.62E-02
1.334E-01 7.726E-01 1.798E-01 1.03E-01
1.259E-01 9.136E-01 2.225E-01 1.12E-01
1.189E-01 1.066E+00 2.763E-01 1.22E-01
1.122E-01 1.230E+00 3.427E-01 1.32E-01
1.059E-01 1.405E+00 4.248E-01 1.42E-01
1.000E-01 1.561E+00 4.927E-01 1.50E-01
9.441E-02 1.629E+00 5.293E-01 1.65E-01
8.913E-02 1.603E+00 5.093E-01 1.86E-01
8.414E-02 1.616E+00 5.696E-01 2.14E-01
7.943E-02 1.631E+00 6.210E-01 2.41E-01
7.499E-02 1.602E+00 6.426E-01 2.73E-01
7.079E-02 1.522E+00 6.359E-01 3.09E-01
6.683E-02 1.388E+00 6.176E-01 3.43E-01
6.310E-02 1.151E+00 5.575E-01 3.67E-01
5.957E-02 8.549E-01 4.008E-01 3.88E-01
5.623E-02 7.914E-01 2.791E-01 4.32E-01
5.309E-02 7.733E-01 2.467E-01 4.77E-01
5.012E-02 7.573E-01 2.285E-01 5.21E-01
4.732E-02 7.415E-01 2.175E-01 5.64E-01
4.467E-02 7.253E-01 2.102E-01 6.06E-01
4.217E-02 7.081E-01 2.048E-01 6.44E-01
3.981E-02 6.899E-01 2.004E-01 6.79E-01
3.758E-02 6.704E-01 1.964E-01 7.11E-01
3.548E-02 6.497E-01 1.925E-01 7.38E-01
3.350E-02 6.281E-01 1.884E-01 7.63E-01
3.162E-02 6.055E-01 1.840E-01 7.84E-01
2.985E-02 5.819E-01 1.791E-01 8.01E-01
2.818E-02 5.576E-01 1.735E-01 8.16E-01
2.661E-02 5.334E-01 1.673E-01 8.30E-01
2.512E-02 5.086E-01 1.597E-01 8.43E-01
2.371E-02 4.843E-01 1.501E-01 8.57E-01
2.239E-02 4.737E-01 1.432E-01 8.71E-01
2.113E-02 4.558E-01 1.367E-01 8.84E-01
1.995E-02 4.388E-01 1.269E-01 8.96E-01
1.884E-02 4.521E-01 1.252E-01 9.04E-01
1.778E-02 4.316E-01 1.256E-01 9.11E-01
1.679E-02 4.134E-01 1.213E-01 9.18E-01
1.585E-02 3.964E-01 1.158E-01 9.27E-01
1.496E-02 3.794E-01 1.098E-01 9.34E-01
1.413E-02 3.620E-01 1.026E-01 9.40E-01
1.334E-02 3.589E-01 9.489E-02 9.44E-01
1.259E-02 3.523E-01 9.393E-02 9.50E-01
1.189E-02 3.330E-01 9.064E-02 9.55E-01
1.122E-02 3.136E-01 8.015E-02 9.59E-01
1.059E-02 3.674E-01 7.560E-02 9.62E-01
1.000E-02 3.454E-01 8.739E-02 9.66E-01
9.441E-03 3.239E-01 8.707E-02 9.69E-01
8.913E-03 3.025E-01 8.379E-02 9.71E-01
8.414E-03 2.815E-01 7.931E-02 9.74E-01
7.943E-03 2.609E-01 7.406E-02 9.77E-01
7.499E-03 2.411E-01 6.688E-02 9.79E-01
7.079E-03 2.399E-01 6.644E-02 9.81E-01
6.683E-03 2.208E-01 6.300E-02 9.82E-01
6.310E-03 2.026E-01 5.891E-02 9.84E-01
5.957E-03 1.856E-01 5.470E-02 9.86E-01
5.623E-03 1.691E-01 5.043E-02 9.87E-01
5.309E-03 1.538E-01 4.625E-02 9.88E-01
5.012E-03 1.397E-01 4.225E-02 9.89E-01
4.732E-03 1.264E-01 3.847E-02 9.90E-01
4.467E-03 1.141E-01 3.490E-02 9.91E-01
4.217E-03 1.028E-01 3.153E-02 9.92E-01
3.981E-03 9.229E-02 2.840E-02 9.93E-01
3.758E-03 8.264E-02 2.548E-02 9.93E-01
3.548E-03 7.378E-02 2.274E-02 9.94E-01
3.350E-03 6.569E-02 2.021E-02 9.95E-01
3.162E-03 5.836E-02 1.786E-02 9.95E-01
2.985E-03 5.183E-02 1.575E-02 9.96E-01
2.818E-03 4.567E-02 1.365E-02 9.96E-01
2.661E-03 3.998E-02 1.164E-02 9.96E-01
2.512E-03 3.509E-02 9.480E-03 9.97E-01
2.371E-03 3.077E-02 5.596E-03 9.97E-01
2.239E-03 7.131E-02 7.882E-03 9.97E-01
2.113E-03 6.391E-02 8.076E-03 9.98E-01
1.995E-03 5.684E-02 7.734E-03 9.98E-01
1.884E-03 5.027E-02 6.949E-03 9.98E-01
1.778E-03 4.423E-02 5.945E-03 9.98E-01
1.679E-03 3.874E-02 3.684E-03 9.98E-01
1.585E-03 6.127E-02 5.705E-03 9.99E-01
1.496E-03 5.380E-02 5.332E-03 9.99E-01
1.413E-03 5.229E-02 5.445E-03 9.99E-01
1.334E-03 4.596E-02 5.151E-03 9.99E-01
1.259E-03 4.028E-02 4.746E-03 9.99E-01
1.189E-03 3.520E-02 4.334E-03 9.99E-01
1.122E-03 3.051E-02 3.916E-03 9.99E-01
1.059E-03 2.640E-02 3.507E-03 9.99E-01
