w(micron)  Q_abs     Q_sca     g=<cos>
1.000E+03 6.163E-07 1.005E-18 0.00E+00
9.441E+02 6.916E-07 1.265E-18 0.00E+00
8.913E+02 7.761E-07 1.593E-18 0.00E+00
8.414E+02 8.709E-07 2.006E-18 0.00E+00
7.943E+02 9.772E-07 2.525E-18 0.00E+00
7.499E+02 1.097E-06 3.179E-18 0.00E+00
7.079E+02 1.231E-06 4.002E-18 0.00E+00
6.683E+02 1.381E-06 5.038E-18 0.00E+00
6.310E+02 1.549E-06 6.343E-18 0.00E+00
5.957E+02 1.739E-06 7.985E-18 0.00E+00
5.623E+02 1.951E-06 1.005E-17 0.00E+00
5.309E+02 2.190E-06 1.266E-17 0.00E+00
5.012E+02 2.457E-06 1.594E-17 0.00E+00
4.732E+02 2.758E-06 2.006E-17 0.00E+00
4.467E+02 3.095E-06 2.526E-17 0.00E+00
4.217E+02 3.474E-06 3.180E-17 0.00E+00
3.981E+02 3.900E-06 4.004E-17 0.00E+00
3.758E+02 4.378E-06 5.041E-17 0.00E+00
3.548E+02 4.914E-06 6.346E-17 0.00E+00
3.350E+02 5.515E-06 7.991E-17 0.00E+00
3.162E+02 6.190E-06 1.006E-16 0.00E+00
2.985E+02 6.950E-06 1.267E-16 0.00E+00
2.818E+02 7.805E-06 1.595E-16 0.00E+00
2.661E+02 8.766E-06 2.008E-16 0.00E+00
2.512E+02 9.846E-06 2.528E-16 0.00E+00
2.371E+02 1.106E-05 3.184E-16 0.00E+00
2.239E+02 1.242E-05 4.009E-16 0.00E+00
2.113E+02 1.395E-05 5.048E-16 0.00E+00
1.995E+02 1.567E-05 6.356E-16 0.00E+00
1.884E+02 1.761E-05 8.004E-16 0.00E+00
1.778E+02 1.980E-05 1.008E-15 0.00E+00
1.679E+02 2.226E-05 1.269E-15 0.00E+00
1.585E+02 2.503E-05 1.599E-15 0.00E+00
1.496E+02 2.816E-05 2.013E-15 0.00E+00
1.413E+02 3.168E-05 2.535E-15 0.00E+00
1.334E+02 3.565E-05 3.193E-15 0.00E+00
1.259E+02 4.013E-05 4.022E-15 0.00E+00
1.189E+02 4.521E-05 5.065E-15 0.00E+00
1.122E+02 5.093E-05 6.381E-15 0.00E+00
1.059E+02 5.739E-05 8.038E-15 0.00E+00
1.000E+02 6.474E-05 1.012E-14 0.00E+00
9.441E+01 7.304E-05 1.275E-14 0.00E+00
8.913E+01 8.243E-05 1.606E-14 0.00E+00
8.414E+01 9.303E-05 2.024E-14 0.00E+00
7.943E+01 1.051E-04 2.549E-14 0.00E+00
7.499E+01 1.188E-04 3.210E-14 0.00E+00
7.079E+01 1.344E-04 4.042E-14 0.00E+00
6.683E+01 1.520E-04 5.090E-14 0.00E+00
6.310E+01 1.720E-04 6.406E-14 0.00E+00
5.957E+01 1.945E-04 8.061E-14 0.00E+00
5.623E+01 2.201E-04 1.014E-13 0.00E+00
5.309E+01 2.488E-04 1.275E-13 0.00E+00
5.012E+01 2.811E-04 1.602E-13 0.00E+00
4.732E+01 3.175E-04 2.011E-13 0.00E+00
4.467E+01 3.583E-04 2.524E-13 0.00E+00
4.217E+01 4.041E-04 3.166E-13 0.00E+00
3.981E+01 4.549E-04 3.962E-13 0.00E+00
3.758E+01 5.111E-04 4.955E-13 0.00E+00
3.548E+01 5.713E-04 6.212E-13 0.00E+00
3.350E+01 6.397E-04 7.787E-13 0.00E+00
3.162E+01 7.203E-04 9.758E-13 0.00E+00
2.985E+01 8.131E-04 1.221E-12 0.00E+00
2.818E+01 9.176E-04 1.522E-12 0.00E+00
2.661E+01 1.038E-03 1.898E-12 2.82E-07
2.512E+01 1.176E-03 2.369E-12 3.01E-07
2.371E+01 1.331E-03 2.928E-12 3.22E-07
2.239E+01 1.512E-03 3.622E-12 3.43E-07
2.113E+01 1.720E-03 4.419E-12 3.65E-07
1.995E+01 1.971E-03 5.332E-12 3.87E-07
1.884E+01 2.195E-03 5.967E-12 4.16E-07
1.778E+01 2.209E-03 6.123E-12 4.69E-07
1.679E+01 2.013E-03 6.166E-12 5.46E-07
1.585E+01 1.721E-03 6.676E-12 6.45E-07
1.496E+01 1.459E-03 8.257E-12 7.71E-07
1.413E+01 1.312E-03 1.186E-11 9.36E-07
1.334E+01 1.565E-03 1.834E-11 1.10E-06
1.259E+01 2.064E-03 2.652E-11 1.19E-06
1.189E+01 2.744E-03 3.669E-11 1.21E-06
1.122E+01 3.569E-03 4.879E-11 1.20E-06
1.059E+01 4.718E-03 6.473E-11 1.17E-06
1.000E+01 5.749E-03 7.281E-11 1.20E-06
9.441E+00 6.451E-03 7.424E-11 1.27E-06
8.913E+00 4.820E-03 3.998E-11 1.50E-06
8.414E+00 3.116E-03 1.960E-11 1.78E-06
7.943E+00 1.376E-03 9.150E-12 3.75E-06
7.499E+00 6.403E-04 1.846E-11 2.52E-06
7.079E+00 5.028E-04 3.794E-11 2.96E-06
6.683E+00 4.972E-04 6.063E-11 3.41E-06
6.310E+00 4.936E-04 8.793E-11 3.90E-06
5.957E+00 4.821E-04 1.221E-10 4.44E-06
5.623E+00 4.740E-04 1.655E-10 5.04E-06
5.309E+00 4.733E-04 2.209E-10 5.71E-06
5.012E+00 4.792E-04 2.917E-10 6.46E-06
4.732E+00 4.910E-04 3.810E-10 7.30E-06
4.467E+00 5.065E-04 4.944E-10 8.23E-06
4.217E+00 5.254E-04 6.375E-10 9.28E-06
3.981E+00 5.444E-04 8.181E-10 1.04E-05
3.758E+00 5.634E-04 1.047E-09 1.18E-05
3.548E+00 5.837E-04 1.335E-09 1.32E-05
3.350E+00 6.043E-04 1.699E-09 1.49E-05
3.162E+00 6.231E-04 2.158E-09 1.67E-05
2.985E+00 6.441E-04 2.738E-09 1.88E-05
2.818E+00 6.675E-04 3.472E-09 2.11E-05
2.661E+00 6.926E-04 4.397E-09 2.37E-05
2.512E+00 7.196E-04 5.563E-09 2.66E-05
2.371E+00 7.494E-04 7.031E-09 2.99E-05
2.239E+00 7.807E-04 8.885E-09 3.36E-05
2.113E+00 8.142E-04 1.121E-08 3.77E-05
1.995E+00 8.501E-04 1.415E-08 4.23E-05
1.884E+00 8.883E-04 1.784E-08 4.75E-05
1.778E+00 9.293E-04 2.249E-08 5.33E-05
1.679E+00 9.750E-04 2.835E-08 5.99E-05
1.585E+00 1.024E-03 3.573E-08 6.72E-05
1.496E+00 1.075E-03 4.502E-08 7.54E-05
1.413E+00 1.130E-03 5.670E-08 8.46E-05
1.334E+00 1.187E-03 7.140E-08 9.49E-05
1.259E+00 1.248E-03 8.991E-08 1.07E-04
1.189E+00 1.316E-03 1.132E-07 1.20E-04
1.122E+00 1.388E-03 1.425E-07 1.34E-04
1.059E+00 1.465E-03 1.794E-07 1.50E-04
1.000E+00 1.547E-03 2.259E-07 1.69E-04
9.441E-01 1.634E-03 2.843E-07 1.89E-04
8.913E-01 1.725E-03 3.579E-07 2.13E-04
8.414E-01 1.822E-03 4.508E-07 2.38E-04
7.943E-01 1.923E-03 5.679E-07 2.68E-04
7.499E-01 2.030E-03 7.154E-07 3.00E-04
7.079E-01 2.143E-03 9.013E-07 3.37E-04
6.683E-01 2.262E-03 1.136E-06 3.78E-04
6.310E-01 2.389E-03 1.432E-06 4.24E-04
5.957E-01 2.524E-03 1.806E-06 4.76E-04
5.623E-01 2.666E-03 2.279E-06 5.35E-04
5.309E-01 2.816E-03 2.878E-06 6.00E-04
5.012E-01 2.975E-03 3.637E-06 6.74E-04
4.732E-01 3.141E-03 4.600E-06 7.57E-04
4.467E-01 3.315E-03 5.824E-06 8.50E-04
4.217E-01 3.500E-03 7.379E-06 9.55E-04
3.981E-01 3.691E-03 9.359E-06 1.07E-03
3.758E-01 3.886E-03 1.189E-05 1.21E-03
3.548E-01 4.090E-03 1.513E-05 1.36E-03
3.350E-01 4.300E-03 1.928E-05 1.53E-03
3.162E-01 4.511E-03 2.465E-05 1.72E-03
2.985E-01 4.727E-03 3.159E-05 1.94E-03
2.818E-01 4.944E-03 4.061E-05 2.18E-03
2.661E-01 5.157E-03 5.243E-05 2.46E-03
2.512E-01 5.349E-03 6.809E-05 2.78E-03
2.371E-01 5.528E-03 8.899E-05 3.15E-03
2.239E-01 5.692E-03 1.177E-04 3.58E-03
2.113E-01 6.982E-03 1.582E-04 4.09E-03
1.995E-01 1.015E-02 2.144E-04 4.68E-03
1.884E-01 1.570E-02 2.928E-04 5.38E-03
1.778E-01 2.464E-02 4.038E-04 6.21E-03
1.679E-01 3.940E-02 5.629E-04 7.17E-03
1.585E-01 6.425E-02 7.903E-04 8.23E-03
1.496E-01 1.043E-01 1.088E-03 9.10E-03
1.413E-01 1.508E-01 1.387E-03 9.55E-03
1.334E-01 1.846E-01 1.734E-03 1.02E-02
1.259E-01 2.212E-01 2.219E-03 1.10E-02
1.189E-01 2.642E-01 2.888E-03 1.18E-02
1.122E-01 3.172E-01 3.828E-03 1.26E-02
1.059E-01 3.879E-01 5.229E-03 1.33E-02
1.000E-01 4.926E-01 7.097E-03 1.35E-02
9.441E-02 5.937E-01 9.106E-03 1.40E-02
8.913E-02 6.645E-01 1.039E-02 1.50E-02
8.414E-02 7.210E-01 1.336E-02 1.67E-02
7.943E-02 8.519E-01 1.830E-02 1.77E-02
7.499E-02 9.885E-01 2.422E-02 1.88E-02
7.079E-02 1.052E+00 2.905E-02 2.09E-02
6.683E-02 1.026E+00 3.234E-02 2.37E-02
6.310E-02 8.322E-01 2.964E-02 2.76E-02
5.957E-02 5.236E-01 1.804E-02 3.25E-02
5.623E-02 4.301E-01 1.168E-02 3.78E-02
5.309E-02 4.051E-01 1.067E-02 4.32E-02
5.012E-02 3.877E-01 1.039E-02 4.91E-02
4.732E-02 3.736E-01 1.048E-02 5.57E-02
4.467E-02 3.608E-01 1.076E-02 6.31E-02
4.217E-02 3.482E-01 1.114E-02 7.14E-02
3.981E-02 3.355E-01 1.156E-02 8.07E-02
3.758E-02 3.223E-01 1.198E-02 9.13E-02
3.548E-02 3.086E-01 1.237E-02 1.03E-01
3.350E-02 2.944E-01 1.271E-02 1.16E-01
3.162E-02 2.799E-01 1.296E-02 1.32E-01
2.985E-02 2.651E-01 1.310E-02 1.48E-01
2.818E-02 2.501E-01 1.314E-02 1.67E-01
2.661E-02 2.353E-01 1.304E-02 1.89E-01
2.512E-02 2.205E-01 1.277E-02 2.12E-01
2.371E-02 2.061E-01 1.226E-02 2.39E-01
2.239E-02 1.993E-01 1.203E-02 2.68E-01
2.113E-02 1.891E-01 1.173E-02 3.01E-01
1.995E-02 1.795E-01 1.106E-02 3.37E-01
1.884E-02 1.857E-01 1.130E-02 3.77E-01
1.778E-02 1.753E-01 1.145E-02 4.18E-01
1.679E-02 1.659E-01 1.113E-02 4.62E-01
1.585E-02 1.571E-01 1.066E-02 5.08E-01
1.496E-02 1.486E-01 1.012E-02 5.55E-01
1.413E-02 1.400E-01 9.448E-03 6.01E-01
1.334E-02 1.381E-01 8.796E-03 6.45E-01
1.259E-02 1.348E-01 8.772E-03 6.85E-01
1.189E-02 1.258E-01 8.468E-03 7.19E-01
1.122E-02 1.168E-01 7.488E-03 7.47E-01
1.059E-02 1.403E-01 7.402E-03 7.69E-01
1.000E-02 1.305E-01 8.621E-03 7.85E-01
9.441E-03 1.207E-01 8.630E-03 7.98E-01
8.913E-03 1.113E-01 8.336E-03 8.10E-01
8.414E-03 1.022E-01 7.909E-03 8.24E-01
7.943E-03 9.361E-02 7.386E-03 8.39E-01
7.499E-03 8.554E-02 6.658E-03 8.56E-01
7.079E-03 8.497E-02 6.667E-03 8.72E-01
6.683E-03 7.741E-02 6.309E-03 8.85E-01
6.310E-03 7.033E-02 5.895E-03 8.95E-01
5.957E-03 6.385E-02 5.475E-03 9.02E-01
5.623E-03 5.769E-02 5.047E-03 9.09E-01
5.309E-03 5.207E-02 4.623E-03 9.18E-01
5.012E-03 4.695E-02 4.216E-03 9.27E-01
4.732E-03 4.224E-02 3.835E-03 9.34E-01
4.467E-03 3.790E-02 3.478E-03 9.39E-01
4.217E-03 3.395E-02 3.142E-03 9.43E-01
3.981E-03 3.034E-02 2.828E-03 9.49E-01
3.758E-03 2.705E-02 2.535E-03 9.55E-01
3.548E-03 2.406E-02 2.263E-03 9.58E-01
3.350E-03 2.134E-02 2.010E-03 9.62E-01
3.162E-03 1.890E-02 1.776E-03 9.66E-01
2.985E-03 1.674E-02 1.565E-03 9.69E-01
2.818E-03 1.471E-02 1.356E-03 9.71E-01
2.661E-03 1.285E-02 1.157E-03 9.74E-01
2.512E-03 1.126E-02 9.421E-04 9.76E-01
2.371E-03 9.849E-03 5.560E-04 9.79E-01
2.239E-03 2.320E-02 7.985E-04 9.81E-01
2.113E-03 2.074E-02 8.169E-04 9.82E-01
1.995E-03 1.839E-02 7.811E-04 9.84E-01
1.884E-03 1.622E-02 7.008E-04 9.86E-01
1.778E-03 1.424E-02 5.986E-04 9.87E-01
1.679E-03 1.244E-02 3.705E-04 9.88E-01
1.585E-03 1.985E-02 5.800E-04 9.89E-01
1.496E-03 1.738E-02 5.407E-04 9.90E-01
1.413E-03 1.688E-02 5.523E-04 9.91E-01
1.334E-03 1.480E-02 5.215E-04 9.92E-01
1.259E-03 1.294E-02 4.796E-04 9.93E-01
1.189E-03 1.129E-02 4.373E-04 9.93E-01
1.122E-03 9.764E-03 3.946E-04 9.94E-01
1.059E-03 8.434E-03 3.529E-04 9.95E-01
