w(micron)  Q_abs     Q_sca     g=<cos>
1.000E+03 1.548E-04 4.002E-09 2.51E-05
9.441E+02 1.738E-04 5.038E-09 2.82E-05
8.913E+02 1.950E-04 6.343E-09 3.16E-05
8.414E+02 2.188E-04 7.985E-09 3.54E-05
7.943E+02 2.455E-04 1.005E-08 3.98E-05
7.499E+02 2.755E-04 1.266E-08 4.46E-05
7.079E+02 3.092E-04 1.593E-08 5.00E-05
6.683E+02 3.470E-04 2.006E-08 5.61E-05
6.310E+02 3.894E-04 2.525E-08 6.30E-05
5.957E+02 4.370E-04 3.179E-08 7.07E-05
5.623E+02 4.904E-04 4.003E-08 7.93E-05
5.309E+02 5.503E-04 5.040E-08 8.89E-05
5.012E+02 6.176E-04 6.345E-08 9.98E-05
4.732E+02 6.932E-04 7.989E-08 1.12E-04
4.467E+02 7.782E-04 1.006E-07 1.26E-04
4.217E+02 8.735E-04 1.266E-07 1.41E-04
3.981E+02 9.806E-04 1.594E-07 1.58E-04
3.758E+02 1.101E-03 2.007E-07 1.77E-04
3.548E+02 1.236E-03 2.527E-07 1.99E-04
3.350E+02 1.387E-03 3.182E-07 2.23E-04
3.162E+02 1.557E-03 4.007E-07 2.50E-04
2.985E+02 1.749E-03 5.046E-07 2.80E-04
2.818E+02 1.964E-03 6.353E-07 3.14E-04
2.661E+02 2.207E-03 7.999E-07 3.52E-04
2.512E+02 2.479E-03 1.007E-06 3.95E-04
2.371E+02 2.785E-03 1.268E-06 4.43E-04
2.239E+02 3.130E-03 1.597E-06 4.96E-04
2.113E+02 3.517E-03 2.011E-06 5.56E-04
1.995E+02 3.953E-03 2.533E-06 6.23E-04
1.884E+02 4.444E-03 3.190E-06 6.98E-04
1.778E+02 4.998E-03 4.018E-06 7.82E-04
1.679E+02 5.623E-03 5.061E-06 8.75E-04
1.585E+02 6.327E-03 6.374E-06 9.80E-04
1.496E+02 7.122E-03 8.029E-06 1.10E-03
1.413E+02 8.019E-03 1.011E-05 1.23E-03
1.334E+02 9.033E-03 1.274E-05 1.37E-03
1.259E+02 1.018E-02 1.605E-05 1.53E-03
1.189E+02 1.148E-02 2.022E-05 1.71E-03
1.122E+02 1.295E-02 2.549E-05 1.91E-03
1.059E+02 1.461E-02 3.212E-05 2.13E-03
1.000E+02 1.651E-02 4.047E-05 2.37E-03
9.441E+01 1.866E-02 5.100E-05 2.64E-03
8.913E+01 2.110E-02 6.428E-05 2.94E-03
8.414E+01 2.386E-02 8.104E-05 3.27E-03
7.943E+01 2.703E-02 1.021E-04 3.62E-03
7.499E+01 3.063E-02 1.287E-04 4.01E-03
7.079E+01 3.474E-02 1.623E-04 4.43E-03
6.683E+01 3.940E-02 2.045E-04 4.88E-03
6.310E+01 4.473E-02 2.577E-04 5.37E-03
5.957E+01 5.078E-02 3.247E-04 5.89E-03
5.623E+01 5.767E-02 4.089E-04 6.44E-03
5.309E+01 6.543E-02 5.149E-04 7.04E-03
5.012E+01 7.426E-02 6.480E-04 7.66E-03
4.732E+01 8.424E-02 8.152E-04 8.32E-03
4.467E+01 9.552E-02 1.025E-03 9.02E-03
4.217E+01 1.082E-01 1.288E-03 9.75E-03
3.981E+01 1.225E-01 1.616E-03 1.05E-02
3.758E+01 1.383E-01 2.026E-03 1.14E-02
3.548E+01 1.556E-01 2.547E-03 1.23E-02
3.350E+01 1.753E-01 3.203E-03 1.33E-02
3.162E+01 1.987E-01 4.026E-03 1.42E-02
2.985E+01 2.257E-01 5.054E-03 1.52E-02
2.818E+01 2.563E-01 6.321E-03 1.63E-02
2.661E+01 2.916E-01 7.907E-03 1.74E-02
2.512E+01 3.324E-01 9.899E-03 1.85E-02
2.371E+01 3.780E-01 1.227E-02 1.97E-02
2.239E+01 4.310E-01 1.519E-02 2.10E-02
2.113E+01 4.911E-01 1.853E-02 2.24E-02
1.995E+01 5.613E-01 2.227E-02 2.38E-02
1.884E+01 6.189E-01 2.465E-02 2.58E-02
1.778E+01 6.176E-01 2.498E-02 2.92E-02
1.679E+01 5.643E-01 2.500E-02 3.41E-02
1.585E+01 4.911E-01 2.717E-02 4.04E-02
1.496E+01 4.303E-01 3.408E-02 4.82E-02
1.413E+01 4.087E-01 5.017E-02 5.86E-02
1.334E+01 5.157E-01 7.929E-02 6.85E-02
1.259E+01 6.974E-01 1.148E-01 7.35E-02
1.189E+01 9.160E-01 1.557E-01 7.45E-02
1.122E+01 1.137E+00 1.974E-01 7.48E-02
1.059E+01 1.372E+00 2.396E-01 7.53E-02
1.000E+01 1.462E+00 2.348E-01 8.14E-02
9.441E+00 1.419E+00 2.038E-01 9.11E-02
8.913E+00 1.028E+00 1.039E-01 1.07E-01
8.414E+00 7.132E-01 5.312E-02 1.23E-01
7.943E+00 3.711E-01 2.564E-02 1.40E-01
7.499E+00 1.888E-01 5.982E-02 1.63E-01
7.079E+00 1.627E-01 1.272E-01 1.91E-01
6.683E+00 1.716E-01 2.029E-01 2.23E-01
6.310E+00 1.802E-01 2.886E-01 2.59E-01
5.957E+00 1.861E-01 3.878E-01 3.01E-01
5.623E+00 1.943E-01 5.034E-01 3.50E-01
5.309E+00 2.075E-01 6.369E-01 4.07E-01
5.012E+00 2.275E-01 7.951E-01 4.71E-01
4.732E+00 2.551E-01 9.880E-01 5.34E-01
4.467E+00 2.891E-01 1.235E+00 5.84E-01
4.217E+00 3.223E-01 1.535E+00 6.09E-01
3.981E+00 3.418E-01 1.848E+00 6.10E-01
3.758E+00 3.432E-01 2.102E+00 6.00E-01
3.548E+00 3.391E-01 2.271E+00 5.96E-01
3.350E+00 3.484E-01 2.412E+00 6.09E-01
3.162E+00 3.836E-01 2.622E+00 6.42E-01
2.985E+00 4.417E-01 2.972E+00 6.83E-01
2.818E+00 4.773E-01 3.346E+00 7.10E-01
2.661E+00 4.622E-01 3.473E+00 7.09E-01
2.512E+00 4.483E-01 3.404E+00 6.93E-01
2.371E+00 4.886E-01 3.412E+00 6.82E-01
2.239E+00 5.716E-01 3.672E+00 7.00E-01
2.113E+00 5.614E-01 3.705E+00 7.19E-01
1.995E+00 5.338E-01 3.354E+00 7.08E-01
1.884E+00 6.030E-01 3.104E+00 6.70E-01
1.778E+00 6.694E-01 3.142E+00 6.71E-01
1.679E+00 6.016E-01 2.730E+00 6.64E-01
1.585E+00 6.666E-01 2.237E+00 6.11E-01
1.496E+00 7.366E-01 2.124E+00 5.96E-01
1.413E+00 6.606E-01 1.748E+00 5.58E-01
1.334E+00 7.993E-01 1.452E+00 5.00E-01
1.259E+00 7.374E-01 1.411E+00 5.36E-01
1.189E+00 7.896E-01 1.227E+00 5.18E-01
1.122E+00 7.865E-01 1.401E+00 6.22E-01
1.059E+00 8.270E-01 1.451E+00 6.87E-01
1.000E+00 8.181E-01 1.757E+00 7.49E-01
9.441E-01 8.436E-01 1.839E+00 8.15E-01
8.913E-01 8.183E-01 2.006E+00 8.29E-01
8.414E-01 8.351E-01 1.996E+00 8.45E-01
7.943E-01 8.365E-01 1.829E+00 8.44E-01
7.499E-01 8.407E-01 1.623E+00 8.28E-01
7.079E-01 8.507E-01 1.440E+00 8.08E-01
6.683E-01 8.693E-01 1.338E+00 7.96E-01
6.310E-01 8.869E-01 1.362E+00 8.13E-01
5.957E-01 9.009E-01 1.491E+00 8.34E-01
5.623E-01 9.137E-01 1.605E+00 8.52E-01
5.309E-01 9.255E-01 1.584E+00 8.62E-01
5.012E-01 9.320E-01 1.430E+00 8.61E-01
4.732E-01 9.320E-01 1.286E+00 8.58E-01
4.467E-01 9.335E-01 1.285E+00 8.69E-01
4.217E-01 9.491E-01 1.397E+00 8.87E-01
3.981E-01 9.496E-01 1.424E+00 8.92E-01
3.758E-01 9.575E-01 1.286E+00 8.84E-01
3.548E-01 9.557E-01 1.244E+00 8.84E-01
3.350E-01 9.679E-01 1.334E+00 9.00E-01
3.162E-01 9.726E-01 1.293E+00 9.01E-01
2.985E-01 9.731E-01 1.219E+00 8.99E-01
2.818E-01 9.707E-01 1.296E+00 9.06E-01
2.661E-01 9.693E-01 1.221E+00 9.03E-01
2.512E-01 9.704E-01 1.262E+00 9.08E-01
2.371E-01 9.676E-01 1.210E+00 9.04E-01
2.239E-01 9.635E-01 1.248E+00 9.07E-01
2.113E-01 9.713E-01 1.227E+00 9.09E-01
1.995E-01 9.715E-01 1.210E+00 9.07E-01
1.884E-01 9.605E-01 1.211E+00 9.02E-01
1.778E-01 9.467E-01 1.218E+00 8.96E-01
1.679E-01 9.317E-01 1.227E+00 8.88E-01
1.585E-01 9.156E-01 1.239E+00 8.79E-01
1.496E-01 9.018E-01 1.249E+00 8.72E-01
1.413E-01 8.970E-01 1.250E+00 8.73E-01
1.334E-01 8.942E-01 1.248E+00 8.74E-01
1.259E-01 8.885E-01 1.249E+00 8.74E-01
1.189E-01 8.809E-01 1.252E+00 8.72E-01
1.122E-01 8.711E-01 1.258E+00 8.69E-01
1.059E-01 8.575E-01 1.268E+00 8.63E-01
1.000E-01 8.430E-01 1.279E+00 8.58E-01
9.441E-02 8.340E-01 1.282E+00 8.57E-01
8.913E-02 8.359E-01 1.273E+00 8.65E-01
8.414E-02 8.299E-01 1.275E+00 8.63E-01
7.943E-02 8.102E-01 1.291E+00 8.55E-01
7.499E-02 7.868E-01 1.308E+00 8.47E-01
7.079E-02 7.680E-01 1.321E+00 8.43E-01
6.683E-02 7.453E-01 1.337E+00 8.38E-01
6.310E-02 7.228E-01 1.351E+00 8.36E-01
5.957E-02 7.444E-01 1.319E+00 8.66E-01
5.623E-02 8.211E-01 1.235E+00 9.14E-01
5.309E-02 8.507E-01 1.201E+00 9.32E-01
5.012E-02 8.694E-01 1.179E+00 9.43E-01
4.732E-02 8.820E-01 1.163E+00 9.51E-01
4.467E-02 8.911E-01 1.151E+00 9.56E-01
4.217E-02 8.981E-01 1.142E+00 9.61E-01
3.981E-02 9.037E-01 1.133E+00 9.65E-01
3.758E-02 9.085E-01 1.126E+00 9.68E-01
3.548E-02 9.127E-01 1.120E+00 9.71E-01
3.350E-02 9.165E-01 1.114E+00 9.74E-01
3.162E-02 9.202E-01 1.108E+00 9.77E-01
2.985E-02 9.237E-01 1.102E+00 9.79E-01
2.818E-02 9.272E-01 1.097E+00 9.81E-01
2.661E-02 9.307E-01 1.091E+00 9.83E-01
2.512E-02 9.345E-01 1.085E+00 9.85E-01
2.371E-02 9.389E-01 1.079E+00 9.87E-01
2.239E-02 9.440E-01 1.072E+00 9.89E-01
2.113E-02 9.474E-01 1.067E+00 9.90E-01
1.995E-02 9.521E-01 1.061E+00 9.92E-01
1.884E-02 9.575E-01 1.055E+00 9.93E-01
1.778E-02 9.572E-01 1.054E+00 9.94E-01
1.679E-02 9.590E-01 1.051E+00 9.94E-01
1.585E-02 9.612E-01 1.048E+00 9.95E-01
1.496E-02 9.634E-01 1.044E+00 9.96E-01
1.413E-02 9.658E-01 1.040E+00 9.96E-01
1.334E-02 9.699E-01 1.035E+00 9.97E-01
1.259E-02 9.712E-01 1.033E+00 9.97E-01
1.189E-02 9.717E-01 1.032E+00 9.98E-01
1.122E-02 9.745E-01 1.028E+00 9.98E-01
1.059E-02 9.824E-01 1.020E+00 9.98E-01
1.000E-02 9.780E-01 1.024E+00 9.98E-01
9.441E-03 9.774E-01 1.024E+00 9.98E-01
8.913E-03 9.775E-01 1.023E+00 9.99E-01
8.414E-03 9.779E-01 1.022E+00 9.99E-01
7.943E-03 9.785E-01 1.021E+00 9.99E-01
7.499E-03 9.796E-01 1.019E+00 9.99E-01
7.079E-03 9.805E-01 1.018E+00 9.99E-01
6.683E-03 9.834E-01 1.017E+00 9.99E-01
6.310E-03 9.836E-01 1.016E+00 9.99E-01
5.957E-03 9.838E-01 1.016E+00 9.99E-01
5.623E-03 9.838E-01 1.016E+00 1.00E+00
5.309E-03 9.836E-01 1.016E+00 1.00E+00
5.012E-03 9.831E-01 1.017E+00 1.00E+00
4.732E-03 9.822E-01 1.018E+00 1.00E+00
4.467E-03 9.808E-01 1.019E+00 1.00E+00
4.217E-03 9.790E-01 1.021E+00 9.99E-01
3.981E-03 9.765E-01 1.023E+00 9.99E-01
3.758E-03 9.731E-01 1.027E+00 9.99E-01
3.548E-03 9.687E-01 1.031E+00 9.99E-01
3.350E-03 9.628E-01 1.037E+00 9.99E-01
3.162E-03 9.552E-01 1.044E+00 9.99E-01
2.985E-03 9.456E-01 1.054E+00 9.99E-01
2.818E-03 9.328E-01 1.067E+00 9.99E-01
2.661E-03 9.158E-01 1.084E+00 1.00E+00
2.512E-03 8.954E-01 1.104E+00 1.00E+00
2.371E-03 8.709E-01 1.126E+00 1.00E+00
2.239E-03 9.723E-01 1.027E+00 1.00E+00
2.113E-03 9.659E-01 1.033E+00 1.00E+00
1.995E-03 9.574E-01 1.041E+00 1.00E+00
1.884E-03 9.464E-01 1.052E+00 1.00E+00
1.778E-03 9.321E-01 1.066E+00 1.00E+00
1.679E-03 9.138E-01 1.081E+00 1.00E+00
1.585E-03 9.640E-01 1.034E+00 1.00E+00
1.496E-03 9.536E-01 1.044E+00 1.00E+00
1.413E-03 9.510E-01 1.046E+00 1.00E+00
1.334E-03 9.373E-01 1.060E+00 1.00E+00
1.259E-03 9.199E-01 1.077E+00 1.00E+00
1.189E-03 8.981E-01 1.098E+00 1.00E+00
1.122E-03 8.703E-01 1.125E+00 1.00E+00
1.059E-03 8.371E-01 1.156E+00 1.00E+00
