w(micron)  Q_abs     Q_sca     g=<cos>
1.000E+03 4.363E-06 2.525E-15 0.00E+00
9.441E+02 4.896E-06 3.179E-15 0.00E+00
8.913E+02 5.494E-06 4.002E-15 0.00E+00
8.414E+02 6.165E-06 5.038E-15 0.00E+00
7.943E+02 6.918E-06 6.342E-15 0.00E+00
7.499E+02 7.763E-06 7.984E-15 0.00E+00
7.079E+02 8.712E-06 1.005E-14 0.00E+00
6.683E+02 9.776E-06 1.266E-14 0.00E+00
6.310E+02 1.097E-05 1.593E-14 0.00E+00
5.957E+02 1.231E-05 2.006E-14 0.00E+00
5.623E+02 1.381E-05 2.525E-14 0.00E+00
5.309E+02 1.550E-05 3.179E-14 0.00E+00
5.012E+02 1.740E-05 4.003E-14 0.00E+00
4.732E+02 1.952E-05 5.040E-14 0.00E+00
4.467E+02 2.191E-05 6.345E-14 0.00E+00
4.217E+02 2.460E-05 7.989E-14 0.00E+00
3.981E+02 2.761E-05 1.006E-13 0.00E+00
3.758E+02 3.099E-05 1.266E-13 0.00E+00
3.548E+02 3.479E-05 1.594E-13 0.00E+00
3.350E+02 3.904E-05 2.007E-13 0.00E+00
3.162E+02 4.382E-05 2.527E-13 0.00E+00
2.985E+02 4.920E-05 3.182E-13 0.00E+00
2.818E+02 5.526E-05 4.006E-13 0.00E+00
2.661E+02 6.206E-05 5.044E-13 0.00E+00
2.512E+02 6.971E-05 6.351E-13 0.00E+00
2.371E+02 7.829E-05 7.997E-13 0.00E+00
2.239E+02 8.793E-05 1.007E-12 0.00E+00
2.113E+02 9.877E-05 1.268E-12 0.00E+00
1.995E+02 1.110E-04 1.597E-12 0.00E+00
1.884E+02 1.247E-04 2.011E-12 5.54E-07
1.778E+02 1.402E-04 2.532E-12 6.20E-07
1.679E+02 1.576E-04 3.188E-12 6.95E-07
1.585E+02 1.772E-04 4.015E-12 7.78E-07
1.496E+02 1.993E-04 5.057E-12 8.70E-07
1.413E+02 2.243E-04 6.369E-12 9.74E-07
1.334E+02 2.524E-04 8.021E-12 1.09E-06
1.259E+02 2.841E-04 1.010E-11 1.22E-06
1.189E+02 3.201E-04 1.272E-11 1.36E-06
1.122E+02 3.605E-04 1.603E-11 1.52E-06
1.059E+02 4.063E-04 2.019E-11 1.69E-06
1.000E+02 4.583E-04 2.543E-11 1.88E-06
9.441E+01 5.171E-04 3.203E-11 2.10E-06
8.913E+01 5.835E-04 4.035E-11 2.33E-06
8.414E+01 6.586E-04 5.083E-11 2.59E-06
7.943E+01 7.442E-04 6.402E-11 2.87E-06
7.499E+01 8.412E-04 8.063E-11 3.18E-06
7.079E+01 9.514E-04 1.015E-10 3.51E-06
6.683E+01 1.076E-03 1.279E-10 3.88E-06
6.310E+01 1.217E-03 1.609E-10 4.26E-06
5.957E+01 1.377E-03 2.025E-10 4.68E-06
5.623E+01 1.558E-03 2.547E-10 5.12E-06
5.309E+01 1.761E-03 3.202E-10 5.60E-06
5.012E+01 1.990E-03 4.023E-10 6.10E-06
4.732E+01 2.248E-03 5.052E-10 6.63E-06
4.467E+01 2.537E-03 6.341E-10 7.20E-06
4.217E+01 2.861E-03 7.953E-10 7.80E-06
3.981E+01 3.221E-03 9.951E-10 8.43E-06
3.758E+01 3.619E-03 1.245E-09 9.11E-06
3.548E+01 4.045E-03 1.560E-09 9.88E-06
3.350E+01 4.529E-03 1.956E-09 1.07E-05
3.162E+01 5.099E-03 2.451E-09 1.15E-05
2.985E+01 5.757E-03 3.067E-09 1.23E-05
2.818E+01 6.497E-03 3.824E-09 1.32E-05
2.661E+01 7.347E-03 4.768E-09 1.41E-05
2.512E+01 8.327E-03 5.951E-09 1.51E-05
2.371E+01 9.424E-03 7.356E-09 1.61E-05
2.239E+01 1.070E-02 9.099E-09 1.72E-05
2.113E+01 1.218E-02 1.110E-08 1.83E-05
1.995E+01 1.395E-02 1.339E-08 1.94E-05
1.884E+01 1.554E-02 1.499E-08 2.09E-05
1.778E+01 1.564E-02 1.538E-08 2.35E-05
1.679E+01 1.425E-02 1.549E-08 2.73E-05
1.585E+01 1.219E-02 1.677E-08 3.23E-05
1.496E+01 1.033E-02 2.074E-08 3.86E-05
1.413E+01 9.292E-03 2.978E-08 4.69E-05
1.334E+01 1.108E-02 4.608E-08 5.49E-05
1.259E+01 1.462E-02 6.662E-08 5.95E-05
1.189E+01 1.943E-02 9.218E-08 6.06E-05
1.122E+01 2.527E-02 1.226E-07 6.02E-05
1.059E+01 3.341E-02 1.626E-07 5.84E-05
1.000E+01 4.071E-02 1.829E-07 5.99E-05
9.441E+00 4.568E-02 1.865E-07 6.38E-05
8.913E+00 3.413E-02 1.004E-07 7.52E-05
8.414E+00 2.206E-02 4.922E-08 8.93E-05
7.943E+00 1.024E-02 2.183E-08 1.06E-04
7.499E+00 4.534E-03 4.638E-08 1.26E-04
7.079E+00 3.561E-03 9.530E-08 1.48E-04
6.683E+00 3.522E-03 1.523E-07 1.71E-04
6.310E+00 3.496E-03 2.209E-07 1.95E-04
5.957E+00 3.415E-03 3.066E-07 2.22E-04
5.623E+00 3.358E-03 4.159E-07 2.53E-04
5.309E+00 3.353E-03 5.551E-07 2.86E-04
5.012E+00 3.396E-03 7.328E-07 3.24E-04
4.732E+00 3.480E-03 9.572E-07 3.66E-04
4.467E+00 3.590E-03 1.242E-06 4.12E-04
4.217E+00 3.725E-03 1.602E-06 4.65E-04
3.981E+00 3.860E-03 2.056E-06 5.23E-04
3.758E+00 3.996E-03 2.630E-06 5.89E-04
3.548E+00 4.141E-03 3.356E-06 6.63E-04
3.350E+00 4.289E-03 4.271E-06 7.45E-04
3.162E+00 4.423E-03 5.424E-06 8.38E-04
2.985E+00 4.574E-03 6.883E-06 9.41E-04
2.818E+00 4.742E-03 8.728E-06 1.06E-03
2.661E+00 4.922E-03 1.106E-05 1.19E-03
2.512E+00 5.117E-03 1.399E-05 1.33E-03
2.371E+00 5.332E-03 1.768E-05 1.50E-03
2.239E+00 5.558E-03 2.235E-05 1.68E-03
2.113E+00 5.800E-03 2.821E-05 1.89E-03
1.995E+00 6.061E-03 3.560E-05 2.12E-03
1.884E+00 6.338E-03 4.491E-05 2.38E-03
1.778E+00 6.637E-03 5.663E-05 2.67E-03
1.679E+00 6.971E-03 7.140E-05 3.00E-03
1.585E+00 7.331E-03 9.001E-05 3.36E-03
1.496E+00 7.709E-03 1.135E-04 3.77E-03
1.413E+00 8.112E-03 1.429E-04 4.23E-03
1.334E+00 8.537E-03 1.801E-04 4.75E-03
1.259E+00 8.991E-03 2.269E-04 5.33E-03
1.189E+00 9.501E-03 2.858E-04 5.97E-03
1.122E+00 1.005E-02 3.600E-04 6.70E-03
1.059E+00 1.063E-02 4.536E-04 7.52E-03
1.000E+00 1.126E-02 5.714E-04 8.43E-03
9.441E-01 1.193E-02 7.198E-04 9.45E-03
8.913E-01 1.265E-02 9.071E-04 1.06E-02
8.414E-01 1.341E-02 1.144E-03 1.19E-02
7.943E-01 1.422E-02 1.442E-03 1.33E-02
7.499E-01 1.509E-02 1.819E-03 1.50E-02
7.079E-01 1.602E-02 2.295E-03 1.68E-02
6.683E-01 1.702E-02 2.897E-03 1.88E-02
6.310E-01 1.810E-02 3.658E-03 2.11E-02
5.957E-01 1.928E-02 4.623E-03 2.37E-02
5.623E-01 2.055E-02 5.847E-03 2.65E-02
5.309E-01 2.192E-02 7.400E-03 2.98E-02
5.012E-01 2.341E-02 9.374E-03 3.34E-02
4.732E-01 2.503E-02 1.189E-02 3.75E-02
4.467E-01 2.678E-02 1.510E-02 4.20E-02
4.217E-01 2.870E-02 1.920E-02 4.72E-02
3.981E-01 3.079E-02 2.444E-02 5.29E-02
3.758E-01 3.303E-02 3.116E-02 5.95E-02
3.548E-01 3.550E-02 3.982E-02 6.68E-02
3.350E-01 3.821E-02 5.099E-02 7.51E-02
3.162E-01 4.115E-02 6.550E-02 8.46E-02
2.985E-01 4.438E-02 8.434E-02 9.53E-02
2.818E-01 4.794E-02 1.089E-01 1.08E-01
2.661E-01 5.186E-02 1.413E-01 1.22E-01
2.512E-01 5.607E-02 1.844E-01 1.38E-01
2.371E-01 6.080E-02 2.419E-01 1.58E-01
2.239E-01 6.634E-02 3.210E-01 1.81E-01
2.113E-01 8.746E-02 4.321E-01 2.11E-01
1.995E-01 1.386E-01 5.811E-01 2.50E-01
1.884E-01 2.394E-01 7.790E-01 3.02E-01
1.778E-01 4.332E-01 1.040E+00 3.72E-01
1.679E-01 8.032E-01 1.370E+00 4.50E-01
1.585E-01 1.286E+00 1.637E+00 4.81E-01
1.496E-01 1.521E+00 1.573E+00 4.61E-01
1.413E-01 1.556E+00 1.372E+00 4.68E-01
1.334E-01 1.560E+00 1.290E+00 4.97E-01
1.259E-01 1.576E+00 1.243E+00 5.30E-01
1.189E-01 1.599E+00 1.215E+00 5.65E-01
1.122E-01 1.617E+00 1.202E+00 5.97E-01
1.059E-01 1.619E+00 1.203E+00 6.19E-01
1.000E-01 1.596E+00 1.181E+00 6.34E-01
9.441E-02 1.563E+00 1.151E+00 6.49E-01
8.913E-02 1.523E+00 1.087E+00 6.70E-01
8.414E-02 1.505E+00 1.114E+00 6.86E-01
7.943E-02 1.471E+00 1.136E+00 6.97E-01
7.499E-02 1.413E+00 1.147E+00 7.04E-01
7.079E-02 1.334E+00 1.145E+00 7.12E-01
6.683E-02 1.227E+00 1.144E+00 7.16E-01
6.310E-02 1.073E+00 1.120E+00 7.23E-01
5.957E-02 9.188E-01 9.803E-01 7.54E-01
5.623E-02 9.263E-01 7.734E-01 8.02E-01
5.309E-02 9.286E-01 7.037E-01 8.26E-01
5.012E-02 9.248E-01 6.623E-01 8.44E-01
4.732E-02 9.173E-01 6.366E-01 8.60E-01
4.467E-02 9.073E-01 6.195E-01 8.73E-01
4.217E-02 8.953E-01 6.074E-01 8.85E-01
3.981E-02 8.819E-01 5.981E-01 8.95E-01
3.758E-02 8.673E-01 5.902E-01 9.04E-01
3.548E-02 8.517E-01 5.831E-01 9.12E-01
3.350E-02 8.355E-01 5.761E-01 9.20E-01
3.162E-02 8.187E-01 5.684E-01 9.28E-01
2.985E-02 8.009E-01 5.599E-01 9.34E-01
2.818E-02 7.824E-01 5.500E-01 9.40E-01
2.661E-02 7.636E-01 5.382E-01 9.46E-01
2.512E-02 7.438E-01 5.229E-01 9.52E-01
2.371E-02 7.237E-01 5.019E-01 9.56E-01
2.239E-02 7.159E-01 4.829E-01 9.61E-01
2.113E-02 7.001E-01 4.679E-01 9.65E-01
1.995E-02 6.854E-01 4.417E-01 9.68E-01
1.884E-02 7.012E-01 4.294E-01 9.71E-01
1.778E-02 6.805E-01 4.355E-01 9.74E-01
1.679E-02 6.624E-01 4.263E-01 9.76E-01
1.585E-02 6.448E-01 4.129E-01 9.79E-01
1.496E-02 6.268E-01 3.975E-01 9.81E-01
1.413E-02 6.076E-01 3.776E-01 9.83E-01
1.334E-02 6.053E-01 3.509E-01 9.84E-01
1.259E-02 5.979E-01 3.484E-01 9.86E-01
1.189E-02 5.743E-01 3.416E-01 9.87E-01
1.122E-02 5.503E-01 3.084E-01 9.88E-01
1.059E-02 6.198E-01 2.782E-01 9.89E-01
1.000E-02 5.919E-01 3.242E-01 9.90E-01
9.441E-03 5.647E-01 3.284E-01 9.91E-01
8.913E-03 5.369E-01 3.218E-01 9.92E-01
8.414E-03 5.082E-01 3.105E-01 9.93E-01
7.943E-03 4.790E-01 2.955E-01 9.94E-01
7.499E-03 4.500E-01 2.721E-01 9.94E-01
7.079E-03 4.483E-01 2.703E-01 9.95E-01
6.683E-03 4.190E-01 2.606E-01 9.95E-01
6.310E-03 3.900E-01 2.476E-01 9.96E-01
5.957E-03 3.621E-01 2.335E-01 9.96E-01
5.623E-03 3.342E-01 2.184E-01 9.97E-01
5.309E-03 3.076E-01 2.031E-01 9.97E-01
5.012E-03 2.823E-01 1.879E-01 9.97E-01
4.732E-03 2.582E-01 1.731E-01 9.98E-01
4.467E-03 2.352E-01 1.587E-01 9.98E-01
4.217E-03 2.136E-01 1.449E-01 9.98E-01
3.981E-03 1.933E-01 1.317E-01 9.98E-01
3.758E-03 1.744E-01 1.191E-01 9.98E-01
3.548E-03 1.567E-01 1.072E-01 9.99E-01
3.350E-03 1.403E-01 9.590E-02 9.99E-01
3.162E-03 1.253E-01 8.529E-02 9.99E-01
2.985E-03 1.118E-01 7.562E-02 9.99E-01
2.818E-03 9.898E-02 6.588E-02 9.99E-01
2.661E-03 8.700E-02 5.650E-02 9.99E-01
2.512E-03 7.664E-02 4.620E-02 9.99E-01
2.371E-03 6.740E-02 2.741E-02 9.99E-01
2.239E-03 1.518E-01 3.738E-02 9.99E-01
2.113E-03 1.368E-01 3.851E-02 9.99E-01
1.995E-03 1.222E-01 3.707E-02 9.99E-01
1.884E-03 1.086E-01 3.348E-02 1.00E+00
1.778E-03 9.599E-02 2.879E-02 1.00E+00
1.679E-03 8.441E-02 1.793E-02 1.00E+00
1.585E-03 1.314E-01 2.727E-02 1.00E+00
1.496E-03 1.160E-01 2.563E-02 1.00E+00
1.413E-03 1.128E-01 2.620E-02 1.00E+00
1.334E-03 9.962E-02 2.490E-02 1.00E+00
1.259E-03 8.765E-02 2.304E-02 1.00E+00
1.189E-03 7.687E-02 2.113E-02 1.00E+00
1.122E-03 6.686E-02 1.916E-02 1.00E+00
1.059E-03 5.801E-02 1.722E-02 1.00E+00
