w(micron)  Q_abs     Q_sca     g=<cos>
1.000E+03 4.363E-05 2.525E-11 1.99E-06
9.441E+02 4.896E-05 3.179E-11 2.24E-06
8.913E+02 5.494E-05 4.002E-11 2.51E-06
8.414E+02 6.165E-05 5.038E-11 2.82E-06
7.943E+02 6.918E-05 6.342E-11 3.16E-06
7.499E+02 7.764E-05 7.985E-11 3.54E-06
7.079E+02 8.712E-05 1.005E-10 3.98E-06
6.683E+02 9.776E-05 1.266E-10 4.46E-06
6.310E+02 1.097E-04 1.593E-10 5.00E-06
5.957E+02 1.231E-04 2.006E-10 5.61E-06
5.623E+02 1.381E-04 2.525E-10 6.30E-06
5.309E+02 1.550E-04 3.179E-10 7.06E-06
5.012E+02 1.740E-04 4.003E-10 7.93E-06
4.732E+02 1.953E-04 5.040E-10 8.89E-06
4.467E+02 2.192E-04 6.345E-10 9.97E-06
4.217E+02 2.460E-04 7.989E-10 1.12E-05
3.981E+02 2.761E-04 1.006E-09 1.25E-05
3.758E+02 3.099E-04 1.266E-09 1.41E-05
3.548E+02 3.479E-04 1.594E-09 1.58E-05
3.350E+02 3.905E-04 2.007E-09 1.77E-05
3.162E+02 4.383E-04 2.527E-09 1.98E-05
2.985E+02 4.921E-04 3.182E-09 2.23E-05
2.818E+02 5.527E-04 4.006E-09 2.50E-05
2.661E+02 6.207E-04 5.044E-09 2.80E-05
2.512E+02 6.972E-04 6.351E-09 3.14E-05
2.371E+02 7.830E-04 7.997E-09 3.52E-05
2.239E+02 8.795E-04 1.007E-08 3.94E-05
2.113E+02 9.880E-04 1.268E-08 4.42E-05
1.995E+02 1.110E-03 1.597E-08 4.95E-05
1.884E+02 1.247E-03 2.011E-08 5.54E-05
1.778E+02 1.402E-03 2.532E-08 6.21E-05
1.679E+02 1.577E-03 3.189E-08 6.95E-05
1.585E+02 1.773E-03 4.016E-08 7.78E-05
1.496E+02 1.994E-03 5.057E-08 8.70E-05
1.413E+02 2.244E-03 6.370E-08 9.74E-05
1.334E+02 2.525E-03 8.023E-08 1.09E-04
1.259E+02 2.843E-03 1.011E-07 1.22E-04
1.189E+02 3.204E-03 1.273E-07 1.36E-04
1.122E+02 3.609E-03 1.603E-07 1.52E-04
1.059E+02 4.067E-03 2.020E-07 1.69E-04
1.000E+02 4.589E-03 2.544E-07 1.88E-04
9.441E+01 5.177E-03 3.204E-07 2.10E-04
8.913E+01 5.844E-03 4.036E-07 2.33E-04
8.414E+01 6.597E-03 5.086E-07 2.59E-04
7.943E+01 7.455E-03 6.406E-07 2.87E-04
7.499E+01 8.430E-03 8.068E-07 3.18E-04
7.079E+01 9.536E-03 1.016E-06 3.51E-04
6.683E+01 1.078E-02 1.279E-06 3.88E-04
6.310E+01 1.221E-02 1.610E-06 4.26E-04
5.957E+01 1.381E-02 2.027E-06 4.68E-04
5.623E+01 1.563E-02 2.549E-06 5.12E-04
5.309E+01 1.768E-02 3.206E-06 5.60E-04
5.012E+01 1.998E-02 4.029E-06 6.10E-04
4.732E+01 2.258E-02 5.060E-06 6.63E-04
4.467E+01 2.549E-02 6.351E-06 7.19E-04
4.217E+01 2.876E-02 7.967E-06 7.79E-04
3.981E+01 3.239E-02 9.971E-06 8.42E-04
3.758E+01 3.641E-02 1.247E-05 9.10E-04
3.548E+01 4.071E-02 1.564E-05 9.87E-04
3.350E+01 4.561E-02 1.961E-05 1.07E-03
3.162E+01 5.139E-02 2.458E-05 1.15E-03
2.985E+01 5.804E-02 3.077E-05 1.23E-03
2.818E+01 6.555E-02 3.838E-05 1.32E-03
2.661E+01 7.417E-02 4.787E-05 1.41E-03
2.512E+01 8.411E-02 5.977E-05 1.51E-03
2.371E+01 9.524E-02 7.391E-05 1.61E-03
2.239E+01 1.082E-01 9.145E-05 1.71E-03
2.113E+01 1.232E-01 1.116E-04 1.82E-03
1.995E+01 1.412E-01 1.347E-04 1.93E-03
1.884E+01 1.572E-01 1.506E-04 2.08E-03
1.778E+01 1.581E-01 1.545E-04 2.35E-03
1.679E+01 1.441E-01 1.555E-04 2.73E-03
1.585E+01 1.234E-01 1.684E-04 3.23E-03
1.496E+01 1.049E-01 2.085E-04 3.85E-03
1.413E+01 9.481E-02 3.001E-04 4.68E-03
1.334E+01 1.137E-01 4.655E-04 5.47E-03
1.259E+01 1.506E-01 6.743E-04 5.92E-03
1.189E+01 2.007E-01 9.343E-04 6.02E-03
1.122E+01 2.611E-01 1.242E-03 5.97E-03
1.059E+01 3.443E-01 1.646E-03 5.80E-03
1.000E+01 4.162E-01 1.838E-03 5.97E-03
9.441E+00 4.615E-01 1.851E-03 6.39E-03
8.913E+00 3.413E-01 9.846E-04 7.55E-03
8.414E+00 2.211E-01 4.824E-04 8.96E-03
7.943E+00 1.033E-01 2.147E-04 1.06E-02
7.499E+00 4.632E-02 4.596E-04 1.26E-02
7.079E+00 3.679E-02 9.501E-04 1.48E-02
6.683E+00 3.672E-02 1.524E-03 1.70E-02
6.310E+00 3.678E-02 2.217E-03 1.94E-02
5.957E+00 3.626E-02 3.087E-03 2.21E-02
5.623E+00 3.602E-02 4.199E-03 2.50E-02
5.309E+00 3.636E-02 5.621E-03 2.83E-02
5.012E+00 3.726E-02 7.444E-03 3.20E-02
4.732E+00 3.867E-02 9.755E-03 3.61E-02
4.467E+00 4.047E-02 1.270E-02 4.07E-02
4.217E+00 4.263E-02 1.643E-02 4.58E-02
3.981E+00 4.491E-02 2.116E-02 5.16E-02
3.758E+00 4.734E-02 2.716E-02 5.80E-02
3.548E+00 5.003E-02 3.476E-02 6.52E-02
3.350E+00 5.293E-02 4.436E-02 7.33E-02
3.162E+00 5.586E-02 5.648E-02 8.23E-02
2.985E+00 5.922E-02 7.181E-02 9.25E-02
2.818E+00 6.305E-02 9.113E-02 1.04E-01
2.661E+00 6.733E-02 1.154E-01 1.17E-01
2.512E+00 7.212E-02 1.456E-01 1.32E-01
2.371E+00 7.754E-02 1.830E-01 1.49E-01
2.239E+00 8.353E-02 2.290E-01 1.68E-01
2.113E+00 9.019E-02 2.848E-01 1.91E-01
1.995E+00 9.765E-02 3.518E-01 2.17E-01
1.884E+00 1.060E-01 4.310E-01 2.48E-01
1.778E+00 1.156E-01 5.230E-01 2.85E-01
1.679E+00 1.271E-01 6.288E-01 3.28E-01
1.585E+00 1.410E-01 7.503E-01 3.78E-01
1.496E+00 1.583E-01 8.921E-01 4.36E-01
1.413E+00 1.801E-01 1.065E+00 4.97E-01
1.334E+00 2.071E-01 1.285E+00 5.52E-01
1.259E+00 2.366E-01 1.567E+00 5.90E-01
1.189E+00 2.615E-01 1.891E+00 6.02E-01
1.122E+00 2.723E-01 2.185E+00 5.94E-01
1.059E+00 2.700E-01 2.378E+00 5.82E-01
1.000E+00 2.681E-01 2.487E+00 5.81E-01
9.441E-01 2.824E-01 2.598E+00 5.99E-01
8.913E-01 3.226E-01 2.814E+00 6.35E-01
8.414E-01 3.813E-01 3.194E+00 6.79E-01
7.943E-01 4.124E-01 3.560E+00 7.03E-01
7.499E-01 3.979E-01 3.625E+00 7.01E-01
7.079E-01 3.901E-01 3.510E+00 6.83E-01
6.683E-01 4.353E-01 3.516E+00 6.72E-01
6.310E-01 5.190E-01 3.803E+00 6.92E-01
5.957E-01 5.068E-01 3.794E+00 7.12E-01
5.623E-01 4.865E-01 3.394E+00 6.99E-01
5.309E-01 5.652E-01 3.144E+00 6.55E-01
5.012E-01 6.240E-01 3.174E+00 6.59E-01
4.732E-01 5.609E-01 2.692E+00 6.48E-01
4.467E-01 6.481E-01 2.189E+00 5.81E-01
4.217E-01 6.874E-01 2.061E+00 5.69E-01
3.981E-01 6.320E-01 1.632E+00 5.17E-01
3.758E-01 7.852E-01 1.410E+00 4.81E-01
3.548E-01 7.016E-01 1.394E+00 5.20E-01
3.350E-01 8.102E-01 1.309E+00 5.54E-01
3.162E-01 7.598E-01 1.610E+00 6.73E-01
2.985E-01 7.749E-01 1.745E+00 7.51E-01
2.818E-01 7.741E-01 2.018E+00 8.08E-01
2.661E-01 7.732E-01 2.162E+00 8.11E-01
2.512E-01 7.618E-01 1.957E+00 8.25E-01
2.371E-01 7.876E-01 1.610E+00 7.67E-01
2.239E-01 7.825E-01 1.359E+00 7.13E-01
2.113E-01 8.703E-01 1.471E+00 7.73E-01
1.995E-01 1.012E+00 1.545E+00 8.47E-01
1.884E-01 1.097E+00 1.272E+00 8.66E-01
1.778E-01 1.118E+00 1.245E+00 8.77E-01
1.679E-01 1.102E+00 1.260E+00 8.75E-01
1.585E-01 1.076E+00 1.268E+00 8.67E-01
1.496E-01 1.055E+00 1.279E+00 8.61E-01
1.413E-01 1.045E+00 1.280E+00 8.63E-01
1.334E-01 1.037E+00 1.278E+00 8.65E-01
1.259E-01 1.025E+00 1.279E+00 8.66E-01
1.189E-01 1.012E+00 1.283E+00 8.65E-01
1.122E-01 9.974E-01 1.290E+00 8.62E-01
1.059E-01 9.788E-01 1.303E+00 8.57E-01
1.000E-01 9.592E-01 1.315E+00 8.53E-01
9.441E-02 9.440E-01 1.318E+00 8.54E-01
8.913E-02 9.380E-01 1.306E+00 8.62E-01
8.414E-02 9.273E-01 1.309E+00 8.60E-01
7.943E-02 9.008E-01 1.326E+00 8.53E-01
7.499E-02 8.683E-01 1.346E+00 8.46E-01
7.079E-02 8.390E-01 1.358E+00 8.42E-01
6.683E-02 8.043E-01 1.374E+00 8.37E-01
6.310E-02 7.672E-01 1.387E+00 8.36E-01
5.957E-02 7.740E-01 1.346E+00 8.65E-01
5.623E-02 8.484E-01 1.248E+00 9.12E-01
5.309E-02 8.770E-01 1.208E+00 9.29E-01
5.012E-02 8.943E-01 1.182E+00 9.40E-01
4.732E-02 9.053E-01 1.163E+00 9.48E-01
4.467E-02 9.126E-01 1.149E+00 9.54E-01
4.217E-02 9.176E-01 1.138E+00 9.58E-01
3.981E-02 9.212E-01 1.129E+00 9.63E-01
3.758E-02 9.239E-01 1.121E+00 9.66E-01
3.548E-02 9.260E-01 1.113E+00 9.69E-01
3.350E-02 9.277E-01 1.107E+00 9.72E-01
3.162E-02 9.293E-01 1.100E+00 9.75E-01
2.985E-02 9.307E-01 1.094E+00 9.77E-01
2.818E-02 9.322E-01 1.088E+00 9.80E-01
2.661E-02 9.338E-01 1.082E+00 9.82E-01
2.512E-02 9.357E-01 1.075E+00 9.84E-01
2.371E-02 9.383E-01 1.068E+00 9.86E-01
2.239E-02 9.426E-01 1.060E+00 9.88E-01
2.113E-02 9.446E-01 1.054E+00 9.90E-01
1.995E-02 9.483E-01 1.047E+00 9.91E-01
1.884E-02 9.547E-01 1.040E+00 9.92E-01
1.778E-02 9.526E-01 1.040E+00 9.93E-01
1.679E-02 9.530E-01 1.037E+00 9.94E-01
1.585E-02 9.539E-01 1.034E+00 9.94E-01
1.496E-02 9.548E-01 1.032E+00 9.95E-01
1.413E-02 9.560E-01 1.029E+00 9.96E-01
1.334E-02 9.601E-01 1.024E+00 9.96E-01
1.259E-02 9.608E-01 1.023E+00 9.97E-01
1.189E-02 9.597E-01 1.024E+00 9.97E-01
1.122E-02 9.608E-01 1.023E+00 9.98E-01
1.059E-02 9.743E-01 1.004E+00 9.98E-01
1.000E-02 9.673E-01 1.016E+00 9.98E-01
9.441E-03 9.647E-01 1.020E+00 9.98E-01
8.913E-03 9.629E-01 1.024E+00 9.98E-01
8.414E-03 9.610E-01 1.027E+00 9.99E-01
7.943E-03 9.590E-01 1.032E+00 9.99E-01
7.499E-03 9.569E-01 1.037E+00 9.99E-01
7.079E-03 9.577E-01 1.038E+00 9.99E-01
6.683E-03 9.538E-01 1.045E+00 9.99E-01
6.310E-03 9.491E-01 1.054E+00 9.99E-01
5.957E-03 9.432E-01 1.065E+00 9.99E-01
5.623E-03 9.356E-01 1.081E+00 9.99E-01
5.309E-03 9.261E-01 1.103E+00 1.00E+00
5.012E-03 9.144E-01 1.135E+00 1.00E+00
4.732E-03 8.999E-01 1.178E+00 1.00E+00
4.467E-03 8.824E-01 1.234E+00 1.00E+00
4.217E-03 8.616E-01 1.306E+00 1.00E+00
3.981E-03 8.372E-01 1.391E+00 1.00E+00
3.758E-03 8.093E-01 1.487E+00 1.00E+00
3.548E-03 7.776E-01 1.590E+00 1.00E+00
3.350E-03 7.426E-01 1.692E+00 1.00E+00
3.162E-03 7.047E-01 1.785E+00 1.00E+00
2.985E-03 6.651E-01 1.860E+00 1.00E+00
2.818E-03 6.219E-01 1.911E+00 1.00E+00
2.661E-03 5.759E-01 1.923E+00 1.00E+00
2.512E-03 5.313E-01 1.857E+00 1.00E+00
2.371E-03 4.873E-01 1.427E+00 1.00E+00
2.239E-03 7.701E-01 1.211E+00 1.00E+00
2.113E-03 7.359E-01 1.306E+00 1.00E+00
1.995E-03 6.975E-01 1.355E+00 1.00E+00
1.884E-03 6.560E-01 1.188E+00 1.00E+00
1.778E-03 6.117E-01 1.185E+00 1.00E+00
1.679E-03 5.659E-01 1.059E+00 1.00E+00
1.585E-03 7.228E-01 1.098E+00 1.00E+00
1.496E-03 6.794E-01 1.111E+00 1.00E+00
1.413E-03 6.697E-01 1.122E+00 1.00E+00
1.334E-03 6.253E-01 1.136E+00 1.00E+00
1.259E-03 5.794E-01 1.140E+00 1.00E+00
1.189E-03 5.329E-01 1.136E+00 1.00E+00
1.122E-03 4.848E-01 1.122E+00 1.00E+00
1.059E-03 4.381E-01 1.096E+00 1.00E+00
