w(micron)  Q_abs     Q_sca     g=<cos>
1.000E+03 1.737E-07 6.342E-21 0.00E+00
9.441E+02 1.949E-07 7.984E-21 0.00E+00
8.913E+02 2.187E-07 1.005E-20 0.00E+00
8.414E+02 2.454E-07 1.265E-20 0.00E+00
7.943E+02 2.754E-07 1.593E-20 0.00E+00
7.499E+02 3.091E-07 2.006E-20 0.00E+00
7.079E+02 3.468E-07 2.525E-20 0.00E+00
6.683E+02 3.892E-07 3.179E-20 0.00E+00
6.310E+02 4.367E-07 4.002E-20 0.00E+00
5.957E+02 4.900E-07 5.039E-20 0.00E+00
5.623E+02 5.499E-07 6.343E-20 0.00E+00
5.309E+02 6.171E-07 7.986E-20 0.00E+00
5.012E+02 6.926E-07 1.006E-19 0.00E+00
4.732E+02 7.773E-07 1.266E-19 0.00E+00
4.467E+02 8.724E-07 1.594E-19 0.00E+00
4.217E+02 9.792E-07 2.007E-19 0.00E+00
3.981E+02 1.099E-06 2.526E-19 0.00E+00
3.758E+02 1.234E-06 3.181E-19 0.00E+00
3.548E+02 1.385E-06 4.004E-19 0.00E+00
3.350E+02 1.554E-06 5.042E-19 0.00E+00
3.162E+02 1.745E-06 6.348E-19 0.00E+00
2.985E+02 1.959E-06 7.993E-19 0.00E+00
2.818E+02 2.200E-06 1.006E-18 0.00E+00
2.661E+02 2.471E-06 1.267E-18 0.00E+00
2.512E+02 2.775E-06 1.595E-18 0.00E+00
2.371E+02 3.117E-06 2.009E-18 0.00E+00
2.239E+02 3.501E-06 2.529E-18 0.00E+00
2.113E+02 3.932E-06 3.185E-18 0.00E+00
1.995E+02 4.418E-06 4.010E-18 0.00E+00
1.884E+02 4.965E-06 5.050E-18 0.00E+00
1.778E+02 5.580E-06 6.360E-18 0.00E+00
1.679E+02 6.274E-06 8.009E-18 0.00E+00
1.585E+02 7.055E-06 1.009E-17 0.00E+00
1.496E+02 7.936E-06 1.270E-17 0.00E+00
1.413E+02 8.928E-06 1.600E-17 0.00E+00
1.334E+02 1.005E-05 2.015E-17 0.00E+00
1.259E+02 1.131E-05 2.538E-17 0.00E+00
1.189E+02 1.274E-05 3.196E-17 0.00E+00
1.122E+02 1.435E-05 4.026E-17 0.00E+00
1.059E+02 1.617E-05 5.072E-17 0.00E+00
1.000E+02 1.825E-05 6.387E-17 0.00E+00
9.441E+01 2.058E-05 8.046E-17 0.00E+00
8.913E+01 2.323E-05 1.013E-16 0.00E+00
8.414E+01 2.622E-05 1.277E-16 0.00E+00
7.943E+01 2.963E-05 1.608E-16 0.00E+00
7.499E+01 3.349E-05 2.025E-16 0.00E+00
7.079E+01 3.788E-05 2.550E-16 0.00E+00
6.683E+01 4.283E-05 3.212E-16 0.00E+00
6.310E+01 4.846E-05 4.042E-16 0.00E+00
5.957E+01 5.483E-05 5.086E-16 0.00E+00
5.623E+01 6.203E-05 6.397E-16 0.00E+00
5.309E+01 7.011E-05 8.044E-16 0.00E+00
5.012E+01 7.923E-05 1.011E-15 0.00E+00
4.732E+01 8.949E-05 1.269E-15 0.00E+00
4.467E+01 1.010E-04 1.593E-15 0.00E+00
4.217E+01 1.139E-04 1.998E-15 0.00E+00
3.981E+01 1.282E-04 2.500E-15 0.00E+00
3.758E+01 1.441E-04 3.127E-15 0.00E+00
3.548E+01 1.610E-04 3.920E-15 0.00E+00
3.350E+01 1.803E-04 4.914E-15 0.00E+00
3.162E+01 2.030E-04 6.157E-15 0.00E+00
2.985E+01 2.292E-04 7.703E-15 0.00E+00
2.818E+01 2.586E-04 9.604E-15 0.00E+00
2.661E+01 2.925E-04 1.198E-14 0.00E+00
2.512E+01 3.315E-04 1.495E-14 0.00E+00
2.371E+01 3.751E-04 1.848E-14 0.00E+00
2.239E+01 4.260E-04 2.285E-14 0.00E+00
2.113E+01 4.848E-04 2.788E-14 0.00E+00
1.995E+01 5.554E-04 3.364E-14 0.00E+00
1.884E+01 6.187E-04 3.765E-14 0.00E+00
1.778E+01 6.225E-04 3.863E-14 0.00E+00
1.679E+01 5.673E-04 3.891E-14 0.00E+00
1.585E+01 4.852E-04 4.212E-14 0.00E+00
1.496E+01 4.113E-04 5.210E-14 0.00E+00
1.413E+01 3.698E-04 7.481E-14 0.00E+00
1.334E+01 4.411E-04 1.157E-13 0.00E+00
1.259E+01 5.818E-04 1.673E-13 0.00E+00
1.189E+01 7.733E-04 2.315E-13 0.00E+00
1.122E+01 1.006E-03 3.078E-13 0.00E+00
1.059E+01 1.330E-03 4.084E-13 0.00E+00
1.000E+01 1.620E-03 4.594E-13 0.00E+00
9.441E+00 1.818E-03 4.684E-13 0.00E+00
8.913E+00 1.359E-03 2.522E-13 0.00E+00
8.414E+00 8.782E-04 1.237E-13 0.00E+00
7.943E+00 4.074E-04 5.485E-14 0.00E+00
7.499E+00 1.705E-04 1.325E-13 3.34E-07
7.079E+00 1.335E-04 2.879E-13 3.75E-07
6.683E+00 1.321E-04 4.762E-13 4.20E-07
6.310E+00 1.312E-04 7.073E-13 4.71E-07
5.957E+00 1.283E-04 1.000E-12 5.29E-07
5.623E+00 1.264E-04 1.377E-12 5.94E-07
5.309E+00 1.263E-04 1.861E-12 6.66E-07
5.012E+00 1.281E-04 2.483E-12 7.47E-07
4.732E+00 1.313E-04 3.270E-12 8.38E-07
4.467E+00 1.427E-04 3.120E-12 6.54E-07
4.217E+00 1.481E-04 4.022E-12 7.37E-07
3.981E+00 1.534E-04 5.162E-12 8.30E-07
3.758E+00 1.588E-04 6.604E-12 9.34E-07
3.548E+00 1.645E-04 8.426E-12 1.05E-06
3.350E+00 1.703E-04 1.072E-11 1.18E-06
3.162E+00 1.756E-04 1.361E-11 1.33E-06
2.985E+00 1.815E-04 1.728E-11 1.49E-06
2.818E+00 1.881E-04 2.190E-11 1.68E-06
2.661E+00 1.952E-04 2.774E-11 1.88E-06
2.512E+00 2.028E-04 3.510E-11 2.12E-06
2.371E+00 2.112E-04 4.436E-11 2.38E-06
2.239E+00 2.200E-04 5.606E-11 2.67E-06
2.113E+00 2.294E-04 7.074E-11 3.00E-06
1.995E+00 2.396E-04 8.925E-11 3.36E-06
1.884E+00 2.503E-04 1.126E-10 3.77E-06
1.778E+00 2.619E-04 1.419E-10 4.24E-06
1.679E+00 2.747E-04 1.789E-10 4.75E-06
1.585E+00 2.886E-04 2.254E-10 5.34E-06
1.496E+00 3.030E-04 2.840E-10 5.99E-06
1.413E+00 3.184E-04 3.577E-10 6.72E-06
1.334E+00 3.345E-04 4.505E-10 7.54E-06
1.259E+00 3.516E-04 5.672E-10 8.46E-06
1.189E+00 3.708E-04 7.142E-10 9.49E-06
1.122E+00 3.912E-04 8.992E-10 1.07E-05
1.059E+00 4.128E-04 1.132E-09 1.20E-05
1.000E+00 4.357E-04 1.425E-09 1.34E-05
9.441E-01 4.602E-04 1.794E-09 1.50E-05
8.913E-01 4.860E-04 2.258E-09 1.69E-05
8.414E-01 5.130E-04 2.844E-09 1.89E-05
7.943E-01 5.415E-04 3.582E-09 2.13E-05
7.499E-01 5.716E-04 4.513E-09 2.39E-05
7.079E-01 6.034E-04 5.685E-09 2.68E-05
6.683E-01 6.369E-04 7.164E-09 3.00E-05
6.310E-01 6.725E-04 9.032E-09 3.37E-05
5.957E-01 7.103E-04 1.139E-08 3.78E-05
5.623E-01 7.501E-04 1.438E-08 4.25E-05
5.309E-01 7.923E-04 1.815E-08 4.77E-05
5.012E-01 8.366E-04 2.293E-08 5.36E-05
4.732E-01 8.832E-04 2.900E-08 6.02E-05
4.467E-01 9.318E-04 3.672E-08 6.76E-05
4.217E-01 9.834E-04 4.652E-08 7.59E-05
3.981E-01 1.037E-03 5.900E-08 8.53E-05
3.758E-01 1.091E-03 7.493E-08 9.59E-05
3.548E-01 1.148E-03 9.533E-08 1.08E-04
3.350E-01 1.206E-03 1.215E-07 1.21E-04
3.162E-01 1.264E-03 1.553E-07 1.37E-04
2.985E-01 1.324E-03 1.990E-07 1.54E-04
2.818E-01 1.384E-03 2.557E-07 1.73E-04
2.661E-01 1.442E-03 3.300E-07 1.96E-04
2.512E-01 1.494E-03 4.284E-07 2.21E-04
2.371E-01 1.542E-03 5.597E-07 2.51E-04
2.239E-01 1.584E-03 7.396E-07 2.85E-04
2.113E-01 1.940E-03 9.937E-07 3.25E-04
1.995E-01 2.811E-03 1.345E-06 3.73E-04
1.884E-01 4.338E-03 1.834E-06 4.28E-04
1.778E-01 6.781E-03 2.526E-06 4.94E-04
1.679E-01 1.080E-02 3.515E-06 5.71E-04
1.585E-01 1.751E-02 4.924E-06 6.55E-04
1.496E-01 2.829E-02 6.765E-06 7.26E-04
1.413E-01 4.083E-02 8.624E-06 7.62E-04
1.334E-01 4.988E-02 1.077E-05 8.16E-04
1.259E-01 5.961E-02 1.378E-05 8.79E-04
1.189E-01 7.097E-02 1.791E-05 9.47E-04
1.122E-01 8.494E-02 2.373E-05 1.01E-03
1.059E-01 1.036E-01 3.240E-05 1.07E-03
1.000E-01 1.319E-01 4.412E-05 1.08E-03
9.441E-02 1.600E-01 5.704E-05 1.11E-03
8.913E-02 1.812E-01 6.600E-05 1.19E-03
8.414E-02 1.965E-01 8.515E-05 1.32E-03
7.943E-02 2.353E-01 1.186E-04 1.39E-03
7.499E-02 2.810E-01 1.620E-04 1.46E-03
7.079E-02 3.105E-01 2.028E-04 1.59E-03
6.683E-02 3.167E-01 2.376E-04 1.78E-03
6.310E-02 2.666E-01 2.279E-04 2.05E-03
5.957E-02 1.662E-01 1.387E-04 2.44E-03
5.623E-02 1.330E-01 8.836E-05 2.86E-03
5.309E-02 1.246E-01 8.123E-05 3.27E-03
5.012E-02 1.191E-01 7.998E-05 3.71E-03
4.732E-02 1.148E-01 8.191E-05 4.20E-03
4.467E-02 1.112E-01 8.566E-05 4.75E-03
4.217E-02 1.076E-01 9.058E-05 5.36E-03
3.981E-02 1.041E-01 9.625E-05 6.04E-03
3.758E-02 1.004E-01 1.024E-04 6.80E-03
3.548E-02 9.645E-02 1.087E-04 7.66E-03
3.350E-02 9.234E-02 1.152E-04 8.62E-03
3.162E-02 8.802E-02 1.214E-04 9.70E-03
2.985E-02 8.350E-02 1.272E-04 1.09E-02
2.818E-02 7.885E-02 1.325E-04 1.23E-02
2.661E-02 7.420E-02 1.370E-04 1.38E-02
2.512E-02 6.944E-02 1.401E-04 1.56E-02
2.371E-02 6.471E-02 1.408E-04 1.75E-02
2.239E-02 6.249E-02 1.456E-04 1.97E-02
2.113E-02 5.915E-02 1.500E-04 2.22E-02
1.995E-02 5.590E-02 1.500E-04 2.50E-02
1.884E-02 5.789E-02 1.641E-04 2.81E-02
1.778E-02 5.455E-02 1.781E-04 3.16E-02
1.679E-02 5.143E-02 1.856E-04 3.56E-02
1.585E-02 4.850E-02 1.911E-04 4.00E-02
1.496E-02 4.567E-02 1.955E-04 4.50E-02
1.413E-02 4.283E-02 1.967E-04 5.07E-02
1.334E-02 4.211E-02 1.978E-04 5.70E-02
1.259E-02 4.104E-02 2.131E-04 6.42E-02
1.189E-02 3.815E-02 2.209E-04 7.22E-02
1.122E-02 3.523E-02 2.088E-04 8.13E-02
1.059E-02 4.256E-02 2.231E-04 9.16E-02
1.000E-02 3.958E-02 2.770E-04 1.03E-01
9.441E-03 3.650E-02 2.939E-04 1.16E-01
8.913E-03 3.349E-02 3.001E-04 1.31E-01
8.414E-03 3.061E-02 3.005E-04 1.47E-01
7.943E-03 2.789E-02 2.960E-04 1.65E-01
7.499E-03 2.535E-02 2.811E-04 1.86E-01
7.079E-03 2.516E-02 2.972E-04 2.10E-01
6.683E-03 2.282E-02 2.944E-04 2.36E-01
6.310E-03 2.065E-02 2.866E-04 2.65E-01
5.957E-03 1.868E-02 2.759E-04 2.97E-01
5.623E-03 1.682E-02 2.625E-04 3.33E-01
5.309E-03 1.513E-02 2.475E-04 3.72E-01
5.012E-03 1.360E-02 2.315E-04 4.14E-01
4.732E-03 1.220E-02 2.151E-04 4.59E-01
4.467E-03 1.092E-02 1.983E-04 5.06E-01
4.217E-03 9.758E-03 1.817E-04 5.54E-01
3.981E-03 8.702E-03 1.657E-04 6.01E-01
3.758E-03 7.743E-03 1.504E-04 6.46E-01
3.548E-03 6.873E-03 1.359E-04 6.86E-01
3.350E-03 6.087E-03 1.226E-04 7.20E-01
3.162E-03 5.382E-03 1.102E-04 7.47E-01
2.985E-03 4.760E-03 9.900E-05 7.67E-01
2.818E-03 4.179E-03 8.755E-05 7.82E-01
2.661E-03 3.645E-03 7.624E-05 7.94E-01
2.512E-03 3.190E-03 6.324E-05 8.06E-01
2.371E-03 2.789E-03 3.792E-05 8.21E-01
2.239E-03 6.609E-03 5.551E-05 8.38E-01
2.113E-03 5.899E-03 5.733E-05 8.56E-01
1.995E-03 5.225E-03 5.527E-05 8.72E-01
1.884E-03 4.604E-03 5.003E-05 8.85E-01
1.778E-03 4.037E-03 4.315E-05 8.94E-01
1.679E-03 3.525E-03 2.696E-05 9.01E-01
1.585E-03 5.643E-03 4.273E-05 9.08E-01
1.496E-03 4.935E-03 4.007E-05 9.17E-01
1.413E-03 4.792E-03 4.117E-05 9.27E-01
1.334E-03 4.198E-03 3.907E-05 9.34E-01
1.259E-03 3.667E-03 3.613E-05 9.38E-01
1.189E-03 3.196E-03 3.311E-05 9.43E-01
1.122E-03 2.763E-03 2.999E-05 9.49E-01
1.059E-03 2.386E-03 2.691E-05 9.54E-01
