w(micron)  Q_abs     Q_sca     g=<cos>
1.000E+03 6.916E-06 1.593E-14 0.00E+00
9.441E+02 7.760E-06 2.006E-14 0.00E+00
8.913E+02 8.708E-06 2.525E-14 0.00E+00
8.414E+02 9.771E-06 3.179E-14 0.00E+00
7.943E+02 1.096E-05 4.002E-14 0.00E+00
7.499E+02 1.230E-05 5.038E-14 0.00E+00
7.079E+02 1.381E-05 6.342E-14 0.00E+00
6.683E+02 1.549E-05 7.985E-14 0.00E+00
6.310E+02 1.739E-05 1.005E-13 0.00E+00
5.957E+02 1.951E-05 1.266E-13 0.00E+00
5.623E+02 2.189E-05 1.593E-13 0.00E+00
5.309E+02 2.457E-05 2.006E-13 0.00E+00
5.012E+02 2.757E-05 2.526E-13 0.00E+00
4.732E+02 3.094E-05 3.180E-13 0.00E+00
4.467E+02 3.473E-05 4.004E-13 0.00E+00
4.217E+02 3.898E-05 5.041E-13 0.00E+00
3.981E+02 4.376E-05 6.346E-13 0.00E+00
3.758E+02 4.912E-05 7.989E-13 0.00E+00
3.548E+02 5.514E-05 1.006E-12 0.00E+00
3.350E+02 6.188E-05 1.266E-12 0.00E+00
3.162E+02 6.946E-05 1.595E-12 0.00E+00
2.985E+02 7.798E-05 2.008E-12 5.59E-07
2.818E+02 8.758E-05 2.528E-12 6.26E-07
2.661E+02 9.836E-05 3.183E-12 7.03E-07
2.512E+02 1.105E-04 4.007E-12 7.88E-07
2.371E+02 1.241E-04 5.046E-12 8.83E-07
2.239E+02 1.394E-04 6.353E-12 9.90E-07
2.113E+02 1.565E-04 8.000E-12 1.11E-06
1.995E+02 1.759E-04 1.007E-11 1.24E-06
1.884E+02 1.976E-04 1.269E-11 1.39E-06
1.778E+02 2.222E-04 1.598E-11 1.56E-06
1.679E+02 2.498E-04 2.012E-11 1.75E-06
1.585E+02 2.809E-04 2.533E-11 1.95E-06
1.496E+02 3.159E-04 3.191E-11 2.19E-06
1.413E+02 3.554E-04 4.018E-11 2.45E-06
1.334E+02 4.000E-04 5.061E-11 2.73E-06
1.259E+02 4.503E-04 6.375E-11 3.06E-06
1.189E+02 5.073E-04 8.027E-11 3.41E-06
1.122E+02 5.714E-04 1.011E-10 3.81E-06
1.059E+02 6.439E-04 1.274E-10 4.25E-06
1.000E+02 7.264E-04 1.604E-10 4.73E-06
9.441E+01 8.195E-04 2.021E-10 5.27E-06
8.913E+01 9.249E-04 2.546E-10 5.86E-06
8.414E+01 1.044E-03 3.207E-10 6.51E-06
7.943E+01 1.179E-03 4.040E-10 7.22E-06
7.499E+01 1.333E-03 5.087E-10 7.99E-06
7.079E+01 1.508E-03 6.406E-10 8.83E-06
6.683E+01 1.705E-03 8.067E-10 9.73E-06
6.310E+01 1.930E-03 1.015E-09 1.07E-05
5.957E+01 2.183E-03 1.278E-09 1.18E-05
5.623E+01 2.470E-03 1.607E-09 1.29E-05
5.309E+01 2.791E-03 2.021E-09 1.41E-05
5.012E+01 3.155E-03 2.539E-09 1.53E-05
4.732E+01 3.563E-03 3.188E-09 1.67E-05
4.467E+01 4.021E-03 4.001E-09 1.81E-05
4.217E+01 4.534E-03 5.018E-09 1.96E-05
3.981E+01 5.105E-03 6.279E-09 2.12E-05
3.758E+01 5.736E-03 7.854E-09 2.29E-05
3.548E+01 6.411E-03 9.846E-09 2.48E-05
3.350E+01 7.178E-03 1.234E-08 2.68E-05
3.162E+01 8.083E-03 1.547E-08 2.89E-05
2.985E+01 9.125E-03 1.935E-08 3.10E-05
2.818E+01 1.030E-02 2.413E-08 3.32E-05
2.661E+01 1.165E-02 3.008E-08 3.55E-05
2.512E+01 1.320E-02 3.755E-08 3.79E-05
2.371E+01 1.494E-02 4.642E-08 4.05E-05
2.239E+01 1.697E-02 5.742E-08 4.32E-05
2.113E+01 1.931E-02 7.004E-08 4.59E-05
1.995E+01 2.212E-02 8.452E-08 4.87E-05
1.884E+01 2.464E-02 9.458E-08 5.24E-05
1.778E+01 2.479E-02 9.705E-08 5.91E-05
1.679E+01 2.259E-02 9.774E-08 6.87E-05
1.585E+01 1.932E-02 1.058E-07 8.12E-05
1.496E+01 1.638E-02 1.309E-07 9.70E-05
1.413E+01 1.473E-02 1.879E-07 1.18E-04
1.334E+01 1.757E-02 2.908E-07 1.38E-04
1.259E+01 2.318E-02 4.204E-07 1.49E-04
1.189E+01 3.081E-02 5.818E-07 1.52E-04
1.122E+01 4.008E-02 7.735E-07 1.51E-04
1.059E+01 5.298E-02 1.026E-06 1.47E-04
1.000E+01 6.455E-02 1.154E-06 1.50E-04
9.441E+00 7.242E-02 1.177E-06 1.60E-04
8.913E+00 5.409E-02 6.334E-07 1.89E-04
8.414E+00 3.497E-02 3.105E-07 2.24E-04
7.943E+00 1.622E-02 1.377E-07 2.65E-04
7.499E+00 7.188E-03 2.926E-07 3.17E-04
7.079E+00 5.646E-03 6.013E-07 3.72E-04
6.683E+00 5.585E-03 9.610E-07 4.29E-04
6.310E+00 5.546E-03 1.394E-06 4.91E-04
5.957E+00 5.418E-03 1.935E-06 5.59E-04
5.623E+00 5.328E-03 2.625E-06 6.34E-04
5.309E+00 5.322E-03 3.503E-06 7.19E-04
5.012E+00 5.390E-03 4.625E-06 8.13E-04
4.732E+00 5.525E-03 6.042E-06 9.18E-04
4.467E+00 5.702E-03 7.842E-06 1.04E-03
4.217E+00 5.917E-03 1.011E-05 1.17E-03
3.981E+00 6.134E-03 1.298E-05 1.31E-03
3.758E+00 6.352E-03 1.661E-05 1.48E-03
3.548E+00 6.584E-03 2.119E-05 1.66E-03
3.350E+00 6.822E-03 2.697E-05 1.87E-03
3.162E+00 7.040E-03 3.426E-05 2.10E-03
2.985E+00 7.283E-03 4.348E-05 2.36E-03
2.818E+00 7.556E-03 5.514E-05 2.66E-03
2.661E+00 7.848E-03 6.986E-05 2.98E-03
2.512E+00 8.164E-03 8.842E-05 3.35E-03
2.371E+00 8.514E-03 1.118E-04 3.76E-03
2.239E+00 8.884E-03 1.413E-04 4.22E-03
2.113E+00 9.280E-03 1.784E-04 4.74E-03
1.995E+00 9.708E-03 2.252E-04 5.32E-03
1.884E+00 1.017E-02 2.842E-04 5.97E-03
1.778E+00 1.066E-02 3.585E-04 6.70E-03
1.679E+00 1.122E-02 4.522E-04 7.51E-03
1.585E+00 1.182E-02 5.704E-04 8.43E-03
1.496E+00 1.245E-02 7.192E-04 9.45E-03
1.413E+00 1.313E-02 9.066E-04 1.06E-02
1.334E+00 1.385E-02 1.143E-03 1.19E-02
1.259E+00 1.463E-02 1.441E-03 1.33E-02
1.189E+00 1.551E-02 1.816E-03 1.50E-02
1.122E+00 1.646E-02 2.290E-03 1.68E-02
1.059E+00 1.748E-02 2.888E-03 1.88E-02
1.000E+00 1.859E-02 3.641E-03 2.11E-02
9.441E-01 1.979E-02 4.592E-03 2.36E-02
8.913E-01 2.109E-02 5.792E-03 2.65E-02
8.414E-01 2.248E-02 7.312E-03 2.97E-02
7.943E-01 2.399E-02 9.232E-03 3.33E-02
7.499E-01 2.564E-02 1.166E-02 3.73E-02
7.079E-01 2.743E-02 1.473E-02 4.18E-02
6.683E-01 2.939E-02 1.862E-02 4.69E-02
6.310E-01 3.154E-02 2.354E-02 5.26E-02
5.957E-01 3.392E-02 2.979E-02 5.89E-02
5.623E-01 3.654E-02 3.772E-02 6.61E-02
5.309E-01 3.944E-02 4.777E-02 7.42E-02
5.012E-01 4.265E-02 6.053E-02 8.33E-02
4.732E-01 4.620E-02 7.674E-02 9.36E-02
4.467E-01 5.013E-02 9.732E-02 1.05E-01
4.217E-01 5.452E-02 1.234E-01 1.18E-01
3.981E-01 5.938E-02 1.562E-01 1.34E-01
3.758E-01 6.473E-02 1.977E-01 1.51E-01
3.548E-01 7.071E-02 2.498E-01 1.71E-01
3.350E-01 7.740E-02 3.147E-01 1.95E-01
3.162E-01 8.490E-02 3.954E-01 2.22E-01
2.985E-01 9.351E-02 4.945E-01 2.56E-01
2.818E-01 1.037E-01 6.156E-01 2.96E-01
2.661E-01 1.163E-01 7.647E-01 3.45E-01
2.512E-01 1.329E-01 9.544E-01 4.04E-01
2.371E-01 1.569E-01 1.211E+00 4.72E-01
2.239E-01 1.940E-01 1.607E+00 5.39E-01
2.113E-01 2.885E-01 2.232E+00 5.74E-01
1.995E-01 4.328E-01 2.834E+00 5.51E-01
1.884E-01 5.597E-01 2.937E+00 5.11E-01
1.778E-01 7.621E-01 2.740E+00 5.13E-01
1.679E-01 1.229E+00 2.516E+00 5.84E-01
1.585E-01 1.605E+00 2.129E+00 6.51E-01
1.496E-01 1.638E+00 1.694E+00 6.63E-01
1.413E-01 1.597E+00 1.485E+00 6.78E-01
1.334E-01 1.569E+00 1.400E+00 6.95E-01
1.259E-01 1.553E+00 1.346E+00 7.13E-01
1.189E-01 1.535E+00 1.316E+00 7.29E-01
1.122E-01 1.507E+00 1.301E+00 7.40E-01
1.059E-01 1.470E+00 1.298E+00 7.45E-01
1.000E-01 1.434E+00 1.290E+00 7.50E-01
9.441E-02 1.405E+00 1.275E+00 7.60E-01
8.913E-02 1.374E+00 1.233E+00 7.75E-01
8.414E-02 1.351E+00 1.248E+00 7.81E-01
7.943E-02 1.309E+00 1.269E+00 7.81E-01
7.499E-02 1.252E+00 1.286E+00 7.81E-01
7.079E-02 1.186E+00 1.291E+00 7.82E-01
6.683E-02 1.099E+00 1.299E+00 7.82E-01
6.310E-02 9.851E-01 1.294E+00 7.85E-01
5.957E-02 8.930E-01 1.202E+00 8.16E-01
5.623E-02 9.305E-01 1.026E+00 8.64E-01
5.309E-02 9.439E-01 9.575E-01 8.84E-01
5.012E-02 9.484E-01 9.148E-01 8.98E-01
4.732E-02 9.474E-01 8.876E-01 9.09E-01
4.467E-02 9.432E-01 8.692E-01 9.18E-01
4.217E-02 9.368E-01 8.566E-01 9.26E-01
3.981E-02 9.289E-01 8.473E-01 9.32E-01
3.758E-02 9.199E-01 8.403E-01 9.39E-01
3.548E-02 9.101E-01 8.348E-01 9.44E-01
3.350E-02 8.997E-01 8.302E-01 9.49E-01
3.162E-02 8.889E-01 8.258E-01 9.54E-01
2.985E-02 8.776E-01 8.213E-01 9.59E-01
2.818E-02 8.658E-01 8.162E-01 9.63E-01
2.661E-02 8.538E-01 8.095E-01 9.67E-01
2.512E-02 8.411E-01 7.996E-01 9.71E-01
2.371E-02 8.283E-01 7.828E-01 9.74E-01
2.239E-02 8.245E-01 7.624E-01 9.77E-01
2.113E-02 8.141E-01 7.497E-01 9.79E-01
1.995E-02 8.048E-01 7.214E-01 9.82E-01
1.884E-02 8.188E-01 6.982E-01 9.83E-01
1.778E-02 8.027E-01 7.142E-01 9.85E-01
1.679E-02 7.892E-01 7.090E-01 9.87E-01
1.585E-02 7.760E-01 6.973E-01 9.88E-01
1.496E-02 7.620E-01 6.822E-01 9.89E-01
1.413E-02 7.467E-01 6.598E-01 9.90E-01
1.334E-02 7.461E-01 6.197E-01 9.92E-01
1.259E-02 7.401E-01 6.184E-01 9.92E-01
1.189E-02 7.194E-01 6.157E-01 9.93E-01
1.122E-02 6.982E-01 5.694E-01 9.94E-01
1.059E-02 7.626E-01 4.993E-01 9.94E-01
1.000E-02 7.369E-01 5.819E-01 9.95E-01
9.441E-03 7.124E-01 5.976E-01 9.95E-01
8.913E-03 6.864E-01 5.960E-01 9.96E-01
8.414E-03 6.587E-01 5.860E-01 9.96E-01
7.943E-03 6.295E-01 5.688E-01 9.97E-01
7.499E-03 5.994E-01 5.350E-01 9.97E-01
7.079E-03 5.978E-01 5.322E-01 9.97E-01
6.683E-03 5.660E-01 5.220E-01 9.98E-01
6.310E-03 5.336E-01 5.048E-01 9.98E-01
5.957E-03 5.014E-01 4.839E-01 9.98E-01
5.623E-03 4.682E-01 4.603E-01 9.98E-01
5.309E-03 4.356E-01 4.347E-01 9.99E-01
5.012E-03 4.039E-01 4.080E-01 9.99E-01
4.732E-03 3.730E-01 3.811E-01 9.99E-01
4.467E-03 3.428E-01 3.540E-01 9.99E-01
4.217E-03 3.139E-01 3.269E-01 9.99E-01
3.981E-03 2.863E-01 3.004E-01 9.99E-01
3.758E-03 2.600E-01 2.746E-01 9.99E-01
3.548E-03 2.352E-01 2.493E-01 9.99E-01
3.350E-03 2.119E-01 2.250E-01 9.99E-01
3.162E-03 1.903E-01 2.017E-01 9.99E-01
2.985E-03 1.706E-01 1.800E-01 1.00E+00
2.818E-03 1.517E-01 1.579E-01 1.00E+00
2.661E-03 1.339E-01 1.362E-01 1.00E+00
2.512E-03 1.184E-01 1.120E-01 1.00E+00
2.371E-03 1.044E-01 6.691E-02 1.00E+00
2.239E-03 2.283E-01 8.825E-02 1.00E+00
2.113E-03 2.068E-01 9.140E-02 1.00E+00
1.995E-03 1.858E-01 8.851E-02 1.00E+00
1.884E-03 1.659E-01 8.041E-02 1.00E+00
1.778E-03 1.473E-01 6.951E-02 1.00E+00
1.679E-03 1.300E-01 4.357E-02 1.00E+00
1.585E-03 1.991E-01 6.498E-02 1.00E+00
1.496E-03 1.767E-01 6.145E-02 1.00E+00
1.413E-03 1.721E-01 6.289E-02 1.00E+00
1.334E-03 1.527E-01 6.009E-02 1.00E+00
1.259E-03 1.349E-01 5.587E-02 1.00E+00
1.189E-03 1.187E-01 5.144E-02 1.00E+00
1.122E-03 1.036E-01 4.685E-02 1.00E+00
1.059E-03 9.018E-02 4.224E-02 1.00E+00
