w(micron)  Q_abs     Q_sca     g=<cos>
1.000E+03 4.904E-04 4.003E-07 2.51E-04
9.441E+02 5.503E-04 5.040E-07 2.82E-04
8.913E+02 6.177E-04 6.346E-07 3.16E-04
8.414E+02 6.933E-04 7.989E-07 3.54E-04
7.943E+02 7.782E-04 1.006E-06 3.98E-04
7.499E+02 8.735E-04 1.266E-06 4.46E-04
7.079E+02 9.806E-04 1.594E-06 5.01E-04
6.683E+02 1.101E-03 2.008E-06 5.62E-04
6.310E+02 1.236E-03 2.528E-06 6.30E-04
5.957E+02 1.387E-03 3.183E-06 7.07E-04
5.623E+02 1.558E-03 4.008E-06 7.93E-04
5.309E+02 1.749E-03 5.047E-06 8.90E-04
5.012E+02 1.964E-03 6.355E-06 9.98E-04
4.732E+02 2.206E-03 8.003E-06 1.12E-03
4.467E+02 2.478E-03 1.008E-05 1.26E-03
4.217E+02 2.784E-03 1.269E-05 1.41E-03
3.981E+02 3.129E-03 1.598E-05 1.58E-03
3.758E+02 3.516E-03 2.013E-05 1.77E-03
3.548E+02 3.952E-03 2.535E-05 1.99E-03
3.350E+02 4.443E-03 3.193E-05 2.23E-03
3.162E+02 4.995E-03 4.022E-05 2.50E-03
2.985E+02 5.619E-03 5.067E-05 2.81E-03
2.818E+02 6.324E-03 6.383E-05 3.15E-03
2.661E+02 7.120E-03 8.042E-05 3.53E-03
2.512E+02 8.018E-03 1.013E-04 3.96E-03
2.371E+02 9.032E-03 1.277E-04 4.44E-03
2.239E+02 1.018E-02 1.609E-04 4.98E-03
2.113E+02 1.148E-02 2.029E-04 5.58E-03
1.995E+02 1.295E-02 2.557E-04 6.25E-03
1.884E+02 1.462E-02 3.224E-04 7.01E-03
1.778E+02 1.652E-02 4.066E-04 7.85E-03
1.679E+02 1.869E-02 5.129E-04 8.80E-03
1.585E+02 2.115E-02 6.471E-04 9.86E-03
1.496E+02 2.397E-02 8.166E-04 1.10E-02
1.413E+02 2.719E-02 1.031E-03 1.24E-02
1.334E+02 3.088E-02 1.302E-03 1.38E-02
1.259E+02 3.512E-02 1.644E-03 1.55E-02
1.189E+02 4.002E-02 2.077E-03 1.73E-02
1.122E+02 4.565E-02 2.626E-03 1.93E-02
1.059E+02 5.217E-02 3.321E-03 2.16E-02
1.000E+02 5.977E-02 4.202E-03 2.40E-02
9.441E+01 6.860E-02 5.319E-03 2.68E-02
8.913E+01 7.890E-02 6.738E-03 2.98E-02
8.414E+01 9.092E-02 8.542E-03 3.31E-02
7.943E+01 1.051E-01 1.083E-02 3.68E-02
7.499E+01 1.217E-01 1.375E-02 4.07E-02
7.079E+01 1.414E-01 1.746E-02 4.49E-02
6.683E+01 1.645E-01 2.219E-02 4.95E-02
6.310E+01 1.918E-01 2.821E-02 5.43E-02
5.957E+01 2.241E-01 3.588E-02 5.94E-02
5.623E+01 2.621E-01 4.566E-02 6.47E-02
5.309E+01 3.066E-01 5.813E-02 7.03E-02
5.012E+01 3.588E-01 7.398E-02 7.60E-02
4.732E+01 4.197E-01 9.412E-02 8.18E-02
4.467E+01 4.904E-01 1.196E-01 8.78E-02
4.217E+01 5.717E-01 1.518E-01 9.38E-02
3.981E+01 6.631E-01 1.918E-01 1.00E-01
3.758E+01 7.657E-01 2.414E-01 1.07E-01
3.548E+01 8.794E-01 3.035E-01 1.14E-01
3.350E+01 1.005E+00 3.788E-01 1.21E-01
3.162E+01 1.139E+00 4.674E-01 1.29E-01
2.985E+01 1.276E+00 5.675E-01 1.37E-01
2.818E+01 1.405E+00 6.740E-01 1.46E-01
2.661E+01 1.520E+00 7.831E-01 1.58E-01
2.512E+01 1.616E+00 8.878E-01 1.71E-01
2.371E+01 1.678E+00 9.706E-01 1.87E-01
2.239E+01 1.713E+00 1.033E+00 2.07E-01
2.113E+01 1.719E+00 1.057E+00 2.32E-01
1.995E+01 1.706E+00 1.046E+00 2.60E-01
1.884E+01 1.667E+00 9.708E-01 3.00E-01
1.778E+01 1.603E+00 8.861E-01 3.49E-01
1.679E+01 1.530E+00 8.513E-01 4.06E-01
1.585E+01 1.475E+00 9.154E-01 4.66E-01
1.496E+01 1.460E+00 1.117E+00 5.17E-01
1.413E+01 1.488E+00 1.431E+00 5.37E-01
1.334E+01 1.594E+00 1.470E+00 5.59E-01
1.259E+01 1.648E+00 1.396E+00 5.91E-01
1.189E+01 1.637E+00 1.349E+00 6.11E-01
1.122E+01 1.606E+00 1.310E+00 6.26E-01
1.059E+01 1.572E+00 1.260E+00 6.40E-01
1.000E+01 1.534E+00 1.145E+00 6.65E-01
9.441E+00 1.461E+00 1.005E+00 6.90E-01
8.913E+00 1.302E+00 7.091E-01 7.30E-01
8.414E+00 1.157E+00 4.900E-01 7.70E-01
7.943E+00 8.685E-01 3.567E-01 7.94E-01
7.499E+00 6.188E-01 1.004E+00 8.05E-01
7.079E+00 6.002E-01 1.894E+00 8.02E-01
6.683E+00 6.573E-01 2.433E+00 7.95E-01
6.310E+00 7.103E-01 2.855E+00 7.97E-01
5.957E+00 7.007E-01 3.011E+00 7.90E-01
5.623E+00 7.481E-01 2.999E+00 7.73E-01
5.309E+00 7.846E-01 3.019E+00 7.61E-01
5.012E+00 7.468E-01 2.661E+00 7.37E-01
4.732E+00 8.593E-01 2.339E+00 7.04E-01
4.467E+00 8.226E-01 2.054E+00 6.79E-01
4.217E+00 8.544E-01 1.596E+00 6.14E-01
3.981E+00 9.023E-01 1.437E+00 6.15E-01
3.758E+00 8.690E-01 1.211E+00 5.80E-01
3.548E+00 9.222E-01 1.233E+00 6.31E-01
3.350E+00 9.047E-01 1.283E+00 6.95E-01
3.162E+00 9.193E-01 1.516E+00 7.51E-01
2.985E+00 9.371E-01 1.653E+00 8.17E-01
2.818E+00 9.123E-01 1.863E+00 8.35E-01
2.661E+00 9.081E-01 1.876E+00 8.60E-01
2.512E+00 9.090E-01 1.773E+00 8.57E-01
2.371E+00 9.029E-01 1.603E+00 8.45E-01
2.239E+00 9.112E-01 1.423E+00 8.26E-01
2.113E+00 9.182E-01 1.306E+00 8.13E-01
1.995E+00 9.279E-01 1.310E+00 8.24E-01
1.884E+00 9.352E-01 1.426E+00 8.41E-01
1.778E+00 9.438E-01 1.544E+00 8.59E-01
1.679E+00 9.545E-01 1.548E+00 8.70E-01
1.585E+00 9.612E-01 1.425E+00 8.71E-01
1.496E+00 9.613E-01 1.284E+00 8.67E-01
1.413E+00 9.570E-01 1.252E+00 8.73E-01
1.334E+00 9.637E-01 1.334E+00 8.88E-01
1.259E+00 9.737E-01 1.404E+00 8.99E-01
1.189E+00 9.680E-01 1.333E+00 8.96E-01
1.122E+00 9.801E-01 1.229E+00 8.93E-01
1.059E+00 9.799E-01 1.243E+00 8.98E-01
1.000E+00 9.819E-01 1.310E+00 9.09E-01
9.441E-01 9.875E-01 1.262E+00 9.11E-01
8.913E-01 9.897E-01 1.199E+00 9.10E-01
8.414E-01 9.896E-01 1.243E+00 9.16E-01
7.943E-01 9.890E-01 1.239E+00 9.19E-01
7.499E-01 9.901E-01 1.187E+00 9.18E-01
7.079E-01 9.899E-01 1.220E+00 9.23E-01
6.683E-01 9.884E-01 1.197E+00 9.23E-01
6.310E-01 9.863E-01 1.188E+00 9.25E-01
5.957E-01 9.846E-01 1.197E+00 9.27E-01
5.623E-01 9.823E-01 1.177E+00 9.27E-01
5.309E-01 9.798E-01 1.187E+00 9.28E-01
5.012E-01 9.767E-01 1.175E+00 9.29E-01
4.732E-01 9.736E-01 1.175E+00 9.29E-01
4.467E-01 9.700E-01 1.177E+00 9.30E-01
4.217E-01 9.664E-01 1.169E+00 9.29E-01
3.981E-01 9.627E-01 1.169E+00 9.30E-01
3.758E-01 9.588E-01 1.171E+00 9.30E-01
3.548E-01 9.549E-01 1.170E+00 9.29E-01
3.350E-01 9.508E-01 1.169E+00 9.29E-01
3.162E-01 9.467E-01 1.168E+00 9.28E-01
2.985E-01 9.425E-01 1.168E+00 9.28E-01
2.818E-01 9.381E-01 1.168E+00 9.27E-01
2.661E-01 9.336E-01 1.168E+00 9.25E-01
2.512E-01 9.287E-01 1.170E+00 9.24E-01
2.371E-01 9.234E-01 1.171E+00 9.22E-01
2.239E-01 9.173E-01 1.174E+00 9.19E-01
2.113E-01 9.100E-01 1.178E+00 9.15E-01
1.995E-01 9.019E-01 1.182E+00 9.10E-01
1.884E-01 8.929E-01 1.188E+00 9.05E-01
1.778E-01 8.827E-01 1.195E+00 8.98E-01
1.679E-01 8.709E-01 1.205E+00 8.90E-01
1.585E-01 8.577E-01 1.216E+00 8.81E-01
1.496E-01 8.461E-01 1.225E+00 8.73E-01
1.413E-01 8.432E-01 1.226E+00 8.73E-01
1.334E-01 8.425E-01 1.225E+00 8.75E-01
1.259E-01 8.390E-01 1.226E+00 8.74E-01
1.189E-01 8.336E-01 1.229E+00 8.72E-01
1.122E-01 8.260E-01 1.235E+00 8.68E-01
1.059E-01 8.145E-01 1.244E+00 8.62E-01
1.000E-01 8.026E-01 1.254E+00 8.57E-01
9.441E-02 7.964E-01 1.258E+00 8.56E-01
8.913E-02 8.017E-01 1.249E+00 8.64E-01
8.414E-02 7.974E-01 1.252E+00 8.62E-01
7.943E-02 7.806E-01 1.266E+00 8.54E-01
7.499E-02 7.609E-01 1.284E+00 8.46E-01
7.079E-02 7.458E-01 1.296E+00 8.41E-01
6.683E-02 7.271E-01 1.312E+00 8.36E-01
6.310E-02 7.091E-01 1.327E+00 8.34E-01
5.957E-02 7.349E-01 1.298E+00 8.64E-01
5.623E-02 8.117E-01 1.218E+00 9.14E-01
5.309E-02 8.414E-01 1.186E+00 9.32E-01
5.012E-02 8.604E-01 1.166E+00 9.43E-01
4.732E-02 8.733E-01 1.152E+00 9.51E-01
4.467E-02 8.830E-01 1.141E+00 9.57E-01
4.217E-02 8.905E-01 1.132E+00 9.61E-01
3.981E-02 8.968E-01 1.125E+00 9.65E-01
3.758E-02 9.022E-01 1.118E+00 9.68E-01
3.548E-02 9.070E-01 1.112E+00 9.72E-01
3.350E-02 9.115E-01 1.107E+00 9.74E-01
3.162E-02 9.158E-01 1.101E+00 9.77E-01
2.985E-02 9.199E-01 1.096E+00 9.79E-01
2.818E-02 9.240E-01 1.091E+00 9.81E-01
2.661E-02 9.281E-01 1.086E+00 9.84E-01
2.512E-02 9.324E-01 1.081E+00 9.86E-01
2.371E-02 9.373E-01 1.075E+00 9.88E-01
2.239E-02 9.425E-01 1.069E+00 9.89E-01
2.113E-02 9.453E-01 1.055E+00 9.91E-01
1.995E-02 9.503E-01 1.050E+00 9.92E-01
1.884E-02 9.552E-01 1.045E+00 9.93E-01
1.778E-02 9.559E-01 1.044E+00 9.94E-01
1.679E-02 9.583E-01 1.042E+00 9.94E-01
1.585E-02 9.610E-01 1.039E+00 9.95E-01
1.496E-02 9.637E-01 1.036E+00 9.96E-01
1.413E-02 9.666E-01 1.033E+00 9.96E-01
1.334E-02 9.705E-01 1.030E+00 9.97E-01
1.259E-02 9.720E-01 1.028E+00 9.97E-01
1.189E-02 9.733E-01 1.027E+00 9.98E-01
1.122E-02 9.763E-01 1.024E+00 9.98E-01
1.059E-02 9.817E-01 1.018E+00 9.99E-01
1.000E-02 9.790E-01 1.021E+00 9.98E-01
9.441E-03 9.791E-01 1.021E+00 9.99E-01
8.913E-03 9.800E-01 1.020E+00 9.99E-01
8.414E-03 9.810E-01 1.019E+00 9.99E-01
7.943E-03 9.822E-01 1.018E+00 9.99E-01
7.499E-03 9.838E-01 1.016E+00 9.99E-01
7.079E-03 9.848E-01 1.015E+00 9.99E-01
6.683E-03 9.856E-01 1.014E+00 9.99E-01
6.310E-03 9.865E-01 1.014E+00 9.99E-01
5.957E-03 9.874E-01 1.013E+00 1.00E+00
5.623E-03 9.882E-01 1.012E+00 1.00E+00
5.309E-03 9.889E-01 1.011E+00 1.00E+00
5.012E-03 9.893E-01 1.011E+00 1.00E+00
4.732E-03 9.896E-01 1.010E+00 1.00E+00
4.467E-03 9.897E-01 1.010E+00 1.00E+00
4.217E-03 9.897E-01 1.010E+00 1.00E+00
3.981E-03 9.897E-01 1.010E+00 1.00E+00
3.758E-03 9.895E-01 1.011E+00 1.00E+00
3.548E-03 9.892E-01 1.011E+00 1.00E+00
3.350E-03 9.889E-01 1.011E+00 1.00E+00
3.162E-03 9.885E-01 1.011E+00 1.00E+00
2.985E-03 9.881E-01 1.012E+00 1.00E+00
2.818E-03 9.876E-01 1.012E+00 1.00E+00
2.661E-03 9.868E-01 1.013E+00 1.00E+00
2.512E-03 9.854E-01 1.015E+00 1.00E+00
2.371E-03 9.835E-01 1.017E+00 1.00E+00
2.239E-03 9.959E-01 1.004E+00 1.00E+00
2.113E-03 9.952E-01 1.005E+00 1.00E+00
1.995E-03 9.944E-01 1.006E+00 1.00E+00
1.884E-03 9.933E-01 1.007E+00 1.00E+00
1.778E-03 9.919E-01 1.008E+00 1.00E+00
1.679E-03 9.902E-01 1.010E+00 1.00E+00
1.585E-03 9.959E-01 1.004E+00 1.00E+00
1.496E-03 9.948E-01 1.005E+00 1.00E+00
1.413E-03 9.946E-01 1.005E+00 1.00E+00
1.334E-03 9.931E-01 1.007E+00 1.00E+00
1.259E-03 9.911E-01 1.009E+00 1.00E+00
1.189E-03 9.885E-01 1.011E+00 1.00E+00
1.122E-03 9.848E-01 1.015E+00 1.00E+00
1.059E-03 9.799E-01 1.020E+00 1.00E+00
