w(micron)  Q_abs     Q_sca     g=<cos>
1.000E+03 3.889E-07 1.593E-19 0.00E+00
9.441E+02 4.364E-07 2.006E-19 0.00E+00
8.913E+02 4.897E-07 2.525E-19 0.00E+00
8.414E+02 5.495E-07 3.179E-19 0.00E+00
7.943E+02 6.166E-07 4.002E-19 0.00E+00
7.499E+02 6.919E-07 5.038E-19 0.00E+00
7.079E+02 7.764E-07 6.342E-19 0.00E+00
6.683E+02 8.712E-07 7.985E-19 0.00E+00
6.310E+02 9.777E-07 1.005E-18 0.00E+00
5.957E+02 1.097E-06 1.266E-18 0.00E+00
5.623E+02 1.231E-06 1.593E-18 0.00E+00
5.309E+02 1.382E-06 2.006E-18 0.00E+00
5.012E+02 1.550E-06 2.526E-18 0.00E+00
4.732E+02 1.740E-06 3.180E-18 0.00E+00
4.467E+02 1.953E-06 4.004E-18 0.00E+00
4.217E+02 2.192E-06 5.041E-18 0.00E+00
3.981E+02 2.461E-06 6.346E-18 0.00E+00
3.758E+02 2.762E-06 7.989E-18 0.00E+00
3.548E+02 3.100E-06 1.006E-17 0.00E+00
3.350E+02 3.480E-06 1.266E-17 0.00E+00
3.162E+02 3.906E-06 1.595E-17 0.00E+00
2.985E+02 4.385E-06 2.008E-17 0.00E+00
2.818E+02 4.925E-06 2.528E-17 0.00E+00
2.661E+02 5.531E-06 3.183E-17 0.00E+00
2.512E+02 6.213E-06 4.007E-17 0.00E+00
2.371E+02 6.977E-06 5.046E-17 0.00E+00
2.239E+02 7.837E-06 6.353E-17 0.00E+00
2.113E+02 8.803E-06 8.000E-17 0.00E+00
1.995E+02 9.890E-06 1.007E-16 0.00E+00
1.884E+02 1.111E-05 1.269E-16 0.00E+00
1.778E+02 1.249E-05 1.598E-16 0.00E+00
1.679E+02 1.405E-05 2.012E-16 0.00E+00
1.585E+02 1.579E-05 2.533E-16 0.00E+00
1.496E+02 1.777E-05 3.191E-16 0.00E+00
1.413E+02 1.999E-05 4.018E-16 0.00E+00
1.334E+02 2.249E-05 5.061E-16 0.00E+00
1.259E+02 2.532E-05 6.375E-16 0.00E+00
1.189E+02 2.853E-05 8.027E-16 0.00E+00
1.122E+02 3.213E-05 1.011E-15 0.00E+00
1.059E+02 3.621E-05 1.274E-15 0.00E+00
1.000E+02 4.085E-05 1.604E-15 0.00E+00
9.441E+01 4.608E-05 2.021E-15 0.00E+00
8.913E+01 5.201E-05 2.546E-15 0.00E+00
8.414E+01 5.870E-05 3.207E-15 0.00E+00
7.943E+01 6.632E-05 4.040E-15 0.00E+00
7.499E+01 7.497E-05 5.087E-15 0.00E+00
7.079E+01 8.479E-05 6.406E-15 0.00E+00
6.683E+01 9.587E-05 8.067E-15 0.00E+00
6.310E+01 1.085E-04 1.015E-14 0.00E+00
5.957E+01 1.227E-04 1.278E-14 0.00E+00
5.623E+01 1.389E-04 1.607E-14 0.00E+00
5.309E+01 1.570E-04 2.020E-14 0.00E+00
5.012E+01 1.774E-04 2.539E-14 0.00E+00
4.732E+01 2.003E-04 3.188E-14 0.00E+00
4.467E+01 2.261E-04 4.001E-14 0.00E+00
4.217E+01 2.550E-04 5.018E-14 0.00E+00
3.981E+01 2.870E-04 6.279E-14 0.00E+00
3.758E+01 3.225E-04 7.854E-14 0.00E+00
3.548E+01 3.605E-04 9.845E-14 0.00E+00
3.350E+01 4.036E-04 1.234E-13 0.00E+00
3.162E+01 4.544E-04 1.546E-13 0.00E+00
2.985E+01 5.130E-04 1.935E-13 0.00E+00
2.818E+01 5.790E-04 2.412E-13 0.00E+00
2.661E+01 6.548E-04 3.008E-13 0.00E+00
2.512E+01 7.421E-04 3.754E-13 0.00E+00
2.371E+01 8.398E-04 4.641E-13 0.00E+00
2.239E+01 9.538E-04 5.741E-13 0.00E+00
2.113E+01 1.085E-03 7.003E-13 0.00E+00
1.995E+01 1.243E-03 8.450E-13 0.00E+00
1.884E+01 1.385E-03 9.457E-13 0.00E+00
1.778E+01 1.394E-03 9.704E-13 0.00E+00
1.679E+01 1.270E-03 9.773E-13 2.17E-07
1.585E+01 1.086E-03 1.058E-12 2.57E-07
1.496E+01 9.207E-04 1.309E-12 3.07E-07
1.413E+01 8.280E-04 1.879E-12 3.73E-07
1.334E+01 9.876E-04 2.907E-12 4.36E-07
1.259E+01 1.302E-03 4.203E-12 4.72E-07
1.189E+01 1.731E-03 5.815E-12 4.82E-07
1.122E+01 2.252E-03 7.732E-12 4.78E-07
1.059E+01 2.977E-03 1.026E-11 4.64E-07
1.000E+01 3.627E-03 1.154E-11 4.76E-07
9.441E+00 4.071E-03 1.177E-11 5.07E-07
8.913E+00 3.041E-03 6.336E-12 5.97E-07
8.414E+00 1.814E-03 3.044E-12 1.33E-06
7.943E+00 8.684E-04 1.450E-12 1.49E-06
7.499E+00 3.818E-04 3.327E-12 1.67E-06
7.079E+00 2.989E-04 7.231E-12 1.88E-06
6.683E+00 3.137E-04 9.610E-12 1.36E-06
6.310E+00 3.114E-04 1.394E-11 1.55E-06
5.957E+00 3.042E-04 1.934E-11 1.77E-06
5.623E+00 2.991E-04 2.624E-11 2.01E-06
5.309E+00 2.986E-04 3.502E-11 2.27E-06
5.012E+00 3.024E-04 4.623E-11 2.57E-06
4.732E+00 3.098E-04 6.038E-11 2.90E-06
4.467E+00 3.196E-04 7.836E-11 3.28E-06
4.217E+00 3.315E-04 1.010E-10 3.69E-06
3.981E+00 3.435E-04 1.297E-10 4.16E-06
3.758E+00 3.555E-04 1.659E-10 4.68E-06
3.548E+00 3.683E-04 2.117E-10 5.27E-06
3.350E+00 3.813E-04 2.693E-10 5.92E-06
3.162E+00 3.931E-04 3.420E-10 6.66E-06
2.985E+00 4.064E-04 4.340E-10 7.48E-06
2.818E+00 4.211E-04 5.502E-10 8.41E-06
2.661E+00 4.370E-04 6.969E-10 9.44E-06
2.512E+00 4.540E-04 8.817E-10 1.06E-05
2.371E+00 4.728E-04 1.114E-09 1.19E-05
2.239E+00 4.926E-04 1.408E-09 1.34E-05
2.113E+00 5.137E-04 1.777E-09 1.50E-05
1.995E+00 5.363E-04 2.242E-09 1.69E-05
1.884E+00 5.604E-04 2.828E-09 1.89E-05
1.778E+00 5.863E-04 3.565E-09 2.12E-05
1.679E+00 6.151E-04 4.493E-09 2.38E-05
1.585E+00 6.461E-04 5.663E-09 2.67E-05
1.496E+00 6.785E-04 7.135E-09 3.00E-05
1.413E+00 7.128E-04 8.986E-09 3.37E-05
1.334E+00 7.489E-04 1.132E-08 3.78E-05
1.259E+00 7.872E-04 1.425E-08 4.24E-05
1.189E+00 8.301E-04 1.794E-08 4.76E-05
1.122E+00 8.758E-04 2.259E-08 5.34E-05
1.059E+00 9.242E-04 2.844E-08 5.99E-05
1.000E+00 9.756E-04 3.580E-08 6.72E-05
9.441E-01 1.030E-03 4.506E-08 7.54E-05
8.913E-01 1.088E-03 5.672E-08 8.46E-05
8.414E-01 1.149E-03 7.144E-08 9.49E-05
7.943E-01 1.213E-03 8.999E-08 1.07E-04
7.499E-01 1.280E-03 1.134E-07 1.20E-04
7.079E-01 1.351E-03 1.428E-07 1.34E-04
6.683E-01 1.426E-03 1.800E-07 1.51E-04
6.310E-01 1.506E-03 2.269E-07 1.69E-04
5.957E-01 1.591E-03 2.862E-07 1.90E-04
5.623E-01 1.680E-03 3.612E-07 2.13E-04
5.309E-01 1.775E-03 4.560E-07 2.39E-04
5.012E-01 1.874E-03 5.762E-07 2.68E-04
4.732E-01 1.979E-03 7.287E-07 3.01E-04
4.467E-01 2.088E-03 9.226E-07 3.39E-04
4.217E-01 2.204E-03 1.169E-06 3.80E-04
3.981E-01 2.324E-03 1.482E-06 4.28E-04
3.758E-01 2.446E-03 1.883E-06 4.81E-04
3.548E-01 2.573E-03 2.395E-06 5.40E-04
3.350E-01 2.704E-03 3.053E-06 6.08E-04
3.162E-01 2.836E-03 3.903E-06 6.85E-04
2.985E-01 2.970E-03 5.001E-06 7.71E-04
2.818E-01 3.105E-03 6.428E-06 8.69E-04
2.661E-01 3.236E-03 8.296E-06 9.81E-04
2.512E-01 3.354E-03 1.077E-05 1.11E-03
2.371E-01 3.464E-03 1.407E-05 1.26E-03
2.239E-01 3.562E-03 1.860E-05 1.43E-03
2.113E-01 4.364E-03 2.500E-05 1.63E-03
1.995E-01 6.331E-03 3.385E-05 1.87E-03
1.884E-01 9.780E-03 4.619E-05 2.14E-03
1.778E-01 1.531E-02 6.364E-05 2.47E-03
1.679E-01 2.441E-02 8.862E-05 2.86E-03
1.585E-01 3.967E-02 1.242E-04 3.28E-03
1.496E-01 6.419E-02 1.708E-04 3.63E-03
1.413E-01 9.271E-02 2.178E-04 3.81E-03
1.334E-01 1.133E-01 2.721E-04 4.08E-03
1.259E-01 1.356E-01 3.482E-04 4.40E-03
1.189E-01 1.617E-01 4.529E-04 4.73E-03
1.122E-01 1.937E-01 6.002E-04 5.06E-03
1.059E-01 2.366E-01 8.200E-04 5.32E-03
1.000E-01 3.011E-01 1.116E-03 5.39E-03
9.441E-02 3.647E-01 1.440E-03 5.57E-03
8.913E-02 4.116E-01 1.659E-03 5.97E-03
8.414E-02 4.468E-01 2.139E-03 6.62E-03
7.943E-02 5.332E-01 2.967E-03 6.96E-03
7.499E-02 6.313E-01 4.014E-03 7.35E-03
7.079E-02 6.890E-01 4.955E-03 8.07E-03
6.683E-02 6.914E-01 5.702E-03 9.07E-03
6.310E-02 5.732E-01 5.370E-03 1.05E-02
5.957E-02 3.575E-01 3.259E-03 1.24E-02
5.623E-02 2.887E-01 2.088E-03 1.46E-02
5.309E-02 2.711E-01 1.916E-03 1.66E-02
5.012E-02 2.592E-01 1.879E-03 1.89E-02
4.732E-02 2.499E-01 1.915E-03 2.14E-02
4.467E-02 2.417E-01 1.989E-03 2.42E-02
4.217E-02 2.337E-01 2.088E-03 2.74E-02
3.981E-02 2.256E-01 2.200E-03 3.09E-02
3.758E-02 2.172E-01 2.318E-03 3.49E-02
3.548E-02 2.083E-01 2.436E-03 3.93E-02
3.350E-02 1.991E-01 2.551E-03 4.44E-02
3.162E-02 1.894E-01 2.656E-03 5.00E-02
2.985E-02 1.794E-01 2.745E-03 5.64E-02
2.818E-02 1.692E-01 2.817E-03 6.36E-02
2.661E-02 1.590E-01 2.866E-03 7.17E-02
2.512E-02 1.487E-01 2.879E-03 8.09E-02
2.371E-02 1.386E-01 2.842E-03 9.12E-02
2.239E-02 1.338E-01 2.876E-03 1.03E-01
2.113E-02 1.266E-01 2.895E-03 1.16E-01
1.995E-02 1.197E-01 2.822E-03 1.31E-01
1.884E-02 1.238E-01 2.996E-03 1.48E-01
1.778E-02 1.165E-01 3.148E-03 1.66E-01
1.679E-02 1.099E-01 3.170E-03 1.87E-01
1.585E-02 1.037E-01 3.147E-03 2.11E-01
1.496E-02 9.778E-02 3.092E-03 2.37E-01
1.413E-02 9.186E-02 2.979E-03 2.66E-01
1.334E-02 9.043E-02 2.858E-03 2.99E-01
1.259E-02 8.820E-02 2.923E-03 3.34E-01
1.189E-02 8.214E-02 2.873E-03 3.73E-01
1.122E-02 7.611E-02 2.571E-03 4.15E-01
1.059E-02 9.177E-02 2.573E-03 4.62E-01
1.000E-02 8.535E-02 3.005E-03 5.08E-01
9.441E-03 7.887E-02 3.003E-03 5.54E-01
8.913E-03 7.257E-02 2.891E-03 6.01E-01
8.414E-03 6.650E-02 2.736E-03 6.45E-01
7.943E-03 6.073E-02 2.555E-03 6.85E-01
7.499E-03 5.534E-02 2.312E-03 7.19E-01
7.079E-03 5.493E-02 2.337E-03 7.47E-01
6.683E-03 4.991E-02 2.232E-03 7.68E-01
6.310E-03 4.525E-02 2.106E-03 7.83E-01
5.957E-03 4.100E-02 1.976E-03 7.96E-01
5.623E-03 3.697E-02 1.839E-03 8.08E-01
5.309E-03 3.331E-02 1.700E-03 8.22E-01
5.012E-03 3.000E-02 1.561E-03 8.38E-01
4.732E-03 2.695E-02 1.427E-03 8.55E-01
4.467E-03 2.416E-02 1.298E-03 8.72E-01
4.217E-03 2.161E-02 1.177E-03 8.85E-01
3.981E-03 1.929E-02 1.065E-03 8.94E-01
3.758E-03 1.719E-02 9.607E-04 9.01E-01
3.548E-03 1.527E-02 8.615E-04 9.08E-01
3.350E-03 1.354E-02 7.679E-04 9.17E-01
3.162E-03 1.198E-02 6.802E-04 9.27E-01
2.985E-03 1.060E-02 6.014E-04 9.34E-01
2.818E-03 9.315E-03 5.229E-04 9.38E-01
2.661E-03 8.131E-03 4.475E-04 9.43E-01
2.512E-03 7.120E-03 3.651E-04 9.49E-01
2.371E-03 6.228E-03 2.159E-04 9.54E-01
2.239E-03 1.472E-02 3.119E-04 9.58E-01
2.113E-03 1.314E-02 3.196E-04 9.62E-01
1.995E-03 1.165E-02 3.059E-04 9.66E-01
1.884E-03 1.027E-02 2.749E-04 9.69E-01
1.778E-03 9.010E-03 2.351E-04 9.71E-01
1.679E-03 7.871E-03 1.456E-04 9.74E-01
1.585E-03 1.258E-02 2.288E-04 9.76E-01
1.496E-03 1.101E-02 2.134E-04 9.79E-01
1.413E-03 1.069E-02 2.182E-04 9.81E-01
1.334E-03 9.369E-03 2.061E-04 9.82E-01
1.259E-03 8.187E-03 1.897E-04 9.84E-01
1.189E-03 7.138E-03 1.730E-04 9.86E-01
1.122E-03 6.174E-03 1.562E-04 9.87E-01
1.059E-03 5.331E-03 1.398E-04 9.88E-01
