w(micron)  Q_abs     Q_sca     g=<cos>
1.000E+03 5.504E-04 6.346E-07 3.16E-04
9.441E+02 6.178E-04 7.989E-07 3.55E-04
8.913E+02 6.934E-04 1.006E-06 3.98E-04
8.414E+02 7.783E-04 1.266E-06 4.46E-04
7.943E+02 8.737E-04 1.594E-06 5.01E-04
7.499E+02 9.808E-04 2.008E-06 5.62E-04
7.079E+02 1.101E-03 2.528E-06 6.30E-04
6.683E+02 1.236E-03 3.183E-06 7.07E-04
6.310E+02 1.388E-03 4.007E-06 7.93E-04
5.957E+02 1.558E-03 5.046E-06 8.90E-04
5.623E+02 1.750E-03 6.354E-06 9.99E-04
5.309E+02 1.965E-03 8.001E-06 1.12E-03
5.012E+02 2.207E-03 1.008E-05 1.26E-03
4.732E+02 2.480E-03 1.269E-05 1.41E-03
4.467E+02 2.786E-03 1.598E-05 1.58E-03
4.217E+02 3.131E-03 2.013E-05 1.78E-03
3.981E+02 3.520E-03 2.535E-05 1.99E-03
3.758E+02 3.957E-03 3.193E-05 2.23E-03
3.548E+02 4.449E-03 4.021E-05 2.51E-03
3.350E+02 5.003E-03 5.066E-05 2.81E-03
3.162E+02 5.627E-03 6.382E-05 3.15E-03
2.985E+02 6.333E-03 8.041E-05 3.54E-03
2.818E+02 7.132E-03 1.013E-04 3.97E-03
2.661E+02 8.034E-03 1.277E-04 4.45E-03
2.512E+02 9.055E-03 1.609E-04 4.99E-03
2.371E+02 1.021E-02 2.028E-04 5.59E-03
2.239E+02 1.151E-02 2.556E-04 6.27E-03
2.113E+02 1.300E-02 3.223E-04 7.03E-03
1.995E+02 1.468E-02 4.064E-04 7.88E-03
1.884E+02 1.659E-02 5.126E-04 8.83E-03
1.778E+02 1.878E-02 6.467E-04 9.90E-03
1.679E+02 2.127E-02 8.161E-04 1.11E-02
1.585E+02 2.412E-02 1.030E-03 1.24E-02
1.496E+02 2.738E-02 1.301E-03 1.39E-02
1.413E+02 3.112E-02 1.643E-03 1.56E-02
1.334E+02 3.543E-02 2.076E-03 1.74E-02
1.259E+02 4.041E-02 2.624E-03 1.95E-02
1.189E+02 4.618E-02 3.317E-03 2.18E-02
1.122E+02 5.285E-02 4.198E-03 2.44E-02
1.059E+02 6.061E-02 5.315E-03 2.72E-02
1.000E+02 6.972E-02 6.732E-03 3.04E-02
9.441E+01 8.037E-02 8.533E-03 3.39E-02
8.913E+01 9.288E-02 1.082E-02 3.77E-02
8.414E+01 1.076E-01 1.374E-02 4.19E-02
7.943E+01 1.251E-01 1.746E-02 4.65E-02
7.499E+01 1.458E-01 2.220E-02 5.15E-02
7.079E+01 1.704E-01 2.825E-02 5.69E-02
6.683E+01 1.997E-01 3.598E-02 6.26E-02
6.310E+01 2.346E-01 4.585E-02 6.87E-02
5.957E+01 2.761E-01 5.847E-02 7.51E-02
5.623E+01 3.254E-01 7.457E-02 8.17E-02
5.309E+01 3.834E-01 9.514E-02 8.85E-02
5.012E+01 4.517E-01 1.213E-01 9.54E-02
4.732E+01 5.314E-01 1.545E-01 1.02E-01
4.467E+01 6.234E-01 1.963E-01 1.09E-01
4.217E+01 7.283E-01 2.487E-01 1.16E-01
3.981E+01 8.442E-01 3.128E-01 1.23E-01
3.758E+01 9.709E-01 3.908E-01 1.31E-01
3.548E+01 1.107E+00 4.856E-01 1.39E-01
3.350E+01 1.248E+00 5.956E-01 1.48E-01
3.162E+01 1.387E+00 7.167E-01 1.56E-01
2.985E+01 1.512E+00 8.419E-01 1.66E-01
2.818E+01 1.613E+00 9.605E-01 1.79E-01
2.661E+01 1.685E+00 1.065E+00 1.93E-01
2.512E+01 1.726E+00 1.148E+00 2.11E-01
2.371E+01 1.736E+00 1.196E+00 2.33E-01
2.239E+01 1.725E+00 1.216E+00 2.60E-01
2.113E+01 1.703E+00 1.201E+00 2.92E-01
1.995E+01 1.678E+00 1.158E+00 3.30E-01
1.884E+01 1.649E+00 1.068E+00 3.79E-01
1.778E+01 1.605E+00 9.806E-01 4.35E-01
1.679E+01 1.550E+00 9.502E-01 4.92E-01
1.585E+01 1.504E+00 1.025E+00 5.44E-01
1.496E+01 1.484E+00 1.230E+00 5.79E-01
1.413E+01 1.535E+00 1.496E+00 6.00E-01
1.334E+01 1.653E+00 1.500E+00 6.29E-01
1.259E+01 1.637E+00 1.423E+00 6.37E-01
1.189E+01 1.587E+00 1.371E+00 6.43E-01
1.122E+01 1.552E+00 1.329E+00 6.56E-01
1.059E+01 1.529E+00 1.287E+00 6.72E-01
1.000E+01 1.500E+00 1.186E+00 7.00E-01
9.441E+00 1.431E+00 1.060E+00 7.23E-01
8.913E+00 1.294E+00 7.751E-01 7.64E-01
8.414E+00 1.174E+00 5.548E-01 8.02E-01
7.943E+00 9.165E-01 4.243E-01 8.29E-01
7.499E+00 6.738E-01 1.199E+00 8.33E-01
7.079E+00 6.665E-01 2.149E+00 8.20E-01
6.683E+00 7.179E-01 2.685E+00 8.16E-01
6.310E+00 7.514E-01 2.848E+00 8.06E-01
5.957E+00 8.125E-01 2.962E+00 7.92E-01
5.623E+00 7.743E-01 2.806E+00 7.70E-01
5.309E+00 8.405E-01 2.465E+00 7.39E-01
5.012E+00 8.533E-01 2.215E+00 7.15E-01
4.732E+00 8.404E-01 1.734E+00 6.52E-01
4.467E+00 9.254E-01 1.506E+00 6.36E-01
4.217E+00 8.742E-01 1.250E+00 5.99E-01
3.981E+00 9.458E-01 1.210E+00 6.28E-01
3.758E+00 9.134E-01 1.248E+00 6.91E-01
3.548E+00 9.398E-01 1.449E+00 7.47E-01
3.350E+00 9.530E-01 1.597E+00 8.15E-01
3.162E+00 9.344E-01 1.820E+00 8.35E-01
2.985E+00 9.249E-01 1.844E+00 8.63E-01
2.818E+00 9.254E-01 1.767E+00 8.60E-01
2.661E+00 9.176E-01 1.608E+00 8.50E-01
2.512E+00 9.256E-01 1.427E+00 8.31E-01
2.371E+00 9.297E-01 1.300E+00 8.18E-01
2.239E+00 9.375E-01 1.297E+00 8.27E-01
2.113E+00 9.434E-01 1.409E+00 8.43E-01
1.995E+00 9.512E-01 1.528E+00 8.60E-01
1.884E+00 9.610E-01 1.539E+00 8.71E-01
1.778E+00 9.667E-01 1.421E+00 8.72E-01
1.679E+00 9.667E-01 1.282E+00 8.69E-01
1.585E+00 9.621E-01 1.248E+00 8.74E-01
1.496E+00 9.681E-01 1.328E+00 8.89E-01
1.413E+00 9.775E-01 1.398E+00 9.00E-01
1.334E+00 9.710E-01 1.330E+00 8.97E-01
1.259E+00 9.819E-01 1.228E+00 8.94E-01
1.189E+00 9.815E-01 1.242E+00 8.99E-01
1.122E+00 9.833E-01 1.308E+00 9.09E-01
1.059E+00 9.886E-01 1.261E+00 9.11E-01
1.000E+00 9.906E-01 1.198E+00 9.11E-01
9.441E-01 9.906E-01 1.242E+00 9.17E-01
8.913E-01 9.899E-01 1.239E+00 9.19E-01
8.414E-01 9.908E-01 1.186E+00 9.18E-01
7.943E-01 9.907E-01 1.219E+00 9.23E-01
7.499E-01 9.890E-01 1.198E+00 9.24E-01
7.079E-01 9.869E-01 1.187E+00 9.25E-01
6.683E-01 9.851E-01 1.198E+00 9.27E-01
6.310E-01 9.828E-01 1.176E+00 9.27E-01
5.957E-01 9.803E-01 1.188E+00 9.29E-01
5.623E-01 9.773E-01 1.173E+00 9.29E-01
5.309E-01 9.742E-01 1.176E+00 9.30E-01
5.012E-01 9.708E-01 1.175E+00 9.30E-01
4.732E-01 9.673E-01 1.167E+00 9.30E-01
4.467E-01 9.636E-01 1.170E+00 9.30E-01
4.217E-01 9.599E-01 1.170E+00 9.31E-01
3.981E-01 9.562E-01 1.167E+00 9.30E-01
3.758E-01 9.524E-01 1.166E+00 9.30E-01
3.548E-01 9.486E-01 1.165E+00 9.30E-01
3.350E-01 9.447E-01 1.165E+00 9.29E-01
3.162E-01 9.407E-01 1.165E+00 9.29E-01
2.985E-01 9.367E-01 1.166E+00 9.28E-01
2.818E-01 9.326E-01 1.165E+00 9.27E-01
2.661E-01 9.283E-01 1.166E+00 9.26E-01
2.512E-01 9.236E-01 1.167E+00 9.24E-01
2.371E-01 9.186E-01 1.169E+00 9.22E-01
2.239E-01 9.127E-01 1.172E+00 9.19E-01
2.113E-01 9.056E-01 1.176E+00 9.15E-01
1.995E-01 8.977E-01 1.180E+00 9.10E-01
1.884E-01 8.889E-01 1.186E+00 9.05E-01
1.778E-01 8.790E-01 1.194E+00 8.98E-01
1.679E-01 8.674E-01 1.203E+00 8.90E-01
1.585E-01 8.543E-01 1.214E+00 8.81E-01
1.496E-01 8.428E-01 1.223E+00 8.73E-01
1.413E-01 8.401E-01 1.224E+00 8.73E-01
1.334E-01 8.395E-01 1.223E+00 8.75E-01
1.259E-01 8.362E-01 1.224E+00 8.74E-01
1.189E-01 8.309E-01 1.227E+00 8.72E-01
1.122E-01 8.234E-01 1.233E+00 8.68E-01
1.059E-01 8.120E-01 1.242E+00 8.62E-01
1.000E-01 8.003E-01 1.252E+00 8.57E-01
9.441E-02 7.943E-01 1.256E+00 8.56E-01
8.913E-02 7.998E-01 1.247E+00 8.64E-01
8.414E-02 7.956E-01 1.250E+00 8.62E-01
7.943E-02 7.790E-01 1.265E+00 8.54E-01
7.499E-02 7.595E-01 1.282E+00 8.46E-01
7.079E-02 7.446E-01 1.294E+00 8.41E-01
6.683E-02 7.261E-01 1.310E+00 8.36E-01
6.310E-02 7.084E-01 1.325E+00 8.34E-01
5.957E-02 7.344E-01 1.296E+00 8.64E-01
5.623E-02 8.112E-01 1.217E+00 9.14E-01
5.309E-02 8.409E-01 1.185E+00 9.32E-01
5.012E-02 8.599E-01 1.165E+00 9.43E-01
4.732E-02 8.729E-01 1.151E+00 9.51E-01
4.467E-02 8.825E-01 1.140E+00 9.56E-01
4.217E-02 8.901E-01 1.131E+00 9.61E-01
3.981E-02 8.964E-01 1.124E+00 9.65E-01
3.758E-02 9.018E-01 1.117E+00 9.68E-01
3.548E-02 9.067E-01 1.111E+00 9.72E-01
3.350E-02 9.112E-01 1.106E+00 9.74E-01
3.162E-02 9.155E-01 1.101E+00 9.77E-01
2.985E-02 9.197E-01 1.096E+00 9.79E-01
2.818E-02 9.238E-01 1.091E+00 9.81E-01
2.661E-02 9.279E-01 1.086E+00 9.84E-01
2.512E-02 9.323E-01 1.080E+00 9.86E-01
2.371E-02 9.360E-01 1.064E+00 9.88E-01
2.239E-02 9.413E-01 1.059E+00 9.89E-01
2.113E-02 9.453E-01 1.055E+00 9.91E-01
1.995E-02 9.503E-01 1.050E+00 9.92E-01
1.884E-02 9.552E-01 1.045E+00 9.93E-01
1.778E-02 9.559E-01 1.044E+00 9.94E-01
1.679E-02 9.583E-01 1.042E+00 9.94E-01
1.585E-02 9.610E-01 1.039E+00 9.95E-01
1.496E-02 9.637E-01 1.036E+00 9.96E-01
1.413E-02 9.666E-01 1.033E+00 9.96E-01
1.334E-02 9.705E-01 1.030E+00 9.97E-01
1.259E-02 9.720E-01 1.028E+00 9.97E-01
1.189E-02 9.733E-01 1.027E+00 9.98E-01
1.122E-02 9.763E-01 1.024E+00 9.98E-01
1.059E-02 9.817E-01 1.018E+00 9.99E-01
1.000E-02 9.790E-01 1.021E+00 9.98E-01
9.441E-03 9.791E-01 1.021E+00 9.99E-01
8.913E-03 9.800E-01 1.020E+00 9.99E-01
8.414E-03 9.810E-01 1.019E+00 9.99E-01
7.943E-03 9.822E-01 1.018E+00 9.99E-01
7.499E-03 9.838E-01 1.016E+00 9.99E-01
7.079E-03 9.848E-01 1.015E+00 9.99E-01
6.683E-03 9.856E-01 1.014E+00 9.99E-01
6.310E-03 9.865E-01 1.013E+00 9.99E-01
5.957E-03 9.875E-01 1.013E+00 1.00E+00
5.623E-03 9.883E-01 1.012E+00 1.00E+00
5.309E-03 9.890E-01 1.011E+00 1.00E+00
5.012E-03 9.895E-01 1.011E+00 1.00E+00
4.732E-03 9.898E-01 1.010E+00 1.00E+00
4.467E-03 9.899E-01 1.010E+00 1.00E+00
4.217E-03 9.900E-01 1.010E+00 1.00E+00
3.981E-03 9.900E-01 1.010E+00 1.00E+00
3.758E-03 9.899E-01 1.010E+00 1.00E+00
3.548E-03 9.897E-01 1.010E+00 1.00E+00
3.350E-03 9.895E-01 1.011E+00 1.00E+00
3.162E-03 9.893E-01 1.011E+00 1.00E+00
2.985E-03 9.890E-01 1.011E+00 1.00E+00
2.818E-03 9.889E-01 1.011E+00 1.00E+00
2.661E-03 9.885E-01 1.011E+00 1.00E+00
2.512E-03 9.877E-01 1.012E+00 1.00E+00
2.371E-03 9.865E-01 1.014E+00 1.00E+00
2.239E-03 9.966E-01 1.003E+00 1.00E+00
2.113E-03 9.960E-01 1.004E+00 1.00E+00
1.995E-03 9.953E-01 1.005E+00 1.00E+00
1.884E-03 9.945E-01 1.005E+00 1.00E+00
1.778E-03 9.934E-01 1.007E+00 1.00E+00
1.679E-03 9.921E-01 1.008E+00 1.00E+00
1.585E-03 9.967E-01 1.003E+00 1.00E+00
1.496E-03 9.958E-01 1.004E+00 1.00E+00
1.413E-03 9.956E-01 1.004E+00 1.00E+00
1.334E-03 9.944E-01 1.006E+00 1.00E+00
1.259E-03 9.929E-01 1.007E+00 1.00E+00
1.189E-03 9.908E-01 1.009E+00 1.00E+00
1.122E-03 9.879E-01 1.012E+00 1.00E+00
1.059E-03 9.840E-01 1.016E+00 1.00E+00
