w(micron)  Q_abs     Q_sca     g=<cos>
1.000E+03 1.105E-03 1.007E-05 1.26E-03
9.441E+02 1.241E-03 1.268E-05 1.41E-03
8.913E+02 1.394E-03 1.597E-05 1.58E-03
8.414E+02 1.566E-03 2.012E-05 1.78E-03
7.943E+02 1.760E-03 2.533E-05 2.00E-03
7.499E+02 1.978E-03 3.191E-05 2.24E-03
7.079E+02 2.223E-03 4.019E-05 2.51E-03
6.683E+02 2.499E-03 5.062E-05 2.82E-03
6.310E+02 2.811E-03 6.377E-05 3.16E-03
5.957E+02 3.162E-03 8.033E-05 3.55E-03
5.623E+02 3.558E-03 1.012E-04 3.98E-03
5.309E+02 4.004E-03 1.275E-04 4.47E-03
5.012E+02 4.509E-03 1.607E-04 5.02E-03
4.732E+02 5.080E-03 2.025E-04 5.63E-03
4.467E+02 5.727E-03 2.553E-04 6.32E-03
4.217E+02 6.459E-03 3.218E-04 7.09E-03
3.981E+02 7.289E-03 4.058E-04 7.96E-03
3.758E+02 8.232E-03 5.117E-04 8.94E-03
3.548E+02 9.303E-03 6.454E-04 1.00E-02
3.350E+02 1.052E-02 8.143E-04 1.13E-02
3.162E+02 1.191E-02 1.028E-03 1.26E-02
2.985E+02 1.350E-02 1.297E-03 1.42E-02
2.818E+02 1.532E-02 1.638E-03 1.59E-02
2.661E+02 1.742E-02 2.069E-03 1.79E-02
2.512E+02 1.983E-02 2.615E-03 2.01E-02
2.371E+02 2.261E-02 3.306E-03 2.25E-02
2.239E+02 2.583E-02 4.182E-03 2.53E-02
2.113E+02 2.956E-02 5.293E-03 2.84E-02
1.995E+02 3.393E-02 6.704E-03 3.20E-02
1.884E+02 3.904E-02 8.497E-03 3.59E-02
1.778E+02 4.507E-02 1.078E-02 4.04E-02
1.679E+02 5.220E-02 1.369E-02 4.54E-02
1.585E+02 6.069E-02 1.740E-02 5.10E-02
1.496E+02 7.086E-02 2.214E-02 5.73E-02
1.413E+02 8.313E-02 2.820E-02 6.45E-02
1.334E+02 9.803E-02 3.599E-02 7.26E-02
1.259E+02 1.163E-01 4.599E-02 8.17E-02
1.189E+02 1.389E-01 5.887E-02 9.19E-02
1.122E+02 1.671E-01 7.552E-02 1.04E-01
1.059E+02 2.026E-01 9.707E-02 1.17E-01
1.000E+02 2.478E-01 1.250E-01 1.31E-01
9.441E+01 3.059E-01 1.614E-01 1.47E-01
8.913E+01 3.811E-01 2.088E-01 1.65E-01
8.414E+01 4.790E-01 2.708E-01 1.84E-01
7.943E+01 6.056E-01 3.515E-01 2.03E-01
7.499E+01 7.670E-01 4.561E-01 2.20E-01
7.079E+01 9.644E-01 5.898E-01 2.34E-01
6.683E+01 1.190E+00 7.565E-01 2.41E-01
6.310E+01 1.417E+00 9.539E-01 2.40E-01
5.957E+01 1.614E+00 1.172E+00 2.31E-01
5.623E+01 1.749E+00 1.389E+00 2.21E-01
5.309E+01 1.819E+00 1.578E+00 2.13E-01
5.012E+01 1.833E+00 1.712E+00 2.13E-01
4.732E+01 1.808E+00 1.779E+00 2.21E-01
4.467E+01 1.761E+00 1.781E+00 2.37E-01
4.217E+01 1.708E+00 1.737E+00 2.61E-01
3.981E+01 1.660E+00 1.668E+00 2.93E-01
3.758E+01 1.625E+00 1.595E+00 3.32E-01
3.548E+01 1.606E+00 1.533E+00 3.77E-01
3.350E+01 1.603E+00 1.490E+00 4.27E-01
3.162E+01 1.610E+00 1.471E+00 4.76E-01
2.985E+01 1.618E+00 1.469E+00 5.19E-01
2.818E+01 1.615E+00 1.474E+00 5.52E-01
2.661E+01 1.597E+00 1.475E+00 5.76E-01
2.512E+01 1.568E+00 1.467E+00 5.94E-01
2.371E+01 1.540E+00 1.448E+00 6.11E-01
2.239E+01 1.519E+00 1.425E+00 6.31E-01
2.113E+01 1.510E+00 1.399E+00 6.54E-01
1.995E+01 1.506E+00 1.372E+00 6.80E-01
1.884E+01 1.503E+00 1.324E+00 7.09E-01
1.778E+01 1.495E+00 1.272E+00 7.39E-01
1.679E+01 1.487E+00 1.251E+00 7.65E-01
1.585E+01 1.483E+00 1.279E+00 7.83E-01
1.496E+01 1.484E+00 1.308E+00 7.89E-01
1.413E+01 1.479E+00 1.275E+00 7.87E-01
1.334E+01 1.414E+00 1.298E+00 7.83E-01
1.259E+01 1.361E+00 1.333E+00 7.78E-01
1.189E+01 1.325E+00 1.353E+00 7.78E-01
1.122E+01 1.301E+00 1.359E+00 7.83E-01
1.059E+01 1.276E+00 1.360E+00 7.89E-01
1.000E+01 1.257E+00 1.312E+00 8.06E-01
9.441E+00 1.219E+00 1.247E+00 8.24E-01
8.913E+00 1.182E+00 1.061E+00 8.68E-01
8.414E+00 1.172E+00 8.932E-01 9.07E-01
7.943E+00 1.115E+00 8.745E-01 9.34E-01
7.499E+00 1.007E+00 1.987E+00 9.14E-01
7.079E+00 1.020E+00 1.886E+00 8.54E-01
6.683E+00 1.068E+00 1.326E+00 7.87E-01
6.310E+00 1.059E+00 1.117E+00 7.69E-01
5.957E+00 1.060E+00 1.248E+00 8.14E-01
5.623E+00 1.064E+00 1.478E+00 8.62E-01
5.309E+00 1.038E+00 1.619E+00 8.85E-01
5.012E+00 1.020E+00 1.578E+00 8.89E-01
4.732E+00 1.010E+00 1.403E+00 8.78E-01
4.467E+00 1.002E+00 1.247E+00 8.60E-01
4.217E+00 1.001E+00 1.228E+00 8.57E-01
3.981E+00 1.004E+00 1.331E+00 8.73E-01
3.758E+00 1.010E+00 1.431E+00 8.87E-01
3.548E+00 1.019E+00 1.410E+00 8.92E-01
3.350E+00 1.024E+00 1.290E+00 8.89E-01
3.162E+00 1.018E+00 1.210E+00 8.88E-01
2.985E+00 1.010E+00 1.249E+00 8.96E-01
2.818E+00 1.013E+00 1.330E+00 9.07E-01
2.661E+00 1.006E+00 1.314E+00 9.08E-01
2.512E+00 1.009E+00 1.219E+00 9.04E-01
2.371E+00 1.004E+00 1.212E+00 9.05E-01
2.239E+00 1.005E+00 1.275E+00 9.14E-01
2.113E+00 1.006E+00 1.249E+00 9.16E-01
1.995E+00 1.004E+00 1.190E+00 9.15E-01
1.884E+00 1.002E+00 1.225E+00 9.19E-01
1.778E+00 9.986E-01 1.230E+00 9.21E-01
1.679E+00 9.974E-01 1.183E+00 9.20E-01
1.585E+00 9.961E-01 1.210E+00 9.24E-01
1.496E+00 9.933E-01 1.194E+00 9.25E-01
1.413E+00 9.905E-01 1.183E+00 9.26E-01
1.334E+00 9.879E-01 1.195E+00 9.28E-01
1.259E+00 9.851E-01 1.173E+00 9.28E-01
1.189E+00 9.821E-01 1.186E+00 9.30E-01
1.122E+00 9.790E-01 1.171E+00 9.29E-01
1.059E+00 9.758E-01 1.177E+00 9.31E-01
1.000E+00 9.724E-01 1.171E+00 9.31E-01
9.441E-01 9.691E-01 1.167E+00 9.31E-01
8.913E-01 9.657E-01 1.170E+00 9.32E-01
8.414E-01 9.623E-01 1.165E+00 9.32E-01
7.943E-01 9.589E-01 1.163E+00 9.32E-01
7.499E-01 9.556E-01 1.163E+00 9.32E-01
7.079E-01 9.524E-01 1.163E+00 9.33E-01
6.683E-01 9.492E-01 1.162E+00 9.33E-01
6.310E-01 9.461E-01 1.160E+00 9.33E-01
5.957E-01 9.432E-01 1.159E+00 9.33E-01
5.623E-01 9.402E-01 1.158E+00 9.33E-01
5.309E-01 9.374E-01 1.157E+00 9.33E-01
5.012E-01 9.347E-01 1.156E+00 9.32E-01
4.732E-01 9.320E-01 1.156E+00 9.32E-01
4.467E-01 9.293E-01 1.155E+00 9.32E-01
4.217E-01 9.267E-01 1.155E+00 9.32E-01
3.981E-01 9.241E-01 1.154E+00 9.32E-01
3.758E-01 9.216E-01 1.154E+00 9.31E-01
3.548E-01 9.190E-01 1.154E+00 9.31E-01
3.350E-01 9.164E-01 1.153E+00 9.30E-01
3.162E-01 9.137E-01 1.154E+00 9.29E-01
2.985E-01 9.109E-01 1.154E+00 9.28E-01
2.818E-01 9.080E-01 1.154E+00 9.27E-01
2.661E-01 9.048E-01 1.155E+00 9.26E-01
2.512E-01 9.013E-01 1.156E+00 9.24E-01
2.371E-01 8.974E-01 1.158E+00 9.22E-01
2.239E-01 8.926E-01 1.161E+00 9.19E-01
2.113E-01 8.865E-01 1.165E+00 9.15E-01
1.995E-01 8.796E-01 1.170E+00 9.10E-01
1.884E-01 8.718E-01 1.176E+00 9.05E-01
1.778E-01 8.626E-01 1.183E+00 8.98E-01
1.679E-01 8.518E-01 1.193E+00 8.90E-01
1.585E-01 8.394E-01 1.204E+00 8.80E-01
1.496E-01 8.285E-01 1.214E+00 8.73E-01
1.413E-01 8.263E-01 1.214E+00 8.73E-01
1.334E-01 8.264E-01 1.213E+00 8.74E-01
1.259E-01 8.237E-01 1.214E+00 8.73E-01
1.189E-01 8.191E-01 1.217E+00 8.71E-01
1.122E-01 8.122E-01 1.223E+00 8.67E-01
1.059E-01 8.014E-01 1.233E+00 8.61E-01
1.000E-01 7.905E-01 1.242E+00 8.56E-01
9.441E-02 7.854E-01 1.246E+00 8.55E-01
8.913E-02 7.917E-01 1.238E+00 8.63E-01
8.414E-02 7.880E-01 1.241E+00 8.61E-01
7.943E-02 7.721E-01 1.255E+00 8.53E-01
7.499E-02 7.536E-01 1.273E+00 8.45E-01
7.079E-02 7.396E-01 1.285E+00 8.40E-01
6.683E-02 7.221E-01 1.301E+00 8.35E-01
6.310E-02 7.053E-01 1.316E+00 8.33E-01
5.957E-02 7.322E-01 1.288E+00 8.63E-01
5.623E-02 8.090E-01 1.209E+00 9.13E-01
5.309E-02 8.387E-01 1.179E+00 9.31E-01
5.012E-02 8.577E-01 1.159E+00 9.43E-01
4.732E-02 8.684E-01 1.132E+00 9.50E-01
4.467E-02 8.783E-01 1.122E+00 9.56E-01
4.217E-02 8.861E-01 1.114E+00 9.61E-01
3.981E-02 8.927E-01 1.107E+00 9.65E-01
3.758E-02 8.985E-01 1.102E+00 9.68E-01
3.548E-02 9.036E-01 1.096E+00 9.71E-01
3.350E-02 9.084E-01 1.092E+00 9.74E-01
3.162E-02 9.130E-01 1.087E+00 9.77E-01
2.985E-02 9.174E-01 1.083E+00 9.79E-01
2.818E-02 9.218E-01 1.078E+00 9.81E-01
2.661E-02 9.263E-01 1.074E+00 9.83E-01
2.512E-02 9.309E-01 1.069E+00 9.86E-01
2.371E-02 9.360E-01 1.064E+00 9.88E-01
2.239E-02 9.413E-01 1.059E+00 9.89E-01
2.113E-02 9.453E-01 1.055E+00 9.91E-01
1.995E-02 9.503E-01 1.050E+00 9.92E-01
1.884E-02 9.552E-01 1.045E+00 9.93E-01
1.778E-02 9.559E-01 1.044E+00 9.94E-01
1.679E-02 9.583E-01 1.042E+00 9.94E-01
1.585E-02 9.610E-01 1.039E+00 9.95E-01
1.496E-02 9.637E-01 1.036E+00 9.96E-01
1.413E-02 9.666E-01 1.033E+00 9.96E-01
1.334E-02 9.705E-01 1.030E+00 9.97E-01
1.259E-02 9.720E-01 1.028E+00 9.97E-01
1.189E-02 9.733E-01 1.027E+00 9.98E-01
1.122E-02 9.763E-01 1.024E+00 9.98E-01
1.059E-02 9.817E-01 1.018E+00 9.99E-01
1.000E-02 9.790E-01 1.021E+00 9.98E-01
9.441E-03 9.791E-01 1.021E+00 9.99E-01
8.913E-03 9.800E-01 1.020E+00 9.99E-01
8.414E-03 9.810E-01 1.019E+00 9.99E-01
7.943E-03 9.822E-01 1.018E+00 9.99E-01
7.499E-03 9.838E-01 1.016E+00 9.99E-01
7.079E-03 9.848E-01 1.015E+00 9.99E-01
6.683E-03 9.856E-01 1.014E+00 9.99E-01
6.310E-03 9.866E-01 1.013E+00 9.99E-01
5.957E-03 9.876E-01 1.012E+00 1.00E+00
5.623E-03 9.885E-01 1.012E+00 1.00E+00
5.309E-03 9.893E-01 1.011E+00 1.00E+00
5.012E-03 9.899E-01 1.010E+00 1.00E+00
4.732E-03 9.904E-01 1.010E+00 1.00E+00
4.467E-03 9.907E-01 1.009E+00 1.00E+00
4.217E-03 9.910E-01 1.009E+00 1.00E+00
3.981E-03 9.911E-01 1.009E+00 1.00E+00
3.758E-03 9.912E-01 1.009E+00 1.00E+00
3.548E-03 9.913E-01 1.009E+00 1.00E+00
3.350E-03 9.915E-01 1.009E+00 1.00E+00
3.162E-03 9.917E-01 1.008E+00 1.00E+00
2.985E-03 9.921E-01 1.008E+00 1.00E+00
2.818E-03 9.930E-01 1.007E+00 1.00E+00
2.661E-03 9.940E-01 1.006E+00 1.00E+00
2.512E-03 9.948E-01 1.005E+00 1.00E+00
2.371E-03 9.956E-01 1.004E+00 1.00E+00
2.239E-03 9.989E-01 1.001E+00 1.00E+00
2.113E-03 9.987E-01 1.001E+00 1.00E+00
1.995E-03 9.986E-01 1.001E+00 1.00E+00
1.884E-03 9.984E-01 1.002E+00 1.00E+00
1.778E-03 9.982E-01 1.002E+00 1.00E+00
1.679E-03 9.980E-01 1.002E+00 1.00E+00
1.585E-03 9.993E-01 1.001E+00 1.00E+00
1.496E-03 9.991E-01 1.001E+00 1.00E+00
1.413E-03 9.990E-01 1.001E+00 1.00E+00
1.334E-03 9.987E-01 1.001E+00 1.00E+00
1.259E-03 9.983E-01 1.002E+00 1.00E+00
1.189E-03 9.978E-01 1.002E+00 1.00E+00
1.122E-03 9.970E-01 1.003E+00 1.00E+00
1.059E-03 9.960E-01 1.004E+00 1.00E+00
