w(micron)  Q_abs     Q_sca     g=<cos>
1.000E+03 2.454E-06 2.525E-16 0.00E+00
9.441E+02 2.753E-06 3.179E-16 0.00E+00
8.913E+02 3.090E-06 4.002E-16 0.00E+00
8.414E+02 3.467E-06 5.038E-16 0.00E+00
7.943E+02 3.890E-06 6.342E-16 0.00E+00
7.499E+02 4.366E-06 7.984E-16 0.00E+00
7.079E+02 4.899E-06 1.005E-15 0.00E+00
6.683E+02 5.497E-06 1.266E-15 0.00E+00
6.310E+02 6.169E-06 1.593E-15 0.00E+00
5.957E+02 6.922E-06 2.006E-15 0.00E+00
5.623E+02 7.768E-06 2.525E-15 0.00E+00
5.309E+02 8.717E-06 3.179E-15 0.00E+00
5.012E+02 9.783E-06 4.003E-15 0.00E+00
4.732E+02 1.098E-05 5.040E-15 0.00E+00
4.467E+02 1.232E-05 6.345E-15 0.00E+00
4.217E+02 1.383E-05 7.989E-15 0.00E+00
3.981E+02 1.553E-05 1.006E-14 0.00E+00
3.758E+02 1.743E-05 1.266E-14 0.00E+00
3.548E+02 1.956E-05 1.594E-14 0.00E+00
3.350E+02 2.196E-05 2.007E-14 0.00E+00
3.162E+02 2.464E-05 2.527E-14 0.00E+00
2.985E+02 2.767E-05 3.182E-14 0.00E+00
2.818E+02 3.107E-05 4.006E-14 0.00E+00
2.661E+02 3.490E-05 5.044E-14 0.00E+00
2.512E+02 3.920E-05 6.351E-14 0.00E+00
2.371E+02 4.402E-05 7.997E-14 0.00E+00
2.239E+02 4.945E-05 1.007E-13 0.00E+00
2.113E+02 5.554E-05 1.268E-13 0.00E+00
1.995E+02 6.240E-05 1.597E-13 0.00E+00
1.884E+02 7.013E-05 2.011E-13 0.00E+00
1.778E+02 7.882E-05 2.532E-13 0.00E+00
1.679E+02 8.862E-05 3.188E-13 0.00E+00
1.585E+02 9.966E-05 4.015E-13 0.00E+00
1.496E+02 1.121E-04 5.057E-13 0.00E+00
1.413E+02 1.261E-04 6.369E-13 0.00E+00
1.334E+02 1.419E-04 8.021E-13 0.00E+00
1.259E+02 1.598E-04 1.010E-12 0.00E+00
1.189E+02 1.800E-04 1.272E-12 0.00E+00
1.122E+02 2.027E-04 1.603E-12 0.00E+00
1.059E+02 2.285E-04 2.019E-12 5.35E-07
1.000E+02 2.577E-04 2.543E-12 5.96E-07
9.441E+01 2.908E-04 3.203E-12 6.63E-07
8.913E+01 3.281E-04 4.035E-12 7.38E-07
8.414E+01 3.704E-04 5.083E-12 8.20E-07
7.943E+01 4.185E-04 6.402E-12 9.08E-07
7.499E+01 4.731E-04 8.063E-12 1.01E-06
7.079E+01 5.350E-04 1.015E-11 1.11E-06
6.683E+01 6.049E-04 1.279E-11 1.23E-06
6.310E+01 6.846E-04 1.609E-11 1.35E-06
5.957E+01 7.745E-04 2.025E-11 1.48E-06
5.623E+01 8.763E-04 2.547E-11 1.62E-06
5.309E+01 9.903E-04 3.202E-11 1.77E-06
5.012E+01 1.119E-03 4.023E-11 1.93E-06
4.732E+01 1.264E-03 5.052E-11 2.10E-06
4.467E+01 1.427E-03 6.341E-11 2.28E-06
4.217E+01 1.609E-03 7.953E-11 2.47E-06
3.981E+01 1.811E-03 9.951E-11 2.67E-06
3.758E+01 2.035E-03 1.245E-10 2.88E-06
3.548E+01 2.274E-03 1.560E-10 3.12E-06
3.350E+01 2.547E-03 1.956E-10 3.38E-06
3.162E+01 2.867E-03 2.451E-10 3.64E-06
2.985E+01 3.237E-03 3.067E-10 3.90E-06
2.818E+01 3.653E-03 3.823E-10 4.18E-06
2.661E+01 4.131E-03 4.768E-10 4.47E-06
2.512E+01 4.682E-03 5.950E-10 4.78E-06
2.371E+01 5.299E-03 7.356E-10 5.10E-06
2.239E+01 6.018E-03 9.099E-10 5.43E-06
2.113E+01 6.849E-03 1.110E-09 5.78E-06
1.995E+01 7.846E-03 1.339E-09 6.13E-06
1.884E+01 8.740E-03 1.499E-09 6.60E-06
1.778E+01 8.794E-03 1.538E-09 7.44E-06
1.679E+01 8.013E-03 1.549E-09 8.65E-06
1.585E+01 6.854E-03 1.677E-09 1.02E-05
1.496E+01 5.810E-03 2.074E-09 1.22E-05
1.413E+01 5.225E-03 2.978E-09 1.48E-05
1.334E+01 6.232E-03 4.608E-09 1.74E-05
1.259E+01 8.219E-03 6.661E-09 1.88E-05
1.189E+01 1.092E-02 9.217E-09 1.92E-05
1.122E+01 1.421E-02 1.226E-08 1.90E-05
1.059E+01 1.878E-02 1.626E-08 1.85E-05
1.000E+01 2.289E-02 1.829E-08 1.89E-05
9.441E+00 2.568E-02 1.865E-08 2.02E-05
8.913E+00 1.919E-02 1.004E-08 2.38E-05
8.414E+00 1.241E-02 4.923E-09 2.82E-05
7.943E+00 5.755E-03 2.184E-09 3.34E-05
7.499E+00 2.549E-03 4.638E-09 3.99E-05
7.079E+00 2.002E-03 9.530E-09 4.69E-05
6.683E+00 1.980E-03 1.523E-08 5.41E-05
6.310E+00 1.965E-03 2.209E-08 6.18E-05
5.957E+00 1.920E-03 3.066E-08 7.04E-05
5.623E+00 1.887E-03 4.159E-08 7.99E-05
5.309E+00 1.885E-03 5.550E-08 9.05E-05
5.012E+00 1.908E-03 7.327E-08 1.02E-04
4.732E+00 1.955E-03 9.571E-08 1.16E-04
4.467E+00 2.017E-03 1.242E-07 1.30E-04
4.217E+00 2.093E-03 1.601E-07 1.47E-04
3.981E+00 2.168E-03 2.055E-07 1.66E-04
3.758E+00 2.244E-03 2.630E-07 1.86E-04
3.548E+00 2.325E-03 3.355E-07 2.10E-04
3.350E+00 2.408E-03 4.269E-07 2.36E-04
3.162E+00 2.483E-03 5.421E-07 2.65E-04
2.985E+00 2.567E-03 6.879E-07 2.98E-04
2.818E+00 2.660E-03 8.722E-07 3.35E-04
2.661E+00 2.760E-03 1.105E-06 3.76E-04
2.512E+00 2.869E-03 1.398E-06 4.22E-04
2.371E+00 2.988E-03 1.767E-06 4.74E-04
2.239E+00 3.113E-03 2.233E-06 5.32E-04
2.113E+00 3.247E-03 2.818E-06 5.98E-04
1.995E+00 3.391E-03 3.555E-06 6.71E-04
1.884E+00 3.545E-03 4.485E-06 7.53E-04
1.778E+00 3.710E-03 5.654E-06 8.45E-04
1.679E+00 3.893E-03 7.127E-06 9.48E-04
1.585E+00 4.091E-03 8.983E-06 1.06E-03
1.496E+00 4.298E-03 1.132E-05 1.19E-03
1.413E+00 4.517E-03 1.426E-05 1.34E-03
1.334E+00 4.749E-03 1.796E-05 1.50E-03
1.259E+00 4.995E-03 2.261E-05 1.69E-03
1.189E+00 5.270E-03 2.848E-05 1.89E-03
1.122E+00 5.565E-03 3.586E-05 2.12E-03
1.059E+00 5.877E-03 4.516E-05 2.38E-03
1.000E+00 6.210E-03 5.686E-05 2.67E-03
9.441E-01 6.566E-03 7.159E-05 3.00E-03
8.913E-01 6.942E-03 9.016E-05 3.36E-03
8.414E-01 7.339E-03 1.136E-04 3.77E-03
7.943E-01 7.758E-03 1.431E-04 4.23E-03
7.499E-01 8.203E-03 1.804E-04 4.75E-03
7.079E-01 8.676E-03 2.274E-04 5.33E-03
6.683E-01 9.178E-03 2.867E-04 5.98E-03
6.310E-01 9.715E-03 3.617E-04 6.71E-03
5.957E-01 1.029E-02 4.565E-04 7.53E-03
5.623E-01 1.090E-02 5.765E-04 8.45E-03
5.309E-01 1.155E-02 7.286E-04 9.48E-03
5.012E-01 1.225E-02 9.215E-04 1.06E-02
4.732E-01 1.298E-02 1.167E-03 1.19E-02
4.467E-01 1.376E-02 1.479E-03 1.34E-02
4.217E-01 1.461E-02 1.876E-03 1.51E-02
3.981E-01 1.549E-02 2.384E-03 1.69E-02
3.758E-01 1.642E-02 3.033E-03 1.90E-02
3.548E-01 1.741E-02 3.867E-03 2.13E-02
3.350E-01 1.846E-02 4.941E-03 2.40E-02
3.162E-01 1.955E-02 6.334E-03 2.70E-02
2.985E-01 2.071E-02 8.143E-03 3.04E-02
2.818E-01 2.193E-02 1.051E-02 3.42E-02
2.661E-01 2.320E-02 1.362E-02 3.85E-02
2.512E-01 2.446E-02 1.778E-02 4.35E-02
2.371E-01 2.578E-02 2.339E-02 4.92E-02
2.239E-01 2.717E-02 3.118E-02 5.59E-02
2.113E-01 3.430E-02 4.237E-02 6.38E-02
1.995E-01 5.154E-02 5.807E-02 7.31E-02
1.884E-01 8.301E-02 8.036E-02 8.44E-02
1.778E-01 1.365E-01 1.124E-01 9.80E-02
1.679E-01 2.306E-01 1.586E-01 1.15E-01
1.585E-01 3.971E-01 2.233E-01 1.34E-01
1.496E-01 6.569E-01 2.996E-01 1.50E-01
1.413E-01 9.039E-01 3.571E-01 1.58E-01
1.334E-01 1.061E+00 4.162E-01 1.71E-01
1.259E-01 1.212E+00 4.890E-01 1.86E-01
1.189E-01 1.355E+00 5.695E-01 2.04E-01
1.122E-01 1.481E+00 6.534E-01 2.22E-01
1.059E-01 1.586E+00 7.380E-01 2.40E-01
1.000E-01 1.642E+00 7.751E-01 2.59E-01
9.441E-02 1.645E+00 7.736E-01 2.87E-01
8.913E-02 1.603E+00 7.171E-01 3.25E-01
8.414E-02 1.605E+00 7.639E-01 3.67E-01
7.943E-02 1.607E+00 7.979E-01 4.07E-01
7.499E-02 1.576E+00 8.107E-01 4.46E-01
7.079E-02 1.498E+00 8.027E-01 4.79E-01
6.683E-02 1.366E+00 7.878E-01 5.02E-01
6.310E-02 1.149E+00 7.328E-01 5.16E-01
5.957E-02 8.912E-01 5.604E-01 5.37E-01
5.623E-02 8.484E-01 4.008E-01 5.88E-01
5.309E-02 8.363E-01 3.553E-01 6.31E-01
5.012E-02 8.235E-01 3.294E-01 6.69E-01
4.732E-02 8.093E-01 3.138E-01 7.02E-01
4.467E-02 7.938E-01 3.035E-01 7.31E-01
4.217E-02 7.767E-01 2.962E-01 7.56E-01
3.981E-02 7.584E-01 2.904E-01 7.78E-01
3.758E-02 7.387E-01 2.852E-01 7.97E-01
3.548E-02 7.178E-01 2.803E-01 8.13E-01
3.350E-02 6.961E-01 2.752E-01 8.28E-01
3.162E-02 6.737E-01 2.694E-01 8.42E-01
2.985E-02 6.505E-01 2.627E-01 8.55E-01
2.818E-02 6.270E-01 2.550E-01 8.68E-01
2.661E-02 6.034E-01 2.462E-01 8.81E-01
2.512E-02 5.789E-01 2.355E-01 8.93E-01
2.371E-02 5.543E-01 2.222E-01 9.02E-01
2.239E-02 5.436E-01 2.122E-01 9.10E-01
2.113E-02 5.251E-01 2.032E-01 9.18E-01
1.995E-02 5.079E-01 1.892E-01 9.26E-01
1.884E-02 5.226E-01 1.857E-01 9.33E-01
1.778E-02 5.011E-01 1.866E-01 9.39E-01
1.679E-02 4.819E-01 1.806E-01 9.44E-01
1.585E-02 4.637E-01 1.728E-01 9.49E-01
1.496E-02 4.457E-01 1.643E-01 9.54E-01
1.413E-02 4.269E-01 1.539E-01 9.58E-01
1.334E-02 4.238E-01 1.424E-01 9.62E-01
1.259E-02 4.167E-01 1.409E-01 9.65E-01
1.189E-02 3.953E-01 1.364E-01 9.69E-01
1.122E-02 3.739E-01 1.211E-01 9.71E-01
1.059E-02 4.341E-01 1.129E-01 9.74E-01
1.000E-02 4.096E-01 1.308E-01 9.76E-01
9.441E-03 3.857E-01 1.308E-01 9.78E-01
8.913E-03 3.618E-01 1.263E-01 9.81E-01
8.414E-03 3.379E-01 1.200E-01 9.82E-01
7.943E-03 3.144E-01 1.125E-01 9.84E-01
7.499E-03 2.917E-01 1.019E-01 9.85E-01
7.079E-03 2.903E-01 1.012E-01 9.87E-01
6.683E-03 2.681E-01 9.631E-02 9.88E-01
6.310E-03 2.469E-01 9.035E-02 9.89E-01
5.957E-03 2.268E-01 8.413E-02 9.90E-01
5.623E-03 2.073E-01 7.778E-02 9.91E-01
5.309E-03 1.890E-01 7.152E-02 9.92E-01
5.012E-03 1.720E-01 6.549E-02 9.93E-01
4.732E-03 1.561E-01 5.977E-02 9.93E-01
4.467E-03 1.412E-01 5.433E-02 9.94E-01
4.217E-03 1.274E-01 4.918E-02 9.95E-01
3.981E-03 1.146E-01 4.438E-02 9.95E-01
3.758E-03 1.027E-01 3.987E-02 9.96E-01
3.548E-03 9.185E-02 3.564E-02 9.96E-01
3.350E-03 8.188E-02 3.172E-02 9.96E-01
3.162E-03 7.282E-02 2.806E-02 9.97E-01
2.985E-03 6.474E-02 2.476E-02 9.97E-01
2.818E-03 5.710E-02 2.148E-02 9.97E-01
2.661E-03 5.003E-02 1.835E-02 9.98E-01
2.512E-03 4.395E-02 1.495E-02 9.98E-01
2.371E-03 3.855E-02 8.833E-03 9.98E-01
2.239E-03 8.882E-02 1.236E-02 9.98E-01
2.113E-03 7.970E-02 1.267E-02 9.98E-01
1.995E-03 7.095E-02 1.215E-02 9.99E-01
1.884E-03 6.282E-02 1.093E-02 9.99E-01
1.778E-03 5.532E-02 9.359E-03 9.99E-01
1.679E-03 4.850E-02 5.806E-03 9.99E-01
1.585E-03 7.643E-02 8.956E-03 9.99E-01
1.496E-03 6.720E-02 8.380E-03 9.99E-01
1.413E-03 6.532E-02 8.559E-03 9.99E-01
1.334E-03 5.747E-02 8.105E-03 9.99E-01
1.259E-03 5.040E-02 7.474E-03 9.99E-01
1.189E-03 4.408E-02 6.831E-03 9.99E-01
1.122E-03 3.824E-02 6.177E-03 9.99E-01
1.059E-03 3.310E-02 5.535E-03 1.00E+00
