w(micron)  Q_abs     Q_sca     g=<cos>
1.000E+03 1.096E-05 1.005E-13 0.00E+00
9.441E+02 1.230E-05 1.265E-13 0.00E+00
8.913E+02 1.380E-05 1.593E-13 0.00E+00
8.414E+02 1.549E-05 2.006E-13 0.00E+00
7.943E+02 1.738E-05 2.525E-13 0.00E+00
7.499E+02 1.950E-05 3.179E-13 0.00E+00
7.079E+02 2.188E-05 4.002E-13 0.00E+00
6.683E+02 2.456E-05 5.038E-13 0.00E+00
6.310E+02 2.755E-05 6.343E-13 0.00E+00
5.957E+02 3.092E-05 7.985E-13 0.00E+00
5.623E+02 3.470E-05 1.005E-12 0.00E+00
5.309E+02 3.894E-05 1.266E-12 0.00E+00
5.012E+02 4.370E-05 1.594E-12 0.00E+00
4.732E+02 4.904E-05 2.006E-12 5.61E-07
4.467E+02 5.505E-05 2.526E-12 6.29E-07
4.217E+02 6.179E-05 3.180E-12 7.06E-07
3.981E+02 6.935E-05 4.004E-12 7.92E-07
3.758E+02 7.785E-05 5.041E-12 8.88E-07
3.548E+02 8.738E-05 6.346E-12 9.96E-07
3.350E+02 9.807E-05 7.991E-12 1.12E-06
3.162E+02 1.101E-04 1.006E-11 1.25E-06
2.985E+02 1.236E-04 1.267E-11 1.40E-06
2.818E+02 1.388E-04 1.595E-11 1.57E-06
2.661E+02 1.559E-04 2.008E-11 1.77E-06
2.512E+02 1.751E-04 2.528E-11 1.98E-06
2.371E+02 1.966E-04 3.184E-11 2.22E-06
2.239E+02 2.209E-04 4.009E-11 2.49E-06
2.113E+02 2.481E-04 5.048E-11 2.79E-06
1.995E+02 2.787E-04 6.356E-11 3.12E-06
1.884E+02 3.132E-04 8.004E-11 3.50E-06
1.778E+02 3.521E-04 1.008E-10 3.92E-06
1.679E+02 3.959E-04 1.269E-10 4.38E-06
1.585E+02 4.452E-04 1.599E-10 4.91E-06
1.496E+02 5.007E-04 2.013E-10 5.49E-06
1.413E+02 5.633E-04 2.535E-10 6.14E-06
1.334E+02 6.340E-04 3.193E-10 6.87E-06
1.259E+02 7.137E-04 4.022E-10 7.68E-06
1.189E+02 8.041E-04 5.065E-10 8.57E-06
1.122E+02 9.057E-04 6.381E-10 9.57E-06
1.059E+02 1.021E-03 8.038E-10 1.07E-05
1.000E+02 1.151E-03 1.012E-09 1.19E-05
9.441E+01 1.299E-03 1.275E-09 1.32E-05
8.913E+01 1.466E-03 1.606E-09 1.47E-05
8.414E+01 1.654E-03 2.024E-09 1.64E-05
7.943E+01 1.869E-03 2.549E-09 1.81E-05
7.499E+01 2.113E-03 3.210E-09 2.01E-05
7.079E+01 2.390E-03 4.042E-09 2.22E-05
6.683E+01 2.703E-03 5.090E-09 2.45E-05
6.310E+01 3.058E-03 6.406E-09 2.69E-05
5.957E+01 3.460E-03 8.062E-09 2.95E-05
5.623E+01 3.915E-03 1.014E-08 3.23E-05
5.309E+01 4.425E-03 1.275E-08 3.53E-05
5.012E+01 5.001E-03 1.602E-08 3.85E-05
4.732E+01 5.648E-03 2.012E-08 4.18E-05
4.467E+01 6.374E-03 2.525E-08 4.54E-05
4.217E+01 7.188E-03 3.166E-08 4.92E-05
3.981E+01 8.092E-03 3.962E-08 5.32E-05
3.758E+01 9.093E-03 4.956E-08 5.75E-05
3.548E+01 1.016E-02 6.213E-08 6.23E-05
3.350E+01 1.138E-02 7.789E-08 6.74E-05
3.162E+01 1.281E-02 9.760E-08 7.26E-05
2.985E+01 1.447E-02 1.221E-07 7.79E-05
2.818E+01 1.633E-02 1.522E-07 8.34E-05
2.661E+01 1.847E-02 1.898E-07 8.93E-05
2.512E+01 2.093E-02 2.370E-07 9.53E-05
2.371E+01 2.368E-02 2.929E-07 1.02E-04
2.239E+01 2.690E-02 3.623E-07 1.08E-04
2.113E+01 3.061E-02 4.420E-07 1.15E-04
1.995E+01 3.507E-02 5.334E-07 1.22E-04
1.884E+01 3.907E-02 5.969E-07 1.32E-04
1.778E+01 3.931E-02 6.125E-07 1.48E-04
1.679E+01 3.582E-02 6.168E-07 1.72E-04
1.585E+01 3.064E-02 6.678E-07 2.04E-04
1.496E+01 2.598E-02 8.260E-07 2.44E-04
1.413E+01 2.337E-02 1.186E-06 2.96E-04
1.334E+01 2.788E-02 1.836E-06 3.46E-04
1.259E+01 3.678E-02 2.654E-06 3.75E-04
1.189E+01 4.890E-02 3.673E-06 3.82E-04
1.122E+01 6.361E-02 4.884E-06 3.80E-04
1.059E+01 8.408E-02 6.479E-06 3.68E-04
1.000E+01 1.024E-01 7.285E-06 3.78E-04
9.441E+00 1.148E-01 7.423E-06 4.03E-04
8.913E+00 8.574E-02 3.994E-06 4.74E-04
8.414E+00 5.543E-02 1.958E-06 5.64E-04
7.943E+00 2.572E-02 8.685E-07 6.66E-04
7.499E+00 1.140E-02 1.845E-06 7.97E-04
7.079E+00 8.961E-03 3.794E-06 9.35E-04
6.683E+00 8.867E-03 6.064E-06 1.08E-03
6.310E+00 8.807E-03 8.796E-06 1.23E-03
5.957E+00 8.607E-03 1.221E-05 1.40E-03
5.623E+00 8.469E-03 1.657E-05 1.59E-03
5.309E+00 8.462E-03 2.212E-05 1.80E-03
5.012E+00 8.576E-03 2.920E-05 2.04E-03
4.732E+00 8.795E-03 3.816E-05 2.30E-03
4.467E+00 9.082E-03 4.953E-05 2.60E-03
4.217E+00 9.432E-03 6.388E-05 2.93E-03
3.981E+00 9.784E-03 8.201E-05 3.30E-03
3.758E+00 1.014E-02 1.050E-04 3.71E-03
3.548E+00 1.052E-02 1.340E-04 4.18E-03
3.350E+00 1.091E-02 1.706E-04 4.69E-03
3.162E+00 1.127E-02 2.167E-04 5.28E-03
2.985E+00 1.168E-02 2.751E-04 5.93E-03
2.818E+00 1.213E-02 3.490E-04 6.66E-03
2.661E+00 1.262E-02 4.424E-04 7.48E-03
2.512E+00 1.316E-02 5.602E-04 8.40E-03
2.371E+00 1.375E-02 7.086E-04 9.42E-03
2.239E+00 1.438E-02 8.963E-04 1.06E-02
2.113E+00 1.506E-02 1.132E-03 1.19E-02
1.995E+00 1.580E-02 1.430E-03 1.33E-02
1.884E+00 1.659E-02 1.806E-03 1.49E-02
1.778E+00 1.746E-02 2.280E-03 1.68E-02
1.679E+00 1.844E-02 2.879E-03 1.88E-02
1.585E+00 1.951E-02 3.634E-03 2.11E-02
1.496E+00 2.065E-02 4.588E-03 2.36E-02
1.413E+00 2.189E-02 5.790E-03 2.65E-02
1.334E+00 2.323E-02 7.307E-03 2.97E-02
1.259E+00 2.469E-02 9.223E-03 3.33E-02
1.189E+00 2.635E-02 1.164E-02 3.73E-02
1.122E+00 2.818E-02 1.470E-02 4.18E-02
1.059E+00 3.018E-02 1.856E-02 4.69E-02
1.000E+00 3.237E-02 2.343E-02 5.25E-02
9.441E-01 3.480E-02 2.958E-02 5.89E-02
8.913E-01 3.748E-02 3.735E-02 6.60E-02
8.414E-01 4.041E-02 4.716E-02 7.40E-02
7.943E-01 4.364E-02 5.955E-02 8.30E-02
7.499E-01 4.723E-02 7.515E-02 9.32E-02
7.079E-01 5.120E-02 9.476E-02 1.05E-01
6.683E-01 5.561E-02 1.193E-01 1.18E-01
6.310E-01 6.053E-02 1.500E-01 1.33E-01
5.957E-01 6.602E-02 1.882E-01 1.50E-01
5.623E-01 7.213E-02 2.353E-01 1.69E-01
5.309E-01 7.895E-02 2.929E-01 1.92E-01
5.012E-01 8.659E-02 3.626E-01 2.18E-01
4.732E-01 9.520E-02 4.458E-01 2.50E-01
4.467E-01 1.051E-01 5.441E-01 2.87E-01
4.217E-01 1.168E-01 6.587E-01 3.31E-01
3.981E-01 1.311E-01 7.930E-01 3.83E-01
3.758E-01 1.493E-01 9.552E-01 4.43E-01
3.548E-01 1.731E-01 1.162E+00 5.05E-01
3.350E-01 2.034E-01 1.440E+00 5.60E-01
3.162E-01 2.363E-01 1.812E+00 5.90E-01
2.985E-01 2.593E-01 2.231E+00 5.90E-01
2.818E-01 2.611E-01 2.562E+00 5.69E-01
2.661E-01 2.512E-01 2.736E+00 5.53E-01
2.512E-01 2.541E-01 2.856E+00 5.56E-01
2.371E-01 2.968E-01 3.122E+00 5.88E-01
2.239E-01 3.934E-01 3.786E+00 6.38E-01
2.113E-01 4.862E-01 4.189E+00 6.57E-01
1.995E-01 5.648E-01 3.582E+00 6.14E-01
1.884E-01 8.810E-01 2.944E+00 5.72E-01
1.778E-01 1.297E+00 2.356E+00 6.35E-01
1.679E-01 1.437E+00 1.565E+00 6.55E-01
1.585E-01 1.513E+00 1.222E+00 7.10E-01
1.496E-01 1.492E+00 1.254E+00 7.63E-01
1.413E-01 1.454E+00 1.286E+00 7.79E-01
1.334E-01 1.424E+00 1.288E+00 7.90E-01
1.259E-01 1.393E+00 1.288E+00 7.97E-01
1.189E-01 1.365E+00 1.291E+00 8.02E-01
1.122E-01 1.337E+00 1.298E+00 8.05E-01
1.059E-01 1.305E+00 1.311E+00 8.05E-01
1.000E-01 1.274E+00 1.321E+00 8.06E-01
9.441E-02 1.247E+00 1.319E+00 8.11E-01
8.913E-02 1.224E+00 1.292E+00 8.22E-01
8.414E-02 1.203E+00 1.301E+00 8.24E-01
7.943E-02 1.164E+00 1.323E+00 8.20E-01
7.499E-02 1.113E+00 1.343E+00 8.16E-01
7.079E-02 1.059E+00 1.353E+00 8.15E-01
6.683E-02 9.907E-01 1.365E+00 8.12E-01
6.310E-02 9.062E-01 1.368E+00 8.13E-01
5.957E-02 8.559E-01 1.297E+00 8.42E-01
5.623E-02 9.118E-01 1.157E+00 8.89E-01
5.309E-02 9.325E-01 1.101E+00 9.08E-01
5.012E-02 9.428E-01 1.065E+00 9.21E-01
4.732E-02 9.468E-01 1.041E+00 9.30E-01
4.467E-02 9.473E-01 1.025E+00 9.37E-01
4.217E-02 9.454E-01 1.013E+00 9.43E-01
3.981E-02 9.420E-01 1.005E+00 9.49E-01
3.758E-02 9.376E-01 9.982E-01 9.53E-01
3.548E-02 9.325E-01 9.936E-01 9.58E-01
3.350E-02 9.270E-01 9.904E-01 9.62E-01
3.162E-02 9.213E-01 9.882E-01 9.66E-01
2.985E-02 9.153E-01 9.870E-01 9.69E-01
2.818E-02 9.092E-01 9.867E-01 9.72E-01
2.661E-02 9.032E-01 9.866E-01 9.75E-01
2.512E-02 8.970E-01 9.860E-01 9.78E-01
2.371E-02 8.912E-01 9.821E-01 9.81E-01
2.239E-02 8.912E-01 9.701E-01 9.83E-01
2.113E-02 8.863E-01 9.677E-01 9.85E-01
1.995E-02 8.829E-01 9.524E-01 9.87E-01
1.884E-02 8.939E-01 9.250E-01 9.89E-01
1.778E-02 8.837E-01 9.486E-01 9.90E-01
1.679E-02 8.761E-01 9.541E-01 9.91E-01
1.585E-02 8.688E-01 9.539E-01 9.92E-01
1.496E-02 8.609E-01 9.510E-01 9.93E-01
1.413E-02 8.520E-01 9.412E-01 9.94E-01
1.334E-02 8.535E-01 9.014E-01 9.95E-01
1.259E-02 8.500E-01 9.045E-01 9.95E-01
1.189E-02 8.360E-01 9.160E-01 9.96E-01
1.122E-02 8.219E-01 8.771E-01 9.96E-01
1.059E-02 8.704E-01 7.576E-01 9.97E-01
1.000E-02 8.508E-01 8.686E-01 9.97E-01
9.441E-03 8.333E-01 9.027E-01 9.97E-01
8.913E-03 8.145E-01 9.182E-01 9.98E-01
8.414E-03 7.934E-01 9.246E-01 9.98E-01
7.943E-03 7.701E-01 9.217E-01 9.98E-01
7.499E-03 7.448E-01 8.951E-01 9.98E-01
7.079E-03 7.437E-01 8.925E-01 9.99E-01
6.683E-03 7.154E-01 8.964E-01 9.99E-01
6.310E-03 6.852E-01 8.892E-01 9.99E-01
5.957E-03 6.536E-01 8.745E-01 9.99E-01
5.623E-03 6.197E-01 8.535E-01 9.99E-01
5.309E-03 5.851E-01 8.262E-01 9.99E-01
5.012E-03 5.501E-01 7.943E-01 9.99E-01
4.732E-03 5.147E-01 7.588E-01 9.99E-01
4.467E-03 4.791E-01 7.201E-01 9.99E-01
4.217E-03 4.439E-01 6.785E-01 1.00E+00
3.981E-03 4.093E-01 6.355E-01 1.00E+00
3.758E-03 3.756E-01 5.910E-01 1.00E+00
3.548E-03 3.430E-01 5.453E-01 1.00E+00
3.350E-03 3.117E-01 4.997E-01 1.00E+00
3.162E-03 2.822E-01 4.541E-01 1.00E+00
2.985E-03 2.549E-01 4.104E-01 1.00E+00
2.818E-03 2.282E-01 3.643E-01 1.00E+00
2.661E-03 2.027E-01 3.179E-01 1.00E+00
2.512E-03 1.802E-01 2.642E-01 1.00E+00
2.371E-03 1.597E-01 1.599E-01 1.00E+00
2.239E-03 3.340E-01 2.001E-01 1.00E+00
2.113E-03 3.050E-01 2.089E-01 1.00E+00
1.995E-03 2.761E-01 2.042E-01 1.00E+00
1.884E-03 2.483E-01 1.872E-01 1.00E+00
1.778E-03 2.219E-01 1.634E-01 1.00E+00
1.679E-03 1.971E-01 1.036E-01 1.00E+00
1.585E-03 2.944E-01 1.498E-01 1.00E+00
1.496E-03 2.635E-01 1.430E-01 1.00E+00
1.413E-03 2.570E-01 1.466E-01 1.00E+00
1.334E-03 2.296E-01 1.412E-01 1.00E+00
1.259E-03 2.041E-01 1.323E-01 1.00E+00
1.189E-03 1.807E-01 1.226E-01 1.00E+00
1.122E-03 1.586E-01 1.124E-01 1.00E+00
1.059E-03 1.386E-01 1.019E-01 1.00E+00
