w(micron)  Q_abs     Q_sca     g=<cos>
1.000E+03 7.759E-06 2.525E-14 0.00E+00
9.441E+02 8.707E-06 3.179E-14 0.00E+00
8.913E+02 9.770E-06 4.002E-14 0.00E+00
8.414E+02 1.096E-05 5.038E-14 0.00E+00
7.943E+02 1.230E-05 6.342E-14 0.00E+00
7.499E+02 1.381E-05 7.984E-14 0.00E+00
7.079E+02 1.549E-05 1.005E-13 0.00E+00
6.683E+02 1.738E-05 1.266E-13 0.00E+00
6.310E+02 1.951E-05 1.593E-13 0.00E+00
5.957E+02 2.189E-05 2.006E-13 0.00E+00
5.623E+02 2.456E-05 2.525E-13 0.00E+00
5.309E+02 2.757E-05 3.179E-13 0.00E+00
5.012E+02 3.094E-05 4.003E-13 0.00E+00
4.732E+02 3.472E-05 5.040E-13 0.00E+00
4.467E+02 3.897E-05 6.345E-13 0.00E+00
4.217E+02 4.374E-05 7.989E-13 0.00E+00
3.981E+02 4.910E-05 1.006E-12 0.00E+00
3.758E+02 5.511E-05 1.266E-12 0.00E+00
3.548E+02 6.186E-05 1.594E-12 0.00E+00
3.350E+02 6.943E-05 2.007E-12 5.59E-07
3.162E+02 7.793E-05 2.527E-12 6.27E-07
2.985E+02 8.749E-05 3.182E-12 7.04E-07
2.818E+02 9.826E-05 4.006E-12 7.89E-07
2.661E+02 1.104E-04 5.044E-12 8.85E-07
2.512E+02 1.240E-04 6.351E-12 9.92E-07
2.371E+02 1.392E-04 7.997E-12 1.11E-06
2.239E+02 1.564E-04 1.007E-11 1.25E-06
2.113E+02 1.756E-04 1.268E-11 1.40E-06
1.995E+02 1.973E-04 1.597E-11 1.56E-06
1.884E+02 2.218E-04 2.011E-11 1.75E-06
1.778E+02 2.493E-04 2.532E-11 1.96E-06
1.679E+02 2.802E-04 3.188E-11 2.20E-06
1.585E+02 3.152E-04 4.015E-11 2.46E-06
1.496E+02 3.545E-04 5.057E-11 2.75E-06
1.413E+02 3.988E-04 6.369E-11 3.08E-06
1.334E+02 4.488E-04 8.021E-11 3.44E-06
1.259E+02 5.052E-04 1.010E-10 3.85E-06
1.189E+02 5.692E-04 1.272E-10 4.30E-06
1.122E+02 6.412E-04 1.603E-10 4.80E-06
1.059E+02 7.225E-04 2.019E-10 5.35E-06
1.000E+02 8.150E-04 2.543E-10 5.96E-06
9.441E+01 9.195E-04 3.203E-10 6.63E-06
8.913E+01 1.038E-03 4.035E-10 7.38E-06
8.414E+01 1.171E-03 5.083E-10 8.19E-06
7.943E+01 1.323E-03 6.402E-10 9.09E-06
7.499E+01 1.496E-03 8.063E-10 1.01E-05
7.079E+01 1.692E-03 1.015E-09 1.11E-05
6.683E+01 1.913E-03 1.279E-09 1.23E-05
6.310E+01 2.165E-03 1.609E-09 1.35E-05
5.957E+01 2.449E-03 2.025E-09 1.48E-05
5.623E+01 2.771E-03 2.547E-09 1.62E-05
5.309E+01 3.132E-03 3.202E-09 1.77E-05
5.012E+01 3.540E-03 4.024E-09 1.93E-05
4.732E+01 3.998E-03 5.053E-09 2.10E-05
4.467E+01 4.512E-03 6.342E-09 2.28E-05
4.217E+01 5.088E-03 7.953E-09 2.47E-05
3.981E+01 5.728E-03 9.952E-09 2.67E-05
3.758E+01 6.436E-03 1.245E-08 2.88E-05
3.548E+01 7.194E-03 1.561E-08 3.12E-05
3.350E+01 8.055E-03 1.956E-08 3.38E-05
3.162E+01 9.070E-03 2.451E-08 3.64E-05
2.985E+01 1.024E-02 3.067E-08 3.90E-05
2.818E+01 1.156E-02 3.824E-08 4.18E-05
2.661E+01 1.307E-02 4.768E-08 4.47E-05
2.512E+01 1.481E-02 5.951E-08 4.78E-05
2.371E+01 1.676E-02 7.357E-08 5.10E-05
2.239E+01 1.904E-02 9.100E-08 5.43E-05
2.113E+01 2.166E-02 1.110E-07 5.78E-05
1.995E+01 2.482E-02 1.340E-07 6.13E-05
1.884E+01 2.765E-02 1.499E-07 6.60E-05
1.778E+01 2.782E-02 1.538E-07 7.44E-05
1.679E+01 2.535E-02 1.549E-07 8.65E-05
1.585E+01 2.168E-02 1.677E-07 1.02E-04
1.496E+01 1.838E-02 2.074E-07 1.22E-04
1.413E+01 1.653E-02 2.979E-07 1.48E-04
1.334E+01 1.972E-02 4.609E-07 1.74E-04
1.259E+01 2.601E-02 6.664E-07 1.88E-04
1.189E+01 3.458E-02 9.221E-07 1.92E-04
1.122E+01 4.498E-02 1.226E-06 1.90E-04
1.059E+01 5.946E-02 1.627E-06 1.85E-04
1.000E+01 7.243E-02 1.829E-06 1.89E-04
9.441E+00 8.126E-02 1.865E-06 2.02E-04
8.913E+00 6.069E-02 1.004E-06 2.38E-04
8.414E+00 3.924E-02 4.920E-07 2.82E-04
7.943E+00 1.821E-02 2.183E-07 3.34E-04
7.499E+00 8.066E-03 4.637E-07 3.99E-04
7.079E+00 6.337E-03 9.530E-07 4.69E-04
6.683E+00 6.268E-03 1.523E-06 5.41E-04
6.310E+00 6.224E-03 2.209E-06 6.18E-04
5.957E+00 6.081E-03 3.067E-06 7.03E-04
5.623E+00 5.982E-03 4.160E-06 7.99E-04
5.309E+00 5.974E-03 5.553E-06 9.05E-04
5.012E+00 6.052E-03 7.331E-06 1.02E-03
4.732E+00 6.204E-03 9.577E-06 1.16E-03
4.467E+00 6.403E-03 1.243E-05 1.30E-03
4.217E+00 6.646E-03 1.603E-05 1.47E-03
3.981E+00 6.890E-03 2.058E-05 1.65E-03
3.758E+00 7.136E-03 2.633E-05 1.86E-03
3.548E+00 7.398E-03 3.360E-05 2.09E-03
3.350E+00 7.667E-03 4.276E-05 2.36E-03
3.162E+00 7.913E-03 5.432E-05 2.65E-03
2.985E+00 8.189E-03 6.895E-05 2.97E-03
2.818E+00 8.497E-03 8.744E-05 3.34E-03
2.661E+00 8.828E-03 1.108E-04 3.75E-03
2.512E+00 9.187E-03 1.402E-04 4.21E-03
2.371E+00 9.584E-03 1.773E-04 4.73E-03
2.239E+00 1.000E-02 2.242E-04 5.31E-03
2.113E+00 1.045E-02 2.830E-04 5.96E-03
1.995E+00 1.094E-02 3.573E-04 6.69E-03
1.884E+00 1.146E-02 4.511E-04 7.51E-03
1.778E+00 1.203E-02 5.691E-04 8.42E-03
1.679E+00 1.266E-02 7.178E-04 9.45E-03
1.585E+00 1.335E-02 9.055E-04 1.06E-02
1.496E+00 1.408E-02 1.142E-03 1.19E-02
1.413E+00 1.486E-02 1.440E-03 1.33E-02
1.334E+00 1.570E-02 1.816E-03 1.50E-02
1.259E+00 1.660E-02 2.290E-03 1.68E-02
1.189E+00 1.762E-02 2.887E-03 1.88E-02
1.122E+00 1.872E-02 3.641E-03 2.11E-02
1.059E+00 1.992E-02 4.593E-03 2.36E-02
1.000E+00 2.121E-02 5.794E-03 2.65E-02
9.441E-01 2.263E-02 7.309E-03 2.97E-02
8.913E-01 2.416E-02 9.223E-03 3.33E-02
8.414E-01 2.581E-02 1.165E-02 3.73E-02
7.943E-01 2.762E-02 1.471E-02 4.18E-02
7.499E-01 2.959E-02 1.858E-02 4.69E-02
7.079E-01 3.175E-02 2.348E-02 5.25E-02
6.683E-01 3.411E-02 2.969E-02 5.89E-02
6.310E-01 3.674E-02 3.754E-02 6.61E-02
5.957E-01 3.964E-02 4.749E-02 7.41E-02
5.623E-01 4.286E-02 6.009E-02 8.32E-02
5.309E-01 4.643E-02 7.604E-02 9.34E-02
5.012E-01 5.040E-02 9.620E-02 1.05E-01
4.732E-01 5.480E-02 1.217E-01 1.18E-01
4.467E-01 5.968E-02 1.538E-01 1.33E-01
4.217E-01 6.516E-02 1.940E-01 1.50E-01
3.981E-01 7.124E-02 2.441E-01 1.70E-01
3.758E-01 7.794E-02 3.061E-01 1.93E-01
3.548E-01 8.551E-02 3.822E-01 2.21E-01
3.350E-01 9.411E-02 4.748E-01 2.53E-01
3.162E-01 1.041E-01 5.867E-01 2.92E-01
2.985E-01 1.163E-01 7.214E-01 3.39E-01
2.818E-01 1.319E-01 8.860E-01 3.95E-01
2.661E-01 1.531E-01 1.098E+00 4.60E-01
2.512E-01 1.828E-01 1.396E+00 5.25E-01
2.371E-01 2.220E-01 1.842E+00 5.72E-01
2.239E-01 2.596E-01 2.463E+00 5.77E-01
2.113E-01 3.091E-01 2.963E+00 5.41E-01
1.995E-01 3.850E-01 3.015E+00 5.11E-01
1.884E-01 5.772E-01 2.934E+00 5.28E-01
1.778E-01 1.044E+00 2.973E+00 6.04E-01
1.679E-01 1.422E+00 2.669E+00 6.56E-01
1.585E-01 1.526E+00 1.975E+00 6.48E-01
1.496E-01 1.583E+00 1.534E+00 6.74E-01
1.413E-01 1.571E+00 1.406E+00 7.07E-01
1.334E-01 1.555E+00 1.360E+00 7.29E-01
1.259E-01 1.529E+00 1.331E+00 7.44E-01
1.189E-01 1.493E+00 1.311E+00 7.52E-01
1.122E-01 1.459E+00 1.299E+00 7.58E-01
1.059E-01 1.427E+00 1.300E+00 7.63E-01
1.000E-01 1.395E+00 1.300E+00 7.69E-01
9.441E-02 1.364E+00 1.291E+00 7.77E-01
8.913E-02 1.334E+00 1.254E+00 7.90E-01
8.414E-02 1.312E+00 1.267E+00 7.95E-01
7.943E-02 1.271E+00 1.288E+00 7.94E-01
7.499E-02 1.215E+00 1.306E+00 7.92E-01
7.079E-02 1.151E+00 1.312E+00 7.93E-01
6.683E-02 1.070E+00 1.322E+00 7.92E-01
6.310E-02 9.640E-01 1.320E+00 7.94E-01
5.957E-02 8.840E-01 1.234E+00 8.25E-01
5.623E-02 9.271E-01 1.069E+00 8.72E-01
5.309E-02 9.427E-01 1.004E+00 8.92E-01
5.012E-02 9.488E-01 9.628E-01 9.05E-01
4.732E-02 9.493E-01 9.363E-01 9.16E-01
4.467E-02 9.464E-01 9.184E-01 9.24E-01
4.217E-02 9.412E-01 9.060E-01 9.31E-01
3.981E-02 9.346E-01 8.970E-01 9.38E-01
3.758E-02 9.269E-01 8.904E-01 9.44E-01
3.548E-02 9.184E-01 8.854E-01 9.49E-01
3.350E-02 9.094E-01 8.815E-01 9.54E-01
3.162E-02 9.000E-01 8.781E-01 9.58E-01
2.985E-02 8.902E-01 8.749E-01 9.62E-01
2.818E-02 8.800E-01 8.715E-01 9.66E-01
2.661E-02 8.696E-01 8.669E-01 9.70E-01
2.512E-02 8.588E-01 8.596E-01 9.73E-01
2.371E-02 8.479E-01 8.458E-01 9.76E-01
2.239E-02 8.452E-01 8.267E-01 9.79E-01
2.113E-02 8.362E-01 8.162E-01 9.81E-01
1.995E-02 8.284E-01 7.898E-01 9.84E-01
1.884E-02 8.417E-01 7.644E-01 9.85E-01
1.778E-02 8.272E-01 7.831E-01 9.87E-01
1.679E-02 8.152E-01 7.803E-01 9.88E-01
1.585E-02 8.034E-01 7.706E-01 9.89E-01
1.496E-02 7.908E-01 7.575E-01 9.91E-01
1.413E-02 7.770E-01 7.367E-01 9.92E-01
1.334E-02 7.769E-01 6.947E-01 9.93E-01
1.259E-02 7.714E-01 6.942E-01 9.93E-01
1.189E-02 7.522E-01 6.942E-01 9.94E-01
1.122E-02 7.324E-01 6.469E-01 9.95E-01
1.059E-02 7.936E-01 5.639E-01 9.95E-01
1.000E-02 7.693E-01 6.559E-01 9.96E-01
9.441E-03 7.462E-01 6.760E-01 9.96E-01
8.913E-03 7.216E-01 6.775E-01 9.96E-01
8.414E-03 6.951E-01 6.700E-01 9.97E-01
7.943E-03 6.668E-01 6.542E-01 9.97E-01
7.499E-03 6.373E-01 6.197E-01 9.98E-01
7.079E-03 6.358E-01 6.167E-01 9.98E-01
6.683E-03 6.043E-01 6.081E-01 9.98E-01
6.310E-03 5.718E-01 5.914E-01 9.98E-01
5.957E-03 5.391E-01 5.701E-01 9.98E-01
5.623E-03 5.052E-01 5.452E-01 9.99E-01
5.309E-03 4.716E-01 5.175E-01 9.99E-01
5.012E-03 4.387E-01 4.882E-01 9.99E-01
4.732E-03 4.062E-01 4.581E-01 9.99E-01
4.467E-03 3.744E-01 4.274E-01 9.99E-01
4.217E-03 3.438E-01 3.962E-01 9.99E-01
3.981E-03 3.143E-01 3.656E-01 9.99E-01
3.758E-03 2.861E-01 3.353E-01 9.99E-01
3.548E-03 2.593E-01 3.054E-01 9.99E-01
3.350E-03 2.340E-01 2.765E-01 1.00E+00
3.162E-03 2.105E-01 2.485E-01 1.00E+00
2.985E-03 1.890E-01 2.224E-01 1.00E+00
2.818E-03 1.683E-01 1.955E-01 1.00E+00
2.661E-03 1.488E-01 1.690E-01 1.00E+00
2.512E-03 1.317E-01 1.393E-01 1.00E+00
2.371E-03 1.163E-01 8.340E-02 1.00E+00
2.239E-03 2.519E-01 1.088E-01 1.00E+00
2.113E-03 2.286E-01 1.129E-01 1.00E+00
1.995E-03 2.057E-01 1.095E-01 1.00E+00
1.884E-03 1.839E-01 9.968E-02 1.00E+00
1.778E-03 1.635E-01 8.634E-02 1.00E+00
1.679E-03 1.445E-01 5.423E-02 1.00E+00
1.585E-03 2.201E-01 8.038E-02 1.00E+00
1.496E-03 1.957E-01 7.616E-02 1.00E+00
1.413E-03 1.907E-01 7.796E-02 1.00E+00
1.334E-03 1.694E-01 7.462E-02 1.00E+00
1.259E-03 1.499E-01 6.949E-02 1.00E+00
1.189E-03 1.321E-01 6.408E-02 1.00E+00
1.122E-03 1.154E-01 5.843E-02 1.00E+00
1.059E-03 1.005E-01 5.274E-02 1.00E+00
