w(micron)  Q_abs     Q_sca     g=<cos>
1.000E+03 8.750E-04 4.007E-06 7.94E-04
9.441E+02 9.824E-04 5.045E-06 8.91E-04
8.913E+02 1.103E-03 6.353E-06 1.00E-03
8.414E+02 1.239E-03 7.999E-06 1.12E-03
7.943E+02 1.391E-03 1.007E-05 1.26E-03
7.499E+02 1.563E-03 1.268E-05 1.41E-03
7.079E+02 1.756E-03 1.597E-05 1.58E-03
6.683E+02 1.972E-03 2.012E-05 1.78E-03
6.310E+02 2.216E-03 2.534E-05 1.99E-03
5.957E+02 2.491E-03 3.191E-05 2.24E-03
5.623E+02 2.800E-03 4.019E-05 2.51E-03
5.309E+02 3.148E-03 5.063E-05 2.82E-03
5.012E+02 3.541E-03 6.378E-05 3.16E-03
4.732E+02 3.983E-03 8.035E-05 3.55E-03
4.467E+02 4.483E-03 1.012E-04 3.98E-03
4.217E+02 5.047E-03 1.276E-04 4.47E-03
3.981E+02 5.685E-03 1.608E-04 5.01E-03
3.758E+02 6.405E-03 2.026E-04 5.62E-03
3.548E+02 7.221E-03 2.553E-04 6.31E-03
3.350E+02 8.143E-03 3.219E-04 7.08E-03
3.162E+02 9.190E-03 4.059E-04 7.95E-03
2.985E+02 1.038E-02 5.119E-04 8.92E-03
2.818E+02 1.174E-02 6.457E-04 1.00E-02
2.661E+02 1.328E-02 8.146E-04 1.12E-02
2.512E+02 1.504E-02 1.028E-03 1.26E-02
2.371E+02 1.706E-02 1.298E-03 1.41E-02
2.239E+02 1.936E-02 1.639E-03 1.59E-02
2.113E+02 2.201E-02 2.070E-03 1.78E-02
1.995E+02 2.506E-02 2.617E-03 2.00E-02
1.884E+02 2.859E-02 3.309E-03 2.24E-02
1.778E+02 3.268E-02 4.186E-03 2.52E-02
1.679E+02 3.743E-02 5.298E-03 2.82E-02
1.585E+02 4.298E-02 6.711E-03 3.17E-02
1.496E+02 4.949E-02 8.506E-03 3.55E-02
1.413E+02 5.715E-02 1.079E-02 3.99E-02
1.334E+02 6.621E-02 1.370E-02 4.47E-02
1.259E+02 7.700E-02 1.742E-02 5.02E-02
1.189E+02 8.993E-02 2.216E-02 5.62E-02
1.122E+02 1.055E-01 2.823E-02 6.31E-02
1.059E+02 1.243E-01 3.602E-02 7.07E-02
1.000E+02 1.473E-01 4.600E-02 7.91E-02
9.441E+01 1.755E-01 5.887E-02 8.85E-02
8.913E+01 2.103E-01 7.544E-02 9.89E-02
8.414E+01 2.536E-01 9.687E-02 1.10E-01
7.943E+01 3.077E-01 1.245E-01 1.23E-01
7.499E+01 3.754E-01 1.603E-01 1.36E-01
7.079E+01 4.601E-01 2.066E-01 1.49E-01
6.683E+01 5.653E-01 2.663E-01 1.63E-01
6.310E+01 6.937E-01 3.427E-01 1.76E-01
5.957E+01 8.464E-01 4.395E-01 1.87E-01
5.623E+01 1.020E+00 5.596E-01 1.96E-01
5.309E+01 1.207E+00 7.046E-01 2.02E-01
5.012E+01 1.390E+00 8.714E-01 2.04E-01
4.732E+01 1.552E+00 1.052E+00 2.05E-01
4.467E+01 1.678E+00 1.232E+00 2.06E-01
4.217E+01 1.757E+00 1.392E+00 2.10E-01
3.981E+01 1.791E+00 1.514E+00 2.19E-01
3.758E+01 1.786E+00 1.591E+00 2.32E-01
3.548E+01 1.754E+00 1.625E+00 2.50E-01
3.350E+01 1.709E+00 1.617E+00 2.74E-01
3.162E+01 1.663E+00 1.578E+00 3.05E-01
2.985E+01 1.629E+00 1.528E+00 3.42E-01
2.818E+01 1.612E+00 1.480E+00 3.87E-01
2.661E+01 1.611E+00 1.443E+00 4.36E-01
2.512E+01 1.621E+00 1.421E+00 4.85E-01
2.371E+01 1.632E+00 1.410E+00 5.29E-01
2.239E+01 1.633E+00 1.404E+00 5.65E-01
2.113E+01 1.621E+00 1.389E+00 5.93E-01
1.995E+01 1.599E+00 1.360E+00 6.17E-01
1.884E+01 1.579E+00 1.297E+00 6.44E-01
1.778E+01 1.559E+00 1.235E+00 6.77E-01
1.679E+01 1.540E+00 1.219E+00 7.08E-01
1.585E+01 1.531E+00 1.280E+00 7.33E-01
1.496E+01 1.540E+00 1.385E+00 7.46E-01
1.413E+01 1.564E+00 1.402E+00 7.48E-01
1.334E+01 1.510E+00 1.328E+00 7.42E-01
1.259E+01 1.451E+00 1.335E+00 7.43E-01
1.189E+01 1.413E+00 1.350E+00 7.48E-01
1.122E+01 1.387E+00 1.354E+00 7.56E-01
1.059E+01 1.358E+00 1.349E+00 7.64E-01
1.000E+01 1.335E+00 1.289E+00 7.83E-01
9.441E+00 1.287E+00 1.207E+00 8.02E-01
8.913E+00 1.225E+00 9.892E-01 8.46E-01
8.414E+00 1.187E+00 7.975E-01 8.85E-01
7.943E+00 1.069E+00 7.313E-01 9.12E-01
7.499E+00 9.018E-01 1.906E+00 8.97E-01
7.079E+00 8.995E-01 2.458E+00 8.63E-01
6.683E+00 9.817E-01 2.135E+00 8.22E-01
6.310E+00 9.739E-01 1.651E+00 7.66E-01
5.957E+00 1.022E+00 1.341E+00 7.23E-01
5.623E+00 1.013E+00 1.138E+00 6.98E-01
5.309E+00 9.928E-01 1.241E+00 7.51E-01
5.012E+00 1.017E+00 1.425E+00 8.12E-01
4.732E+00 1.005E+00 1.614E+00 8.56E-01
4.467E+00 9.891E-01 1.729E+00 8.72E-01
4.217E+00 1.002E+00 1.670E+00 8.78E-01
3.981E+00 9.890E-01 1.487E+00 8.66E-01
3.758E+00 9.833E-01 1.301E+00 8.52E-01
3.548E+00 9.825E-01 1.227E+00 8.44E-01
3.350E+00 9.822E-01 1.293E+00 8.51E-01
3.162E+00 9.856E-01 1.420E+00 8.68E-01
2.985E+00 9.940E-01 1.482E+00 8.81E-01
2.818E+00 1.001E+00 1.410E+00 8.84E-01
2.661E+00 1.001E+00 1.277E+00 8.80E-01
2.512E+00 9.942E-01 1.223E+00 8.82E-01
2.371E+00 9.918E-01 1.287E+00 8.94E-01
2.239E+00 9.983E-01 1.363E+00 9.04E-01
2.113E+00 9.908E-01 1.319E+00 9.03E-01
1.995E+00 9.978E-01 1.221E+00 8.99E-01
1.884E+00 9.942E-01 1.227E+00 9.02E-01
1.778E+00 9.946E-01 1.291E+00 9.12E-01
1.679E+00 9.977E-01 1.253E+00 9.14E-01
1.585E+00 9.978E-01 1.194E+00 9.13E-01
1.496E+00 9.964E-01 1.234E+00 9.18E-01
1.413E+00 9.945E-01 1.233E+00 9.20E-01
1.334E+00 9.942E-01 1.184E+00 9.19E-01
1.259E+00 9.933E-01 1.215E+00 9.24E-01
1.189E+00 9.912E-01 1.196E+00 9.24E-01
1.122E+00 9.889E-01 1.184E+00 9.25E-01
1.059E+00 9.868E-01 1.196E+00 9.28E-01
1.000E+00 9.843E-01 1.174E+00 9.28E-01
9.441E-01 9.816E-01 1.187E+00 9.29E-01
8.913E-01 9.786E-01 1.171E+00 9.29E-01
8.414E-01 9.755E-01 1.177E+00 9.31E-01
7.943E-01 9.721E-01 1.171E+00 9.31E-01
7.499E-01 9.688E-01 1.167E+00 9.31E-01
7.079E-01 9.654E-01 1.171E+00 9.32E-01
6.683E-01 9.620E-01 1.166E+00 9.32E-01
6.310E-01 9.586E-01 1.163E+00 9.32E-01
5.957E-01 9.552E-01 1.163E+00 9.32E-01
5.623E-01 9.519E-01 1.163E+00 9.32E-01
5.309E-01 9.486E-01 1.162E+00 9.32E-01
5.012E-01 9.454E-01 1.161E+00 9.32E-01
4.732E-01 9.423E-01 1.160E+00 9.32E-01
4.467E-01 9.392E-01 1.159E+00 9.32E-01
4.217E-01 9.361E-01 1.158E+00 9.32E-01
3.981E-01 9.331E-01 1.158E+00 9.31E-01
3.758E-01 9.302E-01 1.158E+00 9.31E-01
3.548E-01 9.272E-01 1.157E+00 9.30E-01
3.350E-01 9.242E-01 1.157E+00 9.30E-01
3.162E-01 9.211E-01 1.157E+00 9.29E-01
2.985E-01 9.180E-01 1.157E+00 9.28E-01
2.818E-01 9.147E-01 1.158E+00 9.27E-01
2.661E-01 9.112E-01 1.159E+00 9.26E-01
2.512E-01 9.074E-01 1.160E+00 9.24E-01
2.371E-01 9.032E-01 1.162E+00 9.22E-01
2.239E-01 8.981E-01 1.164E+00 9.19E-01
2.113E-01 8.917E-01 1.168E+00 9.15E-01
1.995E-01 8.846E-01 1.173E+00 9.10E-01
1.884E-01 8.764E-01 1.179E+00 9.05E-01
1.778E-01 8.671E-01 1.187E+00 8.98E-01
1.679E-01 8.561E-01 1.196E+00 8.90E-01
1.585E-01 8.435E-01 1.207E+00 8.80E-01
1.496E-01 8.324E-01 1.217E+00 8.73E-01
1.413E-01 8.301E-01 1.217E+00 8.73E-01
1.334E-01 8.300E-01 1.216E+00 8.74E-01
1.259E-01 8.271E-01 1.217E+00 8.74E-01
1.189E-01 8.223E-01 1.220E+00 8.71E-01
1.122E-01 8.152E-01 1.226E+00 8.68E-01
1.059E-01 8.043E-01 1.236E+00 8.61E-01
1.000E-01 7.931E-01 1.245E+00 8.56E-01
9.441E-02 7.878E-01 1.249E+00 8.56E-01
8.913E-02 7.938E-01 1.241E+00 8.64E-01
8.414E-02 7.901E-01 1.243E+00 8.62E-01
7.943E-02 7.740E-01 1.258E+00 8.53E-01
7.499E-02 7.552E-01 1.275E+00 8.45E-01
7.079E-02 7.409E-01 1.288E+00 8.41E-01
6.683E-02 7.231E-01 1.304E+00 8.35E-01
6.310E-02 7.061E-01 1.319E+00 8.34E-01
5.957E-02 7.328E-01 1.290E+00 8.64E-01
5.623E-02 8.096E-01 1.212E+00 9.14E-01
5.309E-02 8.393E-01 1.181E+00 9.32E-01
5.012E-02 8.583E-01 1.161E+00 9.43E-01
4.732E-02 8.713E-01 1.147E+00 9.51E-01
4.467E-02 8.811E-01 1.136E+00 9.56E-01
4.217E-02 8.887E-01 1.128E+00 9.61E-01
3.981E-02 8.951E-01 1.120E+00 9.65E-01
3.758E-02 8.985E-01 1.102E+00 9.68E-01
3.548E-02 9.036E-01 1.096E+00 9.71E-01
3.350E-02 9.084E-01 1.092E+00 9.74E-01
3.162E-02 9.130E-01 1.087E+00 9.77E-01
2.985E-02 9.174E-01 1.083E+00 9.79E-01
2.818E-02 9.218E-01 1.078E+00 9.81E-01
2.661E-02 9.263E-01 1.074E+00 9.83E-01
2.512E-02 9.309E-01 1.069E+00 9.86E-01
2.371E-02 9.360E-01 1.064E+00 9.88E-01
2.239E-02 9.413E-01 1.059E+00 9.89E-01
2.113E-02 9.453E-01 1.055E+00 9.91E-01
1.995E-02 9.503E-01 1.050E+00 9.92E-01
1.884E-02 9.552E-01 1.045E+00 9.93E-01
1.778E-02 9.559E-01 1.044E+00 9.94E-01
1.679E-02 9.583E-01 1.042E+00 9.94E-01
1.585E-02 9.610E-01 1.039E+00 9.95E-01
1.496E-02 9.637E-01 1.036E+00 9.96E-01
1.413E-02 9.666E-01 1.033E+00 9.96E-01
1.334E-02 9.705E-01 1.030E+00 9.97E-01
1.259E-02 9.720E-01 1.028E+00 9.97E-01
1.189E-02 9.733E-01 1.027E+00 9.98E-01
1.122E-02 9.763E-01 1.024E+00 9.98E-01
1.059E-02 9.817E-01 1.018E+00 9.99E-01
1.000E-02 9.790E-01 1.021E+00 9.98E-01
9.441E-03 9.791E-01 1.021E+00 9.99E-01
8.913E-03 9.800E-01 1.020E+00 9.99E-01
8.414E-03 9.810E-01 1.019E+00 9.99E-01
7.943E-03 9.822E-01 1.018E+00 9.99E-01
7.499E-03 9.838E-01 1.016E+00 9.99E-01
7.079E-03 9.848E-01 1.015E+00 9.99E-01
6.683E-03 9.856E-01 1.014E+00 9.99E-01
6.310E-03 9.866E-01 1.013E+00 9.99E-01
5.957E-03 9.876E-01 1.012E+00 1.00E+00
5.623E-03 9.885E-01 1.012E+00 1.00E+00
5.309E-03 9.892E-01 1.011E+00 1.00E+00
5.012E-03 9.898E-01 1.010E+00 1.00E+00
4.732E-03 9.902E-01 1.010E+00 1.00E+00
4.467E-03 9.905E-01 1.009E+00 1.00E+00
4.217E-03 9.907E-01 1.009E+00 1.00E+00
3.981E-03 9.908E-01 1.009E+00 1.00E+00
3.758E-03 9.909E-01 1.009E+00 1.00E+00
3.548E-03 9.909E-01 1.009E+00 1.00E+00
3.350E-03 9.910E-01 1.009E+00 1.00E+00
3.162E-03 9.911E-01 1.009E+00 1.00E+00
2.985E-03 9.914E-01 1.009E+00 1.00E+00
2.818E-03 9.920E-01 1.008E+00 1.00E+00
2.661E-03 9.928E-01 1.007E+00 1.00E+00
2.512E-03 9.932E-01 1.007E+00 1.00E+00
2.371E-03 9.937E-01 1.006E+00 1.00E+00
2.239E-03 9.984E-01 1.002E+00 1.00E+00
2.113E-03 9.981E-01 1.002E+00 1.00E+00
1.995E-03 9.978E-01 1.002E+00 1.00E+00
1.884E-03 9.976E-01 1.002E+00 1.00E+00
1.778E-03 9.972E-01 1.003E+00 1.00E+00
1.679E-03 9.968E-01 1.003E+00 1.00E+00
1.585E-03 9.988E-01 1.001E+00 1.00E+00
1.496E-03 9.984E-01 1.002E+00 1.00E+00
1.413E-03 9.983E-01 1.002E+00 1.00E+00
1.334E-03 9.978E-01 1.002E+00 1.00E+00
1.259E-03 9.972E-01 1.003E+00 1.00E+00
1.189E-03 9.963E-01 1.004E+00 1.00E+00
1.122E-03 9.951E-01 1.005E+00 1.00E+00
1.059E-03 9.935E-01 1.006E+00 1.00E+00
