w(micron)  Q_abs     Q_sca     g=<cos>
1.000E+03 8.706E-07 4.002E-18 0.00E+00
9.441E+02 9.769E-07 5.038E-18 0.00E+00
8.913E+02 1.096E-06 6.342E-18 0.00E+00
8.414E+02 1.230E-06 7.984E-18 0.00E+00
7.943E+02 1.380E-06 1.005E-17 0.00E+00
7.499E+02 1.549E-06 1.265E-17 0.00E+00
7.079E+02 1.738E-06 1.593E-17 0.00E+00
6.683E+02 1.950E-06 2.006E-17 0.00E+00
6.310E+02 2.189E-06 2.525E-17 0.00E+00
5.957E+02 2.456E-06 3.179E-17 0.00E+00
5.623E+02 2.756E-06 4.002E-17 0.00E+00
5.309E+02 3.093E-06 5.039E-17 0.00E+00
5.012E+02 3.471E-06 6.344E-17 0.00E+00
4.732E+02 3.896E-06 7.988E-17 0.00E+00
4.467E+02 4.372E-06 1.006E-16 0.00E+00
4.217E+02 4.908E-06 1.266E-16 0.00E+00
3.981E+02 5.509E-06 1.594E-16 0.00E+00
3.758E+02 6.184E-06 2.007E-16 0.00E+00
3.548E+02 6.941E-06 2.527E-16 0.00E+00
3.350E+02 7.790E-06 3.181E-16 0.00E+00
3.162E+02 8.744E-06 4.005E-16 0.00E+00
2.985E+02 9.817E-06 5.043E-16 0.00E+00
2.818E+02 1.103E-05 6.350E-16 0.00E+00
2.661E+02 1.238E-05 7.995E-16 0.00E+00
2.512E+02 1.391E-05 1.007E-15 0.00E+00
2.371E+02 1.562E-05 1.267E-15 0.00E+00
2.239E+02 1.754E-05 1.596E-15 0.00E+00
2.113E+02 1.971E-05 2.009E-15 0.00E+00
1.995E+02 2.214E-05 2.530E-15 0.00E+00
1.884E+02 2.488E-05 3.186E-15 0.00E+00
1.778E+02 2.797E-05 4.013E-15 0.00E+00
1.679E+02 3.144E-05 5.053E-15 0.00E+00
1.585E+02 3.536E-05 6.364E-15 0.00E+00
1.496E+02 3.977E-05 8.014E-15 0.00E+00
1.413E+02 4.475E-05 1.009E-14 0.00E+00
1.334E+02 5.036E-05 1.271E-14 0.00E+00
1.259E+02 5.669E-05 1.601E-14 0.00E+00
1.189E+02 6.387E-05 2.016E-14 0.00E+00
1.122E+02 7.194E-05 2.540E-14 0.00E+00
1.059E+02 8.106E-05 3.200E-14 0.00E+00
1.000E+02 9.145E-05 4.030E-14 0.00E+00
9.441E+01 1.032E-04 5.077E-14 0.00E+00
8.913E+01 1.164E-04 6.395E-14 0.00E+00
8.414E+01 1.314E-04 8.056E-14 0.00E+00
7.943E+01 1.485E-04 1.015E-13 0.00E+00
7.499E+01 1.678E-04 1.278E-13 0.00E+00
7.079E+01 1.898E-04 1.609E-13 0.00E+00
6.683E+01 2.146E-04 2.026E-13 0.00E+00
6.310E+01 2.429E-04 2.550E-13 0.00E+00
5.957E+01 2.748E-04 3.209E-13 0.00E+00
5.623E+01 3.109E-04 4.036E-13 0.00E+00
5.309E+01 3.514E-04 5.075E-13 0.00E+00
5.012E+01 3.971E-04 6.377E-13 0.00E+00
4.732E+01 4.485E-04 8.007E-13 0.00E+00
4.467E+01 5.062E-04 1.005E-12 0.00E+00
4.217E+01 5.708E-04 1.260E-12 0.00E+00
3.981E+01 6.426E-04 1.577E-12 0.00E+00
3.758E+01 7.220E-04 1.973E-12 3.62E-07
3.548E+01 8.070E-04 2.473E-12 3.93E-07
3.350E+01 9.035E-04 3.100E-12 4.25E-07
3.162E+01 1.017E-03 3.885E-12 4.58E-07
2.985E+01 1.149E-03 4.861E-12 4.92E-07
2.818E+01 1.296E-03 6.060E-12 5.27E-07
2.661E+01 1.466E-03 7.556E-12 5.63E-07
2.512E+01 1.661E-03 9.431E-12 6.01E-07
2.371E+01 1.880E-03 1.166E-11 6.42E-07
2.239E+01 2.135E-03 1.442E-11 6.84E-07
2.113E+01 2.430E-03 1.759E-11 7.28E-07
1.995E+01 2.784E-03 2.123E-11 7.72E-07
1.884E+01 3.101E-03 2.375E-11 8.31E-07
1.778E+01 3.120E-03 2.438E-11 9.36E-07
1.679E+01 2.843E-03 2.455E-11 1.09E-06
1.585E+01 2.432E-03 2.658E-11 1.29E-06
1.496E+01 2.061E-03 3.287E-11 1.54E-06
1.413E+01 1.854E-03 4.720E-11 1.87E-06
1.334E+01 2.211E-03 7.303E-11 2.19E-06
1.259E+01 2.916E-03 1.056E-10 2.37E-06
1.189E+01 3.876E-03 1.461E-10 2.41E-06
1.122E+01 5.041E-03 1.942E-10 2.40E-06
1.059E+01 6.664E-03 2.577E-10 2.33E-06
1.000E+01 8.120E-03 2.898E-10 2.39E-06
9.441E+00 9.113E-03 2.955E-10 2.54E-06
8.913E+00 6.809E-03 1.592E-10 2.99E-06
8.414E+00 4.401E-03 7.802E-11 3.56E-06
7.943E+00 2.042E-03 3.461E-11 4.20E-06
7.499E+00 9.044E-04 7.351E-11 5.03E-06
7.079E+00 7.102E-04 1.510E-10 5.90E-06
6.683E+00 7.024E-04 2.414E-10 6.81E-06
6.310E+00 6.972E-04 3.501E-10 7.78E-06
5.957E+00 6.810E-04 4.859E-10 8.86E-06
5.623E+00 6.696E-04 6.591E-10 1.01E-05
5.309E+00 6.685E-04 8.796E-10 1.14E-05
5.012E+00 6.769E-04 1.161E-09 1.29E-05
4.732E+00 6.936E-04 1.517E-09 1.46E-05
4.467E+00 7.155E-04 1.968E-09 1.64E-05
4.217E+00 7.422E-04 2.538E-09 1.85E-05
3.981E+00 7.690E-04 3.257E-09 2.08E-05
3.758E+00 7.958E-04 4.167E-09 2.35E-05
3.548E+00 8.245E-04 5.317E-09 2.64E-05
3.350E+00 8.537E-04 6.765E-09 2.97E-05
3.162E+00 8.802E-04 8.591E-09 3.34E-05
2.985E+00 9.099E-04 1.090E-08 3.75E-05
2.818E+00 9.429E-04 1.382E-08 4.21E-05
2.661E+00 9.783E-04 1.751E-08 4.73E-05
2.512E+00 1.017E-03 2.215E-08 5.32E-05
2.371E+00 1.059E-03 2.799E-08 5.97E-05
2.239E+00 1.103E-03 3.537E-08 6.70E-05
2.113E+00 1.150E-03 4.464E-08 7.52E-05
1.995E+00 1.201E-03 5.632E-08 8.45E-05
1.884E+00 1.255E-03 7.104E-08 9.48E-05
1.778E+00 1.313E-03 8.956E-08 1.06E-04
1.679E+00 1.377E-03 1.129E-07 1.19E-04
1.585E+00 1.447E-03 1.423E-07 1.34E-04
1.496E+00 1.520E-03 1.792E-07 1.50E-04
1.413E+00 1.597E-03 2.257E-07 1.69E-04
1.334E+00 1.677E-03 2.843E-07 1.89E-04
1.259E+00 1.763E-03 3.580E-07 2.13E-04
1.189E+00 1.860E-03 4.507E-07 2.38E-04
1.122E+00 1.962E-03 5.675E-07 2.68E-04
1.059E+00 2.071E-03 7.144E-07 3.00E-04
1.000E+00 2.186E-03 8.994E-07 3.37E-04
9.441E-01 2.309E-03 1.132E-06 3.78E-04
8.913E-01 2.439E-03 1.425E-06 4.24E-04
8.414E-01 2.575E-03 1.795E-06 4.76E-04
7.943E-01 2.719E-03 2.261E-06 5.34E-04
7.499E-01 2.870E-03 2.849E-06 5.99E-04
7.079E-01 3.031E-03 3.589E-06 6.72E-04
6.683E-01 3.200E-03 4.523E-06 7.54E-04
6.310E-01 3.380E-03 5.703E-06 8.47E-04
5.957E-01 3.571E-03 7.194E-06 9.50E-04
5.623E-01 3.773E-03 9.079E-06 1.07E-03
5.309E-01 3.986E-03 1.146E-05 1.20E-03
5.012E-01 4.212E-03 1.449E-05 1.34E-03
4.732E-01 4.449E-03 1.832E-05 1.51E-03
4.467E-01 4.696E-03 2.320E-05 1.70E-03
4.217E-01 4.959E-03 2.940E-05 1.91E-03
3.981E-01 5.233E-03 3.730E-05 2.14E-03
3.758E-01 5.512E-03 4.738E-05 2.41E-03
3.548E-01 5.804E-03 6.029E-05 2.71E-03
3.350E-01 6.105E-03 7.687E-05 3.04E-03
3.162E-01 6.411E-03 9.831E-05 3.43E-03
2.985E-01 6.722E-03 1.260E-04 3.86E-03
2.818E-01 7.037E-03 1.620E-04 4.35E-03
2.661E-01 7.348E-03 2.093E-04 4.91E-03
2.512E-01 7.630E-03 2.719E-04 5.55E-03
2.371E-01 7.898E-03 3.555E-04 6.28E-03
2.239E-01 8.146E-03 4.705E-04 7.13E-03
2.113E-01 1.002E-02 6.332E-04 8.14E-03
1.995E-01 1.459E-02 8.586E-04 9.32E-03
1.884E-01 2.266E-02 1.174E-03 1.07E-02
1.778E-01 3.568E-02 1.622E-03 1.24E-02
1.679E-01 5.734E-02 2.265E-03 1.43E-02
1.585E-01 9.400E-02 3.187E-03 1.64E-02
1.496E-01 1.532E-01 4.393E-03 1.81E-02
1.413E-01 2.217E-01 5.602E-03 1.90E-02
1.334E-01 2.718E-01 6.998E-03 2.03E-02
1.259E-01 3.263E-01 8.955E-03 2.19E-02
1.189E-01 3.905E-01 1.165E-02 2.35E-02
1.122E-01 4.694E-01 1.542E-02 2.51E-02
1.059E-01 5.741E-01 2.101E-02 2.64E-02
1.000E-01 7.240E-01 2.829E-02 2.69E-02
9.441E-02 8.624E-01 3.583E-02 2.80E-02
8.913E-02 9.492E-01 4.012E-02 3.04E-02
8.414E-02 1.025E+00 5.105E-02 3.39E-02
7.943E-02 1.184E+00 6.813E-02 3.62E-02
7.499E-02 1.324E+00 8.645E-02 3.92E-02
7.079E-02 1.355E+00 9.901E-02 4.41E-02
6.683E-02 1.273E+00 1.052E-01 5.06E-02
6.310E-02 1.015E+00 9.370E-02 5.91E-02
5.957E-02 6.540E-01 5.792E-02 6.87E-02
5.623E-02 5.504E-01 3.804E-02 7.92E-02
5.309E-02 5.213E-01 3.452E-02 9.04E-02
5.012E-02 4.999E-01 3.321E-02 1.03E-01
4.732E-02 4.818E-01 3.300E-02 1.17E-01
4.467E-02 4.652E-01 3.331E-02 1.32E-01
4.217E-02 4.488E-01 3.383E-02 1.50E-01
3.981E-02 4.323E-01 3.440E-02 1.70E-01
3.758E-02 4.154E-01 3.487E-02 1.91E-01
3.548E-02 3.981E-01 3.519E-02 2.16E-01
3.350E-02 3.806E-01 3.531E-02 2.43E-01
3.162E-02 3.628E-01 3.515E-02 2.73E-01
2.985E-02 3.447E-01 3.469E-02 3.06E-01
2.818E-02 3.266E-01 3.393E-02 3.41E-01
2.661E-02 3.088E-01 3.287E-02 3.80E-01
2.512E-02 2.908E-01 3.142E-02 4.21E-01
2.371E-02 2.733E-01 2.948E-02 4.64E-01
2.239E-02 2.653E-01 2.822E-02 5.10E-01
2.113E-02 2.527E-01 2.692E-02 5.56E-01
1.995E-02 2.408E-01 2.489E-02 6.01E-01
1.884E-02 2.491E-01 2.489E-02 6.46E-01
1.778E-02 2.356E-01 2.491E-02 6.84E-01
1.679E-02 2.234E-01 2.401E-02 7.18E-01
1.585E-02 2.119E-01 2.291E-02 7.46E-01
1.496E-02 2.007E-01 2.176E-02 7.69E-01
1.413E-02 1.894E-01 2.039E-02 7.86E-01
1.334E-02 1.869E-01 1.906E-02 8.00E-01
1.259E-02 1.825E-01 1.906E-02 8.12E-01
1.189E-02 1.708E-01 1.844E-02 8.25E-01
1.122E-02 1.591E-01 1.630E-02 8.40E-01
1.059E-02 1.903E-01 1.588E-02 8.58E-01
1.000E-02 1.774E-01 1.834E-02 8.73E-01
9.441E-03 1.647E-01 1.821E-02 8.86E-01
8.913E-03 1.523E-01 1.747E-02 8.96E-01
8.414E-03 1.402E-01 1.649E-02 9.03E-01
7.943E-03 1.287E-01 1.536E-02 9.10E-01
7.499E-03 1.179E-01 1.382E-02 9.18E-01
7.079E-03 1.172E-01 1.378E-02 9.27E-01
6.683E-03 1.070E-01 1.302E-02 9.34E-01
6.310E-03 9.744E-02 1.214E-02 9.39E-01
5.957E-03 8.864E-02 1.124E-02 9.44E-01
5.623E-03 8.023E-02 1.033E-02 9.49E-01
5.309E-03 7.254E-02 9.438E-03 9.55E-01
5.012E-03 6.550E-02 8.602E-03 9.58E-01
4.732E-03 5.900E-02 7.815E-03 9.62E-01
4.467E-03 5.301E-02 7.072E-03 9.66E-01
4.217E-03 4.754E-02 6.376E-03 9.69E-01
3.981E-03 4.253E-02 5.734E-03 9.71E-01
3.758E-03 3.795E-02 5.134E-03 9.74E-01
3.548E-03 3.378E-02 4.576E-03 9.76E-01
3.350E-03 2.999E-02 4.061E-03 9.79E-01
3.162E-03 2.657E-02 3.585E-03 9.81E-01
2.985E-03 2.355E-02 3.157E-03 9.82E-01
2.818E-03 2.070E-02 2.733E-03 9.84E-01
2.661E-03 1.809E-02 2.330E-03 9.86E-01
2.512E-03 1.585E-02 1.895E-03 9.87E-01
2.371E-03 1.388E-02 1.118E-03 9.88E-01
2.239E-03 3.260E-02 1.599E-03 9.89E-01
2.113E-03 2.914E-02 1.635E-03 9.90E-01
1.995E-03 2.586E-02 1.563E-03 9.91E-01
1.884E-03 2.282E-02 1.402E-03 9.92E-01
1.778E-03 2.004E-02 1.198E-03 9.93E-01
1.679E-03 1.752E-02 7.411E-04 9.93E-01
1.585E-03 2.791E-02 1.157E-03 9.94E-01
1.496E-03 2.445E-02 1.079E-03 9.95E-01
1.413E-03 2.375E-02 1.102E-03 9.95E-01
1.334E-03 2.083E-02 1.041E-03 9.96E-01
1.259E-03 1.822E-02 9.571E-04 9.96E-01
1.189E-03 1.590E-02 8.728E-04 9.96E-01
1.122E-03 1.376E-02 7.877E-04 9.97E-01
1.059E-03 1.189E-02 7.045E-04 9.97E-01
