w(micron)  Q_abs     Q_sca     g=<cos>
1.000E+03 6.163E-06 1.005E-14 0.00E+00
9.441E+02 6.916E-06 1.265E-14 0.00E+00
8.913E+02 7.761E-06 1.593E-14 0.00E+00
8.414E+02 8.709E-06 2.006E-14 0.00E+00
7.943E+02 9.772E-06 2.525E-14 0.00E+00
7.499E+02 1.097E-05 3.179E-14 0.00E+00
7.079E+02 1.231E-05 4.002E-14 0.00E+00
6.683E+02 1.381E-05 5.038E-14 0.00E+00
6.310E+02 1.549E-05 6.343E-14 0.00E+00
5.957E+02 1.739E-05 7.985E-14 0.00E+00
5.623E+02 1.951E-05 1.005E-13 0.00E+00
5.309E+02 2.190E-05 1.266E-13 0.00E+00
5.012E+02 2.457E-05 1.594E-13 0.00E+00
4.732E+02 2.758E-05 2.006E-13 0.00E+00
4.467E+02 3.095E-05 2.526E-13 0.00E+00
4.217E+02 3.474E-05 3.180E-13 0.00E+00
3.981E+02 3.900E-05 4.004E-13 0.00E+00
3.758E+02 4.378E-05 5.041E-13 0.00E+00
3.548E+02 4.914E-05 6.346E-13 0.00E+00
3.350E+02 5.515E-05 7.991E-13 0.00E+00
3.162E+02 6.190E-05 1.006E-12 0.00E+00
2.985E+02 6.950E-05 1.267E-12 0.00E+00
2.818E+02 7.805E-05 1.595E-12 0.00E+00
2.661E+02 8.766E-05 2.008E-12 5.58E-07
2.512E+02 9.846E-05 2.528E-12 6.26E-07
2.371E+02 1.106E-04 3.184E-12 7.02E-07
2.239E+02 1.242E-04 4.009E-12 7.86E-07
2.113E+02 1.395E-04 5.048E-12 8.81E-07
1.995E+02 1.567E-04 6.356E-12 9.87E-07
1.884E+02 1.761E-04 8.004E-12 1.11E-06
1.778E+02 1.980E-04 1.008E-11 1.24E-06
1.679E+02 2.226E-04 1.269E-11 1.39E-06
1.585E+02 2.503E-04 1.599E-11 1.55E-06
1.496E+02 2.816E-04 2.013E-11 1.74E-06
1.413E+02 3.168E-04 2.535E-11 1.94E-06
1.334E+02 3.565E-04 3.193E-11 2.17E-06
1.259E+02 4.013E-04 4.022E-11 2.43E-06
1.189E+02 4.522E-04 5.065E-11 2.71E-06
1.122E+02 5.093E-04 6.381E-11 3.03E-06
1.059E+02 5.739E-04 8.038E-11 3.38E-06
1.000E+02 6.474E-04 1.012E-10 3.76E-06
9.441E+01 7.304E-04 1.275E-10 4.19E-06
8.913E+01 8.243E-04 1.606E-10 4.65E-06
8.414E+01 9.303E-04 2.024E-10 5.17E-06
7.943E+01 1.051E-03 2.549E-10 5.73E-06
7.499E+01 1.188E-03 3.210E-10 6.35E-06
7.079E+01 1.344E-03 4.042E-10 7.01E-06
6.683E+01 1.520E-03 5.090E-10 7.73E-06
6.310E+01 1.720E-03 6.406E-10 8.51E-06
5.957E+01 1.945E-03 8.061E-10 9.34E-06
5.623E+01 2.201E-03 1.014E-09 1.02E-05
5.309E+01 2.488E-03 1.275E-09 1.12E-05
5.012E+01 2.812E-03 1.602E-09 1.22E-05
4.732E+01 3.175E-03 2.011E-09 1.32E-05
4.467E+01 3.584E-03 2.525E-09 1.44E-05
4.217E+01 4.041E-03 3.166E-09 1.56E-05
3.981E+01 4.550E-03 3.962E-09 1.68E-05
3.758E+01 5.112E-03 4.956E-09 1.82E-05
3.548E+01 5.714E-03 6.212E-09 1.97E-05
3.350E+01 6.397E-03 7.788E-09 2.13E-05
3.162E+01 7.204E-03 9.758E-09 2.30E-05
2.985E+01 8.132E-03 1.221E-08 2.46E-05
2.818E+01 9.178E-03 1.522E-08 2.64E-05
2.661E+01 1.038E-02 1.898E-08 2.82E-05
2.512E+01 1.176E-02 2.369E-08 3.01E-05
2.371E+01 1.331E-02 2.929E-08 3.22E-05
2.239E+01 1.512E-02 3.623E-08 3.43E-05
2.113E+01 1.721E-02 4.419E-08 3.65E-05
1.995E+01 1.971E-02 5.332E-08 3.87E-05
1.884E+01 2.196E-02 5.967E-08 4.16E-05
1.778E+01 2.209E-02 6.123E-08 4.69E-05
1.679E+01 2.013E-02 6.167E-08 5.46E-05
1.585E+01 1.722E-02 6.676E-08 6.45E-05
1.496E+01 1.460E-02 8.257E-08 7.70E-05
1.413E+01 1.313E-02 1.186E-07 9.36E-05
1.334E+01 1.566E-02 1.835E-07 1.10E-04
1.259E+01 2.066E-02 2.653E-07 1.19E-04
1.189E+01 2.746E-02 3.670E-07 1.21E-04
1.122E+01 3.571E-02 4.880E-07 1.20E-04
1.059E+01 4.721E-02 6.475E-07 1.17E-04
1.000E+01 5.752E-02 7.282E-07 1.20E-04
9.441E+00 6.454E-02 7.424E-07 1.27E-04
8.913E+00 4.821E-02 3.997E-07 1.50E-04
8.414E+00 3.116E-02 1.959E-07 1.78E-04
7.943E+00 1.446E-02 8.691E-08 2.11E-04
7.499E+00 6.405E-03 1.846E-07 2.52E-04
7.079E+00 5.031E-03 3.794E-07 2.96E-04
6.683E+00 4.977E-03 6.064E-07 3.41E-04
6.310E+00 4.941E-03 8.794E-07 3.90E-04
5.957E+00 4.827E-03 1.221E-06 4.44E-04
5.623E+00 4.747E-03 1.656E-06 5.04E-04
5.309E+00 4.741E-03 2.210E-06 5.71E-04
5.012E+00 4.802E-03 2.918E-06 6.46E-04
4.732E+00 4.921E-03 3.812E-06 7.29E-04
4.467E+00 5.078E-03 4.947E-06 8.23E-04
4.217E+00 5.270E-03 6.379E-06 9.27E-04
3.981E+00 5.462E-03 8.188E-06 1.04E-03
3.758E+00 5.655E-03 1.048E-05 1.18E-03
3.548E+00 5.862E-03 1.337E-05 1.32E-03
3.350E+00 6.073E-03 1.701E-05 1.49E-03
3.162E+00 6.265E-03 2.161E-05 1.67E-03
2.985E+00 6.481E-03 2.742E-05 1.88E-03
2.818E+00 6.722E-03 3.478E-05 2.11E-03
2.661E+00 6.980E-03 4.406E-05 2.37E-03
2.512E+00 7.260E-03 5.576E-05 2.66E-03
2.371E+00 7.569E-03 7.049E-05 2.99E-03
2.239E+00 7.895E-03 8.910E-05 3.35E-03
2.113E+00 8.244E-03 1.125E-04 3.77E-03
1.995E+00 8.621E-03 1.420E-04 4.23E-03
1.884E+00 9.024E-03 1.792E-04 4.74E-03
1.778E+00 9.459E-03 2.260E-04 5.32E-03
1.679E+00 9.945E-03 2.850E-04 5.97E-03
1.585E+00 1.047E-02 3.594E-04 6.70E-03
1.496E+00 1.103E-02 4.531E-04 7.51E-03
1.413E+00 1.162E-02 5.710E-04 8.43E-03
1.334E+00 1.225E-02 7.197E-04 9.45E-03
1.259E+00 1.292E-02 9.071E-04 1.06E-02
1.189E+00 1.369E-02 1.143E-03 1.19E-02
1.122E+00 1.451E-02 1.441E-03 1.33E-02
1.059E+00 1.539E-02 1.817E-03 1.50E-02
1.000E+00 1.634E-02 2.290E-03 1.68E-02
9.441E-01 1.737E-02 2.887E-03 1.88E-02
8.913E-01 1.848E-02 3.641E-03 2.11E-02
8.414E-01 1.966E-02 4.594E-03 2.36E-02
7.943E-01 2.094E-02 5.798E-03 2.65E-02
7.499E-01 2.233E-02 7.320E-03 2.97E-02
7.079E-01 2.383E-02 9.246E-03 3.33E-02
6.683E-01 2.546E-02 1.168E-02 3.73E-02
6.310E-01 2.725E-02 1.477E-02 4.18E-02
5.957E-01 2.922E-02 1.868E-02 4.69E-02
5.623E-01 3.137E-02 2.365E-02 5.26E-02
5.309E-01 3.374E-02 2.996E-02 5.90E-02
5.012E-01 3.636E-02 3.799E-02 6.62E-02
4.732E-01 3.923E-02 4.820E-02 7.43E-02
4.467E-01 4.240E-02 6.122E-02 8.35E-02
4.217E-01 4.594E-02 7.778E-02 9.38E-02
3.981E-01 4.984E-02 9.885E-02 1.06E-01
3.758E-01 5.411E-02 1.257E-01 1.19E-01
3.548E-01 5.888E-02 1.598E-01 1.34E-01
3.350E-01 6.418E-02 2.031E-01 1.52E-01
3.162E-01 7.006E-02 2.582E-01 1.72E-01
2.985E-01 7.665E-02 3.275E-01 1.96E-01
2.818E-01 8.414E-02 4.144E-01 2.25E-01
2.661E-01 9.280E-02 5.233E-01 2.59E-01
2.512E-01 1.031E-01 6.606E-01 3.02E-01
2.371E-01 1.165E-01 8.353E-01 3.54E-01
2.239E-01 1.364E-01 1.074E+00 4.19E-01
2.113E-01 2.014E-01 1.431E+00 4.96E-01
1.995E-01 3.609E-01 1.972E+00 5.57E-01
1.884E-01 6.085E-01 2.585E+00 5.57E-01
1.778E-01 8.000E-01 2.747E+00 5.14E-01
1.679E-01 1.012E+00 2.475E+00 5.07E-01
1.585E-01 1.408E+00 2.087E+00 5.68E-01
1.496E-01 1.643E+00 1.722E+00 6.30E-01
1.413E-01 1.644E+00 1.516E+00 6.55E-01
1.334E-01 1.615E+00 1.434E+00 6.71E-01
1.259E-01 1.582E+00 1.371E+00 6.83E-01
1.189E-01 1.557E+00 1.324E+00 6.96E-01
1.122E-01 1.537E+00 1.295E+00 7.10E-01
1.059E-01 1.514E+00 1.286E+00 7.21E-01
1.000E-01 1.481E+00 1.274E+00 7.30E-01
9.441E-02 1.446E+00 1.256E+00 7.40E-01
8.913E-02 1.412E+00 1.208E+00 7.56E-01
8.414E-02 1.391E+00 1.225E+00 7.64E-01
7.943E-02 1.350E+00 1.245E+00 7.66E-01
7.499E-02 1.291E+00 1.261E+00 7.67E-01
7.079E-02 1.221E+00 1.264E+00 7.69E-01
6.683E-02 1.130E+00 1.270E+00 7.70E-01
6.310E-02 1.007E+00 1.262E+00 7.74E-01
5.957E-02 9.014E-01 1.161E+00 8.06E-01
5.623E-02 9.325E-01 9.739E-01 8.53E-01
5.309E-02 9.435E-01 9.032E-01 8.74E-01
5.012E-02 9.462E-01 8.596E-01 8.88E-01
4.732E-02 9.436E-01 8.321E-01 9.00E-01
4.467E-02 9.381E-01 8.136E-01 9.10E-01
4.217E-02 9.303E-01 8.007E-01 9.18E-01
3.981E-02 9.210E-01 7.913E-01 9.26E-01
3.758E-02 9.107E-01 7.838E-01 9.32E-01
3.548E-02 8.995E-01 7.777E-01 9.39E-01
3.350E-02 8.877E-01 7.724E-01 9.44E-01
3.162E-02 8.754E-01 7.670E-01 9.50E-01
2.985E-02 8.625E-01 7.611E-01 9.55E-01
2.818E-02 8.490E-01 7.543E-01 9.59E-01
2.661E-02 8.352E-01 7.457E-01 9.63E-01
2.512E-02 8.207E-01 7.336E-01 9.67E-01
2.371E-02 8.060E-01 7.145E-01 9.71E-01
2.239E-02 8.012E-01 6.934E-01 9.74E-01
2.113E-02 7.892E-01 6.792E-01 9.77E-01
1.995E-02 7.784E-01 6.500E-01 9.79E-01
1.884E-02 7.930E-01 6.295E-01 9.81E-01
1.778E-02 7.756E-01 6.427E-01 9.83E-01
1.679E-02 7.607E-01 6.357E-01 9.85E-01
1.585E-02 7.461E-01 6.225E-01 9.86E-01
1.496E-02 7.308E-01 6.064E-01 9.88E-01
1.413E-02 7.142E-01 5.835E-01 9.89E-01
1.334E-02 7.131E-01 5.461E-01 9.90E-01
1.259E-02 7.066E-01 5.442E-01 9.91E-01
1.189E-02 6.847E-01 5.396E-01 9.92E-01
1.122E-02 6.623E-01 4.955E-01 9.93E-01
1.059E-02 7.292E-01 4.375E-01 9.94E-01
1.000E-02 7.026E-01 5.103E-01 9.94E-01
9.441E-03 6.768E-01 5.222E-01 9.95E-01
8.913E-03 6.499E-01 5.183E-01 9.95E-01
8.414E-03 6.214E-01 5.069E-01 9.96E-01
7.943E-03 5.917E-01 4.892E-01 9.96E-01
7.499E-03 5.613E-01 4.573E-01 9.97E-01
7.079E-03 5.596E-01 4.547E-01 9.97E-01
6.683E-03 5.280E-01 4.438E-01 9.97E-01
6.310E-03 4.961E-01 4.270E-01 9.98E-01
5.957E-03 4.645E-01 4.074E-01 9.98E-01
5.623E-03 4.324E-01 3.856E-01 9.98E-01
5.309E-03 4.011E-01 3.625E-01 9.98E-01
5.012E-03 3.708E-01 3.388E-01 9.98E-01
4.732E-03 3.414E-01 3.151E-01 9.99E-01
4.467E-03 3.131E-01 2.916E-01 9.99E-01
4.217E-03 2.860E-01 2.683E-01 9.99E-01
3.981E-03 2.603E-01 2.458E-01 9.99E-01
3.758E-03 2.359E-01 2.239E-01 9.99E-01
3.548E-03 2.130E-01 2.027E-01 9.99E-01
3.350E-03 1.915E-01 1.825E-01 9.99E-01
3.162E-03 1.717E-01 1.632E-01 9.99E-01
2.985E-03 1.538E-01 1.454E-01 9.99E-01
2.818E-03 1.365E-01 1.272E-01 9.99E-01
2.661E-03 1.204E-01 1.096E-01 1.00E+00
2.512E-03 1.063E-01 8.996E-02 1.00E+00
2.371E-03 9.369E-02 5.361E-02 1.00E+00
2.239E-03 2.066E-01 7.141E-02 1.00E+00
2.113E-03 1.869E-01 7.384E-02 1.00E+00
1.995E-03 1.676E-01 7.139E-02 1.00E+00
1.884E-03 1.495E-01 6.474E-02 1.00E+00
1.778E-03 1.325E-01 5.587E-02 1.00E+00
1.679E-03 1.169E-01 3.495E-02 1.00E+00
1.585E-03 1.797E-01 5.243E-02 1.00E+00
1.496E-03 1.593E-01 4.949E-02 1.00E+00
1.413E-03 1.551E-01 5.063E-02 1.00E+00
1.334E-03 1.374E-01 4.831E-02 1.00E+00
1.259E-03 1.213E-01 4.485E-02 1.00E+00
1.189E-03 1.066E-01 4.125E-02 1.00E+00
1.122E-03 9.295E-02 3.752E-02 1.00E+00
1.059E-03 8.083E-02 3.379E-02 1.00E+00
