w(micron)  Q_abs     Q_sca     g=<cos>
1.000E+03 4.896E-05 4.002E-11 2.51E-06
9.441E+02 5.494E-05 5.038E-11 2.82E-06
8.913E+02 6.165E-05 6.342E-11 3.16E-06
8.414E+02 6.918E-05 7.984E-11 3.54E-06
7.943E+02 7.763E-05 1.005E-10 3.98E-06
7.499E+02 8.711E-05 1.265E-10 4.46E-06
7.079E+02 9.775E-05 1.593E-10 5.00E-06
6.683E+02 1.097E-04 2.006E-10 5.61E-06
6.310E+02 1.231E-04 2.525E-10 6.30E-06
5.957E+02 1.381E-04 3.179E-10 7.07E-06
5.623E+02 1.550E-04 4.002E-10 7.93E-06
5.309E+02 1.739E-04 5.039E-10 8.89E-06
5.012E+02 1.952E-04 6.344E-10 9.98E-06
4.732E+02 2.191E-04 7.988E-10 1.12E-05
4.467E+02 2.459E-04 1.006E-09 1.26E-05
4.217E+02 2.760E-04 1.266E-09 1.41E-05
3.981E+02 3.098E-04 1.594E-09 1.58E-05
3.758E+02 3.478E-04 2.007E-09 1.77E-05
3.548E+02 3.904E-04 2.527E-09 1.99E-05
3.350E+02 4.381E-04 3.181E-09 2.23E-05
3.162E+02 4.918E-04 4.006E-09 2.50E-05
2.985E+02 5.521E-04 5.043E-09 2.80E-05
2.818E+02 6.201E-04 6.350E-09 3.14E-05
2.661E+02 6.965E-04 7.995E-09 3.52E-05
2.512E+02 7.823E-04 1.007E-08 3.95E-05
2.371E+02 8.786E-04 1.268E-08 4.43E-05
2.239E+02 9.869E-04 1.596E-08 4.96E-05
2.113E+02 1.109E-03 2.010E-08 5.56E-05
1.995E+02 1.246E-03 2.531E-08 6.23E-05
1.884E+02 1.400E-03 3.187E-08 6.98E-05
1.778E+02 1.574E-03 4.013E-08 7.81E-05
1.679E+02 1.769E-03 5.054E-08 8.75E-05
1.585E+02 1.990E-03 6.365E-08 9.79E-05
1.496E+02 2.238E-03 8.016E-08 1.10E-04
1.413E+02 2.518E-03 1.010E-07 1.23E-04
1.334E+02 2.834E-03 1.272E-07 1.37E-04
1.259E+02 3.191E-03 1.602E-07 1.53E-04
1.189E+02 3.595E-03 2.017E-07 1.71E-04
1.122E+02 4.050E-03 2.541E-07 1.91E-04
1.059E+02 4.565E-03 3.201E-07 2.13E-04
1.000E+02 5.150E-03 4.032E-07 2.37E-04
9.441E+01 5.811E-03 5.079E-07 2.64E-04
8.913E+01 6.560E-03 6.398E-07 2.94E-04
8.414E+01 7.405E-03 8.061E-07 3.26E-04
7.943E+01 8.369E-03 1.015E-06 3.62E-04
7.499E+01 9.463E-03 1.279E-06 4.00E-04
7.079E+01 1.071E-02 1.610E-06 4.42E-04
6.683E+01 1.211E-02 2.028E-06 4.88E-04
6.310E+01 1.371E-02 2.553E-06 5.37E-04
5.957E+01 1.551E-02 3.213E-06 5.89E-04
5.623E+01 1.756E-02 4.042E-06 6.45E-04
5.309E+01 1.985E-02 5.083E-06 7.05E-04
5.012E+01 2.245E-02 6.387E-06 7.68E-04
4.732E+01 2.536E-02 8.022E-06 8.35E-04
4.467E+01 2.864E-02 1.007E-05 9.06E-04
4.217E+01 3.231E-02 1.263E-05 9.81E-04
3.981E+01 3.639E-02 1.581E-05 1.06E-03
3.758E+01 4.091E-02 1.978E-05 1.15E-03
3.548E+01 4.576E-02 2.481E-05 1.24E-03
3.350E+01 5.127E-02 3.111E-05 1.34E-03
3.162E+01 5.777E-02 3.899E-05 1.45E-03
2.985E+01 6.527E-02 4.881E-05 1.55E-03
2.818E+01 7.371E-02 6.088E-05 1.66E-03
2.661E+01 8.342E-02 7.594E-05 1.78E-03
2.512E+01 9.462E-02 9.483E-05 1.89E-03
2.371E+01 1.072E-01 1.173E-04 2.02E-03
2.239E+01 1.218E-01 1.451E-04 2.15E-03
2.113E+01 1.387E-01 1.771E-04 2.29E-03
1.995E+01 1.589E-01 2.137E-04 2.43E-03
1.884E+01 1.769E-01 2.390E-04 2.62E-03
1.778E+01 1.779E-01 2.450E-04 2.95E-03
1.679E+01 1.622E-01 2.466E-04 3.43E-03
1.585E+01 1.389E-01 2.671E-04 4.06E-03
1.496E+01 1.182E-01 3.309E-04 4.85E-03
1.413E+01 1.069E-01 4.764E-04 5.89E-03
1.334E+01 1.285E-01 7.396E-04 6.88E-03
1.259E+01 1.703E-01 1.072E-03 7.44E-03
1.189E+01 2.270E-01 1.485E-03 7.57E-03
1.122E+01 2.952E-01 1.975E-03 7.51E-03
1.059E+01 3.890E-01 2.615E-03 7.29E-03
1.000E+01 4.692E-01 2.913E-03 7.52E-03
9.441E+00 5.186E-01 2.924E-03 8.06E-03
8.913E+00 3.825E-01 1.551E-03 9.52E-03
8.414E+00 2.480E-01 7.600E-04 1.13E-02
7.943E+00 1.161E-01 3.386E-04 1.33E-02
7.499E+00 5.225E-02 7.266E-04 1.59E-02
7.079E+00 4.161E-02 1.504E-03 1.86E-02
6.683E+00 4.162E-02 2.415E-03 2.14E-02
6.310E+00 4.178E-02 3.516E-03 2.44E-02
5.957E+00 4.128E-02 4.898E-03 2.78E-02
5.623E+00 4.110E-02 6.667E-03 3.15E-02
5.309E+00 4.160E-02 8.929E-03 3.56E-02
5.012E+00 4.274E-02 1.183E-02 4.02E-02
4.732E+00 4.449E-02 1.551E-02 4.54E-02
4.467E+00 4.669E-02 2.020E-02 5.12E-02
4.217E+00 4.934E-02 2.614E-02 5.76E-02
3.981E+00 5.216E-02 3.366E-02 6.48E-02
3.758E+00 5.517E-02 4.320E-02 7.29E-02
3.548E+00 5.852E-02 5.527E-02 8.20E-02
3.350E+00 6.214E-02 7.046E-02 9.22E-02
3.162E+00 6.582E-02 8.956E-02 1.04E-01
2.985E+00 7.003E-02 1.136E-01 1.17E-01
2.818E+00 7.483E-02 1.437E-01 1.32E-01
2.661E+00 8.018E-02 1.810E-01 1.49E-01
2.512E+00 8.615E-02 2.268E-01 1.68E-01
2.371E+00 9.291E-02 2.825E-01 1.91E-01
2.239E+00 1.004E-01 3.496E-01 2.17E-01
2.113E+00 1.088E-01 4.285E-01 2.48E-01
1.995E+00 1.184E-01 5.205E-01 2.84E-01
1.884E+00 1.297E-01 6.263E-01 3.28E-01
1.778E+00 1.433E-01 7.476E-01 3.78E-01
1.679E+00 1.606E-01 8.892E-01 4.36E-01
1.585E+00 1.828E-01 1.062E+00 4.97E-01
1.496E+00 2.101E-01 1.282E+00 5.52E-01
1.413E+00 2.399E-01 1.564E+00 5.90E-01
1.334E+00 2.643E-01 1.888E+00 6.02E-01
1.259E+00 2.743E-01 2.182E+00 5.94E-01
1.189E+00 2.718E-01 2.375E+00 5.82E-01
1.122E+00 2.699E-01 2.485E+00 5.81E-01
1.059E+00 2.841E-01 2.597E+00 5.99E-01
1.000E+00 3.244E-01 2.813E+00 6.36E-01
9.441E-01 3.832E-01 3.190E+00 6.79E-01
8.913E-01 4.144E-01 3.553E+00 7.04E-01
8.414E-01 4.001E-01 3.620E+00 7.01E-01
7.943E-01 3.922E-01 3.506E+00 6.84E-01
7.499E-01 4.371E-01 3.511E+00 6.73E-01
7.079E-01 5.204E-01 3.795E+00 6.93E-01
6.683E-01 5.089E-01 3.793E+00 7.13E-01
6.310E-01 4.879E-01 3.401E+00 7.00E-01
5.957E-01 5.638E-01 3.149E+00 6.58E-01
5.623E-01 6.263E-01 3.185E+00 6.61E-01
5.309E-01 5.624E-01 2.722E+00 6.52E-01
5.012E-01 6.417E-01 2.218E+00 5.90E-01
4.732E-01 6.939E-01 2.097E+00 5.76E-01
4.467E-01 6.313E-01 1.679E+00 5.29E-01
4.217E-01 7.864E-01 1.429E+00 4.83E-01
3.981E-01 7.060E-01 1.402E+00 5.22E-01
3.758E-01 8.060E-01 1.278E+00 5.33E-01
3.548E-01 7.639E-01 1.549E+00 6.54E-01
3.350E-01 8.113E-01 1.650E+00 7.30E-01
3.162E-01 7.826E-01 1.968E+00 7.93E-01
2.985E-01 7.608E-01 2.088E+00 8.19E-01
2.818E-01 8.100E-01 2.009E+00 8.36E-01
2.661E-01 7.860E-01 1.793E+00 8.01E-01
2.512E-01 7.968E-01 1.504E+00 7.68E-01
2.371E-01 7.963E-01 1.397E+00 7.45E-01
2.239E-01 7.986E-01 1.622E+00 7.76E-01
2.113E-01 8.804E-01 1.709E+00 8.26E-01
1.995E-01 1.013E+00 1.314E+00 8.44E-01
1.884E-01 1.082E+00 1.254E+00 8.72E-01
1.778E-01 1.098E+00 1.265E+00 8.83E-01
1.679E-01 1.079E+00 1.252E+00 8.77E-01
1.585E-01 1.055E+00 1.266E+00 8.70E-01
1.496E-01 1.034E+00 1.277E+00 8.63E-01
1.413E-01 1.025E+00 1.278E+00 8.65E-01
1.334E-01 1.018E+00 1.276E+00 8.67E-01
1.259E-01 1.007E+00 1.277E+00 8.67E-01
1.189E-01 9.949E-01 1.281E+00 8.66E-01
1.122E-01 9.806E-01 1.288E+00 8.63E-01
1.059E-01 9.626E-01 1.300E+00 8.58E-01
1.000E-01 9.436E-01 1.311E+00 8.54E-01
9.441E-02 9.291E-01 1.315E+00 8.55E-01
8.913E-02 9.241E-01 1.303E+00 8.62E-01
8.414E-02 9.140E-01 1.306E+00 8.61E-01
7.943E-02 8.883E-01 1.323E+00 8.54E-01
7.499E-02 8.569E-01 1.342E+00 8.46E-01
7.079E-02 8.290E-01 1.355E+00 8.43E-01
6.683E-02 7.959E-01 1.371E+00 8.38E-01
6.310E-02 7.609E-01 1.384E+00 8.36E-01
5.957E-02 7.699E-01 1.344E+00 8.65E-01
5.623E-02 8.448E-01 1.248E+00 9.12E-01
5.309E-02 8.735E-01 1.209E+00 9.30E-01
5.012E-02 8.911E-01 1.183E+00 9.41E-01
4.732E-02 9.023E-01 1.165E+00 9.48E-01
4.467E-02 9.099E-01 1.151E+00 9.54E-01
4.217E-02 9.152E-01 1.140E+00 9.59E-01
3.981E-02 9.191E-01 1.131E+00 9.63E-01
3.758E-02 9.221E-01 1.123E+00 9.66E-01
3.548E-02 9.245E-01 1.116E+00 9.70E-01
3.350E-02 9.265E-01 1.109E+00 9.72E-01
3.162E-02 9.284E-01 1.103E+00 9.75E-01
2.985E-02 9.301E-01 1.096E+00 9.78E-01
2.818E-02 9.319E-01 1.090E+00 9.80E-01
2.661E-02 9.338E-01 1.084E+00 9.82E-01
2.512E-02 9.360E-01 1.078E+00 9.84E-01
2.371E-02 9.388E-01 1.070E+00 9.86E-01
2.239E-02 9.433E-01 1.063E+00 9.88E-01
2.113E-02 9.455E-01 1.057E+00 9.90E-01
1.995E-02 9.493E-01 1.050E+00 9.91E-01
1.884E-02 9.556E-01 1.042E+00 9.92E-01
1.778E-02 9.537E-01 1.043E+00 9.93E-01
1.679E-02 9.543E-01 1.040E+00 9.94E-01
1.585E-02 9.554E-01 1.036E+00 9.94E-01
1.496E-02 9.566E-01 1.033E+00 9.95E-01
1.413E-02 9.580E-01 1.030E+00 9.96E-01
1.334E-02 9.621E-01 1.025E+00 9.97E-01
1.259E-02 9.629E-01 1.023E+00 9.97E-01
1.189E-02 9.621E-01 1.024E+00 9.97E-01
1.122E-02 9.635E-01 1.022E+00 9.98E-01
1.059E-02 9.761E-01 1.006E+00 9.98E-01
1.000E-02 9.695E-01 1.016E+00 9.98E-01
9.441E-03 9.672E-01 1.019E+00 9.98E-01
8.913E-03 9.658E-01 1.022E+00 9.98E-01
8.414E-03 9.644E-01 1.024E+00 9.99E-01
7.943E-03 9.629E-01 1.027E+00 9.99E-01
7.499E-03 9.615E-01 1.031E+00 9.99E-01
7.079E-03 9.624E-01 1.031E+00 9.99E-01
6.683E-03 9.593E-01 1.036E+00 9.99E-01
6.310E-03 9.557E-01 1.042E+00 9.99E-01
5.957E-03 9.512E-01 1.049E+00 9.99E-01
5.623E-03 9.452E-01 1.057E+00 9.99E-01
5.309E-03 9.377E-01 1.069E+00 1.00E+00
5.012E-03 9.282E-01 1.085E+00 1.00E+00
4.732E-03 9.163E-01 1.109E+00 1.00E+00
4.467E-03 9.016E-01 1.144E+00 1.00E+00
4.217E-03 8.838E-01 1.194E+00 1.00E+00
3.981E-03 8.625E-01 1.262E+00 1.00E+00
3.758E-03 8.376E-01 1.347E+00 1.00E+00
3.548E-03 8.088E-01 1.449E+00 1.00E+00
3.350E-03 7.764E-01 1.563E+00 1.00E+00
3.162E-03 7.406E-01 1.681E+00 1.00E+00
2.985E-03 7.026E-01 1.790E+00 1.00E+00
2.818E-03 6.604E-01 1.888E+00 1.00E+00
2.661E-03 6.149E-01 1.956E+00 1.00E+00
2.512E-03 5.700E-01 1.951E+00 1.00E+00
2.371E-03 5.252E-01 1.591E+00 1.00E+00
2.239E-03 8.024E-01 1.282E+00 1.00E+00
2.113E-03 7.705E-01 1.152E+00 1.00E+00
1.995E-03 7.341E-01 1.179E+00 1.00E+00
1.884E-03 6.939E-01 1.198E+00 1.00E+00
1.778E-03 6.506E-01 1.207E+00 1.00E+00
1.679E-03 6.049E-01 1.117E+00 1.00E+00
1.585E-03 7.582E-01 1.115E+00 1.00E+00
1.496E-03 7.167E-01 1.134E+00 1.00E+00
1.413E-03 7.074E-01 1.145E+00 1.00E+00
1.334E-03 6.640E-01 1.166E+00 1.00E+00
1.259E-03 6.184E-01 1.180E+00 1.00E+00
1.189E-03 5.717E-01 1.188E+00 1.00E+00
1.122E-03 5.227E-01 1.188E+00 1.00E+00
1.059E-03 4.745E-01 1.177E+00 1.00E+00
