w(micron)  Q_abs     Q_sca     g=<cos>
1.000E+03 6.916E-07 1.593E-18 0.00E+00
9.441E+02 7.760E-07 2.006E-18 0.00E+00
8.913E+02 8.708E-07 2.525E-18 0.00E+00
8.414E+02 9.771E-07 3.179E-18 0.00E+00
7.943E+02 1.096E-06 4.002E-18 0.00E+00
7.499E+02 1.230E-06 5.038E-18 0.00E+00
7.079E+02 1.381E-06 6.342E-18 0.00E+00
6.683E+02 1.549E-06 7.985E-18 0.00E+00
6.310E+02 1.739E-06 1.005E-17 0.00E+00
5.957E+02 1.951E-06 1.266E-17 0.00E+00
5.623E+02 2.189E-06 1.593E-17 0.00E+00
5.309E+02 2.457E-06 2.006E-17 0.00E+00
5.012E+02 2.757E-06 2.526E-17 0.00E+00
4.732E+02 3.094E-06 3.180E-17 0.00E+00
4.467E+02 3.473E-06 4.004E-17 0.00E+00
4.217E+02 3.898E-06 5.041E-17 0.00E+00
3.981E+02 4.376E-06 6.346E-17 0.00E+00
3.758E+02 4.912E-06 7.989E-17 0.00E+00
3.548E+02 5.514E-06 1.006E-16 0.00E+00
3.350E+02 6.188E-06 1.266E-16 0.00E+00
3.162E+02 6.946E-06 1.595E-16 0.00E+00
2.985E+02 7.798E-06 2.008E-16 0.00E+00
2.818E+02 8.758E-06 2.528E-16 0.00E+00
2.661E+02 9.836E-06 3.183E-16 0.00E+00
2.512E+02 1.105E-05 4.007E-16 0.00E+00
2.371E+02 1.241E-05 5.046E-16 0.00E+00
2.239E+02 1.394E-05 6.353E-16 0.00E+00
2.113E+02 1.565E-05 8.000E-16 0.00E+00
1.995E+02 1.759E-05 1.007E-15 0.00E+00
1.884E+02 1.976E-05 1.269E-15 0.00E+00
1.778E+02 2.222E-05 1.598E-15 0.00E+00
1.679E+02 2.498E-05 2.012E-15 0.00E+00
1.585E+02 2.809E-05 2.533E-15 0.00E+00
1.496E+02 3.159E-05 3.191E-15 0.00E+00
1.413E+02 3.554E-05 4.018E-15 0.00E+00
1.334E+02 4.000E-05 5.061E-15 0.00E+00
1.259E+02 4.503E-05 6.375E-15 0.00E+00
1.189E+02 5.073E-05 8.027E-15 0.00E+00
1.122E+02 5.714E-05 1.011E-14 0.00E+00
1.059E+02 6.439E-05 1.274E-14 0.00E+00
1.000E+02 7.264E-05 1.604E-14 0.00E+00
9.441E+01 8.195E-05 2.021E-14 0.00E+00
8.913E+01 9.248E-05 2.546E-14 0.00E+00
8.414E+01 1.044E-04 3.207E-14 0.00E+00
7.943E+01 1.179E-04 4.040E-14 0.00E+00
7.499E+01 1.333E-04 5.087E-14 0.00E+00
7.079E+01 1.508E-04 6.406E-14 0.00E+00
6.683E+01 1.705E-04 8.067E-14 0.00E+00
6.310E+01 1.929E-04 1.015E-13 0.00E+00
5.957E+01 2.183E-04 1.278E-13 0.00E+00
5.623E+01 2.470E-04 1.607E-13 0.00E+00
5.309E+01 2.791E-04 2.020E-13 0.00E+00
5.012E+01 3.154E-04 2.539E-13 0.00E+00
4.732E+01 3.563E-04 3.188E-13 0.00E+00
4.467E+01 4.021E-04 4.001E-13 0.00E+00
4.217E+01 4.534E-04 5.018E-13 0.00E+00
3.981E+01 5.104E-04 6.279E-13 0.00E+00
3.758E+01 5.735E-04 7.854E-13 0.00E+00
3.548E+01 6.410E-04 9.845E-13 0.00E+00
3.350E+01 7.177E-04 1.234E-12 0.00E+00
3.162E+01 8.081E-04 1.546E-12 0.00E+00
2.985E+01 9.123E-04 1.935E-12 3.10E-07
2.818E+01 1.030E-03 2.412E-12 3.32E-07
2.661E+01 1.164E-03 3.008E-12 3.55E-07
2.512E+01 1.320E-03 3.754E-12 3.79E-07
2.371E+01 1.493E-03 4.641E-12 4.05E-07
2.239E+01 1.696E-03 5.741E-12 4.32E-07
2.113E+01 1.930E-03 7.003E-12 4.60E-07
1.995E+01 2.211E-03 8.450E-12 4.87E-07
1.884E+01 2.463E-03 9.457E-12 5.24E-07
1.778E+01 2.478E-03 9.704E-12 5.91E-07
1.679E+01 2.258E-03 9.773E-12 6.87E-07
1.585E+01 1.932E-03 1.058E-11 8.12E-07
1.496E+01 1.637E-03 1.309E-11 9.70E-07
1.413E+01 1.472E-03 1.879E-11 1.18E-06
1.334E+01 1.756E-03 2.907E-11 1.38E-06
1.259E+01 2.316E-03 4.203E-11 1.49E-06
1.189E+01 3.078E-03 5.815E-11 1.52E-06
1.122E+01 4.004E-03 7.732E-11 1.51E-06
1.059E+01 5.294E-03 1.026E-10 1.47E-06
1.000E+01 6.450E-03 1.154E-10 1.51E-06
9.441E+00 7.239E-03 1.177E-10 1.60E-06
8.913E+00 5.409E-03 6.336E-11 1.89E-06
8.414E+00 3.496E-03 3.106E-11 2.24E-06
7.943E+00 1.544E-03 1.450E-11 4.71E-06
7.499E+00 7.184E-04 2.926E-11 3.17E-06
7.079E+00 5.642E-04 6.013E-11 3.73E-06
6.683E+00 5.579E-04 9.610E-11 4.30E-06
6.310E+00 5.538E-04 1.394E-10 4.91E-06
5.957E+00 5.409E-04 1.934E-10 5.59E-06
5.623E+00 5.318E-04 2.624E-10 6.35E-06
5.309E+00 5.310E-04 3.502E-10 7.19E-06
5.012E+00 5.377E-04 4.623E-10 8.13E-06
4.732E+00 5.509E-04 6.038E-10 9.18E-06
4.467E+00 5.683E-04 7.836E-10 1.04E-05
4.217E+00 5.895E-04 1.010E-09 1.17E-05
3.981E+00 6.108E-04 1.297E-09 1.32E-05
3.758E+00 6.321E-04 1.659E-09 1.48E-05
3.548E+00 6.549E-04 2.117E-09 1.67E-05
3.350E+00 6.781E-04 2.693E-09 1.87E-05
3.162E+00 6.991E-04 3.420E-09 2.10E-05
2.985E+00 7.227E-04 4.340E-09 2.37E-05
2.818E+00 7.490E-04 5.502E-09 2.66E-05
2.661E+00 7.771E-04 6.969E-09 2.99E-05
2.512E+00 8.074E-04 8.817E-09 3.35E-05
2.371E+00 8.409E-04 1.114E-08 3.77E-05
2.239E+00 8.760E-04 1.408E-08 4.23E-05
2.113E+00 9.135E-04 1.777E-08 4.75E-05
1.995E+00 9.539E-04 2.242E-08 5.33E-05
1.884E+00 9.967E-04 2.828E-08 5.98E-05
1.778E+00 1.043E-03 3.565E-08 6.71E-05
1.679E+00 1.094E-03 4.494E-08 7.54E-05
1.585E+00 1.149E-03 5.663E-08 8.46E-05
1.496E+00 1.207E-03 7.135E-08 9.49E-05
1.413E+00 1.268E-03 8.986E-08 1.06E-04
1.334E+00 1.332E-03 1.132E-07 1.20E-04
1.259E+00 1.400E-03 1.425E-07 1.34E-04
1.189E+00 1.477E-03 1.794E-07 1.50E-04
1.122E+00 1.558E-03 2.259E-07 1.69E-04
1.059E+00 1.644E-03 2.844E-07 1.89E-04
1.000E+00 1.736E-03 3.580E-07 2.13E-04
9.441E-01 1.833E-03 4.506E-07 2.38E-04
8.913E-01 1.936E-03 5.673E-07 2.68E-04
8.414E-01 2.044E-03 7.145E-07 3.00E-04
7.943E-01 2.158E-03 9.001E-07 3.37E-04
7.499E-01 2.278E-03 1.134E-06 3.78E-04
7.079E-01 2.405E-03 1.429E-06 4.24E-04
6.683E-01 2.539E-03 1.800E-06 4.76E-04
6.310E-01 2.682E-03 2.270E-06 5.34E-04
5.957E-01 2.833E-03 2.863E-06 6.00E-04
5.623E-01 2.993E-03 3.613E-06 6.73E-04
5.309E-01 3.162E-03 4.562E-06 7.56E-04
5.012E-01 3.340E-03 5.765E-06 8.49E-04
4.732E-01 3.527E-03 7.291E-06 9.53E-04
4.467E-01 3.722E-03 9.232E-06 1.07E-03
4.217E-01 3.930E-03 1.170E-05 1.20E-03
3.981E-01 4.145E-03 1.484E-05 1.35E-03
3.758E-01 4.365E-03 1.885E-05 1.52E-03
3.548E-01 4.594E-03 2.398E-05 1.71E-03
3.350E-01 4.831E-03 3.057E-05 1.92E-03
3.162E-01 5.070E-03 3.909E-05 2.16E-03
2.985E-01 5.313E-03 5.009E-05 2.44E-03
2.818E-01 5.558E-03 6.440E-05 2.75E-03
2.661E-01 5.799E-03 8.315E-05 3.10E-03
2.512E-01 6.017E-03 1.080E-04 3.50E-03
2.371E-01 6.221E-03 1.412E-04 3.97E-03
2.239E-01 6.408E-03 1.867E-04 4.51E-03
2.113E-01 7.866E-03 2.511E-04 5.14E-03
1.995E-01 1.144E-02 3.403E-04 5.89E-03
1.884E-01 1.772E-02 4.649E-04 6.77E-03
1.778E-01 2.783E-02 6.415E-04 7.81E-03
1.679E-01 4.456E-02 8.947E-04 9.02E-03
1.585E-01 7.276E-02 1.257E-03 1.04E-02
1.496E-01 1.182E-01 1.731E-03 1.15E-02
1.413E-01 1.710E-01 2.207E-03 1.20E-02
1.334E-01 2.094E-01 2.759E-03 1.28E-02
1.259E-01 2.511E-01 3.531E-03 1.38E-02
1.189E-01 3.001E-01 4.594E-03 1.49E-02
1.122E-01 3.605E-01 6.090E-03 1.59E-02
1.059E-01 4.410E-01 8.315E-03 1.67E-02
1.000E-01 5.592E-01 1.127E-02 1.69E-02
9.441E-02 6.722E-01 1.441E-02 1.76E-02
8.913E-02 7.493E-01 1.637E-02 1.90E-02
8.414E-02 8.123E-01 2.100E-02 2.11E-02
7.943E-02 9.548E-01 2.860E-02 2.24E-02
7.499E-02 1.097E+00 3.744E-02 2.39E-02
7.079E-02 1.155E+00 4.436E-02 2.66E-02
6.683E-02 1.114E+00 4.873E-02 3.03E-02
6.310E-02 8.982E-01 4.425E-02 3.54E-02
5.957E-02 5.683E-01 2.702E-02 4.15E-02
5.623E-02 4.699E-01 1.756E-02 4.82E-02
5.309E-02 4.433E-01 1.601E-02 5.51E-02
5.012E-02 4.244E-01 1.554E-02 6.26E-02
4.732E-02 4.089E-01 1.561E-02 7.11E-02
4.467E-02 3.948E-01 1.595E-02 8.06E-02
4.217E-02 3.809E-01 1.643E-02 9.12E-02
3.981E-02 3.668E-01 1.695E-02 1.03E-01
3.758E-02 3.523E-01 1.745E-02 1.17E-01
3.548E-02 3.372E-01 1.790E-02 1.32E-01
3.350E-02 3.218E-01 1.826E-02 1.49E-01
3.162E-02 3.061E-01 1.848E-02 1.68E-01
2.985E-02 2.900E-01 1.855E-02 1.89E-01
2.818E-02 2.739E-01 1.844E-02 2.13E-01
2.661E-02 2.580E-01 1.816E-02 2.40E-01
2.512E-02 2.421E-01 1.763E-02 2.69E-01
2.371E-02 2.266E-01 1.679E-02 3.02E-01
2.239E-02 2.195E-01 1.633E-02 3.38E-01
2.113E-02 2.085E-01 1.578E-02 3.77E-01
1.995E-02 1.982E-01 1.475E-02 4.18E-01
1.884E-02 2.051E-01 1.492E-02 4.64E-01
1.778E-02 1.938E-01 1.501E-02 5.09E-01
1.679E-02 1.835E-01 1.450E-02 5.55E-01
1.585E-02 1.739E-01 1.383E-02 6.01E-01
1.496E-02 1.646E-01 1.309E-02 6.44E-01
1.413E-02 1.552E-01 1.221E-02 6.84E-01
1.334E-02 1.530E-01 1.137E-02 7.19E-01
1.259E-02 1.494E-01 1.136E-02 7.47E-01
1.189E-02 1.395E-01 1.100E-02 7.69E-01
1.122E-02 1.296E-01 9.752E-03 7.85E-01
1.059E-02 1.554E-01 9.630E-03 7.99E-01
1.000E-02 1.446E-01 1.120E-02 8.11E-01
9.441E-03 1.340E-01 1.118E-02 8.24E-01
8.913E-03 1.237E-01 1.076E-02 8.40E-01
8.414E-03 1.137E-01 1.016E-02 8.56E-01
7.943E-03 1.042E-01 9.453E-03 8.72E-01
7.499E-03 9.528E-02 8.509E-03 8.85E-01
7.079E-03 9.464E-02 8.521E-03 8.95E-01
6.683E-03 8.627E-02 8.073E-03 9.02E-01
6.310E-03 7.844E-02 7.540E-03 9.09E-01
5.957E-03 7.127E-02 6.986E-03 9.18E-01
5.623E-03 6.443E-02 6.422E-03 9.27E-01
5.309E-03 5.818E-02 5.876E-03 9.34E-01
5.012E-03 5.248E-02 5.362E-03 9.39E-01
4.732E-03 4.723E-02 4.877E-03 9.44E-01
4.467E-03 4.240E-02 4.417E-03 9.49E-01
4.217E-03 3.800E-02 3.984E-03 9.55E-01
3.981E-03 3.397E-02 3.586E-03 9.58E-01
3.758E-03 3.029E-02 3.214E-03 9.62E-01
3.548E-03 2.695E-02 2.865E-03 9.66E-01
3.350E-03 2.391E-02 2.545E-03 9.69E-01
3.162E-03 2.118E-02 2.247E-03 9.71E-01
2.985E-03 1.876E-02 1.980E-03 9.74E-01
2.818E-03 1.649E-02 1.715E-03 9.76E-01
2.661E-03 1.440E-02 1.463E-03 9.79E-01
2.512E-03 1.262E-02 1.190E-03 9.81E-01
2.371E-03 1.104E-02 7.023E-04 9.82E-01
2.239E-03 2.599E-02 1.007E-03 9.84E-01
2.113E-03 2.323E-02 1.030E-03 9.86E-01
1.995E-03 2.060E-02 9.850E-04 9.87E-01
1.884E-03 1.818E-02 8.836E-04 9.88E-01
1.778E-03 1.596E-02 7.548E-04 9.89E-01
1.679E-03 1.395E-02 4.670E-04 9.90E-01
1.585E-03 2.224E-02 7.306E-04 9.91E-01
1.496E-03 1.948E-02 6.811E-04 9.92E-01
1.413E-03 1.892E-02 6.957E-04 9.93E-01
1.334E-03 1.659E-02 6.568E-04 9.93E-01
1.259E-03 1.451E-02 6.040E-04 9.94E-01
1.189E-03 1.265E-02 5.507E-04 9.95E-01
1.122E-03 1.095E-02 4.970E-04 9.95E-01
1.059E-03 9.458E-03 4.445E-04 9.96E-01
