w(micron)  Q_abs     Q_sca     g=<cos>
1.000E+03 9.769E-05 6.342E-10 9.99E-06
9.441E+02 1.096E-04 7.985E-10 1.12E-05
8.913E+02 1.230E-04 1.005E-09 1.26E-05
8.414E+02 1.380E-04 1.265E-09 1.41E-05
7.943E+02 1.549E-04 1.593E-09 1.58E-05
7.499E+02 1.738E-04 2.006E-09 1.78E-05
7.079E+02 1.951E-04 2.525E-09 1.99E-05
6.683E+02 2.189E-04 3.179E-09 2.24E-05
6.310E+02 2.456E-04 4.002E-09 2.51E-05
5.957E+02 2.756E-04 5.039E-09 2.81E-05
5.623E+02 3.093E-04 6.344E-09 3.16E-05
5.309E+02 3.471E-04 7.987E-09 3.54E-05
5.012E+02 3.895E-04 1.006E-08 3.97E-05
4.732E+02 4.372E-04 1.266E-08 4.46E-05
4.467E+02 4.908E-04 1.594E-08 5.00E-05
4.217E+02 5.509E-04 2.007E-08 5.61E-05
3.981E+02 6.184E-04 2.527E-08 6.29E-05
3.758E+02 6.941E-04 3.181E-08 7.05E-05
3.548E+02 7.792E-04 4.005E-08 7.91E-05
3.350E+02 8.746E-04 5.043E-08 8.87E-05
3.162E+02 9.817E-04 6.349E-08 9.95E-05
2.985E+02 1.102E-03 7.994E-08 1.12E-04
2.818E+02 1.238E-03 1.007E-07 1.25E-04
2.661E+02 1.391E-03 1.267E-07 1.40E-04
2.512E+02 1.562E-03 1.596E-07 1.57E-04
2.371E+02 1.755E-03 2.009E-07 1.76E-04
2.239E+02 1.971E-03 2.530E-07 1.97E-04
2.113E+02 2.214E-03 3.186E-07 2.21E-04
1.995E+02 2.488E-03 4.012E-07 2.48E-04
1.884E+02 2.797E-03 5.053E-07 2.78E-04
1.778E+02 3.144E-03 6.363E-07 3.11E-04
1.679E+02 3.536E-03 8.014E-07 3.48E-04
1.585E+02 3.977E-03 1.009E-06 3.90E-04
1.496E+02 4.475E-03 1.271E-06 4.36E-04
1.413E+02 5.036E-03 1.601E-06 4.88E-04
1.334E+02 5.670E-03 2.017E-06 5.46E-04
1.259E+02 6.385E-03 2.540E-06 6.10E-04
1.189E+02 7.197E-03 3.200E-06 6.81E-04
1.122E+02 8.111E-03 4.031E-06 7.60E-04
1.059E+02 9.144E-03 5.079E-06 8.48E-04
1.000E+02 1.032E-02 6.398E-06 9.45E-04
9.441E+01 1.165E-02 8.061E-06 1.05E-03
8.913E+01 1.316E-02 1.016E-05 1.17E-03
8.414E+01 1.487E-02 1.280E-05 1.30E-03
7.943E+01 1.681E-02 1.612E-05 1.44E-03
7.499E+01 1.903E-02 2.031E-05 1.59E-03
7.079E+01 2.154E-02 2.559E-05 1.76E-03
6.683E+01 2.439E-02 3.223E-05 1.94E-03
6.310E+01 2.764E-02 4.059E-05 2.14E-03
5.957E+01 3.131E-02 5.110E-05 2.34E-03
5.623E+01 3.548E-02 6.430E-05 2.57E-03
5.309E+01 4.016E-02 8.090E-05 2.80E-03
5.012E+01 4.546E-02 1.017E-04 3.05E-03
4.732E+01 5.144E-02 1.278E-04 3.32E-03
4.467E+01 5.817E-02 1.606E-04 3.60E-03
4.217E+01 6.572E-02 2.015E-04 3.90E-03
3.981E+01 7.414E-02 2.524E-04 4.21E-03
3.758E+01 8.349E-02 3.161E-04 4.55E-03
3.548E+01 9.356E-02 3.967E-04 4.93E-03
3.350E+01 1.050E-01 4.980E-04 5.32E-03
3.162E+01 1.186E-01 6.248E-04 5.72E-03
2.985E+01 1.343E-01 7.829E-04 6.13E-03
2.818E+01 1.519E-01 9.775E-04 6.56E-03
2.661E+01 1.723E-01 1.221E-03 7.01E-03
2.512E+01 1.958E-01 1.526E-03 7.48E-03
2.371E+01 2.221E-01 1.889E-03 7.98E-03
2.239E+01 2.529E-01 2.340E-03 8.49E-03
2.113E+01 2.882E-01 2.856E-03 9.03E-03
1.995E+01 3.302E-01 3.445E-03 9.58E-03
1.884E+01 3.667E-01 3.843E-03 1.03E-02
1.778E+01 3.680E-01 3.927E-03 1.17E-02
1.679E+01 3.358E-01 3.946E-03 1.36E-02
1.585E+01 2.892E-01 4.279E-03 1.61E-02
1.496E+01 2.486E-01 5.322E-03 1.92E-02
1.413E+01 2.287E-01 7.726E-03 2.33E-02
1.334E+01 2.801E-01 1.209E-02 2.72E-02
1.259E+01 3.756E-01 1.760E-02 2.93E-02
1.189E+01 5.016E-01 2.438E-02 2.97E-02
1.122E+01 6.476E-01 3.219E-02 2.95E-02
1.059E+01 8.364E-01 4.184E-02 2.89E-02
1.000E+01 9.706E-01 4.487E-02 3.03E-02
9.441E+00 1.021E+00 4.274E-02 3.30E-02
8.913E+00 7.362E-01 2.200E-02 3.91E-02
8.414E+00 4.861E-01 1.087E-02 4.61E-02
7.943E+00 2.353E-01 4.952E-03 5.37E-02
7.499E+00 1.110E-01 1.097E-02 6.33E-02
7.079E+00 9.150E-02 2.312E-02 7.38E-02
6.683E+00 9.397E-02 3.742E-02 8.49E-02
6.310E+00 9.659E-02 5.469E-02 9.70E-02
5.957E+00 9.770E-02 7.629E-02 1.10E-01
5.623E+00 9.957E-02 1.037E-01 1.26E-01
5.309E+00 1.031E-01 1.382E-01 1.43E-01
5.012E+00 1.084E-01 1.815E-01 1.62E-01
4.732E+00 1.154E-01 2.344E-01 1.85E-01
4.467E+00 1.239E-01 2.987E-01 2.12E-01
4.217E+00 1.338E-01 3.750E-01 2.42E-01
3.981E+00 1.446E-01 4.642E-01 2.79E-01
3.758E+00 1.569E-01 5.675E-01 3.22E-01
3.548E+00 1.716E-01 6.862E-01 3.72E-01
3.350E+00 1.897E-01 8.236E-01 4.30E-01
3.162E+00 2.115E-01 9.894E-01 4.91E-01
2.985E+00 2.390E-01 1.200E+00 5.48E-01
2.818E+00 2.699E-01 1.471E+00 5.89E-01
2.661E+00 2.957E-01 1.789E+00 6.04E-01
2.512E+00 3.063E-01 2.090E+00 5.98E-01
2.371E+00 3.023E-01 2.300E+00 5.87E-01
2.239E+00 2.979E-01 2.427E+00 5.85E-01
2.113E+00 3.098E-01 2.548E+00 6.02E-01
1.995E+00 3.493E-01 2.765E+00 6.38E-01
1.884E+00 4.079E-01 3.137E+00 6.81E-01
1.778E+00 4.383E-01 3.499E+00 7.05E-01
1.679E+00 4.223E-01 3.576E+00 7.03E-01
1.585E+00 4.127E-01 3.473E+00 6.86E-01
1.496E+00 4.569E-01 3.480E+00 6.75E-01
1.413E+00 5.398E-01 3.755E+00 6.95E-01
1.334E+00 5.275E-01 3.761E+00 7.15E-01
1.259E+00 5.037E-01 3.386E+00 7.03E-01
1.189E+00 5.769E-01 3.135E+00 6.64E-01
1.122E+00 6.431E-01 3.177E+00 6.66E-01
1.059E+00 5.779E-01 2.748E+00 6.60E-01
1.000E+00 6.455E-01 2.252E+00 6.05E-01
9.441E-01 7.161E-01 2.143E+00 5.91E-01
8.913E-01 6.429E-01 1.759E+00 5.53E-01
8.414E-01 7.851E-01 1.463E+00 4.94E-01
7.943E-01 7.234E-01 1.419E+00 5.32E-01
7.499E-01 7.786E-01 1.234E+00 5.13E-01
7.079E-01 7.738E-01 1.415E+00 6.19E-01
6.683E-01 8.183E-01 1.467E+00 6.86E-01
6.310E-01 8.072E-01 1.784E+00 7.49E-01
5.957E-01 8.290E-01 1.866E+00 8.15E-01
5.623E-01 8.063E-01 2.023E+00 8.30E-01
5.309E-01 8.293E-01 2.012E+00 8.41E-01
5.012E-01 8.222E-01 1.817E+00 8.40E-01
4.732E-01 8.344E-01 1.586E+00 8.19E-01
4.467E-01 8.348E-01 1.399E+00 7.98E-01
4.217E-01 8.509E-01 1.342E+00 7.88E-01
3.981E-01 8.724E-01 1.430E+00 8.12E-01
3.758E-01 8.885E-01 1.589E+00 8.40E-01
3.548E-01 8.971E-01 1.658E+00 8.53E-01
3.350E-01 9.012E-01 1.536E+00 8.52E-01
3.162E-01 9.030E-01 1.331E+00 8.43E-01
2.985E-01 9.174E-01 1.287E+00 8.52E-01
2.818E-01 9.280E-01 1.447E+00 8.73E-01
2.661E-01 9.213E-01 1.444E+00 8.75E-01
2.512E-01 9.341E-01 1.277E+00 8.64E-01
2.371E-01 9.422E-01 1.351E+00 8.77E-01
2.239E-01 9.408E-01 1.338E+00 8.81E-01
2.113E-01 9.709E-01 1.280E+00 8.87E-01
1.995E-01 1.008E+00 1.219E+00 8.97E-01
1.884E-01 1.008E+00 1.228E+00 8.99E-01
1.778E-01 9.935E-01 1.229E+00 8.93E-01
1.679E-01 9.758E-01 1.238E+00 8.86E-01
1.585E-01 9.575E-01 1.249E+00 8.77E-01
1.496E-01 9.419E-01 1.260E+00 8.70E-01
1.413E-01 9.358E-01 1.261E+00 8.71E-01
1.334E-01 9.315E-01 1.259E+00 8.73E-01
1.259E-01 9.244E-01 1.260E+00 8.73E-01
1.189E-01 9.154E-01 1.264E+00 8.71E-01
1.122E-01 9.042E-01 1.270E+00 8.68E-01
1.059E-01 8.892E-01 1.281E+00 8.62E-01
1.000E-01 8.732E-01 1.291E+00 8.57E-01
9.441E-02 8.623E-01 1.295E+00 8.57E-01
8.913E-02 8.619E-01 1.285E+00 8.65E-01
8.414E-02 8.546E-01 1.287E+00 8.63E-01
7.943E-02 8.330E-01 1.303E+00 8.55E-01
7.499E-02 8.071E-01 1.321E+00 8.48E-01
7.079E-02 7.855E-01 1.334E+00 8.44E-01
6.683E-02 7.598E-01 1.350E+00 8.38E-01
6.310E-02 7.337E-01 1.364E+00 8.37E-01
5.957E-02 7.518E-01 1.330E+00 8.66E-01
5.623E-02 8.282E-01 1.242E+00 9.14E-01
5.309E-02 8.576E-01 1.206E+00 9.31E-01
5.012E-02 8.760E-01 1.183E+00 9.42E-01
4.732E-02 8.882E-01 1.167E+00 9.50E-01
4.467E-02 8.970E-01 1.154E+00 9.56E-01
4.217E-02 9.035E-01 1.144E+00 9.60E-01
3.981E-02 9.086E-01 1.135E+00 9.64E-01
3.758E-02 9.129E-01 1.128E+00 9.68E-01
3.548E-02 9.166E-01 1.121E+00 9.71E-01
3.350E-02 9.199E-01 1.115E+00 9.74E-01
3.162E-02 9.230E-01 1.109E+00 9.76E-01
2.985E-02 9.261E-01 1.103E+00 9.79E-01
2.818E-02 9.291E-01 1.097E+00 9.81E-01
2.661E-02 9.322E-01 1.091E+00 9.83E-01
2.512E-02 9.355E-01 1.085E+00 9.85E-01
2.371E-02 9.395E-01 1.078E+00 9.87E-01
2.239E-02 9.444E-01 1.071E+00 9.89E-01
2.113E-02 9.474E-01 1.066E+00 9.90E-01
1.995E-02 9.519E-01 1.059E+00 9.92E-01
1.884E-02 9.576E-01 1.053E+00 9.93E-01
1.778E-02 9.569E-01 1.052E+00 9.93E-01
1.679E-02 9.583E-01 1.049E+00 9.94E-01
1.585E-02 9.602E-01 1.046E+00 9.95E-01
1.496E-02 9.621E-01 1.042E+00 9.96E-01
1.413E-02 9.643E-01 1.038E+00 9.96E-01
1.334E-02 9.684E-01 1.033E+00 9.97E-01
1.259E-02 9.696E-01 1.031E+00 9.97E-01
1.189E-02 9.698E-01 1.029E+00 9.97E-01
1.122E-02 9.722E-01 1.025E+00 9.98E-01
1.059E-02 9.814E-01 1.016E+00 9.98E-01
1.000E-02 9.763E-01 1.021E+00 9.98E-01
9.441E-03 9.753E-01 1.022E+00 9.98E-01
8.913E-03 9.751E-01 1.021E+00 9.99E-01
8.414E-03 9.751E-01 1.020E+00 9.99E-01
7.943E-03 9.753E-01 1.019E+00 9.99E-01
7.499E-03 9.759E-01 1.017E+00 9.99E-01
7.079E-03 9.769E-01 1.016E+00 9.99E-01
6.683E-03 9.764E-01 1.017E+00 9.99E-01
6.310E-03 9.760E-01 1.017E+00 9.99E-01
5.957E-03 9.754E-01 1.018E+00 9.99E-01
5.623E-03 9.745E-01 1.019E+00 1.00E+00
5.309E-03 9.733E-01 1.022E+00 1.00E+00
5.012E-03 9.714E-01 1.025E+00 1.00E+00
4.732E-03 9.689E-01 1.029E+00 1.00E+00
4.467E-03 9.653E-01 1.036E+00 1.00E+00
4.217E-03 9.614E-01 1.038E+00 9.99E-01
3.981E-03 9.546E-01 1.045E+00 9.99E-01
3.758E-03 9.459E-01 1.053E+00 9.99E-01
3.548E-03 9.348E-01 1.064E+00 9.99E-01
3.350E-03 9.207E-01 1.078E+00 9.99E-01
3.162E-03 9.034E-01 1.095E+00 9.99E-01
2.985E-03 8.826E-01 1.115E+00 9.99E-01
2.818E-03 8.568E-01 1.140E+00 9.99E-01
2.661E-03 8.255E-01 1.171E+00 1.00E+00
2.512E-03 7.910E-01 1.203E+00 1.00E+00
2.371E-03 7.528E-01 1.232E+00 1.00E+00
2.239E-03 9.354E-01 1.058E+00 1.00E+00
2.113E-03 9.208E-01 1.073E+00 1.00E+00
1.995E-03 9.024E-01 1.090E+00 1.00E+00
1.884E-03 8.796E-01 1.111E+00 1.00E+00
1.778E-03 8.520E-01 1.135E+00 1.00E+00
1.679E-03 8.194E-01 1.151E+00 1.00E+00
1.585E-03 9.154E-01 1.073E+00 1.00E+00
1.496E-03 8.933E-01 1.092E+00 1.00E+00
1.413E-03 8.879E-01 1.098E+00 1.00E+00
1.334E-03 8.611E-01 1.123E+00 1.00E+00
1.259E-03 8.296E-01 1.151E+00 1.00E+00
1.189E-03 7.933E-01 1.183E+00 1.00E+00
1.122E-03 7.511E-01 1.220E+00 1.00E+00
1.059E-03 7.050E-01 1.258E+00 1.00E+00
