w(micron)  Q_abs     Q_sca     g=<cos>
1.000E+03 3.089E-05 6.342E-12 9.99E-07
9.441E+02 3.466E-05 7.984E-12 1.12E-06
8.913E+02 3.890E-05 1.005E-11 1.26E-06
8.414E+02 4.365E-05 1.265E-11 1.41E-06
7.943E+02 4.898E-05 1.593E-11 1.58E-06
7.499E+02 5.496E-05 2.006E-11 1.78E-06
7.079E+02 6.167E-05 2.525E-11 1.99E-06
6.683E+02 6.921E-05 3.179E-11 2.24E-06
6.310E+02 7.766E-05 4.002E-11 2.51E-06
5.957E+02 8.715E-05 5.039E-11 2.81E-06
5.623E+02 9.779E-05 6.343E-11 3.16E-06
5.309E+02 1.097E-04 7.986E-11 3.54E-06
5.012E+02 1.232E-04 1.006E-10 3.97E-06
4.732E+02 1.382E-04 1.266E-10 4.46E-06
4.467E+02 1.551E-04 1.594E-10 5.00E-06
4.217E+02 1.741E-04 2.007E-10 5.61E-06
3.981E+02 1.955E-04 2.526E-10 6.29E-06
3.758E+02 2.194E-04 3.181E-10 7.05E-06
3.548E+02 2.463E-04 4.004E-10 7.91E-06
3.350E+02 2.764E-04 5.042E-10 8.87E-06
3.162E+02 3.103E-04 6.348E-10 9.95E-06
2.985E+02 3.483E-04 7.993E-10 1.12E-05
2.818E+02 3.912E-04 1.006E-09 1.25E-05
2.661E+02 4.394E-04 1.267E-09 1.40E-05
2.512E+02 4.935E-04 1.595E-09 1.57E-05
2.371E+02 5.543E-04 2.009E-09 1.76E-05
2.239E+02 6.226E-04 2.529E-09 1.97E-05
2.113E+02 6.994E-04 3.185E-09 2.21E-05
1.995E+02 7.857E-04 4.011E-09 2.48E-05
1.884E+02 8.830E-04 5.050E-09 2.78E-05
1.778E+02 9.925E-04 6.360E-09 3.11E-05
1.679E+02 1.116E-03 8.009E-09 3.48E-05
1.585E+02 1.255E-03 1.009E-08 3.90E-05
1.496E+02 1.412E-03 1.270E-08 4.36E-05
1.413E+02 1.588E-03 1.600E-08 4.88E-05
1.334E+02 1.787E-03 2.015E-08 5.46E-05
1.259E+02 2.012E-03 2.538E-08 6.10E-05
1.189E+02 2.267E-03 3.196E-08 6.81E-05
1.122E+02 2.554E-03 4.026E-08 7.60E-05
1.059E+02 2.878E-03 5.072E-08 8.48E-05
1.000E+02 3.247E-03 6.388E-08 9.44E-05
9.441E+01 3.663E-03 8.047E-08 1.05E-04
8.913E+01 4.134E-03 1.014E-07 1.17E-04
8.414E+01 4.666E-03 1.277E-07 1.30E-04
7.943E+01 5.273E-03 1.609E-07 1.44E-04
7.499E+01 5.962E-03 2.026E-07 1.59E-04
7.079E+01 6.743E-03 2.551E-07 1.76E-04
6.683E+01 7.625E-03 3.213E-07 1.94E-04
6.310E+01 8.630E-03 4.044E-07 2.14E-04
5.957E+01 9.765E-03 5.089E-07 2.34E-04
5.623E+01 1.105E-02 6.401E-07 2.57E-04
5.309E+01 1.249E-02 8.048E-07 2.81E-04
5.012E+01 1.412E-02 1.011E-06 3.06E-04
4.732E+01 1.595E-02 1.270E-06 3.32E-04
4.467E+01 1.800E-02 1.594E-06 3.61E-04
4.217E+01 2.031E-02 1.999E-06 3.91E-04
3.981E+01 2.286E-02 2.502E-06 4.22E-04
3.758E+01 2.569E-02 3.130E-06 4.56E-04
3.548E+01 2.873E-02 3.924E-06 4.95E-04
3.350E+01 3.217E-02 4.920E-06 5.35E-04
3.162E+01 3.624E-02 6.166E-06 5.76E-04
2.985E+01 4.092E-02 7.716E-06 6.18E-04
2.818E+01 4.620E-02 9.622E-06 6.62E-04
2.661E+01 5.226E-02 1.200E-05 7.08E-04
2.512E+01 5.925E-02 1.498E-05 7.56E-04
2.371E+01 6.707E-02 1.852E-05 8.07E-04
2.239E+01 7.619E-02 2.291E-05 8.60E-04
2.113E+01 8.673E-02 2.796E-05 9.15E-04
1.995E+01 9.937E-02 3.374E-05 9.70E-04
1.884E+01 1.107E-01 3.775E-05 1.04E-03
1.778E+01 1.113E-01 3.872E-05 1.18E-03
1.679E+01 1.015E-01 3.898E-05 1.37E-03
1.585E+01 8.684E-02 4.221E-05 1.62E-03
1.496E+01 7.372E-02 5.224E-05 1.93E-03
1.413E+01 6.645E-02 7.510E-05 2.35E-03
1.334E+01 7.949E-02 1.164E-04 2.75E-03
1.259E+01 1.051E-01 1.684E-04 2.97E-03
1.189E+01 1.398E-01 2.332E-04 3.03E-03
1.122E+01 1.819E-01 3.101E-04 3.00E-03
1.059E+01 2.403E-01 4.112E-04 2.92E-03
1.000E+01 2.917E-01 4.609E-04 3.00E-03
9.441E+00 3.254E-01 4.672E-04 3.20E-03
8.913E+00 2.418E-01 2.500E-04 3.77E-03
8.414E+00 1.564E-01 1.225E-04 4.48E-03
7.943E+00 7.280E-02 5.440E-05 5.29E-03
7.499E+00 3.245E-02 1.160E-04 6.32E-03
7.079E+00 2.563E-02 2.391E-04 7.42E-03
6.683E+00 2.547E-02 3.829E-04 8.55E-03
6.310E+00 2.540E-02 5.561E-04 9.76E-03
5.957E+00 2.493E-02 7.732E-04 1.11E-02
5.623E+00 2.464E-02 1.050E-03 1.26E-02
5.309E+00 2.474E-02 1.404E-03 1.43E-02
5.012E+00 2.521E-02 1.857E-03 1.61E-02
4.732E+00 2.601E-02 2.430E-03 1.82E-02
4.467E+00 2.704E-02 3.160E-03 2.05E-02
4.217E+00 2.829E-02 4.083E-03 2.31E-02
3.981E+00 2.958E-02 5.252E-03 2.60E-02
3.758E+00 3.093E-02 6.735E-03 2.92E-02
3.548E+00 3.240E-02 8.616E-03 3.28E-02
3.350E+00 3.397E-02 1.099E-02 3.69E-02
3.162E+00 3.550E-02 1.400E-02 4.14E-02
2.985E+00 3.726E-02 1.782E-02 4.65E-02
2.818E+00 3.925E-02 2.266E-02 5.22E-02
2.661E+00 4.147E-02 2.879E-02 5.86E-02
2.512E+00 4.394E-02 3.654E-02 6.58E-02
2.371E+00 4.675E-02 4.632E-02 7.38E-02
2.239E+00 4.984E-02 5.867E-02 8.28E-02
2.113E+00 5.329E-02 7.417E-02 9.30E-02
1.995E+00 5.714E-02 9.366E-02 1.05E-01
1.884E+00 6.143E-02 1.181E-01 1.18E-01
1.778E+00 6.624E-02 1.484E-01 1.32E-01
1.679E+00 7.173E-02 1.860E-01 1.49E-01
1.585E+00 7.788E-02 2.321E-01 1.69E-01
1.496E+00 8.467E-02 2.881E-01 1.91E-01
1.413E+00 9.222E-02 3.551E-01 2.18E-01
1.334E+00 1.006E-01 4.343E-01 2.48E-01
1.259E+00 1.102E-01 5.263E-01 2.85E-01
1.189E+00 1.218E-01 6.320E-01 3.28E-01
1.122E+00 1.357E-01 7.533E-01 3.78E-01
1.059E+00 1.530E-01 8.948E-01 4.36E-01
1.000E+00 1.749E-01 1.067E+00 4.97E-01
9.441E-01 2.021E-01 1.287E+00 5.52E-01
8.913E-01 2.319E-01 1.570E+00 5.90E-01
8.414E-01 2.568E-01 1.896E+00 6.02E-01
7.943E-01 2.676E-01 2.192E+00 5.94E-01
7.499E-01 2.654E-01 2.386E+00 5.81E-01
7.079E-01 2.636E-01 2.497E+00 5.80E-01
6.683E-01 2.778E-01 2.610E+00 5.98E-01
6.310E-01 3.184E-01 2.833E+00 6.35E-01
5.957E-01 3.776E-01 3.224E+00 6.78E-01
5.623E-01 4.079E-01 3.593E+00 7.02E-01
5.309E-01 3.927E-01 3.648E+00 6.99E-01
5.012E-01 3.863E-01 3.524E+00 6.79E-01
4.732E-01 4.367E-01 3.543E+00 6.68E-01
4.467E-01 5.216E-01 3.847E+00 6.89E-01
4.217E-01 5.006E-01 3.775E+00 7.07E-01
3.981E-01 4.858E-01 3.330E+00 6.86E-01
3.758E-01 5.828E-01 3.111E+00 6.36E-01
3.548E-01 6.103E-01 3.069E+00 6.43E-01
3.350E-01 5.574E-01 2.487E+00 6.19E-01
3.162E-01 6.948E-01 2.043E+00 5.29E-01
2.985E-01 6.493E-01 1.851E+00 5.16E-01
2.818E-01 6.555E-01 1.366E+00 4.40E-01
2.661E-01 7.146E-01 1.333E+00 4.91E-01
2.512E-01 6.939E-01 1.364E+00 5.46E-01
2.371E-01 6.998E-01 1.683E+00 6.95E-01
2.239E-01 7.898E-01 2.000E+00 7.62E-01
2.113E-01 8.414E-01 2.127E+00 8.12E-01
1.995E-01 9.344E-01 1.709E+00 7.98E-01
1.884E-01 1.075E+00 1.270E+00 7.92E-01
1.778E-01 1.174E+00 1.261E+00 8.45E-01
1.679E-01 1.183E+00 1.288E+00 8.66E-01
1.585E-01 1.153E+00 1.275E+00 8.58E-01
1.496E-01 1.127E+00 1.287E+00 8.53E-01
1.413E-01 1.114E+00 1.287E+00 8.55E-01
1.334E-01 1.103E+00 1.285E+00 8.58E-01
1.259E-01 1.090E+00 1.286E+00 8.59E-01
1.189E-01 1.074E+00 1.290E+00 8.59E-01
1.122E-01 1.057E+00 1.298E+00 8.57E-01
1.059E-01 1.036E+00 1.310E+00 8.52E-01
1.000E-01 1.014E+00 1.323E+00 8.49E-01
9.441E-02 9.966E-01 1.327E+00 8.50E-01
8.913E-02 9.875E-01 1.312E+00 8.58E-01
8.414E-02 9.747E-01 1.316E+00 8.57E-01
7.943E-02 9.455E-01 1.334E+00 8.50E-01
7.499E-02 9.092E-01 1.354E+00 8.43E-01
7.079E-02 8.751E-01 1.367E+00 8.40E-01
6.683E-02 8.346E-01 1.382E+00 8.35E-01
6.310E-02 7.899E-01 1.394E+00 8.34E-01
5.957E-02 7.885E-01 1.349E+00 8.63E-01
5.623E-02 8.611E-01 1.243E+00 9.09E-01
5.309E-02 8.887E-01 1.201E+00 9.27E-01
5.012E-02 9.052E-01 1.173E+00 9.38E-01
4.732E-02 9.152E-01 1.153E+00 9.46E-01
4.467E-02 9.215E-01 1.139E+00 9.52E-01
4.217E-02 9.255E-01 1.127E+00 9.57E-01
3.981E-02 9.280E-01 1.118E+00 9.61E-01
3.758E-02 9.296E-01 1.109E+00 9.65E-01
3.548E-02 9.306E-01 1.102E+00 9.68E-01
3.350E-02 9.312E-01 1.095E+00 9.71E-01
3.162E-02 9.316E-01 1.089E+00 9.74E-01
2.985E-02 9.320E-01 1.082E+00 9.76E-01
2.818E-02 9.324E-01 1.076E+00 9.79E-01
2.661E-02 9.329E-01 1.070E+00 9.81E-01
2.512E-02 9.338E-01 1.064E+00 9.83E-01
2.371E-02 9.353E-01 1.057E+00 9.85E-01
2.239E-02 9.392E-01 1.049E+00 9.87E-01
2.113E-02 9.404E-01 1.044E+00 9.89E-01
1.995E-02 9.433E-01 1.038E+00 9.91E-01
1.884E-02 9.503E-01 1.030E+00 9.92E-01
1.778E-02 9.472E-01 1.032E+00 9.92E-01
1.679E-02 9.467E-01 1.031E+00 9.93E-01
1.585E-02 9.468E-01 1.030E+00 9.94E-01
1.496E-02 9.469E-01 1.029E+00 9.95E-01
1.413E-02 9.472E-01 1.030E+00 9.96E-01
1.334E-02 9.511E-01 1.026E+00 9.96E-01
1.259E-02 9.514E-01 1.027E+00 9.97E-01
1.189E-02 9.490E-01 1.033E+00 9.97E-01
1.122E-02 9.487E-01 1.039E+00 9.98E-01
1.059E-02 9.660E-01 9.997E-01 9.98E-01
1.000E-02 9.576E-01 1.024E+00 9.98E-01
9.441E-03 9.535E-01 1.035E+00 9.98E-01
8.913E-03 9.498E-01 1.046E+00 9.98E-01
8.414E-03 9.457E-01 1.059E+00 9.99E-01
7.943E-03 9.410E-01 1.076E+00 9.99E-01
7.499E-03 9.355E-01 1.099E+00 9.99E-01
7.079E-03 9.361E-01 1.102E+00 9.99E-01
6.683E-03 9.282E-01 1.129E+00 9.99E-01
6.310E-03 9.186E-01 1.164E+00 9.99E-01
5.957E-03 9.071E-01 1.206E+00 9.99E-01
5.623E-03 8.927E-01 1.256E+00 1.00E+00
5.309E-03 8.758E-01 1.314E+00 1.00E+00
5.012E-03 8.560E-01 1.377E+00 1.00E+00
4.732E-03 8.330E-01 1.443E+00 1.00E+00
4.467E-03 8.066E-01 1.510E+00 1.00E+00
4.217E-03 7.771E-01 1.573E+00 1.00E+00
3.981E-03 7.446E-01 1.629E+00 1.00E+00
3.758E-03 7.091E-01 1.673E+00 1.00E+00
3.548E-03 6.712E-01 1.702E+00 1.00E+00
3.350E-03 6.313E-01 1.712E+00 1.00E+00
3.162E-03 5.902E-01 1.699E+00 1.00E+00
2.985E-03 5.490E-01 1.666E+00 1.00E+00
2.818E-03 5.059E-01 1.604E+00 1.00E+00
2.661E-03 4.619E-01 1.513E+00 1.00E+00
2.512E-03 4.206E-01 1.360E+00 1.00E+00
2.371E-03 3.812E-01 9.277E-01 1.00E+00
2.239E-03 6.613E-01 9.053E-01 1.00E+00
2.113E-03 6.231E-01 9.713E-01 1.00E+00
1.995E-03 5.820E-01 9.879E-01 1.00E+00
1.884E-03 5.393E-01 9.523E-01 1.00E+00
1.778E-03 4.957E-01 8.770E-01 1.00E+00
1.679E-03 4.522E-01 6.040E-01 1.00E+00
1.585E-03 6.085E-01 7.461E-01 1.00E+00
1.496E-03 5.630E-01 7.440E-01 1.00E+00
1.413E-03 5.531E-01 7.659E-01 1.00E+00
1.334E-03 5.088E-01 9.339E-01 1.00E+00
1.259E-03 4.649E-01 9.044E-01 1.00E+00
1.189E-03 4.219E-01 8.664E-01 1.00E+00
1.122E-03 3.789E-01 8.193E-01 1.00E+00
1.059E-03 3.384E-01 7.643E-01 1.00E+00
