w(micron)  Q_abs     Q_sca     g=<cos>
1.000E+03 1.230E-05 1.593E-13 0.00E+00
9.441E+02 1.380E-05 2.006E-13 0.00E+00
8.913E+02 1.548E-05 2.525E-13 0.00E+00
8.414E+02 1.738E-05 3.179E-13 0.00E+00
7.943E+02 1.950E-05 4.002E-13 0.00E+00
7.499E+02 2.188E-05 5.038E-13 0.00E+00
7.079E+02 2.455E-05 6.342E-13 0.00E+00
6.683E+02 2.755E-05 7.985E-13 0.00E+00
6.310E+02 3.092E-05 1.005E-12 0.00E+00
5.957E+02 3.469E-05 1.266E-12 0.00E+00
5.623E+02 3.893E-05 1.593E-12 0.00E+00
5.309E+02 4.369E-05 2.006E-12 5.61E-07
5.012E+02 4.903E-05 2.526E-12 6.29E-07
4.732E+02 5.503E-05 3.180E-12 7.06E-07
4.467E+02 6.176E-05 4.004E-12 7.92E-07
4.217E+02 6.933E-05 5.041E-12 8.89E-07
3.981E+02 7.782E-05 6.346E-12 9.97E-07
3.758E+02 8.735E-05 7.989E-12 1.12E-06
3.548E+02 9.805E-05 1.006E-11 1.25E-06
3.350E+02 1.100E-04 1.266E-11 1.41E-06
3.162E+02 1.235E-04 1.595E-11 1.58E-06
2.985E+02 1.387E-04 2.008E-11 1.77E-06
2.818E+02 1.557E-04 2.528E-11 1.98E-06
2.661E+02 1.749E-04 3.183E-11 2.22E-06
2.512E+02 1.965E-04 4.007E-11 2.49E-06
2.371E+02 2.206E-04 5.046E-11 2.79E-06
2.239E+02 2.478E-04 6.353E-11 3.13E-06
2.113E+02 2.784E-04 8.000E-11 3.51E-06
1.995E+02 3.128E-04 1.007E-10 3.93E-06
1.884E+02 3.515E-04 1.269E-10 4.40E-06
1.778E+02 3.951E-04 1.598E-10 4.93E-06
1.679E+02 4.442E-04 2.012E-10 5.52E-06
1.585E+02 4.995E-04 2.533E-10 6.18E-06
1.496E+02 5.618E-04 3.191E-10 6.91E-06
1.413E+02 6.321E-04 4.018E-10 7.73E-06
1.334E+02 7.113E-04 5.061E-10 8.65E-06
1.259E+02 8.008E-04 6.375E-10 9.66E-06
1.189E+02 9.022E-04 8.028E-10 1.08E-05
1.122E+02 1.016E-03 1.011E-09 1.20E-05
1.059E+02 1.145E-03 1.274E-09 1.34E-05
1.000E+02 1.292E-03 1.604E-09 1.50E-05
9.441E+01 1.457E-03 2.021E-09 1.67E-05
8.913E+01 1.645E-03 2.546E-09 1.85E-05
8.414E+01 1.856E-03 3.207E-09 2.06E-05
7.943E+01 2.098E-03 4.040E-09 2.28E-05
7.499E+01 2.371E-03 5.088E-09 2.53E-05
7.079E+01 2.682E-03 6.406E-09 2.79E-05
6.683E+01 3.032E-03 8.067E-09 3.08E-05
6.310E+01 3.432E-03 1.015E-08 3.39E-05
5.957E+01 3.882E-03 1.278E-08 3.72E-05
5.623E+01 4.393E-03 1.607E-08 4.07E-05
5.309E+01 4.965E-03 2.021E-08 4.45E-05
5.012E+01 5.611E-03 2.539E-08 4.84E-05
4.732E+01 6.338E-03 3.188E-08 5.27E-05
4.467E+01 7.153E-03 4.002E-08 5.72E-05
4.217E+01 8.066E-03 5.019E-08 6.19E-05
3.981E+01 9.081E-03 6.280E-08 6.70E-05
3.758E+01 1.020E-02 7.855E-08 7.24E-05
3.548E+01 1.140E-02 9.847E-08 7.85E-05
3.350E+01 1.277E-02 1.234E-07 8.49E-05
3.162E+01 1.438E-02 1.547E-07 9.14E-05
2.985E+01 1.623E-02 1.936E-07 9.80E-05
2.818E+01 1.832E-02 2.413E-07 1.05E-04
2.661E+01 2.072E-02 3.009E-07 1.12E-04
2.512E+01 2.349E-02 3.756E-07 1.20E-04
2.371E+01 2.658E-02 4.643E-07 1.28E-04
2.239E+01 3.019E-02 5.743E-07 1.36E-04
2.113E+01 3.436E-02 7.006E-07 1.45E-04
1.995E+01 3.936E-02 8.454E-07 1.54E-04
1.884E+01 4.384E-02 9.461E-07 1.66E-04
1.778E+01 4.411E-02 9.708E-07 1.87E-04
1.679E+01 4.020E-02 9.776E-07 2.17E-04
1.585E+01 3.438E-02 1.058E-06 2.57E-04
1.496E+01 2.915E-02 1.309E-06 3.07E-04
1.413E+01 2.623E-02 1.880E-06 3.73E-04
1.334E+01 3.130E-02 2.910E-06 4.36E-04
1.259E+01 4.129E-02 4.207E-06 4.72E-04
1.189E+01 5.489E-02 5.822E-06 4.81E-04
1.122E+01 7.141E-02 7.742E-06 4.78E-04
1.059E+01 9.439E-02 1.027E-05 4.64E-04
1.000E+01 1.149E-01 1.155E-05 4.76E-04
9.441E+00 1.289E-01 1.176E-05 5.07E-04
8.913E+00 9.621E-02 6.328E-06 5.97E-04
8.414E+00 6.220E-02 3.102E-06 7.10E-04
7.943E+00 2.887E-02 1.376E-06 8.39E-04
7.499E+00 1.280E-02 2.925E-06 1.00E-03
7.079E+00 1.006E-02 6.012E-06 1.18E-03
6.683E+00 9.956E-03 9.612E-06 1.36E-03
6.310E+00 9.890E-03 1.394E-05 1.55E-03
5.957E+00 9.668E-03 1.936E-05 1.77E-03
5.623E+00 9.514E-03 2.626E-05 2.00E-03
5.309E+00 9.508E-03 3.506E-05 2.27E-03
5.012E+00 9.638E-03 4.630E-05 2.57E-03
4.732E+00 9.886E-03 6.050E-05 2.90E-03
4.467E+00 1.021E-02 7.854E-05 3.27E-03
4.217E+00 1.061E-02 1.013E-04 3.69E-03
3.981E+00 1.101E-02 1.301E-04 4.15E-03
3.758E+00 1.141E-02 1.665E-04 4.67E-03
3.548E+00 1.185E-02 2.125E-04 5.25E-03
3.350E+00 1.229E-02 2.706E-04 5.91E-03
3.162E+00 1.271E-02 3.438E-04 6.64E-03
2.985E+00 1.317E-02 4.366E-04 7.46E-03
2.818E+00 1.369E-02 5.539E-04 8.38E-03
2.661E+00 1.425E-02 7.023E-04 9.41E-03
2.512E+00 1.487E-02 8.894E-04 1.06E-02
2.371E+00 1.555E-02 1.125E-03 1.19E-02
2.239E+00 1.627E-02 1.424E-03 1.33E-02
2.113E+00 1.706E-02 1.799E-03 1.49E-02
1.995E+00 1.792E-02 2.273E-03 1.67E-02
1.884E+00 1.885E-02 2.871E-03 1.88E-02
1.778E+00 1.986E-02 3.626E-03 2.11E-02
1.679E+00 2.101E-02 4.579E-03 2.36E-02
1.585E+00 2.226E-02 5.782E-03 2.65E-02
1.496E+00 2.361E-02 7.302E-03 2.97E-02
1.413E+00 2.508E-02 9.218E-03 3.33E-02
1.334E+00 2.667E-02 1.164E-02 3.73E-02
1.259E+00 2.842E-02 1.469E-02 4.18E-02
1.189E+00 3.041E-02 1.856E-02 4.69E-02
1.122E+00 3.261E-02 2.343E-02 5.25E-02
1.059E+00 3.503E-02 2.959E-02 5.89E-02
1.000E+00 3.770E-02 3.735E-02 6.60E-02
9.441E-01 4.067E-02 4.714E-02 7.40E-02
8.913E-01 4.394E-02 5.949E-02 8.30E-02
8.414E-01 4.755E-02 7.505E-02 9.32E-02
7.943E-01 5.154E-02 9.460E-02 1.05E-01
7.499E-01 5.598E-02 1.191E-01 1.18E-01
7.079E-01 6.090E-02 1.496E-01 1.33E-01
6.683E-01 6.636E-02 1.875E-01 1.49E-01
6.310E-01 7.246E-02 2.341E-01 1.69E-01
5.957E-01 7.928E-02 2.910E-01 1.92E-01
5.623E-01 8.689E-02 3.597E-01 2.18E-01
5.309E-01 9.548E-02 4.414E-01 2.49E-01
5.012E-01 1.053E-01 5.372E-01 2.86E-01
4.732E-01 1.169E-01 6.489E-01 3.30E-01
4.467E-01 1.310E-01 7.792E-01 3.81E-01
4.217E-01 1.489E-01 9.347E-01 4.40E-01
3.981E-01 1.722E-01 1.130E+00 5.02E-01
3.758E-01 2.012E-01 1.389E+00 5.57E-01
3.548E-01 2.331E-01 1.731E+00 5.91E-01
3.350E-01 2.572E-01 2.121E+00 5.94E-01
3.162E-01 2.625E-01 2.449E+00 5.78E-01
2.985E-01 2.548E-01 2.635E+00 5.62E-01
2.818E-01 2.554E-01 2.747E+00 5.63E-01
2.661E-01 2.857E-01 2.944E+00 5.90E-01
2.512E-01 3.594E-01 3.417E+00 6.36E-01
2.371E-01 4.186E-01 4.041E+00 6.70E-01
2.239E-01 3.826E-01 4.042E+00 6.54E-01
2.113E-01 4.293E-01 3.568E+00 5.95E-01
1.995E-01 7.787E-01 3.388E+00 5.80E-01
1.884E-01 9.990E-01 2.723E+00 6.27E-01
1.778E-01 1.218E+00 1.708E+00 5.85E-01
1.679E-01 1.448E+00 1.198E+00 6.52E-01
1.585E-01 1.495E+00 1.174E+00 7.65E-01
1.496E-01 1.437E+00 1.262E+00 7.87E-01
1.413E-01 1.401E+00 1.284E+00 7.95E-01
1.334E-01 1.378E+00 1.284E+00 8.04E-01
1.259E-01 1.352E+00 1.288E+00 8.10E-01
1.189E-01 1.325E+00 1.292E+00 8.14E-01
1.122E-01 1.297E+00 1.300E+00 8.16E-01
1.059E-01 1.267E+00 1.314E+00 8.15E-01
1.000E-01 1.237E+00 1.325E+00 8.15E-01
9.441E-02 1.211E+00 1.324E+00 8.19E-01
8.913E-02 1.190E+00 1.300E+00 8.29E-01
8.414E-02 1.170E+00 1.308E+00 8.31E-01
7.943E-02 1.133E+00 1.329E+00 8.26E-01
7.499E-02 1.084E+00 1.350E+00 8.22E-01
7.079E-02 1.032E+00 1.360E+00 8.20E-01
6.683E-02 9.674E-01 1.373E+00 8.17E-01
6.310E-02 8.891E-01 1.378E+00 8.17E-01
5.957E-02 8.468E-01 1.311E+00 8.46E-01
5.623E-02 9.059E-01 1.175E+00 8.93E-01
5.309E-02 9.278E-01 1.122E+00 9.12E-01
5.012E-02 9.392E-01 1.088E+00 9.24E-01
4.732E-02 9.442E-01 1.065E+00 9.33E-01
4.467E-02 9.456E-01 1.049E+00 9.40E-01
4.217E-02 9.446E-01 1.037E+00 9.46E-01
3.981E-02 9.422E-01 1.028E+00 9.51E-01
3.758E-02 9.387E-01 1.022E+00 9.56E-01
3.548E-02 9.346E-01 1.017E+00 9.60E-01
3.350E-02 9.300E-01 1.013E+00 9.64E-01
3.162E-02 9.253E-01 1.010E+00 9.67E-01
2.985E-02 9.204E-01 1.009E+00 9.70E-01
2.818E-02 9.154E-01 1.008E+00 9.74E-01
2.661E-02 9.105E-01 1.009E+00 9.77E-01
2.512E-02 9.055E-01 1.009E+00 9.79E-01
2.371E-02 9.011E-01 1.007E+00 9.82E-01
2.239E-02 9.018E-01 9.976E-01 9.84E-01
2.113E-02 8.981E-01 9.973E-01 9.86E-01
1.995E-02 8.959E-01 9.863E-01 9.88E-01
1.884E-02 9.063E-01 9.604E-01 9.89E-01
1.778E-02 8.973E-01 9.835E-01 9.90E-01
1.679E-02 8.910E-01 9.911E-01 9.91E-01
1.585E-02 8.851E-01 9.942E-01 9.93E-01
1.496E-02 8.786E-01 9.951E-01 9.93E-01
1.413E-02 8.713E-01 9.903E-01 9.94E-01
1.334E-02 8.733E-01 9.546E-01 9.95E-01
1.259E-02 8.704E-01 9.589E-01 9.96E-01
1.189E-02 8.582E-01 9.743E-01 9.96E-01
1.122E-02 8.463E-01 9.424E-01 9.97E-01
1.059E-02 8.900E-01 8.152E-01 9.97E-01
1.000E-02 8.722E-01 9.268E-01 9.97E-01
9.441E-03 8.568E-01 9.644E-01 9.97E-01
8.913E-03 8.401E-01 9.852E-01 9.98E-01
8.414E-03 8.213E-01 9.980E-01 9.98E-01
7.943E-03 8.002E-01 1.002E+00 9.98E-01
7.499E-03 7.771E-01 9.825E-01 9.99E-01
7.079E-03 7.761E-01 9.804E-01 9.99E-01
6.683E-03 7.497E-01 9.912E-01 9.99E-01
6.310E-03 7.210E-01 9.907E-01 9.99E-01
5.957E-03 6.907E-01 9.820E-01 9.99E-01
5.623E-03 6.577E-01 9.663E-01 9.99E-01
5.309E-03 6.236E-01 9.431E-01 9.99E-01
5.012E-03 5.886E-01 9.137E-01 9.99E-01
4.732E-03 5.528E-01 8.797E-01 1.00E+00
4.467E-03 5.165E-01 8.409E-01 1.00E+00
4.217E-03 4.803E-01 7.978E-01 1.00E+00
3.981E-03 4.444E-01 7.521E-01 1.00E+00
3.758E-03 4.091E-01 7.038E-01 1.00E+00
3.548E-03 3.747E-01 6.532E-01 1.00E+00
3.350E-03 3.415E-01 6.017E-01 1.00E+00
3.162E-03 3.099E-01 5.495E-01 1.00E+00
2.985E-03 2.805E-01 4.989E-01 1.00E+00
2.818E-03 2.517E-01 4.447E-01 1.00E+00
2.661E-03 2.240E-01 3.896E-01 1.00E+00
2.512E-03 1.995E-01 3.251E-01 1.00E+00
2.371E-03 1.772E-01 1.979E-01 1.00E+00
2.239E-03 3.652E-01 2.433E-01 1.00E+00
2.113E-03 3.343E-01 2.547E-01 1.00E+00
1.995E-03 3.034E-01 2.496E-01 1.00E+00
1.884E-03 2.735E-01 2.296E-01 1.00E+00
1.778E-03 2.449E-01 2.010E-01 1.00E+00
1.679E-03 2.180E-01 1.280E-01 1.00E+00
1.585E-03 3.230E-01 1.831E-01 1.00E+00
1.496E-03 2.898E-01 1.754E-01 1.00E+00
1.413E-03 2.829E-01 1.798E-01 1.00E+00
1.334E-03 2.533E-01 1.737E-01 1.00E+00
1.259E-03 2.256E-01 1.632E-01 1.00E+00
1.189E-03 2.001E-01 1.516E-01 1.00E+00
1.122E-03 1.759E-01 1.393E-01 1.00E+00
1.059E-03 1.540E-01 1.266E-01 1.00E+00
