w(micron)  Q_abs     Q_sca     g=<cos>
1.000E+03 7.760E-05 2.525E-10 6.30E-06
9.441E+02 8.707E-05 3.179E-10 7.07E-06
8.913E+02 9.771E-05 4.002E-10 7.93E-06
8.414E+02 1.096E-04 5.038E-10 8.90E-06
7.943E+02 1.230E-04 6.342E-10 9.99E-06
7.499E+02 1.381E-04 7.985E-10 1.12E-05
7.079E+02 1.549E-04 1.005E-09 1.26E-05
6.683E+02 1.739E-04 1.266E-09 1.41E-05
6.310E+02 1.951E-04 1.593E-09 1.58E-05
5.957E+02 2.189E-04 2.006E-09 1.78E-05
5.623E+02 2.457E-04 2.525E-09 1.99E-05
5.309E+02 2.757E-04 3.180E-09 2.23E-05
5.012E+02 3.094E-04 4.003E-09 2.51E-05
4.732E+02 3.473E-04 5.040E-09 2.81E-05
4.467E+02 3.898E-04 6.346E-09 3.15E-05
4.217E+02 4.375E-04 7.989E-09 3.54E-05
3.981E+02 4.911E-04 1.006E-08 3.97E-05
3.758E+02 5.513E-04 1.266E-08 4.45E-05
3.548E+02 6.188E-04 1.594E-08 4.99E-05
3.350E+02 6.945E-04 2.007E-08 5.60E-05
3.162E+02 7.796E-04 2.527E-08 6.28E-05
2.985E+02 8.753E-04 3.182E-08 7.04E-05
2.818E+02 9.831E-04 4.007E-08 7.89E-05
2.661E+02 1.104E-03 5.045E-08 8.85E-05
2.512E+02 1.240E-03 6.352E-08 9.92E-05
2.371E+02 1.393E-03 7.998E-08 1.11E-04
2.239E+02 1.565E-03 1.007E-07 1.25E-04
2.113E+02 1.758E-03 1.268E-07 1.40E-04
1.995E+02 1.975E-03 1.597E-07 1.56E-04
1.884E+02 2.220E-03 2.011E-07 1.75E-04
1.778E+02 2.496E-03 2.533E-07 1.96E-04
1.679E+02 2.806E-03 3.190E-07 2.20E-04
1.585E+02 3.156E-03 4.017E-07 2.46E-04
1.496E+02 3.551E-03 5.059E-07 2.75E-04
1.413E+02 3.996E-03 6.372E-07 3.08E-04
1.334E+02 4.498E-03 8.026E-07 3.44E-04
1.259E+02 5.065E-03 1.011E-06 3.85E-04
1.189E+02 5.708E-03 1.273E-06 4.30E-04
1.122E+02 6.431E-03 1.604E-06 4.80E-04
1.059E+02 7.249E-03 2.021E-06 5.35E-04
1.000E+02 8.181E-03 2.545E-06 5.96E-04
9.441E+01 9.234E-03 3.207E-06 6.64E-04
8.913E+01 1.043E-02 4.040E-06 7.38E-04
8.414E+01 1.177E-02 5.091E-06 8.20E-04
7.943E+01 1.331E-02 6.413E-06 9.09E-04
7.499E+01 1.506E-02 8.078E-06 1.01E-03
7.079E+01 1.704E-02 1.017E-05 1.11E-03
6.683E+01 1.928E-02 1.282E-05 1.23E-03
6.310E+01 2.184E-02 1.613E-05 1.35E-03
5.957E+01 2.473E-02 2.031E-05 1.48E-03
5.623E+01 2.801E-02 2.555E-05 1.62E-03
5.309E+01 3.168E-02 3.214E-05 1.77E-03
5.012E+01 3.585E-02 4.040E-05 1.93E-03
4.732E+01 4.053E-02 5.075E-05 2.10E-03
4.467E+01 4.580E-02 6.373E-05 2.27E-03
4.217E+01 5.171E-02 7.998E-05 2.46E-03
3.981E+01 5.829E-02 1.001E-04 2.66E-03
3.758E+01 6.559E-02 1.253E-04 2.87E-03
3.548E+01 7.343E-02 1.572E-04 3.11E-03
3.350E+01 8.236E-02 1.973E-04 3.37E-03
3.162E+01 9.290E-02 2.474E-04 3.62E-03
2.985E+01 1.051E-01 3.099E-04 3.88E-03
2.818E+01 1.188E-01 3.867E-04 4.16E-03
2.661E+01 1.346E-01 4.827E-04 4.44E-03
2.512E+01 1.528E-01 6.031E-04 4.74E-03
2.371E+01 1.732E-01 7.463E-04 5.06E-03
2.239E+01 1.970E-01 9.239E-04 5.38E-03
2.113E+01 2.244E-01 1.128E-03 5.73E-03
1.995E+01 2.572E-01 1.361E-03 6.07E-03
1.884E+01 2.861E-01 1.520E-03 6.54E-03
1.778E+01 2.874E-01 1.556E-03 7.39E-03
1.679E+01 2.621E-01 1.565E-03 8.60E-03
1.585E+01 2.252E-01 1.696E-03 1.02E-02
1.496E+01 1.926E-01 2.105E-03 1.21E-02
1.413E+01 1.757E-01 3.043E-03 1.47E-02
1.334E+01 2.133E-01 4.746E-03 1.72E-02
1.259E+01 2.845E-01 6.897E-03 1.86E-02
1.189E+01 3.800E-01 9.564E-03 1.88E-02
1.122E+01 4.930E-01 1.269E-02 1.87E-02
1.059E+01 6.441E-01 1.667E-02 1.82E-02
1.000E+01 7.626E-01 1.824E-02 1.89E-02
9.441E+00 8.219E-01 1.783E-02 2.05E-02
8.913E+00 5.978E-01 9.293E-03 2.43E-02
8.414E+00 3.907E-01 4.566E-03 2.87E-02
7.943E+00 1.859E-01 2.055E-03 3.36E-02
7.499E+00 8.573E-02 4.484E-03 3.99E-02
7.079E+00 6.957E-02 9.374E-03 4.65E-02
6.683E+00 7.063E-02 1.513E-02 5.35E-02
6.310E+00 7.187E-02 2.211E-02 6.11E-02
5.957E+00 7.200E-02 3.087E-02 6.94E-02
5.623E+00 7.271E-02 4.210E-02 7.87E-02
5.309E+00 7.466E-02 5.643E-02 8.91E-02
5.012E+00 7.787E-02 7.473E-02 1.01E-01
4.732E+00 8.228E-02 9.772E-02 1.14E-01
4.467E+00 8.766E-02 1.267E-01 1.29E-01
4.217E+00 9.402E-02 1.626E-01 1.46E-01
3.981E+00 1.008E-01 2.069E-01 1.66E-01
3.758E+00 1.082E-01 2.612E-01 1.88E-01
3.548E+00 1.163E-01 3.266E-01 2.15E-01
3.350E+00 1.252E-01 4.039E-01 2.46E-01
3.162E+00 1.346E-01 4.942E-01 2.82E-01
2.985E+00 1.459E-01 5.988E-01 3.25E-01
2.818E+00 1.597E-01 7.192E-01 3.76E-01
2.661E+00 1.771E-01 8.598E-01 4.33E-01
2.512E+00 1.993E-01 1.030E+00 4.94E-01
2.371E+00 2.270E-01 1.246E+00 5.51E-01
2.239E+00 2.574E-01 1.524E+00 5.90E-01
2.113E+00 2.821E-01 1.844E+00 6.03E-01
1.995E+00 2.920E-01 2.141E+00 5.96E-01
1.884E+00 2.879E-01 2.342E+00 5.84E-01
1.778E+00 2.842E-01 2.460E+00 5.83E-01
1.679E+00 2.975E-01 2.576E+00 6.00E-01
1.585E+00 3.380E-01 2.793E+00 6.37E-01
1.496E+00 3.969E-01 3.169E+00 6.80E-01
1.413E+00 4.271E-01 3.530E+00 7.04E-01
1.334E+00 4.111E-01 3.600E+00 7.02E-01
1.259E+00 4.017E-01 3.491E+00 6.85E-01
1.189E+00 4.467E-01 3.496E+00 6.74E-01
1.122E+00 5.302E-01 3.773E+00 6.94E-01
1.059E+00 5.195E-01 3.776E+00 7.14E-01
1.000E+00 4.974E-01 3.395E+00 7.03E-01
9.441E-01 5.705E-01 3.143E+00 6.63E-01
8.913E-01 6.371E-01 3.187E+00 6.65E-01
8.414E-01 5.722E-01 2.755E+00 6.59E-01
7.943E-01 6.401E-01 2.254E+00 6.03E-01
7.499E-01 7.095E-01 2.145E+00 5.89E-01
7.079E-01 6.369E-01 1.756E+00 5.50E-01
6.683E-01 7.812E-01 1.463E+00 4.91E-01
6.310E-01 7.170E-01 1.420E+00 5.29E-01
5.957E-01 7.784E-01 1.238E+00 5.12E-01
5.623E-01 7.691E-01 1.432E+00 6.22E-01
5.309E-01 8.206E-01 1.491E+00 6.90E-01
5.012E-01 8.041E-01 1.818E+00 7.54E-01
4.732E-01 8.149E-01 1.899E+00 8.18E-01
4.467E-01 8.029E-01 2.031E+00 8.32E-01
4.217E-01 8.326E-01 2.013E+00 8.36E-01
3.981E-01 8.117E-01 1.783E+00 8.34E-01
3.758E-01 8.293E-01 1.524E+00 8.05E-01
3.548E-01 8.283E-01 1.349E+00 7.86E-01
3.350E-01 8.311E-01 1.358E+00 7.83E-01
3.162E-01 8.450E-01 1.523E+00 8.13E-01
2.985E-01 8.604E-01 1.677E+00 8.43E-01
2.818E-01 8.715E-01 1.619E+00 8.49E-01
2.661E-01 8.876E-01 1.373E+00 8.38E-01
2.512E-01 9.056E-01 1.294E+00 8.40E-01
2.371E-01 9.012E-01 1.504E+00 8.63E-01
2.239E-01 9.100E-01 1.434E+00 8.57E-01
2.113E-01 9.588E-01 1.267E+00 8.61E-01
1.995E-01 1.019E+00 1.293E+00 8.92E-01
1.884E-01 1.036E+00 1.227E+00 8.94E-01
1.778E-01 1.024E+00 1.233E+00 8.91E-01
1.679E-01 1.004E+00 1.243E+00 8.84E-01
1.585E-01 9.845E-01 1.255E+00 8.76E-01
1.496E-01 9.677E-01 1.266E+00 8.69E-01
1.413E-01 9.608E-01 1.267E+00 8.70E-01
1.334E-01 9.556E-01 1.265E+00 8.72E-01
1.259E-01 9.475E-01 1.266E+00 8.72E-01
1.189E-01 9.376E-01 1.270E+00 8.70E-01
1.122E-01 9.255E-01 1.276E+00 8.67E-01
1.059E-01 9.097E-01 1.287E+00 8.61E-01
1.000E-01 8.928E-01 1.298E+00 8.57E-01
9.441E-02 8.808E-01 1.302E+00 8.57E-01
8.913E-02 8.791E-01 1.291E+00 8.65E-01
8.414E-02 8.710E-01 1.293E+00 8.63E-01
7.943E-02 8.482E-01 1.310E+00 8.55E-01
7.499E-02 8.207E-01 1.328E+00 8.48E-01
7.079E-02 7.973E-01 1.341E+00 8.43E-01
6.683E-02 7.696E-01 1.357E+00 8.38E-01
6.310E-02 7.410E-01 1.371E+00 8.37E-01
5.957E-02 7.568E-01 1.335E+00 8.66E-01
5.623E-02 8.328E-01 1.245E+00 9.14E-01
5.309E-02 8.621E-01 1.208E+00 9.31E-01
5.012E-02 8.803E-01 1.184E+00 9.42E-01
4.732E-02 8.923E-01 1.167E+00 9.50E-01
4.467E-02 9.007E-01 1.154E+00 9.55E-01
4.217E-02 9.069E-01 1.144E+00 9.60E-01
3.981E-02 9.117E-01 1.135E+00 9.64E-01
3.758E-02 9.156E-01 1.128E+00 9.68E-01
3.548E-02 9.190E-01 1.121E+00 9.71E-01
3.350E-02 9.219E-01 1.114E+00 9.73E-01
3.162E-02 9.247E-01 1.108E+00 9.76E-01
2.985E-02 9.274E-01 1.102E+00 9.78E-01
2.818E-02 9.301E-01 1.096E+00 9.81E-01
2.661E-02 9.329E-01 1.090E+00 9.83E-01
2.512E-02 9.359E-01 1.084E+00 9.85E-01
2.371E-02 9.396E-01 1.077E+00 9.87E-01
2.239E-02 9.443E-01 1.070E+00 9.89E-01
2.113E-02 9.472E-01 1.064E+00 9.90E-01
1.995E-02 9.515E-01 1.057E+00 9.92E-01
1.884E-02 9.574E-01 1.051E+00 9.93E-01
1.778E-02 9.563E-01 1.050E+00 9.93E-01
1.679E-02 9.575E-01 1.047E+00 9.94E-01
1.585E-02 9.592E-01 1.043E+00 9.95E-01
1.496E-02 9.610E-01 1.040E+00 9.95E-01
1.413E-02 9.630E-01 1.036E+00 9.96E-01
1.334E-02 9.671E-01 1.030E+00 9.97E-01
1.259E-02 9.681E-01 1.028E+00 9.97E-01
1.189E-02 9.681E-01 1.027E+00 9.97E-01
1.122E-02 9.703E-01 1.023E+00 9.98E-01
1.059E-02 9.804E-01 1.013E+00 9.98E-01
1.000E-02 9.749E-01 1.019E+00 9.98E-01
9.441E-03 9.735E-01 1.020E+00 9.98E-01
8.913E-03 9.730E-01 1.020E+00 9.99E-01
8.414E-03 9.728E-01 1.019E+00 9.99E-01
7.943E-03 9.726E-01 1.019E+00 9.99E-01
7.499E-03 9.728E-01 1.019E+00 9.99E-01
7.079E-03 9.738E-01 1.018E+00 9.99E-01
6.683E-03 9.728E-01 1.019E+00 9.99E-01
6.310E-03 9.718E-01 1.021E+00 9.99E-01
5.957E-03 9.705E-01 1.024E+00 9.99E-01
5.623E-03 9.686E-01 1.029E+00 1.00E+00
5.309E-03 9.660E-01 1.035E+00 1.00E+00
5.012E-03 9.626E-01 1.043E+00 1.00E+00
4.732E-03 9.580E-01 1.054E+00 1.00E+00
4.467E-03 9.519E-01 1.065E+00 1.00E+00
4.217E-03 9.440E-01 1.075E+00 1.00E+00
3.981E-03 9.338E-01 1.083E+00 1.00E+00
3.758E-03 9.208E-01 1.086E+00 1.00E+00
3.548E-03 9.046E-01 1.088E+00 1.00E+00
3.350E-03 8.846E-01 1.112E+00 9.99E-01
3.162E-03 8.608E-01 1.135E+00 9.99E-01
2.985E-03 8.334E-01 1.162E+00 9.99E-01
2.818E-03 8.008E-01 1.193E+00 9.99E-01
2.661E-03 7.628E-01 1.228E+00 1.00E+00
2.512E-03 7.227E-01 1.263E+00 1.00E+00
2.371E-03 6.801E-01 1.284E+00 1.00E+00
2.239E-03 9.030E-01 1.082E+00 1.00E+00
2.113E-03 8.827E-01 1.102E+00 1.00E+00
1.995E-03 8.578E-01 1.125E+00 1.00E+00
1.884E-03 8.283E-01 1.150E+00 1.00E+00
1.778E-03 7.939E-01 1.177E+00 1.00E+00
1.679E-03 7.549E-01 1.179E+00 1.00E+00
1.585E-03 8.749E-01 1.098E+00 1.00E+00
1.496E-03 8.456E-01 1.122E+00 1.00E+00
1.413E-03 8.387E-01 1.130E+00 1.00E+00
1.334E-03 8.049E-01 1.158E+00 1.00E+00
1.259E-03 7.668E-01 1.189E+00 1.00E+00
1.189E-03 7.249E-01 1.222E+00 1.00E+00
1.122E-03 6.779E-01 1.256E+00 1.00E+00
1.059E-03 6.287E-01 1.288E+00 1.00E+00
