w(micron)  Q_abs     Q_sca     g=<cos>
1.000E+03 1.548E-05 4.002E-13 0.00E+00
9.441E+02 1.737E-05 5.038E-13 0.00E+00
8.913E+02 1.949E-05 6.342E-13 0.00E+00
8.414E+02 2.188E-05 7.984E-13 0.00E+00
7.943E+02 2.455E-05 1.005E-12 0.00E+00
7.499E+02 2.755E-05 1.265E-12 0.00E+00
7.079E+02 3.091E-05 1.593E-12 0.00E+00
6.683E+02 3.469E-05 2.006E-12 5.61E-07
6.310E+02 3.892E-05 2.525E-12 6.29E-07
5.957E+02 4.368E-05 3.179E-12 7.07E-07
5.623E+02 4.901E-05 4.002E-12 7.93E-07
5.309E+02 5.500E-05 5.039E-12 8.89E-07
5.012E+02 6.172E-05 6.344E-12 9.98E-07
4.732E+02 6.928E-05 7.988E-12 1.12E-06
4.467E+02 7.776E-05 1.006E-11 1.26E-06
4.217E+02 8.728E-05 1.266E-11 1.41E-06
3.981E+02 9.796E-05 1.594E-11 1.58E-06
3.758E+02 1.100E-04 2.007E-11 1.77E-06
3.548E+02 1.234E-04 2.527E-11 1.99E-06
3.350E+02 1.385E-04 3.181E-11 2.23E-06
3.162E+02 1.555E-04 4.005E-11 2.50E-06
2.985E+02 1.746E-04 5.043E-11 2.80E-06
2.818E+02 1.961E-04 6.350E-11 3.14E-06
2.661E+02 2.202E-04 7.995E-11 3.52E-06
2.512E+02 2.473E-04 1.007E-10 3.95E-06
2.371E+02 2.778E-04 1.267E-10 4.43E-06
2.239E+02 3.120E-04 1.596E-10 4.96E-06
2.113E+02 3.505E-04 2.010E-10 5.56E-06
1.995E+02 3.937E-04 2.530E-10 6.23E-06
1.884E+02 4.425E-04 3.187E-10 6.98E-06
1.778E+02 4.974E-04 4.013E-10 7.81E-06
1.679E+02 5.592E-04 5.053E-10 8.75E-06
1.585E+02 6.288E-04 6.364E-10 9.79E-06
1.496E+02 7.073E-04 8.014E-10 1.10E-05
1.413E+02 7.958E-04 1.009E-09 1.23E-05
1.334E+02 8.955E-04 1.271E-09 1.37E-05
1.259E+02 1.008E-03 1.601E-09 1.53E-05
1.189E+02 1.136E-03 2.016E-09 1.71E-05
1.122E+02 1.279E-03 2.540E-09 1.91E-05
1.059E+02 1.442E-03 3.200E-09 2.13E-05
1.000E+02 1.626E-03 4.030E-09 2.37E-05
9.441E+01 1.835E-03 5.077E-09 2.64E-05
8.913E+01 2.071E-03 6.395E-09 2.94E-05
8.414E+01 2.337E-03 8.057E-09 3.26E-05
7.943E+01 2.641E-03 1.015E-08 3.62E-05
7.499E+01 2.986E-03 1.278E-08 4.00E-05
7.079E+01 3.377E-03 1.609E-08 4.42E-05
6.683E+01 3.818E-03 2.027E-08 4.88E-05
6.310E+01 4.321E-03 2.551E-08 5.37E-05
5.957E+01 4.888E-03 3.210E-08 5.89E-05
5.623E+01 5.531E-03 4.037E-08 6.45E-05
5.309E+01 6.251E-03 5.076E-08 7.05E-05
5.012E+01 7.065E-03 6.378E-08 7.68E-05
4.732E+01 7.980E-03 8.009E-08 8.35E-05
4.467E+01 9.007E-03 1.005E-07 9.06E-05
4.217E+01 1.016E-02 1.261E-07 9.81E-05
3.981E+01 1.143E-02 1.578E-07 1.06E-04
3.758E+01 1.285E-02 1.973E-07 1.15E-04
3.548E+01 1.436E-02 2.474E-07 1.24E-04
3.350E+01 1.608E-02 3.101E-07 1.35E-04
3.162E+01 1.811E-02 3.886E-07 1.45E-04
2.985E+01 2.045E-02 4.863E-07 1.55E-04
2.818E+01 2.308E-02 6.063E-07 1.66E-04
2.661E+01 2.610E-02 7.560E-07 1.78E-04
2.512E+01 2.958E-02 9.436E-07 1.90E-04
2.371E+01 3.348E-02 1.167E-06 2.03E-04
2.239E+01 3.802E-02 1.443E-06 2.16E-04
2.113E+01 4.328E-02 1.760E-06 2.30E-04
1.995E+01 4.958E-02 2.124E-06 2.44E-04
1.884E+01 5.523E-02 2.377E-06 2.63E-04
1.778E+01 5.556E-02 2.439E-06 2.96E-04
1.679E+01 5.063E-02 2.456E-06 3.44E-04
1.585E+01 4.331E-02 2.659E-06 4.07E-04
1.496E+01 3.673E-02 3.289E-06 4.86E-04
1.413E+01 3.305E-02 4.725E-06 5.90E-04
1.334E+01 3.945E-02 7.313E-06 6.91E-04
1.259E+01 5.206E-02 1.057E-05 7.48E-04
1.189E+01 6.921E-02 1.464E-05 7.62E-04
1.122E+01 9.004E-02 1.946E-05 7.57E-04
1.059E+01 1.190E-01 2.582E-05 7.35E-04
1.000E+01 1.449E-01 2.902E-05 7.54E-04
9.441E+00 1.624E-01 2.955E-05 8.03E-04
8.913E+00 1.211E-01 1.588E-05 9.47E-04
8.414E+00 7.832E-02 7.785E-06 1.12E-03
7.943E+00 3.636E-02 3.454E-06 1.33E-03
7.499E+00 1.613E-02 7.343E-06 1.59E-03
7.079E+00 1.268E-02 1.510E-05 1.87E-03
6.683E+00 1.256E-02 2.415E-05 2.15E-03
6.310E+00 1.248E-02 3.503E-05 2.46E-03
5.957E+00 1.221E-02 4.865E-05 2.80E-03
5.623E+00 1.202E-02 6.601E-05 3.18E-03
5.309E+00 1.202E-02 8.814E-05 3.60E-03
5.012E+00 1.219E-02 1.164E-04 4.07E-03
4.732E+00 1.251E-02 1.521E-04 4.59E-03
4.467E+00 1.293E-02 1.975E-04 5.18E-03
4.217E+00 1.345E-02 2.548E-04 5.84E-03
3.981E+00 1.397E-02 3.273E-04 6.57E-03
3.758E+00 1.449E-02 4.190E-04 7.40E-03
3.548E+00 1.506E-02 5.351E-04 8.32E-03
3.350E+00 1.565E-02 6.814E-04 9.35E-03
3.162E+00 1.620E-02 8.661E-04 1.05E-02
2.985E+00 1.681E-02 1.100E-03 1.18E-02
2.818E+00 1.751E-02 1.397E-03 1.32E-02
2.661E+00 1.826E-02 1.771E-03 1.49E-02
2.512E+00 1.909E-02 2.244E-03 1.67E-02
2.371E+00 2.001E-02 2.841E-03 1.87E-02
2.239E+00 2.100E-02 3.597E-03 2.10E-02
2.113E+00 2.208E-02 4.547E-03 2.36E-02
1.995E+00 2.326E-02 5.749E-03 2.64E-02
1.884E+00 2.455E-02 7.268E-03 2.97E-02
1.778E+00 2.597E-02 9.185E-03 3.33E-02
1.679E+00 2.758E-02 1.161E-02 3.73E-02
1.585E+00 2.936E-02 1.467E-02 4.18E-02
1.496E+00 3.129E-02 1.853E-02 4.68E-02
1.413E+00 3.341E-02 2.341E-02 5.25E-02
1.334E+00 3.573E-02 2.957E-02 5.89E-02
1.259E+00 3.830E-02 3.734E-02 6.60E-02
1.189E+00 4.125E-02 4.715E-02 7.40E-02
1.122E+00 4.453E-02 5.950E-02 8.30E-02
1.059E+00 4.816E-02 7.503E-02 9.32E-02
1.000E+00 5.220E-02 9.451E-02 1.05E-01
9.441E-01 5.671E-02 1.189E-01 1.18E-01
8.913E-01 6.171E-02 1.492E-01 1.32E-01
8.414E-01 6.723E-02 1.868E-01 1.49E-01
7.943E-01 7.336E-02 2.330E-01 1.69E-01
7.499E-01 8.017E-02 2.892E-01 1.91E-01
7.079E-01 8.776E-02 3.567E-01 2.18E-01
6.683E-01 9.627E-02 4.366E-01 2.48E-01
6.310E-01 1.060E-01 5.300E-01 2.85E-01
5.957E-01 1.174E-01 6.379E-01 3.28E-01
5.623E-01 1.313E-01 7.627E-01 3.79E-01
5.309E-01 1.487E-01 9.100E-01 4.37E-01
5.012E-01 1.710E-01 1.092E+00 4.99E-01
4.732E-01 1.989E-01 1.330E+00 5.54E-01
4.467E-01 2.297E-01 1.640E+00 5.90E-01
4.217E-01 2.547E-01 1.996E+00 5.99E-01
3.981E-01 2.636E-01 2.310E+00 5.87E-01
3.758E-01 2.590E-01 2.504E+00 5.72E-01
3.548E-01 2.579E-01 2.616E+00 5.72E-01
3.350E-01 2.783E-01 2.760E+00 5.93E-01
3.162E-01 3.324E-01 3.079E+00 6.35E-01
2.985E-01 3.989E-01 3.602E+00 6.77E-01
2.818E-01 4.043E-01 3.902E+00 6.87E-01
2.661E-01 3.741E-01 3.758E+00 6.63E-01
2.512E-01 3.947E-01 3.588E+00 6.24E-01
2.371E-01 5.228E-01 3.886E+00 6.24E-01
2.239E-01 5.001E-01 3.750E+00 6.47E-01
2.113E-01 5.510E-01 2.771E+00 5.75E-01
1.995E-01 9.324E-01 2.197E+00 4.96E-01
1.884E-01 1.064E+00 1.459E+00 5.25E-01
1.778E-01 1.300E+00 1.057E+00 6.28E-01
1.679E-01 1.395E+00 1.183E+00 7.88E-01
1.585E-01 1.373E+00 1.299E+00 8.24E-01
1.496E-01 1.337E+00 1.303E+00 8.18E-01
1.413E-01 1.313E+00 1.295E+00 8.21E-01
1.334E-01 1.294E+00 1.290E+00 8.26E-01
1.259E-01 1.272E+00 1.291E+00 8.30E-01
1.189E-01 1.249E+00 1.295E+00 8.31E-01
1.122E-01 1.224E+00 1.303E+00 8.32E-01
1.059E-01 1.197E+00 1.317E+00 8.29E-01
1.000E-01 1.170E+00 1.329E+00 8.28E-01
9.441E-02 1.146E+00 1.331E+00 8.31E-01
8.913E-02 1.129E+00 1.310E+00 8.40E-01
8.414E-02 1.111E+00 1.316E+00 8.41E-01
7.943E-02 1.075E+00 1.337E+00 8.36E-01
7.499E-02 1.029E+00 1.358E+00 8.30E-01
7.079E-02 9.828E-01 1.369E+00 8.28E-01
6.683E-02 9.258E-01 1.383E+00 8.24E-01
6.310E-02 8.581E-01 1.390E+00 8.24E-01
5.957E-02 8.295E-01 1.330E+00 8.52E-01
5.623E-02 8.937E-01 1.204E+00 8.99E-01
5.309E-02 9.178E-01 1.154E+00 9.17E-01
5.012E-02 9.309E-01 1.121E+00 9.29E-01
4.732E-02 9.376E-01 1.100E+00 9.38E-01
4.467E-02 9.407E-01 1.084E+00 9.44E-01
4.217E-02 9.413E-01 1.072E+00 9.50E-01
3.981E-02 9.404E-01 1.063E+00 9.55E-01
3.758E-02 9.386E-01 1.056E+00 9.59E-01
3.548E-02 9.361E-01 1.050E+00 9.63E-01
3.350E-02 9.333E-01 1.045E+00 9.66E-01
3.162E-02 9.303E-01 1.041E+00 9.69E-01
2.985E-02 9.271E-01 1.037E+00 9.73E-01
2.818E-02 9.239E-01 1.035E+00 9.75E-01
2.661E-02 9.209E-01 1.034E+00 9.78E-01
2.512E-02 9.181E-01 1.033E+00 9.81E-01
2.371E-02 9.158E-01 1.032E+00 9.83E-01
2.239E-02 9.177E-01 1.026E+00 9.85E-01
2.113E-02 9.159E-01 1.028E+00 9.87E-01
1.995E-02 9.156E-01 1.023E+00 9.89E-01
1.884E-02 9.248E-01 1.003E+00 9.90E-01
1.778E-02 9.180E-01 1.021E+00 9.91E-01
1.679E-02 9.139E-01 1.030E+00 9.92E-01
1.585E-02 9.103E-01 1.037E+00 9.93E-01
1.496E-02 9.063E-01 1.044E+00 9.94E-01
1.413E-02 9.018E-01 1.048E+00 9.95E-01
1.334E-02 9.046E-01 1.024E+00 9.96E-01
1.259E-02 9.029E-01 1.030E+00 9.96E-01
1.189E-02 8.942E-01 1.051E+00 9.97E-01
1.122E-02 8.862E-01 1.037E+00 9.97E-01
1.059E-02 9.210E-01 9.085E-01 9.97E-01
1.000E-02 9.064E-01 1.009E+00 9.98E-01
9.441E-03 8.949E-01 1.049E+00 9.98E-01
8.913E-03 8.826E-01 1.078E+00 9.98E-01
8.414E-03 8.684E-01 1.102E+00 9.98E-01
7.943E-03 8.521E-01 1.122E+00 9.99E-01
7.499E-03 8.338E-01 1.122E+00 9.99E-01
7.079E-03 8.333E-01 1.122E+00 9.99E-01
6.683E-03 8.113E-01 1.149E+00 9.99E-01
6.310E-03 7.869E-01 1.166E+00 9.99E-01
5.957E-03 7.602E-01 1.176E+00 9.99E-01
5.623E-03 7.303E-01 1.178E+00 9.99E-01
5.309E-03 6.985E-01 1.172E+00 9.99E-01
5.012E-03 6.650E-01 1.157E+00 1.00E+00
4.732E-03 6.299E-01 1.134E+00 1.00E+00
4.467E-03 5.934E-01 1.103E+00 1.00E+00
4.217E-03 5.561E-01 1.064E+00 1.00E+00
3.981E-03 5.184E-01 1.020E+00 1.00E+00
3.758E-03 4.806E-01 9.689E-01 1.00E+00
3.548E-03 4.431E-01 9.122E-01 1.00E+00
3.350E-03 4.064E-01 8.517E-01 1.00E+00
3.162E-03 3.710E-01 7.875E-01 1.00E+00
2.985E-03 3.376E-01 7.231E-01 1.00E+00
2.818E-03 3.044E-01 6.516E-01 1.00E+00
2.661E-03 2.723E-01 5.769E-01 1.00E+00
2.512E-03 2.435E-01 4.862E-01 1.00E+00
2.371E-03 2.170E-01 3.001E-01 1.00E+00
2.239E-03 4.329E-01 3.542E-01 1.00E+00
2.113E-03 3.985E-01 3.729E-01 1.00E+00
1.995E-03 3.638E-01 3.679E-01 1.00E+00
1.884E-03 3.296E-01 3.411E-01 1.00E+00
1.778E-03 2.967E-01 3.010E-01 1.00E+00
1.679E-03 2.653E-01 1.937E-01 1.00E+00
1.585E-03 3.859E-01 2.704E-01 1.00E+00
1.496E-03 3.483E-01 2.609E-01 1.00E+00
1.413E-03 3.404E-01 2.678E-01 1.00E+00
1.334E-03 3.063E-01 2.603E-01 1.00E+00
1.259E-03 2.742E-01 2.460E-01 1.00E+00
1.189E-03 2.442E-01 2.299E-01 1.00E+00
1.122E-03 2.155E-01 2.123E-01 1.00E+00
1.059E-03 1.894E-01 1.939E-01 1.00E+00
