w(micron)  Q_abs     Q_sca     g=<cos>
1.000E+03 1.949E-05 1.005E-12 0.00E+00
9.441E+02 2.187E-05 1.265E-12 0.00E+00
8.913E+02 2.454E-05 1.593E-12 0.00E+00
8.414E+02 2.754E-05 2.006E-12 5.61E-07
7.943E+02 3.090E-05 2.525E-12 6.30E-07
7.499E+02 3.468E-05 3.179E-12 7.07E-07
7.079E+02 3.891E-05 4.002E-12 7.93E-07
6.683E+02 4.367E-05 5.038E-12 8.90E-07
6.310E+02 4.900E-05 6.343E-12 9.98E-07
5.957E+02 5.498E-05 7.986E-12 1.12E-06
5.623E+02 6.170E-05 1.005E-11 1.26E-06
5.309E+02 6.924E-05 1.266E-11 1.41E-06
5.012E+02 7.771E-05 1.594E-11 1.58E-06
4.732E+02 8.721E-05 2.006E-11 1.77E-06
4.467E+02 9.789E-05 2.526E-11 1.99E-06
4.217E+02 1.099E-04 3.180E-11 2.23E-06
3.981E+02 1.233E-04 4.004E-11 2.50E-06
3.758E+02 1.384E-04 5.041E-11 2.81E-06
3.548E+02 1.554E-04 6.347E-11 3.15E-06
3.350E+02 1.744E-04 7.991E-11 3.53E-06
3.162E+02 1.958E-04 1.006E-10 3.96E-06
2.985E+02 2.198E-04 1.267E-10 4.44E-06
2.818E+02 2.468E-04 1.595E-10 4.98E-06
2.661E+02 2.772E-04 2.008E-10 5.58E-06
2.512E+02 3.114E-04 2.528E-10 6.26E-06
2.371E+02 3.497E-04 3.184E-10 7.01E-06
2.239E+02 3.928E-04 4.009E-10 7.86E-06
2.113E+02 4.412E-04 5.048E-10 8.81E-06
1.995E+02 4.957E-04 6.356E-10 9.87E-06
1.884E+02 5.571E-04 8.004E-10 1.11E-05
1.778E+02 6.262E-04 1.008E-09 1.24E-05
1.679E+02 7.040E-04 1.269E-09 1.39E-05
1.585E+02 7.917E-04 1.599E-09 1.55E-05
1.496E+02 8.905E-04 2.013E-09 1.74E-05
1.413E+02 1.002E-03 2.535E-09 1.94E-05
1.334E+02 1.127E-03 3.193E-09 2.17E-05
1.259E+02 1.269E-03 4.022E-09 2.43E-05
1.189E+02 1.430E-03 5.065E-09 2.71E-05
1.122E+02 1.611E-03 6.381E-09 3.03E-05
1.059E+02 1.815E-03 8.038E-09 3.38E-05
1.000E+02 2.048E-03 1.012E-08 3.76E-05
9.441E+01 2.310E-03 1.275E-08 4.19E-05
8.913E+01 2.607E-03 1.606E-08 4.65E-05
8.414E+01 2.943E-03 2.024E-08 5.17E-05
7.943E+01 3.325E-03 2.549E-08 5.73E-05
7.499E+01 3.759E-03 3.210E-08 6.35E-05
7.079E+01 4.252E-03 4.043E-08 7.01E-05
6.683E+01 4.808E-03 5.091E-08 7.73E-05
6.310E+01 5.441E-03 6.407E-08 8.51E-05
5.957E+01 6.155E-03 8.063E-08 9.34E-05
5.623E+01 6.965E-03 1.014E-07 1.02E-04
5.309E+01 7.872E-03 1.275E-07 1.12E-04
5.012E+01 8.897E-03 1.602E-07 1.22E-04
4.732E+01 1.005E-02 2.012E-07 1.32E-04
4.467E+01 1.134E-02 2.525E-07 1.44E-04
4.217E+01 1.279E-02 3.167E-07 1.56E-04
3.981E+01 1.440E-02 3.963E-07 1.68E-04
3.758E+01 1.618E-02 4.958E-07 1.82E-04
3.548E+01 1.809E-02 6.215E-07 1.97E-04
3.350E+01 2.026E-02 7.792E-07 2.13E-04
3.162E+01 2.281E-02 9.764E-07 2.29E-04
2.985E+01 2.576E-02 1.222E-06 2.46E-04
2.818E+01 2.907E-02 1.523E-06 2.64E-04
2.661E+01 3.288E-02 1.900E-06 2.82E-04
2.512E+01 3.727E-02 2.371E-06 3.01E-04
2.371E+01 4.218E-02 2.931E-06 3.22E-04
2.239E+01 4.791E-02 3.626E-06 3.43E-04
2.113E+01 5.453E-02 4.424E-06 3.65E-04
1.995E+01 6.247E-02 5.338E-06 3.87E-04
1.884E+01 6.959E-02 5.973E-06 4.16E-04
1.778E+01 7.001E-02 6.129E-06 4.69E-04
1.679E+01 6.380E-02 6.171E-06 5.45E-04
1.585E+01 5.458E-02 6.682E-06 6.45E-04
1.496E+01 4.629E-02 8.266E-06 7.70E-04
1.413E+01 4.167E-02 1.187E-05 9.35E-04
1.334E+01 4.976E-02 1.838E-05 1.09E-03
1.259E+01 6.569E-02 2.659E-05 1.18E-03
1.189E+01 8.735E-02 3.680E-05 1.21E-03
1.122E+01 1.136E-01 4.894E-05 1.20E-03
1.059E+01 1.502E-01 6.492E-05 1.16E-03
1.000E+01 1.827E-01 7.293E-05 1.19E-03
9.441E+00 2.046E-01 7.419E-05 1.27E-03
8.913E+00 1.525E-01 3.985E-05 1.50E-03
8.414E+00 9.863E-02 1.953E-05 1.78E-03
7.943E+00 4.581E-02 8.666E-06 2.11E-03
7.499E+00 2.034E-02 1.843E-05 2.52E-03
7.079E+00 1.601E-02 3.792E-05 2.96E-03
6.683E+00 1.586E-02 6.066E-05 3.41E-03
6.310E+00 1.578E-02 8.803E-05 3.89E-03
5.957E+00 1.544E-02 1.223E-04 4.43E-03
5.623E+00 1.521E-02 1.659E-04 5.03E-03
5.309E+00 1.523E-02 2.216E-04 5.70E-03
5.012E+00 1.546E-02 2.928E-04 6.44E-03
4.732E+00 1.588E-02 3.828E-04 7.27E-03
4.467E+00 1.644E-02 4.972E-04 8.20E-03
4.217E+00 1.711E-02 6.416E-04 9.24E-03
3.981E+00 1.780E-02 8.243E-04 1.04E-02
3.758E+00 1.850E-02 1.056E-03 1.17E-02
3.548E+00 1.926E-02 1.349E-03 1.32E-02
3.350E+00 2.004E-02 1.718E-03 1.48E-02
3.162E+00 2.079E-02 2.185E-03 1.66E-02
2.985E+00 2.163E-02 2.777E-03 1.87E-02
2.818E+00 2.259E-02 3.528E-03 2.09E-02
2.661E+00 2.363E-02 4.477E-03 2.35E-02
2.512E+00 2.477E-02 5.676E-03 2.64E-02
2.371E+00 2.606E-02 7.191E-03 2.96E-02
2.239E+00 2.745E-02 9.109E-03 3.32E-02
2.113E+00 2.898E-02 1.152E-02 3.72E-02
1.995E+00 3.067E-02 1.458E-02 4.17E-02
1.884E+00 3.252E-02 1.845E-02 4.68E-02
1.778E+00 3.458E-02 2.332E-02 5.25E-02
1.679E+00 3.694E-02 2.949E-02 5.88E-02
1.585E+00 3.956E-02 3.727E-02 6.60E-02
1.496E+00 4.243E-02 4.709E-02 7.40E-02
1.413E+00 4.561E-02 5.944E-02 8.30E-02
1.334E+00 4.912E-02 7.499E-02 9.32E-02
1.259E+00 5.302E-02 9.448E-02 1.05E-01
1.189E+00 5.752E-02 1.189E-01 1.18E-01
1.122E+00 6.253E-02 1.492E-01 1.32E-01
1.059E+00 6.809E-02 1.867E-01 1.49E-01
1.000E+00 7.428E-02 2.328E-01 1.69E-01
9.441E-01 8.119E-02 2.886E-01 1.91E-01
8.913E-01 8.889E-02 3.556E-01 2.17E-01
8.414E-01 9.748E-02 4.350E-01 2.48E-01
7.943E-01 1.072E-01 5.274E-01 2.85E-01
7.499E-01 1.186E-01 6.337E-01 3.28E-01
7.079E-01 1.323E-01 7.560E-01 3.79E-01
6.683E-01 1.494E-01 8.994E-01 4.36E-01
6.310E-01 1.713E-01 1.075E+00 4.97E-01
5.957E-01 1.984E-01 1.302E+00 5.53E-01
5.623E-01 2.285E-01 1.595E+00 5.90E-01
5.309E-01 2.535E-01 1.934E+00 6.01E-01
5.012E-01 2.639E-01 2.239E+00 5.91E-01
4.732E-01 2.611E-01 2.436E+00 5.78E-01
4.467E-01 2.597E-01 2.548E+00 5.77E-01
4.217E-01 2.767E-01 2.674E+00 5.96E-01
3.981E-01 3.228E-01 2.934E+00 6.35E-01
3.758E-01 3.859E-01 3.383E+00 6.78E-01
3.548E-01 4.076E-01 3.742E+00 6.97E-01
3.350E-01 3.845E-01 3.718E+00 6.85E-01
3.162E-01 3.855E-01 3.562E+00 6.58E-01
2.985E-01 4.653E-01 3.670E+00 6.47E-01
2.818E-01 5.316E-01 3.961E+00 6.77E-01
2.661E-01 4.775E-01 3.546E+00 6.75E-01
2.512E-01 5.089E-01 2.956E+00 6.02E-01
2.371E-01 6.466E-01 2.918E+00 5.58E-01
2.239E-01 5.486E-01 2.247E+00 5.25E-01
2.113E-01 8.002E-01 1.505E+00 3.81E-01
1.995E-01 8.898E-01 1.307E+00 4.57E-01
1.884E-01 1.140E+00 1.224E+00 7.05E-01
1.778E-01 1.266E+00 1.446E+00 8.18E-01
1.679E-01 1.290E+00 1.414E+00 8.48E-01
1.585E-01 1.285E+00 1.304E+00 8.36E-01
1.496E-01 1.255E+00 1.295E+00 8.32E-01
1.413E-01 1.236E+00 1.294E+00 8.36E-01
1.334E-01 1.221E+00 1.290E+00 8.41E-01
1.259E-01 1.202E+00 1.291E+00 8.43E-01
1.189E-01 1.182E+00 1.295E+00 8.44E-01
1.122E-01 1.160E+00 1.303E+00 8.43E-01
1.059E-01 1.135E+00 1.317E+00 8.40E-01
1.000E-01 1.110E+00 1.330E+00 8.38E-01
9.441E-02 1.089E+00 1.332E+00 8.39E-01
8.913E-02 1.075E+00 1.314E+00 8.48E-01
8.414E-02 1.059E+00 1.319E+00 8.48E-01
7.943E-02 1.025E+00 1.339E+00 8.42E-01
7.499E-02 9.828E-01 1.360E+00 8.36E-01
7.079E-02 9.408E-01 1.372E+00 8.33E-01
6.683E-02 8.901E-01 1.387E+00 8.29E-01
6.310E-02 8.315E-01 1.396E+00 8.29E-01
5.957E-02 8.140E-01 1.342E+00 8.57E-01
5.623E-02 8.819E-01 1.223E+00 9.04E-01
5.309E-02 9.076E-01 1.176E+00 9.21E-01
5.012E-02 9.221E-01 1.145E+00 9.33E-01
4.732E-02 9.302E-01 1.124E+00 9.41E-01
4.467E-02 9.345E-01 1.109E+00 9.48E-01
4.217E-02 9.365E-01 1.097E+00 9.53E-01
3.981E-02 9.370E-01 1.087E+00 9.57E-01
3.758E-02 9.365E-01 1.079E+00 9.61E-01
3.548E-02 9.354E-01 1.073E+00 9.65E-01
3.350E-02 9.339E-01 1.066E+00 9.68E-01
3.162E-02 9.323E-01 1.061E+00 9.71E-01
2.985E-02 9.306E-01 1.056E+00 9.74E-01
2.818E-02 9.288E-01 1.052E+00 9.77E-01
2.661E-02 9.273E-01 1.048E+00 9.79E-01
2.512E-02 9.260E-01 1.044E+00 9.82E-01
2.371E-02 9.254E-01 1.041E+00 9.84E-01
2.239E-02 9.282E-01 1.035E+00 9.86E-01
2.113E-02 9.277E-01 1.035E+00 9.88E-01
1.995E-02 9.289E-01 1.032E+00 9.90E-01
1.884E-02 9.371E-01 1.018E+00 9.91E-01
1.778E-02 9.319E-01 1.029E+00 9.92E-01
1.679E-02 9.295E-01 1.036E+00 9.93E-01
1.585E-02 9.275E-01 1.042E+00 9.94E-01
1.496E-02 9.254E-01 1.049E+00 9.94E-01
1.413E-02 9.231E-01 1.057E+00 9.95E-01
1.334E-02 9.265E-01 1.045E+00 9.96E-01
1.259E-02 9.257E-01 1.051E+00 9.96E-01
1.189E-02 9.198E-01 1.071E+00 9.97E-01
1.122E-02 9.153E-01 1.073E+00 9.97E-01
1.059E-02 9.424E-01 9.660E-01 9.98E-01
1.000E-02 9.305E-01 1.041E+00 9.98E-01
9.441E-03 9.223E-01 1.075E+00 9.98E-01
8.913E-03 9.137E-01 1.104E+00 9.98E-01
8.414E-03 9.038E-01 1.134E+00 9.98E-01
7.943E-03 8.921E-01 1.165E+00 9.99E-01
7.499E-03 8.788E-01 1.185E+00 9.99E-01
7.079E-03 8.787E-01 1.187E+00 9.99E-01
6.683E-03 8.619E-01 1.227E+00 9.99E-01
6.310E-03 8.425E-01 1.264E+00 9.99E-01
5.957E-03 8.207E-01 1.296E+00 9.99E-01
5.623E-03 7.955E-01 1.324E+00 9.99E-01
5.309E-03 7.676E-01 1.345E+00 1.00E+00
5.012E-03 7.375E-01 1.357E+00 1.00E+00
4.732E-03 7.048E-01 1.360E+00 1.00E+00
4.467E-03 6.699E-01 1.352E+00 1.00E+00
4.217E-03 6.333E-01 1.334E+00 1.00E+00
3.981E-03 5.954E-01 1.305E+00 1.00E+00
3.758E-03 5.565E-01 1.265E+00 1.00E+00
3.548E-03 5.172E-01 1.214E+00 1.00E+00
3.350E-03 4.778E-01 1.154E+00 1.00E+00
3.162E-03 4.392E-01 1.085E+00 1.00E+00
2.985E-03 4.022E-01 1.012E+00 1.00E+00
2.818E-03 3.649E-01 9.260E-01 1.00E+00
2.661E-03 3.282E-01 8.317E-01 1.00E+00
2.512E-03 2.950E-01 7.112E-01 1.00E+00
2.371E-03 2.641E-01 4.483E-01 1.00E+00
2.239E-03 5.064E-01 5.028E-01 1.00E+00
2.113E-03 4.694E-01 5.326E-01 1.00E+00
1.995E-03 4.313E-01 5.300E-01 1.00E+00
1.884E-03 3.933E-01 4.962E-01 1.00E+00
1.778E-03 3.561E-01 4.424E-01 1.00E+00
1.679E-03 3.202E-01 2.891E-01 1.00E+00
1.585E-03 4.556E-01 3.911E-01 1.00E+00
1.496E-03 4.142E-01 3.807E-01 1.00E+00
1.413E-03 4.054E-01 3.912E-01 1.00E+00
1.334E-03 3.671E-01 3.831E-01 1.00E+00
1.259E-03 3.304E-01 3.649E-01 1.00E+00
1.189E-03 2.959E-01 3.435E-01 1.00E+00
1.122E-03 2.623E-01 3.194E-01 1.00E+00
1.059E-03 2.315E-01 2.935E-01 1.00E+00
