w(micron)  Q_abs     Q_sca     g=<cos>
1.000E+03 2.187E-07 1.593E-20 0.00E+00
9.441E+02 2.454E-07 2.006E-20 0.00E+00
8.913E+02 2.754E-07 2.525E-20 0.00E+00
8.414E+02 3.090E-07 3.179E-20 0.00E+00
7.943E+02 3.467E-07 4.002E-20 0.00E+00
7.499E+02 3.891E-07 5.038E-20 0.00E+00
7.079E+02 4.366E-07 6.342E-20 0.00E+00
6.683E+02 4.899E-07 7.985E-20 0.00E+00
6.310E+02 5.498E-07 1.005E-19 0.00E+00
5.957E+02 6.169E-07 1.266E-19 0.00E+00
5.623E+02 6.923E-07 1.593E-19 0.00E+00
5.309E+02 7.769E-07 2.006E-19 0.00E+00
5.012E+02 8.719E-07 2.526E-19 0.00E+00
4.732E+02 9.785E-07 3.180E-19 0.00E+00
4.467E+02 1.098E-06 4.004E-19 0.00E+00
4.217E+02 1.233E-06 5.041E-19 0.00E+00
3.981E+02 1.384E-06 6.346E-19 0.00E+00
3.758E+02 1.553E-06 7.989E-19 0.00E+00
3.548E+02 1.744E-06 1.006E-18 0.00E+00
3.350E+02 1.957E-06 1.266E-18 0.00E+00
3.162E+02 2.196E-06 1.595E-18 0.00E+00
2.985E+02 2.466E-06 2.008E-18 0.00E+00
2.818E+02 2.769E-06 2.528E-18 0.00E+00
2.661E+02 3.110E-06 3.183E-18 0.00E+00
2.512E+02 3.494E-06 4.007E-18 0.00E+00
2.371E+02 3.924E-06 5.046E-18 0.00E+00
2.239E+02 4.407E-06 6.353E-18 0.00E+00
2.113E+02 4.950E-06 8.000E-18 0.00E+00
1.995E+02 5.561E-06 1.007E-17 0.00E+00
1.884E+02 6.250E-06 1.269E-17 0.00E+00
1.778E+02 7.025E-06 1.598E-17 0.00E+00
1.679E+02 7.898E-06 2.012E-17 0.00E+00
1.585E+02 8.882E-06 2.533E-17 0.00E+00
1.496E+02 9.991E-06 3.191E-17 0.00E+00
1.413E+02 1.124E-05 4.018E-17 0.00E+00
1.334E+02 1.265E-05 5.061E-17 0.00E+00
1.259E+02 1.424E-05 6.375E-17 0.00E+00
1.189E+02 1.604E-05 8.027E-17 0.00E+00
1.122E+02 1.807E-05 1.011E-16 0.00E+00
1.059E+02 2.036E-05 1.274E-16 0.00E+00
1.000E+02 2.297E-05 1.604E-16 0.00E+00
9.441E+01 2.591E-05 2.021E-16 0.00E+00
8.913E+01 2.925E-05 2.546E-16 0.00E+00
8.414E+01 3.301E-05 3.207E-16 0.00E+00
7.943E+01 3.730E-05 4.040E-16 0.00E+00
7.499E+01 4.216E-05 5.087E-16 0.00E+00
7.079E+01 4.768E-05 6.406E-16 0.00E+00
6.683E+01 5.391E-05 8.067E-16 0.00E+00
6.310E+01 6.101E-05 1.015E-15 0.00E+00
5.957E+01 6.902E-05 1.278E-15 0.00E+00
5.623E+01 7.810E-05 1.607E-15 0.00E+00
5.309E+01 8.826E-05 2.020E-15 0.00E+00
5.012E+01 9.975E-05 2.539E-15 0.00E+00
4.732E+01 1.127E-04 3.188E-15 0.00E+00
4.467E+01 1.271E-04 4.001E-15 0.00E+00
4.217E+01 1.434E-04 5.018E-15 0.00E+00
3.981E+01 1.614E-04 6.279E-15 0.00E+00
3.758E+01 1.813E-04 7.854E-15 0.00E+00
3.548E+01 2.027E-04 9.845E-15 0.00E+00
3.350E+01 2.270E-04 1.234E-14 0.00E+00
3.162E+01 2.556E-04 1.546E-14 0.00E+00
2.985E+01 2.885E-04 1.935E-14 0.00E+00
2.818E+01 3.256E-04 2.412E-14 0.00E+00
2.661E+01 3.682E-04 3.008E-14 0.00E+00
2.512E+01 4.173E-04 3.754E-14 0.00E+00
2.371E+01 4.722E-04 4.641E-14 0.00E+00
2.239E+01 5.363E-04 5.741E-14 0.00E+00
2.113E+01 6.104E-04 7.003E-14 0.00E+00
1.995E+01 6.992E-04 8.450E-14 0.00E+00
1.884E+01 7.789E-04 9.457E-14 0.00E+00
1.778E+01 7.837E-04 9.704E-14 0.00E+00
1.679E+01 7.141E-04 9.773E-14 0.00E+00
1.585E+01 6.108E-04 1.058E-13 0.00E+00
1.496E+01 5.178E-04 1.309E-13 0.00E+00
1.413E+01 4.656E-04 1.879E-13 0.00E+00
1.334E+01 5.554E-04 2.907E-13 0.00E+00
1.259E+01 7.324E-04 4.203E-13 0.00E+00
1.189E+01 9.735E-04 5.815E-13 0.00E+00
1.122E+01 1.266E-03 7.732E-13 0.00E+00
1.059E+01 1.674E-03 1.026E-12 0.00E+00
1.000E+01 2.040E-03 1.154E-12 0.00E+00
9.441E+00 1.749E-03 1.037E-12 3.34E-07
8.913E+00 1.461E-03 5.688E-13 3.75E-07
8.414E+00 1.020E-03 3.044E-13 4.20E-07
7.943E+00 4.884E-04 1.450E-13 4.71E-07
7.499E+00 2.147E-04 3.327E-13 5.29E-07
7.079E+00 1.681E-04 7.231E-13 5.94E-07
6.683E+00 1.663E-04 1.196E-12 6.66E-07
6.310E+00 1.652E-04 1.777E-12 7.47E-07
5.957E+00 1.616E-04 2.512E-12 8.38E-07
5.623E+00 1.591E-04 3.459E-12 9.41E-07
5.309E+00 1.679E-04 3.502E-12 7.19E-07
5.012E+00 1.700E-04 4.623E-12 8.13E-07
4.732E+00 1.742E-04 6.038E-12 9.18E-07
4.467E+00 1.797E-04 7.836E-12 1.04E-06
4.217E+00 1.864E-04 1.010E-11 1.17E-06
3.981E+00 1.931E-04 1.297E-11 1.32E-06
3.758E+00 1.999E-04 1.659E-11 1.48E-06
3.548E+00 2.071E-04 2.117E-11 1.67E-06
3.350E+00 2.144E-04 2.693E-11 1.87E-06
3.162E+00 2.211E-04 3.420E-11 2.10E-06
2.985E+00 2.285E-04 4.339E-11 2.37E-06
2.818E+00 2.368E-04 5.502E-11 2.66E-06
2.661E+00 2.457E-04 6.969E-11 2.99E-06
2.512E+00 2.553E-04 8.817E-11 3.35E-06
2.371E+00 2.659E-04 1.114E-10 3.77E-06
2.239E+00 2.770E-04 1.408E-10 4.23E-06
2.113E+00 2.888E-04 1.777E-10 4.75E-06
1.995E+00 3.016E-04 2.242E-10 5.33E-06
1.884E+00 3.151E-04 2.828E-10 5.98E-06
1.778E+00 3.297E-04 3.565E-10 6.71E-06
1.679E+00 3.459E-04 4.493E-10 7.54E-06
1.585E+00 3.633E-04 5.663E-10 8.46E-06
1.496E+00 3.815E-04 7.135E-10 9.49E-06
1.413E+00 4.008E-04 8.986E-10 1.07E-05
1.334E+00 4.211E-04 1.132E-09 1.20E-05
1.259E+00 4.426E-04 1.425E-09 1.34E-05
1.189E+00 4.668E-04 1.794E-09 1.50E-05
1.122E+00 4.925E-04 2.259E-09 1.69E-05
1.059E+00 5.197E-04 2.843E-09 1.89E-05
1.000E+00 5.485E-04 3.580E-09 2.13E-05
9.441E-01 5.793E-04 4.506E-09 2.38E-05
8.913E-01 6.118E-04 5.672E-09 2.68E-05
8.414E-01 6.458E-04 7.144E-09 3.00E-05
7.943E-01 6.817E-04 8.998E-09 3.37E-05
7.499E-01 7.196E-04 1.134E-08 3.78E-05
7.079E-01 7.596E-04 1.428E-08 4.24E-05
6.683E-01 8.018E-04 1.800E-08 4.76E-05
6.310E-01 8.467E-04 2.269E-08 5.34E-05
5.957E-01 8.943E-04 2.862E-08 6.00E-05
5.623E-01 9.445E-04 3.611E-08 6.73E-05
5.309E-01 9.975E-04 4.560E-08 7.56E-05
5.012E-01 1.053E-03 5.761E-08 8.49E-05
4.732E-01 1.112E-03 7.286E-08 9.53E-05
4.467E-01 1.173E-03 9.224E-08 1.07E-04
4.217E-01 1.238E-03 1.169E-07 1.20E-04
3.981E-01 1.305E-03 1.482E-07 1.35E-04
3.758E-01 1.374E-03 1.882E-07 1.52E-04
3.548E-01 1.445E-03 2.395E-07 1.71E-04
3.350E-01 1.518E-03 3.052E-07 1.92E-04
3.162E-01 1.592E-03 3.901E-07 2.17E-04
2.985E-01 1.667E-03 4.998E-07 2.44E-04
2.818E-01 1.742E-03 6.424E-07 2.75E-04
2.661E-01 1.816E-03 8.290E-07 3.10E-04
2.512E-01 1.881E-03 1.076E-06 3.51E-04
2.371E-01 1.942E-03 1.406E-06 3.97E-04
2.239E-01 1.996E-03 1.858E-06 4.51E-04
2.113E-01 2.444E-03 2.497E-06 5.15E-04
1.995E-01 3.542E-03 3.379E-06 5.90E-04
1.884E-01 5.467E-03 4.610E-06 6.79E-04
1.778E-01 8.547E-03 6.348E-06 7.83E-04
1.679E-01 1.361E-02 8.834E-06 9.05E-04
1.585E-01 2.208E-02 1.238E-05 1.04E-03
1.496E-01 3.569E-02 1.701E-05 1.15E-03
1.413E-01 5.151E-02 2.168E-05 1.21E-03
1.334E-01 6.293E-02 2.708E-05 1.29E-03
1.259E-01 7.522E-02 3.464E-05 1.39E-03
1.189E-01 8.958E-02 4.504E-05 1.50E-03
1.122E-01 1.072E-01 5.967E-05 1.60E-03
1.059E-01 1.308E-01 8.148E-05 1.69E-03
1.000E-01 1.665E-01 1.110E-04 1.71E-03
9.441E-02 2.020E-01 1.434E-04 1.76E-03
8.913E-02 2.287E-01 1.658E-04 1.89E-03
8.414E-02 2.480E-01 2.140E-04 2.10E-03
7.943E-02 2.969E-01 2.978E-04 2.20E-03
7.499E-02 3.542E-01 4.064E-04 2.31E-03
7.079E-02 3.907E-01 5.076E-04 2.53E-03
6.683E-02 3.976E-01 5.934E-04 2.83E-03
6.310E-02 3.339E-01 5.675E-04 3.26E-03
5.957E-02 2.080E-01 3.451E-04 3.87E-03
5.623E-02 1.667E-01 2.201E-04 4.54E-03
5.309E-02 1.563E-01 2.022E-04 5.19E-03
5.012E-02 1.493E-01 1.990E-04 5.90E-03
4.732E-02 1.440E-01 2.037E-04 6.68E-03
4.467E-02 1.394E-01 2.128E-04 7.54E-03
4.217E-02 1.350E-01 2.248E-04 8.51E-03
3.981E-02 1.305E-01 2.386E-04 9.60E-03
3.758E-02 1.258E-01 2.533E-04 1.08E-02
3.548E-02 1.208E-01 2.687E-04 1.22E-02
3.350E-02 1.156E-01 2.841E-04 1.37E-02
3.162E-02 1.102E-01 2.990E-04 1.54E-02
2.985E-02 1.045E-01 3.126E-04 1.74E-02
2.818E-02 9.867E-02 3.248E-04 1.96E-02
2.661E-02 9.282E-02 3.351E-04 2.20E-02
2.512E-02 8.684E-02 3.416E-04 2.48E-02
2.371E-02 8.092E-02 3.426E-04 2.79E-02
2.239E-02 7.813E-02 3.530E-04 3.15E-02
2.113E-02 7.394E-02 3.624E-04 3.54E-02
1.995E-02 6.988E-02 3.608E-04 3.99E-02
1.884E-02 7.235E-02 3.929E-04 4.49E-02
1.778E-02 6.815E-02 4.242E-04 5.05E-02
1.679E-02 6.424E-02 4.396E-04 5.69E-02
1.585E-02 6.058E-02 4.500E-04 6.40E-02
1.496E-02 5.703E-02 4.571E-04 7.21E-02
1.413E-02 5.349E-02 4.564E-04 8.12E-02
1.334E-02 5.259E-02 4.553E-04 9.15E-02
1.259E-02 5.125E-02 4.858E-04 1.03E-01
1.189E-02 4.764E-02 4.985E-04 1.16E-01
1.122E-02 4.402E-02 4.661E-04 1.31E-01
1.059E-02 5.316E-02 4.917E-04 1.47E-01
1.000E-02 4.941E-02 6.019E-04 1.66E-01
9.441E-03 4.556E-02 6.293E-04 1.87E-01
8.913E-03 4.183E-02 6.325E-04 2.10E-01
8.414E-03 3.825E-02 6.229E-04 2.36E-01
7.943E-03 3.487E-02 6.027E-04 2.65E-01
7.499E-03 3.172E-02 5.617E-04 2.97E-01
7.079E-03 3.148E-02 5.817E-04 3.33E-01
6.683E-03 2.858E-02 5.647E-04 3.72E-01
6.310E-03 2.588E-02 5.383E-04 4.14E-01
5.957E-03 2.342E-02 5.078E-04 4.59E-01
5.623E-03 2.109E-02 4.740E-04 5.06E-01
5.309E-03 1.898E-02 4.391E-04 5.54E-01
5.012E-03 1.707E-02 4.047E-04 6.01E-01
4.732E-03 1.531E-02 3.717E-04 6.45E-01
4.467E-03 1.371E-02 3.405E-04 6.86E-01
4.217E-03 1.225E-02 3.112E-04 7.20E-01
3.981E-03 1.093E-02 2.843E-04 7.47E-01
3.758E-03 9.726E-03 2.593E-04 7.67E-01
3.548E-03 8.635E-03 2.357E-04 7.82E-01
3.350E-03 7.649E-03 2.133E-04 7.94E-01
3.162E-03 6.765E-03 1.918E-04 8.07E-01
2.985E-03 5.985E-03 1.715E-04 8.21E-01
2.818E-03 5.255E-03 1.503E-04 8.38E-01
2.661E-03 4.585E-03 1.294E-04 8.55E-01
2.512E-03 4.013E-03 1.061E-04 8.72E-01
2.371E-03 3.509E-03 6.318E-05 8.85E-01
2.239E-03 8.310E-03 9.212E-05 8.94E-01
2.113E-03 7.418E-03 9.507E-05 9.01E-01
1.995E-03 6.572E-03 9.158E-05 9.08E-01
1.884E-03 5.792E-03 8.263E-05 9.17E-01
1.778E-03 5.079E-03 7.091E-05 9.27E-01
1.679E-03 4.436E-03 4.410E-05 9.34E-01
1.585E-03 7.098E-03 6.967E-05 9.38E-01
1.496E-03 6.208E-03 6.523E-05 9.43E-01
1.413E-03 6.028E-03 6.689E-05 9.49E-01
1.334E-03 5.281E-03 6.334E-05 9.54E-01
1.259E-03 4.614E-03 5.845E-05 9.58E-01
1.189E-03 4.021E-03 5.345E-05 9.62E-01
1.122E-03 3.477E-03 4.834E-05 9.66E-01
1.059E-03 3.002E-03 4.334E-05 9.69E-01
