w(micron)  Q_abs     Q_sca     g=<cos>
1.000E+03 2.187E-05 1.593E-12 0.00E+00
9.441E+02 2.454E-05 2.006E-12 5.62E-07
8.913E+02 2.754E-05 2.525E-12 6.30E-07
8.414E+02 3.090E-05 3.179E-12 7.07E-07
7.943E+02 3.467E-05 4.002E-12 7.93E-07
7.499E+02 3.891E-05 5.038E-12 8.90E-07
7.079E+02 4.366E-05 6.342E-12 9.98E-07
6.683E+02 4.899E-05 7.985E-12 1.12E-06
6.310E+02 5.498E-05 1.005E-11 1.26E-06
5.957E+02 6.169E-05 1.266E-11 1.41E-06
5.623E+02 6.923E-05 1.593E-11 1.58E-06
5.309E+02 7.769E-05 2.006E-11 1.77E-06
5.012E+02 8.719E-05 2.526E-11 1.99E-06
4.732E+02 9.786E-05 3.180E-11 2.23E-06
4.467E+02 1.098E-04 4.004E-11 2.51E-06
4.217E+02 1.233E-04 5.041E-11 2.81E-06
3.981E+02 1.384E-04 6.346E-11 3.15E-06
3.758E+02 1.553E-04 7.990E-11 3.53E-06
3.548E+02 1.744E-04 1.006E-10 3.96E-06
3.350E+02 1.957E-04 1.266E-10 4.45E-06
3.162E+02 2.196E-04 1.595E-10 4.99E-06
2.985E+02 2.466E-04 2.008E-10 5.59E-06
2.818E+02 2.770E-04 2.528E-10 6.27E-06
2.661E+02 3.111E-04 3.183E-10 7.03E-06
2.512E+02 3.494E-04 4.007E-10 7.88E-06
2.371E+02 3.924E-04 5.046E-10 8.83E-06
2.239E+02 4.407E-04 6.353E-10 9.90E-06
2.113E+02 4.951E-04 8.000E-10 1.11E-05
1.995E+02 5.562E-04 1.007E-09 1.24E-05
1.884E+02 6.251E-04 1.269E-09 1.39E-05
1.778E+02 7.026E-04 1.598E-09 1.56E-05
1.679E+02 7.899E-04 2.012E-09 1.75E-05
1.585E+02 8.883E-04 2.534E-09 1.95E-05
1.496E+02 9.992E-04 3.191E-09 2.19E-05
1.413E+02 1.124E-03 4.018E-09 2.45E-05
1.334E+02 1.265E-03 5.061E-09 2.73E-05
1.259E+02 1.424E-03 6.375E-09 3.06E-05
1.189E+02 1.605E-03 8.028E-09 3.41E-05
1.122E+02 1.807E-03 1.011E-08 3.81E-05
1.059E+02 2.037E-03 1.274E-08 4.25E-05
1.000E+02 2.298E-03 1.604E-08 4.73E-05
9.441E+01 2.592E-03 2.021E-08 5.27E-05
8.913E+01 2.926E-03 2.546E-08 5.86E-05
8.414E+01 3.302E-03 3.208E-08 6.51E-05
7.943E+01 3.731E-03 4.040E-08 7.22E-05
7.499E+01 4.218E-03 5.088E-08 7.99E-05
7.079E+01 4.771E-03 6.407E-08 8.83E-05
6.683E+01 5.395E-03 8.068E-08 9.73E-05
6.310E+01 6.106E-03 1.016E-07 1.07E-04
5.957E+01 6.908E-03 1.278E-07 1.18E-04
5.623E+01 7.816E-03 1.607E-07 1.29E-04
5.309E+01 8.834E-03 2.021E-07 1.41E-04
5.012E+01 9.985E-03 2.539E-07 1.53E-04
4.732E+01 1.128E-02 3.189E-07 1.67E-04
4.467E+01 1.273E-02 4.003E-07 1.81E-04
4.217E+01 1.436E-02 5.020E-07 1.96E-04
3.981E+01 1.616E-02 6.282E-07 2.12E-04
3.758E+01 1.816E-02 7.858E-07 2.29E-04
3.548E+01 2.030E-02 9.852E-07 2.48E-04
3.350E+01 2.274E-02 1.235E-06 2.68E-04
3.162E+01 2.561E-02 1.548E-06 2.89E-04
2.985E+01 2.891E-02 1.937E-06 3.10E-04
2.818E+01 3.263E-02 2.415E-06 3.32E-04
2.661E+01 3.691E-02 3.011E-06 3.55E-04
2.512E+01 4.184E-02 3.759E-06 3.79E-04
2.371E+01 4.735E-02 4.647E-06 4.05E-04
2.239E+01 5.379E-02 5.748E-06 4.31E-04
2.113E+01 6.122E-02 7.013E-06 4.59E-04
1.995E+01 7.014E-02 8.463E-06 4.87E-04
1.884E+01 7.813E-02 9.469E-06 5.24E-04
1.778E+01 7.860E-02 9.715E-06 5.90E-04
1.679E+01 7.163E-02 9.783E-06 6.86E-04
1.585E+01 6.128E-02 1.059E-05 8.11E-04
1.496E+01 5.198E-02 1.310E-05 9.69E-04
1.413E+01 4.680E-02 1.883E-05 1.18E-03
1.334E+01 5.591E-02 2.915E-05 1.38E-03
1.259E+01 7.382E-02 4.217E-05 1.49E-03
1.189E+01 9.818E-02 5.837E-05 1.52E-03
1.122E+01 1.277E-01 7.762E-05 1.51E-03
1.059E+01 1.688E-01 1.030E-04 1.46E-03
1.000E+01 2.053E-01 1.156E-04 1.50E-03
9.441E+00 2.297E-01 1.176E-04 1.60E-03
8.913E+00 1.712E-01 6.310E-05 1.89E-03
8.414E+00 1.107E-01 3.092E-05 2.24E-03
7.943E+00 5.142E-02 1.372E-05 2.65E-03
7.499E+00 2.285E-02 2.920E-05 3.17E-03
7.079E+00 1.799E-02 6.010E-05 3.72E-03
6.683E+00 1.784E-02 9.614E-05 4.29E-03
6.310E+00 1.775E-02 1.395E-04 4.90E-03
5.957E+00 1.738E-02 1.939E-04 5.58E-03
5.623E+00 1.713E-02 2.632E-04 6.33E-03
5.309E+00 1.716E-02 3.515E-04 7.17E-03
5.012E+00 1.743E-02 4.645E-04 8.11E-03
4.732E+00 1.792E-02 6.073E-04 9.15E-03
4.467E+00 1.856E-02 7.890E-04 1.03E-02
4.217E+00 1.934E-02 1.018E-03 1.16E-02
3.981E+00 2.014E-02 1.309E-03 1.31E-02
3.758E+00 2.095E-02 1.677E-03 1.47E-02
3.548E+00 2.184E-02 2.143E-03 1.65E-02
3.350E+00 2.276E-02 2.731E-03 1.86E-02
3.162E+00 2.364E-02 3.474E-03 2.09E-02
2.985E+00 2.464E-02 4.416E-03 2.34E-02
2.818E+00 2.577E-02 5.611E-03 2.63E-02
2.661E+00 2.700E-02 7.124E-03 2.95E-02
2.512E+00 2.837E-02 9.036E-03 3.31E-02
2.371E+00 2.991E-02 1.145E-02 3.72E-02
2.239E+00 3.159E-02 1.451E-02 4.17E-02
2.113E+00 3.343E-02 1.836E-02 4.68E-02
1.995E+00 3.548E-02 2.324E-02 5.24E-02
1.884E+00 3.774E-02 2.940E-02 5.88E-02
1.778E+00 4.027E-02 3.718E-02 6.60E-02
1.679E+00 4.315E-02 4.699E-02 7.40E-02
1.585E+00 4.638E-02 5.936E-02 8.30E-02
1.496E+00 4.992E-02 7.492E-02 9.32E-02
1.413E+00 5.386E-02 9.442E-02 1.05E-01
1.334E+00 5.821E-02 1.188E-01 1.18E-01
1.259E+00 6.305E-02 1.492E-01 1.32E-01
1.189E+00 6.862E-02 1.867E-01 1.49E-01
1.122E+00 7.482E-02 2.328E-01 1.69E-01
1.059E+00 8.172E-02 2.887E-01 1.91E-01
1.000E+00 8.941E-02 3.557E-01 2.17E-01
9.441E-01 9.808E-02 4.347E-01 2.48E-01
8.913E-01 1.079E-01 5.267E-01 2.85E-01
8.414E-01 1.194E-01 6.327E-01 3.28E-01
7.943E-01 1.331E-01 7.545E-01 3.78E-01
7.499E-01 1.502E-01 8.971E-01 4.36E-01
7.079E-01 1.720E-01 1.071E+00 4.97E-01
6.683E-01 1.989E-01 1.295E+00 5.52E-01
6.310E-01 2.287E-01 1.584E+00 5.90E-01
5.957E-01 2.537E-01 1.918E+00 6.01E-01
5.623E-01 2.643E-01 2.219E+00 5.92E-01
5.309E-01 2.619E-01 2.415E+00 5.79E-01
5.012E-01 2.605E-01 2.527E+00 5.78E-01
4.732E-01 2.763E-01 2.648E+00 5.97E-01
4.467E-01 3.202E-01 2.894E+00 6.35E-01
4.217E-01 3.823E-01 3.320E+00 6.78E-01
3.981E-01 4.079E-01 3.687E+00 6.99E-01
3.758E-01 3.875E-01 3.695E+00 6.91E-01
3.548E-01 3.851E-01 3.550E+00 6.67E-01
3.350E-01 4.523E-01 3.617E+00 6.55E-01
3.162E-01 5.308E-01 3.936E+00 6.82E-01
2.985E-01 4.857E-01 3.660E+00 6.90E-01
2.818E-01 4.940E-01 3.113E+00 6.42E-01
2.661E-01 6.387E-01 3.031E+00 5.85E-01
2.512E-01 5.628E-01 2.629E+00 5.84E-01
2.371E-01 5.919E-01 1.845E+00 4.84E-01
2.239E-01 6.630E-01 1.625E+00 4.22E-01
2.113E-01 7.261E-01 1.261E+00 4.27E-01
1.995E-01 8.949E-01 1.364E+00 6.56E-01
1.884E-01 1.123E+00 1.576E+00 8.00E-01
1.778E-01 1.229E+00 1.560E+00 8.47E-01
1.679E-01 1.259E+00 1.332E+00 8.42E-01
1.585E-01 1.249E+00 1.273E+00 8.39E-01
1.496E-01 1.219E+00 1.292E+00 8.38E-01
1.413E-01 1.202E+00 1.292E+00 8.42E-01
1.334E-01 1.188E+00 1.289E+00 8.46E-01
1.259E-01 1.171E+00 1.290E+00 8.48E-01
1.189E-01 1.152E+00 1.294E+00 8.48E-01
1.122E-01 1.131E+00 1.302E+00 8.47E-01
1.059E-01 1.108E+00 1.316E+00 8.44E-01
1.000E-01 1.084E+00 1.329E+00 8.41E-01
9.441E-02 1.063E+00 1.332E+00 8.43E-01
8.913E-02 1.050E+00 1.315E+00 8.51E-01
8.414E-02 1.035E+00 1.319E+00 8.51E-01
7.943E-02 1.003E+00 1.339E+00 8.45E-01
7.499E-02 9.621E-01 1.360E+00 8.38E-01
7.079E-02 9.222E-01 1.372E+00 8.35E-01
6.683E-02 8.744E-01 1.387E+00 8.31E-01
6.310E-02 8.198E-01 1.397E+00 8.30E-01
5.957E-02 8.069E-01 1.345E+00 8.59E-01
5.623E-02 8.763E-01 1.230E+00 9.05E-01
5.309E-02 9.026E-01 1.184E+00 9.23E-01
5.012E-02 9.177E-01 1.154E+00 9.34E-01
4.732E-02 9.263E-01 1.134E+00 9.43E-01
4.467E-02 9.313E-01 1.118E+00 9.49E-01
4.217E-02 9.338E-01 1.107E+00 9.54E-01
3.981E-02 9.349E-01 1.097E+00 9.58E-01
3.758E-02 9.350E-01 1.089E+00 9.62E-01
3.548E-02 9.345E-01 1.082E+00 9.66E-01
3.350E-02 9.336E-01 1.075E+00 9.69E-01
3.162E-02 9.326E-01 1.069E+00 9.72E-01
2.985E-02 9.314E-01 1.064E+00 9.75E-01
2.818E-02 9.303E-01 1.059E+00 9.77E-01
2.661E-02 9.294E-01 1.054E+00 9.80E-01
2.512E-02 9.288E-01 1.049E+00 9.82E-01
2.371E-02 9.288E-01 1.044E+00 9.85E-01
2.239E-02 9.319E-01 1.038E+00 9.87E-01
2.113E-02 9.319E-01 1.036E+00 9.88E-01
1.995E-02 9.337E-01 1.032E+00 9.90E-01
1.884E-02 9.416E-01 1.021E+00 9.91E-01
1.778E-02 9.370E-01 1.029E+00 9.92E-01
1.679E-02 9.352E-01 1.033E+00 9.93E-01
1.585E-02 9.339E-01 1.038E+00 9.94E-01
1.496E-02 9.325E-01 1.043E+00 9.95E-01
1.413E-02 9.311E-01 1.050E+00 9.95E-01
1.334E-02 9.346E-01 1.043E+00 9.96E-01
1.259E-02 9.342E-01 1.048E+00 9.96E-01
1.189E-02 9.294E-01 1.065E+00 9.97E-01
1.122E-02 9.262E-01 1.072E+00 9.97E-01
1.059E-02 9.503E-01 9.821E-01 9.98E-01
1.000E-02 9.395E-01 1.042E+00 9.98E-01
9.441E-03 9.326E-01 1.070E+00 9.98E-01
8.913E-03 9.256E-01 1.096E+00 9.98E-01
8.414E-03 9.175E-01 1.125E+00 9.98E-01
7.943E-03 9.079E-01 1.156E+00 9.99E-01
7.499E-03 8.969E-01 1.184E+00 9.99E-01
7.079E-03 8.970E-01 1.186E+00 9.99E-01
6.683E-03 8.827E-01 1.229E+00 9.99E-01
6.310E-03 8.660E-01 1.272E+00 9.99E-01
5.957E-03 8.468E-01 1.314E+00 9.99E-01
5.623E-03 8.242E-01 1.354E+00 1.00E+00
5.309E-03 7.989E-01 1.390E+00 1.00E+00
5.012E-03 7.710E-01 1.418E+00 1.00E+00
4.732E-03 7.402E-01 1.439E+00 1.00E+00
4.467E-03 7.068E-01 1.449E+00 1.00E+00
4.217E-03 6.714E-01 1.448E+00 1.00E+00
3.981E-03 6.340E-01 1.434E+00 1.00E+00
3.758E-03 5.953E-01 1.407E+00 1.00E+00
3.548E-03 5.555E-01 1.367E+00 1.00E+00
3.350E-03 5.154E-01 1.314E+00 1.00E+00
3.162E-03 4.755E-01 1.249E+00 1.00E+00
2.985E-03 4.370E-01 1.176E+00 1.00E+00
2.818E-03 3.978E-01 1.087E+00 1.00E+00
2.661E-03 3.590E-01 9.852E-01 1.00E+00
2.512E-03 3.236E-01 8.504E-01 1.00E+00
2.371E-03 2.905E-01 5.437E-01 1.00E+00
2.239E-03 5.448E-01 5.919E-01 1.00E+00
2.113E-03 5.069E-01 6.290E-01 1.00E+00
1.995E-03 4.674E-01 6.289E-01 1.00E+00
1.884E-03 4.278E-01 5.924E-01 1.00E+00
1.778E-03 3.886E-01 5.316E-01 1.00E+00
1.679E-03 3.505E-01 3.508E-01 1.00E+00
1.585E-03 4.927E-01 4.657E-01 1.00E+00
1.496E-03 4.496E-01 4.557E-01 1.00E+00
1.413E-03 4.404E-01 4.685E-01 1.00E+00
1.334E-03 4.002E-01 4.609E-01 1.00E+00
1.259E-03 3.614E-01 4.410E-01 1.00E+00
1.189E-03 3.246E-01 4.170E-01 1.00E+00
1.122E-03 2.886E-01 3.894E-01 1.00E+00
1.059E-03 2.554E-01 3.592E-01 1.00E+00
