w(micron)  Q_abs     Q_sca     g=<cos>
1.000E+03 1.242E-03 1.597E-05 1.59E-03
9.441E+02 1.395E-03 2.012E-05 1.78E-03
8.913E+02 1.568E-03 2.533E-05 2.00E-03
8.414E+02 1.762E-03 3.191E-05 2.24E-03
7.943E+02 1.981E-03 4.019E-05 2.51E-03
7.499E+02 2.227E-03 5.062E-05 2.82E-03
7.079E+02 2.505E-03 6.376E-05 3.16E-03
6.683E+02 2.817E-03 8.032E-05 3.55E-03
6.310E+02 3.170E-03 1.012E-04 3.99E-03
5.957E+02 3.568E-03 1.275E-04 4.47E-03
5.623E+02 4.018E-03 1.607E-04 5.02E-03
5.309E+02 4.526E-03 2.025E-04 5.63E-03
5.012E+02 5.101E-03 2.553E-04 6.32E-03
4.732E+02 5.753E-03 3.218E-04 7.10E-03
4.467E+02 6.492E-03 4.057E-04 7.97E-03
4.217E+02 7.331E-03 5.117E-04 8.94E-03
3.981E+02 8.285E-03 6.454E-04 1.00E-02
3.758E+02 9.370E-03 8.142E-04 1.13E-02
3.548E+02 1.061E-02 1.027E-03 1.26E-02
3.350E+02 1.202E-02 1.297E-03 1.42E-02
3.162E+02 1.364E-02 1.638E-03 1.59E-02
2.985E+02 1.550E-02 2.069E-03 1.79E-02
2.818E+02 1.764E-02 2.614E-03 2.01E-02
2.661E+02 2.011E-02 3.305E-03 2.26E-02
2.512E+02 2.298E-02 4.181E-03 2.54E-02
2.371E+02 2.630E-02 5.291E-03 2.85E-02
2.239E+02 3.018E-02 6.701E-03 3.21E-02
2.113E+02 3.472E-02 8.494E-03 3.60E-02
1.995E+02 4.006E-02 1.077E-02 4.05E-02
1.884E+02 4.639E-02 1.368E-02 4.56E-02
1.778E+02 5.393E-02 1.739E-02 5.13E-02
1.679E+02 6.297E-02 2.213E-02 5.77E-02
1.585E+02 7.387E-02 2.819E-02 6.50E-02
1.496E+02 8.714E-02 3.597E-02 7.32E-02
1.413E+02 1.034E-01 4.598E-02 8.26E-02
1.334E+02 1.236E-01 5.887E-02 9.31E-02
1.259E+02 1.488E-01 7.554E-02 1.05E-01
1.189E+02 1.808E-01 9.710E-02 1.19E-01
1.122E+02 2.217E-01 1.252E-01 1.34E-01
1.059E+02 2.749E-01 1.618E-01 1.51E-01
1.000E+02 3.445E-01 2.096E-01 1.71E-01
9.441E+01 4.370E-01 2.723E-01 1.92E-01
8.913E+01 5.597E-01 3.547E-01 2.14E-01
8.414E+01 7.218E-01 4.628E-01 2.35E-01
7.943E+01 9.284E-01 6.030E-01 2.53E-01
7.499E+01 1.174E+00 7.809E-01 2.63E-01
7.079E+01 1.431E+00 9.962E-01 2.61E-01
6.683E+01 1.651E+00 1.237E+00 2.47E-01
6.310E+01 1.792E+00 1.477E+00 2.28E-01
5.957E+01 1.850E+00 1.681E+00 2.13E-01
5.623E+01 1.850E+00 1.819E+00 2.08E-01
5.309E+01 1.815E+00 1.877E+00 2.14E-01
5.012E+01 1.764E+00 1.859E+00 2.29E-01
4.732E+01 1.709E+00 1.789E+00 2.54E-01
4.467E+01 1.661E+00 1.697E+00 2.86E-01
4.217E+01 1.625E+00 1.608E+00 3.26E-01
3.981E+01 1.607E+00 1.538E+00 3.74E-01
3.758E+01 1.603E+00 1.494E+00 4.24E-01
3.548E+01 1.609E+00 1.475E+00 4.73E-01
3.350E+01 1.614E+00 1.476E+00 5.15E-01
3.162E+01 1.607E+00 1.484E+00 5.47E-01
2.985E+01 1.586E+00 1.488E+00 5.69E-01
2.818E+01 1.555E+00 1.482E+00 5.86E-01
2.661E+01 1.524E+00 1.466E+00 6.03E-01
2.512E+01 1.500E+00 1.448E+00 6.21E-01
2.371E+01 1.490E+00 1.430E+00 6.43E-01
2.239E+01 1.484E+00 1.417E+00 6.67E-01
2.113E+01 1.477E+00 1.403E+00 6.89E-01
1.995E+01 1.463E+00 1.382E+00 7.08E-01
1.884E+01 1.454E+00 1.336E+00 7.31E-01
1.778E+01 1.449E+00 1.281E+00 7.58E-01
1.679E+01 1.448E+00 1.252E+00 7.84E-01
1.585E+01 1.452E+00 1.262E+00 8.01E-01
1.496E+01 1.455E+00 1.273E+00 8.08E-01
1.413E+01 1.426E+00 1.255E+00 8.04E-01
1.334E+01 1.367E+00 1.302E+00 7.98E-01
1.259E+01 1.319E+00 1.335E+00 7.91E-01
1.189E+01 1.285E+00 1.354E+00 7.90E-01
1.122E+01 1.261E+00 1.361E+00 7.93E-01
1.059E+01 1.238E+00 1.363E+00 7.98E-01
1.000E+01 1.221E+00 1.320E+00 8.15E-01
9.441E+00 1.186E+00 1.261E+00 8.32E-01
8.913E+00 1.161E+00 1.089E+00 8.76E-01
8.414E+00 1.161E+00 9.326E-01 9.15E-01
7.943E+00 1.131E+00 9.339E-01 9.41E-01
7.499E+00 1.052E+00 1.902E+00 9.17E-01
7.079E+00 1.063E+00 1.517E+00 8.44E-01
6.683E+00 1.105E+00 1.135E+00 8.01E-01
6.310E+00 1.101E+00 1.199E+00 8.32E-01
5.957E+00 1.074E+00 1.438E+00 8.76E-01
5.623E+00 1.053E+00 1.576E+00 8.97E-01
5.309E+00 1.038E+00 1.498E+00 8.94E-01
5.012E+00 1.025E+00 1.312E+00 8.77E-01
4.732E+00 1.018E+00 1.213E+00 8.67E-01
4.467E+00 1.015E+00 1.274E+00 8.75E-01
4.217E+00 1.017E+00 1.391E+00 8.88E-01
3.981E+00 1.023E+00 1.412E+00 8.95E-01
3.758E+00 1.031E+00 1.308E+00 8.93E-01
3.548E+00 1.031E+00 1.208E+00 8.92E-01
3.350E+00 1.021E+00 1.226E+00 8.98E-01
3.162E+00 1.021E+00 1.307E+00 9.09E-01
2.985E+00 1.016E+00 1.312E+00 9.11E-01
2.818E+00 1.016E+00 1.222E+00 9.07E-01
2.661E+00 1.010E+00 1.204E+00 9.07E-01
2.512E+00 1.010E+00 1.264E+00 9.15E-01
2.371E+00 1.011E+00 1.248E+00 9.18E-01
2.239E+00 1.008E+00 1.189E+00 9.16E-01
2.113E+00 1.005E+00 1.219E+00 9.20E-01
1.995E+00 1.002E+00 1.228E+00 9.22E-01
1.884E+00 9.994E-01 1.182E+00 9.21E-01
1.778E+00 9.977E-01 1.208E+00 9.25E-01
1.679E+00 9.945E-01 1.194E+00 9.25E-01
1.585E+00 9.916E-01 1.182E+00 9.26E-01
1.496E+00 9.888E-01 1.194E+00 9.28E-01
1.413E+00 9.858E-01 1.173E+00 9.28E-01
1.334E+00 9.825E-01 1.186E+00 9.30E-01
1.259E+00 9.793E-01 1.170E+00 9.30E-01
1.189E+00 9.760E-01 1.177E+00 9.31E-01
1.122E+00 9.725E-01 1.171E+00 9.31E-01
1.059E+00 9.691E-01 1.167E+00 9.31E-01
1.000E+00 9.657E-01 1.170E+00 9.32E-01
9.441E-01 9.623E-01 1.165E+00 9.32E-01
8.913E-01 9.590E-01 1.163E+00 9.32E-01
8.414E-01 9.557E-01 1.163E+00 9.32E-01
7.943E-01 9.525E-01 1.163E+00 9.33E-01
7.499E-01 9.493E-01 1.161E+00 9.33E-01
7.079E-01 9.463E-01 1.160E+00 9.33E-01
6.683E-01 9.434E-01 1.159E+00 9.33E-01
6.310E-01 9.405E-01 1.158E+00 9.33E-01
5.957E-01 9.378E-01 1.157E+00 9.33E-01
5.623E-01 9.351E-01 1.156E+00 9.33E-01
5.309E-01 9.325E-01 1.155E+00 9.33E-01
5.012E-01 9.299E-01 1.155E+00 9.33E-01
4.732E-01 9.275E-01 1.154E+00 9.32E-01
4.467E-01 9.250E-01 1.153E+00 9.32E-01
4.217E-01 9.226E-01 1.153E+00 9.32E-01
3.981E-01 9.202E-01 1.152E+00 9.32E-01
3.758E-01 9.179E-01 1.152E+00 9.31E-01
3.548E-01 9.155E-01 1.152E+00 9.31E-01
3.350E-01 9.130E-01 1.152E+00 9.30E-01
3.162E-01 9.105E-01 1.152E+00 9.29E-01
2.985E-01 9.078E-01 1.152E+00 9.28E-01
2.818E-01 9.051E-01 1.153E+00 9.27E-01
2.661E-01 9.021E-01 1.154E+00 9.26E-01
2.512E-01 8.987E-01 1.155E+00 9.24E-01
2.371E-01 8.949E-01 1.157E+00 9.22E-01
2.239E-01 8.902E-01 1.159E+00 9.19E-01
2.113E-01 8.843E-01 1.164E+00 9.15E-01
1.995E-01 8.775E-01 1.168E+00 9.10E-01
1.884E-01 8.698E-01 1.175E+00 9.05E-01
1.778E-01 8.607E-01 1.182E+00 8.98E-01
1.679E-01 8.500E-01 1.191E+00 8.90E-01
1.585E-01 8.377E-01 1.202E+00 8.80E-01
1.496E-01 8.268E-01 1.212E+00 8.72E-01
1.413E-01 8.247E-01 1.213E+00 8.72E-01
1.334E-01 8.249E-01 1.211E+00 8.74E-01
1.259E-01 8.223E-01 1.213E+00 8.73E-01
1.189E-01 8.177E-01 1.216E+00 8.71E-01
1.122E-01 8.109E-01 1.222E+00 8.67E-01
1.059E-01 7.892E-01 1.211E+00 8.59E-01
1.000E-01 7.793E-01 1.221E+00 8.54E-01
9.441E-02 7.753E-01 1.225E+00 8.53E-01
8.913E-02 7.908E-01 1.237E+00 8.63E-01
8.414E-02 7.796E-01 1.220E+00 8.59E-01
7.943E-02 7.646E-01 1.235E+00 8.51E-01
7.499E-02 7.472E-01 1.253E+00 8.43E-01
7.079E-02 7.390E-01 1.284E+00 8.40E-01
6.683E-02 7.216E-01 1.300E+00 8.35E-01
6.310E-02 7.050E-01 1.315E+00 8.33E-01
5.957E-02 7.320E-01 1.286E+00 8.63E-01
5.623E-02 8.087E-01 1.208E+00 9.13E-01
5.309E-02 8.363E-01 1.164E+00 9.31E-01
5.012E-02 8.553E-01 1.145E+00 9.42E-01
4.732E-02 8.684E-01 1.132E+00 9.50E-01
4.467E-02 8.783E-01 1.122E+00 9.56E-01
4.217E-02 8.861E-01 1.114E+00 9.61E-01
3.981E-02 8.927E-01 1.107E+00 9.65E-01
3.758E-02 8.985E-01 1.102E+00 9.68E-01
3.548E-02 9.036E-01 1.096E+00 9.71E-01
3.350E-02 9.084E-01 1.092E+00 9.74E-01
3.162E-02 9.130E-01 1.087E+00 9.77E-01
2.985E-02 9.174E-01 1.083E+00 9.79E-01
2.818E-02 9.218E-01 1.078E+00 9.81E-01
2.661E-02 9.263E-01 1.074E+00 9.83E-01
2.512E-02 9.309E-01 1.069E+00 9.86E-01
2.371E-02 9.360E-01 1.064E+00 9.88E-01
2.239E-02 9.413E-01 1.059E+00 9.89E-01
2.113E-02 9.453E-01 1.055E+00 9.91E-01
1.995E-02 9.503E-01 1.050E+00 9.92E-01
1.884E-02 9.552E-01 1.045E+00 9.93E-01
1.778E-02 9.559E-01 1.044E+00 9.94E-01
1.679E-02 9.583E-01 1.042E+00 9.94E-01
1.585E-02 9.610E-01 1.039E+00 9.95E-01
1.496E-02 9.637E-01 1.036E+00 9.96E-01
1.413E-02 9.666E-01 1.033E+00 9.96E-01
1.334E-02 9.705E-01 1.030E+00 9.97E-01
1.259E-02 9.720E-01 1.028E+00 9.97E-01
1.189E-02 9.733E-01 1.027E+00 9.98E-01
1.122E-02 9.763E-01 1.024E+00 9.98E-01
1.059E-02 9.817E-01 1.018E+00 9.99E-01
1.000E-02 9.790E-01 1.021E+00 9.98E-01
9.441E-03 9.791E-01 1.021E+00 9.99E-01
8.913E-03 9.800E-01 1.020E+00 9.99E-01
8.414E-03 9.810E-01 1.019E+00 9.99E-01
7.943E-03 9.822E-01 1.018E+00 9.99E-01
7.499E-03 9.838E-01 1.016E+00 9.99E-01
7.079E-03 9.848E-01 1.015E+00 9.99E-01
6.683E-03 9.856E-01 1.014E+00 9.99E-01
6.310E-03 9.866E-01 1.013E+00 9.99E-01
5.957E-03 9.876E-01 1.012E+00 1.00E+00
5.623E-03 9.885E-01 1.012E+00 1.00E+00
5.309E-03 9.893E-01 1.011E+00 1.00E+00
5.012E-03 9.899E-01 1.010E+00 1.00E+00
4.732E-03 9.904E-01 1.010E+00 1.00E+00
4.467E-03 9.908E-01 1.009E+00 1.00E+00
4.217E-03 9.910E-01 1.009E+00 1.00E+00
3.981E-03 9.912E-01 1.009E+00 1.00E+00
3.758E-03 9.914E-01 1.009E+00 1.00E+00
3.548E-03 9.915E-01 1.008E+00 1.00E+00
3.350E-03 9.917E-01 1.008E+00 1.00E+00
3.162E-03 9.920E-01 1.008E+00 1.00E+00
2.985E-03 9.925E-01 1.008E+00 1.00E+00
2.818E-03 9.934E-01 1.007E+00 1.00E+00
2.661E-03 9.945E-01 1.005E+00 1.00E+00
2.512E-03 9.954E-01 1.005E+00 1.00E+00
2.371E-03 9.963E-01 1.004E+00 1.00E+00
2.239E-03 9.990E-01 1.001E+00 1.00E+00
2.113E-03 9.989E-01 1.001E+00 1.00E+00
1.995E-03 9.988E-01 1.001E+00 1.00E+00
1.884E-03 9.987E-01 1.001E+00 1.00E+00
1.778E-03 9.986E-01 1.001E+00 1.00E+00
1.679E-03 9.985E-01 1.002E+00 1.00E+00
1.585E-03 9.995E-01 1.001E+00 1.00E+00
1.496E-03 9.993E-01 1.001E+00 1.00E+00
1.413E-03 9.993E-01 1.001E+00 1.00E+00
1.334E-03 9.990E-01 1.001E+00 1.00E+00
1.259E-03 9.987E-01 1.001E+00 1.00E+00
1.189E-03 9.983E-01 1.002E+00 1.00E+00
1.122E-03 9.977E-01 1.002E+00 1.00E+00
1.059E-03 9.968E-01 1.003E+00 1.00E+00
