w(micron)  Q_abs     Q_sca     g=<cos>
1.000E+03 1.230E-04 1.593E-09 1.58E-05
9.441E+02 1.380E-04 2.006E-09 1.78E-05
8.913E+02 1.549E-04 2.525E-09 1.99E-05
8.414E+02 1.738E-04 3.179E-09 2.24E-05
7.943E+02 1.950E-04 4.002E-09 2.51E-05
7.499E+02 2.188E-04 5.038E-09 2.81E-05
7.079E+02 2.456E-04 6.343E-09 3.16E-05
6.683E+02 2.756E-04 7.985E-09 3.54E-05
6.310E+02 3.092E-04 1.005E-08 3.97E-05
5.957E+02 3.470E-04 1.266E-08 4.46E-05
5.623E+02 3.894E-04 1.594E-08 5.00E-05
5.309E+02 4.370E-04 2.006E-08 5.61E-05
5.012E+02 4.905E-04 2.526E-08 6.30E-05
4.732E+02 5.505E-04 3.180E-08 7.06E-05
4.467E+02 6.179E-04 4.004E-08 7.92E-05
4.217E+02 6.936E-04 5.041E-08 8.89E-05
3.981E+02 7.786E-04 6.347E-08 9.97E-05
3.758E+02 8.741E-04 7.991E-08 1.12E-04
3.548E+02 9.812E-04 1.006E-07 1.25E-04
3.350E+02 1.101E-03 1.267E-07 1.41E-04
3.162E+02 1.236E-03 1.595E-07 1.58E-04
2.985E+02 1.388E-03 2.008E-07 1.77E-04
2.818E+02 1.559E-03 2.529E-07 1.98E-04
2.661E+02 1.752E-03 3.184E-07 2.22E-04
2.512E+02 1.968E-03 4.009E-07 2.49E-04
2.371E+02 2.210E-03 5.048E-07 2.79E-04
2.239E+02 2.483E-03 6.357E-07 3.13E-04
2.113E+02 2.790E-03 8.005E-07 3.51E-04
1.995E+02 3.135E-03 1.008E-06 3.93E-04
1.884E+02 3.524E-03 1.270E-06 4.40E-04
1.778E+02 3.963E-03 1.599E-06 4.93E-04
1.679E+02 4.457E-03 2.014E-06 5.52E-04
1.585E+02 5.014E-03 2.536E-06 6.18E-04
1.496E+02 5.643E-03 3.194E-06 6.92E-04
1.413E+02 6.352E-03 4.024E-06 7.74E-04
1.334E+02 7.152E-03 5.069E-06 8.65E-04
1.259E+02 8.057E-03 6.385E-06 9.67E-04
1.189E+02 9.084E-03 8.042E-06 1.08E-03
1.122E+02 1.024E-02 1.013E-05 1.21E-03
1.059E+02 1.155E-02 1.277E-05 1.34E-03
1.000E+02 1.304E-02 1.609E-05 1.50E-03
9.441E+01 1.473E-02 2.027E-05 1.67E-03
8.913E+01 1.664E-02 2.554E-05 1.85E-03
8.414E+01 1.881E-02 3.219E-05 2.06E-03
7.943E+01 2.128E-02 4.056E-05 2.28E-03
7.499E+01 2.410E-02 5.111E-05 2.53E-03
7.079E+01 2.730E-02 6.440E-05 2.79E-03
6.683E+01 3.093E-02 8.114E-05 3.08E-03
6.310E+01 3.508E-02 1.022E-04 3.39E-03
5.957E+01 3.977E-02 1.287E-04 3.72E-03
5.623E+01 4.510E-02 1.620E-04 4.07E-03
5.309E+01 5.110E-02 2.039E-04 4.44E-03
5.012E+01 5.791E-02 2.565E-04 4.84E-03
4.732E+01 6.559E-02 3.224E-04 5.26E-03
4.467E+01 7.425E-02 4.052E-04 5.70E-03
4.217E+01 8.399E-02 5.089E-04 6.17E-03
3.981E+01 9.486E-02 6.377E-04 6.66E-03
3.758E+01 1.069E-01 7.989E-04 7.19E-03
3.548E+01 1.200E-01 1.003E-03 7.78E-03
3.350E+01 1.349E-01 1.260E-03 8.41E-03
3.162E+01 1.526E-01 1.583E-03 9.04E-03
2.985E+01 1.730E-01 1.984E-03 9.68E-03
2.818E+01 1.960E-01 2.480E-03 1.04E-02
2.661E+01 2.226E-01 3.099E-03 1.11E-02
2.512E+01 2.533E-01 3.877E-03 1.18E-02
2.371E+01 2.877E-01 4.801E-03 1.26E-02
2.239E+01 3.278E-01 5.948E-03 1.34E-02
2.113E+01 3.736E-01 7.259E-03 1.42E-02
1.995E+01 4.278E-01 8.748E-03 1.51E-02
1.884E+01 4.740E-01 9.733E-03 1.63E-02
1.778E+01 4.747E-01 9.916E-03 1.85E-02
1.679E+01 4.334E-01 9.949E-03 2.15E-02
1.585E+01 3.749E-01 1.080E-02 2.54E-02
1.496E+01 3.246E-01 1.348E-02 3.04E-02
1.413E+01 3.025E-01 1.968E-02 3.69E-02
1.334E+01 3.753E-01 3.095E-02 4.31E-02
1.259E+01 5.060E-01 4.506E-02 4.63E-02
1.189E+01 6.735E-01 6.210E-02 4.69E-02
1.122E+01 8.593E-01 8.101E-02 4.67E-02
1.059E+01 1.084E+00 1.030E-01 4.62E-02
1.000E+01 1.217E+00 1.067E-01 4.91E-02
9.441E+00 1.235E+00 9.762E-02 5.41E-02
8.913E+00 8.862E-01 4.972E-02 6.40E-02
8.414E+00 5.961E-01 2.485E-02 7.48E-02
7.943E+00 2.969E-01 1.157E-02 8.63E-02
7.499E+00 1.447E-01 2.623E-02 1.01E-01
7.079E+00 1.218E-01 5.570E-02 1.18E-01
6.683E+00 1.267E-01 9.007E-02 1.36E-01
6.310E+00 1.317E-01 1.309E-01 1.56E-01
5.957E+00 1.344E-01 1.808E-01 1.79E-01
5.623E+00 1.382E-01 2.423E-01 2.05E-01
5.309E+00 1.443E-01 3.166E-01 2.36E-01
5.012E+00 1.531E-01 4.051E-01 2.72E-01
4.732E+00 1.648E-01 5.072E-01 3.15E-01
4.467E+00 1.797E-01 6.251E-01 3.65E-01
4.217E+00 1.989E-01 7.605E-01 4.22E-01
3.981E+00 2.226E-01 9.219E-01 4.85E-01
3.758E+00 2.518E-01 1.125E+00 5.44E-01
3.548E+00 2.847E-01 1.384E+00 5.88E-01
3.350E+00 3.129E-01 1.693E+00 6.07E-01
3.162E+00 3.247E-01 1.997E+00 6.03E-01
2.985E+00 3.210E-01 2.225E+00 5.92E-01
2.818E+00 3.157E-01 2.368E+00 5.89E-01
2.661E+00 3.263E-01 2.499E+00 6.05E-01
2.512E+00 3.648E-01 2.714E+00 6.39E-01
2.371E+00 4.240E-01 3.077E+00 6.82E-01
2.239E+00 4.560E-01 3.443E+00 7.07E-01
2.113E+00 4.392E-01 3.537E+00 7.05E-01
1.995E+00 4.273E-01 3.446E+00 6.88E-01
1.884E+00 4.698E-01 3.455E+00 6.78E-01
1.778E+00 5.523E-01 3.725E+00 6.97E-01
1.679E+00 5.411E-01 3.738E+00 7.17E-01
1.585E+00 5.167E-01 3.370E+00 7.05E-01
1.496E+00 5.888E-01 3.120E+00 6.66E-01
1.413E+00 6.540E-01 3.160E+00 6.67E-01
1.334E+00 5.868E-01 2.739E+00 6.61E-01
1.259E+00 6.527E-01 2.246E+00 6.06E-01
1.189E+00 7.228E-01 2.136E+00 5.93E-01
1.122E+00 6.492E-01 1.754E+00 5.55E-01
1.059E+00 7.907E-01 1.458E+00 4.96E-01
1.000E+00 7.297E-01 1.416E+00 5.34E-01
9.441E-01 7.830E-01 1.230E+00 5.15E-01
8.913E-01 7.800E-01 1.406E+00 6.20E-01
8.414E-01 8.217E-01 1.456E+00 6.86E-01
7.943E-01 8.125E-01 1.766E+00 7.48E-01
7.499E-01 8.373E-01 1.849E+00 8.15E-01
7.079E-01 8.119E-01 2.015E+00 8.29E-01
6.683E-01 8.304E-01 2.005E+00 8.44E-01
6.310E-01 8.298E-01 1.830E+00 8.43E-01
5.957E-01 8.365E-01 1.616E+00 8.25E-01
5.623E-01 8.436E-01 1.429E+00 8.04E-01
5.309E-01 8.630E-01 1.340E+00 7.92E-01
5.012E-01 8.829E-01 1.383E+00 8.12E-01
4.732E-01 8.986E-01 1.525E+00 8.36E-01
4.467E-01 9.102E-01 1.629E+00 8.53E-01
4.217E-01 9.185E-01 1.575E+00 8.59E-01
3.981E-01 9.221E-01 1.399E+00 8.55E-01
3.758E-01 9.212E-01 1.274E+00 8.54E-01
3.548E-01 9.333E-01 1.326E+00 8.71E-01
3.350E-01 9.447E-01 1.450E+00 8.86E-01
3.162E-01 9.381E-01 1.380E+00 8.82E-01
2.985E-01 9.504E-01 1.252E+00 8.75E-01
2.818E-01 9.596E-01 1.315E+00 8.89E-01
2.661E-01 9.574E-01 1.339E+00 8.94E-01
2.512E-01 9.586E-01 1.229E+00 8.89E-01
2.371E-01 9.589E-01 1.324E+00 8.97E-01
2.239E-01 9.538E-01 1.227E+00 8.90E-01
2.113E-01 9.761E-01 1.253E+00 9.01E-01
1.995E-01 9.908E-01 1.226E+00 9.05E-01
1.884E-01 9.828E-01 1.217E+00 9.01E-01
1.778E-01 9.681E-01 1.223E+00 8.95E-01
1.679E-01 9.518E-01 1.233E+00 8.87E-01
1.585E-01 9.347E-01 1.244E+00 8.79E-01
1.496E-01 9.201E-01 1.254E+00 8.72E-01
1.413E-01 9.148E-01 1.255E+00 8.72E-01
1.334E-01 9.113E-01 1.253E+00 8.74E-01
1.259E-01 9.049E-01 1.255E+00 8.73E-01
1.189E-01 8.967E-01 1.258E+00 8.72E-01
1.122E-01 8.862E-01 1.264E+00 8.68E-01
1.059E-01 8.719E-01 1.274E+00 8.62E-01
1.000E-01 8.568E-01 1.285E+00 8.58E-01
9.441E-02 8.468E-01 1.289E+00 8.57E-01
8.913E-02 8.477E-01 1.279E+00 8.65E-01
8.414E-02 8.411E-01 1.281E+00 8.63E-01
7.943E-02 8.205E-01 1.297E+00 8.56E-01
7.499E-02 7.960E-01 1.315E+00 8.48E-01
7.079E-02 7.759E-01 1.327E+00 8.43E-01
6.683E-02 7.518E-01 1.343E+00 8.38E-01
6.310E-02 7.277E-01 1.357E+00 8.37E-01
5.957E-02 7.478E-01 1.324E+00 8.66E-01
5.623E-02 8.243E-01 1.238E+00 9.14E-01
5.309E-02 8.539E-01 1.204E+00 9.32E-01
5.012E-02 8.724E-01 1.181E+00 9.43E-01
4.732E-02 8.848E-01 1.165E+00 9.50E-01
4.467E-02 8.938E-01 1.153E+00 9.56E-01
4.217E-02 9.005E-01 1.143E+00 9.61E-01
3.981E-02 9.060E-01 1.135E+00 9.65E-01
3.758E-02 9.106E-01 1.127E+00 9.68E-01
3.548E-02 9.145E-01 1.121E+00 9.71E-01
3.350E-02 9.181E-01 1.115E+00 9.74E-01
3.162E-02 9.215E-01 1.109E+00 9.76E-01
2.985E-02 9.248E-01 1.103E+00 9.79E-01
2.818E-02 9.281E-01 1.097E+00 9.81E-01
2.661E-02 9.314E-01 1.091E+00 9.83E-01
2.512E-02 9.350E-01 1.086E+00 9.85E-01
2.371E-02 9.392E-01 1.079E+00 9.87E-01
2.239E-02 9.442E-01 1.072E+00 9.89E-01
2.113E-02 9.475E-01 1.067E+00 9.90E-01
1.995E-02 9.521E-01 1.061E+00 9.92E-01
1.884E-02 9.576E-01 1.054E+00 9.93E-01
1.778E-02 9.571E-01 1.053E+00 9.93E-01
1.679E-02 9.588E-01 1.050E+00 9.94E-01
1.585E-02 9.608E-01 1.047E+00 9.95E-01
1.496E-02 9.629E-01 1.043E+00 9.96E-01
1.413E-02 9.652E-01 1.040E+00 9.96E-01
1.334E-02 9.693E-01 1.034E+00 9.97E-01
1.259E-02 9.705E-01 1.032E+00 9.97E-01
1.189E-02 9.709E-01 1.031E+00 9.98E-01
1.122E-02 9.736E-01 1.027E+00 9.98E-01
1.059E-02 9.820E-01 1.018E+00 9.98E-01
1.000E-02 9.773E-01 1.023E+00 9.98E-01
9.441E-03 9.765E-01 1.023E+00 9.98E-01
8.913E-03 9.765E-01 1.022E+00 9.99E-01
8.414E-03 9.768E-01 1.021E+00 9.99E-01
7.943E-03 9.772E-01 1.020E+00 9.99E-01
7.499E-03 9.781E-01 1.018E+00 9.99E-01
7.079E-03 9.790E-01 1.017E+00 9.99E-01
6.683E-03 9.789E-01 1.016E+00 9.99E-01
6.310E-03 9.789E-01 1.016E+00 9.99E-01
5.957E-03 9.788E-01 1.015E+00 9.99E-01
5.623E-03 9.785E-01 1.015E+00 1.00E+00
5.309E-03 9.803E-01 1.020E+00 1.00E+00
5.012E-03 9.792E-01 1.021E+00 1.00E+00
4.732E-03 9.776E-01 1.022E+00 9.99E-01
4.467E-03 9.752E-01 1.025E+00 9.99E-01
4.217E-03 9.721E-01 1.028E+00 9.99E-01
3.981E-03 9.680E-01 1.032E+00 9.99E-01
3.758E-03 9.625E-01 1.037E+00 9.99E-01
3.548E-03 9.553E-01 1.044E+00 9.99E-01
3.350E-03 9.460E-01 1.053E+00 9.99E-01
3.162E-03 9.342E-01 1.065E+00 9.99E-01
2.985E-03 9.196E-01 1.080E+00 9.99E-01
2.818E-03 9.007E-01 1.098E+00 9.99E-01
2.661E-03 8.768E-01 1.122E+00 1.00E+00
2.512E-03 8.492E-01 1.148E+00 1.00E+00
2.371E-03 8.174E-01 1.176E+00 1.00E+00
2.239E-03 9.576E-01 1.040E+00 1.00E+00
2.113E-03 9.478E-01 1.049E+00 1.00E+00
1.995E-03 9.350E-01 1.062E+00 1.00E+00
1.884E-03 9.186E-01 1.077E+00 1.00E+00
1.778E-03 8.980E-01 1.097E+00 1.00E+00
1.679E-03 8.728E-01 1.114E+00 1.00E+00
1.585E-03 9.444E-01 1.050E+00 1.00E+00
1.496E-03 9.288E-01 1.065E+00 1.00E+00
1.413E-03 9.250E-01 1.069E+00 1.00E+00
1.334E-03 9.052E-01 1.088E+00 1.00E+00
1.259E-03 8.809E-01 1.111E+00 1.00E+00
1.189E-03 8.517E-01 1.138E+00 1.00E+00
1.122E-03 8.162E-01 1.171E+00 1.00E+00
1.059E-03 7.757E-01 1.209E+00 1.00E+00
