w(micron)  Q_abs     Q_sca     g=<cos>
1.000E+03 4.369E-04 2.526E-07 1.99E-04
9.441E+02 4.903E-04 3.180E-07 2.24E-04
8.913E+02 5.503E-04 4.003E-07 2.51E-04
8.414E+02 6.176E-04 5.040E-07 2.82E-04
7.943E+02 6.932E-04 6.346E-07 3.16E-04
7.499E+02 7.781E-04 7.989E-07 3.54E-04
7.079E+02 8.734E-04 1.006E-06 3.98E-04
6.683E+02 9.803E-04 1.266E-06 4.46E-04
6.310E+02 1.100E-03 1.595E-06 5.01E-04
5.957E+02 1.235E-03 2.008E-06 5.62E-04
5.623E+02 1.387E-03 2.528E-06 6.30E-04
5.309E+02 1.557E-03 3.183E-06 7.07E-04
5.012E+02 1.748E-03 4.008E-06 7.93E-04
4.732E+02 1.963E-03 5.047E-06 8.90E-04
4.467E+02 2.205E-03 6.356E-06 9.98E-04
4.217E+02 2.477E-03 8.004E-06 1.12E-03
3.981E+02 2.783E-03 1.008E-05 1.26E-03
3.758E+02 3.127E-03 1.269E-05 1.41E-03
3.548E+02 3.514E-03 1.598E-05 1.58E-03
3.350E+02 3.948E-03 2.013E-05 1.77E-03
3.162E+02 4.438E-03 2.536E-05 1.99E-03
2.985E+02 4.989E-03 3.194E-05 2.23E-03
2.818E+02 5.613E-03 4.023E-05 2.50E-03
2.661E+02 6.316E-03 5.068E-05 2.80E-03
2.512E+02 7.110E-03 6.385E-05 3.14E-03
2.371E+02 8.004E-03 8.044E-05 3.52E-03
2.239E+02 9.014E-03 1.014E-04 3.95E-03
2.113E+02 1.016E-02 1.277E-04 4.43E-03
1.995E+02 1.145E-02 1.610E-04 4.96E-03
1.884E+02 1.291E-02 2.030E-04 5.56E-03
1.778E+02 1.458E-02 2.559E-04 6.23E-03
1.679E+02 1.647E-02 3.226E-04 6.98E-03
1.585E+02 1.861E-02 4.069E-04 7.82E-03
1.496E+02 2.106E-02 5.133E-04 8.75E-03
1.413E+02 2.385E-02 6.476E-04 9.80E-03
1.334E+02 2.704E-02 8.173E-04 1.10E-02
1.259E+02 3.069E-02 1.032E-03 1.23E-02
1.189E+02 3.489E-02 1.303E-03 1.37E-02
1.122E+02 3.969E-02 1.646E-03 1.53E-02
1.059E+02 4.523E-02 2.080E-03 1.71E-02
1.000E+02 5.166E-02 2.628E-03 1.90E-02
9.441E+01 5.908E-02 3.324E-03 2.12E-02
8.913E+01 6.769E-02 4.206E-03 2.36E-02
8.414E+01 7.767E-02 5.325E-03 2.62E-02
7.943E+01 8.936E-02 6.744E-03 2.91E-02
7.499E+01 1.030E-01 8.546E-03 3.22E-02
7.079E+01 1.190E-01 1.083E-02 3.55E-02
6.683E+01 1.377E-01 1.374E-02 3.92E-02
6.310E+01 1.596E-01 1.744E-02 4.30E-02
5.957E+01 1.853E-01 2.214E-02 4.71E-02
5.623E+01 2.154E-01 2.812E-02 5.13E-02
5.309E+01 2.504E-01 3.572E-02 5.58E-02
5.012E+01 2.913E-01 4.537E-02 6.04E-02
4.732E+01 3.388E-01 5.762E-02 6.52E-02
4.467E+01 3.939E-01 7.316E-02 7.01E-02
4.217E+01 4.574E-01 9.281E-02 7.52E-02
3.981E+01 5.293E-01 1.173E-01 8.04E-02
3.758E+01 6.107E-01 1.481E-01 8.60E-02
3.548E+01 7.022E-01 1.872E-01 9.21E-02
3.350E+01 8.057E-01 2.356E-01 9.84E-02
3.162E+01 9.224E-01 2.946E-01 1.05E-01
2.985E+01 1.048E+00 3.646E-01 1.11E-01
2.818E+01 1.178E+00 4.443E-01 1.19E-01
2.661E+01 1.308E+00 5.335E-01 1.27E-01
2.512E+01 1.432E+00 6.292E-01 1.37E-01
2.371E+01 1.535E+00 7.184E-01 1.49E-01
2.239E+01 1.618E+00 8.002E-01 1.64E-01
2.113E+01 1.669E+00 8.551E-01 1.82E-01
1.995E+01 1.691E+00 8.784E-01 2.03E-01
1.884E+01 1.660E+00 8.318E-01 2.33E-01
1.778E+01 1.584E+00 7.623E-01 2.73E-01
1.679E+01 1.492E+00 7.305E-01 3.22E-01
1.585E+01 1.421E+00 7.846E-01 3.80E-01
1.496E+01 1.411E+00 9.677E-01 4.43E-01
1.413E+01 1.485E+00 1.312E+00 4.86E-01
1.334E+01 1.569E+00 1.441E+00 4.89E-01
1.259E+01 1.616E+00 1.364E+00 5.15E-01
1.189E+01 1.639E+00 1.301E+00 5.50E-01
1.122E+01 1.640E+00 1.258E+00 5.81E-01
1.059E+01 1.622E+00 1.212E+00 6.04E-01
1.000E+01 1.576E+00 1.091E+00 6.29E-01
9.441E+00 1.491E+00 9.432E-01 6.52E-01
8.913E+00 1.305E+00 6.402E-01 6.91E-01
8.414E+00 1.135E+00 4.263E-01 7.32E-01
7.943E+00 8.190E-01 2.948E-01 7.60E-01
7.499E+00 5.586E-01 8.235E-01 7.60E-01
7.079E+00 5.520E-01 1.614E+00 7.79E-01
6.683E+00 5.948E-01 2.203E+00 7.82E-01
6.310E+00 6.224E-01 2.571E+00 7.73E-01
5.957E+00 6.729E-01 2.927E+00 7.74E-01
5.623E+00 6.808E-01 3.186E+00 7.77E-01
5.309E+00 6.723E-01 3.109E+00 7.65E-01
5.012E+00 7.555E-01 3.051E+00 7.46E-01
4.732E+00 7.573E-01 2.964E+00 7.38E-01
4.467E+00 7.417E-01 2.513E+00 7.10E-01
4.217E+00 8.687E-01 2.246E+00 6.79E-01
3.981E+00 8.012E-01 1.941E+00 6.52E-01
3.758E+00 8.623E-01 1.519E+00 5.87E-01
3.548E+00 8.774E-01 1.403E+00 5.97E-01
3.350E+00 8.624E-01 1.194E+00 5.66E-01
3.162E+00 8.976E-01 1.262E+00 6.32E-01
2.985E+00 8.915E-01 1.318E+00 6.95E-01
2.818E+00 9.008E-01 1.575E+00 7.53E-01
2.661E+00 9.213E-01 1.700E+00 8.19E-01
2.512E+00 8.933E-01 1.896E+00 8.35E-01
2.371E+00 8.942E-01 1.901E+00 8.57E-01
2.239E+00 8.946E-01 1.780E+00 8.54E-01
2.113E+00 8.900E-01 1.602E+00 8.41E-01
1.995E+00 8.984E-01 1.423E+00 8.21E-01
1.884E+00 9.079E-01 1.312E+00 8.09E-01
1.778E+00 9.192E-01 1.322E+00 8.22E-01
1.679E+00 9.285E-01 1.439E+00 8.40E-01
1.585E+00 9.384E-01 1.555E+00 8.57E-01
1.496E+00 9.494E-01 1.555E+00 8.68E-01
1.413E+00 9.560E-01 1.429E+00 8.69E-01
1.334E+00 9.563E-01 1.287E+00 8.66E-01
1.259E+00 9.522E-01 1.255E+00 8.71E-01
1.189E+00 9.604E-01 1.338E+00 8.88E-01
1.122E+00 9.716E-01 1.407E+00 8.98E-01
1.059E+00 9.660E-01 1.335E+00 8.96E-01
1.000E+00 9.785E-01 1.230E+00 8.92E-01
9.441E-01 9.785E-01 1.244E+00 8.98E-01
8.913E-01 9.807E-01 1.311E+00 9.09E-01
8.414E-01 9.863E-01 1.263E+00 9.11E-01
7.943E-01 9.885E-01 1.200E+00 9.10E-01
7.499E-01 9.885E-01 1.245E+00 9.16E-01
7.079E-01 9.880E-01 1.239E+00 9.18E-01
6.683E-01 9.894E-01 1.187E+00 9.18E-01
6.310E-01 9.891E-01 1.222E+00 9.23E-01
5.957E-01 9.879E-01 1.196E+00 9.23E-01
5.623E-01 9.858E-01 1.191E+00 9.24E-01
5.309E-01 9.840E-01 1.196E+00 9.26E-01
5.012E-01 9.818E-01 1.179E+00 9.27E-01
4.732E-01 9.792E-01 1.186E+00 9.28E-01
4.467E-01 9.759E-01 1.179E+00 9.28E-01
4.217E-01 9.726E-01 1.173E+00 9.28E-01
3.981E-01 9.690E-01 1.179E+00 9.29E-01
3.758E-01 9.652E-01 1.172E+00 9.29E-01
3.548E-01 9.613E-01 1.169E+00 9.29E-01
3.350E-01 9.572E-01 1.170E+00 9.28E-01
3.162E-01 9.529E-01 1.171E+00 9.28E-01
2.985E-01 9.486E-01 1.171E+00 9.27E-01
2.818E-01 9.440E-01 1.170E+00 9.26E-01
2.661E-01 9.393E-01 1.170E+00 9.25E-01
2.512E-01 9.341E-01 1.172E+00 9.24E-01
2.371E-01 9.287E-01 1.173E+00 9.22E-01
2.239E-01 9.223E-01 1.175E+00 9.19E-01
2.113E-01 9.148E-01 1.180E+00 9.15E-01
1.995E-01 9.064E-01 1.184E+00 9.10E-01
1.884E-01 8.972E-01 1.190E+00 9.05E-01
1.778E-01 8.868E-01 1.197E+00 8.98E-01
1.679E-01 8.748E-01 1.207E+00 8.90E-01
1.585E-01 8.615E-01 1.218E+00 8.81E-01
1.496E-01 8.497E-01 1.227E+00 8.73E-01
1.413E-01 8.467E-01 1.228E+00 8.73E-01
1.334E-01 8.458E-01 1.227E+00 8.75E-01
1.259E-01 8.422E-01 1.228E+00 8.74E-01
1.189E-01 8.366E-01 1.231E+00 8.72E-01
1.122E-01 8.288E-01 1.237E+00 8.68E-01
1.059E-01 8.172E-01 1.246E+00 8.62E-01
1.000E-01 8.051E-01 1.256E+00 8.57E-01
9.441E-02 7.987E-01 1.260E+00 8.57E-01
8.913E-02 8.038E-01 1.251E+00 8.64E-01
8.414E-02 7.994E-01 1.254E+00 8.62E-01
7.943E-02 7.824E-01 1.268E+00 8.54E-01
7.499E-02 7.625E-01 1.286E+00 8.46E-01
7.079E-02 7.471E-01 1.298E+00 8.42E-01
6.683E-02 7.282E-01 1.314E+00 8.36E-01
6.310E-02 7.099E-01 1.329E+00 8.35E-01
5.957E-02 7.355E-01 1.299E+00 8.64E-01
5.623E-02 8.123E-01 1.219E+00 9.14E-01
5.309E-02 8.420E-01 1.188E+00 9.32E-01
5.012E-02 8.609E-01 1.167E+00 9.43E-01
4.732E-02 8.739E-01 1.153E+00 9.51E-01
4.467E-02 8.835E-01 1.142E+00 9.57E-01
4.217E-02 8.910E-01 1.133E+00 9.61E-01
3.981E-02 8.972E-01 1.125E+00 9.65E-01
3.758E-02 9.026E-01 1.119E+00 9.68E-01
3.548E-02 9.074E-01 1.113E+00 9.72E-01
3.350E-02 9.118E-01 1.107E+00 9.74E-01
3.162E-02 9.161E-01 1.102E+00 9.77E-01
2.985E-02 9.201E-01 1.097E+00 9.79E-01
2.818E-02 9.242E-01 1.092E+00 9.81E-01
2.661E-02 9.283E-01 1.087E+00 9.84E-01
2.512E-02 9.326E-01 1.081E+00 9.86E-01
2.371E-02 9.374E-01 1.076E+00 9.88E-01
2.239E-02 9.427E-01 1.070E+00 9.89E-01
2.113E-02 9.464E-01 1.065E+00 9.91E-01
1.995E-02 9.514E-01 1.059E+00 9.92E-01
1.884E-02 9.552E-01 1.045E+00 9.93E-01
1.778E-02 9.559E-01 1.044E+00 9.94E-01
1.679E-02 9.583E-01 1.042E+00 9.94E-01
1.585E-02 9.610E-01 1.039E+00 9.95E-01
1.496E-02 9.637E-01 1.036E+00 9.96E-01
1.413E-02 9.666E-01 1.033E+00 9.96E-01
1.334E-02 9.705E-01 1.030E+00 9.97E-01
1.259E-02 9.720E-01 1.028E+00 9.97E-01
1.189E-02 9.733E-01 1.027E+00 9.98E-01
1.122E-02 9.763E-01 1.024E+00 9.98E-01
1.059E-02 9.817E-01 1.018E+00 9.99E-01
1.000E-02 9.790E-01 1.021E+00 9.98E-01
9.441E-03 9.791E-01 1.021E+00 9.99E-01
8.913E-03 9.800E-01 1.020E+00 9.99E-01
8.414E-03 9.810E-01 1.019E+00 9.99E-01
7.943E-03 9.822E-01 1.018E+00 9.99E-01
7.499E-03 9.838E-01 1.016E+00 9.99E-01
7.079E-03 9.847E-01 1.015E+00 9.99E-01
6.683E-03 9.855E-01 1.014E+00 9.99E-01
6.310E-03 9.865E-01 1.014E+00 9.99E-01
5.957E-03 9.873E-01 1.013E+00 1.00E+00
5.623E-03 9.881E-01 1.012E+00 1.00E+00
5.309E-03 9.887E-01 1.011E+00 1.00E+00
5.012E-03 9.891E-01 1.011E+00 1.00E+00
4.732E-03 9.894E-01 1.011E+00 1.00E+00
4.467E-03 9.895E-01 1.011E+00 1.00E+00
4.217E-03 9.894E-01 1.011E+00 1.00E+00
3.981E-03 9.893E-01 1.011E+00 1.00E+00
3.758E-03 9.890E-01 1.011E+00 1.00E+00
3.548E-03 9.887E-01 1.011E+00 1.00E+00
3.350E-03 9.882E-01 1.012E+00 1.00E+00
3.162E-03 9.876E-01 1.012E+00 1.00E+00
2.985E-03 9.869E-01 1.013E+00 1.00E+00
2.818E-03 9.860E-01 1.014E+00 1.00E+00
2.661E-03 9.846E-01 1.015E+00 1.00E+00
2.512E-03 9.825E-01 1.017E+00 1.00E+00
2.371E-03 9.797E-01 1.020E+00 1.00E+00
2.239E-03 9.951E-01 1.005E+00 1.00E+00
2.113E-03 9.942E-01 1.006E+00 1.00E+00
1.995E-03 9.932E-01 1.007E+00 1.00E+00
1.884E-03 9.919E-01 1.008E+00 1.00E+00
1.778E-03 9.901E-01 1.010E+00 1.00E+00
1.679E-03 9.878E-01 1.012E+00 1.00E+00
1.585E-03 9.949E-01 1.005E+00 1.00E+00
1.496E-03 9.935E-01 1.006E+00 1.00E+00
1.413E-03 9.932E-01 1.007E+00 1.00E+00
1.334E-03 9.914E-01 1.009E+00 1.00E+00
1.259E-03 9.889E-01 1.011E+00 1.00E+00
1.189E-03 9.856E-01 1.014E+00 1.00E+00
1.122E-03 9.810E-01 1.019E+00 1.00E+00
1.059E-03 9.748E-01 1.025E+00 1.00E+00
