w(micron)  Q_abs     Q_sca     g=<cos>
1.000E+03 5.493E-06 6.342E-15 0.00E+00
9.441E+02 6.164E-06 7.984E-15 0.00E+00
8.913E+02 6.917E-06 1.005E-14 0.00E+00
8.414E+02 7.762E-06 1.265E-14 0.00E+00
7.943E+02 8.710E-06 1.593E-14 0.00E+00
7.499E+02 9.773E-06 2.006E-14 0.00E+00
7.079E+02 1.097E-05 2.525E-14 0.00E+00
6.683E+02 1.231E-05 3.179E-14 0.00E+00
6.310E+02 1.381E-05 4.002E-14 0.00E+00
5.957E+02 1.550E-05 5.039E-14 0.00E+00
5.623E+02 1.739E-05 6.343E-14 0.00E+00
5.309E+02 1.952E-05 7.986E-14 0.00E+00
5.012E+02 2.190E-05 1.006E-13 0.00E+00
4.732E+02 2.458E-05 1.266E-13 0.00E+00
4.467E+02 2.759E-05 1.594E-13 0.00E+00
4.217E+02 3.097E-05 2.007E-13 0.00E+00
3.981E+02 3.476E-05 2.526E-13 0.00E+00
3.758E+02 3.902E-05 3.181E-13 0.00E+00
3.548E+02 4.380E-05 4.004E-13 0.00E+00
3.350E+02 4.915E-05 5.042E-13 0.00E+00
3.162E+02 5.517E-05 6.348E-13 0.00E+00
2.985E+02 6.194E-05 7.993E-13 0.00E+00
2.818E+02 6.956E-05 1.006E-12 0.00E+00
2.661E+02 7.813E-05 1.267E-12 0.00E+00
2.512E+02 8.776E-05 1.595E-12 0.00E+00
2.371E+02 9.856E-05 2.009E-12 5.57E-07
2.239E+02 1.107E-04 2.529E-12 6.24E-07
2.113E+02 1.243E-04 3.185E-12 7.00E-07
1.995E+02 1.397E-04 4.010E-12 7.84E-07
1.884E+02 1.570E-04 5.050E-12 8.78E-07
1.778E+02 1.765E-04 6.360E-12 9.84E-07
1.679E+02 1.984E-04 8.009E-12 1.10E-06
1.585E+02 2.231E-04 1.009E-11 1.23E-06
1.496E+02 2.510E-04 1.270E-11 1.38E-06
1.413E+02 2.823E-04 1.600E-11 1.54E-06
1.334E+02 3.177E-04 2.015E-11 1.73E-06
1.259E+02 3.577E-04 2.538E-11 1.93E-06
1.189E+02 4.030E-04 3.196E-11 2.15E-06
1.122E+02 4.539E-04 4.026E-11 2.40E-06
1.059E+02 5.115E-04 5.072E-11 2.68E-06
1.000E+02 5.770E-04 6.387E-11 2.99E-06
9.441E+01 6.509E-04 8.046E-11 3.32E-06
8.913E+01 7.346E-04 1.013E-10 3.70E-06
8.414E+01 8.291E-04 1.277E-10 4.11E-06
7.943E+01 9.369E-04 1.608E-10 4.55E-06
7.499E+01 1.059E-03 2.025E-10 5.04E-06
7.079E+01 1.198E-03 2.550E-10 5.57E-06
6.683E+01 1.354E-03 3.212E-10 6.14E-06
6.310E+01 1.533E-03 4.042E-10 6.76E-06
5.957E+01 1.734E-03 5.086E-10 7.42E-06
5.623E+01 1.962E-03 6.397E-10 8.12E-06
5.309E+01 2.217E-03 8.044E-10 8.87E-06
5.012E+01 2.506E-03 1.011E-09 9.67E-06
4.732E+01 2.830E-03 1.269E-09 1.05E-05
4.467E+01 3.194E-03 1.593E-09 1.14E-05
4.217E+01 3.602E-03 1.998E-09 1.24E-05
3.981E+01 4.055E-03 2.500E-09 1.34E-05
3.758E+01 4.556E-03 3.127E-09 1.44E-05
3.548E+01 5.092E-03 3.920E-09 1.57E-05
3.350E+01 5.702E-03 4.914E-09 1.69E-05
3.162E+01 6.420E-03 6.157E-09 1.82E-05
2.985E+01 7.248E-03 7.704E-09 1.96E-05
2.818E+01 8.180E-03 9.605E-09 2.10E-05
2.661E+01 9.250E-03 1.198E-08 2.24E-05
2.512E+01 1.048E-02 1.495E-08 2.39E-05
2.371E+01 1.186E-02 1.848E-08 2.56E-05
2.239E+01 1.347E-02 2.286E-08 2.72E-05
2.113E+01 1.533E-02 2.788E-08 2.90E-05
1.995E+01 1.757E-02 3.364E-08 3.07E-05
1.884E+01 1.957E-02 3.765E-08 3.31E-05
1.778E+01 1.969E-02 3.864E-08 3.73E-05
1.679E+01 1.794E-02 3.891E-08 4.33E-05
1.585E+01 1.535E-02 4.212E-08 5.12E-05
1.496E+01 1.301E-02 5.210E-08 6.12E-05
1.413E+01 1.170E-02 7.482E-08 7.43E-05
1.334E+01 1.396E-02 1.158E-07 8.70E-05
1.259E+01 1.841E-02 1.674E-07 9.42E-05
1.189E+01 2.447E-02 2.316E-07 9.61E-05
1.122E+01 3.183E-02 3.079E-07 9.54E-05
1.059E+01 4.207E-02 4.085E-07 9.26E-05
1.000E+01 5.126E-02 4.594E-07 9.50E-05
9.441E+00 5.751E-02 4.684E-07 1.01E-04
8.913E+00 4.297E-02 2.522E-07 1.19E-04
8.414E+00 2.777E-02 1.236E-07 1.42E-04
7.943E+00 1.289E-02 5.484E-08 1.67E-04
7.499E+00 5.708E-03 1.165E-07 2.00E-04
7.079E+00 4.484E-03 2.394E-07 2.35E-04
6.683E+00 4.435E-03 3.826E-07 2.71E-04
6.310E+00 4.403E-03 5.549E-07 3.10E-04
5.957E+00 4.301E-03 7.702E-07 3.53E-04
5.623E+00 4.230E-03 1.045E-06 4.00E-04
5.309E+00 4.224E-03 1.394E-06 4.53E-04
5.012E+00 4.278E-03 1.841E-06 5.13E-04
4.732E+00 4.384E-03 2.405E-06 5.79E-04
4.467E+00 4.524E-03 3.121E-06 6.54E-04
4.217E+00 4.694E-03 4.024E-06 7.37E-04
3.981E+00 4.865E-03 5.165E-06 8.30E-04
3.758E+00 5.036E-03 6.609E-06 9.34E-04
3.548E+00 5.220E-03 8.433E-06 1.05E-03
3.350E+00 5.407E-03 1.073E-05 1.18E-03
3.162E+00 5.577E-03 1.363E-05 1.33E-03
2.985E+00 5.769E-03 1.730E-05 1.49E-03
2.818E+00 5.982E-03 2.193E-05 1.68E-03
2.661E+00 6.211E-03 2.779E-05 1.88E-03
2.512E+00 6.458E-03 3.516E-05 2.11E-03
2.371E+00 6.732E-03 4.445E-05 2.37E-03
2.239E+00 7.020E-03 5.619E-05 2.67E-03
2.113E+00 7.329E-03 7.092E-05 2.99E-03
1.995E+00 7.661E-03 8.951E-05 3.36E-03
1.884E+00 8.016E-03 1.129E-04 3.77E-03
1.778E+00 8.400E-03 1.424E-04 4.23E-03
1.679E+00 8.828E-03 1.796E-04 4.74E-03
1.585E+00 9.290E-03 2.265E-04 5.32E-03
1.496E+00 9.777E-03 2.855E-04 5.97E-03
1.413E+00 1.030E-02 3.598E-04 6.70E-03
1.334E+00 1.085E-02 4.534E-04 7.52E-03
1.259E+00 1.144E-02 5.713E-04 8.43E-03
1.189E+00 1.210E-02 7.199E-04 9.45E-03
1.122E+00 1.281E-02 9.073E-04 1.06E-02
1.059E+00 1.358E-02 1.143E-03 1.19E-02
1.000E+00 1.440E-02 1.441E-03 1.33E-02
9.441E-01 1.529E-02 1.816E-03 1.50E-02
8.913E-01 1.624E-02 2.290E-03 1.68E-02
8.414E-01 1.726E-02 2.888E-03 1.88E-02
7.943E-01 1.835E-02 3.644E-03 2.11E-02
7.499E-01 1.953E-02 4.599E-03 2.36E-02
7.079E-01 2.080E-02 5.807E-03 2.65E-02
6.683E-01 2.217E-02 7.334E-03 2.97E-02
6.310E-01 2.367E-02 9.269E-03 3.33E-02
5.957E-01 2.531E-02 1.172E-02 3.73E-02
5.623E-01 2.710E-02 1.484E-02 4.19E-02
5.309E-01 2.906E-02 1.879E-02 4.70E-02
5.012E-01 3.121E-02 2.382E-02 5.27E-02
4.732E-01 3.356E-02 3.023E-02 5.91E-02
4.467E-01 3.613E-02 3.841E-02 6.63E-02
4.217E-01 3.900E-02 4.884E-02 7.45E-02
3.981E-01 4.214E-02 6.216E-02 8.37E-02
3.758E-01 4.556E-02 7.920E-02 9.41E-02
3.548E-01 4.937E-02 1.010E-01 1.06E-01
3.350E-01 5.358E-02 1.290E-01 1.19E-01
3.162E-01 5.823E-02 1.651E-01 1.35E-01
2.985E-01 6.341E-02 2.112E-01 1.53E-01
2.818E-01 6.919E-02 2.703E-01 1.74E-01
2.661E-01 7.569E-02 3.462E-01 1.99E-01
2.512E-01 8.299E-02 4.440E-01 2.29E-01
2.371E-01 9.170E-02 5.699E-01 2.65E-01
2.239E-01 1.032E-01 7.374E-01 3.12E-01
2.113E-01 1.434E-01 9.671E-01 3.73E-01
1.995E-01 2.470E-01 1.281E+00 4.51E-01
1.884E-01 4.692E-01 1.739E+00 5.27E-01
1.778E-01 8.187E-01 2.282E+00 5.51E-01
1.679E-01 1.086E+00 2.428E+00 5.13E-01
1.585E-01 1.286E+00 2.110E+00 5.03E-01
1.496E-01 1.518E+00 1.712E+00 5.50E-01
1.413E-01 1.603E+00 1.481E+00 5.99E-01
1.334E-01 1.624E+00 1.405E+00 6.32E-01
1.259E-01 1.621E+00 1.360E+00 6.54E-01
1.189E-01 1.598E+00 1.323E+00 6.67E-01
1.122E-01 1.568E+00 1.292E+00 6.78E-01
1.059E-01 1.542E+00 1.272E+00 6.88E-01
1.000E-01 1.518E+00 1.250E+00 7.01E-01
9.441E-02 1.491E+00 1.227E+00 7.16E-01
8.913E-02 1.454E+00 1.176E+00 7.35E-01
8.414E-02 1.430E+00 1.196E+00 7.44E-01
7.943E-02 1.389E+00 1.216E+00 7.47E-01
7.499E-02 1.331E+00 1.230E+00 7.50E-01
7.079E-02 1.258E+00 1.231E+00 7.54E-01
6.683E-02 1.162E+00 1.235E+00 7.56E-01
6.310E-02 1.029E+00 1.223E+00 7.60E-01
5.957E-02 9.088E-01 1.110E+00 7.92E-01
5.623E-02 9.327E-01 9.138E-01 8.39E-01
5.309E-02 9.411E-01 8.419E-01 8.61E-01
5.012E-02 9.418E-01 7.981E-01 8.77E-01
4.732E-02 9.376E-01 7.707E-01 8.89E-01
4.467E-02 9.305E-01 7.524E-01 9.00E-01
4.217E-02 9.213E-01 7.396E-01 9.09E-01
3.981E-02 9.108E-01 7.300E-01 9.17E-01
3.758E-02 8.990E-01 7.222E-01 9.25E-01
3.548E-02 8.864E-01 7.156E-01 9.32E-01
3.350E-02 8.731E-01 7.096E-01 9.38E-01
3.162E-02 8.592E-01 7.032E-01 9.44E-01
2.985E-02 8.447E-01 6.961E-01 9.49E-01
2.818E-02 8.295E-01 6.879E-01 9.54E-01
2.661E-02 8.140E-01 6.777E-01 9.59E-01
2.512E-02 7.976E-01 6.639E-01 9.63E-01
2.371E-02 7.810E-01 6.433E-01 9.67E-01
2.239E-02 7.751E-01 6.224E-01 9.70E-01
2.113E-02 7.618E-01 6.073E-01 9.73E-01
1.995E-02 7.495E-01 5.783E-01 9.76E-01
1.884E-02 7.646E-01 5.606E-01 9.78E-01
1.778E-02 7.460E-01 5.711E-01 9.80E-01
1.679E-02 7.298E-01 5.628E-01 9.82E-01
1.585E-02 7.140E-01 5.490E-01 9.84E-01
1.496E-02 6.976E-01 5.325E-01 9.86E-01
1.413E-02 6.799E-01 5.100E-01 9.87E-01
1.334E-02 6.783E-01 4.760E-01 9.89E-01
1.259E-02 6.714E-01 4.737E-01 9.90E-01
1.189E-02 6.487E-01 4.678E-01 9.91E-01
1.122E-02 6.254E-01 4.269E-01 9.92E-01
1.059E-02 6.940E-01 3.796E-01 9.92E-01
1.000E-02 6.666E-01 4.428E-01 9.93E-01
9.441E-03 6.401E-01 4.515E-01 9.94E-01
8.913E-03 6.125E-01 4.461E-01 9.94E-01
8.414E-03 5.836E-01 4.342E-01 9.95E-01
7.943E-03 5.537E-01 4.169E-01 9.96E-01
7.499E-03 5.234E-01 3.875E-01 9.96E-01
7.079E-03 5.217E-01 3.852E-01 9.96E-01
6.683E-03 4.906E-01 3.743E-01 9.97E-01
6.310E-03 4.594E-01 3.585E-01 9.97E-01
5.957E-03 4.289E-01 3.405E-01 9.97E-01
5.623E-03 3.980E-01 3.209E-01 9.98E-01
5.309E-03 3.681E-01 3.004E-01 9.98E-01
5.012E-03 3.395E-01 2.797E-01 9.98E-01
4.732E-03 3.118E-01 2.592E-01 9.98E-01
4.467E-03 2.852E-01 2.390E-01 9.98E-01
4.217E-03 2.600E-01 2.192E-01 9.99E-01
3.981E-03 2.361E-01 2.003E-01 9.99E-01
3.758E-03 2.136E-01 1.820E-01 9.99E-01
3.548E-03 1.925E-01 1.643E-01 9.99E-01
3.350E-03 1.729E-01 1.476E-01 9.99E-01
3.162E-03 1.548E-01 1.317E-01 9.99E-01
2.985E-03 1.384E-01 1.171E-01 9.99E-01
2.818E-03 1.228E-01 1.023E-01 9.99E-01
2.661E-03 1.081E-01 8.799E-02 9.99E-01
2.512E-03 9.538E-02 7.213E-02 9.99E-01
2.371E-03 8.400E-02 4.290E-02 1.00E+00
2.239E-03 1.867E-01 5.766E-02 1.00E+00
2.113E-03 1.686E-01 5.954E-02 1.00E+00
1.995E-03 1.511E-01 5.747E-02 1.00E+00
1.884E-03 1.345E-01 5.204E-02 1.00E+00
1.778E-03 1.191E-01 4.485E-02 1.00E+00
1.679E-03 1.049E-01 2.801E-02 1.00E+00
1.585E-03 1.621E-01 4.223E-02 1.00E+00
1.496E-03 1.435E-01 3.980E-02 1.00E+00
1.413E-03 1.396E-01 4.070E-02 1.00E+00
1.334E-03 1.236E-01 3.878E-02 1.00E+00
1.259E-03 1.089E-01 3.596E-02 1.00E+00
1.189E-03 9.567E-02 3.303E-02 1.00E+00
1.122E-03 8.333E-02 3.001E-02 1.00E+00
1.059E-03 7.241E-02 2.701E-02 1.00E+00
