w(micron)  Q_abs     Q_sca     g=<cos>
1.000E+03 2.454E-05 2.525E-12 6.30E-07
9.441E+02 2.753E-05 3.179E-12 7.07E-07
8.913E+02 3.090E-05 4.002E-12 7.94E-07
8.414E+02 3.467E-05 5.038E-12 8.90E-07
7.943E+02 3.890E-05 6.342E-12 9.99E-07
7.499E+02 4.366E-05 7.984E-12 1.12E-06
7.079E+02 4.899E-05 1.005E-11 1.26E-06
6.683E+02 5.497E-05 1.266E-11 1.41E-06
6.310E+02 6.169E-05 1.593E-11 1.58E-06
5.957E+02 6.922E-05 2.006E-11 1.78E-06
5.623E+02 7.768E-05 2.525E-11 1.99E-06
5.309E+02 8.717E-05 3.179E-11 2.23E-06
5.012E+02 9.783E-05 4.003E-11 2.51E-06
4.732E+02 1.098E-04 5.040E-11 2.81E-06
4.467E+02 1.232E-04 6.345E-11 3.15E-06
4.217E+02 1.383E-04 7.989E-11 3.54E-06
3.981E+02 1.553E-04 1.006E-10 3.97E-06
3.758E+02 1.743E-04 1.266E-10 4.45E-06
3.548E+02 1.956E-04 1.594E-10 4.99E-06
3.350E+02 2.196E-04 2.007E-10 5.60E-06
3.162E+02 2.465E-04 2.527E-10 6.28E-06
2.985E+02 2.767E-04 3.182E-10 7.04E-06
2.818E+02 3.107E-04 4.006E-10 7.89E-06
2.661E+02 3.490E-04 5.044E-10 8.85E-06
2.512E+02 3.920E-04 6.351E-10 9.92E-06
2.371E+02 4.403E-04 7.997E-10 1.11E-05
2.239E+02 4.945E-04 1.007E-09 1.25E-05
2.113E+02 5.555E-04 1.268E-09 1.40E-05
1.995E+02 6.241E-04 1.597E-09 1.56E-05
1.884E+02 7.013E-04 2.011E-09 1.75E-05
1.778E+02 7.883E-04 2.532E-09 1.96E-05
1.679E+02 8.863E-04 3.189E-09 2.20E-05
1.585E+02 9.967E-04 4.015E-09 2.46E-05
1.496E+02 1.121E-03 5.057E-09 2.75E-05
1.413E+02 1.261E-03 6.369E-09 3.08E-05
1.334E+02 1.420E-03 8.022E-09 3.44E-05
1.259E+02 1.598E-03 1.010E-08 3.85E-05
1.189E+02 1.801E-03 1.272E-08 4.30E-05
1.122E+02 2.028E-03 1.603E-08 4.80E-05
1.059E+02 2.285E-03 2.019E-08 5.35E-05
1.000E+02 2.578E-03 2.543E-08 5.96E-05
9.441E+01 2.909E-03 3.203E-08 6.63E-05
8.913E+01 3.283E-03 4.035E-08 7.38E-05
8.414E+01 3.705E-03 5.084E-08 8.19E-05
7.943E+01 4.187E-03 6.403E-08 9.09E-05
7.499E+01 4.734E-03 8.064E-08 1.01E-04
7.079E+01 5.354E-03 1.016E-07 1.11E-04
6.683E+01 6.054E-03 1.279E-07 1.23E-04
6.310E+01 6.852E-03 1.610E-07 1.35E-04
5.957E+01 7.752E-03 2.025E-07 1.48E-04
5.623E+01 8.772E-03 2.548E-07 1.62E-04
5.309E+01 9.915E-03 3.203E-07 1.77E-04
5.012E+01 1.121E-02 4.025E-07 1.93E-04
4.732E+01 1.266E-02 5.055E-07 2.10E-04
4.467E+01 1.429E-02 6.344E-07 2.28E-04
4.217E+01 1.611E-02 7.957E-07 2.47E-04
3.981E+01 1.814E-02 9.958E-07 2.66E-04
3.758E+01 2.039E-02 1.246E-06 2.88E-04
3.548E+01 2.279E-02 1.562E-06 3.12E-04
3.350E+01 2.552E-02 1.958E-06 3.38E-04
3.162E+01 2.874E-02 2.453E-06 3.64E-04
2.985E+01 3.246E-02 3.070E-06 3.90E-04
2.818E+01 3.664E-02 3.828E-06 4.18E-04
2.661E+01 4.144E-02 4.774E-06 4.47E-04
2.512E+01 4.697E-02 5.959E-06 4.77E-04
2.371E+01 5.317E-02 7.367E-06 5.10E-04
2.239E+01 6.040E-02 9.114E-06 5.43E-04
2.113E+01 6.874E-02 1.112E-05 5.78E-04
1.995E+01 7.876E-02 1.342E-05 6.12E-04
1.884E+01 8.772E-02 1.501E-05 6.59E-04
1.778E+01 8.825E-02 1.540E-05 7.43E-04
1.679E+01 8.043E-02 1.551E-05 8.64E-04
1.585E+01 6.882E-02 1.679E-05 1.02E-03
1.496E+01 5.839E-02 2.078E-05 1.22E-03
1.413E+01 5.259E-02 2.985E-05 1.48E-03
1.334E+01 6.284E-02 4.623E-05 1.73E-03
1.259E+01 8.299E-02 6.688E-05 1.88E-03
1.189E+01 1.104E-01 9.259E-05 1.91E-03
1.122E+01 1.436E-01 1.231E-04 1.90E-03
1.059E+01 1.898E-01 1.633E-04 1.84E-03
1.000E+01 2.307E-01 1.833E-04 1.89E-03
9.441E+00 2.580E-01 1.862E-04 2.02E-03
8.913E+00 1.921E-01 9.988E-05 2.38E-03
8.414E+00 1.242E-01 4.894E-05 2.83E-03
7.943E+00 5.773E-02 2.173E-05 3.34E-03
7.499E+00 2.567E-02 4.626E-05 3.99E-03
7.079E+00 2.023E-02 9.523E-05 4.68E-03
6.683E+00 2.007E-02 1.524E-04 5.40E-03
6.310E+00 1.998E-02 2.212E-04 6.17E-03
5.957E+00 1.958E-02 3.074E-04 7.02E-03
5.623E+00 1.932E-02 4.174E-04 7.96E-03
5.309E+00 1.936E-02 5.577E-04 9.02E-03
5.012E+00 1.968E-02 7.370E-04 1.02E-02
4.732E+00 2.026E-02 9.639E-04 1.15E-02
4.467E+00 2.100E-02 1.253E-03 1.30E-02
4.217E+00 2.190E-02 1.617E-03 1.46E-02
3.981E+00 2.283E-02 2.079E-03 1.65E-02
3.758E+00 2.379E-02 2.664E-03 1.85E-02
3.548E+00 2.483E-02 3.405E-03 2.08E-02
3.350E+00 2.592E-02 4.341E-03 2.34E-02
3.162E+00 2.696E-02 5.525E-03 2.62E-02
2.985E+00 2.816E-02 7.027E-03 2.95E-02
2.818E+00 2.951E-02 8.931E-03 3.31E-02
2.661E+00 3.099E-02 1.134E-02 3.71E-02
2.512E+00 3.264E-02 1.439E-02 4.16E-02
2.371E+00 3.451E-02 1.824E-02 4.67E-02
2.239E+00 3.654E-02 2.312E-02 5.24E-02
2.113E+00 3.880E-02 2.927E-02 5.88E-02
1.995E+00 4.131E-02 3.704E-02 6.59E-02
1.884E+00 4.409E-02 4.685E-02 7.39E-02
1.778E+00 4.720E-02 5.921E-02 8.30E-02
1.679E+00 5.076E-02 7.475E-02 9.31E-02
1.585E+00 5.475E-02 9.428E-02 1.05E-01
1.496E+00 5.916E-02 1.187E-01 1.18E-01
1.413E+00 6.404E-02 1.491E-01 1.32E-01
1.334E+00 6.944E-02 1.866E-01 1.49E-01
1.259E+00 7.544E-02 2.327E-01 1.69E-01
1.189E+00 8.234E-02 2.886E-01 1.91E-01
1.122E+00 9.006E-02 3.556E-01 2.17E-01
1.059E+00 9.871E-02 4.347E-01 2.48E-01
1.000E+00 1.086E-01 5.267E-01 2.85E-01
9.441E-01 1.201E-01 6.322E-01 3.28E-01
8.913E-01 1.339E-01 7.534E-01 3.78E-01
8.414E-01 1.511E-01 8.955E-01 4.36E-01
7.943E-01 1.729E-01 1.069E+00 4.97E-01
7.499E-01 1.999E-01 1.291E+00 5.52E-01
7.079E-01 2.296E-01 1.577E+00 5.90E-01
6.683E-01 2.543E-01 1.907E+00 6.01E-01
6.310E-01 2.650E-01 2.206E+00 5.93E-01
5.957E-01 2.628E-01 2.402E+00 5.80E-01
5.623E-01 2.613E-01 2.513E+00 5.79E-01
5.309E-01 2.764E-01 2.631E+00 5.97E-01
5.012E-01 3.187E-01 2.865E+00 6.35E-01
4.732E-01 3.795E-01 3.275E+00 6.78E-01
4.467E-01 4.076E-01 3.646E+00 7.01E-01
4.217E-01 3.898E-01 3.676E+00 6.94E-01
3.981E-01 3.855E-01 3.539E+00 6.72E-01
3.758E-01 4.446E-01 3.583E+00 6.61E-01
3.548E-01 5.276E-01 3.902E+00 6.85E-01
3.350E-01 4.924E-01 3.723E+00 6.98E-01
3.162E-01 4.883E-01 3.216E+00 6.64E-01
2.985E-01 6.149E-01 3.068E+00 6.06E-01
2.818E-01 5.837E-01 2.851E+00 6.15E-01
2.661E-01 5.661E-01 2.141E+00 5.58E-01
2.512E-01 7.337E-01 1.861E+00 4.69E-01
2.371E-01 6.219E-01 1.574E+00 4.32E-01
2.239E-01 7.906E-01 1.303E+00 4.43E-01
2.113E-01 7.899E-01 1.588E+00 5.93E-01
1.995E-01 8.976E-01 1.766E+00 7.94E-01
1.884E-01 1.101E+00 1.758E+00 8.33E-01
1.778E-01 1.206E+00 1.414E+00 8.39E-01
1.679E-01 1.235E+00 1.242E+00 8.39E-01
1.585E-01 1.216E+00 1.276E+00 8.47E-01
1.496E-01 1.186E+00 1.291E+00 8.44E-01
1.413E-01 1.171E+00 1.291E+00 8.47E-01
1.334E-01 1.158E+00 1.288E+00 8.51E-01
1.259E-01 1.142E+00 1.289E+00 8.52E-01
1.189E-01 1.124E+00 1.293E+00 8.52E-01
1.122E-01 1.105E+00 1.301E+00 8.51E-01
1.059E-01 1.082E+00 1.314E+00 8.47E-01
1.000E-01 1.059E+00 1.327E+00 8.44E-01
9.441E-02 1.039E+00 1.330E+00 8.45E-01
8.913E-02 1.028E+00 1.315E+00 8.54E-01
8.414E-02 1.013E+00 1.319E+00 8.53E-01
7.943E-02 9.822E-01 1.338E+00 8.47E-01
7.499E-02 9.430E-01 1.358E+00 8.40E-01
7.079E-02 9.051E-01 1.371E+00 8.37E-01
6.683E-02 8.599E-01 1.386E+00 8.33E-01
6.310E-02 8.090E-01 1.396E+00 8.32E-01
5.957E-02 8.003E-01 1.347E+00 8.60E-01
5.623E-02 8.710E-01 1.236E+00 9.07E-01
5.309E-02 8.978E-01 1.191E+00 9.24E-01
5.012E-02 9.134E-01 1.162E+00 9.36E-01
4.732E-02 9.225E-01 1.142E+00 9.44E-01
4.467E-02 9.280E-01 1.127E+00 9.50E-01
4.217E-02 9.310E-01 1.115E+00 9.55E-01
3.981E-02 9.326E-01 1.105E+00 9.59E-01
3.758E-02 9.333E-01 1.097E+00 9.63E-01
3.548E-02 9.333E-01 1.090E+00 9.67E-01
3.350E-02 9.330E-01 1.083E+00 9.70E-01
3.162E-02 9.325E-01 1.077E+00 9.73E-01
2.985E-02 9.319E-01 1.071E+00 9.75E-01
2.818E-02 9.314E-01 1.065E+00 9.78E-01
2.661E-02 9.310E-01 1.060E+00 9.80E-01
2.512E-02 9.309E-01 1.054E+00 9.83E-01
2.371E-02 9.315E-01 1.048E+00 9.85E-01
2.239E-02 9.349E-01 1.041E+00 9.87E-01
2.113E-02 9.354E-01 1.038E+00 9.88E-01
1.995E-02 9.376E-01 1.033E+00 9.90E-01
1.884E-02 9.452E-01 1.024E+00 9.91E-01
1.778E-02 9.412E-01 1.029E+00 9.92E-01
1.679E-02 9.398E-01 1.031E+00 9.93E-01
1.585E-02 9.391E-01 1.033E+00 9.94E-01
1.496E-02 9.383E-01 1.037E+00 9.95E-01
1.413E-02 9.375E-01 1.042E+00 9.95E-01
1.334E-02 9.413E-01 1.037E+00 9.96E-01
1.259E-02 9.411E-01 1.040E+00 9.97E-01
1.189E-02 9.373E-01 1.054E+00 9.97E-01
1.122E-02 9.353E-01 1.063E+00 9.98E-01
1.059E-02 9.567E-01 9.918E-01 9.98E-01
1.000E-02 9.468E-01 1.037E+00 9.98E-01
9.441E-03 9.410E-01 1.059E+00 9.98E-01
8.913E-03 9.353E-01 1.080E+00 9.98E-01
8.414E-03 9.288E-01 1.105E+00 9.98E-01
7.943E-03 9.211E-01 1.134E+00 9.99E-01
7.499E-03 9.122E-01 1.165E+00 9.99E-01
7.079E-03 9.125E-01 1.167E+00 9.99E-01
6.683E-03 9.005E-01 1.209E+00 9.99E-01
6.310E-03 8.864E-01 1.253E+00 9.99E-01
5.957E-03 8.699E-01 1.301E+00 9.99E-01
5.623E-03 8.501E-01 1.351E+00 1.00E+00
5.309E-03 8.275E-01 1.399E+00 1.00E+00
5.012E-03 8.021E-01 1.444E+00 1.00E+00
4.732E-03 7.736E-01 1.483E+00 1.00E+00
4.467E-03 7.423E-01 1.513E+00 1.00E+00
4.217E-03 7.083E-01 1.533E+00 1.00E+00
3.981E-03 6.721E-01 1.540E+00 1.00E+00
3.758E-03 6.339E-01 1.532E+00 1.00E+00
3.548E-03 5.943E-01 1.508E+00 1.00E+00
3.350E-03 5.537E-01 1.469E+00 1.00E+00
3.162E-03 5.130E-01 1.414E+00 1.00E+00
2.985E-03 4.733E-01 1.347E+00 1.00E+00
2.818E-03 4.325E-01 1.259E+00 1.00E+00
2.661E-03 3.917E-01 1.154E+00 1.00E+00
2.512E-03 3.541E-01 1.007E+00 1.00E+00
2.371E-03 3.188E-01 6.551E-01 1.00E+00
2.239E-03 5.836E-01 6.900E-01 1.00E+00
2.113E-03 5.452E-01 7.358E-01 1.00E+00
1.995E-03 5.048E-01 7.395E-01 1.00E+00
1.884E-03 4.638E-01 7.013E-01 1.00E+00
1.778E-03 4.228E-01 6.340E-01 1.00E+00
1.679E-03 3.827E-01 4.233E-01 1.00E+00
1.585E-03 5.307E-01 5.502E-01 1.00E+00
1.496E-03 4.864E-01 5.415E-01 1.00E+00
1.413E-03 4.769E-01 5.569E-01 1.00E+00
1.334E-03 4.350E-01 5.507E-01 1.00E+00
1.259E-03 3.943E-01 5.296E-01 1.00E+00
1.189E-03 3.552E-01 5.032E-01 1.00E+00
1.122E-03 3.168E-01 4.722E-01 1.00E+00
1.059E-03 2.811E-01 5.422E-01 1.00E+00
