w(micron)  Q_abs     Q_sca     g=<cos>
1.000E+03 6.164E-05 1.005E-10 3.98E-06
9.441E+02 6.916E-05 1.265E-10 4.46E-06
8.913E+02 7.761E-05 1.593E-10 5.01E-06
8.414E+02 8.709E-05 2.006E-10 5.62E-06
7.943E+02 9.773E-05 2.525E-10 6.30E-06
7.499E+02 1.097E-04 3.179E-10 7.07E-06
7.079E+02 1.231E-04 4.002E-10 7.93E-06
6.683E+02 1.381E-04 5.038E-10 8.90E-06
6.310E+02 1.550E-04 6.343E-10 9.98E-06
5.957E+02 1.739E-04 7.986E-10 1.12E-05
5.623E+02 1.951E-04 1.005E-09 1.26E-05
5.309E+02 2.190E-04 1.266E-09 1.41E-05
5.012E+02 2.458E-04 1.594E-09 1.58E-05
4.732E+02 2.758E-04 2.006E-09 1.77E-05
4.467E+02 3.096E-04 2.526E-09 1.99E-05
4.217E+02 3.475E-04 3.181E-09 2.23E-05
3.981E+02 3.901E-04 4.004E-09 2.50E-05
3.758E+02 4.378E-04 5.041E-09 2.81E-05
3.548E+02 4.915E-04 6.347E-09 3.15E-05
3.350E+02 5.516E-04 7.991E-09 3.53E-05
3.162E+02 6.192E-04 1.006E-08 3.96E-05
2.985E+02 6.952E-04 1.267E-08 4.44E-05
2.818E+02 7.808E-04 1.595E-08 4.98E-05
2.661E+02 8.769E-04 2.008E-08 5.58E-05
2.512E+02 9.850E-04 2.529E-08 6.26E-05
2.371E+02 1.106E-03 3.184E-08 7.01E-05
2.239E+02 1.243E-03 4.009E-08 7.86E-05
2.113E+02 1.396E-03 5.048E-08 8.81E-05
1.995E+02 1.568E-03 6.357E-08 9.87E-05
1.884E+02 1.763E-03 8.006E-08 1.11E-04
1.778E+02 1.981E-03 1.008E-07 1.24E-04
1.679E+02 2.228E-03 1.270E-07 1.39E-04
1.585E+02 2.506E-03 1.599E-07 1.55E-04
1.496E+02 2.819E-03 2.014E-07 1.74E-04
1.413E+02 3.172E-03 2.536E-07 1.94E-04
1.334E+02 3.570E-03 3.194E-07 2.17E-04
1.259E+02 4.019E-03 4.024E-07 2.43E-04
1.189E+02 4.529E-03 5.067E-07 2.71E-04
1.122E+02 5.103E-03 6.384E-07 3.03E-04
1.059E+02 5.751E-03 8.043E-07 3.38E-04
1.000E+02 6.489E-03 1.013E-06 3.76E-04
9.441E+01 7.323E-03 1.276E-06 4.19E-04
8.913E+01 8.267E-03 1.608E-06 4.65E-04
8.414E+01 9.334E-03 2.026E-06 5.17E-04
7.943E+01 1.055E-02 2.551E-06 5.73E-04
7.499E+01 1.193E-02 3.214E-06 6.35E-04
7.079E+01 1.350E-02 4.047E-06 7.01E-04
6.683E+01 1.527E-02 5.097E-06 7.73E-04
6.310E+01 1.729E-02 6.417E-06 8.51E-04
5.957E+01 1.957E-02 8.076E-06 9.34E-04
5.623E+01 2.216E-02 1.016E-05 1.02E-03
5.309E+01 2.506E-02 1.278E-05 1.12E-03
5.012E+01 2.834E-02 1.606E-05 1.22E-03
4.732E+01 3.203E-02 2.017E-05 1.32E-03
4.467E+01 3.618E-02 2.533E-05 1.43E-03
4.217E+01 4.083E-02 3.177E-05 1.55E-03
3.981E+01 4.600E-02 3.977E-05 1.68E-03
3.758E+01 5.173E-02 4.977E-05 1.81E-03
3.548E+01 5.788E-02 6.242E-05 1.97E-03
3.350E+01 6.488E-02 7.830E-05 2.13E-03
3.162E+01 7.314E-02 9.816E-05 2.29E-03
2.985E+01 8.266E-02 1.229E-04 2.45E-03
2.818E+01 9.340E-02 1.533E-04 2.63E-03
2.661E+01 1.057E-01 1.913E-04 2.81E-03
2.512E+01 1.200E-01 2.389E-04 3.00E-03
2.371E+01 1.359E-01 2.956E-04 3.20E-03
2.239E+01 1.546E-01 3.658E-04 3.41E-03
2.113E+01 1.760E-01 4.465E-04 3.63E-03
1.995E+01 2.017E-01 5.388E-04 3.84E-03
1.884E+01 2.245E-01 6.023E-04 4.14E-03
1.778E+01 2.257E-01 6.171E-04 4.67E-03
1.679E+01 2.057E-01 6.210E-04 5.43E-03
1.585E+01 1.765E-01 6.727E-04 6.42E-03
1.496E+01 1.504E-01 8.339E-04 7.67E-03
1.413E+01 1.366E-01 1.203E-03 9.32E-03
1.334E+01 1.647E-01 1.870E-03 1.09E-02
1.259E+01 2.189E-01 2.714E-03 1.18E-02
1.189E+01 2.921E-01 3.763E-03 1.19E-02
1.122E+01 3.797E-01 5.000E-03 1.18E-02
1.059E+01 4.989E-01 6.603E-03 1.15E-02
1.000E+01 5.976E-01 7.309E-03 1.19E-02
9.441E+00 6.541E-01 7.264E-03 1.28E-02
8.913E+00 4.796E-01 3.824E-03 1.52E-02
8.414E+00 3.118E-01 1.875E-03 1.80E-02
7.943E+00 1.468E-01 8.384E-04 2.11E-02
7.499E+00 6.672E-02 1.811E-03 2.51E-02
7.079E+00 5.353E-02 3.763E-03 2.94E-02
6.683E+00 5.388E-02 6.057E-03 3.38E-02
6.310E+00 5.440E-02 8.832E-03 3.86E-02
5.957E+00 5.406E-02 1.232E-02 4.39E-02
5.623E+00 5.416E-02 1.679E-02 4.97E-02
5.309E+00 5.516E-02 2.251E-02 5.63E-02
5.012E+00 5.706E-02 2.985E-02 6.36E-02
4.732E+00 5.981E-02 3.915E-02 7.18E-02
4.467E+00 6.322E-02 5.097E-02 8.09E-02
4.217E+00 6.730E-02 6.589E-02 9.12E-02
3.981E+00 7.168E-02 8.468E-02 1.03E-01
3.758E+00 7.639E-02 1.083E-01 1.16E-01
3.548E+00 8.162E-02 1.379E-01 1.31E-01
3.350E+00 8.729E-02 1.745E-01 1.48E-01
3.162E+00 9.308E-02 2.196E-01 1.67E-01
2.985E+00 9.968E-02 2.747E-01 1.90E-01
2.818E+00 1.072E-01 3.412E-01 2.16E-01
2.661E+00 1.156E-01 4.200E-01 2.47E-01
2.512E+00 1.253E-01 5.117E-01 2.84E-01
2.371E+00 1.367E-01 6.172E-01 3.27E-01
2.239E+00 1.505E-01 7.386E-01 3.78E-01
2.113E+00 1.677E-01 8.795E-01 4.35E-01
1.995E+00 1.897E-01 1.051E+00 4.96E-01
1.884E+00 2.169E-01 1.271E+00 5.52E-01
1.778E+00 2.467E-01 1.551E+00 5.90E-01
1.679E+00 2.716E-01 1.874E+00 6.02E-01
1.585E+00 2.820E-01 2.168E+00 5.95E-01
1.496E+00 2.787E-01 2.364E+00 5.83E-01
1.413E+00 2.758E-01 2.476E+00 5.82E-01
1.334E+00 2.892E-01 2.591E+00 5.99E-01
1.259E+00 3.289E-01 2.808E+00 6.36E-01
1.189E+00 3.879E-01 3.185E+00 6.79E-01
1.122E+00 4.190E-01 3.546E+00 7.04E-01
1.059E+00 4.044E-01 3.612E+00 7.02E-01
1.000E+00 3.964E-01 3.499E+00 6.84E-01
9.441E-01 4.413E-01 3.503E+00 6.74E-01
8.913E-01 5.248E-01 3.782E+00 6.94E-01
8.414E-01 5.143E-01 3.785E+00 7.14E-01
7.943E-01 4.924E-01 3.401E+00 7.02E-01
7.499E-01 5.658E-01 3.148E+00 6.61E-01
7.079E-01 6.312E-01 3.192E+00 6.64E-01
6.683E-01 5.664E-01 2.751E+00 6.57E-01
6.310E-01 6.372E-01 2.248E+00 5.99E-01
5.957E-01 7.025E-01 2.135E+00 5.85E-01
5.623E-01 6.327E-01 1.736E+00 5.44E-01
5.309E-01 7.822E-01 1.454E+00 4.87E-01
5.012E-01 7.118E-01 1.415E+00 5.26E-01
4.732E-01 7.878E-01 1.248E+00 5.16E-01
4.467E-01 7.666E-01 1.472E+00 6.32E-01
4.217E-01 8.271E-01 1.543E+00 7.03E-01
3.981E-01 7.995E-01 1.880E+00 7.68E-01
3.758E-01 7.886E-01 1.964E+00 8.22E-01
3.548E-01 8.088E-01 2.035E+00 8.36E-01
3.350E-01 8.276E-01 1.980E+00 8.26E-01
3.162E-01 8.029E-01 1.707E+00 8.18E-01
2.985E-01 8.140E-01 1.434E+00 7.77E-01
2.818E-01 8.284E-01 1.323E+00 7.66E-01
2.661E-01 8.341E-01 1.462E+00 7.91E-01
2.512E-01 8.477E-01 1.673E+00 8.22E-01
2.371E-01 8.733E-01 1.631E+00 8.30E-01
2.239E-01 8.700E-01 1.375E+00 8.11E-01
2.113E-01 9.290E-01 1.381E+00 8.43E-01
1.995E-01 1.016E+00 1.371E+00 8.76E-01
1.884E-01 1.064E+00 1.221E+00 8.84E-01
1.778E-01 1.059E+00 1.246E+00 8.88E-01
1.679E-01 1.039E+00 1.248E+00 8.81E-01
1.585E-01 1.017E+00 1.260E+00 8.73E-01
1.496E-01 9.982E-01 1.271E+00 8.67E-01
1.413E-01 9.903E-01 1.272E+00 8.68E-01
1.334E-01 9.840E-01 1.270E+00 8.70E-01
1.259E-01 9.749E-01 1.272E+00 8.70E-01
1.189E-01 9.639E-01 1.275E+00 8.68E-01
1.122E-01 9.508E-01 1.282E+00 8.65E-01
1.059E-01 9.339E-01 1.293E+00 8.60E-01
1.000E-01 9.161E-01 1.305E+00 8.56E-01
9.441E-02 9.029E-01 1.309E+00 8.56E-01
8.913E-02 8.996E-01 1.297E+00 8.64E-01
8.414E-02 8.906E-01 1.300E+00 8.62E-01
7.943E-02 8.664E-01 1.316E+00 8.55E-01
7.499E-02 8.371E-01 1.335E+00 8.47E-01
7.079E-02 8.116E-01 1.348E+00 8.43E-01
6.683E-02 7.815E-01 1.364E+00 8.38E-01
6.310E-02 7.500E-01 1.377E+00 8.37E-01
5.957E-02 7.627E-01 1.340E+00 8.66E-01
5.623E-02 8.383E-01 1.247E+00 9.13E-01
5.309E-02 8.674E-01 1.209E+00 9.30E-01
5.012E-02 8.853E-01 1.184E+00 9.41E-01
4.732E-02 8.969E-01 1.167E+00 9.49E-01
4.467E-02 9.050E-01 1.154E+00 9.55E-01
4.217E-02 9.108E-01 1.143E+00 9.60E-01
3.981E-02 9.152E-01 1.134E+00 9.64E-01
3.758E-02 9.187E-01 1.126E+00 9.67E-01
3.548E-02 9.216E-01 1.119E+00 9.70E-01
3.350E-02 9.242E-01 1.112E+00 9.73E-01
3.162E-02 9.265E-01 1.106E+00 9.76E-01
2.985E-02 9.288E-01 1.100E+00 9.78E-01
2.818E-02 9.310E-01 1.094E+00 9.80E-01
2.661E-02 9.334E-01 1.088E+00 9.83E-01
2.512E-02 9.361E-01 1.082E+00 9.85E-01
2.371E-02 9.394E-01 1.074E+00 9.87E-01
2.239E-02 9.440E-01 1.067E+00 9.89E-01
2.113E-02 9.466E-01 1.062E+00 9.90E-01
1.995E-02 9.507E-01 1.054E+00 9.91E-01
1.884E-02 9.568E-01 1.047E+00 9.93E-01
1.778E-02 9.554E-01 1.047E+00 9.93E-01
1.679E-02 9.563E-01 1.044E+00 9.94E-01
1.585E-02 9.577E-01 1.040E+00 9.95E-01
1.496E-02 9.592E-01 1.037E+00 9.95E-01
1.413E-02 9.609E-01 1.033E+00 9.96E-01
1.334E-02 9.651E-01 1.027E+00 9.97E-01
1.259E-02 9.660E-01 1.026E+00 9.97E-01
1.189E-02 9.656E-01 1.025E+00 9.97E-01
1.122E-02 9.676E-01 1.022E+00 9.98E-01
1.059E-02 9.787E-01 1.010E+00 9.98E-01
1.000E-02 9.727E-01 1.017E+00 9.98E-01
9.441E-03 9.710E-01 1.019E+00 9.98E-01
8.913E-03 9.701E-01 1.020E+00 9.98E-01
8.414E-03 9.694E-01 1.020E+00 9.99E-01
7.943E-03 9.687E-01 1.022E+00 9.99E-01
7.499E-03 9.683E-01 1.023E+00 9.99E-01
7.079E-03 9.692E-01 1.023E+00 9.99E-01
6.683E-03 9.675E-01 1.027E+00 9.99E-01
6.310E-03 9.654E-01 1.032E+00 9.99E-01
5.957E-03 9.629E-01 1.037E+00 9.99E-01
5.623E-03 9.594E-01 1.044E+00 9.99E-01
5.309E-03 9.548E-01 1.051E+00 1.00E+00
5.012E-03 9.490E-01 1.057E+00 1.00E+00
4.732E-03 9.413E-01 1.063E+00 1.00E+00
4.467E-03 9.315E-01 1.069E+00 1.00E+00
4.217E-03 9.192E-01 1.078E+00 1.00E+00
3.981E-03 9.039E-01 1.094E+00 1.00E+00
3.758E-03 8.852E-01 1.123E+00 1.00E+00
3.548E-03 8.628E-01 1.172E+00 1.00E+00
3.350E-03 8.364E-01 1.246E+00 1.00E+00
3.162E-03 8.062E-01 1.347E+00 1.00E+00
2.985E-03 7.729E-01 1.471E+00 1.00E+00
2.818E-03 7.344E-01 1.621E+00 1.00E+00
2.661E-03 6.913E-01 1.287E+00 1.00E+00
2.512E-03 6.477E-01 1.319E+00 1.00E+00
2.371E-03 6.029E-01 1.314E+00 1.00E+00
2.239E-03 8.588E-01 1.107E+00 1.00E+00
2.113E-03 8.324E-01 1.133E+00 1.00E+00
1.995E-03 8.012E-01 1.159E+00 1.00E+00
1.884E-03 7.655E-01 1.185E+00 1.00E+00
1.778E-03 7.256E-01 1.208E+00 1.00E+00
1.679E-03 6.822E-01 1.177E+00 1.00E+00
1.585E-03 8.221E-01 1.118E+00 1.00E+00
1.496E-03 7.861E-01 1.143E+00 1.00E+00
1.413E-03 7.777E-01 1.152E+00 1.00E+00
1.334E-03 7.382E-01 1.181E+00 1.00E+00
1.259E-03 6.952E-01 1.208E+00 1.00E+00
1.189E-03 6.497E-01 1.233E+00 1.00E+00
1.122E-03 6.005E-01 1.255E+00 1.00E+00
1.059E-03 5.506E-01 1.271E+00 1.00E+00
