w(micron)  Q_abs     Q_sca     g=<cos>
1.000E+03 3.089E-06 6.342E-16 0.00E+00
9.441E+02 3.466E-06 7.984E-16 0.00E+00
8.913E+02 3.890E-06 1.005E-15 0.00E+00
8.414E+02 4.365E-06 1.265E-15 0.00E+00
7.943E+02 4.898E-06 1.593E-15 0.00E+00
7.499E+02 5.496E-06 2.006E-15 0.00E+00
7.079E+02 6.167E-06 2.525E-15 0.00E+00
6.683E+02 6.921E-06 3.179E-15 0.00E+00
6.310E+02 7.766E-06 4.002E-15 0.00E+00
5.957E+02 8.714E-06 5.039E-15 0.00E+00
5.623E+02 9.779E-06 6.343E-15 0.00E+00
5.309E+02 1.097E-05 7.986E-15 0.00E+00
5.012E+02 1.232E-05 1.006E-14 0.00E+00
4.732E+02 1.382E-05 1.266E-14 0.00E+00
4.467E+02 1.551E-05 1.594E-14 0.00E+00
4.217E+02 1.741E-05 2.007E-14 0.00E+00
3.981E+02 1.955E-05 2.526E-14 0.00E+00
3.758E+02 2.194E-05 3.181E-14 0.00E+00
3.548E+02 2.463E-05 4.004E-14 0.00E+00
3.350E+02 2.764E-05 5.042E-14 0.00E+00
3.162E+02 3.103E-05 6.348E-14 0.00E+00
2.985E+02 3.483E-05 7.993E-14 0.00E+00
2.818E+02 3.912E-05 1.006E-13 0.00E+00
2.661E+02 4.394E-05 1.267E-13 0.00E+00
2.512E+02 4.935E-05 1.595E-13 0.00E+00
2.371E+02 5.542E-05 2.009E-13 0.00E+00
2.239E+02 6.225E-05 2.529E-13 0.00E+00
2.113E+02 6.993E-05 3.185E-13 0.00E+00
1.995E+02 7.856E-05 4.010E-13 0.00E+00
1.884E+02 8.828E-05 5.050E-13 0.00E+00
1.778E+02 9.923E-05 6.360E-13 0.00E+00
1.679E+02 1.116E-04 8.009E-13 0.00E+00
1.585E+02 1.255E-04 1.009E-12 0.00E+00
1.496E+02 1.411E-04 1.270E-12 0.00E+00
1.413E+02 1.588E-04 1.600E-12 0.00E+00
1.334E+02 1.787E-04 2.015E-12 5.45E-07
1.259E+02 2.011E-04 2.538E-12 6.09E-07
1.189E+02 2.266E-04 3.196E-12 6.81E-07
1.122E+02 2.552E-04 4.026E-12 7.60E-07
1.059E+02 2.876E-04 5.072E-12 8.48E-07
1.000E+02 3.245E-04 6.387E-12 9.44E-07
9.441E+01 3.660E-04 8.046E-12 1.05E-06
8.913E+01 4.131E-04 1.013E-11 1.17E-06
8.414E+01 4.662E-04 1.277E-11 1.30E-06
7.943E+01 5.268E-04 1.608E-11 1.44E-06
7.499E+01 5.955E-04 2.025E-11 1.59E-06
7.079E+01 6.735E-04 2.550E-11 1.76E-06
6.683E+01 7.616E-04 3.212E-11 1.94E-06
6.310E+01 8.618E-04 4.042E-11 2.14E-06
5.957E+01 9.750E-04 5.086E-11 2.35E-06
5.623E+01 1.103E-03 6.397E-11 2.57E-06
5.309E+01 1.247E-03 8.044E-11 2.81E-06
5.012E+01 1.409E-03 1.011E-10 3.06E-06
4.732E+01 1.591E-03 1.269E-10 3.32E-06
4.467E+01 1.796E-03 1.593E-10 3.61E-06
4.217E+01 2.025E-03 1.998E-10 3.91E-06
3.981E+01 2.280E-03 2.500E-10 4.22E-06
3.758E+01 2.562E-03 3.127E-10 4.57E-06
3.548E+01 2.863E-03 3.920E-10 4.95E-06
3.350E+01 3.206E-03 4.914E-10 5.36E-06
3.162E+01 3.610E-03 6.157E-10 5.77E-06
2.985E+01 4.075E-03 7.704E-10 6.19E-06
2.818E+01 4.599E-03 9.604E-10 6.63E-06
2.661E+01 5.201E-03 1.198E-09 7.09E-06
2.512E+01 5.895E-03 1.495E-09 7.57E-06
2.371E+01 6.671E-03 1.848E-09 8.08E-06
2.239E+01 7.576E-03 2.286E-09 8.61E-06
2.113E+01 8.622E-03 2.788E-09 9.17E-06
1.995E+01 9.878E-03 3.364E-09 9.72E-06
1.884E+01 1.100E-02 3.765E-09 1.05E-05
1.778E+01 1.107E-02 3.863E-09 1.18E-05
1.679E+01 1.009E-02 3.891E-09 1.37E-05
1.585E+01 8.628E-03 4.212E-09 1.62E-05
1.496E+01 7.314E-03 5.210E-09 1.94E-05
1.413E+01 6.578E-03 7.481E-09 2.35E-05
1.334E+01 7.846E-03 1.157E-08 2.75E-05
1.259E+01 1.035E-02 1.673E-08 2.98E-05
1.189E+01 1.375E-02 2.315E-08 3.04E-05
1.122E+01 1.789E-02 3.078E-08 3.02E-05
1.059E+01 2.365E-02 4.085E-08 2.93E-05
1.000E+01 2.882E-02 4.594E-08 3.00E-05
9.441E+00 3.234E-02 4.684E-08 3.20E-05
8.913E+00 2.416E-02 2.522E-08 3.77E-05
8.414E+00 1.562E-02 1.236E-08 4.48E-05
7.943E+00 7.245E-03 5.485E-09 5.29E-05
7.499E+00 3.209E-03 1.165E-08 6.33E-05
7.079E+00 2.520E-03 2.394E-08 7.43E-05
6.683E+00 2.493E-03 3.826E-08 8.57E-05
6.310E+00 2.474E-03 5.548E-08 9.80E-05
5.957E+00 2.417E-03 7.702E-08 1.12E-04
5.623E+00 2.377E-03 1.045E-07 1.27E-04
5.309E+00 2.373E-03 1.394E-07 1.43E-04
5.012E+00 2.403E-03 1.841E-07 1.62E-04
4.732E+00 2.462E-03 2.404E-07 1.83E-04
4.467E+00 2.540E-03 3.120E-07 2.07E-04
4.217E+00 2.635E-03 4.023E-07 2.33E-04
3.981E+00 2.731E-03 5.163E-07 2.62E-04
3.758E+00 2.826E-03 6.606E-07 2.95E-04
3.548E+00 2.928E-03 8.429E-07 3.32E-04
3.350E+00 3.032E-03 1.072E-06 3.74E-04
3.162E+00 3.127E-03 1.362E-06 4.20E-04
2.985E+00 3.233E-03 1.728E-06 4.72E-04
2.818E+00 3.351E-03 2.191E-06 5.30E-04
2.661E+00 3.478E-03 2.776E-06 5.96E-04
2.512E+00 3.614E-03 3.512E-06 6.69E-04
2.371E+00 3.765E-03 4.439E-06 7.51E-04
2.239E+00 3.924E-03 5.610E-06 8.44E-04
2.113E+00 4.093E-03 7.080E-06 9.47E-04
1.995E+00 4.275E-03 8.933E-06 1.06E-03
1.884E+00 4.469E-03 1.127E-05 1.19E-03
1.778E+00 4.678E-03 1.421E-05 1.34E-03
1.679E+00 4.910E-03 1.791E-05 1.50E-03
1.585E+00 5.161E-03 2.258E-05 1.69E-03
1.496E+00 5.423E-03 2.845E-05 1.89E-03
1.413E+00 5.702E-03 3.584E-05 2.12E-03
1.334E+00 5.996E-03 4.514E-05 2.38E-03
1.259E+00 6.309E-03 5.685E-05 2.67E-03
1.189E+00 6.660E-03 7.160E-05 3.00E-03
1.122E+00 7.035E-03 9.018E-05 3.36E-03
1.059E+00 7.434E-03 1.136E-04 3.77E-03
1.000E+00 7.859E-03 1.430E-04 4.23E-03
9.441E-01 8.314E-03 1.801E-04 4.75E-03
8.913E-01 8.797E-03 2.268E-04 5.33E-03
8.414E-01 9.307E-03 2.859E-04 5.97E-03
7.943E-01 9.848E-03 3.603E-04 6.70E-03
7.499E-01 1.042E-02 4.542E-04 7.52E-03
7.079E-01 1.104E-02 5.726E-04 8.43E-03
6.683E-01 1.169E-02 7.222E-04 9.46E-03
6.310E-01 1.239E-02 9.114E-04 1.06E-02
5.957E-01 1.314E-02 1.151E-03 1.19E-02
5.623E-01 1.395E-02 1.454E-03 1.34E-02
5.309E-01 1.481E-02 1.838E-03 1.50E-02
5.012E-01 1.573E-02 2.326E-03 1.68E-02
4.732E-01 1.672E-02 2.947E-03 1.89E-02
4.467E-01 1.777E-02 3.738E-03 2.12E-02
4.217E-01 1.891E-02 4.746E-03 2.38E-02
3.981E-01 2.013E-02 6.034E-03 2.67E-02
3.758E-01 2.141E-02 7.684E-03 3.00E-02
3.548E-01 2.280E-02 9.807E-03 3.37E-02
3.350E-01 2.428E-02 1.254E-02 3.79E-02
3.162E-01 2.586E-02 1.610E-02 4.26E-02
2.985E-01 2.755E-02 2.072E-02 4.79E-02
2.818E-01 2.936E-02 2.678E-02 5.39E-02
2.661E-01 3.129E-02 3.477E-02 6.08E-02
2.512E-01 3.327E-02 4.548E-02 6.87E-02
2.371E-01 3.540E-02 5.994E-02 7.78E-02
2.239E-01 3.774E-02 8.011E-02 8.84E-02
2.113E-01 4.832E-02 1.091E-01 1.01E-01
1.995E-01 7.378E-02 1.498E-01 1.17E-01
1.884E-01 1.210E-01 2.072E-01 1.36E-01
1.778E-01 2.034E-01 2.886E-01 1.60E-01
1.679E-01 3.520E-01 4.022E-01 1.91E-01
1.585E-01 6.165E-01 5.497E-01 2.28E-01
1.496E-01 9.895E-01 6.907E-01 2.56E-01
1.413E-01 1.252E+00 7.504E-01 2.67E-01
1.334E-01 1.381E+00 8.056E-01 2.87E-01
1.259E-01 1.482E+00 8.665E-01 3.10E-01
1.189E-01 1.552E+00 9.187E-01 3.36E-01
1.122E-01 1.594E+00 9.583E-01 3.62E-01
1.059E-01 1.618E+00 9.878E-01 3.90E-01
1.000E-01 1.630E+00 9.722E-01 4.23E-01
9.441E-02 1.629E+00 9.438E-01 4.64E-01
8.913E-02 1.600E+00 8.782E-01 5.06E-01
8.414E-02 1.599E+00 9.196E-01 5.46E-01
7.943E-02 1.582E+00 9.520E-01 5.72E-01
7.499E-02 1.527E+00 9.660E-01 5.90E-01
7.079E-02 1.441E+00 9.595E-01 6.05E-01
6.683E-02 1.318E+00 9.488E-01 6.16E-01
6.310E-02 1.127E+00 9.041E-01 6.25E-01
5.957E-02 9.130E-01 7.332E-01 6.51E-01
5.623E-02 8.917E-01 5.430E-01 7.03E-01
5.309E-02 8.854E-01 4.854E-01 7.37E-01
5.012E-02 8.758E-01 4.524E-01 7.64E-01
4.732E-02 8.634E-01 4.325E-01 7.87E-01
4.467E-02 8.491E-01 4.195E-01 8.06E-01
4.217E-02 8.331E-01 4.103E-01 8.22E-01
3.981E-02 8.159E-01 4.030E-01 8.37E-01
3.758E-02 7.976E-01 3.964E-01 8.50E-01
3.548E-02 7.785E-01 3.900E-01 8.64E-01
3.350E-02 7.587E-01 3.834E-01 8.76E-01
3.162E-02 7.381E-01 3.761E-01 8.88E-01
2.985E-02 7.165E-01 3.679E-01 8.98E-01
2.818E-02 6.941E-01 3.586E-01 9.07E-01
2.661E-02 6.714E-01 3.479E-01 9.14E-01
2.512E-02 6.480E-01 3.346E-01 9.22E-01
2.371E-02 6.245E-01 3.174E-01 9.30E-01
2.239E-02 6.146E-01 3.036E-01 9.37E-01
2.113E-02 5.965E-01 2.918E-01 9.42E-01
1.995E-02 5.796E-01 2.728E-01 9.47E-01
1.884E-02 5.952E-01 2.667E-01 9.53E-01
1.778E-02 5.733E-01 2.688E-01 9.57E-01
1.679E-02 5.539E-01 2.611E-01 9.61E-01
1.585E-02 5.354E-01 2.508E-01 9.64E-01
1.496E-02 5.167E-01 2.394E-01 9.68E-01
1.413E-02 4.972E-01 2.252E-01 9.71E-01
1.334E-02 4.943E-01 2.085E-01 9.74E-01
1.259E-02 4.868E-01 2.066E-01 9.76E-01
1.189E-02 4.639E-01 2.008E-01 9.78E-01
1.122E-02 4.409E-01 1.792E-01 9.80E-01
1.059E-02 5.063E-01 1.651E-01 9.82E-01
1.000E-02 4.798E-01 1.916E-01 9.84E-01
9.441E-03 4.540E-01 1.925E-01 9.85E-01
8.913E-03 4.279E-01 1.868E-01 9.87E-01
8.414E-03 4.016E-01 1.784E-01 9.88E-01
7.943E-03 3.754E-01 1.680E-01 9.89E-01
7.499E-03 3.498E-01 1.531E-01 9.90E-01
7.079E-03 3.482E-01 1.520E-01 9.91E-01
6.683E-03 3.230E-01 1.452E-01 9.92E-01
6.310E-03 2.985E-01 1.368E-01 9.93E-01
5.957E-03 2.753E-01 1.279E-01 9.93E-01
5.623E-03 2.524E-01 1.187E-01 9.94E-01
5.309E-03 2.309E-01 1.096E-01 9.95E-01
5.012E-03 2.108E-01 1.007E-01 9.95E-01
4.732E-03 1.917E-01 9.214E-02 9.96E-01
4.467E-03 1.739E-01 8.399E-02 9.96E-01
4.217E-03 1.572E-01 7.622E-02 9.96E-01
3.981E-03 1.417E-01 6.895E-02 9.97E-01
3.758E-03 1.273E-01 6.208E-02 9.97E-01
3.548E-03 1.140E-01 5.560E-02 9.97E-01
3.350E-03 1.018E-01 4.957E-02 9.98E-01
3.162E-03 9.068E-02 4.393E-02 9.98E-01
2.985E-03 8.072E-02 3.882E-02 9.98E-01
2.818E-03 7.127E-02 3.372E-02 9.98E-01
2.661E-03 6.252E-02 2.884E-02 9.98E-01
2.512E-03 5.497E-02 2.352E-02 9.99E-01
2.371E-03 4.826E-02 1.392E-02 9.99E-01
2.239E-03 1.103E-01 1.930E-02 9.99E-01
2.113E-03 9.914E-02 1.983E-02 9.99E-01
1.995E-03 8.838E-02 1.904E-02 9.99E-01
1.884E-03 7.835E-02 1.715E-02 9.99E-01
1.778E-03 6.908E-02 1.470E-02 9.99E-01
1.679E-03 6.062E-02 9.131E-03 9.99E-01
1.585E-03 9.513E-02 1.402E-02 9.99E-01
1.496E-03 8.375E-02 1.314E-02 9.99E-01
1.413E-03 8.144E-02 1.342E-02 9.99E-01
1.334E-03 7.174E-02 1.273E-02 1.00E+00
1.259E-03 6.298E-02 1.175E-02 1.00E+00
1.189E-03 5.513E-02 1.075E-02 1.00E+00
1.122E-03 4.787E-02 9.730E-03 1.00E+00
1.059E-03 4.147E-02 8.726E-03 1.00E+00
