w(micron)  Q_abs     Q_sca     g=<cos>
1.000E+03 1.737E-04 6.343E-09 3.16E-05
9.441E+02 1.950E-04 7.985E-09 3.54E-05
8.913E+02 2.188E-04 1.005E-08 3.98E-05
8.414E+02 2.455E-04 1.266E-08 4.46E-05
7.943E+02 2.755E-04 1.593E-08 5.01E-05
7.499E+02 3.092E-04 2.006E-08 5.62E-05
7.079E+02 3.470E-04 2.525E-08 6.30E-05
6.683E+02 3.893E-04 3.179E-08 7.07E-05
6.310E+02 4.369E-04 4.003E-08 7.93E-05
5.957E+02 4.903E-04 5.039E-08 8.90E-05
5.623E+02 5.503E-04 6.345E-08 9.98E-05
5.309E+02 6.176E-04 7.988E-08 1.12E-04
5.012E+02 6.931E-04 1.006E-07 1.26E-04
4.732E+02 7.780E-04 1.266E-07 1.41E-04
4.467E+02 8.733E-04 1.594E-07 1.58E-04
4.217E+02 9.803E-04 2.007E-07 1.77E-04
3.981E+02 1.101E-03 2.527E-07 1.99E-04
3.758E+02 1.236E-03 3.182E-07 2.23E-04
3.548E+02 1.387E-03 4.006E-07 2.50E-04
3.350E+02 1.557E-03 5.044E-07 2.81E-04
3.162E+02 1.748E-03 6.351E-07 3.15E-04
2.985E+02 1.963E-03 7.998E-07 3.53E-04
2.818E+02 2.205E-03 1.007E-06 3.96E-04
2.661E+02 2.478E-03 1.268E-06 4.44E-04
2.512E+02 2.784E-03 1.597E-06 4.97E-04
2.371E+02 3.128E-03 2.011E-06 5.57E-04
2.239E+02 3.514E-03 2.532E-06 6.25E-04
2.113E+02 3.950E-03 3.189E-06 7.00E-04
1.995E+02 4.440E-03 4.016E-06 7.84E-04
1.884E+02 4.992E-03 5.058E-06 8.79E-04
1.778E+02 5.615E-03 6.370E-06 9.84E-04
1.679E+02 6.318E-03 8.024E-06 1.10E-03
1.585E+02 7.110E-03 1.011E-05 1.23E-03
1.496E+02 8.005E-03 1.273E-05 1.38E-03
1.413E+02 9.016E-03 1.604E-05 1.54E-03
1.334E+02 1.016E-02 2.021E-05 1.73E-03
1.259E+02 1.145E-02 2.546E-05 1.93E-03
1.189E+02 1.292E-02 3.208E-05 2.16E-03
1.122E+02 1.457E-02 4.043E-05 2.41E-03
1.059E+02 1.645E-02 5.096E-05 2.68E-03
1.000E+02 1.860E-02 6.421E-05 2.99E-03
9.441E+01 2.103E-02 8.093E-05 3.33E-03
8.913E+01 2.379E-02 1.020E-04 3.70E-03
8.414E+01 2.692E-02 1.286E-04 4.11E-03
7.943E+01 3.051E-02 1.622E-04 4.56E-03
7.499E+01 3.460E-02 2.044E-04 5.05E-03
7.079E+01 3.926E-02 2.577E-04 5.58E-03
6.683E+01 4.456E-02 3.249E-04 6.15E-03
6.310E+01 5.064E-02 4.095E-04 6.76E-03
5.957E+01 5.754E-02 5.161E-04 7.42E-03
5.623E+01 6.540E-02 6.502E-04 8.11E-03
5.309E+01 7.429E-02 8.191E-04 8.86E-03
5.012E+01 8.440E-02 1.031E-03 9.64E-03
4.732E+01 9.585E-02 1.298E-03 1.05E-02
4.467E+01 1.088E-01 1.633E-03 1.13E-02
4.217E+01 1.235E-01 2.053E-03 1.23E-02
3.981E+01 1.399E-01 2.577E-03 1.32E-02
3.758E+01 1.582E-01 3.233E-03 1.43E-02
3.548E+01 1.781E-01 4.067E-03 1.54E-02
3.350E+01 2.010E-01 5.117E-03 1.66E-02
3.162E+01 2.281E-01 6.436E-03 1.79E-02
2.985E+01 2.595E-01 8.085E-03 1.91E-02
2.818E+01 2.950E-01 1.012E-02 2.04E-02
2.661E+01 3.360E-01 1.266E-02 2.18E-02
2.512E+01 3.835E-01 1.586E-02 2.32E-02
2.371E+01 4.363E-01 1.965E-02 2.47E-02
2.239E+01 4.976E-01 2.433E-02 2.63E-02
2.113E+01 5.666E-01 2.963E-02 2.80E-02
1.995E+01 6.463E-01 3.554E-02 2.98E-02
1.884E+01 7.099E-01 3.918E-02 3.24E-02
1.778E+01 7.064E-01 3.954E-02 3.68E-02
1.679E+01 6.457E-01 3.949E-02 4.30E-02
1.585E+01 5.643E-01 4.296E-02 5.09E-02
1.496E+01 4.984E-01 5.404E-02 6.08E-02
1.413E+01 4.792E-01 7.995E-02 7.40E-02
1.334E+01 6.107E-01 1.264E-01 8.67E-02
1.259E+01 8.242E-01 1.817E-01 9.31E-02
1.189E+01 1.067E+00 2.422E-01 9.44E-02
1.122E+01 1.292E+00 2.992E-01 9.54E-02
1.059E+01 1.508E+00 3.502E-01 9.71E-02
1.000E+01 1.559E+00 3.313E-01 1.06E-01
9.441E+00 1.482E+00 2.799E-01 1.20E-01
8.913E+00 1.087E+00 1.439E-01 1.39E-01
8.414E+00 7.706E-01 7.487E-02 1.60E-01
7.943E+00 4.124E-01 3.703E-02 1.80E-01
7.499E+00 2.152E-01 8.768E-02 2.09E-01
7.079E+00 1.877E-01 1.854E-01 2.46E-01
6.683E+00 1.995E-01 2.914E-01 2.89E-01
6.310E+00 2.115E-01 4.073E-01 3.39E-01
5.957E+00 2.215E-01 5.387E-01 3.96E-01
5.623E+00 2.359E-01 6.925E-01 4.59E-01
5.309E+00 2.584E-01 8.790E-01 5.24E-01
5.012E+00 2.889E-01 1.117E+00 5.79E-01
4.732E+00 3.218E-01 1.411E+00 6.11E-01
4.467E+00 3.451E-01 1.734E+00 6.15E-01
4.217E+00 3.515E-01 2.008E+00 6.06E-01
3.981E+00 3.490E-01 2.199E+00 6.00E-01
3.758E+00 3.577E-01 2.352E+00 6.12E-01
3.548E+00 3.936E-01 2.561E+00 6.43E-01
3.350E+00 4.527E-01 2.899E+00 6.84E-01
3.162E+00 4.898E-01 3.275E+00 7.11E-01
2.985E+00 4.763E-01 3.426E+00 7.12E-01
2.818E+00 4.612E-01 3.374E+00 6.97E-01
2.661E+00 4.989E-01 3.383E+00 6.86E-01
2.512E+00 5.817E-01 3.636E+00 7.02E-01
2.371E+00 5.745E-01 3.684E+00 7.21E-01
2.239E+00 5.454E-01 3.345E+00 7.10E-01
2.113E+00 6.127E-01 3.094E+00 6.74E-01
1.995E+00 6.809E-01 3.129E+00 6.73E-01
1.884E+00 6.113E-01 2.727E+00 6.66E-01
1.778E+00 6.732E-01 2.237E+00 6.14E-01
1.679E+00 7.450E-01 2.121E+00 5.99E-01
1.585E+00 6.684E-01 1.746E+00 5.60E-01
1.496E+00 8.061E-01 1.448E+00 5.03E-01
1.413E+00 7.452E-01 1.406E+00 5.39E-01
1.334E+00 7.948E-01 1.224E+00 5.20E-01
1.259E+00 7.906E-01 1.398E+00 6.23E-01
1.189E+00 8.302E-01 1.448E+00 6.88E-01
1.122E+00 8.215E-01 1.754E+00 7.50E-01
1.059E+00 8.461E-01 1.837E+00 8.15E-01
1.000E+00 8.210E-01 2.002E+00 8.30E-01
9.441E-01 8.378E-01 1.992E+00 8.46E-01
8.913E-01 8.396E-01 1.827E+00 8.45E-01
8.414E-01 8.434E-01 1.624E+00 8.29E-01
7.943E-01 8.539E-01 1.440E+00 8.09E-01
7.499E-01 8.721E-01 1.336E+00 7.97E-01
7.079E-01 8.891E-01 1.356E+00 8.13E-01
6.683E-01 9.022E-01 1.482E+00 8.34E-01
6.310E-01 9.149E-01 1.598E+00 8.52E-01
5.957E-01 9.275E-01 1.584E+00 8.63E-01
5.623E-01 9.349E-01 1.438E+00 8.63E-01
5.309E-01 9.357E-01 1.291E+00 8.59E-01
5.012E-01 9.350E-01 1.276E+00 8.68E-01
4.732E-01 9.493E-01 1.379E+00 8.87E-01
4.467E-01 9.548E-01 1.427E+00 8.94E-01
4.217E-01 9.567E-01 1.304E+00 8.88E-01
3.981E-01 9.603E-01 1.235E+00 8.85E-01
3.758E-01 9.732E-01 1.307E+00 8.99E-01
3.548E-01 9.750E-01 1.312E+00 9.05E-01
3.350E-01 9.750E-01 1.215E+00 9.01E-01
3.162E-01 9.767E-01 1.263E+00 9.07E-01
2.985E-01 9.768E-01 1.255E+00 9.09E-01
2.818E-01 9.744E-01 1.213E+00 9.08E-01
2.661E-01 9.743E-01 1.247E+00 9.13E-01
2.512E-01 9.718E-01 1.213E+00 9.10E-01
2.371E-01 9.673E-01 1.212E+00 9.10E-01
2.239E-01 9.629E-01 1.231E+00 9.11E-01
2.113E-01 9.659E-01 1.215E+00 9.11E-01
1.995E-01 9.621E-01 1.205E+00 9.08E-01
1.884E-01 9.507E-01 1.208E+00 9.03E-01
1.778E-01 9.374E-01 1.216E+00 8.96E-01
1.679E-01 9.229E-01 1.225E+00 8.89E-01
1.585E-01 9.072E-01 1.236E+00 8.80E-01
1.496E-01 8.938E-01 1.246E+00 8.73E-01
1.413E-01 8.893E-01 1.247E+00 8.73E-01
1.334E-01 8.867E-01 1.245E+00 8.75E-01
1.259E-01 8.813E-01 1.246E+00 8.74E-01
1.189E-01 8.740E-01 1.250E+00 8.72E-01
1.122E-01 8.645E-01 1.256E+00 8.69E-01
1.059E-01 8.512E-01 1.266E+00 8.63E-01
1.000E-01 8.371E-01 1.276E+00 8.58E-01
9.441E-02 8.284E-01 1.280E+00 8.57E-01
8.913E-02 8.308E-01 1.270E+00 8.65E-01
8.414E-02 8.250E-01 1.272E+00 8.63E-01
7.943E-02 8.057E-01 1.288E+00 8.55E-01
7.499E-02 7.829E-01 1.305E+00 8.47E-01
7.079E-02 7.646E-01 1.318E+00 8.43E-01
6.683E-02 7.425E-01 1.334E+00 8.38E-01
6.310E-02 7.207E-01 1.348E+00 8.36E-01
5.957E-02 7.430E-01 1.317E+00 8.66E-01
5.623E-02 8.197E-01 1.233E+00 9.14E-01
5.309E-02 8.493E-01 1.199E+00 9.32E-01
5.012E-02 8.681E-01 1.178E+00 9.43E-01
4.732E-02 8.807E-01 1.162E+00 9.51E-01
4.467E-02 8.899E-01 1.150E+00 9.56E-01
4.217E-02 8.970E-01 1.141E+00 9.61E-01
3.981E-02 9.027E-01 1.133E+00 9.65E-01
3.758E-02 9.076E-01 1.126E+00 9.68E-01
3.548E-02 9.119E-01 1.119E+00 9.71E-01
3.350E-02 9.158E-01 1.113E+00 9.74E-01
3.162E-02 9.196E-01 1.107E+00 9.77E-01
2.985E-02 9.232E-01 1.102E+00 9.79E-01
2.818E-02 9.267E-01 1.096E+00 9.81E-01
2.661E-02 9.304E-01 1.091E+00 9.83E-01
2.512E-02 9.343E-01 1.085E+00 9.85E-01
2.371E-02 9.387E-01 1.079E+00 9.87E-01
2.239E-02 9.438E-01 1.072E+00 9.89E-01
2.113E-02 9.473E-01 1.067E+00 9.91E-01
1.995E-02 9.520E-01 1.061E+00 9.92E-01
1.884E-02 9.574E-01 1.055E+00 9.93E-01
1.778E-02 9.572E-01 1.054E+00 9.94E-01
1.679E-02 9.591E-01 1.051E+00 9.94E-01
1.585E-02 9.613E-01 1.048E+00 9.95E-01
1.496E-02 9.636E-01 1.044E+00 9.96E-01
1.413E-02 9.661E-01 1.041E+00 9.96E-01
1.334E-02 9.701E-01 1.036E+00 9.97E-01
1.259E-02 9.714E-01 1.034E+00 9.97E-01
1.189E-02 9.720E-01 1.032E+00 9.98E-01
1.122E-02 9.748E-01 1.028E+00 9.98E-01
1.059E-02 9.825E-01 1.020E+00 9.98E-01
1.000E-02 9.782E-01 1.025E+00 9.98E-01
9.441E-03 9.777E-01 1.025E+00 9.98E-01
8.913E-03 9.779E-01 1.024E+00 9.99E-01
8.414E-03 9.784E-01 1.023E+00 9.99E-01
7.943E-03 9.791E-01 1.021E+00 9.99E-01
7.499E-03 9.827E-01 1.017E+00 9.99E-01
7.079E-03 9.837E-01 1.016E+00 9.99E-01
6.683E-03 9.840E-01 1.016E+00 9.99E-01
6.310E-03 9.843E-01 1.016E+00 9.99E-01
5.957E-03 9.847E-01 1.015E+00 1.00E+00
5.623E-03 9.848E-01 1.015E+00 1.00E+00
5.309E-03 9.848E-01 1.015E+00 1.00E+00
5.012E-03 9.845E-01 1.016E+00 1.00E+00
4.732E-03 9.838E-01 1.016E+00 1.00E+00
4.467E-03 9.828E-01 1.017E+00 1.00E+00
4.217E-03 9.814E-01 1.019E+00 1.00E+00
3.981E-03 9.795E-01 1.020E+00 9.99E-01
3.758E-03 9.769E-01 1.023E+00 9.99E-01
3.548E-03 9.734E-01 1.026E+00 9.99E-01
3.350E-03 9.688E-01 1.031E+00 9.99E-01
3.162E-03 9.628E-01 1.037E+00 9.99E-01
2.985E-03 9.552E-01 1.045E+00 9.99E-01
2.818E-03 9.448E-01 1.055E+00 1.00E+00
2.661E-03 9.310E-01 1.069E+00 1.00E+00
2.512E-03 9.139E-01 1.085E+00 1.00E+00
2.371E-03 8.930E-01 1.105E+00 1.00E+00
2.239E-03 9.775E-01 1.022E+00 1.00E+00
2.113E-03 9.724E-01 1.027E+00 1.00E+00
1.995E-03 9.656E-01 1.034E+00 1.00E+00
1.884E-03 9.568E-01 1.042E+00 1.00E+00
1.778E-03 9.450E-01 1.054E+00 1.00E+00
1.679E-03 9.299E-01 1.067E+00 1.00E+00
1.585E-03 9.711E-01 1.027E+00 1.00E+00
1.496E-03 9.628E-01 1.036E+00 1.00E+00
1.413E-03 9.607E-01 1.038E+00 1.00E+00
1.334E-03 9.495E-01 1.049E+00 1.00E+00
1.259E-03 9.350E-01 1.063E+00 1.00E+00
1.189E-03 9.167E-01 1.081E+00 1.00E+00
1.122E-03 8.927E-01 1.104E+00 1.00E+00
1.059E-03 8.635E-01 1.132E+00 1.00E+00
