w(micron)  Q_abs     Q_sca     g=<cos>
1.000E+03 3.089E-07 6.342E-20 0.00E+00
9.441E+02 3.466E-07 7.984E-20 0.00E+00
8.913E+02 3.890E-07 1.005E-19 0.00E+00
8.414E+02 4.365E-07 1.265E-19 0.00E+00
7.943E+02 4.898E-07 1.593E-19 0.00E+00
7.499E+02 5.496E-07 2.006E-19 0.00E+00
7.079E+02 6.167E-07 2.525E-19 0.00E+00
6.683E+02 6.921E-07 3.179E-19 0.00E+00
6.310E+02 7.766E-07 4.002E-19 0.00E+00
5.957E+02 8.714E-07 5.039E-19 0.00E+00
5.623E+02 9.779E-07 6.343E-19 0.00E+00
5.309E+02 1.097E-06 7.986E-19 0.00E+00
5.012E+02 1.232E-06 1.006E-18 0.00E+00
4.732E+02 1.382E-06 1.266E-18 0.00E+00
4.467E+02 1.551E-06 1.594E-18 0.00E+00
4.217E+02 1.741E-06 2.007E-18 0.00E+00
3.981E+02 1.955E-06 2.526E-18 0.00E+00
3.758E+02 2.194E-06 3.181E-18 0.00E+00
3.548E+02 2.463E-06 4.004E-18 0.00E+00
3.350E+02 2.764E-06 5.042E-18 0.00E+00
3.162E+02 3.103E-06 6.348E-18 0.00E+00
2.985E+02 3.483E-06 7.993E-18 0.00E+00
2.818E+02 3.912E-06 1.006E-17 0.00E+00
2.661E+02 4.394E-06 1.267E-17 0.00E+00
2.512E+02 4.935E-06 1.595E-17 0.00E+00
2.371E+02 5.542E-06 2.009E-17 0.00E+00
2.239E+02 6.225E-06 2.529E-17 0.00E+00
2.113E+02 6.993E-06 3.185E-17 0.00E+00
1.995E+02 7.856E-06 4.010E-17 0.00E+00
1.884E+02 8.828E-06 5.050E-17 0.00E+00
1.778E+02 9.923E-06 6.360E-17 0.00E+00
1.679E+02 1.116E-05 8.009E-17 0.00E+00
1.585E+02 1.255E-05 1.009E-16 0.00E+00
1.496E+02 1.411E-05 1.270E-16 0.00E+00
1.413E+02 1.588E-05 1.600E-16 0.00E+00
1.334E+02 1.787E-05 2.015E-16 0.00E+00
1.259E+02 2.011E-05 2.538E-16 0.00E+00
1.189E+02 2.266E-05 3.196E-16 0.00E+00
1.122E+02 2.552E-05 4.026E-16 0.00E+00
1.059E+02 2.876E-05 5.072E-16 0.00E+00
1.000E+02 3.245E-05 6.387E-16 0.00E+00
9.441E+01 3.660E-05 8.046E-16 0.00E+00
8.913E+01 4.131E-05 1.013E-15 0.00E+00
8.414E+01 4.662E-05 1.277E-15 0.00E+00
7.943E+01 5.268E-05 1.608E-15 0.00E+00
7.499E+01 5.955E-05 2.025E-15 0.00E+00
7.079E+01 6.735E-05 2.550E-15 0.00E+00
6.683E+01 7.616E-05 3.212E-15 0.00E+00
6.310E+01 8.618E-05 4.042E-15 0.00E+00
5.957E+01 9.750E-05 5.086E-15 0.00E+00
5.623E+01 1.103E-04 6.397E-15 0.00E+00
5.309E+01 1.247E-04 8.044E-15 0.00E+00
5.012E+01 1.409E-04 1.011E-14 0.00E+00
4.732E+01 1.591E-04 1.269E-14 0.00E+00
4.467E+01 1.796E-04 1.593E-14 0.00E+00
4.217E+01 2.025E-04 1.998E-14 0.00E+00
3.981E+01 2.280E-04 2.500E-14 0.00E+00
3.758E+01 2.562E-04 3.127E-14 0.00E+00
3.548E+01 2.863E-04 3.920E-14 0.00E+00
3.350E+01 3.206E-04 4.914E-14 0.00E+00
3.162E+01 3.610E-04 6.157E-14 0.00E+00
2.985E+01 4.075E-04 7.703E-14 0.00E+00
2.818E+01 4.599E-04 9.604E-14 0.00E+00
2.661E+01 5.201E-04 1.198E-13 0.00E+00
2.512E+01 5.895E-04 1.495E-13 0.00E+00
2.371E+01 6.671E-04 1.848E-13 0.00E+00
2.239E+01 7.576E-04 2.285E-13 0.00E+00
2.113E+01 8.622E-04 2.788E-13 0.00E+00
1.995E+01 9.877E-04 3.364E-13 0.00E+00
1.884E+01 1.100E-03 3.765E-13 0.00E+00
1.778E+01 1.107E-03 3.863E-13 0.00E+00
1.679E+01 1.009E-03 3.891E-13 0.00E+00
1.585E+01 8.628E-04 4.212E-13 0.00E+00
1.496E+01 7.314E-04 5.210E-13 0.00E+00
1.413E+01 6.577E-04 7.481E-13 0.00E+00
1.334E+01 7.845E-04 1.157E-12 2.75E-07
1.259E+01 1.035E-03 1.673E-12 2.98E-07
1.189E+01 1.375E-03 2.315E-12 3.04E-07
1.122E+01 1.789E-03 3.078E-12 3.02E-07
1.059E+01 2.365E-03 4.084E-12 2.93E-07
1.000E+01 2.881E-03 4.594E-12 3.00E-07
9.441E+00 3.233E-03 4.684E-12 3.20E-07
8.913E+00 2.063E-03 2.265E-12 7.47E-07
8.414E+00 1.441E-03 1.212E-12 8.38E-07
7.943E+00 6.898E-04 5.773E-13 9.41E-07
7.499E+00 3.033E-04 1.325E-12 1.06E-06
7.079E+00 2.374E-04 2.879E-12 1.18E-06
6.683E+00 2.348E-04 4.762E-12 1.33E-06
6.310E+00 2.474E-04 5.548E-12 9.80E-07
5.957E+00 2.416E-04 7.701E-12 1.12E-06
5.623E+00 2.376E-04 1.045E-11 1.27E-06
5.309E+00 2.372E-04 1.394E-11 1.43E-06
5.012E+00 2.402E-04 1.840E-11 1.62E-06
4.732E+00 2.461E-04 2.404E-11 1.83E-06
4.467E+00 2.538E-04 3.120E-11 2.07E-06
4.217E+00 2.633E-04 4.022E-11 2.33E-06
3.981E+00 2.728E-04 5.162E-11 2.62E-06
3.758E+00 2.823E-04 6.604E-11 2.95E-06
3.548E+00 2.925E-04 8.426E-11 3.32E-06
3.350E+00 3.029E-04 1.072E-10 3.74E-06
3.162E+00 3.123E-04 1.361E-10 4.20E-06
2.985E+00 3.228E-04 1.728E-10 4.72E-06
2.818E+00 3.345E-04 2.190E-10 5.30E-06
2.661E+00 3.471E-04 2.774E-10 5.96E-06
2.512E+00 3.606E-04 3.510E-10 6.69E-06
2.371E+00 3.756E-04 4.436E-10 7.52E-06
2.239E+00 3.912E-04 5.606E-10 8.44E-06
2.113E+00 4.080E-04 7.074E-10 9.47E-06
1.995E+00 4.260E-04 8.925E-10 1.06E-05
1.884E+00 4.451E-04 1.126E-09 1.19E-05
1.778E+00 4.657E-04 1.419E-09 1.34E-05
1.679E+00 4.886E-04 1.789E-09 1.50E-05
1.585E+00 5.132E-04 2.254E-09 1.69E-05
1.496E+00 5.389E-04 2.840E-09 1.89E-05
1.413E+00 5.662E-04 3.577E-09 2.12E-05
1.334E+00 5.948E-04 4.505E-09 2.38E-05
1.259E+00 6.253E-04 5.672E-09 2.68E-05
1.189E+00 6.593E-04 7.142E-09 3.00E-05
1.122E+00 6.956E-04 8.992E-09 3.37E-05
1.059E+00 7.341E-04 1.132E-08 3.78E-05
1.000E+00 7.749E-04 1.425E-08 4.24E-05
9.441E-01 8.184E-04 1.794E-08 4.76E-05
8.913E-01 8.643E-04 2.258E-08 5.34E-05
8.414E-01 9.124E-04 2.844E-08 5.99E-05
7.943E-01 9.631E-04 3.582E-08 6.72E-05
7.499E-01 1.017E-03 4.513E-08 7.54E-05
7.079E-01 1.073E-03 5.686E-08 8.46E-05
6.683E-01 1.133E-03 7.165E-08 9.50E-05
6.310E-01 1.196E-03 9.033E-08 1.07E-04
5.957E-01 1.263E-03 1.139E-07 1.20E-04
5.623E-01 1.334E-03 1.438E-07 1.34E-04
5.309E-01 1.409E-03 1.815E-07 1.51E-04
5.012E-01 1.488E-03 2.294E-07 1.69E-04
4.732E-01 1.571E-03 2.901E-07 1.90E-04
4.467E-01 1.658E-03 3.673E-07 2.14E-04
4.217E-01 1.750E-03 4.653E-07 2.40E-04
3.981E-01 1.845E-03 5.901E-07 2.70E-04
3.758E-01 1.942E-03 7.494E-07 3.03E-04
3.548E-01 2.043E-03 9.535E-07 3.41E-04
3.350E-01 2.146E-03 1.215E-06 3.84E-04
3.162E-01 2.251E-03 1.553E-06 4.32E-04
2.985E-01 2.357E-03 1.990E-06 4.87E-04
2.818E-01 2.464E-03 2.558E-06 5.49E-04
2.661E-01 2.567E-03 3.302E-06 6.19E-04
2.512E-01 2.660E-03 4.287E-06 7.00E-04
2.371E-01 2.747E-03 5.600E-06 7.92E-04
2.239E-01 2.824E-03 7.402E-06 9.00E-04
2.113E-01 3.459E-03 9.946E-06 1.03E-03
1.995E-01 5.015E-03 1.346E-05 1.18E-03
1.884E-01 7.744E-03 1.837E-05 1.35E-03
1.778E-01 1.211E-02 2.530E-05 1.56E-03
1.679E-01 1.930E-02 3.522E-05 1.80E-03
1.585E-01 3.134E-02 4.936E-05 2.07E-03
1.496E-01 5.068E-02 6.784E-05 2.29E-03
1.413E-01 7.317E-02 8.649E-05 2.41E-03
1.334E-01 8.942E-02 1.081E-04 2.58E-03
1.259E-01 1.069E-01 1.382E-04 2.78E-03
1.189E-01 1.274E-01 1.798E-04 2.99E-03
1.122E-01 1.526E-01 2.382E-04 3.20E-03
1.059E-01 1.863E-01 3.254E-04 3.37E-03
1.000E-01 2.371E-01 4.430E-04 3.41E-03
9.441E-02 2.874E-01 5.721E-04 3.52E-03
8.913E-02 3.250E-01 6.606E-04 3.77E-03
8.414E-02 3.526E-01 8.522E-04 4.18E-03
7.943E-02 4.216E-01 1.184E-03 4.39E-03
7.499E-02 5.013E-01 1.610E-03 4.62E-03
7.079E-02 5.503E-01 2.000E-03 5.06E-03
6.683E-02 5.564E-01 2.321E-03 5.67E-03
6.310E-02 4.643E-01 2.204E-03 6.56E-03
5.957E-02 2.893E-01 1.339E-03 7.78E-03
5.623E-02 2.327E-01 8.555E-04 9.12E-03
5.309E-02 2.183E-01 7.856E-04 1.04E-02
5.012E-02 2.087E-01 7.720E-04 1.18E-02
4.732E-02 2.012E-01 7.884E-04 1.34E-02
4.467E-02 1.947E-01 8.216E-04 1.52E-02
4.217E-02 1.884E-01 8.654E-04 1.71E-02
3.981E-02 1.820E-01 9.154E-04 1.93E-02
3.758E-02 1.753E-01 9.684E-04 2.18E-02
3.548E-02 1.683E-01 1.023E-03 2.45E-02
3.350E-02 1.610E-01 1.077E-03 2.77E-02
3.162E-02 1.533E-01 1.127E-03 3.12E-02
2.985E-02 1.452E-01 1.172E-03 3.51E-02
2.818E-02 1.370E-01 1.211E-03 3.96E-02
2.661E-02 1.289E-01 1.241E-03 4.46E-02
2.512E-02 1.205E-01 1.257E-03 5.02E-02
2.371E-02 1.123E-01 1.251E-03 5.66E-02
2.239E-02 1.084E-01 1.278E-03 6.38E-02
2.113E-02 1.025E-01 1.299E-03 7.19E-02
1.995E-02 9.693E-02 1.280E-03 8.11E-02
1.884E-02 1.003E-01 1.378E-03 9.14E-02
1.778E-02 9.441E-02 1.467E-03 1.03E-01
1.679E-02 8.899E-02 1.499E-03 1.16E-01
1.585E-02 8.392E-02 1.511E-03 1.31E-01
1.496E-02 7.904E-02 1.510E-03 1.47E-01
1.413E-02 7.417E-02 1.480E-03 1.66E-01
1.334E-02 7.296E-02 1.447E-03 1.87E-01
1.259E-02 7.111E-02 1.510E-03 2.10E-01
1.189E-02 6.615E-02 1.514E-03 2.36E-01
1.122E-02 6.120E-02 1.381E-03 2.66E-01
1.059E-02 7.386E-02 1.414E-03 2.99E-01
1.000E-02 6.866E-02 1.682E-03 3.34E-01
9.441E-03 6.338E-02 1.708E-03 3.73E-01
8.913E-03 5.827E-02 1.667E-03 4.15E-01
8.414E-03 5.335E-02 1.594E-03 4.59E-01
7.943E-03 4.870E-02 1.499E-03 5.06E-01
7.499E-03 4.436E-02 1.359E-03 5.54E-01
7.079E-03 4.403E-02 1.372E-03 6.01E-01
6.683E-03 4.000E-02 1.305E-03 6.45E-01
6.310E-03 3.624E-02 1.225E-03 6.85E-01
5.957E-03 3.281E-02 1.144E-03 7.19E-01
5.623E-03 2.957E-02 1.064E-03 7.47E-01
5.309E-03 2.662E-02 9.865E-04 7.67E-01
5.012E-03 2.395E-02 9.133E-04 7.83E-01
4.732E-03 2.150E-02 8.434E-04 7.95E-01
4.467E-03 1.926E-02 7.752E-04 8.07E-01
4.217E-03 1.722E-02 7.080E-04 8.21E-01
3.981E-03 1.537E-02 6.431E-04 8.38E-01
3.758E-03 1.369E-02 5.804E-04 8.55E-01
3.548E-03 1.216E-02 5.207E-04 8.72E-01
3.350E-03 1.078E-02 4.654E-04 8.85E-01
3.162E-03 9.534E-03 4.142E-04 8.94E-01
2.985E-03 8.437E-03 3.679E-04 9.01E-01
2.818E-03 7.410E-03 3.208E-04 9.08E-01
2.661E-03 6.467E-03 2.750E-04 9.17E-01
2.512E-03 5.662E-03 2.247E-04 9.27E-01
2.371E-03 4.952E-03 1.332E-04 9.34E-01
2.239E-03 1.171E-02 1.931E-04 9.38E-01
2.113E-03 1.046E-02 1.982E-04 9.43E-01
1.995E-03 9.266E-03 1.900E-04 9.49E-01
1.884E-03 8.168E-03 1.709E-04 9.54E-01
1.778E-03 7.165E-03 1.464E-04 9.58E-01
1.679E-03 6.258E-03 9.081E-05 9.62E-01
1.585E-03 1.001E-02 1.428E-04 9.66E-01
1.496E-03 8.755E-03 1.334E-04 9.69E-01
1.413E-03 8.502E-03 1.365E-04 9.71E-01
1.334E-03 7.450E-03 1.290E-04 9.74E-01
1.259E-03 6.510E-03 1.188E-04 9.76E-01
1.189E-03 5.674E-03 1.085E-04 9.79E-01
1.122E-03 4.908E-03 9.798E-05 9.81E-01
1.059E-03 4.237E-03 8.772E-05 9.82E-01
