w(micron)  Q_abs     Q_sca     g=<cos>
1.000E+03 4.896E-07 4.002E-19 0.00E+00
9.441E+02 5.494E-07 5.038E-19 0.00E+00
8.913E+02 6.165E-07 6.342E-19 0.00E+00
8.414E+02 6.917E-07 7.984E-19 0.00E+00
7.943E+02 7.762E-07 1.005E-18 0.00E+00
7.499E+02 8.711E-07 1.265E-18 0.00E+00
7.079E+02 9.775E-07 1.593E-18 0.00E+00
6.683E+02 1.097E-06 2.006E-18 0.00E+00
6.310E+02 1.231E-06 2.525E-18 0.00E+00
5.957E+02 1.381E-06 3.179E-18 0.00E+00
5.623E+02 1.550E-06 4.002E-18 0.00E+00
5.309E+02 1.739E-06 5.039E-18 0.00E+00
5.012E+02 1.952E-06 6.344E-18 0.00E+00
4.732E+02 2.191E-06 7.988E-18 0.00E+00
4.467E+02 2.459E-06 1.006E-17 0.00E+00
4.217E+02 2.760E-06 1.266E-17 0.00E+00
3.981E+02 3.098E-06 1.594E-17 0.00E+00
3.758E+02 3.477E-06 2.007E-17 0.00E+00
3.548E+02 3.903E-06 2.527E-17 0.00E+00
3.350E+02 4.381E-06 3.181E-17 0.00E+00
3.162E+02 4.917E-06 4.005E-17 0.00E+00
2.985E+02 5.520E-06 5.043E-17 0.00E+00
2.818E+02 6.200E-06 6.350E-17 0.00E+00
2.661E+02 6.963E-06 7.995E-17 0.00E+00
2.512E+02 7.821E-06 1.007E-16 0.00E+00
2.371E+02 8.784E-06 1.267E-16 0.00E+00
2.239E+02 9.866E-06 1.596E-16 0.00E+00
2.113E+02 1.108E-05 2.009E-16 0.00E+00
1.995E+02 1.245E-05 2.530E-16 0.00E+00
1.884E+02 1.399E-05 3.186E-16 0.00E+00
1.778E+02 1.573E-05 4.013E-16 0.00E+00
1.679E+02 1.768E-05 5.053E-16 0.00E+00
1.585E+02 1.988E-05 6.364E-16 0.00E+00
1.496E+02 2.237E-05 8.014E-16 0.00E+00
1.413E+02 2.516E-05 1.009E-15 0.00E+00
1.334E+02 2.832E-05 1.271E-15 0.00E+00
1.259E+02 3.188E-05 1.601E-15 0.00E+00
1.189E+02 3.592E-05 2.016E-15 0.00E+00
1.122E+02 4.045E-05 2.540E-15 0.00E+00
1.059E+02 4.558E-05 3.200E-15 0.00E+00
1.000E+02 5.142E-05 4.030E-15 0.00E+00
9.441E+01 5.801E-05 5.077E-15 0.00E+00
8.913E+01 6.547E-05 6.395E-15 0.00E+00
8.414E+01 7.389E-05 8.056E-15 0.00E+00
7.943E+01 8.349E-05 1.015E-14 0.00E+00
7.499E+01 9.439E-05 1.278E-14 0.00E+00
7.079E+01 1.067E-04 1.609E-14 0.00E+00
6.683E+01 1.207E-04 2.026E-14 0.00E+00
6.310E+01 1.366E-04 2.550E-14 0.00E+00
5.957E+01 1.545E-04 3.209E-14 0.00E+00
5.623E+01 1.748E-04 4.036E-14 0.00E+00
5.309E+01 1.976E-04 5.075E-14 0.00E+00
5.012E+01 2.233E-04 6.377E-14 0.00E+00
4.732E+01 2.522E-04 8.007E-14 0.00E+00
4.467E+01 2.846E-04 1.005E-13 0.00E+00
4.217E+01 3.210E-04 1.260E-13 0.00E+00
3.981E+01 3.613E-04 1.577E-13 0.00E+00
3.758E+01 4.060E-04 1.973E-13 0.00E+00
3.548E+01 4.538E-04 2.473E-13 0.00E+00
3.350E+01 5.081E-04 3.100E-13 0.00E+00
3.162E+01 5.721E-04 3.885E-13 0.00E+00
2.985E+01 6.459E-04 4.861E-13 0.00E+00
2.818E+01 7.289E-04 6.060E-13 0.00E+00
2.661E+01 8.243E-04 7.556E-13 0.00E+00
2.512E+01 9.342E-04 9.431E-13 0.00E+00
2.371E+01 1.057E-03 1.166E-12 0.00E+00
2.239E+01 1.201E-03 1.442E-12 0.00E+00
2.113E+01 1.366E-03 1.759E-12 2.30E-07
1.995E+01 1.565E-03 2.123E-12 2.44E-07
1.884E+01 1.744E-03 2.375E-12 2.63E-07
1.778E+01 1.755E-03 2.438E-12 2.96E-07
1.679E+01 1.599E-03 2.455E-12 3.44E-07
1.585E+01 1.367E-03 2.658E-12 4.07E-07
1.496E+01 1.159E-03 3.287E-12 4.86E-07
1.413E+01 1.042E-03 4.720E-12 5.91E-07
1.334E+01 1.243E-03 7.303E-12 6.91E-07
1.259E+01 1.640E-03 1.056E-11 7.48E-07
1.189E+01 2.179E-03 1.461E-11 7.63E-07
1.122E+01 2.835E-03 1.942E-11 7.58E-07
1.059E+01 3.748E-03 2.577E-11 7.35E-07
1.000E+01 4.566E-03 2.898E-11 7.54E-07
9.441E+00 5.125E-03 2.955E-11 8.03E-07
8.913E+00 3.829E-03 1.592E-11 9.46E-07
8.414E+00 2.283E-03 7.645E-12 2.11E-06
7.943E+00 1.093E-03 3.643E-12 2.36E-06
7.499E+00 4.806E-04 8.358E-12 2.65E-06
7.079E+00 3.994E-04 1.510E-11 1.87E-06
6.683E+00 3.950E-04 2.414E-11 2.15E-06
6.310E+00 3.921E-04 3.501E-11 2.46E-06
5.957E+00 3.829E-04 4.859E-11 2.80E-06
5.623E+00 3.765E-04 6.591E-11 3.18E-06
5.309E+00 3.759E-04 8.796E-11 3.60E-06
5.012E+00 3.806E-04 1.161E-10 4.08E-06
4.732E+00 3.900E-04 1.517E-10 4.60E-06
4.467E+00 4.023E-04 1.968E-10 5.19E-06
4.217E+00 4.173E-04 2.538E-10 5.85E-06
3.981E+00 4.324E-04 3.257E-10 6.59E-06
3.758E+00 4.475E-04 4.167E-10 7.42E-06
3.548E+00 4.636E-04 5.317E-10 8.35E-06
3.350E+00 4.800E-04 6.765E-10 9.39E-06
3.162E+00 4.949E-04 8.590E-10 1.05E-05
2.985E+00 5.116E-04 1.090E-09 1.19E-05
2.818E+00 5.302E-04 1.382E-09 1.33E-05
2.661E+00 5.501E-04 1.751E-09 1.50E-05
2.512E+00 5.716E-04 2.215E-09 1.68E-05
2.371E+00 5.952E-04 2.799E-09 1.89E-05
2.239E+00 6.201E-04 3.537E-09 2.12E-05
2.113E+00 6.467E-04 4.463E-09 2.38E-05
1.995E+00 6.752E-04 5.632E-09 2.67E-05
1.884E+00 7.055E-04 7.103E-09 3.00E-05
1.778E+00 7.381E-04 8.955E-09 3.37E-05
1.679E+00 7.744E-04 1.129E-08 3.78E-05
1.585E+00 8.134E-04 1.422E-08 4.24E-05
1.496E+00 8.542E-04 1.792E-08 4.76E-05
1.413E+00 8.974E-04 2.257E-08 5.34E-05
1.334E+00 9.429E-04 2.843E-08 5.99E-05
1.259E+00 9.911E-04 3.579E-08 6.72E-05
1.189E+00 1.045E-03 4.506E-08 7.54E-05
1.122E+00 1.103E-03 5.674E-08 8.46E-05
1.059E+00 1.164E-03 7.143E-08 9.49E-05
1.000E+00 1.228E-03 8.992E-08 1.07E-04
9.441E-01 1.297E-03 1.132E-07 1.20E-04
8.913E-01 1.370E-03 1.425E-07 1.34E-04
8.414E-01 1.446E-03 1.795E-07 1.50E-04
7.943E-01 1.527E-03 2.260E-07 1.69E-04
7.499E-01 1.612E-03 2.848E-07 1.89E-04
7.079E-01 1.702E-03 3.588E-07 2.13E-04
6.683E-01 1.796E-03 4.521E-07 2.39E-04
6.310E-01 1.897E-03 5.700E-07 2.68E-04
5.957E-01 2.004E-03 7.190E-07 3.01E-04
5.623E-01 2.116E-03 9.073E-07 3.37E-04
5.309E-01 2.235E-03 1.146E-06 3.79E-04
5.012E-01 2.361E-03 1.448E-06 4.25E-04
4.732E-01 2.493E-03 1.831E-06 4.78E-04
4.467E-01 2.630E-03 2.318E-06 5.37E-04
4.217E-01 2.776E-03 2.937E-06 6.03E-04
3.981E-01 2.928E-03 3.725E-06 6.78E-04
3.758E-01 3.082E-03 4.731E-06 7.62E-04
3.548E-01 3.243E-03 6.019E-06 8.56E-04
3.350E-01 3.409E-03 7.672E-06 9.64E-04
3.162E-01 3.576E-03 9.808E-06 1.08E-03
2.985E-01 3.745E-03 1.257E-05 1.22E-03
2.818E-01 3.916E-03 1.615E-05 1.38E-03
2.661E-01 4.083E-03 2.085E-05 1.55E-03
2.512E-01 4.233E-03 2.708E-05 1.76E-03
2.371E-01 4.373E-03 3.538E-05 1.99E-03
2.239E-01 4.499E-03 4.678E-05 2.26E-03
2.113E-01 5.514E-03 6.288E-05 2.58E-03
1.995E-01 8.005E-03 8.514E-05 2.96E-03
1.884E-01 1.237E-02 1.162E-04 3.40E-03
1.778E-01 1.939E-02 1.602E-04 3.92E-03
1.679E-01 3.095E-02 2.232E-04 4.53E-03
1.585E-01 5.036E-02 3.131E-04 5.20E-03
1.496E-01 8.160E-02 4.306E-04 5.75E-03
1.413E-01 1.179E-01 5.492E-04 6.04E-03
1.334E-01 1.442E-01 6.862E-04 6.45E-03
1.259E-01 1.727E-01 8.781E-04 6.95E-03
1.189E-01 2.060E-01 1.143E-03 7.48E-03
1.122E-01 2.471E-01 1.515E-03 8.00E-03
1.059E-01 3.020E-01 2.069E-03 8.42E-03
1.000E-01 3.841E-01 2.814E-03 8.52E-03
9.441E-02 4.644E-01 3.624E-03 8.81E-03
8.913E-02 5.226E-01 4.161E-03 9.47E-03
8.414E-02 5.673E-01 5.360E-03 1.05E-02
7.943E-02 6.747E-01 7.402E-03 1.11E-02
7.499E-02 7.929E-01 9.934E-03 1.17E-02
7.079E-02 8.571E-01 1.213E-02 1.29E-02
6.683E-02 8.502E-01 1.378E-02 1.46E-02
6.310E-02 6.982E-01 1.282E-02 1.69E-02
5.957E-02 4.365E-01 7.785E-03 2.00E-02
5.623E-02 3.549E-01 5.008E-03 2.34E-02
5.309E-02 3.337E-01 4.587E-03 2.67E-02
5.012E-02 3.191E-01 4.487E-03 3.04E-02
4.732E-02 3.076E-01 4.553E-03 3.44E-02
4.467E-02 2.973E-01 4.709E-03 3.90E-02
4.217E-02 2.872E-01 4.916E-03 4.40E-02
3.981E-02 2.771E-01 5.149E-03 4.98E-02
3.758E-02 2.664E-01 5.388E-03 5.62E-02
3.548E-02 2.553E-01 5.622E-03 6.34E-02
3.350E-02 2.437E-01 5.842E-03 7.16E-02
3.162E-02 2.318E-01 6.030E-03 8.08E-02
2.985E-02 2.194E-01 6.177E-03 9.12E-02
2.818E-02 2.069E-01 6.275E-03 1.03E-01
2.661E-02 1.944E-01 6.319E-03 1.16E-01
2.512E-02 1.819E-01 6.278E-03 1.31E-01
2.371E-02 1.697E-01 6.123E-03 1.48E-01
2.239E-02 1.638E-01 6.114E-03 1.67E-01
2.113E-02 1.552E-01 6.067E-03 1.88E-01
1.995E-02 1.469E-01 5.825E-03 2.11E-01
1.884E-02 1.520E-01 6.075E-03 2.38E-01
1.778E-02 1.432E-01 6.271E-03 2.67E-01
1.679E-02 1.352E-01 6.202E-03 3.00E-01
1.585E-02 1.278E-01 6.041E-03 3.35E-01
1.496E-02 1.207E-01 5.824E-03 3.74E-01
1.413E-02 1.135E-01 5.505E-03 4.16E-01
1.334E-02 1.119E-01 5.180E-03 4.61E-01
1.259E-02 1.092E-01 5.201E-03 5.07E-01
1.189E-02 1.019E-01 5.032E-03 5.54E-01
1.122E-02 9.450E-02 4.443E-03 6.01E-01
1.059E-02 1.138E-01 4.387E-03 6.47E-01
1.000E-02 1.058E-01 5.092E-03 6.86E-01
9.441E-03 9.783E-02 5.077E-03 7.19E-01
8.913E-03 9.006E-02 4.894E-03 7.47E-01
8.414E-03 8.257E-02 4.651E-03 7.68E-01
7.943E-03 7.547E-02 4.367E-03 7.84E-01
7.499E-03 6.883E-02 3.970E-03 7.97E-01
7.079E-03 6.834E-02 4.015E-03 8.09E-01
6.683E-03 6.218E-02 3.825E-03 8.22E-01
6.310E-03 5.645E-02 3.586E-03 8.38E-01
5.957E-03 5.120E-02 3.332E-03 8.56E-01
5.623E-03 4.622E-02 3.071E-03 8.72E-01
5.309E-03 4.168E-02 2.818E-03 8.85E-01
5.012E-03 3.755E-02 2.580E-03 8.94E-01
4.732E-03 3.375E-02 2.356E-03 9.01E-01
4.467E-03 3.027E-02 2.142E-03 9.08E-01
4.217E-03 2.710E-02 1.938E-03 9.18E-01
3.981E-03 2.420E-02 1.746E-03 9.27E-01
3.758E-03 2.157E-02 1.568E-03 9.34E-01
3.548E-03 1.917E-02 1.402E-03 9.38E-01
3.350E-03 1.700E-02 1.248E-03 9.43E-01
3.162E-03 1.505E-02 1.104E-03 9.49E-01
2.985E-03 1.333E-02 9.739E-04 9.54E-01
2.818E-03 1.171E-02 8.451E-04 9.58E-01
2.661E-03 1.022E-02 7.219E-04 9.62E-01
2.512E-03 8.953E-03 5.880E-04 9.66E-01
2.371E-03 7.833E-03 3.474E-04 9.69E-01
2.239E-03 1.848E-02 5.004E-04 9.71E-01
2.113E-03 1.651E-02 5.121E-04 9.74E-01
1.995E-03 1.464E-02 4.900E-04 9.76E-01
1.884E-03 1.291E-02 4.397E-04 9.79E-01
1.778E-03 1.133E-02 3.758E-04 9.81E-01
1.679E-03 9.897E-03 2.327E-04 9.82E-01
1.585E-03 1.581E-02 3.648E-04 9.84E-01
1.496E-03 1.383E-02 3.402E-04 9.86E-01
1.413E-03 1.344E-02 3.476E-04 9.87E-01
1.334E-03 1.178E-02 3.282E-04 9.88E-01
1.259E-03 1.029E-02 3.020E-04 9.89E-01
1.189E-03 8.976E-03 2.754E-04 9.90E-01
1.122E-03 7.765E-03 2.485E-04 9.91E-01
1.059E-03 6.706E-03 2.223E-04 9.92E-01
