w(micron)  Q_abs     Q_sca     g=<cos>
1.000E+03 2.755E-04 4.002E-08 7.94E-05
9.441E+02 3.091E-04 5.039E-08 8.90E-05
8.913E+02 3.469E-04 6.343E-08 9.99E-05
8.414E+02 3.893E-04 7.986E-08 1.12E-04
7.943E+02 4.369E-04 1.005E-07 1.26E-04
7.499E+02 4.903E-04 1.266E-07 1.41E-04
7.079E+02 5.502E-04 1.594E-07 1.58E-04
6.683E+02 6.175E-04 2.006E-07 1.78E-04
6.310E+02 6.930E-04 2.526E-07 1.99E-04
5.957E+02 7.778E-04 3.180E-07 2.23E-04
5.623E+02 8.729E-04 4.004E-07 2.51E-04
5.309E+02 9.798E-04 5.041E-07 2.81E-04
5.012E+02 1.100E-03 6.348E-07 3.16E-04
4.732E+02 1.235E-03 7.992E-07 3.54E-04
4.467E+02 1.386E-03 1.006E-06 3.97E-04
4.217E+02 1.556E-03 1.267E-06 4.46E-04
3.981E+02 1.748E-03 1.595E-06 5.00E-04
3.758E+02 1.962E-03 2.009E-06 5.60E-04
3.548E+02 2.204E-03 2.529E-06 6.29E-04
3.350E+02 2.474E-03 3.185E-06 7.05E-04
3.162E+02 2.779E-03 4.011E-06 7.91E-04
2.985E+02 3.122E-03 5.051E-06 8.87E-04
2.818E+02 3.508E-03 6.360E-06 9.94E-04
2.661E+02 3.943E-03 8.010E-06 1.11E-03
2.512E+02 4.433E-03 1.009E-05 1.25E-03
2.371E+02 4.983E-03 1.270E-05 1.40E-03
2.239E+02 5.603E-03 1.600E-05 1.57E-03
2.113E+02 6.302E-03 2.015E-05 1.76E-03
1.995E+02 7.089E-03 2.539E-05 1.97E-03
1.884E+02 7.979E-03 3.198E-05 2.21E-03
1.778E+02 8.983E-03 4.030E-05 2.47E-03
1.679E+02 1.012E-02 5.077E-05 2.77E-03
1.585E+02 1.140E-02 6.398E-05 3.10E-03
1.496E+02 1.286E-02 8.062E-05 3.47E-03
1.413E+02 1.450E-02 1.016E-04 3.88E-03
1.334E+02 1.637E-02 1.281E-04 4.34E-03
1.259E+02 1.849E-02 1.615E-04 4.86E-03
1.189E+02 2.090E-02 2.035E-04 5.42E-03
1.122E+02 2.364E-02 2.567E-04 6.06E-03
1.059E+02 2.676E-02 3.238E-04 6.76E-03
1.000E+02 3.033E-02 4.084E-04 7.53E-03
9.441E+01 3.441E-02 5.152E-04 8.38E-03
8.913E+01 3.907E-02 6.502E-04 9.32E-03
8.414E+01 4.439E-02 8.208E-04 1.04E-02
7.943E+01 5.052E-02 1.036E-03 1.15E-02
7.499E+01 5.757E-02 1.308E-03 1.27E-02
7.079E+01 6.568E-02 1.652E-03 1.40E-02
6.683E+01 7.496E-02 2.086E-03 1.55E-02
6.310E+01 8.568E-02 2.634E-03 1.70E-02
5.957E+01 9.798E-02 3.328E-03 1.86E-02
5.623E+01 1.121E-01 4.202E-03 2.04E-02
5.309E+01 1.283E-01 5.308E-03 2.22E-02
5.012E+01 1.468E-01 6.702E-03 2.41E-02
4.732E+01 1.680E-01 8.460E-03 2.62E-02
4.467E+01 1.922E-01 1.068E-02 2.83E-02
4.217E+01 2.199E-01 1.348E-02 3.05E-02
3.981E+01 2.511E-01 1.697E-02 3.28E-02
3.758E+01 2.863E-01 2.137E-02 3.53E-02
3.548E+01 3.254E-01 2.698E-02 3.81E-02
3.350E+01 3.706E-01 3.408E-02 4.10E-02
3.162E+01 4.239E-01 4.300E-02 4.38E-02
2.985E+01 4.856E-01 5.414E-02 4.67E-02
2.818E+01 5.548E-01 6.782E-02 4.98E-02
2.661E+01 6.341E-01 8.482E-02 5.30E-02
2.512E+01 7.243E-01 1.059E-01 5.64E-02
2.371E+01 8.211E-01 1.302E-01 6.03E-02
2.239E+01 9.289E-01 1.592E-01 6.46E-02
2.113E+01 1.041E+00 1.899E-01 6.95E-02
1.995E+01 1.156E+00 2.208E-01 7.50E-02
1.884E+01 1.223E+00 2.331E-01 8.31E-02
1.778E+01 1.190E+00 2.271E-01 9.58E-02
1.679E+01 1.090E+00 2.232E-01 1.13E-01
1.585E+01 9.798E-01 2.430E-01 1.34E-01
1.496E+01 9.080E-01 3.083E-01 1.62E-01
1.413E+01 9.391E-01 4.589E-01 2.01E-01
1.334E+01 1.221E+00 6.832E-01 2.36E-01
1.259E+01 1.493E+00 8.527E-01 2.49E-01
1.189E+01 1.635E+00 9.384E-01 2.53E-01
1.122E+01 1.678E+00 9.519E-01 2.65E-01
1.059E+01 1.686E+00 9.197E-01 2.86E-01
1.000E+01 1.636E+00 7.868E-01 3.24E-01
9.441E+00 1.536E+00 6.388E-01 3.62E-01
8.913E+00 1.240E+00 3.702E-01 3.97E-01
8.414E+00 9.778E-01 2.139E-01 4.37E-01
7.943E+00 6.018E-01 1.207E-01 4.81E-01
7.499E+00 3.591E-01 3.015E-01 5.56E-01
7.079E+00 3.461E-01 6.380E-01 6.25E-01
6.683E+00 3.888E-01 1.007E+00 6.52E-01
6.310E+00 4.104E-01 1.380E+00 6.49E-01
5.957E+00 4.095E-01 1.707E+00 6.43E-01
5.623E+00 4.168E-01 1.992E+00 6.54E-01
5.309E+00 4.540E-01 2.311E+00 6.86E-01
5.012E+00 5.075E-01 2.721E+00 7.20E-01
4.732E+00 5.260E-01 3.059E+00 7.32E-01
4.467E+00 5.151E-01 3.163E+00 7.22E-01
4.217E+00 5.387E-01 3.191E+00 7.10E-01
3.981E+00 6.184E-01 3.390E+00 7.18E-01
3.758E+00 6.418E-01 3.550E+00 7.36E-01
3.548E+00 6.088E-01 3.320E+00 7.31E-01
3.350E+00 6.582E-01 3.058E+00 7.01E-01
3.162E+00 7.417E-01 3.078E+00 6.93E-01
2.985E+00 6.734E-01 2.758E+00 6.87E-01
2.818E+00 7.138E-01 2.267E+00 6.43E-01
2.661E+00 8.036E-01 2.123E+00 6.22E-01
2.512E+00 7.174E-01 1.769E+00 5.85E-01
2.371E+00 8.385E-01 1.440E+00 5.25E-01
2.239E+00 7.901E-01 1.388E+00 5.55E-01
2.113E+00 8.234E-01 1.205E+00 5.34E-01
1.995E+00 8.268E-01 1.359E+00 6.29E-01
1.884E+00 8.544E-01 1.414E+00 6.94E-01
1.778E+00 8.474E-01 1.711E+00 7.53E-01
1.679E+00 8.693E-01 1.803E+00 8.18E-01
1.585E+00 8.432E-01 1.972E+00 8.32E-01
1.496E+00 8.559E-01 1.965E+00 8.49E-01
1.413E+00 8.554E-01 1.809E+00 8.47E-01
1.334E+00 8.568E-01 1.612E+00 8.31E-01
1.259E+00 8.658E-01 1.433E+00 8.12E-01
1.189E+00 8.826E-01 1.329E+00 8.00E-01
1.122E+00 8.986E-01 1.345E+00 8.16E-01
1.059E+00 9.108E-01 1.465E+00 8.36E-01
1.000E+00 9.227E-01 1.579E+00 8.54E-01
9.441E-01 9.358E-01 1.574E+00 8.65E-01
8.913E-01 9.442E-01 1.442E+00 8.66E-01
8.414E-01 9.460E-01 1.295E+00 8.63E-01
7.943E-01 9.432E-01 1.262E+00 8.69E-01
7.499E-01 9.529E-01 1.347E+00 8.86E-01
7.079E-01 9.647E-01 1.418E+00 8.97E-01
6.683E-01 9.592E-01 1.338E+00 8.94E-01
6.310E-01 9.722E-01 1.233E+00 8.90E-01
5.957E-01 9.741E-01 1.255E+00 8.97E-01
5.623E-01 9.753E-01 1.320E+00 9.08E-01
5.309E-01 9.802E-01 1.257E+00 9.08E-01
5.012E-01 9.829E-01 1.206E+00 9.08E-01
4.732E-01 9.831E-01 1.261E+00 9.15E-01
4.467E-01 9.847E-01 1.227E+00 9.16E-01
4.217E-01 9.870E-01 1.197E+00 9.17E-01
3.981E-01 9.845E-01 1.232E+00 9.21E-01
3.758E-01 9.836E-01 1.185E+00 9.20E-01
3.548E-01 9.819E-01 1.214E+00 9.23E-01
3.350E-01 9.792E-01 1.181E+00 9.22E-01
3.162E-01 9.757E-01 1.202E+00 9.24E-01
2.985E-01 9.724E-01 1.184E+00 9.23E-01
2.818E-01 9.683E-01 1.181E+00 9.23E-01
2.661E-01 9.636E-01 1.189E+00 9.23E-01
2.512E-01 9.582E-01 1.190E+00 9.21E-01
2.371E-01 9.524E-01 1.189E+00 9.20E-01
2.239E-01 9.455E-01 1.187E+00 9.17E-01
2.113E-01 9.386E-01 1.189E+00 9.14E-01
1.995E-01 9.295E-01 1.193E+00 9.10E-01
1.884E-01 9.191E-01 1.199E+00 9.04E-01
1.778E-01 9.075E-01 1.206E+00 8.98E-01
1.679E-01 8.945E-01 1.215E+00 8.90E-01
1.585E-01 8.803E-01 1.226E+00 8.80E-01
1.496E-01 8.678E-01 1.236E+00 8.73E-01
1.413E-01 8.642E-01 1.237E+00 8.73E-01
1.334E-01 8.626E-01 1.235E+00 8.75E-01
1.259E-01 8.582E-01 1.236E+00 8.74E-01
1.189E-01 8.519E-01 1.240E+00 8.72E-01
1.122E-01 8.434E-01 1.245E+00 8.69E-01
1.059E-01 8.310E-01 1.255E+00 8.62E-01
1.000E-01 8.180E-01 1.265E+00 8.57E-01
9.441E-02 8.107E-01 1.269E+00 8.57E-01
8.913E-02 8.146E-01 1.260E+00 8.65E-01
8.414E-02 8.097E-01 1.262E+00 8.63E-01
7.943E-02 7.917E-01 1.277E+00 8.55E-01
7.499E-02 7.706E-01 1.295E+00 8.47E-01
7.079E-02 7.541E-01 1.307E+00 8.42E-01
6.683E-02 7.339E-01 1.323E+00 8.37E-01
6.310E-02 7.142E-01 1.338E+00 8.35E-01
5.957E-02 7.385E-01 1.307E+00 8.65E-01
5.623E-02 8.152E-01 1.226E+00 9.14E-01
5.309E-02 8.450E-01 1.193E+00 9.32E-01
5.012E-02 8.638E-01 1.172E+00 9.43E-01
4.732E-02 8.767E-01 1.157E+00 9.51E-01
4.467E-02 8.861E-01 1.146E+00 9.57E-01
4.217E-02 8.934E-01 1.137E+00 9.61E-01
3.981E-02 8.995E-01 1.129E+00 9.65E-01
3.758E-02 9.047E-01 1.122E+00 9.68E-01
3.548E-02 9.093E-01 1.116E+00 9.71E-01
3.350E-02 9.135E-01 1.110E+00 9.74E-01
3.162E-02 9.175E-01 1.105E+00 9.77E-01
2.985E-02 9.214E-01 1.100E+00 9.79E-01
2.818E-02 9.253E-01 1.094E+00 9.81E-01
2.661E-02 9.292E-01 1.089E+00 9.84E-01
2.512E-02 9.333E-01 1.084E+00 9.86E-01
2.371E-02 9.380E-01 1.078E+00 9.88E-01
2.239E-02 9.432E-01 1.071E+00 9.89E-01
2.113E-02 9.469E-01 1.067E+00 9.91E-01
1.995E-02 9.517E-01 1.061E+00 9.92E-01
1.884E-02 9.569E-01 1.055E+00 9.93E-01
1.778E-02 9.571E-01 1.054E+00 9.94E-01
1.679E-02 9.591E-01 1.051E+00 9.94E-01
1.585E-02 9.615E-01 1.048E+00 9.95E-01
1.496E-02 9.639E-01 1.044E+00 9.96E-01
1.413E-02 9.666E-01 1.041E+00 9.96E-01
1.334E-02 9.706E-01 1.036E+00 9.97E-01
1.259E-02 9.719E-01 1.034E+00 9.97E-01
1.189E-02 9.733E-01 1.027E+00 9.98E-01
1.122E-02 9.763E-01 1.024E+00 9.98E-01
1.059E-02 9.817E-01 1.018E+00 9.99E-01
1.000E-02 9.790E-01 1.021E+00 9.98E-01
9.441E-03 9.791E-01 1.021E+00 9.99E-01
8.913E-03 9.799E-01 1.020E+00 9.99E-01
8.414E-03 9.809E-01 1.019E+00 9.99E-01
7.943E-03 9.821E-01 1.018E+00 9.99E-01
7.499E-03 9.836E-01 1.016E+00 9.99E-01
7.079E-03 9.846E-01 1.015E+00 9.99E-01
6.683E-03 9.852E-01 1.015E+00 9.99E-01
6.310E-03 9.860E-01 1.014E+00 9.99E-01
5.957E-03 9.867E-01 1.013E+00 1.00E+00
5.623E-03 9.872E-01 1.013E+00 1.00E+00
5.309E-03 9.876E-01 1.012E+00 1.00E+00
5.012E-03 9.878E-01 1.012E+00 1.00E+00
4.732E-03 9.878E-01 1.012E+00 1.00E+00
4.467E-03 9.876E-01 1.012E+00 1.00E+00
4.217E-03 9.871E-01 1.013E+00 1.00E+00
3.981E-03 9.865E-01 1.013E+00 1.00E+00
3.758E-03 9.856E-01 1.014E+00 1.00E+00
3.548E-03 9.844E-01 1.016E+00 9.99E-01
3.350E-03 9.828E-01 1.017E+00 9.99E-01
3.162E-03 9.806E-01 1.019E+00 9.99E-01
2.985E-03 9.779E-01 1.022E+00 9.99E-01
2.818E-03 9.742E-01 1.026E+00 1.00E+00
2.661E-03 9.689E-01 1.031E+00 1.00E+00
2.512E-03 9.619E-01 1.038E+00 1.00E+00
2.371E-03 9.528E-01 1.047E+00 1.00E+00
2.239E-03 9.899E-01 1.010E+00 1.00E+00
2.113E-03 9.878E-01 1.012E+00 1.00E+00
1.995E-03 9.851E-01 1.015E+00 1.00E+00
1.884E-03 9.816E-01 1.018E+00 1.00E+00
1.778E-03 9.769E-01 1.023E+00 1.00E+00
1.679E-03 9.707E-01 1.029E+00 1.00E+00
1.585E-03 9.879E-01 1.012E+00 1.00E+00
1.496E-03 9.846E-01 1.015E+00 1.00E+00
1.413E-03 9.837E-01 1.016E+00 1.00E+00
1.334E-03 9.791E-01 1.021E+00 1.00E+00
1.259E-03 9.730E-01 1.027E+00 1.00E+00
1.189E-03 9.649E-01 1.035E+00 1.00E+00
1.122E-03 9.536E-01 1.046E+00 1.00E+00
1.059E-03 9.388E-01 1.060E+00 1.00E+00
