w(micron)  Q_abs     Q_sca     g=<cos>
1.000E+03 9.768E-07 6.342E-18 0.00E+00
9.441E+02 1.096E-06 7.984E-18 0.00E+00
8.913E+02 1.230E-06 1.005E-17 0.00E+00
8.414E+02 1.380E-06 1.265E-17 0.00E+00
7.943E+02 1.549E-06 1.593E-17 0.00E+00
7.499E+02 1.738E-06 2.006E-17 0.00E+00
7.079E+02 1.950E-06 2.525E-17 0.00E+00
6.683E+02 2.188E-06 3.179E-17 0.00E+00
6.310E+02 2.456E-06 4.002E-17 0.00E+00
5.957E+02 2.756E-06 5.039E-17 0.00E+00
5.623E+02 3.092E-06 6.343E-17 0.00E+00
5.309E+02 3.470E-06 7.986E-17 0.00E+00
5.012E+02 3.895E-06 1.006E-16 0.00E+00
4.732E+02 4.371E-06 1.266E-16 0.00E+00
4.467E+02 4.906E-06 1.594E-16 0.00E+00
4.217E+02 5.507E-06 2.007E-16 0.00E+00
3.981E+02 6.181E-06 2.526E-16 0.00E+00
3.758E+02 6.938E-06 3.181E-16 0.00E+00
3.548E+02 7.788E-06 4.004E-16 0.00E+00
3.350E+02 8.741E-06 5.042E-16 0.00E+00
3.162E+02 9.811E-06 6.348E-16 0.00E+00
2.985E+02 1.101E-05 7.993E-16 0.00E+00
2.818E+02 1.237E-05 1.006E-15 0.00E+00
2.661E+02 1.389E-05 1.267E-15 0.00E+00
2.512E+02 1.561E-05 1.595E-15 0.00E+00
2.371E+02 1.753E-05 2.009E-15 0.00E+00
2.239E+02 1.968E-05 2.529E-15 0.00E+00
2.113E+02 2.211E-05 3.185E-15 0.00E+00
1.995E+02 2.484E-05 4.010E-15 0.00E+00
1.884E+02 2.792E-05 5.050E-15 0.00E+00
1.778E+02 3.138E-05 6.360E-15 0.00E+00
1.679E+02 3.528E-05 8.009E-15 0.00E+00
1.585E+02 3.967E-05 1.009E-14 0.00E+00
1.496E+02 4.463E-05 1.270E-14 0.00E+00
1.413E+02 5.021E-05 1.600E-14 0.00E+00
1.334E+02 5.650E-05 2.015E-14 0.00E+00
1.259E+02 6.361E-05 2.538E-14 0.00E+00
1.189E+02 7.166E-05 3.196E-14 0.00E+00
1.122E+02 8.072E-05 4.026E-14 0.00E+00
1.059E+02 9.095E-05 5.072E-14 0.00E+00
1.000E+02 1.026E-04 6.387E-14 0.00E+00
9.441E+01 1.158E-04 8.046E-14 0.00E+00
8.913E+01 1.306E-04 1.013E-13 0.00E+00
8.414E+01 1.474E-04 1.277E-13 0.00E+00
7.943E+01 1.666E-04 1.608E-13 0.00E+00
7.499E+01 1.883E-04 2.025E-13 0.00E+00
7.079E+01 2.130E-04 2.550E-13 0.00E+00
6.683E+01 2.408E-04 3.212E-13 0.00E+00
6.310E+01 2.725E-04 4.042E-13 0.00E+00
5.957E+01 3.083E-04 5.086E-13 0.00E+00
5.623E+01 3.488E-04 6.397E-13 0.00E+00
5.309E+01 3.942E-04 8.044E-13 0.00E+00
5.012E+01 4.456E-04 1.011E-12 0.00E+00
4.732E+01 5.032E-04 1.269E-12 0.00E+00
4.467E+01 5.679E-04 1.593E-12 0.00E+00
4.217E+01 6.404E-04 1.998E-12 3.91E-07
3.981E+01 7.210E-04 2.500E-12 4.22E-07
3.758E+01 8.101E-04 3.127E-12 4.57E-07
3.548E+01 9.054E-04 3.920E-12 4.95E-07
3.350E+01 1.014E-03 4.914E-12 5.36E-07
3.162E+01 1.142E-03 6.157E-12 5.76E-07
2.985E+01 1.289E-03 7.703E-12 6.19E-07
2.818E+01 1.454E-03 9.604E-12 6.63E-07
2.661E+01 1.645E-03 1.198E-11 7.09E-07
2.512E+01 1.864E-03 1.495E-11 7.57E-07
2.371E+01 2.109E-03 1.848E-11 8.08E-07
2.239E+01 2.396E-03 2.285E-11 8.61E-07
2.113E+01 2.726E-03 2.788E-11 9.17E-07
1.995E+01 3.123E-03 3.364E-11 9.72E-07
1.884E+01 3.479E-03 3.765E-11 1.05E-06
1.778E+01 3.501E-03 3.863E-11 1.18E-06
1.679E+01 3.190E-03 3.891E-11 1.37E-06
1.585E+01 2.728E-03 4.212E-11 1.62E-06
1.496E+01 2.313E-03 5.210E-11 1.94E-06
1.413E+01 2.080E-03 7.481E-11 2.35E-06
1.334E+01 2.481E-03 1.157E-10 2.75E-06
1.259E+01 3.272E-03 1.673E-10 2.98E-06
1.189E+01 4.348E-03 2.315E-10 3.04E-06
1.122E+01 5.656E-03 3.078E-10 3.02E-06
1.059E+01 7.478E-03 4.084E-10 2.93E-06
1.000E+01 9.111E-03 4.594E-10 3.00E-06
9.441E+00 1.022E-02 4.684E-10 3.20E-06
8.913E+00 7.640E-03 2.522E-10 3.77E-06
8.414E+00 4.939E-03 1.237E-10 4.48E-06
7.943E+00 2.291E-03 5.485E-11 5.29E-06
7.499E+00 1.015E-03 1.165E-10 6.33E-06
7.079E+00 7.969E-04 2.394E-10 7.43E-06
6.683E+00 7.881E-04 3.826E-10 8.57E-06
6.310E+00 7.823E-04 5.548E-10 9.80E-06
5.957E+00 7.640E-04 7.701E-10 1.12E-05
5.623E+00 7.513E-04 1.045E-09 1.27E-05
5.309E+00 7.501E-04 1.394E-09 1.43E-05
5.012E+00 7.595E-04 1.840E-09 1.62E-05
4.732E+00 7.782E-04 2.404E-09 1.83E-05
4.467E+00 8.028E-04 3.120E-09 2.07E-05
4.217E+00 8.328E-04 4.022E-09 2.33E-05
3.981E+00 8.628E-04 5.162E-09 2.62E-05
3.758E+00 8.929E-04 6.604E-09 2.95E-05
3.548E+00 9.251E-04 8.426E-09 3.32E-05
3.350E+00 9.579E-04 1.072E-08 3.74E-05
3.162E+00 9.876E-04 1.362E-08 4.20E-05
2.985E+00 1.021E-03 1.728E-08 4.72E-05
2.818E+00 1.058E-03 2.190E-08 5.30E-05
2.661E+00 1.098E-03 2.775E-08 5.96E-05
2.512E+00 1.141E-03 3.510E-08 6.69E-05
2.371E+00 1.188E-03 4.437E-08 7.52E-05
2.239E+00 1.238E-03 5.606E-08 8.44E-05
2.113E+00 1.291E-03 7.074E-08 9.47E-05
1.995E+00 1.348E-03 8.926E-08 1.06E-04
1.884E+00 1.408E-03 1.126E-07 1.19E-04
1.778E+00 1.473E-03 1.419E-07 1.34E-04
1.679E+00 1.546E-03 1.789E-07 1.50E-04
1.585E+00 1.624E-03 2.255E-07 1.69E-04
1.496E+00 1.705E-03 2.841E-07 1.89E-04
1.413E+00 1.792E-03 3.578E-07 2.12E-04
1.334E+00 1.882E-03 4.506E-07 2.38E-04
1.259E+00 1.979E-03 5.674E-07 2.68E-04
1.189E+00 2.087E-03 7.144E-07 3.00E-04
1.122E+00 2.202E-03 8.994E-07 3.37E-04
1.059E+00 2.324E-03 1.132E-06 3.78E-04
1.000E+00 2.453E-03 1.426E-06 4.24E-04
9.441E-01 2.592E-03 1.794E-06 4.76E-04
8.913E-01 2.738E-03 2.259E-06 5.34E-04
8.414E-01 2.890E-03 2.845E-06 5.99E-04
7.943E-01 3.052E-03 3.584E-06 6.72E-04
7.499E-01 3.222E-03 4.515E-06 7.54E-04
7.079E-01 3.402E-03 5.689E-06 8.46E-04
6.683E-01 3.592E-03 7.170E-06 9.50E-04
6.310E-01 3.795E-03 9.040E-06 1.07E-03
5.957E-01 4.010E-03 1.140E-05 1.20E-03
5.623E-01 4.237E-03 1.439E-05 1.34E-03
5.309E-01 4.477E-03 1.818E-05 1.51E-03
5.012E-01 4.731E-03 2.297E-05 1.69E-03
4.732E-01 4.998E-03 2.905E-05 1.90E-03
4.467E-01 5.277E-03 3.679E-05 2.13E-03
4.217E-01 5.574E-03 4.662E-05 2.40E-03
3.981E-01 5.882E-03 5.914E-05 2.69E-03
3.758E-01 6.198E-03 7.513E-05 3.03E-03
3.548E-01 6.528E-03 9.562E-05 3.41E-03
3.350E-01 6.869E-03 1.219E-04 3.83E-03
3.162E-01 7.215E-03 1.559E-04 4.31E-03
2.985E-01 7.569E-03 1.999E-04 4.86E-03
2.818E-01 7.927E-03 2.571E-04 5.47E-03
2.661E-01 8.281E-03 3.321E-04 6.18E-03
2.512E-01 8.605E-03 4.316E-04 6.98E-03
2.371E-01 8.914E-03 5.645E-04 7.90E-03
2.239E-01 9.202E-03 7.472E-04 8.97E-03
2.113E-01 1.133E-02 1.006E-03 1.02E-02
1.995E-01 1.652E-02 1.365E-03 1.17E-02
1.884E-01 2.570E-02 1.868E-03 1.35E-02
1.778E-01 4.056E-02 2.582E-03 1.55E-02
1.679E-01 6.532E-02 3.610E-03 1.80E-02
1.585E-01 1.074E-01 5.083E-03 2.06E-02
1.496E-01 1.754E-01 7.011E-03 2.28E-02
1.413E-01 2.538E-01 8.937E-03 2.39E-02
1.334E-01 3.112E-01 1.116E-02 2.55E-02
1.259E-01 3.739E-01 1.427E-02 2.75E-02
1.189E-01 4.476E-01 1.855E-02 2.95E-02
1.122E-01 5.381E-01 2.453E-02 3.16E-02
1.059E-01 6.574E-01 3.335E-02 3.33E-02
1.000E-01 8.248E-01 4.464E-02 3.39E-02
9.441E-02 9.752E-01 5.606E-02 3.54E-02
8.913E-02 1.063E+00 6.208E-02 3.86E-02
8.414E-02 1.143E+00 7.848E-02 4.32E-02
7.943E-02 1.304E+00 1.031E-01 4.64E-02
7.499E-02 1.431E+00 1.279E-01 5.06E-02
7.079E-02 1.439E+00 1.434E-01 5.73E-02
6.683E-02 1.334E+00 1.495E-01 6.61E-02
6.310E-02 1.060E+00 1.320E-01 7.70E-02
5.957E-02 6.926E-01 8.243E-02 8.88E-02
5.623E-02 5.894E-01 5.449E-02 1.02E-01
5.309E-02 5.597E-01 4.927E-02 1.16E-01
5.012E-02 5.375E-01 4.715E-02 1.32E-01
4.732E-02 5.185E-01 4.654E-02 1.50E-01
4.467E-02 5.010E-01 4.661E-02 1.70E-01
4.217E-02 4.837E-01 4.696E-02 1.92E-01
3.981E-02 4.663E-01 4.734E-02 2.17E-01
3.758E-02 4.486E-01 4.758E-02 2.45E-01
3.548E-02 4.305E-01 4.761E-02 2.75E-01
3.350E-02 4.122E-01 4.736E-02 3.08E-01
3.162E-02 3.937E-01 4.677E-02 3.44E-01
2.985E-02 3.748E-01 4.580E-02 3.82E-01
2.818E-02 3.558E-01 4.448E-02 4.23E-01
2.661E-02 3.371E-01 4.282E-02 4.66E-01
2.512E-02 3.181E-01 4.069E-02 5.11E-01
2.371E-02 2.995E-01 3.801E-02 5.56E-01
2.239E-02 2.910E-01 3.624E-02 6.01E-01
2.113E-02 2.775E-01 3.448E-02 6.44E-01
1.995E-02 2.646E-01 3.186E-02 6.83E-01
1.884E-02 2.734E-01 3.182E-02 7.19E-01
1.778E-02 2.587E-01 3.190E-02 7.46E-01
1.679E-02 2.454E-01 3.082E-02 7.69E-01
1.585E-02 2.330E-01 2.948E-02 7.87E-01
1.496E-02 2.208E-01 2.805E-02 8.01E-01
1.413E-02 2.087E-01 2.629E-02 8.13E-01
1.334E-02 2.061E-01 2.452E-02 8.26E-01
1.259E-02 2.015E-01 2.443E-02 8.41E-01
1.189E-02 1.888E-01 2.354E-02 8.57E-01
1.122E-02 1.762E-01 2.074E-02 8.73E-01
1.059E-02 2.103E-01 2.011E-02 8.86E-01
1.000E-02 1.961E-01 2.324E-02 8.96E-01
9.441E-03 1.822E-01 2.310E-02 9.03E-01
8.913E-03 1.687E-01 2.217E-02 9.10E-01
8.414E-03 1.555E-01 2.091E-02 9.18E-01
7.943E-03 1.430E-01 1.943E-02 9.27E-01
7.499E-03 1.311E-01 1.747E-02 9.34E-01
7.079E-03 1.303E-01 1.742E-02 9.39E-01
6.683E-03 1.190E-01 1.647E-02 9.44E-01
6.310E-03 1.085E-01 1.534E-02 9.50E-01
5.957E-03 9.877E-02 1.419E-02 9.55E-01
5.623E-03 8.946E-02 1.304E-02 9.58E-01
5.309E-03 8.093E-02 1.192E-02 9.62E-01
5.012E-03 7.312E-02 1.086E-02 9.66E-01
4.732E-03 6.590E-02 9.861E-03 9.69E-01
4.467E-03 5.924E-02 8.926E-03 9.71E-01
4.217E-03 5.315E-02 8.045E-03 9.74E-01
3.981E-03 4.756E-02 7.234E-03 9.76E-01
3.758E-03 4.246E-02 6.477E-03 9.79E-01
3.548E-03 3.780E-02 5.772E-03 9.81E-01
3.350E-03 3.357E-02 5.122E-03 9.82E-01
3.162E-03 2.976E-02 4.520E-03 9.84E-01
2.985E-03 2.637E-02 3.981E-03 9.86E-01
2.818E-03 2.320E-02 3.446E-03 9.87E-01
2.661E-03 2.027E-02 2.937E-03 9.88E-01
2.512E-03 1.777E-02 2.389E-03 9.89E-01
2.371E-03 1.556E-02 1.409E-03 9.90E-01
2.239E-03 3.649E-02 2.012E-03 9.91E-01
2.113E-03 3.263E-02 2.058E-03 9.92E-01
1.995E-03 2.896E-02 1.967E-03 9.93E-01
1.884E-03 2.556E-02 1.765E-03 9.93E-01
1.778E-03 2.245E-02 1.508E-03 9.94E-01
1.679E-03 1.964E-02 9.329E-04 9.95E-01
1.585E-03 3.126E-02 1.456E-03 9.95E-01
1.496E-03 2.739E-02 1.358E-03 9.96E-01
1.413E-03 2.660E-02 1.386E-03 9.96E-01
1.334E-03 2.334E-02 1.309E-03 9.96E-01
1.259E-03 2.042E-02 1.204E-03 9.97E-01
1.189E-03 1.782E-02 1.098E-03 9.97E-01
1.122E-03 1.542E-02 9.912E-04 9.97E-01
1.059E-03 1.333E-02 8.866E-04 9.98E-01
