w(micron)  Q_abs     Q_sca     g=<cos>
1.000E+03 1.548E-07 4.002E-21 0.00E+00
9.441E+02 1.737E-07 5.038E-21 0.00E+00
8.913E+02 1.949E-07 6.342E-21 0.00E+00
8.414E+02 2.188E-07 7.984E-21 0.00E+00
7.943E+02 2.455E-07 1.005E-20 0.00E+00
7.499E+02 2.755E-07 1.265E-20 0.00E+00
7.079E+02 3.091E-07 1.593E-20 0.00E+00
6.683E+02 3.469E-07 2.006E-20 0.00E+00
6.310E+02 3.892E-07 2.525E-20 0.00E+00
5.957E+02 4.368E-07 3.179E-20 0.00E+00
5.623E+02 4.901E-07 4.002E-20 0.00E+00
5.309E+02 5.500E-07 5.039E-20 0.00E+00
5.012E+02 6.172E-07 6.344E-20 0.00E+00
4.732E+02 6.928E-07 7.988E-20 0.00E+00
4.467E+02 7.775E-07 1.006E-19 0.00E+00
4.217E+02 8.728E-07 1.266E-19 0.00E+00
3.981E+02 9.796E-07 1.594E-19 0.00E+00
3.758E+02 1.100E-06 2.007E-19 0.00E+00
3.548E+02 1.234E-06 2.527E-19 0.00E+00
3.350E+02 1.385E-06 3.181E-19 0.00E+00
3.162E+02 1.555E-06 4.005E-19 0.00E+00
2.985E+02 1.746E-06 5.043E-19 0.00E+00
2.818E+02 1.961E-06 6.350E-19 0.00E+00
2.661E+02 2.202E-06 7.995E-19 0.00E+00
2.512E+02 2.473E-06 1.007E-18 0.00E+00
2.371E+02 2.778E-06 1.267E-18 0.00E+00
2.239E+02 3.120E-06 1.596E-18 0.00E+00
2.113E+02 3.505E-06 2.009E-18 0.00E+00
1.995E+02 3.937E-06 2.530E-18 0.00E+00
1.884E+02 4.425E-06 3.186E-18 0.00E+00
1.778E+02 4.973E-06 4.013E-18 0.00E+00
1.679E+02 5.592E-06 5.053E-18 0.00E+00
1.585E+02 6.288E-06 6.364E-18 0.00E+00
1.496E+02 7.073E-06 8.014E-18 0.00E+00
1.413E+02 7.957E-06 1.009E-17 0.00E+00
1.334E+02 8.955E-06 1.271E-17 0.00E+00
1.259E+02 1.008E-05 1.601E-17 0.00E+00
1.189E+02 1.136E-05 2.016E-17 0.00E+00
1.122E+02 1.279E-05 2.540E-17 0.00E+00
1.059E+02 1.441E-05 3.200E-17 0.00E+00
1.000E+02 1.626E-05 4.030E-17 0.00E+00
9.441E+01 1.835E-05 5.077E-17 0.00E+00
8.913E+01 2.070E-05 6.395E-17 0.00E+00
8.414E+01 2.337E-05 8.056E-17 0.00E+00
7.943E+01 2.640E-05 1.015E-16 0.00E+00
7.499E+01 2.985E-05 1.278E-16 0.00E+00
7.079E+01 3.376E-05 1.609E-16 0.00E+00
6.683E+01 3.817E-05 2.026E-16 0.00E+00
6.310E+01 4.319E-05 2.550E-16 0.00E+00
5.957E+01 4.886E-05 3.209E-16 0.00E+00
5.623E+01 5.529E-05 4.036E-16 0.00E+00
5.309E+01 6.248E-05 5.075E-16 0.00E+00
5.012E+01 7.062E-05 6.377E-16 0.00E+00
4.732E+01 7.976E-05 8.007E-16 0.00E+00
4.467E+01 9.001E-05 1.005E-15 0.00E+00
4.217E+01 1.015E-04 1.260E-15 0.00E+00
3.981E+01 1.143E-04 1.577E-15 0.00E+00
3.758E+01 1.284E-04 1.973E-15 0.00E+00
3.548E+01 1.435E-04 2.473E-15 0.00E+00
3.350E+01 1.607E-04 3.100E-15 0.00E+00
3.162E+01 1.809E-04 3.885E-15 0.00E+00
2.985E+01 2.042E-04 4.861E-15 0.00E+00
2.818E+01 2.305E-04 6.060E-15 0.00E+00
2.661E+01 2.607E-04 7.556E-15 0.00E+00
2.512E+01 2.954E-04 9.431E-15 0.00E+00
2.371E+01 3.343E-04 1.166E-14 0.00E+00
2.239E+01 3.797E-04 1.442E-14 0.00E+00
2.113E+01 4.321E-04 1.759E-14 0.00E+00
1.995E+01 4.950E-04 2.123E-14 0.00E+00
1.884E+01 5.514E-04 2.375E-14 0.00E+00
1.778E+01 5.548E-04 2.438E-14 0.00E+00
1.679E+01 5.056E-04 2.455E-14 0.00E+00
1.585E+01 4.324E-04 2.658E-14 0.00E+00
1.496E+01 3.665E-04 3.287E-14 0.00E+00
1.413E+01 3.296E-04 4.720E-14 0.00E+00
1.334E+01 3.932E-04 7.303E-14 0.00E+00
1.259E+01 5.185E-04 1.056E-13 0.00E+00
1.189E+01 6.892E-04 1.461E-13 0.00E+00
1.122E+01 8.965E-04 1.942E-13 0.00E+00
1.059E+01 1.185E-03 2.577E-13 0.00E+00
1.000E+01 1.444E-03 2.898E-13 0.00E+00
9.441E+00 1.621E-03 2.955E-13 0.00E+00
8.913E+00 1.211E-03 1.592E-13 0.00E+00
8.414E+00 7.827E-04 7.802E-14 0.00E+00
7.943E+00 3.631E-04 3.461E-14 0.00E+00
7.499E+00 1.608E-04 7.351E-14 0.00E+00
7.079E+00 1.263E-04 1.510E-13 0.00E+00
6.683E+00 1.177E-04 3.005E-13 3.34E-07
6.310E+00 1.170E-04 4.463E-13 3.75E-07
5.957E+00 1.144E-04 6.310E-13 4.20E-07
5.623E+00 1.126E-04 8.688E-13 4.71E-07
5.309E+00 1.126E-04 1.174E-12 5.29E-07
5.012E+00 1.141E-04 1.566E-12 5.94E-07
4.732E+00 1.171E-04 2.064E-12 6.66E-07
4.467E+00 1.209E-04 2.697E-12 7.47E-07
4.217E+00 1.320E-04 2.538E-12 5.85E-07
3.981E+00 1.367E-04 3.257E-12 6.59E-07
3.758E+00 1.415E-04 4.167E-12 7.42E-07
3.548E+00 1.466E-04 5.317E-12 8.35E-07
3.350E+00 1.518E-04 6.765E-12 9.38E-07
3.162E+00 1.565E-04 8.590E-12 1.06E-06
2.985E+00 1.618E-04 1.090E-11 1.19E-06
2.818E+00 1.677E-04 1.382E-11 1.33E-06
2.661E+00 1.739E-04 1.751E-11 1.50E-06
2.512E+00 1.807E-04 2.215E-11 1.68E-06
2.371E+00 1.882E-04 2.799E-11 1.89E-06
2.239E+00 1.961E-04 3.537E-11 2.12E-06
2.113E+00 2.045E-04 4.463E-11 2.38E-06
1.995E+00 2.135E-04 5.631E-11 2.67E-06
1.884E+00 2.231E-04 7.103E-11 3.00E-06
1.778E+00 2.334E-04 8.955E-11 3.37E-06
1.679E+00 2.449E-04 1.129E-10 3.78E-06
1.585E+00 2.572E-04 1.422E-10 4.24E-06
1.496E+00 2.701E-04 1.792E-10 4.76E-06
1.413E+00 2.837E-04 2.257E-10 5.34E-06
1.334E+00 2.981E-04 2.842E-10 5.99E-06
1.259E+00 3.133E-04 3.579E-10 6.72E-06
1.189E+00 3.304E-04 4.506E-10 7.54E-06
1.122E+00 3.486E-04 5.673E-10 8.46E-06
1.059E+00 3.679E-04 7.142E-10 9.49E-06
1.000E+00 3.883E-04 8.991E-10 1.07E-05
9.441E-01 4.101E-04 1.132E-09 1.20E-05
8.913E-01 4.331E-04 1.425E-09 1.34E-05
8.414E-01 4.572E-04 1.794E-09 1.50E-05
7.943E-01 4.826E-04 2.260E-09 1.69E-05
7.499E-01 5.094E-04 2.847E-09 1.89E-05
7.079E-01 5.377E-04 3.587E-09 2.13E-05
6.683E-01 5.676E-04 4.520E-09 2.39E-05
6.310E-01 5.994E-04 5.699E-09 2.68E-05
5.957E-01 6.330E-04 7.188E-09 3.01E-05
5.623E-01 6.686E-04 9.071E-09 3.37E-05
5.309E-01 7.061E-04 1.145E-08 3.79E-05
5.012E-01 7.456E-04 1.447E-08 4.25E-05
4.732E-01 7.871E-04 1.830E-08 4.78E-05
4.467E-01 8.304E-04 2.317E-08 5.37E-05
4.217E-01 8.764E-04 2.935E-08 6.03E-05
3.981E-01 9.239E-04 3.722E-08 6.78E-05
3.758E-01 9.723E-04 4.728E-08 7.62E-05
3.548E-01 1.023E-03 6.015E-08 8.57E-05
3.350E-01 1.075E-03 7.666E-08 9.64E-05
3.162E-01 1.127E-03 9.799E-08 1.09E-04
2.985E-01 1.180E-03 1.255E-07 1.22E-04
2.818E-01 1.233E-03 1.613E-07 1.38E-04
2.661E-01 1.285E-03 2.082E-07 1.56E-04
2.512E-01 1.331E-03 2.703E-07 1.76E-04
2.371E-01 1.374E-03 3.531E-07 1.99E-04
2.239E-01 1.412E-03 4.666E-07 2.26E-04
2.113E-01 1.728E-03 6.269E-07 2.58E-04
1.995E-01 2.505E-03 8.484E-07 2.96E-04
1.884E-01 3.865E-03 1.157E-06 3.40E-04
1.778E-01 6.041E-03 1.594E-06 3.92E-04
1.679E-01 9.617E-03 2.217E-06 4.54E-04
1.585E-01 1.560E-02 3.106E-06 5.21E-04
1.496E-01 2.520E-02 4.267E-06 5.76E-04
1.413E-01 3.636E-02 5.440E-06 6.05E-04
1.334E-01 4.442E-02 6.795E-06 6.48E-04
1.259E-01 5.308E-02 8.690E-06 6.99E-04
1.189E-01 6.319E-02 1.130E-05 7.52E-04
1.122E-01 7.563E-02 1.497E-05 8.05E-04
1.059E-01 9.223E-02 2.043E-05 8.48E-04
1.000E-01 1.174E-01 2.783E-05 8.58E-04
9.441E-02 1.424E-01 3.597E-05 8.85E-04
8.913E-02 1.614E-01 4.163E-05 9.48E-04
8.414E-02 1.750E-01 5.372E-05 1.05E-03
7.943E-02 2.095E-01 7.482E-05 1.10E-03
7.499E-02 2.504E-01 1.023E-04 1.16E-03
7.079E-02 2.768E-01 1.281E-04 1.26E-03
6.683E-02 2.825E-01 1.502E-04 1.41E-03
6.310E-02 2.381E-01 1.442E-04 1.63E-03
5.957E-02 1.484E-01 8.778E-05 1.93E-03
5.623E-02 1.187E-01 5.592E-05 2.27E-03
5.309E-02 1.112E-01 5.141E-05 2.59E-03
5.012E-02 1.063E-01 5.063E-05 2.95E-03
4.732E-02 1.025E-01 5.186E-05 3.34E-03
4.467E-02 9.921E-02 5.425E-05 3.77E-03
4.217E-02 9.608E-02 5.739E-05 4.25E-03
3.981E-02 9.292E-02 6.101E-05 4.79E-03
3.758E-02 8.960E-02 6.491E-05 5.40E-03
3.548E-02 8.611E-02 6.898E-05 6.08E-03
3.350E-02 8.244E-02 7.312E-05 6.84E-03
3.162E-02 7.860E-02 7.714E-05 7.70E-03
2.985E-02 7.457E-02 8.089E-05 8.66E-03
2.818E-02 7.043E-02 8.430E-05 9.75E-03
2.661E-02 6.628E-02 8.725E-05 1.10E-02
2.512E-02 6.202E-02 8.928E-05 1.23E-02
2.371E-02 5.781E-02 8.988E-05 1.39E-02
2.239E-02 5.582E-02 9.303E-05 1.56E-02
2.113E-02 5.284E-02 9.599E-05 1.76E-02
1.995E-02 4.994E-02 9.607E-05 1.98E-02
1.884E-02 5.172E-02 1.053E-04 2.23E-02
1.778E-02 4.875E-02 1.145E-04 2.50E-02
1.679E-02 4.597E-02 1.195E-04 2.82E-02
1.585E-02 4.335E-02 1.234E-04 3.17E-02
1.496E-02 4.082E-02 1.265E-04 3.56E-02
1.413E-02 3.829E-02 1.276E-04 4.01E-02
1.334E-02 3.764E-02 1.288E-04 4.51E-02
1.259E-02 3.669E-02 1.392E-04 5.07E-02
1.189E-02 3.411E-02 1.448E-04 5.71E-02
1.122E-02 3.150E-02 1.374E-04 6.42E-02
1.059E-02 3.805E-02 1.476E-04 7.24E-02
1.000E-02 3.540E-02 1.842E-04 8.13E-02
9.441E-03 3.264E-02 1.966E-04 9.15E-02
8.913E-03 2.995E-02 2.019E-04 1.03E-01
8.414E-03 2.737E-02 2.036E-04 1.16E-01
7.943E-03 2.493E-02 2.020E-04 1.31E-01
7.499E-03 2.266E-02 1.933E-04 1.47E-01
7.079E-03 2.248E-02 2.061E-04 1.65E-01
6.683E-03 2.039E-02 2.061E-04 1.86E-01
6.310E-03 1.845E-02 2.025E-04 2.09E-01
5.957E-03 1.668E-02 1.969E-04 2.36E-01
5.623E-03 1.501E-02 1.894E-04 2.65E-01
5.309E-03 1.350E-02 1.804E-04 2.97E-01
5.012E-03 1.214E-02 1.706E-04 3.33E-01
4.732E-03 1.089E-02 1.600E-04 3.72E-01
4.467E-03 9.743E-03 1.489E-04 4.14E-01
4.217E-03 8.706E-03 1.375E-04 4.59E-01
3.981E-03 7.763E-03 1.261E-04 5.06E-01
3.758E-03 6.907E-03 1.149E-04 5.54E-01
3.548E-03 6.131E-03 1.039E-04 6.01E-01
3.350E-03 5.429E-03 9.359E-05 6.46E-01
3.162E-03 4.801E-03 8.387E-05 6.86E-01
2.985E-03 4.246E-03 7.511E-05 7.20E-01
2.818E-03 3.726E-03 6.626E-05 7.47E-01
2.661E-03 3.250E-03 5.768E-05 7.67E-01
2.512E-03 2.844E-03 4.797E-05 7.82E-01
2.371E-03 2.487E-03 2.892E-05 7.94E-01
2.239E-03 5.893E-03 4.264E-05 8.07E-01
2.113E-03 5.260E-03 4.431E-05 8.21E-01
1.995E-03 4.659E-03 4.289E-05 8.38E-01
1.884E-03 4.105E-03 3.886E-05 8.56E-01
1.778E-03 3.600E-03 3.349E-05 8.72E-01
1.679E-03 3.143E-03 2.092E-05 8.85E-01
1.585E-03 5.032E-03 3.322E-05 8.94E-01
1.496E-03 4.400E-03 3.126E-05 9.01E-01
1.413E-03 4.273E-03 3.222E-05 9.08E-01
1.334E-03 3.743E-03 3.061E-05 9.17E-01
1.259E-03 3.269E-03 2.830E-05 9.27E-01
1.189E-03 2.849E-03 2.595E-05 9.34E-01
1.122E-03 2.463E-03 2.355E-05 9.38E-01
1.059E-03 2.126E-03 2.117E-05 9.43E-01
