w(micron)  Q_abs     Q_sca     g=<cos>
1.000E+03 8.707E-05 4.002E-10 7.94E-06
9.441E+02 9.770E-05 5.038E-10 8.90E-06
8.913E+02 1.096E-04 6.342E-10 9.99E-06
8.414E+02 1.230E-04 7.985E-10 1.12E-05
7.943E+02 1.380E-04 1.005E-09 1.26E-05
7.499E+02 1.549E-04 1.265E-09 1.41E-05
7.079E+02 1.738E-04 1.593E-09 1.58E-05
6.683E+02 1.951E-04 2.006E-09 1.78E-05
6.310E+02 2.189E-04 2.525E-09 1.99E-05
5.957E+02 2.456E-04 3.179E-09 2.23E-05
5.623E+02 2.757E-04 4.003E-09 2.51E-05
5.309E+02 3.093E-04 5.039E-09 2.81E-05
5.012E+02 3.472E-04 6.345E-09 3.16E-05
4.732E+02 3.897E-04 7.988E-09 3.54E-05
4.467E+02 4.374E-04 1.006E-08 3.97E-05
4.217E+02 4.909E-04 1.266E-08 4.45E-05
3.981E+02 5.511E-04 1.594E-08 5.00E-05
3.758E+02 6.186E-04 2.007E-08 5.60E-05
3.548E+02 6.944E-04 2.527E-08 6.28E-05
3.350E+02 7.794E-04 3.182E-08 7.05E-05
3.162E+02 8.748E-04 4.006E-08 7.90E-05
2.985E+02 9.822E-04 5.044E-08 8.86E-05
2.818E+02 1.103E-03 6.351E-08 9.94E-05
2.661E+02 1.239E-03 7.996E-08 1.11E-04
2.512E+02 1.392E-03 1.007E-07 1.25E-04
2.371E+02 1.563E-03 1.268E-07 1.40E-04
2.239E+02 1.756E-03 1.596E-07 1.57E-04
2.113E+02 1.973E-03 2.010E-07 1.76E-04
1.995E+02 2.217E-03 2.531E-07 1.97E-04
1.884E+02 2.492E-03 3.188E-07 2.21E-04
1.778E+02 2.801E-03 4.014E-07 2.47E-04
1.679E+02 3.150E-03 5.056E-07 2.77E-04
1.585E+02 3.543E-03 6.367E-07 3.10E-04
1.496E+02 3.986E-03 8.019E-07 3.47E-04
1.413E+02 4.486E-03 1.010E-06 3.88E-04
1.334E+02 5.049E-03 1.272E-06 4.33E-04
1.259E+02 5.686E-03 1.603E-06 4.84E-04
1.189E+02 6.409E-03 2.018E-06 5.41E-04
1.122E+02 7.222E-03 2.543E-06 6.04E-04
1.059E+02 8.141E-03 3.204E-06 6.74E-04
1.000E+02 9.189E-03 4.035E-06 7.50E-04
9.441E+01 1.037E-02 5.084E-06 8.35E-04
8.913E+01 1.171E-02 6.405E-06 9.29E-04
8.414E+01 1.323E-02 8.071E-06 1.03E-03
7.943E+01 1.496E-02 1.017E-05 1.14E-03
7.499E+01 1.692E-02 1.281E-05 1.27E-03
7.079E+01 1.916E-02 1.613E-05 1.40E-03
6.683E+01 2.168E-02 2.032E-05 1.54E-03
6.310E+01 2.456E-02 2.559E-05 1.70E-03
5.957E+01 2.782E-02 3.221E-05 1.86E-03
5.623E+01 3.151E-02 4.053E-05 2.04E-03
5.309E+01 3.566E-02 5.099E-05 2.23E-03
5.012E+01 4.035E-02 6.409E-05 2.43E-03
4.732E+01 4.564E-02 8.053E-05 2.64E-03
4.467E+01 5.159E-02 1.011E-04 2.86E-03
4.217E+01 5.827E-02 1.269E-04 3.10E-03
3.981E+01 6.570E-02 1.590E-04 3.35E-03
3.758E+01 7.395E-02 1.990E-04 3.61E-03
3.548E+01 8.283E-02 2.497E-04 3.92E-03
3.350E+01 9.294E-02 3.134E-04 4.23E-03
3.162E+01 1.049E-01 3.931E-04 4.55E-03
2.985E+01 1.187E-01 4.924E-04 4.88E-03
2.818E+01 1.342E-01 6.146E-04 5.22E-03
2.661E+01 1.521E-01 7.673E-04 5.58E-03
2.512E+01 1.728E-01 9.590E-04 5.95E-03
2.371E+01 1.959E-01 1.187E-03 6.35E-03
2.239E+01 2.230E-01 1.470E-03 6.76E-03
2.113E+01 2.541E-01 1.794E-03 7.19E-03
1.995E+01 2.911E-01 2.164E-03 7.63E-03
1.884E+01 3.236E-01 2.416E-03 8.23E-03
1.778E+01 3.249E-01 2.471E-03 9.29E-03
1.679E+01 2.964E-01 2.485E-03 1.08E-02
1.585E+01 2.550E-01 2.693E-03 1.28E-02
1.496E+01 2.185E-01 3.346E-03 1.53E-02
1.413E+01 2.001E-01 4.847E-03 1.85E-02
1.334E+01 2.439E-01 7.572E-03 2.16E-02
1.259E+01 3.262E-01 1.101E-02 2.33E-02
1.189E+01 4.357E-01 1.527E-02 2.37E-02
1.122E+01 5.642E-01 2.021E-02 2.35E-02
1.059E+01 7.336E-01 2.644E-02 2.29E-02
1.000E+01 8.611E-01 2.869E-02 2.39E-02
9.441E+00 9.179E-01 2.772E-02 2.60E-02
8.913E+00 6.648E-01 1.436E-02 3.08E-02
8.414E+00 4.364E-01 7.070E-03 3.63E-02
7.943E+00 2.092E-01 3.200E-03 4.25E-02
7.499E+00 9.745E-02 7.028E-03 5.02E-02
7.079E+00 7.966E-02 1.475E-02 5.86E-02
6.683E+00 8.131E-02 2.384E-02 6.74E-02
6.310E+00 8.314E-02 3.485E-02 7.69E-02
5.957E+00 8.368E-02 4.867E-02 8.74E-02
5.623E+00 8.489E-02 6.632E-02 9.92E-02
5.309E+00 8.755E-02 8.874E-02 1.13E-01
5.012E+00 9.170E-02 1.172E-01 1.28E-01
4.732E+00 9.727E-02 1.526E-01 1.45E-01
4.467E+00 1.040E-01 1.966E-01 1.64E-01
4.217E+00 1.119E-01 2.502E-01 1.87E-01
3.981E+00 1.204E-01 3.148E-01 2.13E-01
3.758E+00 1.296E-01 3.918E-01 2.44E-01
3.548E+00 1.401E-01 4.819E-01 2.81E-01
3.350E+00 1.520E-01 5.855E-01 3.24E-01
3.162E+00 1.655E-01 7.044E-01 3.74E-01
2.985E+00 1.827E-01 8.435E-01 4.32E-01
2.818E+00 2.050E-01 1.012E+00 4.93E-01
2.661E+00 2.327E-01 1.227E+00 5.50E-01
2.512E+00 2.633E-01 1.502E+00 5.89E-01
2.371E+00 2.887E-01 1.821E+00 6.04E-01
2.239E+00 2.989E-01 2.120E+00 5.97E-01
2.113E+00 2.946E-01 2.324E+00 5.85E-01
1.995E+00 2.905E-01 2.445E+00 5.84E-01
1.884E+00 3.029E-01 2.565E+00 6.01E-01
1.778E+00 3.426E-01 2.782E+00 6.37E-01
1.679E+00 4.017E-01 3.155E+00 6.80E-01
1.585E+00 4.326E-01 3.516E+00 7.05E-01
1.496E+00 4.166E-01 3.589E+00 7.02E-01
1.413E+00 4.071E-01 3.482E+00 6.85E-01
1.334E+00 4.511E-01 3.489E+00 6.75E-01
1.259E+00 5.335E-01 3.767E+00 6.94E-01
1.189E+00 5.226E-01 3.770E+00 7.15E-01
1.122E+00 5.003E-01 3.391E+00 7.03E-01
1.059E+00 5.735E-01 3.139E+00 6.63E-01
1.000E+00 6.398E-01 3.182E+00 6.65E-01
9.441E-01 5.750E-01 2.753E+00 6.60E-01
8.913E-01 6.425E-01 2.255E+00 6.05E-01
8.414E-01 7.130E-01 2.146E+00 5.91E-01
7.943E-01 6.398E-01 1.758E+00 5.52E-01
7.499E-01 7.830E-01 1.463E+00 4.93E-01
7.079E-01 7.201E-01 1.420E+00 5.31E-01
6.683E-01 7.774E-01 1.236E+00 5.12E-01
6.310E-01 7.711E-01 1.422E+00 6.20E-01
5.957E-01 8.187E-01 1.476E+00 6.87E-01
5.623E-01 8.055E-01 1.798E+00 7.51E-01
5.309E-01 8.231E-01 1.880E+00 8.17E-01
5.012E-01 8.042E-01 2.027E+00 8.31E-01
4.732E-01 8.304E-01 2.014E+00 8.39E-01
4.467E-01 8.170E-01 1.803E+00 8.38E-01
4.217E-01 8.331E-01 1.558E+00 8.13E-01
3.981E-01 8.311E-01 1.376E+00 7.93E-01
3.758E-01 8.411E-01 1.347E+00 7.85E-01
3.548E-01 8.603E-01 1.469E+00 8.13E-01
3.350E-01 8.763E-01 1.633E+00 8.42E-01
3.162E-01 8.844E-01 1.659E+00 8.53E-01
2.985E-01 8.888E-01 1.477E+00 8.46E-01
2.818E-01 9.011E-01 1.284E+00 8.38E-01
2.661E-01 9.162E-01 1.358E+00 8.57E-01
2.512E-01 9.105E-01 1.511E+00 8.72E-01
2.371E-01 9.251E-01 1.347E+00 8.62E-01
2.239E-01 9.245E-01 1.311E+00 8.60E-01
2.113E-01 9.689E-01 1.337E+00 8.85E-01
1.995E-01 1.013E+00 1.237E+00 8.93E-01
1.884E-01 1.022E+00 1.222E+00 8.97E-01
1.778E-01 1.008E+00 1.232E+00 8.92E-01
1.679E-01 9.895E-01 1.241E+00 8.85E-01
1.585E-01 9.704E-01 1.252E+00 8.77E-01
1.496E-01 9.542E-01 1.263E+00 8.70E-01
1.413E-01 9.478E-01 1.264E+00 8.70E-01
1.334E-01 9.431E-01 1.262E+00 8.72E-01
1.259E-01 9.355E-01 1.263E+00 8.72E-01
1.189E-01 9.260E-01 1.267E+00 8.70E-01
1.122E-01 9.144E-01 1.273E+00 8.67E-01
1.059E-01 8.990E-01 1.284E+00 8.62E-01
1.000E-01 8.826E-01 1.295E+00 8.57E-01
9.441E-02 8.711E-01 1.298E+00 8.57E-01
8.913E-02 8.701E-01 1.288E+00 8.65E-01
8.414E-02 8.624E-01 1.290E+00 8.63E-01
7.943E-02 8.402E-01 1.306E+00 8.55E-01
7.499E-02 8.136E-01 1.325E+00 8.48E-01
7.079E-02 7.911E-01 1.337E+00 8.44E-01
6.683E-02 7.644E-01 1.353E+00 8.38E-01
6.310E-02 7.372E-01 1.367E+00 8.37E-01
5.957E-02 7.542E-01 1.332E+00 8.66E-01
5.623E-02 8.304E-01 1.243E+00 9.14E-01
5.309E-02 8.598E-01 1.207E+00 9.31E-01
5.012E-02 8.781E-01 1.184E+00 9.42E-01
4.732E-02 8.902E-01 1.167E+00 9.50E-01
4.467E-02 8.988E-01 1.154E+00 9.56E-01
4.217E-02 9.051E-01 1.144E+00 9.60E-01
3.981E-02 9.101E-01 1.136E+00 9.64E-01
3.758E-02 9.142E-01 1.128E+00 9.68E-01
3.548E-02 9.178E-01 1.121E+00 9.71E-01
3.350E-02 9.209E-01 1.115E+00 9.74E-01
3.162E-02 9.239E-01 1.108E+00 9.76E-01
2.985E-02 9.267E-01 1.103E+00 9.79E-01
2.818E-02 9.296E-01 1.097E+00 9.81E-01
2.661E-02 9.325E-01 1.091E+00 9.83E-01
2.512E-02 9.357E-01 1.085E+00 9.85E-01
2.371E-02 9.396E-01 1.078E+00 9.87E-01
2.239E-02 9.444E-01 1.071E+00 9.89E-01
2.113E-02 9.474E-01 1.065E+00 9.90E-01
1.995E-02 9.518E-01 1.059E+00 9.92E-01
1.884E-02 9.575E-01 1.052E+00 9.93E-01
1.778E-02 9.566E-01 1.051E+00 9.93E-01
1.679E-02 9.580E-01 1.048E+00 9.94E-01
1.585E-02 9.598E-01 1.045E+00 9.95E-01
1.496E-02 9.616E-01 1.041E+00 9.95E-01
1.413E-02 9.637E-01 1.037E+00 9.96E-01
1.334E-02 9.678E-01 1.031E+00 9.97E-01
1.259E-02 9.689E-01 1.030E+00 9.97E-01
1.189E-02 9.690E-01 1.028E+00 9.97E-01
1.122E-02 9.714E-01 1.024E+00 9.98E-01
1.059E-02 9.809E-01 1.014E+00 9.98E-01
1.000E-02 9.757E-01 1.020E+00 9.98E-01
9.441E-03 9.745E-01 1.021E+00 9.98E-01
8.913E-03 9.741E-01 1.020E+00 9.99E-01
8.414E-03 9.740E-01 1.020E+00 9.99E-01
7.943E-03 9.741E-01 1.019E+00 9.99E-01
7.499E-03 9.745E-01 1.018E+00 9.99E-01
7.079E-03 9.755E-01 1.017E+00 9.99E-01
6.683E-03 9.748E-01 1.018E+00 9.99E-01
6.310E-03 9.741E-01 1.019E+00 9.99E-01
5.957E-03 9.732E-01 1.020E+00 9.99E-01
5.623E-03 9.719E-01 1.023E+00 1.00E+00
5.309E-03 9.700E-01 1.026E+00 1.00E+00
5.012E-03 9.675E-01 1.032E+00 1.00E+00
4.732E-03 9.640E-01 1.040E+00 1.00E+00
4.467E-03 9.593E-01 1.051E+00 1.00E+00
4.217E-03 9.531E-01 1.065E+00 1.00E+00
3.981E-03 9.450E-01 1.080E+00 1.00E+00
3.758E-03 9.347E-01 1.064E+00 9.99E-01
3.548E-03 9.211E-01 1.077E+00 9.99E-01
3.350E-03 9.041E-01 1.094E+00 9.99E-01
3.162E-03 8.836E-01 1.114E+00 9.99E-01
2.985E-03 8.596E-01 1.137E+00 9.99E-01
2.818E-03 8.302E-01 1.165E+00 9.99E-01
2.661E-03 7.954E-01 1.199E+00 1.00E+00
2.512E-03 7.579E-01 1.233E+00 1.00E+00
2.371E-03 7.172E-01 1.259E+00 1.00E+00
2.239E-03 9.206E-01 1.069E+00 1.00E+00
2.113E-03 9.033E-01 1.087E+00 1.00E+00
1.995E-03 8.816E-01 1.107E+00 1.00E+00
1.884E-03 8.554E-01 1.130E+00 1.00E+00
1.778E-03 8.243E-01 1.156E+00 1.00E+00
1.679E-03 7.884E-01 1.167E+00 1.00E+00
1.585E-03 8.966E-01 1.085E+00 1.00E+00
1.496E-03 8.710E-01 1.107E+00 1.00E+00
1.413E-03 8.649E-01 1.114E+00 1.00E+00
1.334E-03 8.345E-01 1.141E+00 1.00E+00
1.259E-03 7.995E-01 1.171E+00 1.00E+00
1.189E-03 7.602E-01 1.204E+00 1.00E+00
1.122E-03 7.153E-01 1.241E+00 1.00E+00
1.059E-03 6.673E-01 1.277E+00 1.00E+00
