w(micron)  Q_abs     Q_sca     g=<cos>
1.000E+03 7.790E-04 2.528E-06 6.31E-04
9.441E+02 8.746E-04 3.182E-06 7.08E-04
8.913E+02 9.819E-04 4.007E-06 7.94E-04
8.414E+02 1.103E-03 5.045E-06 8.91E-04
7.943E+02 1.238E-03 6.353E-06 9.99E-04
7.499E+02 1.390E-03 8.000E-06 1.12E-03
7.079E+02 1.561E-03 1.007E-05 1.26E-03
6.683E+02 1.754E-03 1.269E-05 1.41E-03
6.310E+02 1.970E-03 1.597E-05 1.58E-03
5.957E+02 2.214E-03 2.012E-05 1.78E-03
5.623E+02 2.487E-03 2.534E-05 1.99E-03
5.309E+02 2.796E-03 3.191E-05 2.24E-03
5.012E+02 3.143E-03 4.020E-05 2.51E-03
4.732E+02 3.534E-03 5.064E-05 2.82E-03
4.467E+02 3.975E-03 6.379E-05 3.16E-03
4.217E+02 4.473E-03 8.037E-05 3.55E-03
3.981E+02 5.034E-03 1.013E-04 3.98E-03
3.758E+02 5.668E-03 1.276E-04 4.46E-03
3.548E+02 6.384E-03 1.608E-04 5.01E-03
3.350E+02 7.192E-03 2.026E-04 5.62E-03
3.162E+02 8.107E-03 2.554E-04 6.30E-03
2.985E+02 9.145E-03 3.220E-04 7.07E-03
2.818E+02 1.033E-02 4.060E-04 7.94E-03
2.661E+02 1.167E-02 5.120E-04 8.90E-03
2.512E+02 1.319E-02 6.458E-04 9.99E-03
2.371E+02 1.493E-02 8.149E-04 1.12E-02
2.239E+02 1.691E-02 1.028E-03 1.26E-02
2.113E+02 1.918E-02 1.298E-03 1.41E-02
1.995E+02 2.178E-02 1.640E-03 1.58E-02
1.884E+02 2.476E-02 2.071E-03 1.77E-02
1.778E+02 2.821E-02 2.618E-03 1.99E-02
1.679E+02 3.219E-02 3.310E-03 2.23E-02
1.585E+02 3.680E-02 4.188E-03 2.50E-02
1.496E+02 4.217E-02 5.301E-03 2.81E-02
1.413E+02 4.843E-02 6.715E-03 3.15E-02
1.334E+02 5.577E-02 8.512E-03 3.53E-02
1.259E+02 6.442E-02 1.080E-02 3.95E-02
1.189E+02 7.468E-02 1.371E-02 4.42E-02
1.122E+02 8.684E-02 1.743E-02 4.96E-02
1.059E+02 1.014E-01 2.218E-02 5.55E-02
1.000E+02 1.189E-01 2.824E-02 6.20E-02
9.441E+01 1.400E-01 3.602E-02 6.93E-02
8.913E+01 1.657E-01 4.601E-02 7.73E-02
8.414E+01 1.970E-01 5.885E-02 8.61E-02
7.943E+01 2.355E-01 7.537E-02 9.57E-02
7.499E+01 2.829E-01 9.665E-02 1.06E-01
7.079E+01 3.413E-01 1.241E-01 1.17E-01
6.683E+01 4.132E-01 1.595E-01 1.28E-01
6.310E+01 5.012E-01 2.049E-01 1.40E-01
5.957E+01 6.077E-01 2.631E-01 1.51E-01
5.623E+01 7.343E-01 3.369E-01 1.62E-01
5.309E+01 8.804E-01 4.294E-01 1.71E-01
5.012E+01 1.042E+00 5.428E-01 1.79E-01
4.732E+01 1.213E+00 6.775E-01 1.85E-01
4.467E+01 1.380E+00 8.311E-01 1.90E-01
4.217E+01 1.531E+00 9.958E-01 1.94E-01
3.981E+01 1.649E+00 1.158E+00 2.00E-01
3.758E+01 1.730E+00 1.305E+00 2.08E-01
3.548E+01 1.771E+00 1.428E+00 2.19E-01
3.350E+01 1.774E+00 1.509E+00 2.34E-01
3.162E+01 1.748E+00 1.543E+00 2.53E-01
2.985E+01 1.708E+00 1.539E+00 2.79E-01
2.818E+01 1.668E+00 1.509E+00 3.11E-01
2.661E+01 1.638E+00 1.468E+00 3.49E-01
2.512E+01 1.622E+00 1.427E+00 3.93E-01
2.371E+01 1.622E+00 1.390E+00 4.43E-01
2.239E+01 1.631E+00 1.365E+00 4.91E-01
2.113E+01 1.641E+00 1.342E+00 5.36E-01
1.995E+01 1.641E+00 1.315E+00 5.74E-01
1.884E+01 1.627E+00 1.256E+00 6.09E-01
1.778E+01 1.599E+00 1.195E+00 6.44E-01
1.679E+01 1.570E+00 1.183E+00 6.76E-01
1.585E+01 1.552E+00 1.262E+00 7.02E-01
1.496E+01 1.547E+00 1.411E+00 7.17E-01
1.413E+01 1.564E+00 1.470E+00 7.14E-01
1.334E+01 1.563E+00 1.365E+00 7.21E-01
1.259E+01 1.507E+00 1.350E+00 7.25E-01
1.189E+01 1.458E+00 1.356E+00 7.28E-01
1.122E+01 1.426E+00 1.351E+00 7.37E-01
1.059E+01 1.401E+00 1.339E+00 7.47E-01
1.000E+01 1.377E+00 1.272E+00 7.68E-01
9.441E+00 1.323E+00 1.180E+00 7.88E-01
8.913E+00 1.246E+00 9.444E-01 8.31E-01
8.414E+00 1.191E+00 7.419E-01 8.70E-01
7.943E+00 1.037E+00 6.533E-01 8.96E-01
7.499E+00 8.506E-01 1.771E+00 8.88E-01
7.079E+00 8.376E-01 2.543E+00 8.57E-01
6.683E+00 9.170E-01 2.505E+00 8.33E-01
6.310E+00 9.333E-01 2.103E+00 7.84E-01
5.957E+00 9.674E-01 1.752E+00 7.51E-01
5.623E+00 9.719E-01 1.351E+00 6.76E-01
5.309E+00 9.648E-01 1.216E+00 6.82E-01
5.012E+00 1.007E+00 1.187E+00 7.04E-01
4.732E+00 9.668E-01 1.356E+00 7.78E-01
4.467E+00 9.938E-01 1.587E+00 8.24E-01
4.217E+00 9.889E-01 1.702E+00 8.65E-01
3.981E+00 9.737E-01 1.744E+00 8.71E-01
3.758E+00 9.806E-01 1.648E+00 8.71E-01
3.548E+00 9.767E-01 1.459E+00 8.55E-01
3.350E+00 9.712E-01 1.290E+00 8.42E-01
3.162E+00 9.704E-01 1.242E+00 8.39E-01
2.985E+00 9.706E-01 1.328E+00 8.48E-01
2.818E+00 9.763E-01 1.456E+00 8.66E-01
2.661E+00 9.856E-01 1.500E+00 8.79E-01
2.512E+00 9.920E-01 1.411E+00 8.80E-01
2.371E+00 9.913E-01 1.276E+00 8.77E-01
2.239E+00 9.843E-01 1.231E+00 8.79E-01
2.113E+00 9.844E-01 1.301E+00 8.92E-01
1.995E+00 9.918E-01 1.375E+00 9.03E-01
1.884E+00 9.844E-01 1.321E+00 9.01E-01
1.778E+00 9.926E-01 1.223E+00 8.97E-01
1.679E+00 9.903E-01 1.232E+00 9.01E-01
1.585E+00 9.912E-01 1.297E+00 9.11E-01
1.496E+00 9.948E-01 1.255E+00 9.13E-01
1.413E+00 9.953E-01 1.195E+00 9.12E-01
1.334E+00 9.942E-01 1.237E+00 9.18E-01
1.259E+00 9.926E-01 1.235E+00 9.20E-01
1.189E+00 9.930E-01 1.185E+00 9.19E-01
1.122E+00 9.926E-01 1.216E+00 9.24E-01
1.059E+00 9.906E-01 1.197E+00 9.24E-01
1.000E+00 9.884E-01 1.185E+00 9.25E-01
9.441E-01 9.865E-01 1.197E+00 9.27E-01
8.913E-01 9.841E-01 1.174E+00 9.27E-01
8.414E-01 9.813E-01 1.187E+00 9.29E-01
7.943E-01 9.784E-01 1.171E+00 9.29E-01
7.499E-01 9.752E-01 1.177E+00 9.30E-01
7.079E-01 9.719E-01 1.172E+00 9.31E-01
6.683E-01 9.686E-01 1.167E+00 9.31E-01
6.310E-01 9.652E-01 1.171E+00 9.32E-01
5.957E-01 9.617E-01 1.167E+00 9.32E-01
5.623E-01 9.583E-01 1.164E+00 9.32E-01
5.309E-01 9.549E-01 1.163E+00 9.32E-01
5.012E-01 9.515E-01 1.163E+00 9.32E-01
4.732E-01 9.481E-01 1.163E+00 9.32E-01
4.467E-01 9.448E-01 1.162E+00 9.32E-01
4.217E-01 9.415E-01 1.161E+00 9.31E-01
3.981E-01 9.383E-01 1.160E+00 9.31E-01
3.758E-01 9.351E-01 1.159E+00 9.31E-01
3.548E-01 9.319E-01 1.159E+00 9.30E-01
3.350E-01 9.287E-01 1.159E+00 9.30E-01
3.162E-01 9.254E-01 1.159E+00 9.29E-01
2.985E-01 9.220E-01 1.159E+00 9.28E-01
2.818E-01 9.186E-01 1.160E+00 9.27E-01
2.661E-01 9.149E-01 1.160E+00 9.26E-01
2.512E-01 9.109E-01 1.162E+00 9.24E-01
2.371E-01 9.065E-01 1.163E+00 9.22E-01
2.239E-01 9.012E-01 1.166E+00 9.19E-01
2.113E-01 8.947E-01 1.170E+00 9.15E-01
1.995E-01 8.874E-01 1.175E+00 9.10E-01
1.884E-01 8.791E-01 1.181E+00 9.05E-01
1.778E-01 8.696E-01 1.188E+00 8.98E-01
1.679E-01 8.585E-01 1.197E+00 8.90E-01
1.585E-01 8.458E-01 1.208E+00 8.80E-01
1.496E-01 8.347E-01 1.218E+00 8.73E-01
1.413E-01 8.322E-01 1.219E+00 8.73E-01
1.334E-01 8.320E-01 1.217E+00 8.74E-01
1.259E-01 8.290E-01 1.219E+00 8.74E-01
1.189E-01 8.241E-01 1.222E+00 8.72E-01
1.122E-01 8.170E-01 1.228E+00 8.68E-01
1.059E-01 8.059E-01 1.237E+00 8.61E-01
1.000E-01 7.946E-01 1.247E+00 8.56E-01
9.441E-02 7.892E-01 1.250E+00 8.56E-01
8.913E-02 7.951E-01 1.242E+00 8.64E-01
8.414E-02 7.912E-01 1.245E+00 8.62E-01
7.943E-02 7.750E-01 1.260E+00 8.54E-01
7.499E-02 7.561E-01 1.277E+00 8.45E-01
7.079E-02 7.417E-01 1.289E+00 8.41E-01
6.683E-02 7.238E-01 1.305E+00 8.35E-01
6.310E-02 7.066E-01 1.321E+00 8.34E-01
5.957E-02 7.331E-01 1.291E+00 8.64E-01
5.623E-02 8.099E-01 1.213E+00 9.14E-01
5.309E-02 8.396E-01 1.182E+00 9.32E-01
5.012E-02 8.586E-01 1.162E+00 9.43E-01
4.732E-02 8.716E-01 1.148E+00 9.51E-01
4.467E-02 8.814E-01 1.137E+00 9.56E-01
4.217E-02 8.890E-01 1.128E+00 9.61E-01
3.981E-02 8.954E-01 1.121E+00 9.65E-01
3.758E-02 9.009E-01 1.115E+00 9.68E-01
3.548E-02 9.059E-01 1.109E+00 9.71E-01
3.350E-02 9.084E-01 1.092E+00 9.74E-01
3.162E-02 9.130E-01 1.087E+00 9.77E-01
2.985E-02 9.174E-01 1.083E+00 9.79E-01
2.818E-02 9.218E-01 1.078E+00 9.81E-01
2.661E-02 9.263E-01 1.074E+00 9.83E-01
2.512E-02 9.309E-01 1.069E+00 9.86E-01
2.371E-02 9.360E-01 1.064E+00 9.88E-01
2.239E-02 9.413E-01 1.059E+00 9.89E-01
2.113E-02 9.453E-01 1.055E+00 9.91E-01
1.995E-02 9.503E-01 1.050E+00 9.92E-01
1.884E-02 9.552E-01 1.045E+00 9.93E-01
1.778E-02 9.559E-01 1.044E+00 9.94E-01
1.679E-02 9.583E-01 1.042E+00 9.94E-01
1.585E-02 9.610E-01 1.039E+00 9.95E-01
1.496E-02 9.637E-01 1.036E+00 9.96E-01
1.413E-02 9.666E-01 1.033E+00 9.96E-01
1.334E-02 9.705E-01 1.030E+00 9.97E-01
1.259E-02 9.720E-01 1.028E+00 9.97E-01
1.189E-02 9.733E-01 1.027E+00 9.98E-01
1.122E-02 9.763E-01 1.024E+00 9.98E-01
1.059E-02 9.817E-01 1.018E+00 9.99E-01
1.000E-02 9.790E-01 1.021E+00 9.98E-01
9.441E-03 9.791E-01 1.021E+00 9.99E-01
8.913E-03 9.800E-01 1.020E+00 9.99E-01
8.414E-03 9.810E-01 1.019E+00 9.99E-01
7.943E-03 9.822E-01 1.018E+00 9.99E-01
7.499E-03 9.838E-01 1.016E+00 9.99E-01
7.079E-03 9.848E-01 1.015E+00 9.99E-01
6.683E-03 9.856E-01 1.014E+00 9.99E-01
6.310E-03 9.866E-01 1.013E+00 9.99E-01
5.957E-03 9.875E-01 1.012E+00 1.00E+00
5.623E-03 9.884E-01 1.012E+00 1.00E+00
5.309E-03 9.892E-01 1.011E+00 1.00E+00
5.012E-03 9.897E-01 1.010E+00 1.00E+00
4.732E-03 9.901E-01 1.010E+00 1.00E+00
4.467E-03 9.904E-01 1.010E+00 1.00E+00
4.217E-03 9.906E-01 1.009E+00 1.00E+00
3.981E-03 9.906E-01 1.009E+00 1.00E+00
3.758E-03 9.907E-01 1.009E+00 1.00E+00
3.548E-03 9.907E-01 1.009E+00 1.00E+00
3.350E-03 9.907E-01 1.009E+00 1.00E+00
3.162E-03 9.907E-01 1.009E+00 1.00E+00
2.985E-03 9.909E-01 1.009E+00 1.00E+00
2.818E-03 9.914E-01 1.009E+00 1.00E+00
2.661E-03 9.920E-01 1.008E+00 1.00E+00
2.512E-03 9.922E-01 1.008E+00 1.00E+00
2.371E-03 9.924E-01 1.008E+00 1.00E+00
2.239E-03 9.980E-01 1.002E+00 1.00E+00
2.113E-03 9.977E-01 1.002E+00 1.00E+00
1.995E-03 9.974E-01 1.003E+00 1.00E+00
1.884E-03 9.970E-01 1.003E+00 1.00E+00
1.778E-03 9.965E-01 1.004E+00 1.00E+00
1.679E-03 9.960E-01 1.004E+00 1.00E+00
1.585E-03 9.984E-01 1.002E+00 1.00E+00
1.496E-03 9.979E-01 1.002E+00 1.00E+00
1.413E-03 9.978E-01 1.002E+00 1.00E+00
1.334E-03 9.972E-01 1.003E+00 1.00E+00
1.259E-03 9.964E-01 1.004E+00 1.00E+00
1.189E-03 9.954E-01 1.005E+00 1.00E+00
1.122E-03 9.939E-01 1.006E+00 1.00E+00
1.059E-03 9.919E-01 1.008E+00 1.00E+00
