w(micron)  Q_abs     Q_sca     g=<cos>
1.000E+03 2.753E-05 4.002E-12 7.94E-07
9.441E+02 3.089E-05 5.038E-12 8.91E-07
8.913E+02 3.467E-05 6.342E-12 9.99E-07
8.414E+02 3.890E-05 7.984E-12 1.12E-06
7.943E+02 4.365E-05 1.005E-11 1.26E-06
7.499E+02 4.898E-05 1.265E-11 1.41E-06
7.079E+02 5.497E-05 1.593E-11 1.58E-06
6.683E+02 6.168E-05 2.006E-11 1.78E-06
6.310E+02 6.921E-05 2.525E-11 1.99E-06
5.957E+02 7.767E-05 3.179E-11 2.23E-06
5.623E+02 8.716E-05 4.002E-11 2.51E-06
5.309E+02 9.781E-05 5.039E-11 2.81E-06
5.012E+02 1.098E-04 6.344E-11 3.16E-06
4.732E+02 1.232E-04 7.988E-11 3.54E-06
4.467E+02 1.383E-04 1.006E-10 3.97E-06
4.217E+02 1.552E-04 1.266E-10 4.45E-06
3.981E+02 1.742E-04 1.594E-10 5.00E-06
3.758E+02 1.955E-04 2.007E-10 5.60E-06
3.548E+02 2.195E-04 2.527E-10 6.28E-06
3.350E+02 2.464E-04 3.181E-10 7.05E-06
3.162E+02 2.765E-04 4.005E-10 7.90E-06
2.985E+02 3.104E-04 5.043E-10 8.86E-06
2.818E+02 3.487E-04 6.350E-10 9.94E-06
2.661E+02 3.916E-04 7.995E-10 1.11E-05
2.512E+02 4.399E-04 1.007E-09 1.25E-05
2.371E+02 4.940E-04 1.267E-09 1.40E-05
2.239E+02 5.549E-04 1.596E-09 1.57E-05
2.113E+02 6.233E-04 2.010E-09 1.76E-05
1.995E+02 7.002E-04 2.530E-09 1.97E-05
1.884E+02 7.869E-04 3.187E-09 2.21E-05
1.778E+02 8.845E-04 4.013E-09 2.47E-05
1.679E+02 9.945E-04 5.054E-09 2.77E-05
1.585E+02 1.118E-03 6.364E-09 3.10E-05
1.496E+02 1.258E-03 8.015E-09 3.47E-05
1.413E+02 1.415E-03 1.009E-08 3.88E-05
1.334E+02 1.593E-03 1.271E-08 4.33E-05
1.259E+02 1.793E-03 1.601E-08 4.84E-05
1.189E+02 2.020E-03 2.017E-08 5.41E-05
1.122E+02 2.276E-03 2.540E-08 6.04E-05
1.059E+02 2.564E-03 3.200E-08 6.73E-05
1.000E+02 2.893E-03 4.030E-08 7.50E-05
9.441E+01 3.264E-03 5.077E-08 8.35E-05
8.913E+01 3.684E-03 6.396E-08 9.29E-05
8.414E+01 4.158E-03 8.058E-08 1.03E-04
7.943E+01 4.699E-03 1.015E-07 1.14E-04
7.499E+01 5.312E-03 1.278E-07 1.27E-04
7.079E+01 6.008E-03 1.610E-07 1.40E-04
6.683E+01 6.794E-03 2.027E-07 1.54E-04
6.310E+01 7.690E-03 2.551E-07 1.70E-04
5.957E+01 8.700E-03 3.210E-07 1.86E-04
5.623E+01 9.845E-03 4.038E-07 2.04E-04
5.309E+01 1.113E-02 5.078E-07 2.23E-04
5.012E+01 1.258E-02 6.380E-07 2.43E-04
4.732E+01 1.421E-02 8.012E-07 2.64E-04
4.467E+01 1.604E-02 1.006E-06 2.86E-04
4.217E+01 1.809E-02 1.261E-06 3.10E-04
3.981E+01 2.037E-02 1.578E-06 3.35E-04
3.758E+01 2.289E-02 1.975E-06 3.63E-04
3.548E+01 2.559E-02 2.475E-06 3.93E-04
3.350E+01 2.865E-02 3.104E-06 4.25E-04
3.162E+01 3.227E-02 3.889E-06 4.58E-04
2.985E+01 3.644E-02 4.867E-06 4.91E-04
2.818E+01 4.114E-02 6.069E-06 5.26E-04
2.661E+01 4.653E-02 7.568E-06 5.63E-04
2.512E+01 5.275E-02 9.447E-06 6.01E-04
2.371E+01 5.971E-02 1.168E-05 6.41E-04
2.239E+01 6.783E-02 1.445E-05 6.83E-04
2.113E+01 7.720E-02 1.763E-05 7.27E-04
1.995E+01 8.845E-02 2.127E-05 7.71E-04
1.884E+01 9.852E-02 2.380E-05 8.30E-04
1.778E+01 9.911E-02 2.442E-05 9.35E-04
1.679E+01 9.032E-02 2.459E-05 1.09E-03
1.585E+01 7.730E-02 2.662E-05 1.29E-03
1.496E+01 6.560E-02 3.294E-05 1.54E-03
1.413E+01 5.910E-02 4.735E-05 1.87E-03
1.334E+01 7.066E-02 7.333E-05 2.18E-03
1.259E+01 9.335E-02 1.061E-04 2.36E-03
1.189E+01 1.242E-01 1.469E-04 2.41E-03
1.122E+01 1.616E-01 1.954E-04 2.39E-03
1.059E+01 2.135E-01 2.591E-04 2.32E-03
1.000E+01 2.593E-01 2.907E-04 2.38E-03
9.441E+00 2.897E-01 2.950E-04 2.54E-03
8.913E+00 2.155E-01 1.581E-04 3.00E-03
8.414E+00 1.394E-01 7.744E-05 3.56E-03
7.943E+00 6.483E-02 3.439E-05 4.20E-03
7.499E+00 2.886E-02 7.326E-05 5.02E-03
7.079E+00 2.276E-02 1.509E-04 5.89E-03
6.683E+00 2.260E-02 2.415E-04 6.79E-03
6.310E+00 2.252E-02 3.508E-04 7.76E-03
5.957E+00 2.208E-02 4.875E-04 8.83E-03
5.623E+00 2.180E-02 6.621E-04 1.00E-02
5.309E+00 2.187E-02 8.848E-04 1.13E-02
5.012E+00 2.226E-02 1.170E-03 1.28E-02
4.732E+00 2.293E-02 1.530E-03 1.45E-02
4.467E+00 2.380E-02 1.989E-03 1.63E-02
4.217E+00 2.486E-02 2.569E-03 1.84E-02
3.981E+00 2.595E-02 3.303E-03 2.07E-02
3.758E+00 2.708E-02 4.235E-03 2.33E-02
3.548E+00 2.831E-02 5.415E-03 2.61E-02
3.350E+00 2.961E-02 6.906E-03 2.94E-02
3.162E+00 3.087E-02 8.792E-03 3.30E-02
2.985E+00 3.231E-02 1.119E-02 3.70E-02
2.818E+00 3.394E-02 1.422E-02 4.15E-02
2.661E+00 3.575E-02 1.807E-02 4.66E-02
2.512E+00 3.776E-02 2.293E-02 5.23E-02
2.371E+00 4.004E-02 2.908E-02 5.87E-02
2.239E+00 4.254E-02 3.685E-02 6.59E-02
2.113E+00 4.531E-02 4.663E-02 7.39E-02
1.995E+00 4.841E-02 5.898E-02 8.29E-02
1.884E+00 5.186E-02 7.453E-02 9.31E-02
1.778E+00 5.572E-02 9.403E-02 1.05E-01
1.679E+00 6.014E-02 1.184E-01 1.18E-01
1.585E+00 6.510E-02 1.488E-01 1.32E-01
1.496E+00 7.057E-02 1.864E-01 1.49E-01
1.413E+00 7.663E-02 2.325E-01 1.69E-01
1.334E+00 8.333E-02 2.884E-01 1.91E-01
1.259E+00 9.080E-02 3.555E-01 2.18E-01
1.189E+00 9.947E-02 4.346E-01 2.48E-01
1.122E+00 1.093E-01 5.266E-01 2.85E-01
1.059E+00 1.209E-01 6.323E-01 3.28E-01
1.000E+00 1.347E-01 7.534E-01 3.78E-01
9.441E-01 1.520E-01 8.948E-01 4.36E-01
8.913E-01 1.739E-01 1.067E+00 4.97E-01
8.414E-01 2.009E-01 1.289E+00 5.52E-01
7.943E-01 2.307E-01 1.573E+00 5.90E-01
7.499E-01 2.555E-01 1.901E+00 6.02E-01
7.079E-01 2.662E-01 2.198E+00 5.93E-01
6.683E-01 2.639E-01 2.392E+00 5.81E-01
6.310E-01 2.623E-01 2.503E+00 5.80E-01
5.957E-01 2.769E-01 2.618E+00 5.98E-01
5.623E-01 3.182E-01 2.846E+00 6.35E-01
5.309E-01 3.780E-01 3.244E+00 6.78E-01
5.012E-01 4.076E-01 3.615E+00 7.02E-01
4.732E-01 3.913E-01 3.660E+00 6.97E-01
4.467E-01 3.857E-01 3.531E+00 6.76E-01
4.217E-01 4.400E-01 3.559E+00 6.65E-01
3.981E-01 5.246E-01 3.871E+00 6.88E-01
3.758E-01 4.971E-01 3.757E+00 7.04E-01
3.548E-01 4.862E-01 3.286E+00 6.78E-01
3.350E-01 5.957E-01 3.092E+00 6.23E-01
3.162E-01 5.995E-01 2.985E+00 6.32E-01
2.985E-01 5.587E-01 2.346E+00 5.96E-01
2.818E-01 7.231E-01 1.971E+00 5.00E-01
2.661E-01 6.330E-01 1.734E+00 4.80E-01
2.512E-01 7.012E-01 1.264E+00 4.02E-01
2.371E-01 6.835E-01 1.416E+00 5.09E-01
2.239E-01 7.710E-01 1.522E+00 6.14E-01
2.113E-01 8.404E-01 2.011E+00 7.54E-01
1.995E-01 8.913E-01 1.990E+00 8.24E-01
1.884E-01 1.077E+00 1.564E+00 8.22E-01
1.778E-01 1.189E+00 1.233E+00 8.25E-01
1.679E-01 1.211E+00 1.260E+00 8.53E-01
1.585E-01 1.184E+00 1.282E+00 8.54E-01
1.496E-01 1.156E+00 1.289E+00 8.49E-01
1.413E-01 1.141E+00 1.289E+00 8.51E-01
1.334E-01 1.129E+00 1.286E+00 8.55E-01
1.259E-01 1.115E+00 1.288E+00 8.56E-01
1.189E-01 1.098E+00 1.292E+00 8.56E-01
1.122E-01 1.080E+00 1.299E+00 8.54E-01
1.059E-01 1.058E+00 1.313E+00 8.50E-01
1.000E-01 1.036E+00 1.325E+00 8.47E-01
9.441E-02 1.017E+00 1.329E+00 8.48E-01
8.913E-02 1.007E+00 1.314E+00 8.56E-01
8.414E-02 9.933E-01 1.317E+00 8.55E-01
7.943E-02 9.631E-01 1.336E+00 8.49E-01
7.499E-02 9.254E-01 1.357E+00 8.42E-01
7.079E-02 8.895E-01 1.369E+00 8.38E-01
6.683E-02 8.467E-01 1.384E+00 8.34E-01
6.310E-02 7.990E-01 1.396E+00 8.33E-01
5.957E-02 7.942E-01 1.348E+00 8.62E-01
5.623E-02 8.659E-01 1.240E+00 9.08E-01
5.309E-02 8.931E-01 1.196E+00 9.26E-01
5.012E-02 9.092E-01 1.168E+00 9.37E-01
4.732E-02 9.188E-01 1.148E+00 9.45E-01
4.467E-02 9.247E-01 1.133E+00 9.51E-01
4.217E-02 9.282E-01 1.122E+00 9.56E-01
3.981E-02 9.303E-01 1.112E+00 9.60E-01
3.758E-02 9.315E-01 1.104E+00 9.64E-01
3.548E-02 9.320E-01 1.096E+00 9.67E-01
3.350E-02 9.322E-01 1.089E+00 9.70E-01
3.162E-02 9.322E-01 1.083E+00 9.73E-01
2.985E-02 9.321E-01 1.077E+00 9.76E-01
2.818E-02 9.320E-01 1.071E+00 9.78E-01
2.661E-02 9.321E-01 1.065E+00 9.81E-01
2.512E-02 9.325E-01 1.059E+00 9.83E-01
2.371E-02 9.337E-01 1.052E+00 9.85E-01
2.239E-02 9.373E-01 1.045E+00 9.87E-01
2.113E-02 9.382E-01 1.041E+00 9.89E-01
1.995E-02 9.407E-01 1.035E+00 9.90E-01
1.884E-02 9.481E-01 1.026E+00 9.92E-01
1.778E-02 9.445E-01 1.030E+00 9.92E-01
1.679E-02 9.436E-01 1.030E+00 9.93E-01
1.585E-02 9.433E-01 1.031E+00 9.94E-01
1.496E-02 9.430E-01 1.032E+00 9.95E-01
1.413E-02 9.428E-01 1.034E+00 9.95E-01
1.334E-02 9.467E-01 1.031E+00 9.96E-01
1.259E-02 9.468E-01 1.033E+00 9.97E-01
1.189E-02 9.438E-01 1.042E+00 9.97E-01
1.122E-02 9.427E-01 1.050E+00 9.98E-01
1.059E-02 9.618E-01 9.970E-01 9.98E-01
1.000E-02 9.527E-01 1.031E+00 9.98E-01
9.441E-03 9.479E-01 1.046E+00 9.98E-01
8.913E-03 9.433E-01 1.062E+00 9.98E-01
8.414E-03 9.381E-01 1.081E+00 9.99E-01
7.943E-03 9.320E-01 1.105E+00 9.99E-01
7.499E-03 9.250E-01 1.134E+00 9.99E-01
7.079E-03 9.254E-01 1.136E+00 9.99E-01
6.683E-03 9.156E-01 1.172E+00 9.99E-01
6.310E-03 9.038E-01 1.214E+00 9.99E-01
5.957E-03 8.899E-01 1.261E+00 9.99E-01
5.623E-03 8.729E-01 1.315E+00 1.00E+00
5.309E-03 8.531E-01 1.372E+00 1.00E+00
5.012E-03 8.305E-01 1.429E+00 1.00E+00
4.732E-03 8.047E-01 1.484E+00 1.00E+00
4.467E-03 7.757E-01 1.535E+00 1.00E+00
4.217E-03 7.437E-01 1.577E+00 1.00E+00
3.981E-03 7.091E-01 1.608E+00 1.00E+00
3.758E-03 6.721E-01 1.625E+00 1.00E+00
3.548E-03 6.330E-01 1.625E+00 1.00E+00
3.350E-03 5.925E-01 1.607E+00 1.00E+00
3.162E-03 5.514E-01 1.569E+00 1.00E+00
2.985E-03 5.107E-01 1.515E+00 1.00E+00
2.818E-03 4.686E-01 1.435E+00 1.00E+00
2.661E-03 4.260E-01 1.332E+00 1.00E+00
2.512E-03 3.865E-01 1.179E+00 1.00E+00
2.371E-03 3.491E-01 7.832E-01 1.00E+00
2.239E-03 6.226E-01 7.955E-01 1.00E+00
2.113E-03 5.841E-01 8.509E-01 1.00E+00
1.995E-03 5.431E-01 8.602E-01 1.00E+00
1.884E-03 5.010E-01 8.220E-01 1.00E+00
1.778E-03 4.586E-01 7.495E-01 1.00E+00
1.679E-03 4.167E-01 5.076E-01 1.00E+00
1.585E-03 5.695E-01 6.441E-01 1.00E+00
1.496E-03 5.243E-01 6.379E-01 1.00E+00
1.413E-03 5.146E-01 6.564E-01 1.00E+00
1.334E-03 4.713E-01 6.527E-01 1.00E+00
1.259E-03 4.288E-01 6.313E-01 1.00E+00
1.189E-03 3.877E-01 7.554E-01 1.00E+00
1.122E-03 3.469E-01 7.048E-01 1.00E+00
1.059E-03 3.088E-01 6.491E-01 1.00E+00
