w(micron)  Q_abs     Q_sca     g=<cos>
1.000E+03 8.706E-06 4.002E-14 0.00E+00
9.441E+02 9.769E-06 5.038E-14 0.00E+00
8.913E+02 1.096E-05 6.342E-14 0.00E+00
8.414E+02 1.230E-05 7.984E-14 0.00E+00
7.943E+02 1.380E-05 1.005E-13 0.00E+00
7.499E+02 1.549E-05 1.265E-13 0.00E+00
7.079E+02 1.738E-05 1.593E-13 0.00E+00
6.683E+02 1.950E-05 2.006E-13 0.00E+00
6.310E+02 2.189E-05 2.525E-13 0.00E+00
5.957E+02 2.456E-05 3.179E-13 0.00E+00
5.623E+02 2.756E-05 4.002E-13 0.00E+00
5.309E+02 3.093E-05 5.039E-13 0.00E+00
5.012E+02 3.471E-05 6.344E-13 0.00E+00
4.732E+02 3.896E-05 7.988E-13 0.00E+00
4.467E+02 4.372E-05 1.006E-12 0.00E+00
4.217E+02 4.908E-05 1.266E-12 0.00E+00
3.981E+02 5.509E-05 1.594E-12 0.00E+00
3.758E+02 6.184E-05 2.007E-12 5.60E-07
3.548E+02 6.941E-05 2.527E-12 6.28E-07
3.350E+02 7.790E-05 3.181E-12 7.05E-07
3.162E+02 8.744E-05 4.005E-12 7.90E-07
2.985E+02 9.817E-05 5.043E-12 8.86E-07
2.818E+02 1.103E-04 6.350E-12 9.94E-07
2.661E+02 1.238E-04 7.995E-12 1.11E-06
2.512E+02 1.391E-04 1.007E-11 1.25E-06
2.371E+02 1.562E-04 1.267E-11 1.40E-06
2.239E+02 1.754E-04 1.596E-11 1.57E-06
2.113E+02 1.971E-04 2.009E-11 1.76E-06
1.995E+02 2.214E-04 2.530E-11 1.97E-06
1.884E+02 2.488E-04 3.186E-11 2.21E-06
1.778E+02 2.797E-04 4.013E-11 2.47E-06
1.679E+02 3.144E-04 5.053E-11 2.77E-06
1.585E+02 3.536E-04 6.364E-11 3.10E-06
1.496E+02 3.977E-04 8.014E-11 3.47E-06
1.413E+02 4.475E-04 1.009E-10 3.88E-06
1.334E+02 5.036E-04 1.271E-10 4.33E-06
1.259E+02 5.669E-04 1.601E-10 4.84E-06
1.189E+02 6.387E-04 2.016E-10 5.41E-06
1.122E+02 7.194E-04 2.540E-10 6.04E-06
1.059E+02 8.106E-04 3.200E-10 6.73E-06
1.000E+02 9.145E-04 4.030E-10 7.50E-06
9.441E+01 1.032E-03 5.077E-10 8.35E-06
8.913E+01 1.164E-03 6.395E-10 9.29E-06
8.414E+01 1.314E-03 8.056E-10 1.03E-05
7.943E+01 1.485E-03 1.015E-09 1.14E-05
7.499E+01 1.679E-03 1.278E-09 1.27E-05
7.079E+01 1.898E-03 1.609E-09 1.40E-05
6.683E+01 2.147E-03 2.026E-09 1.54E-05
6.310E+01 2.429E-03 2.550E-09 1.70E-05
5.957E+01 2.748E-03 3.209E-09 1.86E-05
5.623E+01 3.109E-03 4.037E-09 2.04E-05
5.309E+01 3.514E-03 5.075E-09 2.23E-05
5.012E+01 3.972E-03 6.377E-09 2.43E-05
4.732E+01 4.486E-03 8.008E-09 2.64E-05
4.467E+01 5.063E-03 1.005E-08 2.87E-05
4.217E+01 5.709E-03 1.261E-08 3.10E-05
3.981E+01 6.427E-03 1.577E-08 3.36E-05
3.758E+01 7.221E-03 1.973E-08 3.63E-05
3.548E+01 8.072E-03 2.473E-08 3.93E-05
3.350E+01 9.038E-03 3.101E-08 4.25E-05
3.162E+01 1.018E-02 3.885E-08 4.58E-05
2.985E+01 1.149E-02 4.861E-08 4.91E-05
2.818E+01 1.297E-02 6.061E-08 5.27E-05
2.661E+01 1.466E-02 7.557E-08 5.63E-05
2.512E+01 1.662E-02 9.432E-08 6.01E-05
2.371E+01 1.881E-02 1.166E-07 6.42E-05
2.239E+01 2.136E-02 1.442E-07 6.84E-05
2.113E+01 2.431E-02 1.760E-07 7.28E-05
1.995E+01 2.785E-02 2.123E-07 7.72E-05
1.884E+01 3.102E-02 2.376E-07 8.31E-05
1.778E+01 3.121E-02 2.438E-07 9.36E-05
1.679E+01 2.844E-02 2.455E-07 1.09E-04
1.585E+01 2.433E-02 2.658E-07 1.29E-04
1.496E+01 2.063E-02 3.288E-07 1.54E-04
1.413E+01 1.855E-02 4.721E-07 1.87E-04
1.334E+01 2.213E-02 7.306E-07 2.19E-04
1.259E+01 2.920E-02 1.056E-06 2.37E-04
1.189E+01 3.881E-02 1.462E-06 2.41E-04
1.122E+01 5.048E-02 1.943E-06 2.40E-04
1.059E+01 6.673E-02 2.579E-06 2.33E-04
1.000E+01 8.129E-02 2.900E-06 2.38E-04
9.441E+00 9.119E-02 2.955E-06 2.54E-04
8.913E+00 6.810E-02 1.591E-06 2.99E-04
8.414E+00 4.402E-02 7.797E-07 3.56E-04
7.943E+00 2.043E-02 3.459E-07 4.20E-04
7.499E+00 9.052E-03 7.348E-07 5.03E-04
7.079E+00 7.112E-03 1.510E-06 5.90E-04
6.683E+00 7.036E-03 2.414E-06 6.81E-04
6.310E+00 6.987E-03 3.501E-06 7.78E-04
5.957E+00 6.827E-03 4.861E-06 8.86E-04
5.623E+00 6.715E-03 6.594E-06 1.01E-03
5.309E+00 6.708E-03 8.802E-06 1.14E-03
5.012E+00 6.796E-03 1.162E-05 1.29E-03
4.732E+00 6.967E-03 1.518E-05 1.45E-03
4.467E+00 7.192E-03 1.971E-05 1.64E-03
4.217E+00 7.466E-03 2.541E-05 1.85E-03
3.981E+00 7.742E-03 3.262E-05 2.08E-03
3.758E+00 8.019E-03 4.175E-05 2.34E-03
3.548E+00 8.316E-03 5.328E-05 2.64E-03
3.350E+00 8.620E-03 6.781E-05 2.96E-03
3.162E+00 8.898E-03 8.614E-05 3.33E-03
2.985E+00 9.211E-03 1.093E-04 3.74E-03
2.818E+00 9.561E-03 1.387E-04 4.21E-03
2.661E+00 9.937E-03 1.757E-04 4.72E-03
2.512E+00 1.035E-02 2.225E-04 5.30E-03
2.371E+00 1.080E-02 2.813E-04 5.95E-03
2.239E+00 1.128E-02 3.557E-04 6.68E-03
2.113E+00 1.179E-02 4.492E-04 7.50E-03
1.995E+00 1.235E-02 5.672E-04 8.42E-03
1.884E+00 1.295E-02 7.160E-04 9.44E-03
1.778E+00 1.360E-02 9.035E-04 1.06E-02
1.679E+00 1.432E-02 1.140E-03 1.19E-02
1.585E+00 1.512E-02 1.438E-03 1.33E-02
1.496E+00 1.596E-02 1.815E-03 1.49E-02
1.413E+00 1.686E-02 2.288E-03 1.68E-02
1.334E+00 1.783E-02 2.886E-03 1.88E-02
1.259E+00 1.888E-02 3.641E-03 2.11E-02
1.189E+00 2.007E-02 4.592E-03 2.36E-02
1.122E+00 2.137E-02 5.794E-03 2.65E-02
1.059E+00 2.277E-02 7.310E-03 2.97E-02
1.000E+00 2.430E-02 9.225E-03 3.33E-02
9.441E-01 2.598E-02 1.164E-02 3.73E-02
8.913E-01 2.781E-02 1.469E-02 4.18E-02
8.414E-01 2.979E-02 1.856E-02 4.69E-02
7.943E-01 3.196E-02 2.345E-02 5.25E-02
7.499E-01 3.435E-02 2.963E-02 5.89E-02
7.079E-01 3.697E-02 3.744E-02 6.60E-02
6.683E-01 3.986E-02 4.732E-02 7.41E-02
6.310E-01 4.308E-02 5.980E-02 8.31E-02
5.957E-01 4.666E-02 7.558E-02 9.33E-02
5.623E-01 5.063E-02 9.548E-02 1.05E-01
5.309E-01 5.505E-02 1.205E-01 1.18E-01
5.012E-01 5.998E-02 1.520E-01 1.33E-01
4.732E-01 6.545E-02 1.912E-01 1.50E-01
4.467E-01 7.154E-02 2.401E-01 1.70E-01
4.217E-01 7.838E-02 3.001E-01 1.93E-01
3.981E-01 8.601E-02 3.733E-01 2.20E-01
3.758E-01 9.456E-02 4.615E-01 2.51E-01
3.548E-01 1.045E-01 5.669E-01 2.90E-01
3.350E-01 1.164E-01 6.919E-01 3.35E-01
3.162E-01 1.313E-01 8.427E-01 3.90E-01
2.985E-01 1.510E-01 1.030E+00 4.52E-01
2.818E-01 1.778E-01 1.281E+00 5.16E-01
2.661E-01 2.125E-01 1.637E+00 5.67E-01
2.512E-01 2.478E-01 2.127E+00 5.87E-01
2.371E-01 2.636E-01 2.634E+00 5.68E-01
2.239E-01 2.511E-01 2.948E+00 5.35E-01
2.113E-01 2.837E-01 3.023E+00 5.22E-01
1.995E-01 4.547E-01 3.137E+00 5.54E-01
1.884E-01 8.681E-01 3.482E+00 6.29E-01
1.778E-01 1.124E+00 3.174E+00 6.49E-01
1.679E-01 1.300E+00 2.324E+00 6.18E-01
1.585E-01 1.559E+00 1.650E+00 6.60E-01
1.496E-01 1.595E+00 1.402E+00 7.16E-01
1.413E-01 1.551E+00 1.357E+00 7.39E-01
1.334E-01 1.512E+00 1.331E+00 7.52E-01
1.259E-01 1.478E+00 1.309E+00 7.61E-01
1.189E-01 1.449E+00 1.297E+00 7.70E-01
1.122E-01 1.421E+00 1.296E+00 7.78E-01
1.059E-01 1.387E+00 1.305E+00 7.81E-01
1.000E-01 1.352E+00 1.310E+00 7.83E-01
9.441E-02 1.323E+00 1.303E+00 7.90E-01
8.913E-02 1.296E+00 1.270E+00 8.03E-01
8.414E-02 1.274E+00 1.281E+00 8.07E-01
7.943E-02 1.233E+00 1.303E+00 8.04E-01
7.499E-02 1.179E+00 1.322E+00 8.02E-01
7.079E-02 1.119E+00 1.329E+00 8.01E-01
6.683E-02 1.042E+00 1.340E+00 8.00E-01
6.310E-02 9.437E-01 1.340E+00 8.01E-01
5.957E-02 8.746E-01 1.260E+00 8.31E-01
5.623E-02 9.227E-01 1.105E+00 8.79E-01
5.309E-02 9.401E-01 1.043E+00 8.98E-01
5.012E-02 9.478E-01 1.004E+00 9.11E-01
4.732E-02 9.496E-01 9.780E-01 9.21E-01
4.467E-02 9.480E-01 9.605E-01 9.29E-01
4.217E-02 9.439E-01 9.485E-01 9.36E-01
3.981E-02 9.385E-01 9.397E-01 9.42E-01
3.758E-02 9.320E-01 9.333E-01 9.48E-01
3.548E-02 9.247E-01 9.287E-01 9.52E-01
3.350E-02 9.170E-01 9.254E-01 9.57E-01
3.162E-02 9.089E-01 9.228E-01 9.61E-01
2.985E-02 9.005E-01 9.207E-01 9.65E-01
2.818E-02 8.918E-01 9.187E-01 9.69E-01
2.661E-02 8.830E-01 9.161E-01 9.72E-01
2.512E-02 8.738E-01 9.115E-01 9.75E-01
2.371E-02 8.648E-01 9.011E-01 9.78E-01
2.239E-02 8.631E-01 8.840E-01 9.81E-01
2.113E-02 8.555E-01 8.761E-01 9.83E-01
1.995E-02 8.493E-01 8.527E-01 9.85E-01
1.884E-02 8.619E-01 8.256E-01 9.87E-01
1.778E-02 8.488E-01 8.467E-01 9.88E-01
1.679E-02 8.383E-01 8.467E-01 9.89E-01
1.585E-02 8.280E-01 8.398E-01 9.90E-01
1.496E-02 8.170E-01 8.295E-01 9.92E-01
1.413E-02 8.048E-01 8.114E-01 9.93E-01
1.334E-02 8.052E-01 7.686E-01 9.93E-01
1.259E-02 8.004E-01 7.691E-01 9.94E-01
1.189E-02 7.828E-01 7.725E-01 9.95E-01
1.122E-02 7.647E-01 7.259E-01 9.95E-01
1.059E-02 8.221E-01 6.298E-01 9.96E-01
1.000E-02 7.992E-01 7.303E-01 9.96E-01
9.441E-03 7.778E-01 7.550E-01 9.96E-01
8.913E-03 7.549E-01 7.605E-01 9.97E-01
8.414E-03 7.299E-01 7.565E-01 9.97E-01
7.943E-03 7.029E-01 7.436E-01 9.98E-01
7.499E-03 6.745E-01 7.097E-01 9.98E-01
7.079E-03 6.731E-01 7.067E-01 9.98E-01
6.683E-03 6.422E-01 7.010E-01 9.98E-01
6.310E-03 6.101E-01 6.858E-01 9.99E-01
5.957E-03 5.774E-01 6.651E-01 9.99E-01
5.623E-03 5.430E-01 6.400E-01 9.99E-01
5.309E-03 5.088E-01 6.110E-01 9.99E-01
5.012E-03 4.748E-01 5.796E-01 9.99E-01
4.732E-03 4.411E-01 5.468E-01 9.99E-01
4.467E-03 4.078E-01 5.126E-01 9.99E-01
4.217E-03 3.755E-01 4.775E-01 9.99E-01
3.981E-03 3.441E-01 4.425E-01 9.99E-01
3.758E-03 3.140E-01 4.074E-01 9.99E-01
3.548E-03 2.853E-01 3.725E-01 1.00E+00
3.350E-03 2.580E-01 3.384E-01 1.00E+00
3.162E-03 2.325E-01 3.051E-01 1.00E+00
2.985E-03 2.092E-01 2.738E-01 1.00E+00
2.818E-03 1.866E-01 2.413E-01 1.00E+00
2.661E-03 1.651E-01 2.092E-01 1.00E+00
2.512E-03 1.464E-01 1.728E-01 1.00E+00
2.371E-03 1.294E-01 1.038E-01 1.00E+00
2.239E-03 2.773E-01 1.337E-01 1.00E+00
2.113E-03 2.521E-01 1.390E-01 1.00E+00
1.995E-03 2.273E-01 1.352E-01 1.00E+00
1.884E-03 2.036E-01 1.233E-01 1.00E+00
1.778E-03 1.813E-01 1.070E-01 1.00E+00
1.679E-03 1.605E-01 6.741E-02 1.00E+00
1.585E-03 2.430E-01 9.918E-02 1.00E+00
1.496E-03 2.165E-01 9.419E-02 1.00E+00
1.413E-03 2.110E-01 9.646E-02 1.00E+00
1.334E-03 1.878E-01 9.249E-02 1.00E+00
1.259E-03 1.663E-01 8.629E-02 1.00E+00
1.189E-03 1.468E-01 7.970E-02 1.00E+00
1.122E-03 1.284E-01 7.279E-02 1.00E+00
1.059E-03 1.120E-01 6.579E-02 1.00E+00
