w(micron)  Q_abs     Q_sca     g=<cos>
1.000E+03 1.380E-06 2.525E-17 0.00E+00
9.441E+02 1.548E-06 3.179E-17 0.00E+00
8.913E+02 1.737E-06 4.002E-17 0.00E+00
8.414E+02 1.950E-06 5.038E-17 0.00E+00
7.943E+02 2.188E-06 6.342E-17 0.00E+00
7.499E+02 2.455E-06 7.984E-17 0.00E+00
7.079E+02 2.755E-06 1.005E-16 0.00E+00
6.683E+02 3.091E-06 1.266E-16 0.00E+00
6.310E+02 3.469E-06 1.593E-16 0.00E+00
5.957E+02 3.893E-06 2.006E-16 0.00E+00
5.623E+02 4.368E-06 2.525E-16 0.00E+00
5.309E+02 4.902E-06 3.179E-16 0.00E+00
5.012E+02 5.501E-06 4.003E-16 0.00E+00
4.732E+02 6.174E-06 5.040E-16 0.00E+00
4.467E+02 6.930E-06 6.345E-16 0.00E+00
4.217E+02 7.778E-06 7.989E-16 0.00E+00
3.981E+02 8.731E-06 1.006E-15 0.00E+00
3.758E+02 9.800E-06 1.266E-15 0.00E+00
3.548E+02 1.100E-05 1.594E-15 0.00E+00
3.350E+02 1.235E-05 2.007E-15 0.00E+00
3.162E+02 1.386E-05 2.527E-15 0.00E+00
2.985E+02 1.556E-05 3.182E-15 0.00E+00
2.818E+02 1.747E-05 4.006E-15 0.00E+00
2.661E+02 1.963E-05 5.044E-15 0.00E+00
2.512E+02 2.204E-05 6.351E-15 0.00E+00
2.371E+02 2.476E-05 7.997E-15 0.00E+00
2.239E+02 2.781E-05 1.007E-14 0.00E+00
2.113E+02 3.123E-05 1.268E-14 0.00E+00
1.995E+02 3.509E-05 1.597E-14 0.00E+00
1.884E+02 3.943E-05 2.011E-14 0.00E+00
1.778E+02 4.433E-05 2.532E-14 0.00E+00
1.679E+02 4.983E-05 3.188E-14 0.00E+00
1.585E+02 5.604E-05 4.015E-14 0.00E+00
1.496E+02 6.304E-05 5.057E-14 0.00E+00
1.413E+02 7.092E-05 6.369E-14 0.00E+00
1.334E+02 7.981E-05 8.021E-14 0.00E+00
1.259E+02 8.985E-05 1.010E-13 0.00E+00
1.189E+02 1.012E-04 1.272E-13 0.00E+00
1.122E+02 1.140E-04 1.603E-13 0.00E+00
1.059E+02 1.285E-04 2.019E-13 0.00E+00
1.000E+02 1.449E-04 2.543E-13 0.00E+00
9.441E+01 1.635E-04 3.203E-13 0.00E+00
8.913E+01 1.845E-04 4.035E-13 0.00E+00
8.414E+01 2.083E-04 5.083E-13 0.00E+00
7.943E+01 2.353E-04 6.402E-13 0.00E+00
7.499E+01 2.660E-04 8.063E-13 0.00E+00
7.079E+01 3.009E-04 1.015E-12 0.00E+00
6.683E+01 3.402E-04 1.279E-12 0.00E+00
6.310E+01 3.850E-04 1.609E-12 0.00E+00
5.957E+01 4.355E-04 2.025E-12 4.68E-07
5.623E+01 4.928E-04 2.547E-12 5.12E-07
5.309E+01 5.569E-04 3.202E-12 5.60E-07
5.012E+01 6.294E-04 4.023E-12 6.10E-07
4.732E+01 7.108E-04 5.052E-12 6.63E-07
4.467E+01 8.022E-04 6.341E-12 7.20E-07
4.217E+01 9.046E-04 7.953E-12 7.80E-07
3.981E+01 1.018E-03 9.951E-12 8.43E-07
3.758E+01 1.144E-03 1.245E-11 9.11E-07
3.548E+01 1.279E-03 1.560E-11 9.88E-07
3.350E+01 1.432E-03 1.956E-11 1.07E-06
3.162E+01 1.612E-03 2.451E-11 1.15E-06
2.985E+01 1.820E-03 3.067E-11 1.23E-06
2.818E+01 2.054E-03 3.823E-11 1.32E-06
2.661E+01 2.323E-03 4.767E-11 1.41E-06
2.512E+01 2.633E-03 5.950E-11 1.51E-06
2.371E+01 2.980E-03 7.356E-11 1.61E-06
2.239E+01 3.384E-03 9.099E-11 1.72E-06
2.113E+01 3.851E-03 1.110E-10 1.83E-06
1.995E+01 4.412E-03 1.339E-10 1.94E-06
1.884E+01 4.915E-03 1.499E-10 2.09E-06
1.778E+01 4.945E-03 1.538E-10 2.35E-06
1.679E+01 4.506E-03 1.549E-10 2.73E-06
1.585E+01 3.854E-03 1.677E-10 3.23E-06
1.496E+01 3.267E-03 2.074E-10 3.86E-06
1.413E+01 2.938E-03 2.978E-10 4.69E-06
1.334E+01 3.504E-03 4.608E-10 5.49E-06
1.259E+01 4.622E-03 6.661E-10 5.95E-06
1.189E+01 6.143E-03 9.217E-10 6.06E-06
1.122E+01 7.990E-03 1.225E-09 6.02E-06
1.059E+01 1.056E-02 1.626E-09 5.84E-06
1.000E+01 1.287E-02 1.829E-09 5.99E-06
9.441E+00 1.444E-02 1.865E-09 6.38E-06
8.913E+00 1.079E-02 1.004E-09 7.52E-06
8.414E+00 6.976E-03 4.923E-10 8.93E-06
7.943E+00 3.236E-03 2.184E-10 1.06E-05
7.499E+00 1.433E-03 4.638E-10 1.26E-05
7.079E+00 1.126E-03 9.530E-10 1.48E-05
6.683E+00 1.113E-03 1.523E-09 1.71E-05
6.310E+00 1.105E-03 2.209E-09 1.95E-05
5.957E+00 1.079E-03 3.066E-09 2.23E-05
5.623E+00 1.061E-03 4.158E-09 2.53E-05
5.309E+00 1.060E-03 5.550E-09 2.86E-05
5.012E+00 1.073E-03 7.327E-09 3.24E-05
4.732E+00 1.099E-03 9.570E-09 3.66E-05
4.467E+00 1.134E-03 1.242E-08 4.13E-05
4.217E+00 1.176E-03 1.601E-08 4.65E-05
3.981E+00 1.219E-03 2.055E-08 5.24E-05
3.758E+00 1.261E-03 2.629E-08 5.89E-05
3.548E+00 1.307E-03 3.355E-08 6.63E-05
3.350E+00 1.353E-03 4.268E-08 7.46E-05
3.162E+00 1.395E-03 5.420E-08 8.38E-05
2.985E+00 1.442E-03 6.878E-08 9.42E-05
2.818E+00 1.495E-03 8.721E-08 1.06E-04
2.661E+00 1.551E-03 1.105E-07 1.19E-04
2.512E+00 1.612E-03 1.398E-07 1.34E-04
2.371E+00 1.678E-03 1.766E-07 1.50E-04
2.239E+00 1.749E-03 2.232E-07 1.68E-04
2.113E+00 1.824E-03 2.817E-07 1.89E-04
1.995E+00 1.904E-03 3.554E-07 2.12E-04
1.884E+00 1.990E-03 4.483E-07 2.38E-04
1.778E+00 2.082E-03 5.652E-07 2.67E-04
1.679E+00 2.185E-03 7.123E-07 3.00E-04
1.585E+00 2.295E-03 8.978E-07 3.37E-04
1.496E+00 2.410E-03 1.131E-06 3.78E-04
1.413E+00 2.533E-03 1.425E-06 4.24E-04
1.334E+00 2.661E-03 1.794E-06 4.76E-04
1.259E+00 2.798E-03 2.259E-06 5.34E-04
1.189E+00 2.951E-03 2.845E-06 5.99E-04
1.122E+00 3.114E-03 3.582E-06 6.72E-04
1.059E+00 3.287E-03 4.510E-06 7.54E-04
1.000E+00 3.471E-03 5.677E-06 8.46E-04
9.441E-01 3.667E-03 7.147E-06 9.49E-04
8.913E-01 3.874E-03 8.998E-06 1.06E-03
8.414E-01 4.091E-03 1.133E-05 1.19E-03
7.943E-01 4.320E-03 1.428E-05 1.34E-03
7.499E-01 4.563E-03 1.799E-05 1.50E-03
7.079E-01 4.820E-03 2.267E-05 1.69E-03
6.683E-01 5.091E-03 2.857E-05 1.89E-03
6.310E-01 5.380E-03 3.602E-05 2.13E-03
5.957E-01 5.687E-03 4.545E-05 2.39E-03
5.623E-01 6.012E-03 5.737E-05 2.68E-03
5.309E-01 6.357E-03 7.245E-05 3.01E-03
5.012E-01 6.721E-03 9.158E-05 3.37E-03
4.732E-01 7.105E-03 1.159E-04 3.79E-03
4.467E-01 7.508E-03 1.467E-04 4.26E-03
4.217E-01 7.937E-03 1.860E-04 4.78E-03
3.981E-01 8.385E-03 2.360E-04 5.37E-03
3.758E-01 8.844E-03 2.999E-04 6.04E-03
3.548E-01 9.328E-03 3.819E-04 6.79E-03
3.350E-01 9.830E-03 4.871E-04 7.63E-03
3.162E-01 1.034E-02 6.233E-04 8.59E-03
2.985E-01 1.087E-02 7.995E-04 9.67E-03
2.818E-01 1.141E-02 1.029E-03 1.09E-02
2.661E-01 1.195E-02 1.330E-03 1.23E-02
2.512E-01 1.246E-02 1.731E-03 1.39E-02
2.371E-01 1.295E-02 2.266E-03 1.57E-02
2.239E-01 1.342E-02 3.005E-03 1.78E-02
2.113E-01 1.661E-02 4.054E-03 2.04E-02
1.995E-01 2.438E-02 5.513E-03 2.33E-02
1.884E-01 3.821E-02 7.568E-03 2.68E-02
1.778E-01 6.085E-02 1.050E-02 3.09E-02
1.679E-01 9.906E-02 1.473E-02 3.57E-02
1.585E-01 1.647E-01 2.082E-02 4.11E-02
1.496E-01 2.712E-01 2.875E-02 4.54E-02
1.413E-01 3.920E-01 3.649E-02 4.76E-02
1.334E-01 4.802E-01 4.536E-02 5.08E-02
1.259E-01 5.767E-01 5.768E-02 5.48E-02
1.189E-01 6.885E-01 7.434E-02 5.91E-02
1.122E-01 8.225E-01 9.705E-02 6.34E-02
1.059E-01 9.913E-01 1.293E-01 6.71E-02
1.000E-01 1.201E+00 1.665E-01 6.93E-02
9.441E-02 1.359E+00 1.987E-01 7.38E-02
8.913E-02 1.415E+00 2.081E-01 8.18E-02
8.414E-02 1.483E+00 2.523E-01 9.26E-02
7.943E-02 1.591E+00 3.063E-01 1.02E-01
7.499E-02 1.626E+00 3.464E-01 1.14E-01
7.079E-02 1.557E+00 3.598E-01 1.32E-01
6.683E-02 1.406E+00 3.553E-01 1.53E-01
6.310E-02 1.131E+00 3.110E-01 1.74E-01
5.957E-02 7.849E-01 2.052E-01 1.93E-01
5.623E-02 6.953E-01 1.388E-01 2.19E-01
5.309E-02 6.685E-01 1.238E-01 2.48E-01
5.012E-02 6.474E-01 1.162E-01 2.80E-01
4.732E-02 6.287E-01 1.121E-01 3.15E-01
4.467E-02 6.109E-01 1.096E-01 3.52E-01
4.217E-02 5.931E-01 1.078E-01 3.91E-01
3.981E-02 5.752E-01 1.061E-01 4.33E-01
3.758E-02 5.566E-01 1.044E-01 4.76E-01
3.548E-02 5.374E-01 1.024E-01 5.19E-01
3.350E-02 5.176E-01 1.002E-01 5.62E-01
3.162E-02 4.971E-01 9.754E-02 6.04E-01
2.985E-02 4.758E-01 9.447E-02 6.44E-01
2.818E-02 4.540E-01 9.103E-02 6.81E-01
2.661E-02 4.320E-01 8.721E-02 7.14E-01
2.512E-02 4.094E-01 8.277E-02 7.43E-01
2.371E-02 3.870E-01 7.746E-02 7.68E-01
2.239E-02 3.766E-01 7.399E-02 7.87E-01
2.113E-02 3.599E-01 7.074E-02 8.03E-01
1.995E-02 3.443E-01 6.574E-02 8.16E-01
1.884E-02 3.553E-01 6.551E-02 8.29E-01
1.778E-02 3.374E-01 6.573E-02 8.43E-01
1.679E-02 3.216E-01 6.341E-02 8.57E-01
1.585E-02 3.068E-01 6.043E-02 8.72E-01
1.496E-02 2.922E-01 5.719E-02 8.86E-01
1.413E-02 2.774E-01 5.335E-02 8.96E-01
1.334E-02 2.744E-01 4.946E-02 9.04E-01
1.259E-02 2.688E-01 4.908E-02 9.11E-01
1.189E-02 2.528E-01 4.729E-02 9.19E-01
1.122E-02 2.368E-01 4.168E-02 9.27E-01
1.059E-02 2.805E-01 3.988E-02 9.35E-01
1.000E-02 2.625E-01 4.605E-02 9.40E-01
9.441E-03 2.449E-01 4.576E-02 9.44E-01
8.913E-03 2.276E-01 4.389E-02 9.50E-01
8.414E-03 2.107E-01 4.140E-02 9.55E-01
7.943E-03 1.943E-01 3.853E-02 9.59E-01
7.499E-03 1.788E-01 3.469E-02 9.62E-01
7.079E-03 1.778E-01 3.449E-02 9.66E-01
6.683E-03 1.630E-01 3.261E-02 9.69E-01
6.310E-03 1.490E-01 3.041E-02 9.71E-01
5.957E-03 1.360E-01 2.815E-02 9.74E-01
5.623E-03 1.235E-01 2.589E-02 9.77E-01
5.309E-03 1.120E-01 2.368E-02 9.79E-01
5.012E-03 1.014E-01 2.159E-02 9.81E-01
4.732E-03 9.156E-02 1.962E-02 9.82E-01
4.467E-03 8.246E-02 1.776E-02 9.84E-01
4.217E-03 7.409E-02 1.602E-02 9.86E-01
3.981E-03 6.640E-02 1.441E-02 9.87E-01
3.758E-03 5.936E-02 1.291E-02 9.88E-01
3.548E-03 5.291E-02 1.151E-02 9.89E-01
3.350E-03 4.703E-02 1.021E-02 9.90E-01
3.162E-03 4.173E-02 9.017E-03 9.91E-01
2.985E-03 3.702E-02 7.942E-03 9.92E-01
2.818E-03 3.258E-02 6.876E-03 9.93E-01
2.661E-03 2.850E-02 5.863E-03 9.93E-01
2.512E-03 2.499E-02 4.770E-03 9.94E-01
2.371E-03 2.189E-02 2.814E-03 9.95E-01
2.239E-03 5.110E-02 3.994E-03 9.95E-01
2.113E-03 4.574E-02 4.088E-03 9.96E-01
1.995E-03 4.063E-02 3.910E-03 9.96E-01
1.884E-03 3.589E-02 3.510E-03 9.96E-01
1.778E-03 3.155E-02 2.999E-03 9.97E-01
1.679E-03 2.761E-02 1.857E-03 9.97E-01
1.585E-03 4.383E-02 2.888E-03 9.97E-01
1.496E-03 3.844E-02 2.696E-03 9.98E-01
1.413E-03 3.735E-02 2.752E-03 9.98E-01
1.334E-03 3.279E-02 2.601E-03 9.98E-01
1.259E-03 2.871E-02 2.394E-03 9.98E-01
1.189E-03 2.506E-02 2.184E-03 9.98E-01
1.122E-03 2.171E-02 1.972E-03 9.99E-01
1.059E-03 1.877E-02 1.765E-03 9.99E-01
