w(micron)  Q_abs     Q_sca     g=<cos>
1.000E+03 1.737E-06 6.342E-17 0.00E+00
9.441E+02 1.949E-06 7.984E-17 0.00E+00
8.913E+02 2.187E-06 1.005E-16 0.00E+00
8.414E+02 2.454E-06 1.265E-16 0.00E+00
7.943E+02 2.754E-06 1.593E-16 0.00E+00
7.499E+02 3.091E-06 2.006E-16 0.00E+00
7.079E+02 3.468E-06 2.525E-16 0.00E+00
6.683E+02 3.892E-06 3.179E-16 0.00E+00
6.310E+02 4.367E-06 4.002E-16 0.00E+00
5.957E+02 4.900E-06 5.039E-16 0.00E+00
5.623E+02 5.499E-06 6.343E-16 0.00E+00
5.309E+02 6.171E-06 7.986E-16 0.00E+00
5.012E+02 6.926E-06 1.006E-15 0.00E+00
4.732E+02 7.773E-06 1.266E-15 0.00E+00
4.467E+02 8.724E-06 1.594E-15 0.00E+00
4.217E+02 9.792E-06 2.007E-15 0.00E+00
3.981E+02 1.099E-05 2.526E-15 0.00E+00
3.758E+02 1.234E-05 3.181E-15 0.00E+00
3.548E+02 1.385E-05 4.004E-15 0.00E+00
3.350E+02 1.554E-05 5.042E-15 0.00E+00
3.162E+02 1.745E-05 6.348E-15 0.00E+00
2.985E+02 1.959E-05 7.993E-15 0.00E+00
2.818E+02 2.200E-05 1.006E-14 0.00E+00
2.661E+02 2.471E-05 1.267E-14 0.00E+00
2.512E+02 2.775E-05 1.595E-14 0.00E+00
2.371E+02 3.117E-05 2.009E-14 0.00E+00
2.239E+02 3.501E-05 2.529E-14 0.00E+00
2.113E+02 3.932E-05 3.185E-14 0.00E+00
1.995E+02 4.418E-05 4.010E-14 0.00E+00
1.884E+02 4.965E-05 5.050E-14 0.00E+00
1.778E+02 5.580E-05 6.360E-14 0.00E+00
1.679E+02 6.274E-05 8.009E-14 0.00E+00
1.585E+02 7.055E-05 1.009E-13 0.00E+00
1.496E+02 7.936E-05 1.270E-13 0.00E+00
1.413E+02 8.928E-05 1.600E-13 0.00E+00
1.334E+02 1.005E-04 2.015E-13 0.00E+00
1.259E+02 1.131E-04 2.538E-13 0.00E+00
1.189E+02 1.274E-04 3.196E-13 0.00E+00
1.122E+02 1.435E-04 4.026E-13 0.00E+00
1.059E+02 1.617E-04 5.072E-13 0.00E+00
1.000E+02 1.825E-04 6.387E-13 0.00E+00
9.441E+01 2.058E-04 8.046E-13 0.00E+00
8.913E+01 2.323E-04 1.013E-12 0.00E+00
8.414E+01 2.622E-04 1.277E-12 0.00E+00
7.943E+01 2.963E-04 1.608E-12 0.00E+00
7.499E+01 3.349E-04 2.025E-12 5.04E-07
7.079E+01 3.788E-04 2.550E-12 5.57E-07
6.683E+01 4.283E-04 3.212E-12 6.14E-07
6.310E+01 4.846E-04 4.042E-12 6.76E-07
5.957E+01 5.483E-04 5.086E-12 7.42E-07
5.623E+01 6.203E-04 6.397E-12 8.12E-07
5.309E+01 7.011E-04 8.044E-12 8.87E-07
5.012E+01 7.923E-04 1.011E-11 9.67E-07
4.732E+01 8.949E-04 1.269E-11 1.05E-06
4.467E+01 1.010E-03 1.593E-11 1.14E-06
4.217E+01 1.139E-03 1.998E-11 1.24E-06
3.981E+01 1.282E-03 2.500E-11 1.34E-06
3.758E+01 1.441E-03 3.127E-11 1.44E-06
3.548E+01 1.610E-03 3.920E-11 1.57E-06
3.350E+01 1.803E-03 4.914E-11 1.69E-06
3.162E+01 2.030E-03 6.157E-11 1.82E-06
2.985E+01 2.292E-03 7.703E-11 1.96E-06
2.818E+01 2.586E-03 9.604E-11 2.10E-06
2.661E+01 2.925E-03 1.198E-10 2.24E-06
2.512E+01 3.315E-03 1.495E-10 2.39E-06
2.371E+01 3.751E-03 1.848E-10 2.56E-06
2.239E+01 4.260E-03 2.285E-10 2.72E-06
2.113E+01 4.848E-03 2.788E-10 2.90E-06
1.995E+01 5.554E-03 3.364E-10 3.07E-06
1.884E+01 6.187E-03 3.765E-10 3.31E-06
1.778E+01 6.225E-03 3.863E-10 3.73E-06
1.679E+01 5.673E-03 3.891E-10 4.33E-06
1.585E+01 4.852E-03 4.212E-10 5.12E-06
1.496E+01 4.113E-03 5.210E-10 6.12E-06
1.413E+01 3.699E-03 7.481E-10 7.43E-06
1.334E+01 4.412E-03 1.157E-09 8.70E-06
1.259E+01 5.818E-03 1.673E-09 9.42E-06
1.189E+01 7.733E-03 2.315E-09 9.61E-06
1.122E+01 1.006E-02 3.078E-09 9.54E-06
1.059E+01 1.330E-02 4.084E-09 9.26E-06
1.000E+01 1.620E-02 4.594E-09 9.50E-06
9.441E+00 1.818E-02 4.684E-09 1.01E-05
8.913E+00 1.359E-02 2.522E-09 1.19E-05
8.414E+00 8.782E-03 1.237E-09 1.42E-05
7.943E+00 4.074E-03 5.485E-10 1.67E-05
7.499E+00 1.805E-03 1.165E-09 2.00E-05
7.079E+00 1.417E-03 2.394E-09 2.35E-05
6.683E+00 1.401E-03 3.826E-09 2.71E-05
6.310E+00 1.391E-03 5.548E-09 3.10E-05
5.957E+00 1.359E-03 7.701E-09 3.53E-05
5.623E+00 1.336E-03 1.045E-08 4.00E-05
5.309E+00 1.334E-03 1.394E-08 4.54E-05
5.012E+00 1.351E-03 1.840E-08 5.13E-05
4.732E+00 1.384E-03 2.404E-08 5.79E-05
4.467E+00 1.428E-03 3.120E-08 6.54E-05
4.217E+00 1.481E-03 4.022E-08 7.37E-05
3.981E+00 1.535E-03 5.162E-08 8.30E-05
3.758E+00 1.588E-03 6.605E-08 9.34E-05
3.548E+00 1.645E-03 8.427E-08 1.05E-04
3.350E+00 1.704E-03 1.072E-07 1.18E-04
3.162E+00 1.757E-03 1.362E-07 1.33E-04
2.985E+00 1.816E-03 1.728E-07 1.49E-04
2.818E+00 1.882E-03 2.191E-07 1.68E-04
2.661E+00 1.953E-03 2.775E-07 1.88E-04
2.512E+00 2.029E-03 3.511E-07 2.12E-04
2.371E+00 2.114E-03 4.437E-07 2.38E-04
2.239E+00 2.202E-03 5.607E-07 2.67E-04
2.113E+00 2.297E-03 7.076E-07 3.00E-04
1.995E+00 2.398E-03 8.928E-07 3.36E-04
1.884E+00 2.506E-03 1.126E-06 3.77E-04
1.778E+00 2.622E-03 1.420E-06 4.24E-04
1.679E+00 2.752E-03 1.790E-06 4.75E-04
1.585E+00 2.891E-03 2.255E-06 5.34E-04
1.496E+00 3.037E-03 2.842E-06 5.99E-04
1.413E+00 3.191E-03 3.579E-06 6.72E-04
1.334E+00 3.353E-03 4.508E-06 7.54E-04
1.259E+00 3.526E-03 5.676E-06 8.46E-04
1.189E+00 3.719E-03 7.148E-06 9.49E-04
1.122E+00 3.926E-03 9.000E-06 1.06E-03
1.059E+00 4.144E-03 1.133E-05 1.19E-03
1.000E+00 4.377E-03 1.427E-05 1.34E-03
9.441E-01 4.625E-03 1.796E-05 1.50E-03
8.913E-01 4.887E-03 2.261E-05 1.69E-03
8.414E-01 5.163E-03 2.849E-05 1.89E-03
7.943E-01 5.454E-03 3.589E-05 2.12E-03
7.499E-01 5.762E-03 4.522E-05 2.38E-03
7.079E-01 6.088E-03 5.699E-05 2.67E-03
6.683E-01 6.433E-03 7.183E-05 3.00E-03
6.310E-01 6.801E-03 9.059E-05 3.37E-03
5.957E-01 7.193E-03 1.143E-04 3.78E-03
5.623E-01 7.609E-03 1.443E-04 4.24E-03
5.309E-01 8.050E-03 1.823E-04 4.76E-03
5.012E-01 8.518E-03 2.304E-04 5.34E-03
4.732E-01 9.012E-03 2.916E-04 6.00E-03
4.467E-01 9.531E-03 3.694E-04 6.74E-03
4.217E-01 1.009E-02 4.683E-04 7.57E-03
3.981E-01 1.067E-02 5.945E-04 8.50E-03
3.758E-01 1.127E-02 7.558E-04 9.55E-03
3.548E-01 1.190E-02 9.626E-04 1.07E-02
3.350E-01 1.256E-02 1.229E-03 1.21E-02
3.162E-01 1.324E-02 1.573E-03 1.36E-02
2.985E-01 1.395E-02 2.019E-03 1.53E-02
2.818E-01 1.468E-02 2.600E-03 1.72E-02
2.661E-01 1.542E-02 3.364E-03 1.94E-02
2.512E-01 1.612E-02 4.382E-03 2.19E-02
2.371E-01 1.683E-02 5.746E-03 2.48E-02
2.239E-01 1.753E-02 7.631E-03 2.82E-02
2.113E-01 2.182E-02 1.032E-02 3.22E-02
1.995E-01 3.225E-02 1.407E-02 3.68E-02
1.884E-01 5.095E-02 1.937E-02 4.23E-02
1.778E-01 8.193E-02 2.696E-02 4.89E-02
1.679E-01 1.349E-01 3.797E-02 5.66E-02
1.585E-01 2.270E-01 5.379E-02 6.53E-02
1.496E-01 3.760E-01 7.411E-02 7.23E-02
1.413E-01 5.396E-01 9.313E-02 7.58E-02
1.334E-01 6.572E-01 1.145E-01 8.12E-02
1.259E-01 7.836E-01 1.436E-01 8.79E-02
1.189E-01 9.253E-01 1.816E-01 9.51E-02
1.122E-01 1.086E+00 2.309E-01 1.03E-01
1.059E-01 1.271E+00 2.958E-01 1.10E-01
1.000E-01 1.463E+00 3.584E-01 1.15E-01
9.441E-02 1.572E+00 4.009E-01 1.25E-01
8.913E-02 1.571E+00 3.969E-01 1.40E-01
8.414E-02 1.603E+00 4.572E-01 1.61E-01
7.943E-02 1.641E+00 5.158E-01 1.80E-01
7.499E-02 1.621E+00 5.465E-01 2.05E-01
7.079E-02 1.537E+00 5.459E-01 2.35E-01
6.683E-02 1.395E+00 5.300E-01 2.66E-01
6.310E-02 1.146E+00 4.718E-01 2.93E-01
5.957E-02 8.329E-01 3.289E-01 3.14E-01
5.623E-02 7.599E-01 2.266E-01 3.52E-01
5.309E-02 7.387E-01 2.006E-01 3.93E-01
5.012E-02 7.209E-01 1.863E-01 4.36E-01
4.732E-02 7.042E-01 1.777E-01 4.79E-01
4.467E-02 6.876E-01 1.720E-01 5.23E-01
4.217E-02 6.704E-01 1.677E-01 5.65E-01
3.981E-02 6.524E-01 1.642E-01 6.06E-01
3.758E-02 6.332E-01 1.608E-01 6.45E-01
3.548E-02 6.130E-01 1.574E-01 6.80E-01
3.350E-02 5.919E-01 1.539E-01 7.12E-01
3.162E-02 5.699E-01 1.500E-01 7.40E-01
2.985E-02 5.469E-01 1.457E-01 7.65E-01
2.818E-02 5.231E-01 1.409E-01 7.85E-01
2.661E-02 4.992E-01 1.356E-01 8.02E-01
2.512E-02 4.747E-01 1.293E-01 8.17E-01
2.371E-02 4.506E-01 1.215E-01 8.30E-01
2.239E-02 4.398E-01 1.161E-01 8.43E-01
2.113E-02 4.222E-01 1.109E-01 8.57E-01
1.995E-02 4.058E-01 1.028E-01 8.72E-01
1.884E-02 4.186E-01 1.016E-01 8.86E-01
1.778E-02 3.989E-01 1.018E-01 8.96E-01
1.679E-02 3.813E-01 9.829E-02 9.04E-01
1.585E-02 3.647E-01 9.384E-02 9.11E-01
1.496E-02 3.485E-01 8.897E-02 9.19E-01
1.413E-02 3.321E-01 8.303E-02 9.27E-01
1.334E-02 3.290E-01 7.677E-02 9.35E-01
1.259E-02 3.227E-01 7.603E-02 9.40E-01
1.189E-02 3.044E-01 7.334E-02 9.44E-01
1.122E-02 2.861E-01 6.476E-02 9.50E-01
1.059E-02 3.366E-01 6.138E-02 9.55E-01
1.000E-02 3.159E-01 7.091E-02 9.59E-01
9.441E-03 2.957E-01 7.058E-02 9.62E-01
8.913E-03 2.757E-01 6.780E-02 9.66E-01
8.414E-03 2.560E-01 6.410E-02 9.69E-01
7.943E-03 2.369E-01 5.977E-02 9.71E-01
7.499E-03 2.186E-01 5.390E-02 9.74E-01
7.079E-03 2.174E-01 5.356E-02 9.77E-01
6.683E-03 1.998E-01 5.073E-02 9.79E-01
6.310E-03 1.831E-01 4.738E-02 9.81E-01
5.957E-03 1.675E-01 4.394E-02 9.82E-01
5.623E-03 1.525E-01 4.047E-02 9.84E-01
5.309E-03 1.385E-01 3.707E-02 9.86E-01
5.012E-03 1.256E-01 3.383E-02 9.87E-01
4.732E-03 1.136E-01 3.079E-02 9.88E-01
4.467E-03 1.025E-01 2.791E-02 9.89E-01
4.217E-03 9.222E-02 2.519E-02 9.90E-01
3.981E-03 8.275E-02 2.268E-02 9.91E-01
3.758E-03 7.405E-02 2.033E-02 9.92E-01
3.548E-03 6.607E-02 1.814E-02 9.93E-01
3.350E-03 5.879E-02 1.611E-02 9.93E-01
3.162E-03 5.220E-02 1.423E-02 9.94E-01
2.985E-03 4.634E-02 1.254E-02 9.95E-01
2.818E-03 4.082E-02 1.086E-02 9.95E-01
2.661E-03 3.572E-02 9.268E-03 9.96E-01
2.512E-03 3.135E-02 7.543E-03 9.96E-01
2.371E-03 2.747E-02 4.452E-03 9.96E-01
2.239E-03 6.384E-02 6.288E-03 9.97E-01
2.113E-03 5.719E-02 6.440E-03 9.97E-01
1.995E-03 5.084E-02 6.165E-03 9.97E-01
1.884E-03 4.495E-02 5.537E-03 9.98E-01
1.778E-03 3.953E-02 4.735E-03 9.98E-01
1.679E-03 3.461E-02 2.933E-03 9.98E-01
1.585E-03 5.482E-02 4.549E-03 9.98E-01
1.496E-03 4.811E-02 4.249E-03 9.98E-01
1.413E-03 4.676E-02 4.339E-03 9.99E-01
1.334E-03 4.108E-02 4.103E-03 9.99E-01
1.259E-03 3.599E-02 3.779E-03 9.99E-01
1.189E-03 3.144E-02 3.450E-03 9.99E-01
1.122E-03 2.724E-02 3.117E-03 9.99E-01
1.059E-03 2.356E-02 2.790E-03 9.99E-01
