w(micron)  Q_abs     Q_sca     g=<cos>
1.000E+03 1.737E-05 6.342E-13 0.00E+00
9.441E+02 1.949E-05 7.984E-13 0.00E+00
8.913E+02 2.187E-05 1.005E-12 0.00E+00
8.414E+02 2.454E-05 1.265E-12 0.00E+00
7.943E+02 2.754E-05 1.593E-12 0.00E+00
7.499E+02 3.091E-05 2.006E-12 5.61E-07
7.079E+02 3.468E-05 2.525E-12 6.30E-07
6.683E+02 3.892E-05 3.179E-12 7.07E-07
6.310E+02 4.367E-05 4.002E-12 7.93E-07
5.957E+02 4.901E-05 5.039E-12 8.90E-07
5.623E+02 5.499E-05 6.343E-12 9.98E-07
5.309E+02 6.171E-05 7.986E-12 1.12E-06
5.012E+02 6.926E-05 1.006E-11 1.26E-06
4.732E+02 7.773E-05 1.266E-11 1.41E-06
4.467E+02 8.724E-05 1.594E-11 1.58E-06
4.217E+02 9.793E-05 2.007E-11 1.77E-06
3.981E+02 1.099E-04 2.526E-11 1.99E-06
3.758E+02 1.234E-04 3.181E-11 2.23E-06
3.548E+02 1.385E-04 4.004E-11 2.50E-06
3.350E+02 1.554E-04 5.042E-11 2.81E-06
3.162E+02 1.745E-04 6.348E-11 3.15E-06
2.985E+02 1.959E-04 7.993E-11 3.53E-06
2.818E+02 2.200E-04 1.006E-10 3.96E-06
2.661E+02 2.471E-04 1.267E-10 4.43E-06
2.512E+02 2.775E-04 1.595E-10 4.97E-06
2.371E+02 3.117E-04 2.009E-10 5.57E-06
2.239E+02 3.501E-04 2.529E-10 6.24E-06
2.113E+02 3.932E-04 3.185E-10 7.00E-06
1.995E+02 4.418E-04 4.010E-10 7.84E-06
1.884E+02 4.965E-04 5.050E-10 8.78E-06
1.778E+02 5.581E-04 6.360E-10 9.84E-06
1.679E+02 6.274E-04 8.009E-10 1.10E-05
1.585E+02 7.056E-04 1.009E-09 1.23E-05
1.496E+02 7.937E-04 1.270E-09 1.38E-05
1.413E+02 8.929E-04 1.600E-09 1.54E-05
1.334E+02 1.005E-03 2.015E-09 1.73E-05
1.259E+02 1.131E-03 2.538E-09 1.93E-05
1.189E+02 1.275E-03 3.196E-09 2.15E-05
1.122E+02 1.436E-03 4.026E-09 2.40E-05
1.059E+02 1.618E-03 5.072E-09 2.68E-05
1.000E+02 1.825E-03 6.387E-09 2.99E-05
9.441E+01 2.059E-03 8.046E-09 3.32E-05
8.913E+01 2.324E-03 1.014E-08 3.70E-05
8.414E+01 2.623E-03 1.277E-08 4.11E-05
7.943E+01 2.963E-03 1.608E-08 4.55E-05
7.499E+01 3.350E-03 2.026E-08 5.04E-05
7.079E+01 3.789E-03 2.551E-08 5.57E-05
6.683E+01 4.284E-03 3.212E-08 6.14E-05
6.310E+01 4.849E-03 4.043E-08 6.76E-05
5.957E+01 5.485E-03 5.087E-08 7.42E-05
5.623E+01 6.207E-03 6.398E-08 8.12E-05
5.309E+01 7.015E-03 8.045E-08 8.87E-05
5.012E+01 7.929E-03 1.011E-07 9.67E-05
4.732E+01 8.955E-03 1.269E-07 1.05E-04
4.467E+01 1.011E-02 1.593E-07 1.14E-04
4.217E+01 1.140E-02 1.998E-07 1.24E-04
3.981E+01 1.283E-02 2.500E-07 1.34E-04
3.758E+01 1.442E-02 3.128E-07 1.44E-04
3.548E+01 1.612E-02 3.921E-07 1.57E-04
3.350E+01 1.805E-02 4.916E-07 1.69E-04
3.162E+01 2.032E-02 6.160E-07 1.82E-04
2.985E+01 2.295E-02 7.708E-07 1.96E-04
2.818E+01 2.590E-02 9.610E-07 2.10E-04
2.661E+01 2.929E-02 1.198E-06 2.24E-04
2.512E+01 3.320E-02 1.496E-06 2.39E-04
2.371E+01 3.758E-02 1.849E-06 2.55E-04
2.239E+01 4.268E-02 2.287E-06 2.72E-04
2.113E+01 4.857E-02 2.790E-06 2.90E-04
1.995E+01 5.565E-02 3.367E-06 3.07E-04
1.884E+01 6.199E-02 3.768E-06 3.31E-04
1.778E+01 6.237E-02 3.866E-06 3.73E-04
1.679E+01 5.683E-02 3.893E-06 4.33E-04
1.585E+01 4.862E-02 4.215E-06 5.12E-04
1.496E+01 4.123E-02 5.214E-06 6.12E-04
1.413E+01 3.711E-02 7.490E-06 7.43E-04
1.334E+01 4.430E-02 1.159E-05 8.70E-04
1.259E+01 5.847E-02 1.677E-05 9.41E-04
1.189E+01 7.774E-02 2.321E-05 9.60E-04
1.122E+01 1.011E-01 3.086E-05 9.53E-04
1.059E+01 1.337E-01 4.094E-05 9.25E-04
1.000E+01 1.627E-01 4.600E-05 9.49E-04
9.441E+00 1.823E-01 4.682E-05 1.01E-03
8.913E+00 1.359E-01 2.516E-05 1.19E-03
8.414E+00 8.789E-02 1.233E-05 1.42E-03
7.943E+00 4.081E-02 5.472E-06 1.67E-03
7.499E+00 1.811E-02 1.164E-05 2.00E-03
7.079E+00 1.425E-02 2.393E-05 2.35E-03
6.683E+00 1.411E-02 3.827E-05 2.71E-03
6.310E+00 1.403E-02 5.553E-05 3.09E-03
5.957E+00 1.372E-02 7.712E-05 3.52E-03
5.623E+00 1.352E-02 1.047E-04 4.00E-03
5.309E+00 1.352E-02 1.398E-04 4.53E-03
5.012E+00 1.372E-02 1.846E-04 5.12E-03
4.732E+00 1.409E-02 2.413E-04 5.78E-03
4.467E+00 1.457E-02 3.134E-04 6.52E-03
4.217E+00 1.516E-02 4.043E-04 7.35E-03
3.981E+00 1.576E-02 5.193E-04 8.27E-03
3.758E+00 1.636E-02 6.650E-04 9.30E-03
3.548E+00 1.702E-02 8.494E-04 1.05E-02
3.350E+00 1.769E-02 1.082E-03 1.18E-02
3.162E+00 1.833E-02 1.375E-03 1.32E-02
2.985E+00 1.905E-02 1.748E-03 1.48E-02
2.818E+00 1.986E-02 2.219E-03 1.67E-02
2.661E+00 2.074E-02 2.815E-03 1.87E-02
2.512E+00 2.171E-02 3.568E-03 2.10E-02
2.371E+00 2.279E-02 4.519E-03 2.35E-02
2.239E+00 2.396E-02 5.722E-03 2.64E-02
2.113E+00 2.524E-02 7.236E-03 2.96E-02
1.995E+00 2.665E-02 9.153E-03 3.32E-02
1.884E+00 2.818E-02 1.158E-02 3.73E-02
1.778E+00 2.989E-02 1.463E-02 4.18E-02
1.679E+00 3.182E-02 1.850E-02 4.68E-02
1.585E+00 3.397E-02 2.338E-02 5.25E-02
1.496E+00 3.632E-02 2.955E-02 5.89E-02
1.413E+00 3.891E-02 3.732E-02 6.60E-02
1.334E+00 4.175E-02 4.713E-02 7.40E-02
1.259E+00 4.490E-02 5.948E-02 8.30E-02
1.189E+00 4.853E-02 7.502E-02 9.32E-02
1.122E+00 5.258E-02 9.451E-02 1.05E-01
1.059E+00 5.707E-02 1.189E-01 1.18E-01
1.000E+00 6.207E-02 1.492E-01 1.32E-01
9.441E-01 6.765E-02 1.867E-01 1.49E-01
8.913E-01 7.384E-02 2.327E-01 1.69E-01
8.414E-01 8.069E-02 2.888E-01 1.91E-01
7.943E-01 8.831E-02 3.561E-01 2.17E-01
7.499E-01 9.686E-02 4.356E-01 2.48E-01
7.079E-01 1.066E-01 5.284E-01 2.85E-01
6.683E-01 1.179E-01 6.352E-01 3.28E-01
6.310E-01 1.317E-01 7.584E-01 3.79E-01
5.957E-01 1.489E-01 9.035E-01 4.37E-01
5.623E-01 1.710E-01 1.082E+00 4.98E-01
5.309E-01 1.984E-01 1.313E+00 5.53E-01
5.012E-01 2.288E-01 1.613E+00 5.90E-01
4.732E-01 2.538E-01 1.959E+00 6.00E-01
4.467E-01 2.636E-01 2.269E+00 5.89E-01
4.217E-01 2.603E-01 2.465E+00 5.76E-01
3.981E-01 2.591E-01 2.576E+00 5.75E-01
3.758E-01 2.771E-01 2.710E+00 5.95E-01
3.548E-01 3.263E-01 2.992E+00 6.35E-01
3.350E-01 3.913E-01 3.472E+00 6.78E-01
3.162E-01 4.068E-01 3.815E+00 6.93E-01
2.985E-01 3.800E-01 3.742E+00 6.77E-01
2.818E-01 3.877E-01 3.574E+00 6.45E-01
2.661E-01 4.870E-01 3.752E+00 6.37E-01
2.512E-01 5.239E-01 3.939E+00 6.68E-01
2.371E-01 4.681E-01 3.326E+00 6.46E-01
2.239E-01 5.601E-01 2.746E+00 5.26E-01
2.113E-01 6.702E-01 2.369E+00 5.16E-01
1.995E-01 8.435E-01 1.443E+00 4.59E-01
1.884E-01 1.097E+00 1.129E+00 5.36E-01
1.778E-01 1.295E+00 1.185E+00 7.49E-01
1.679E-01 1.329E+00 1.346E+00 8.31E-01
1.585E-01 1.326E+00 1.332E+00 8.34E-01
1.496E-01 1.294E+00 1.303E+00 8.26E-01
1.413E-01 1.273E+00 1.295E+00 8.29E-01
1.334E-01 1.256E+00 1.291E+00 8.34E-01
1.259E-01 1.236E+00 1.291E+00 8.37E-01
1.189E-01 1.214E+00 1.295E+00 8.38E-01
1.122E-01 1.191E+00 1.303E+00 8.38E-01
1.059E-01 1.165E+00 1.317E+00 8.35E-01
1.000E-01 1.139E+00 1.330E+00 8.33E-01
9.441E-02 1.116E+00 1.332E+00 8.35E-01
8.913E-02 1.101E+00 1.313E+00 8.45E-01
8.414E-02 1.084E+00 1.318E+00 8.45E-01
7.943E-02 1.049E+00 1.339E+00 8.39E-01
7.499E-02 1.005E+00 1.359E+00 8.34E-01
7.079E-02 9.609E-01 1.371E+00 8.31E-01
6.683E-02 9.072E-01 1.385E+00 8.27E-01
6.310E-02 8.443E-01 1.394E+00 8.26E-01
5.957E-02 8.215E-01 1.337E+00 8.55E-01
5.623E-02 8.877E-01 1.215E+00 9.02E-01
5.309E-02 9.126E-01 1.166E+00 9.19E-01
5.012E-02 9.265E-01 1.134E+00 9.31E-01
4.732E-02 9.340E-01 1.113E+00 9.40E-01
4.467E-02 9.377E-01 1.097E+00 9.46E-01
4.217E-02 9.390E-01 1.086E+00 9.51E-01
3.981E-02 9.389E-01 1.076E+00 9.56E-01
3.758E-02 9.377E-01 1.069E+00 9.60E-01
3.548E-02 9.360E-01 1.062E+00 9.64E-01
3.350E-02 9.338E-01 1.056E+00 9.67E-01
3.162E-02 9.316E-01 1.052E+00 9.70E-01
2.985E-02 9.291E-01 1.047E+00 9.73E-01
2.818E-02 9.267E-01 1.044E+00 9.76E-01
2.661E-02 9.245E-01 1.041E+00 9.79E-01
2.512E-02 9.225E-01 1.039E+00 9.81E-01
2.371E-02 9.212E-01 1.037E+00 9.84E-01
2.239E-02 9.235E-01 1.032E+00 9.86E-01
2.113E-02 9.224E-01 1.033E+00 9.88E-01
1.995E-02 9.229E-01 1.029E+00 9.89E-01
1.884E-02 9.316E-01 1.013E+00 9.91E-01
1.778E-02 9.257E-01 1.028E+00 9.91E-01
1.679E-02 9.225E-01 1.036E+00 9.92E-01
1.585E-02 9.198E-01 1.043E+00 9.93E-01
1.496E-02 9.168E-01 1.051E+00 9.94E-01
1.413E-02 9.135E-01 1.057E+00 9.95E-01
1.334E-02 9.166E-01 1.040E+00 9.96E-01
1.259E-02 9.154E-01 1.046E+00 9.96E-01
1.189E-02 9.082E-01 1.067E+00 9.97E-01
1.122E-02 9.020E-01 1.062E+00 9.97E-01
1.059E-02 9.327E-01 9.418E-01 9.98E-01
1.000E-02 9.196E-01 1.031E+00 9.98E-01
9.441E-03 9.098E-01 1.069E+00 9.98E-01
8.913E-03 8.995E-01 1.099E+00 9.98E-01
8.414E-03 8.875E-01 1.128E+00 9.98E-01
7.943E-03 8.736E-01 1.154E+00 9.99E-01
7.499E-03 8.578E-01 1.165E+00 9.99E-01
7.079E-03 8.575E-01 1.165E+00 9.99E-01
6.683E-03 8.381E-01 1.200E+00 9.99E-01
6.310E-03 8.161E-01 1.228E+00 9.99E-01
5.957E-03 7.918E-01 1.248E+00 9.99E-01
5.623E-03 7.640E-01 1.263E+00 9.99E-01
5.309E-03 7.340E-01 1.269E+00 1.00E+00
5.012E-03 7.020E-01 1.266E+00 1.00E+00
4.732E-03 6.678E-01 1.254E+00 1.00E+00
4.467E-03 6.319E-01 1.233E+00 1.00E+00
4.217E-03 5.947E-01 1.202E+00 1.00E+00
3.981E-03 5.567E-01 1.163E+00 1.00E+00
3.758E-03 5.182E-01 1.116E+00 1.00E+00
3.548E-03 4.796E-01 1.060E+00 1.00E+00
3.350E-03 4.414E-01 9.979E-01 1.00E+00
3.162E-03 4.043E-01 9.299E-01 1.00E+00
2.985E-03 3.690E-01 8.599E-01 1.00E+00
2.818E-03 3.337E-01 7.804E-01 1.00E+00
2.661E-03 2.993E-01 6.954E-01 1.00E+00
2.512E-03 2.683E-01 5.900E-01 1.00E+00
2.371E-03 2.396E-01 3.677E-01 1.00E+00
2.239E-03 4.690E-01 4.236E-01 1.00E+00
2.113E-03 4.332E-01 4.473E-01 1.00E+00
1.995E-03 3.967E-01 4.431E-01 1.00E+00
1.884E-03 3.606E-01 4.127E-01 1.00E+00
1.778E-03 3.254E-01 3.659E-01 1.00E+00
1.679E-03 2.918E-01 2.371E-01 1.00E+00
1.585E-03 4.200E-01 3.262E-01 1.00E+00
1.496E-03 3.804E-01 3.160E-01 1.00E+00
1.413E-03 3.720E-01 3.245E-01 1.00E+00
1.334E-03 3.358E-01 3.166E-01 1.00E+00
1.259E-03 3.013E-01 3.003E-01 1.00E+00
1.189E-03 2.691E-01 2.816E-01 1.00E+00
1.122E-03 2.380E-01 2.609E-01 1.00E+00
1.059E-03 2.096E-01 2.389E-01 1.00E+00
