w(micron)  Q_abs     Q_sca     g=<cos>
1.000E+03 4.896E-06 4.002E-15 0.00E+00
9.441E+02 5.494E-06 5.038E-15 0.00E+00
8.913E+02 6.165E-06 6.342E-15 0.00E+00
8.414E+02 6.917E-06 7.984E-15 0.00E+00
7.943E+02 7.762E-06 1.005E-14 0.00E+00
7.499E+02 8.711E-06 1.265E-14 0.00E+00
7.079E+02 9.775E-06 1.593E-14 0.00E+00
6.683E+02 1.097E-05 2.006E-14 0.00E+00
6.310E+02 1.231E-05 2.525E-14 0.00E+00
5.957E+02 1.381E-05 3.179E-14 0.00E+00
5.623E+02 1.550E-05 4.002E-14 0.00E+00
5.309E+02 1.739E-05 5.039E-14 0.00E+00
5.012E+02 1.952E-05 6.344E-14 0.00E+00
4.732E+02 2.191E-05 7.988E-14 0.00E+00
4.467E+02 2.459E-05 1.006E-13 0.00E+00
4.217E+02 2.760E-05 1.266E-13 0.00E+00
3.981E+02 3.098E-05 1.594E-13 0.00E+00
3.758E+02 3.477E-05 2.007E-13 0.00E+00
3.548E+02 3.903E-05 2.527E-13 0.00E+00
3.350E+02 4.381E-05 3.181E-13 0.00E+00
3.162E+02 4.917E-05 4.005E-13 0.00E+00
2.985E+02 5.520E-05 5.043E-13 0.00E+00
2.818E+02 6.200E-05 6.350E-13 0.00E+00
2.661E+02 6.963E-05 7.995E-13 0.00E+00
2.512E+02 7.821E-05 1.007E-12 0.00E+00
2.371E+02 8.784E-05 1.267E-12 0.00E+00
2.239E+02 9.866E-05 1.596E-12 0.00E+00
2.113E+02 1.108E-04 2.009E-12 5.55E-07
1.995E+02 1.245E-04 2.530E-12 6.22E-07
1.884E+02 1.399E-04 3.186E-12 6.98E-07
1.778E+02 1.573E-04 4.013E-12 7.81E-07
1.679E+02 1.768E-04 5.053E-12 8.75E-07
1.585E+02 1.988E-04 6.364E-12 9.79E-07
1.496E+02 2.237E-04 8.014E-12 1.10E-06
1.413E+02 2.516E-04 1.009E-11 1.23E-06
1.334E+02 2.832E-04 1.271E-11 1.37E-06
1.259E+02 3.188E-04 1.601E-11 1.53E-06
1.189E+02 3.592E-04 2.016E-11 1.71E-06
1.122E+02 4.045E-04 2.540E-11 1.91E-06
1.059E+02 4.558E-04 3.200E-11 2.13E-06
1.000E+02 5.142E-04 4.030E-11 2.37E-06
9.441E+01 5.802E-04 5.077E-11 2.64E-06
8.913E+01 6.547E-04 6.395E-11 2.94E-06
8.414E+01 7.390E-04 8.056E-11 3.26E-06
7.943E+01 8.350E-04 1.015E-10 3.62E-06
7.499E+01 9.439E-04 1.278E-10 4.00E-06
7.079E+01 1.068E-03 1.609E-10 4.42E-06
6.683E+01 1.207E-03 2.026E-10 4.88E-06
6.310E+01 1.366E-03 2.550E-10 5.37E-06
5.957E+01 1.545E-03 3.209E-10 5.89E-06
5.623E+01 1.748E-03 4.036E-10 6.45E-06
5.309E+01 1.976E-03 5.075E-10 7.05E-06
5.012E+01 2.233E-03 6.377E-10 7.68E-06
4.732E+01 2.522E-03 8.008E-10 8.35E-06
4.467E+01 2.847E-03 1.005E-09 9.06E-06
4.217E+01 3.210E-03 1.260E-09 9.82E-06
3.981E+01 3.614E-03 1.577E-09 1.06E-05
3.758E+01 4.060E-03 1.973E-09 1.15E-05
3.548E+01 4.538E-03 2.473E-09 1.24E-05
3.350E+01 5.081E-03 3.100E-09 1.35E-05
3.162E+01 5.722E-03 3.885E-09 1.45E-05
2.985E+01 6.459E-03 4.861E-09 1.55E-05
2.818E+01 7.290E-03 6.060E-09 1.67E-05
2.661E+01 8.244E-03 7.556E-09 1.78E-05
2.512E+01 9.343E-03 9.431E-09 1.90E-05
2.371E+01 1.057E-02 1.166E-08 2.03E-05
2.239E+01 1.201E-02 1.442E-08 2.16E-05
2.113E+01 1.367E-02 1.759E-08 2.30E-05
1.995E+01 1.566E-02 2.123E-08 2.44E-05
1.884E+01 1.744E-02 2.376E-08 2.63E-05
1.778E+01 1.755E-02 2.438E-08 2.96E-05
1.679E+01 1.599E-02 2.455E-08 3.44E-05
1.585E+01 1.368E-02 2.658E-08 4.07E-05
1.496E+01 1.159E-02 3.287E-08 4.86E-05
1.413E+01 1.043E-02 4.720E-08 5.91E-05
1.334E+01 1.244E-02 7.304E-08 6.91E-05
1.259E+01 1.640E-02 1.056E-07 7.48E-05
1.189E+01 2.180E-02 1.461E-07 7.63E-05
1.122E+01 2.836E-02 1.943E-07 7.58E-05
1.059E+01 3.749E-02 2.578E-07 7.35E-05
1.000E+01 4.568E-02 2.899E-07 7.54E-05
9.441E+00 5.126E-02 2.955E-07 8.03E-05
8.913E+00 3.829E-02 1.591E-07 9.46E-05
8.414E+00 2.475E-02 7.801E-08 1.12E-04
7.943E+00 1.148E-02 3.460E-08 1.33E-04
7.499E+00 5.087E-03 7.350E-08 1.59E-04
7.079E+00 3.996E-03 1.510E-07 1.87E-04
6.683E+00 3.952E-03 2.414E-07 2.15E-04
6.310E+00 3.923E-03 3.501E-07 2.46E-04
5.957E+00 3.832E-03 4.860E-07 2.80E-04
5.623E+00 3.769E-03 6.592E-07 3.18E-04
5.309E+00 3.763E-03 8.798E-07 3.60E-04
5.012E+00 3.811E-03 1.161E-06 4.07E-04
4.732E+00 3.906E-03 1.517E-06 4.60E-04
4.467E+00 4.030E-03 1.969E-06 5.19E-04
4.217E+00 4.181E-03 2.539E-06 5.85E-04
3.981E+00 4.333E-03 3.259E-06 6.59E-04
3.758E+00 4.486E-03 4.169E-06 7.42E-04
3.548E+00 4.649E-03 5.320E-06 8.34E-04
3.350E+00 4.815E-03 6.770E-06 9.38E-04
3.162E+00 4.966E-03 8.598E-06 1.05E-03
2.985E+00 5.136E-03 1.091E-05 1.18E-03
2.818E+00 5.325E-03 1.384E-05 1.33E-03
2.661E+00 5.528E-03 1.753E-05 1.50E-03
2.512E+00 5.748E-03 2.218E-05 1.68E-03
2.371E+00 5.990E-03 2.804E-05 1.89E-03
2.239E+00 6.245E-03 3.544E-05 2.12E-03
2.113E+00 6.518E-03 4.472E-05 2.38E-03
1.995E+00 6.813E-03 5.644E-05 2.67E-03
1.884E+00 7.126E-03 7.122E-05 2.99E-03
1.778E+00 7.465E-03 8.981E-05 3.36E-03
1.679E+00 7.842E-03 1.132E-04 3.77E-03
1.585E+00 8.249E-03 1.428E-04 4.23E-03
1.496E+00 8.678E-03 1.800E-04 4.75E-03
1.413E+00 9.135E-03 2.267E-04 5.33E-03
1.334E+00 9.618E-03 2.857E-04 5.97E-03
1.259E+00 1.013E-02 3.600E-04 6.70E-03
1.189E+00 1.072E-02 4.535E-04 7.52E-03
1.122E+00 1.134E-02 5.714E-04 8.43E-03
1.059E+00 1.201E-02 7.200E-04 9.46E-03
1.000E+00 1.272E-02 9.072E-04 1.06E-02
9.441E-01 1.349E-02 1.143E-03 1.19E-02
8.913E-01 1.432E-02 1.441E-03 1.33E-02
8.414E-01 1.519E-02 1.817E-03 1.50E-02
7.943E-01 1.613E-02 2.292E-03 1.68E-02
7.499E-01 1.714E-02 2.891E-03 1.88E-02
7.079E-01 1.822E-02 3.649E-03 2.11E-02
6.683E-01 1.939E-02 4.607E-03 2.36E-02
6.310E-01 2.066E-02 5.821E-03 2.65E-02
5.957E-01 2.204E-02 7.359E-03 2.97E-02
5.623E-01 2.354E-02 9.310E-03 3.33E-02
5.309E-01 2.517E-02 1.179E-02 3.74E-02
5.012E-01 2.695E-02 1.494E-02 4.19E-02
4.732E-01 2.890E-02 1.895E-02 4.70E-02
4.467E-01 3.101E-02 2.408E-02 5.28E-02
4.217E-01 3.334E-02 3.062E-02 5.93E-02
3.981E-01 3.589E-02 3.899E-02 6.65E-02
3.758E-01 3.865E-02 4.972E-02 7.48E-02
3.548E-01 4.171E-02 6.351E-02 8.41E-02
3.350E-01 4.507E-02 8.127E-02 9.46E-02
3.162E-01 4.876E-02 1.043E-01 1.07E-01
2.985E-01 5.284E-02 1.340E-01 1.20E-01
2.818E-01 5.737E-02 1.726E-01 1.36E-01
2.661E-01 6.240E-02 2.230E-01 1.55E-01
2.512E-01 6.789E-02 2.892E-01 1.77E-01
2.371E-01 7.418E-02 3.763E-01 2.03E-01
2.239E-01 8.185E-02 4.942E-01 2.35E-01
2.113E-01 1.099E-01 6.562E-01 2.78E-01
1.995E-01 1.792E-01 8.689E-01 3.34E-01
1.884E-01 3.241E-01 1.153E+00 4.09E-01
1.778E-01 6.127E-01 1.544E+00 4.91E-01
1.679E-01 1.056E+00 1.964E+00 5.27E-01
1.585E-01 1.356E+00 2.011E+00 4.97E-01
1.496E-01 1.488E+00 1.703E+00 4.92E-01
1.413E-01 1.550E+00 1.444E+00 5.27E-01
1.334E-01 1.578E+00 1.352E+00 5.66E-01
1.259E-01 1.606E+00 1.305E+00 6.01E-01
1.189E-01 1.619E+00 1.280E+00 6.29E-01
1.122E-01 1.610E+00 1.263E+00 6.47E-01
1.059E-01 1.583E+00 1.252E+00 6.57E-01
1.000E-01 1.552E+00 1.223E+00 6.67E-01
9.441E-02 1.525E+00 1.193E+00 6.83E-01
8.913E-02 1.491E+00 1.134E+00 7.05E-01
8.414E-02 1.471E+00 1.159E+00 7.19E-01
7.943E-02 1.431E+00 1.180E+00 7.26E-01
7.499E-02 1.371E+00 1.193E+00 7.29E-01
7.079E-02 1.296E+00 1.192E+00 7.35E-01
6.683E-02 1.194E+00 1.193E+00 7.38E-01
6.310E-02 1.051E+00 1.176E+00 7.43E-01
5.957E-02 9.148E-01 1.050E+00 7.76E-01
5.623E-02 9.308E-01 8.464E-01 8.23E-01
5.309E-02 9.362E-01 7.749E-01 8.45E-01
5.012E-02 9.348E-01 7.318E-01 8.62E-01
4.732E-02 9.290E-01 7.050E-01 8.76E-01
4.467E-02 9.204E-01 6.871E-01 8.88E-01
4.217E-02 9.097E-01 6.746E-01 8.98E-01
3.981E-02 8.977E-01 6.650E-01 9.07E-01
3.758E-02 8.846E-01 6.571E-01 9.15E-01
3.548E-02 8.705E-01 6.501E-01 9.23E-01
3.350E-02 8.557E-01 6.434E-01 9.30E-01
3.162E-02 8.403E-01 6.364E-01 9.36E-01
2.985E-02 8.241E-01 6.283E-01 9.42E-01
2.818E-02 8.073E-01 6.190E-01 9.48E-01
2.661E-02 7.901E-01 6.078E-01 9.53E-01
2.512E-02 7.719E-01 5.930E-01 9.58E-01
2.371E-02 7.535E-01 5.718E-01 9.62E-01
2.239E-02 7.466E-01 5.515E-01 9.66E-01
2.113E-02 7.319E-01 5.362E-01 9.69E-01
1.995E-02 7.184E-01 5.083E-01 9.73E-01
1.884E-02 7.339E-01 4.934E-01 9.75E-01
1.778E-02 7.142E-01 5.014E-01 9.77E-01
1.679E-02 6.969E-01 4.925E-01 9.80E-01
1.585E-02 6.801E-01 4.786E-01 9.82E-01
1.496E-02 6.627E-01 4.624E-01 9.83E-01
1.413E-02 6.442E-01 4.409E-01 9.85E-01
1.334E-02 6.422E-01 4.106E-01 9.87E-01
1.259E-02 6.350E-01 4.081E-01 9.88E-01
1.189E-02 6.117E-01 4.015E-01 9.89E-01
1.122E-02 5.879E-01 3.644E-01 9.90E-01
1.059E-02 6.573E-01 3.263E-01 9.91E-01
1.000E-02 6.296E-01 3.806E-01 9.92E-01
9.441E-03 6.025E-01 3.867E-01 9.93E-01
8.913E-03 5.747E-01 3.805E-01 9.93E-01
8.414E-03 5.457E-01 3.686E-01 9.94E-01
7.943E-03 5.160E-01 3.523E-01 9.95E-01
7.499E-03 4.862E-01 3.258E-01 9.95E-01
7.079E-03 4.845E-01 3.238E-01 9.96E-01
6.683E-03 4.541E-01 3.133E-01 9.96E-01
6.310E-03 4.240E-01 2.988E-01 9.97E-01
5.957E-03 3.947E-01 2.827E-01 9.97E-01
5.623E-03 3.652E-01 2.654E-01 9.97E-01
5.309E-03 3.369E-01 2.476E-01 9.97E-01
5.012E-03 3.099E-01 2.297E-01 9.98E-01
4.732E-03 2.840E-01 2.122E-01 9.98E-01
4.467E-03 2.593E-01 1.951E-01 9.98E-01
4.217E-03 2.359E-01 1.785E-01 9.98E-01
3.981E-03 2.138E-01 1.626E-01 9.99E-01
3.758E-03 1.931E-01 1.474E-01 9.99E-01
3.548E-03 1.738E-01 1.329E-01 9.99E-01
3.350E-03 1.558E-01 1.191E-01 9.99E-01
3.162E-03 1.394E-01 1.061E-01 9.99E-01
2.985E-03 1.245E-01 9.419E-02 9.99E-01
2.818E-03 1.103E-01 8.217E-02 9.99E-01
2.661E-03 9.702E-02 7.055E-02 9.99E-01
2.512E-03 8.553E-02 5.776E-02 9.99E-01
2.371E-03 7.526E-02 3.430E-02 9.99E-01
2.239E-03 1.684E-01 4.646E-02 9.99E-01
2.113E-03 1.519E-01 4.792E-02 1.00E+00
1.995E-03 1.360E-01 4.619E-02 1.00E+00
1.884E-03 1.209E-01 4.177E-02 1.00E+00
1.778E-03 1.070E-01 3.595E-02 1.00E+00
1.679E-03 9.414E-02 2.242E-02 1.00E+00
1.585E-03 1.460E-01 3.396E-02 1.00E+00
1.496E-03 1.290E-01 3.196E-02 1.00E+00
1.413E-03 1.256E-01 3.267E-02 1.00E+00
1.334E-03 1.110E-01 3.109E-02 1.00E+00
1.259E-03 9.774E-02 2.880E-02 1.00E+00
1.189E-03 8.579E-02 2.643E-02 1.00E+00
1.122E-03 7.466E-02 2.399E-02 1.00E+00
1.059E-03 6.483E-02 2.157E-02 1.00E+00
