w(micron)  Q_abs     Q_sca     g=<cos>
1.000E+03 9.830E-04 6.353E-06 1.00E-03
9.441E+02 1.104E-03 7.999E-06 1.12E-03
8.913E+02 1.240E-03 1.007E-05 1.26E-03
8.414E+02 1.393E-03 1.268E-05 1.41E-03
7.943E+02 1.564E-03 1.597E-05 1.58E-03
7.499E+02 1.758E-03 2.012E-05 1.78E-03
7.079E+02 1.975E-03 2.533E-05 2.00E-03
6.683E+02 2.219E-03 3.191E-05 2.24E-03
6.310E+02 2.495E-03 4.019E-05 2.51E-03
5.957E+02 2.805E-03 5.062E-05 2.82E-03
5.623E+02 3.154E-03 6.377E-05 3.16E-03
5.309E+02 3.548E-03 8.034E-05 3.55E-03
5.012E+02 3.993E-03 1.012E-04 3.98E-03
4.732E+02 4.495E-03 1.275E-04 4.47E-03
4.467E+02 5.063E-03 1.607E-04 5.02E-03
4.217E+02 5.704E-03 2.026E-04 5.63E-03
3.981E+02 6.430E-03 2.553E-04 6.32E-03
3.758E+02 7.253E-03 3.219E-04 7.09E-03
3.548E+02 8.185E-03 4.058E-04 7.95E-03
3.350E+02 9.242E-03 5.118E-04 8.93E-03
3.162E+02 1.044E-02 6.456E-04 1.00E-02
2.985E+02 1.181E-02 8.145E-04 1.12E-02
2.818E+02 1.338E-02 1.028E-03 1.26E-02
2.661E+02 1.517E-02 1.297E-03 1.42E-02
2.512E+02 1.723E-02 1.638E-03 1.59E-02
2.371E+02 1.958E-02 2.070E-03 1.78E-02
2.239E+02 2.229E-02 2.616E-03 2.00E-02
2.113E+02 2.542E-02 3.307E-03 2.25E-02
1.995E+02 2.904E-02 4.183E-03 2.52E-02
1.884E+02 3.325E-02 5.295E-03 2.83E-02
1.778E+02 3.817E-02 6.707E-03 3.18E-02
1.679E+02 4.394E-02 8.502E-03 3.57E-02
1.585E+02 5.073E-02 1.078E-02 4.01E-02
1.496E+02 5.877E-02 1.369E-02 4.51E-02
1.413E+02 6.834E-02 1.741E-02 5.06E-02
1.334E+02 7.979E-02 2.215E-02 5.69E-02
1.259E+02 9.360E-02 2.822E-02 6.39E-02
1.189E+02 1.104E-01 3.600E-02 7.17E-02
1.122E+02 1.309E-01 4.600E-02 8.06E-02
1.059E+02 1.561E-01 5.888E-02 9.05E-02
1.000E+02 1.875E-01 7.548E-02 1.01E-01
9.441E+01 2.269E-01 9.697E-02 1.14E-01
8.913E+01 2.765E-01 1.248E-01 1.27E-01
8.414E+01 3.395E-01 1.610E-01 1.42E-01
7.943E+01 4.198E-01 2.079E-01 1.58E-01
7.499E+01 5.220E-01 2.688E-01 1.74E-01
7.079E+01 6.506E-01 3.475E-01 1.90E-01
6.683E+01 8.089E-01 4.484E-01 2.04E-01
6.310E+01 9.949E-01 5.754E-01 2.15E-01
5.957E+01 1.200E+00 7.308E-01 2.21E-01
5.623E+01 1.403E+00 9.122E-01 2.21E-01
5.309E+01 1.580E+00 1.111E+00 2.18E-01
5.012E+01 1.711E+00 1.308E+00 2.13E-01
4.732E+01 1.787E+00 1.482E+00 2.12E-01
4.467E+01 1.812E+00 1.611E+00 2.16E-01
4.217E+01 1.797E+00 1.684E+00 2.26E-01
3.981E+01 1.758E+00 1.702E+00 2.44E-01
3.758E+01 1.709E+00 1.678E+00 2.69E-01
3.548E+01 1.661E+00 1.630E+00 2.99E-01
3.350E+01 1.625E+00 1.570E+00 3.37E-01
3.162E+01 1.607E+00 1.515E+00 3.81E-01
2.985E+01 1.605E+00 1.475E+00 4.30E-01
2.818E+01 1.614E+00 1.454E+00 4.80E-01
2.661E+01 1.624E+00 1.448E+00 5.24E-01
2.512E+01 1.623E+00 1.450E+00 5.58E-01
2.371E+01 1.609E+00 1.446E+00 5.84E-01
2.239E+01 1.584E+00 1.433E+00 6.04E-01
2.113E+01 1.559E+00 1.407E+00 6.23E-01
1.995E+01 1.541E+00 1.370E+00 6.45E-01
1.884E+01 1.535E+00 1.311E+00 6.76E-01
1.778E+01 1.528E+00 1.254E+00 7.10E-01
1.679E+01 1.519E+00 1.237E+00 7.41E-01
1.585E+01 1.519E+00 1.286E+00 7.63E-01
1.496E+01 1.525E+00 1.358E+00 7.72E-01
1.413E+01 1.510E+00 1.327E+00 7.64E-01
1.334E+01 1.462E+00 1.299E+00 7.63E-01
1.259E+01 1.410E+00 1.332E+00 7.64E-01
1.189E+01 1.369E+00 1.353E+00 7.65E-01
1.122E+01 1.341E+00 1.357E+00 7.70E-01
1.059E+01 1.316E+00 1.355E+00 7.77E-01
1.000E+01 1.296E+00 1.302E+00 7.96E-01
9.441E+00 1.252E+00 1.229E+00 8.14E-01
8.913E+00 1.204E+00 1.028E+00 8.58E-01
8.414E+00 1.181E+00 8.481E-01 8.97E-01
7.943E+00 1.095E+00 8.062E-01 9.23E-01
7.499E+00 9.556E-01 1.985E+00 9.07E-01
7.079E+00 9.666E-01 2.228E+00 8.63E-01
6.683E+00 1.024E+00 1.699E+00 8.01E-01
6.310E+00 1.020E+00 1.281E+00 7.52E-01
5.957E+00 1.051E+00 1.162E+00 7.42E-01
5.623E+00 1.052E+00 1.226E+00 7.86E-01
5.309E+00 1.014E+00 1.461E+00 8.37E-01
5.012E+00 1.021E+00 1.666E+00 8.71E-01
4.732E+00 1.017E+00 1.677E+00 8.83E-01
4.467E+00 9.991E-01 1.529E+00 8.77E-01
4.217E+00 9.954E-01 1.333E+00 8.64E-01
3.981E+00 9.921E-01 1.225E+00 8.50E-01
3.758E+00 9.908E-01 1.259E+00 8.53E-01
3.548E+00 9.954E-01 1.379E+00 8.71E-01
3.350E+00 1.004E+00 1.458E+00 8.85E-01
3.162E+00 1.011E+00 1.410E+00 8.88E-01
2.985E+00 1.012E+00 1.283E+00 8.84E-01
2.818E+00 1.006E+00 1.216E+00 8.85E-01
2.661E+00 9.999E-01 1.270E+00 8.95E-01
2.512E+00 1.005E+00 1.348E+00 9.06E-01
2.371E+00 9.982E-01 1.316E+00 9.05E-01
2.239E+00 1.003E+00 1.219E+00 9.01E-01
2.113E+00 9.990E-01 1.220E+00 9.03E-01
1.995E+00 9.993E-01 1.284E+00 9.13E-01
1.884E+00 1.001E+00 1.251E+00 9.15E-01
1.778E+00 1.000E+00 1.192E+00 9.13E-01
1.679E+00 9.987E-01 1.230E+00 9.19E-01
1.585E+00 9.965E-01 1.231E+00 9.21E-01
1.496E+00 9.958E-01 1.183E+00 9.20E-01
1.413E+00 9.947E-01 1.213E+00 9.24E-01
1.334E+00 9.921E-01 1.195E+00 9.25E-01
1.259E+00 9.894E-01 1.184E+00 9.25E-01
1.189E+00 9.873E-01 1.196E+00 9.28E-01
1.122E+00 9.847E-01 1.174E+00 9.28E-01
1.059E+00 9.818E-01 1.187E+00 9.29E-01
1.000E+00 9.788E-01 1.171E+00 9.29E-01
9.441E-01 9.756E-01 1.177E+00 9.31E-01
8.913E-01 9.723E-01 1.171E+00 9.31E-01
8.414E-01 9.689E-01 1.167E+00 9.31E-01
7.943E-01 9.655E-01 1.170E+00 9.32E-01
7.499E-01 9.621E-01 1.166E+00 9.32E-01
7.079E-01 9.588E-01 1.163E+00 9.32E-01
6.683E-01 9.555E-01 1.163E+00 9.32E-01
6.310E-01 9.522E-01 1.163E+00 9.32E-01
5.957E-01 9.490E-01 1.162E+00 9.33E-01
5.623E-01 9.459E-01 1.161E+00 9.33E-01
5.309E-01 9.428E-01 1.160E+00 9.32E-01
5.012E-01 9.398E-01 1.159E+00 9.32E-01
4.732E-01 9.369E-01 1.158E+00 9.32E-01
4.467E-01 9.340E-01 1.157E+00 9.32E-01
4.217E-01 9.312E-01 1.157E+00 9.32E-01
3.981E-01 9.284E-01 1.156E+00 9.31E-01
3.758E-01 9.257E-01 1.156E+00 9.31E-01
3.548E-01 9.229E-01 1.155E+00 9.31E-01
3.350E-01 9.201E-01 1.155E+00 9.30E-01
3.162E-01 9.172E-01 1.155E+00 9.29E-01
2.985E-01 9.143E-01 1.156E+00 9.28E-01
2.818E-01 9.112E-01 1.156E+00 9.27E-01
2.661E-01 9.079E-01 1.157E+00 9.26E-01
2.512E-01 9.042E-01 1.158E+00 9.24E-01
2.371E-01 9.001E-01 1.160E+00 9.22E-01
2.239E-01 8.952E-01 1.163E+00 9.19E-01
2.113E-01 8.890E-01 1.167E+00 9.15E-01
1.995E-01 8.820E-01 1.172E+00 9.10E-01
1.884E-01 8.740E-01 1.178E+00 9.05E-01
1.778E-01 8.648E-01 1.185E+00 8.98E-01
1.679E-01 8.539E-01 1.194E+00 8.90E-01
1.585E-01 8.414E-01 1.205E+00 8.80E-01
1.496E-01 8.304E-01 1.215E+00 8.73E-01
1.413E-01 8.281E-01 1.216E+00 8.73E-01
1.334E-01 8.281E-01 1.214E+00 8.74E-01
1.259E-01 8.253E-01 1.216E+00 8.73E-01
1.189E-01 8.206E-01 1.219E+00 8.71E-01
1.122E-01 8.136E-01 1.225E+00 8.68E-01
1.059E-01 8.028E-01 1.234E+00 8.61E-01
1.000E-01 7.917E-01 1.244E+00 8.56E-01
9.441E-02 7.865E-01 1.247E+00 8.56E-01
8.913E-02 7.927E-01 1.239E+00 8.64E-01
8.414E-02 7.890E-01 1.242E+00 8.62E-01
7.943E-02 7.730E-01 1.257E+00 8.53E-01
7.499E-02 7.543E-01 1.274E+00 8.45E-01
7.079E-02 7.402E-01 1.286E+00 8.40E-01
6.683E-02 7.226E-01 1.303E+00 8.35E-01
6.310E-02 7.057E-01 1.318E+00 8.33E-01
5.957E-02 7.325E-01 1.289E+00 8.63E-01
5.623E-02 8.092E-01 1.210E+00 9.13E-01
5.309E-02 8.390E-01 1.180E+00 9.31E-01
5.012E-02 8.580E-01 1.160E+00 9.43E-01
4.732E-02 8.710E-01 1.146E+00 9.51E-01
4.467E-02 8.808E-01 1.135E+00 9.56E-01
4.217E-02 8.861E-01 1.114E+00 9.61E-01
3.981E-02 8.927E-01 1.107E+00 9.65E-01
3.758E-02 8.985E-01 1.102E+00 9.68E-01
3.548E-02 9.036E-01 1.096E+00 9.71E-01
3.350E-02 9.084E-01 1.092E+00 9.74E-01
3.162E-02 9.130E-01 1.087E+00 9.77E-01
2.985E-02 9.174E-01 1.083E+00 9.79E-01
2.818E-02 9.218E-01 1.078E+00 9.81E-01
2.661E-02 9.263E-01 1.074E+00 9.83E-01
2.512E-02 9.309E-01 1.069E+00 9.86E-01
2.371E-02 9.360E-01 1.064E+00 9.88E-01
2.239E-02 9.413E-01 1.059E+00 9.89E-01
2.113E-02 9.453E-01 1.055E+00 9.91E-01
1.995E-02 9.503E-01 1.050E+00 9.92E-01
1.884E-02 9.552E-01 1.045E+00 9.93E-01
1.778E-02 9.559E-01 1.044E+00 9.94E-01
1.679E-02 9.583E-01 1.042E+00 9.94E-01
1.585E-02 9.610E-01 1.039E+00 9.95E-01
1.496E-02 9.637E-01 1.036E+00 9.96E-01
1.413E-02 9.666E-01 1.033E+00 9.96E-01
1.334E-02 9.705E-01 1.030E+00 9.97E-01
1.259E-02 9.720E-01 1.028E+00 9.97E-01
1.189E-02 9.733E-01 1.027E+00 9.98E-01
1.122E-02 9.763E-01 1.024E+00 9.98E-01
1.059E-02 9.817E-01 1.018E+00 9.99E-01
1.000E-02 9.790E-01 1.021E+00 9.98E-01
9.441E-03 9.791E-01 1.021E+00 9.99E-01
8.913E-03 9.800E-01 1.020E+00 9.99E-01
8.414E-03 9.810E-01 1.019E+00 9.99E-01
7.943E-03 9.822E-01 1.018E+00 9.99E-01
7.499E-03 9.838E-01 1.016E+00 9.99E-01
7.079E-03 9.848E-01 1.015E+00 9.99E-01
6.683E-03 9.856E-01 1.014E+00 9.99E-01
6.310E-03 9.866E-01 1.013E+00 9.99E-01
5.957E-03 9.876E-01 1.012E+00 1.00E+00
5.623E-03 9.885E-01 1.012E+00 1.00E+00
5.309E-03 9.892E-01 1.011E+00 1.00E+00
5.012E-03 9.899E-01 1.010E+00 1.00E+00
4.732E-03 9.903E-01 1.010E+00 1.00E+00
4.467E-03 9.906E-01 1.009E+00 1.00E+00
4.217E-03 9.908E-01 1.009E+00 1.00E+00
3.981E-03 9.910E-01 1.009E+00 1.00E+00
3.758E-03 9.911E-01 1.009E+00 1.00E+00
3.548E-03 9.911E-01 1.009E+00 1.00E+00
3.350E-03 9.912E-01 1.009E+00 1.00E+00
3.162E-03 9.914E-01 1.009E+00 1.00E+00
2.985E-03 9.918E-01 1.008E+00 1.00E+00
2.818E-03 9.925E-01 1.007E+00 1.00E+00
2.661E-03 9.934E-01 1.007E+00 1.00E+00
2.512E-03 9.941E-01 1.006E+00 1.00E+00
2.371E-03 9.947E-01 1.005E+00 1.00E+00
2.239E-03 9.986E-01 1.001E+00 1.00E+00
2.113E-03 9.984E-01 1.002E+00 1.00E+00
1.995E-03 9.982E-01 1.002E+00 1.00E+00
1.884E-03 9.980E-01 1.002E+00 1.00E+00
1.778E-03 9.977E-01 1.002E+00 1.00E+00
1.679E-03 9.975E-01 1.003E+00 1.00E+00
1.585E-03 9.991E-01 1.001E+00 1.00E+00
1.496E-03 9.988E-01 1.001E+00 1.00E+00
1.413E-03 9.987E-01 1.001E+00 1.00E+00
1.334E-03 9.983E-01 1.002E+00 1.00E+00
1.259E-03 9.978E-01 1.002E+00 1.00E+00
1.189E-03 9.971E-01 1.003E+00 1.00E+00
1.122E-03 9.962E-01 1.004E+00 1.00E+00
1.059E-03 9.949E-01 1.005E+00 1.00E+00
