w(micron)  Q_abs     Q_sca     g=<cos>
1.000E+03 1.230E-06 1.593E-17 0.00E+00
9.441E+02 1.380E-06 2.006E-17 0.00E+00
8.913E+02 1.548E-06 2.525E-17 0.00E+00
8.414E+02 1.738E-06 3.179E-17 0.00E+00
7.943E+02 1.950E-06 4.002E-17 0.00E+00
7.499E+02 2.188E-06 5.038E-17 0.00E+00
7.079E+02 2.455E-06 6.342E-17 0.00E+00
6.683E+02 2.755E-06 7.985E-17 0.00E+00
6.310E+02 3.092E-06 1.005E-16 0.00E+00
5.957E+02 3.469E-06 1.266E-16 0.00E+00
5.623E+02 3.893E-06 1.593E-16 0.00E+00
5.309E+02 4.369E-06 2.006E-16 0.00E+00
5.012E+02 4.903E-06 2.526E-16 0.00E+00
4.732E+02 5.503E-06 3.180E-16 0.00E+00
4.467E+02 6.176E-06 4.004E-16 0.00E+00
4.217E+02 6.933E-06 5.041E-16 0.00E+00
3.981E+02 7.781E-06 6.346E-16 0.00E+00
3.758E+02 8.735E-06 7.989E-16 0.00E+00
3.548E+02 9.805E-06 1.006E-15 0.00E+00
3.350E+02 1.100E-05 1.266E-15 0.00E+00
3.162E+02 1.235E-05 1.595E-15 0.00E+00
2.985E+02 1.387E-05 2.008E-15 0.00E+00
2.818E+02 1.557E-05 2.528E-15 0.00E+00
2.661E+02 1.749E-05 3.183E-15 0.00E+00
2.512E+02 1.965E-05 4.007E-15 0.00E+00
2.371E+02 2.206E-05 5.046E-15 0.00E+00
2.239E+02 2.478E-05 6.353E-15 0.00E+00
2.113E+02 2.784E-05 8.000E-15 0.00E+00
1.995E+02 3.127E-05 1.007E-14 0.00E+00
1.884E+02 3.515E-05 1.269E-14 0.00E+00
1.778E+02 3.951E-05 1.598E-14 0.00E+00
1.679E+02 4.442E-05 2.012E-14 0.00E+00
1.585E+02 4.995E-05 2.533E-14 0.00E+00
1.496E+02 5.618E-05 3.191E-14 0.00E+00
1.413E+02 6.321E-05 4.018E-14 0.00E+00
1.334E+02 7.113E-05 5.061E-14 0.00E+00
1.259E+02 8.007E-05 6.375E-14 0.00E+00
1.189E+02 9.022E-05 8.027E-14 0.00E+00
1.122E+02 1.016E-04 1.011E-13 0.00E+00
1.059E+02 1.145E-04 1.274E-13 0.00E+00
1.000E+02 1.292E-04 1.604E-13 0.00E+00
9.441E+01 1.457E-04 2.021E-13 0.00E+00
8.913E+01 1.645E-04 2.546E-13 0.00E+00
8.414E+01 1.856E-04 3.207E-13 0.00E+00
7.943E+01 2.097E-04 4.040E-13 0.00E+00
7.499E+01 2.371E-04 5.087E-13 0.00E+00
7.079E+01 2.681E-04 6.406E-13 0.00E+00
6.683E+01 3.032E-04 8.067E-13 0.00E+00
6.310E+01 3.431E-04 1.015E-12 0.00E+00
5.957E+01 3.881E-04 1.278E-12 0.00E+00
5.623E+01 4.392E-04 1.607E-12 0.00E+00
5.309E+01 4.963E-04 2.020E-12 4.44E-07
5.012E+01 5.609E-04 2.539E-12 4.84E-07
4.732E+01 6.335E-04 3.188E-12 5.27E-07
4.467E+01 7.150E-04 4.001E-12 5.72E-07
4.217E+01 8.063E-04 5.018E-12 6.19E-07
3.981E+01 9.077E-04 6.279E-12 6.70E-07
3.758E+01 1.020E-03 7.854E-12 7.24E-07
3.548E+01 1.140E-03 9.845E-12 7.85E-07
3.350E+01 1.276E-03 1.234E-11 8.49E-07
3.162E+01 1.437E-03 1.546E-11 9.14E-07
2.985E+01 1.622E-03 1.935E-11 9.81E-07
2.818E+01 1.831E-03 2.412E-11 1.05E-06
2.661E+01 2.071E-03 3.008E-11 1.12E-06
2.512E+01 2.347E-03 3.754E-11 1.20E-06
2.371E+01 2.656E-03 4.641E-11 1.28E-06
2.239E+01 3.016E-03 5.741E-11 1.37E-06
2.113E+01 3.432E-03 7.003E-11 1.45E-06
1.995E+01 3.932E-03 8.450E-11 1.54E-06
1.884E+01 4.380E-03 9.457E-11 1.66E-06
1.778E+01 4.407E-03 9.704E-11 1.87E-06
1.679E+01 4.016E-03 9.773E-11 2.17E-06
1.585E+01 3.435E-03 1.058E-10 2.57E-06
1.496E+01 2.912E-03 1.309E-10 3.07E-06
1.413E+01 2.618E-03 1.879E-10 3.73E-06
1.334E+01 3.123E-03 2.907E-10 4.36E-06
1.259E+01 4.119E-03 4.203E-10 4.72E-06
1.189E+01 5.474E-03 5.816E-10 4.82E-06
1.122E+01 7.121E-03 7.732E-10 4.78E-06
1.059E+01 9.414E-03 1.026E-09 4.64E-06
1.000E+01 1.147E-02 1.154E-09 4.76E-06
9.441E+00 1.287E-02 1.177E-09 5.07E-06
8.913E+00 9.618E-03 6.336E-10 5.97E-06
8.414E+00 6.217E-03 3.106E-10 7.09E-06
7.943E+00 2.884E-03 1.378E-10 8.39E-06
7.499E+00 1.277E-03 2.926E-10 1.00E-05
7.079E+00 1.003E-03 6.013E-10 1.18E-05
6.683E+00 9.921E-04 9.610E-10 1.36E-05
6.310E+00 9.848E-04 1.394E-09 1.55E-05
5.957E+00 9.619E-04 1.934E-09 1.77E-05
5.623E+00 9.458E-04 2.624E-09 2.01E-05
5.309E+00 9.443E-04 3.502E-09 2.27E-05
5.012E+00 9.562E-04 4.623E-09 2.57E-05
4.732E+00 9.797E-04 6.038E-09 2.90E-05
4.467E+00 1.011E-03 7.836E-09 3.28E-05
4.217E+00 1.048E-03 1.010E-08 3.69E-05
3.981E+00 1.086E-03 1.297E-08 4.16E-05
3.758E+00 1.124E-03 1.659E-08 4.68E-05
3.548E+00 1.165E-03 2.117E-08 5.27E-05
3.350E+00 1.206E-03 2.693E-08 5.92E-05
3.162E+00 1.243E-03 3.420E-08 6.66E-05
2.985E+00 1.285E-03 4.340E-08 7.48E-05
2.818E+00 1.332E-03 5.502E-08 8.41E-05
2.661E+00 1.382E-03 6.970E-08 9.44E-05
2.512E+00 1.436E-03 8.818E-08 1.06E-04
2.371E+00 1.496E-03 1.115E-07 1.19E-04
2.239E+00 1.558E-03 1.408E-07 1.34E-04
2.113E+00 1.625E-03 1.777E-07 1.50E-04
1.995E+00 1.697E-03 2.242E-07 1.69E-04
1.884E+00 1.773E-03 2.828E-07 1.89E-04
1.778E+00 1.855E-03 3.566E-07 2.12E-04
1.679E+00 1.947E-03 4.494E-07 2.38E-04
1.585E+00 2.045E-03 5.664E-07 2.67E-04
1.496E+00 2.148E-03 7.137E-07 3.00E-04
1.413E+00 2.256E-03 8.988E-07 3.37E-04
1.334E+00 2.371E-03 1.132E-06 3.78E-04
1.259E+00 2.493E-03 1.425E-06 4.24E-04
1.189E+00 2.629E-03 1.795E-06 4.76E-04
1.122E+00 2.774E-03 2.260E-06 5.34E-04
1.059E+00 2.928E-03 2.845E-06 5.99E-04
1.000E+00 3.091E-03 3.582E-06 6.72E-04
9.441E-01 3.266E-03 4.508E-06 7.54E-04
8.913E-01 3.450E-03 5.676E-06 8.46E-04
8.414E-01 3.643E-03 7.149E-06 9.49E-04
7.943E-01 3.847E-03 9.006E-06 1.06E-03
7.499E-01 4.063E-03 1.135E-05 1.19E-03
7.079E-01 4.291E-03 1.430E-05 1.34E-03
6.683E-01 4.531E-03 1.802E-05 1.50E-03
6.310E-01 4.788E-03 2.272E-05 1.69E-03
5.957E-01 5.060E-03 2.866E-05 1.90E-03
5.623E-01 5.348E-03 3.618E-05 2.13E-03
5.309E-01 5.654E-03 4.569E-05 2.39E-03
5.012E-01 5.976E-03 5.775E-05 2.68E-03
4.732E-01 6.316E-03 7.305E-05 3.01E-03
4.467E-01 6.672E-03 9.251E-05 3.38E-03
4.217E-01 7.051E-03 1.173E-04 3.80E-03
3.981E-01 7.445E-03 1.488E-04 4.27E-03
3.758E-01 7.850E-03 1.890E-04 4.80E-03
3.548E-01 8.274E-03 2.406E-04 5.39E-03
3.350E-01 8.714E-03 3.069E-04 6.07E-03
3.162E-01 9.162E-03 3.926E-04 6.83E-03
2.985E-01 9.623E-03 5.035E-04 7.69E-03
2.818E-01 1.009E-02 6.478E-04 8.66E-03
2.661E-01 1.056E-02 8.372E-04 9.77E-03
2.512E-01 1.099E-02 1.089E-03 1.10E-02
2.371E-01 1.141E-02 1.425E-03 1.25E-02
2.239E-01 1.181E-02 1.888E-03 1.42E-02
2.113E-01 1.458E-02 2.545E-03 1.62E-02
1.995E-01 2.135E-02 3.458E-03 1.85E-02
1.884E-01 3.335E-02 4.741E-03 2.13E-02
1.778E-01 5.292E-02 6.568E-03 2.46E-02
1.679E-01 8.578E-02 9.204E-03 2.84E-02
1.585E-01 1.420E-01 1.299E-02 3.26E-02
1.496E-01 2.331E-01 1.794E-02 3.61E-02
1.413E-01 3.373E-01 2.282E-02 3.78E-02
1.334E-01 4.135E-01 2.843E-02 4.04E-02
1.259E-01 4.970E-01 3.626E-02 4.35E-02
1.189E-01 5.946E-01 4.694E-02 4.68E-02
1.122E-01 7.129E-01 6.168E-02 5.01E-02
1.059E-01 8.654E-01 8.300E-02 5.30E-02
1.000E-01 1.066E+00 1.088E-01 5.43E-02
9.441E-02 1.229E+00 1.328E-01 5.74E-02
8.913E-02 1.303E+00 1.423E-01 6.32E-02
8.414E-02 1.381E+00 1.758E-01 7.12E-02
7.943E-02 1.517E+00 2.203E-01 7.78E-02
7.499E-02 1.589E+00 2.579E-01 8.64E-02
7.079E-02 1.542E+00 2.747E-01 9.90E-02
6.683E-02 1.400E+00 2.756E-01 1.15E-01
6.310E-02 1.117E+00 2.410E-01 1.32E-01
5.957E-02 7.578E-01 1.555E-01 1.49E-01
5.623E-02 6.617E-01 1.043E-01 1.70E-01
5.309E-02 6.332E-01 9.353E-02 1.93E-01
5.012E-02 6.110E-01 8.835E-02 2.19E-01
4.732E-02 5.917E-01 8.588E-02 2.48E-01
4.467E-02 5.735E-01 8.459E-02 2.79E-01
4.217E-02 5.556E-01 8.380E-02 3.13E-01
3.981E-02 5.376E-01 8.308E-02 3.49E-01
3.758E-02 5.191E-01 8.217E-02 3.89E-01
3.548E-02 5.002E-01 8.099E-02 4.30E-01
3.350E-02 4.809E-01 7.950E-02 4.72E-01
3.162E-02 4.612E-01 7.758E-02 5.16E-01
2.985E-02 4.408E-01 7.523E-02 5.59E-01
2.818E-02 4.200E-01 7.250E-02 6.02E-01
2.661E-02 3.992E-01 6.940E-02 6.43E-01
2.512E-02 3.778E-01 6.575E-02 6.81E-01
2.371E-02 3.566E-01 6.137E-02 7.15E-01
2.239E-02 3.469E-01 5.851E-02 7.45E-01
2.113E-02 3.312E-01 5.582E-02 7.69E-01
1.995E-02 3.163E-01 5.181E-02 7.87E-01
1.884E-02 3.264E-01 5.178E-02 8.02E-01
1.778E-02 3.094E-01 5.203E-02 8.15E-01
1.679E-02 2.943E-01 5.031E-02 8.28E-01
1.585E-02 2.802E-01 4.806E-02 8.42E-01
1.496E-02 2.666E-01 4.555E-02 8.57E-01
1.413E-02 2.528E-01 4.246E-02 8.72E-01
1.334E-02 2.500E-01 3.934E-02 8.86E-01
1.259E-02 2.447E-01 3.904E-02 8.96E-01
1.189E-02 2.297E-01 3.764E-02 9.03E-01
1.122E-02 2.148E-01 3.321E-02 9.10E-01
1.059E-02 2.552E-01 3.194E-02 9.19E-01
1.000E-02 2.386E-01 3.685E-02 9.27E-01
9.441E-03 2.223E-01 3.658E-02 9.35E-01
8.913E-03 2.063E-01 3.508E-02 9.40E-01
8.414E-03 1.907E-01 3.310E-02 9.44E-01
7.943E-03 1.757E-01 3.078E-02 9.50E-01
7.499E-03 1.614E-01 2.768E-02 9.55E-01
7.079E-03 1.605E-01 2.756E-02 9.58E-01
6.683E-03 1.469E-01 2.604E-02 9.62E-01
6.310E-03 1.342E-01 2.426E-02 9.66E-01
5.957E-03 1.224E-01 2.246E-02 9.69E-01
5.623E-03 1.110E-01 2.064E-02 9.71E-01
5.309E-03 1.006E-01 1.887E-02 9.74E-01
5.012E-03 9.098E-02 1.720E-02 9.77E-01
4.732E-03 8.211E-02 1.563E-02 9.79E-01
4.467E-03 7.389E-02 1.414E-02 9.81E-01
4.217E-03 6.636E-02 1.275E-02 9.82E-01
3.981E-03 5.944E-02 1.147E-02 9.84E-01
3.758E-03 5.311E-02 1.027E-02 9.86E-01
3.548E-03 4.731E-02 9.152E-03 9.87E-01
3.350E-03 4.204E-02 8.122E-03 9.88E-01
3.162E-03 3.729E-02 7.169E-03 9.89E-01
2.985E-03 3.307E-02 6.313E-03 9.90E-01
2.818E-03 2.910E-02 5.465E-03 9.91E-01
2.661E-03 2.544E-02 4.659E-03 9.92E-01
2.512E-03 2.231E-02 3.790E-03 9.93E-01
2.371E-03 1.954E-02 2.236E-03 9.93E-01
2.239E-03 4.569E-02 3.180E-03 9.94E-01
2.113E-03 4.088E-02 3.254E-03 9.95E-01
1.995E-03 3.630E-02 3.112E-03 9.95E-01
1.884E-03 3.206E-02 2.792E-03 9.96E-01
1.778E-03 2.817E-02 2.386E-03 9.96E-01
1.679E-03 2.465E-02 1.477E-03 9.96E-01
1.585E-03 3.917E-02 2.300E-03 9.97E-01
1.496E-03 3.434E-02 2.146E-03 9.97E-01
1.413E-03 3.336E-02 2.191E-03 9.97E-01
1.334E-03 2.929E-02 2.070E-03 9.98E-01
1.259E-03 2.563E-02 1.905E-03 9.98E-01
1.189E-03 2.237E-02 1.737E-03 9.98E-01
1.122E-03 1.937E-02 1.569E-03 9.98E-01
1.059E-03 1.675E-02 1.403E-03 9.98E-01
