w(micron)  Q_abs     Q_sca     g=<cos>
1.000E+03 3.469E-04 1.005E-07 1.26E-04
9.441E+02 3.893E-04 1.266E-07 1.41E-04
8.913E+02 4.369E-04 1.594E-07 1.58E-04
8.414E+02 4.903E-04 2.006E-07 1.78E-04
7.943E+02 5.502E-04 2.526E-07 1.99E-04
7.499E+02 6.175E-04 3.180E-07 2.24E-04
7.079E+02 6.931E-04 4.003E-07 2.51E-04
6.683E+02 7.779E-04 5.040E-07 2.81E-04
6.310E+02 8.731E-04 6.346E-07 3.16E-04
5.957E+02 9.800E-04 7.990E-07 3.54E-04
5.623E+02 1.100E-03 1.006E-06 3.97E-04
5.309E+02 1.235E-03 1.267E-06 4.46E-04
5.012E+02 1.386E-03 1.595E-06 5.00E-04
4.732E+02 1.556E-03 2.008E-06 5.61E-04
4.467E+02 1.748E-03 2.529E-06 6.30E-04
4.217E+02 1.963E-03 3.184E-06 7.06E-04
3.981E+02 2.204E-03 4.009E-06 7.92E-04
3.758E+02 2.476E-03 5.049E-06 8.88E-04
3.548E+02 2.781E-03 6.357E-06 9.96E-04
3.350E+02 3.123E-03 8.006E-06 1.12E-03
3.162E+02 3.509E-03 1.008E-05 1.25E-03
2.985E+02 3.943E-03 1.270E-05 1.41E-03
2.818E+02 4.433E-03 1.599E-05 1.58E-03
2.661E+02 4.985E-03 2.014E-05 1.77E-03
2.512E+02 5.606E-03 2.537E-05 1.98E-03
2.371E+02 6.306E-03 3.196E-05 2.22E-03
2.239E+02 7.095E-03 4.026E-05 2.49E-03
2.113E+02 7.985E-03 5.071E-05 2.79E-03
1.995E+02 8.990E-03 6.390E-05 3.13E-03
1.884E+02 1.013E-02 8.052E-05 3.50E-03
1.778E+02 1.141E-02 1.015E-04 3.93E-03
1.679E+02 1.287E-02 1.279E-04 4.40E-03
1.585E+02 1.452E-02 1.612E-04 4.92E-03
1.496E+02 1.639E-02 2.032E-04 5.51E-03
1.413E+02 1.852E-02 2.562E-04 6.17E-03
1.334E+02 2.094E-02 3.231E-04 6.90E-03
1.259E+02 2.369E-02 4.076E-04 7.71E-03
1.189E+02 2.685E-02 5.141E-04 8.61E-03
1.122E+02 3.043E-02 6.488E-04 9.62E-03
1.059E+02 3.454E-02 8.190E-04 1.07E-02
1.000E+02 3.927E-02 1.034E-03 1.20E-02
9.441E+01 4.468E-02 1.305E-03 1.33E-02
8.913E+01 5.091E-02 1.649E-03 1.48E-02
8.414E+01 5.807E-02 2.084E-03 1.65E-02
7.943E+01 6.637E-02 2.634E-03 1.83E-02
7.499E+01 7.597E-02 3.330E-03 2.02E-02
7.079E+01 8.709E-02 4.212E-03 2.23E-02
6.683E+01 9.993E-02 5.329E-03 2.46E-02
6.310E+01 1.149E-01 6.742E-03 2.70E-02
5.957E+01 1.321E-01 8.534E-03 2.96E-02
5.623E+01 1.522E-01 1.080E-02 3.23E-02
5.309E+01 1.752E-01 1.368E-02 3.52E-02
5.012E+01 2.019E-01 1.731E-02 3.82E-02
4.732E+01 2.326E-01 2.191E-02 4.13E-02
4.467E+01 2.680E-01 2.773E-02 4.46E-02
4.217E+01 3.086E-01 3.509E-02 4.80E-02
3.981E+01 3.546E-01 4.430E-02 5.15E-02
3.758E+01 4.068E-01 5.590E-02 5.53E-02
3.548E+01 4.654E-01 7.073E-02 5.95E-02
3.350E+01 5.330E-01 8.942E-02 6.38E-02
3.162E+01 6.120E-01 1.128E-01 6.81E-02
2.985E+01 7.020E-01 1.417E-01 7.24E-02
2.818E+01 8.010E-01 1.766E-01 7.72E-02
2.661E+01 9.109E-01 2.189E-01 8.23E-02
2.512E+01 1.031E+00 2.695E-01 8.79E-02
2.371E+01 1.151E+00 3.247E-01 9.46E-02
2.239E+01 1.274E+00 3.859E-01 1.02E-01
2.113E+01 1.385E+00 4.433E-01 1.11E-01
1.995E+01 1.481E+00 4.914E-01 1.22E-01
1.884E+01 1.508E+00 4.937E-01 1.38E-01
1.778E+01 1.443E+00 4.657E-01 1.61E-01
1.679E+01 1.331E+00 4.510E-01 1.90E-01
1.585E+01 1.226E+00 4.879E-01 2.28E-01
1.496E+01 1.179E+00 6.125E-01 2.77E-01
1.413E+01 1.276E+00 8.845E-01 3.41E-01
1.334E+01 1.546E+00 1.171E+00 3.73E-01
1.259E+01 1.641E+00 1.243E+00 3.74E-01
1.189E+01 1.646E+00 1.206E+00 3.88E-01
1.122E+01 1.643E+00 1.145E+00 4.20E-01
1.059E+01 1.651E+00 1.078E+00 4.60E-01
1.000E+01 1.624E+00 9.452E-01 5.05E-01
9.441E+00 1.536E+00 7.947E-01 5.40E-01
8.913E+00 1.291E+00 5.000E-01 5.74E-01
8.414E+00 1.070E+00 3.092E-01 6.19E-01
7.943E+00 7.136E-01 1.914E-01 6.67E-01
7.499E+00 4.621E-01 5.229E-01 6.98E-01
7.079E+00 4.356E-01 1.095E+00 6.88E-01
6.683E+00 4.679E-01 1.549E+00 6.95E-01
6.310E+00 5.155E-01 1.971E+00 7.24E-01
5.957E+00 5.533E-01 2.436E+00 7.49E-01
5.623E+00 5.523E-01 2.793E+00 7.49E-01
5.309E+00 5.511E-01 2.961E+00 7.37E-01
5.012E+00 6.059E-01 3.154E+00 7.34E-01
4.732E+00 6.596E-01 3.413E+00 7.49E-01
4.467E+00 6.360E-01 3.332E+00 7.49E-01
4.217E+00 6.676E-01 3.077E+00 7.26E-01
3.981E+00 7.673E-01 3.059E+00 7.12E-01
3.758E+00 7.173E-01 2.819E+00 7.07E-01
3.548E+00 7.369E-01 2.333E+00 6.70E-01
3.350E+00 8.463E-01 2.152E+00 6.46E-01
3.162E+00 7.565E-01 1.823E+00 6.12E-01
2.985E+00 8.545E-01 1.458E+00 5.49E-01
2.818E+00 8.272E-01 1.386E+00 5.72E-01
2.661E+00 8.413E-01 1.194E+00 5.46E-01
2.512E+00 8.565E-01 1.319E+00 6.32E-01
2.371E+00 8.724E-01 1.376E+00 6.96E-01
2.239E+00 8.712E-01 1.661E+00 7.55E-01
2.113E+00 8.918E-01 1.764E+00 8.19E-01
1.995E+00 8.635E-01 1.943E+00 8.34E-01
1.884E+00 8.711E-01 1.941E+00 8.52E-01
1.778E+00 8.705E-01 1.797E+00 8.50E-01
1.679E+00 8.702E-01 1.605E+00 8.35E-01
1.585E+00 8.795E-01 1.426E+00 8.16E-01
1.496E+00 8.933E-01 1.321E+00 8.04E-01
1.413E+00 9.073E-01 1.336E+00 8.18E-01
1.334E+00 9.177E-01 1.457E+00 8.38E-01
1.259E+00 9.280E-01 1.572E+00 8.55E-01
1.189E+00 9.404E-01 1.568E+00 8.66E-01
1.122E+00 9.483E-01 1.436E+00 8.67E-01
1.059E+00 9.501E-01 1.292E+00 8.64E-01
1.000E+00 9.473E-01 1.259E+00 8.70E-01
9.441E-01 9.564E-01 1.342E+00 8.87E-01
8.913E-01 9.683E-01 1.412E+00 8.98E-01
8.414E-01 9.626E-01 1.338E+00 8.95E-01
7.943E-01 9.756E-01 1.232E+00 8.92E-01
7.499E-01 9.759E-01 1.248E+00 8.97E-01
7.079E-01 9.778E-01 1.316E+00 9.08E-01
6.683E-01 9.834E-01 1.263E+00 9.10E-01
6.310E-01 9.860E-01 1.202E+00 9.09E-01
5.957E-01 9.861E-01 1.251E+00 9.16E-01
5.623E-01 9.862E-01 1.237E+00 9.18E-01
5.309E-01 9.884E-01 1.189E+00 9.17E-01
5.012E-01 9.872E-01 1.228E+00 9.22E-01
4.732E-01 9.867E-01 1.191E+00 9.22E-01
4.467E-01 9.845E-01 1.200E+00 9.24E-01
4.217E-01 9.825E-01 1.190E+00 9.25E-01
3.981E-01 9.801E-01 1.190E+00 9.26E-01
3.758E-01 9.767E-01 1.179E+00 9.26E-01
3.548E-01 9.735E-01 1.188E+00 9.27E-01
3.350E-01 9.697E-01 1.175E+00 9.26E-01
3.162E-01 9.656E-01 1.176E+00 9.26E-01
2.985E-01 9.611E-01 1.180E+00 9.26E-01
2.818E-01 9.565E-01 1.179E+00 9.25E-01
2.661E-01 9.515E-01 1.179E+00 9.24E-01
2.512E-01 9.461E-01 1.179E+00 9.23E-01
2.371E-01 9.402E-01 1.177E+00 9.21E-01
2.239E-01 9.335E-01 1.181E+00 9.18E-01
2.113E-01 9.258E-01 1.184E+00 9.15E-01
1.995E-01 9.169E-01 1.189E+00 9.10E-01
1.884E-01 9.071E-01 1.194E+00 9.04E-01
1.778E-01 8.962E-01 1.202E+00 8.98E-01
1.679E-01 8.838E-01 1.211E+00 8.90E-01
1.585E-01 8.700E-01 1.222E+00 8.81E-01
1.496E-01 8.580E-01 1.232E+00 8.73E-01
1.413E-01 8.546E-01 1.233E+00 8.73E-01
1.334E-01 8.534E-01 1.231E+00 8.75E-01
1.259E-01 8.495E-01 1.232E+00 8.74E-01
1.189E-01 8.436E-01 1.235E+00 8.72E-01
1.122E-01 8.354E-01 1.241E+00 8.68E-01
1.059E-01 8.234E-01 1.250E+00 8.62E-01
1.000E-01 8.109E-01 1.260E+00 8.57E-01
9.441E-02 8.041E-01 1.264E+00 8.57E-01
8.913E-02 8.086E-01 1.255E+00 8.65E-01
8.414E-02 8.040E-01 1.258E+00 8.63E-01
7.943E-02 7.866E-01 1.273E+00 8.55E-01
7.499E-02 7.661E-01 1.290E+00 8.46E-01
7.079E-02 7.502E-01 1.302E+00 8.42E-01
6.683E-02 7.307E-01 1.318E+00 8.37E-01
6.310E-02 7.118E-01 1.333E+00 8.35E-01
5.957E-02 7.368E-01 1.303E+00 8.65E-01
5.623E-02 8.136E-01 1.223E+00 9.14E-01
5.309E-02 8.433E-01 1.191E+00 9.32E-01
5.012E-02 8.622E-01 1.170E+00 9.43E-01
4.732E-02 8.751E-01 1.155E+00 9.51E-01
4.467E-02 8.847E-01 1.144E+00 9.57E-01
4.217E-02 8.921E-01 1.135E+00 9.61E-01
3.981E-02 8.983E-01 1.127E+00 9.65E-01
3.758E-02 9.035E-01 1.121E+00 9.68E-01
3.548E-02 9.083E-01 1.114E+00 9.71E-01
3.350E-02 9.126E-01 1.109E+00 9.74E-01
3.162E-02 9.167E-01 1.103E+00 9.77E-01
2.985E-02 9.207E-01 1.098E+00 9.79E-01
2.818E-02 9.247E-01 1.093E+00 9.81E-01
2.661E-02 9.287E-01 1.088E+00 9.84E-01
2.512E-02 9.329E-01 1.083E+00 9.86E-01
2.371E-02 9.377E-01 1.077E+00 9.88E-01
2.239E-02 9.429E-01 1.070E+00 9.89E-01
2.113E-02 9.466E-01 1.066E+00 9.91E-01
1.995E-02 9.516E-01 1.060E+00 9.92E-01
1.884E-02 9.567E-01 1.054E+00 9.93E-01
1.778E-02 9.569E-01 1.053E+00 9.94E-01
1.679E-02 9.590E-01 1.050E+00 9.94E-01
1.585E-02 9.615E-01 1.047E+00 9.95E-01
1.496E-02 9.637E-01 1.036E+00 9.96E-01
1.413E-02 9.666E-01 1.033E+00 9.96E-01
1.334E-02 9.705E-01 1.030E+00 9.97E-01
1.259E-02 9.720E-01 1.028E+00 9.97E-01
1.189E-02 9.733E-01 1.027E+00 9.98E-01
1.122E-02 9.763E-01 1.024E+00 9.98E-01
1.059E-02 9.817E-01 1.018E+00 9.99E-01
1.000E-02 9.790E-01 1.021E+00 9.98E-01
9.441E-03 9.791E-01 1.021E+00 9.99E-01
8.913E-03 9.800E-01 1.020E+00 9.99E-01
8.414E-03 9.810E-01 1.019E+00 9.99E-01
7.943E-03 9.821E-01 1.018E+00 9.99E-01
7.499E-03 9.837E-01 1.016E+00 9.99E-01
7.079E-03 9.847E-01 1.015E+00 9.99E-01
6.683E-03 9.854E-01 1.015E+00 9.99E-01
6.310E-03 9.863E-01 1.014E+00 9.99E-01
5.957E-03 9.871E-01 1.013E+00 1.00E+00
5.623E-03 9.878E-01 1.012E+00 1.00E+00
5.309E-03 9.883E-01 1.012E+00 1.00E+00
5.012E-03 9.886E-01 1.011E+00 1.00E+00
4.732E-03 9.888E-01 1.011E+00 1.00E+00
4.467E-03 9.887E-01 1.011E+00 1.00E+00
4.217E-03 9.885E-01 1.011E+00 1.00E+00
3.981E-03 9.882E-01 1.012E+00 1.00E+00
3.758E-03 9.877E-01 1.012E+00 1.00E+00
3.548E-03 9.870E-01 1.013E+00 1.00E+00
3.350E-03 9.861E-01 1.014E+00 1.00E+00
3.162E-03 9.849E-01 1.015E+00 1.00E+00
2.985E-03 9.834E-01 1.017E+00 1.00E+00
2.818E-03 9.814E-01 1.019E+00 1.00E+00
2.661E-03 9.785E-01 1.021E+00 1.00E+00
2.512E-03 9.745E-01 1.025E+00 1.00E+00
2.371E-03 9.692E-01 1.031E+00 1.00E+00
2.239E-03 9.930E-01 1.007E+00 1.00E+00
2.113E-03 9.917E-01 1.008E+00 1.00E+00
1.995E-03 9.900E-01 1.010E+00 1.00E+00
1.884E-03 9.879E-01 1.012E+00 1.00E+00
1.778E-03 9.849E-01 1.015E+00 1.00E+00
1.679E-03 9.811E-01 1.019E+00 1.00E+00
1.585E-03 9.921E-01 1.008E+00 1.00E+00
1.496E-03 9.900E-01 1.010E+00 1.00E+00
1.413E-03 9.895E-01 1.010E+00 1.00E+00
1.334E-03 9.866E-01 1.013E+00 1.00E+00
1.259E-03 9.827E-01 1.017E+00 1.00E+00
1.189E-03 9.775E-01 1.022E+00 1.00E+00
1.122E-03 9.703E-01 1.030E+00 1.00E+00
1.059E-03 9.605E-01 1.039E+00 1.00E+00
