w(micron)  Q_abs     Q_sca     g=<cos>
1.000E+03 3.091E-04 6.343E-08 9.99E-05
9.441E+02 3.469E-04 7.986E-08 1.12E-04
8.913E+02 3.893E-04 1.005E-07 1.26E-04
8.414E+02 4.369E-04 1.266E-07 1.41E-04
7.943E+02 4.903E-04 1.594E-07 1.58E-04
7.499E+02 5.502E-04 2.006E-07 1.78E-04
7.079E+02 6.175E-04 2.526E-07 1.99E-04
6.683E+02 6.930E-04 3.180E-07 2.24E-04
6.310E+02 7.778E-04 4.004E-07 2.51E-04
5.957E+02 8.730E-04 5.041E-07 2.81E-04
5.623E+02 9.799E-04 6.347E-07 3.16E-04
5.309E+02 1.100E-03 7.991E-07 3.54E-04
5.012E+02 1.235E-03 1.006E-06 3.97E-04
4.732E+02 1.386E-03 1.267E-06 4.46E-04
4.467E+02 1.556E-03 1.595E-06 5.00E-04
4.217E+02 1.748E-03 2.009E-06 5.61E-04
3.981E+02 1.962E-03 2.529E-06 6.29E-04
3.758E+02 2.204E-03 3.184E-06 7.06E-04
3.548E+02 2.475E-03 4.010E-06 7.91E-04
3.350E+02 2.780E-03 5.049E-06 8.88E-04
3.162E+02 3.122E-03 6.359E-06 9.96E-04
2.985E+02 3.508E-03 8.008E-06 1.12E-03
2.818E+02 3.943E-03 1.008E-05 1.25E-03
2.661E+02 4.433E-03 1.270E-05 1.40E-03
2.512E+02 4.984E-03 1.600E-05 1.57E-03
2.371E+02 5.604E-03 2.015E-05 1.76E-03
2.239E+02 6.303E-03 2.538E-05 1.98E-03
2.113E+02 7.091E-03 3.197E-05 2.22E-03
1.995E+02 7.980E-03 4.027E-05 2.48E-03
1.884E+02 8.985E-03 5.074E-05 2.78E-03
1.778E+02 1.012E-02 6.394E-05 3.12E-03
1.679E+02 1.140E-02 8.057E-05 3.49E-03
1.585E+02 1.286E-02 1.015E-04 3.91E-03
1.496E+02 1.451E-02 1.280E-04 4.37E-03
1.413E+02 1.637E-02 1.613E-04 4.89E-03
1.334E+02 1.850E-02 2.034E-04 5.47E-03
1.259E+02 2.091E-02 2.565E-04 6.12E-03
1.189E+02 2.366E-02 3.234E-04 6.83E-03
1.122E+02 2.679E-02 4.080E-04 7.63E-03
1.059E+02 3.035E-02 5.147E-04 8.52E-03
1.000E+02 3.446E-02 6.494E-04 9.49E-03
9.441E+01 3.914E-02 8.197E-04 1.06E-02
8.913E+01 4.451E-02 1.035E-03 1.18E-02
8.414E+01 5.066E-02 1.307E-03 1.31E-02
7.943E+01 5.777E-02 1.651E-03 1.45E-02
7.499E+01 6.596E-02 2.085E-03 1.60E-02
7.079E+01 7.541E-02 2.635E-03 1.77E-02
6.683E+01 8.627E-02 3.331E-03 1.95E-02
6.310E+01 9.886E-02 4.210E-03 2.14E-02
5.957E+01 1.134E-01 5.323E-03 2.35E-02
5.623E+01 1.301E-01 6.729E-03 2.57E-02
5.309E+01 1.492E-01 8.508E-03 2.80E-02
5.012E+01 1.713E-01 1.075E-02 3.04E-02
4.732E+01 1.967E-01 1.359E-02 3.29E-02
4.467E+01 2.257E-01 1.718E-02 3.55E-02
4.217E+01 2.590E-01 2.171E-02 3.83E-02
3.981E+01 2.966E-01 2.737E-02 4.12E-02
3.758E+01 3.393E-01 3.450E-02 4.42E-02
3.548E+01 3.868E-01 4.361E-02 4.76E-02
3.350E+01 4.417E-01 5.512E-02 5.12E-02
3.162E+01 5.065E-01 6.958E-02 5.46E-02
2.985E+01 5.808E-01 8.758E-02 5.82E-02
2.818E+01 6.638E-01 1.095E-01 6.20E-02
2.661E+01 7.577E-01 1.366E-01 6.61E-02
2.512E+01 8.631E-01 1.697E-01 7.04E-02
2.371E+01 9.731E-01 2.071E-01 7.55E-02
2.239E+01 1.092E+00 2.506E-01 8.11E-02
2.113E+01 1.209E+00 2.945E-01 8.78E-02
1.995E+01 1.321E+00 3.356E-01 9.54E-02
1.884E+01 1.373E+00 3.466E-01 1.07E-01
1.778E+01 1.324E+00 3.326E-01 1.23E-01
1.679E+01 1.216E+00 3.246E-01 1.46E-01
1.585E+01 1.105E+00 3.525E-01 1.74E-01
1.496E+01 1.042E+00 4.458E-01 2.11E-01
1.413E+01 1.103E+00 6.560E-01 2.63E-01
1.334E+01 1.407E+00 9.295E-01 3.03E-01
1.259E+01 1.608E+00 1.075E+00 3.10E-01
1.189E+01 1.664E+00 1.103E+00 3.16E-01
1.122E+01 1.665E+00 1.070E+00 3.37E-01
1.059E+01 1.662E+00 1.010E+00 3.69E-01
1.000E+01 1.628E+00 8.700E-01 4.14E-01
9.441E+00 1.538E+00 7.176E-01 4.54E-01
8.913E+00 1.269E+00 4.337E-01 4.88E-01
8.414E+00 1.026E+00 2.590E-01 5.33E-01
7.943E+00 6.570E-01 1.525E-01 5.82E-01
7.499E+00 4.105E-01 3.968E-01 6.48E-01
7.079E+00 3.974E-01 8.589E-01 6.72E-01
6.683E+00 4.262E-01 1.295E+00 6.65E-01
6.310E+00 4.412E-01 1.653E+00 6.66E-01
5.957E+00 4.647E-01 1.995E+00 6.89E-01
5.623E+00 5.093E-01 2.405E+00 7.22E-01
5.309E+00 5.366E-01 2.820E+00 7.40E-01
5.012E+00 5.282E-01 3.035E+00 7.34E-01
4.732E+00 5.408E-01 3.107E+00 7.21E-01
4.467E+00 6.136E-01 3.295E+00 7.24E-01
4.217E+00 6.540E-01 3.497E+00 7.41E-01
3.981E+00 6.239E-01 3.325E+00 7.39E-01
3.758E+00 6.651E-01 3.062E+00 7.13E-01
3.548E+00 7.585E-01 3.063E+00 7.02E-01
3.350E+00 6.970E-01 2.778E+00 6.96E-01
3.162E+00 7.254E-01 2.295E+00 6.56E-01
2.985E+00 8.237E-01 2.137E+00 6.33E-01
2.818E+00 7.354E-01 1.791E+00 5.97E-01
2.661E+00 8.471E-01 1.445E+00 5.35E-01
2.512E+00 8.069E-01 1.386E+00 5.62E-01
2.371E+00 8.325E-01 1.199E+00 5.40E-01
2.239E+00 8.409E-01 1.342E+00 6.31E-01
2.113E+00 8.632E-01 1.397E+00 6.95E-01
1.995E+00 8.585E-01 1.688E+00 7.54E-01
1.884E+00 8.792E-01 1.786E+00 8.19E-01
1.778E+00 8.515E-01 1.960E+00 8.33E-01
1.679E+00 8.625E-01 1.955E+00 8.50E-01
1.585E+00 8.626E-01 1.802E+00 8.48E-01
1.496E+00 8.635E-01 1.607E+00 8.33E-01
1.413E+00 8.724E-01 1.429E+00 8.14E-01
1.334E+00 8.872E-01 1.326E+00 8.02E-01
1.259E+00 9.017E-01 1.342E+00 8.17E-01
1.189E+00 9.135E-01 1.462E+00 8.37E-01
1.122E+00 9.252E-01 1.576E+00 8.54E-01
1.059E+00 9.379E-01 1.571E+00 8.66E-01
1.000E+00 9.460E-01 1.439E+00 8.67E-01
9.441E-01 9.481E-01 1.293E+00 8.63E-01
8.913E-01 9.454E-01 1.260E+00 8.70E-01
8.414E-01 9.546E-01 1.344E+00 8.86E-01
7.943E-01 9.665E-01 1.415E+00 8.97E-01
7.499E-01 9.609E-01 1.339E+00 8.95E-01
7.079E-01 9.740E-01 1.233E+00 8.91E-01
6.683E-01 9.747E-01 1.251E+00 8.97E-01
6.310E-01 9.764E-01 1.318E+00 9.08E-01
5.957E-01 9.819E-01 1.261E+00 9.09E-01
5.623E-01 9.846E-01 1.203E+00 9.09E-01
5.309E-01 9.847E-01 1.256E+00 9.15E-01
5.012E-01 9.854E-01 1.233E+00 9.17E-01
4.732E-01 9.879E-01 1.191E+00 9.17E-01
4.467E-01 9.858E-01 1.231E+00 9.22E-01
4.217E-01 9.856E-01 1.187E+00 9.21E-01
3.981E-01 9.837E-01 1.207E+00 9.24E-01
3.758E-01 9.814E-01 1.185E+00 9.23E-01
3.548E-01 9.784E-01 1.197E+00 9.25E-01
3.350E-01 9.749E-01 1.177E+00 9.24E-01
3.162E-01 9.712E-01 1.189E+00 9.25E-01
2.985E-01 9.670E-01 1.185E+00 9.25E-01
2.818E-01 9.626E-01 1.177E+00 9.24E-01
2.661E-01 9.577E-01 1.176E+00 9.23E-01
2.512E-01 9.523E-01 1.178E+00 9.22E-01
2.371E-01 9.463E-01 1.179E+00 9.20E-01
2.239E-01 9.395E-01 1.185E+00 9.18E-01
2.113E-01 9.320E-01 1.186E+00 9.14E-01
1.995E-01 9.229E-01 1.191E+00 9.10E-01
1.884E-01 9.128E-01 1.197E+00 9.04E-01
1.778E-01 9.016E-01 1.204E+00 8.98E-01
1.679E-01 8.889E-01 1.213E+00 8.90E-01
1.585E-01 8.749E-01 1.224E+00 8.81E-01
1.496E-01 8.627E-01 1.234E+00 8.73E-01
1.413E-01 8.592E-01 1.235E+00 8.73E-01
1.334E-01 8.578E-01 1.233E+00 8.75E-01
1.259E-01 8.536E-01 1.234E+00 8.74E-01
1.189E-01 8.476E-01 1.237E+00 8.72E-01
1.122E-01 8.392E-01 1.243E+00 8.69E-01
1.059E-01 8.270E-01 1.253E+00 8.62E-01
1.000E-01 8.143E-01 1.263E+00 8.57E-01
9.441E-02 8.073E-01 1.266E+00 8.57E-01
8.913E-02 8.115E-01 1.258E+00 8.65E-01
8.414E-02 8.067E-01 1.260E+00 8.63E-01
7.943E-02 7.890E-01 1.275E+00 8.55E-01
7.499E-02 7.683E-01 1.292E+00 8.47E-01
7.079E-02 7.521E-01 1.305E+00 8.42E-01
6.683E-02 7.322E-01 1.321E+00 8.37E-01
6.310E-02 7.130E-01 1.336E+00 8.35E-01
5.957E-02 7.376E-01 1.305E+00 8.65E-01
5.623E-02 8.144E-01 1.224E+00 9.14E-01
5.309E-02 8.441E-01 1.192E+00 9.32E-01
5.012E-02 8.630E-01 1.171E+00 9.43E-01
4.732E-02 8.759E-01 1.156E+00 9.51E-01
4.467E-02 8.854E-01 1.145E+00 9.57E-01
4.217E-02 8.927E-01 1.136E+00 9.61E-01
3.981E-02 8.988E-01 1.128E+00 9.65E-01
3.758E-02 9.041E-01 1.121E+00 9.68E-01
3.548E-02 9.087E-01 1.115E+00 9.71E-01
3.350E-02 9.130E-01 1.110E+00 9.74E-01
3.162E-02 9.171E-01 1.104E+00 9.77E-01
2.985E-02 9.211E-01 1.099E+00 9.79E-01
2.818E-02 9.250E-01 1.094E+00 9.81E-01
2.661E-02 9.290E-01 1.088E+00 9.84E-01
2.512E-02 9.331E-01 1.083E+00 9.86E-01
2.371E-02 9.379E-01 1.077E+00 9.88E-01
2.239E-02 9.431E-01 1.071E+00 9.89E-01
2.113E-02 9.467E-01 1.066E+00 9.91E-01
1.995E-02 9.517E-01 1.060E+00 9.92E-01
1.884E-02 9.568E-01 1.055E+00 9.93E-01
1.778E-02 9.570E-01 1.054E+00 9.94E-01
1.679E-02 9.591E-01 1.051E+00 9.94E-01
1.585E-02 9.615E-01 1.047E+00 9.95E-01
1.496E-02 9.639E-01 1.044E+00 9.96E-01
1.413E-02 9.666E-01 1.041E+00 9.96E-01
1.334E-02 9.705E-01 1.030E+00 9.97E-01
1.259E-02 9.720E-01 1.028E+00 9.97E-01
1.189E-02 9.733E-01 1.027E+00 9.98E-01
1.122E-02 9.763E-01 1.024E+00 9.98E-01
1.059E-02 9.817E-01 1.018E+00 9.99E-01
1.000E-02 9.790E-01 1.021E+00 9.98E-01
9.441E-03 9.791E-01 1.021E+00 9.99E-01
8.913E-03 9.799E-01 1.020E+00 9.99E-01
8.414E-03 9.810E-01 1.019E+00 9.99E-01
7.943E-03 9.821E-01 1.018E+00 9.99E-01
7.499E-03 9.837E-01 1.016E+00 9.99E-01
7.079E-03 9.846E-01 1.015E+00 9.99E-01
6.683E-03 9.853E-01 1.015E+00 9.99E-01
6.310E-03 9.861E-01 1.014E+00 9.99E-01
5.957E-03 9.869E-01 1.013E+00 1.00E+00
5.623E-03 9.875E-01 1.012E+00 1.00E+00
5.309E-03 9.880E-01 1.012E+00 1.00E+00
5.012E-03 9.883E-01 1.012E+00 1.00E+00
4.732E-03 9.883E-01 1.012E+00 1.00E+00
4.467E-03 9.882E-01 1.012E+00 1.00E+00
4.217E-03 9.879E-01 1.012E+00 1.00E+00
3.981E-03 9.874E-01 1.013E+00 1.00E+00
3.758E-03 9.868E-01 1.013E+00 1.00E+00
3.548E-03 9.859E-01 1.014E+00 1.00E+00
3.350E-03 9.846E-01 1.015E+00 9.99E-01
3.162E-03 9.830E-01 1.017E+00 9.99E-01
2.985E-03 9.810E-01 1.019E+00 9.99E-01
2.818E-03 9.782E-01 1.022E+00 1.00E+00
2.661E-03 9.743E-01 1.026E+00 1.00E+00
2.512E-03 9.689E-01 1.031E+00 1.00E+00
2.371E-03 9.619E-01 1.038E+00 1.00E+00
2.239E-03 9.916E-01 1.008E+00 1.00E+00
2.113E-03 9.899E-01 1.010E+00 1.00E+00
1.995E-03 9.878E-01 1.012E+00 1.00E+00
1.884E-03 9.851E-01 1.015E+00 1.00E+00
1.778E-03 9.813E-01 1.019E+00 1.00E+00
1.679E-03 9.765E-01 1.023E+00 1.00E+00
1.585E-03 9.903E-01 1.010E+00 1.00E+00
1.496E-03 9.876E-01 1.012E+00 1.00E+00
1.413E-03 9.869E-01 1.013E+00 1.00E+00
1.334E-03 9.833E-01 1.017E+00 1.00E+00
1.259E-03 9.784E-01 1.021E+00 1.00E+00
1.189E-03 9.719E-01 1.028E+00 1.00E+00
1.122E-03 9.628E-01 1.037E+00 1.00E+00
1.059E-03 9.508E-01 1.049E+00 1.00E+00
