w(micron)  Q_abs     Q_sca     g=<cos>
1.000E+03 2.753E-07 4.002E-20 0.00E+00
9.441E+02 3.089E-07 5.038E-20 0.00E+00
8.913E+02 3.467E-07 6.342E-20 0.00E+00
8.414E+02 3.890E-07 7.984E-20 0.00E+00
7.943E+02 4.365E-07 1.005E-19 0.00E+00
7.499E+02 4.898E-07 1.265E-19 0.00E+00
7.079E+02 5.497E-07 1.593E-19 0.00E+00
6.683E+02 6.168E-07 2.006E-19 0.00E+00
6.310E+02 6.921E-07 2.525E-19 0.00E+00
5.957E+02 7.767E-07 3.179E-19 0.00E+00
5.623E+02 8.716E-07 4.002E-19 0.00E+00
5.309E+02 9.781E-07 5.039E-19 0.00E+00
5.012E+02 1.098E-06 6.344E-19 0.00E+00
4.732E+02 1.232E-06 7.988E-19 0.00E+00
4.467E+02 1.383E-06 1.006E-18 0.00E+00
4.217E+02 1.552E-06 1.266E-18 0.00E+00
3.981E+02 1.742E-06 1.594E-18 0.00E+00
3.758E+02 1.955E-06 2.007E-18 0.00E+00
3.548E+02 2.195E-06 2.527E-18 0.00E+00
3.350E+02 2.463E-06 3.181E-18 0.00E+00
3.162E+02 2.765E-06 4.005E-18 0.00E+00
2.985E+02 3.104E-06 5.043E-18 0.00E+00
2.818E+02 3.486E-06 6.350E-18 0.00E+00
2.661E+02 3.916E-06 7.995E-18 0.00E+00
2.512E+02 4.398E-06 1.007E-17 0.00E+00
2.371E+02 4.940E-06 1.267E-17 0.00E+00
2.239E+02 5.548E-06 1.596E-17 0.00E+00
2.113E+02 6.232E-06 2.009E-17 0.00E+00
1.995E+02 7.002E-06 2.530E-17 0.00E+00
1.884E+02 7.868E-06 3.186E-17 0.00E+00
1.778E+02 8.844E-06 4.013E-17 0.00E+00
1.679E+02 9.943E-06 5.053E-17 0.00E+00
1.585E+02 1.118E-05 6.364E-17 0.00E+00
1.496E+02 1.258E-05 8.014E-17 0.00E+00
1.413E+02 1.415E-05 1.009E-16 0.00E+00
1.334E+02 1.592E-05 1.271E-16 0.00E+00
1.259E+02 1.793E-05 1.601E-16 0.00E+00
1.189E+02 2.020E-05 2.016E-16 0.00E+00
1.122E+02 2.275E-05 2.540E-16 0.00E+00
1.059E+02 2.563E-05 3.200E-16 0.00E+00
1.000E+02 2.892E-05 4.030E-16 0.00E+00
9.441E+01 3.262E-05 5.077E-16 0.00E+00
8.913E+01 3.682E-05 6.395E-16 0.00E+00
8.414E+01 4.155E-05 8.056E-16 0.00E+00
7.943E+01 4.695E-05 1.015E-15 0.00E+00
7.499E+01 5.308E-05 1.278E-15 0.00E+00
7.079E+01 6.003E-05 1.609E-15 0.00E+00
6.683E+01 6.787E-05 2.026E-15 0.00E+00
6.310E+01 7.681E-05 2.550E-15 0.00E+00
5.957E+01 8.690E-05 3.209E-15 0.00E+00
5.623E+01 9.832E-05 4.036E-15 0.00E+00
5.309E+01 1.111E-04 5.075E-15 0.00E+00
5.012E+01 1.256E-04 6.377E-15 0.00E+00
4.732E+01 1.418E-04 8.007E-15 0.00E+00
4.467E+01 1.601E-04 1.005E-14 0.00E+00
4.217E+01 1.805E-04 1.260E-14 0.00E+00
3.981E+01 2.032E-04 1.577E-14 0.00E+00
3.758E+01 2.283E-04 1.973E-14 0.00E+00
3.548E+01 2.552E-04 2.473E-14 0.00E+00
3.350E+01 2.857E-04 3.100E-14 0.00E+00
3.162E+01 3.217E-04 3.885E-14 0.00E+00
2.985E+01 3.632E-04 4.861E-14 0.00E+00
2.818E+01 4.099E-04 6.060E-14 0.00E+00
2.661E+01 4.635E-04 7.556E-14 0.00E+00
2.512E+01 5.254E-04 9.431E-14 0.00E+00
2.371E+01 5.945E-04 1.166E-13 0.00E+00
2.239E+01 6.752E-04 1.442E-13 0.00E+00
2.113E+01 7.684E-04 1.759E-13 0.00E+00
1.995E+01 8.803E-04 2.123E-13 0.00E+00
1.884E+01 9.806E-04 2.375E-13 0.00E+00
1.778E+01 9.866E-04 2.438E-13 0.00E+00
1.679E+01 8.990E-04 2.455E-13 0.00E+00
1.585E+01 7.690E-04 2.658E-13 0.00E+00
1.496E+01 6.518E-04 3.287E-13 0.00E+00
1.413E+01 5.862E-04 4.720E-13 0.00E+00
1.334E+01 6.992E-04 7.303E-13 0.00E+00
1.259E+01 9.221E-04 1.056E-12 0.00E+00
1.189E+01 1.226E-03 1.461E-12 2.41E-07
1.122E+01 1.594E-03 1.942E-12 2.39E-07
1.059E+01 2.107E-03 2.577E-12 2.33E-07
1.000E+01 2.568E-03 2.898E-12 2.39E-07
9.441E+00 2.882E-03 2.955E-12 2.54E-07
8.913E+00 1.839E-03 1.429E-12 5.94E-07
8.414E+00 1.284E-03 7.645E-13 6.66E-07
7.943E+00 6.148E-04 3.643E-13 7.47E-07
7.499E+00 2.703E-04 8.358E-13 8.38E-07
7.079E+00 2.116E-04 1.816E-12 9.41E-07
6.683E+00 2.093E-04 3.005E-12 1.06E-06
6.310E+00 2.080E-04 4.463E-12 1.18E-06
5.957E+00 2.153E-04 4.859E-12 8.86E-07
5.623E+00 2.117E-04 6.591E-12 1.01E-06
5.309E+00 2.114E-04 8.796E-12 1.14E-06
5.012E+00 2.140E-04 1.161E-11 1.29E-06
4.732E+00 2.193E-04 1.517E-11 1.46E-06
4.467E+00 2.262E-04 1.968E-11 1.64E-06
4.217E+00 2.347E-04 2.538E-11 1.85E-06
3.981E+00 2.432E-04 3.257E-11 2.08E-06
3.758E+00 2.516E-04 4.167E-11 2.35E-06
3.548E+00 2.607E-04 5.317E-11 2.64E-06
3.350E+00 2.699E-04 6.765E-11 2.97E-06
3.162E+00 2.783E-04 8.590E-11 3.34E-06
2.985E+00 2.877E-04 1.090E-10 3.75E-06
2.818E+00 2.981E-04 1.382E-10 4.21E-06
2.661E+00 3.093E-04 1.751E-10 4.73E-06
2.512E+00 3.214E-04 2.215E-10 5.32E-06
2.371E+00 3.347E-04 2.799E-10 5.97E-06
2.239E+00 3.487E-04 3.537E-10 6.70E-06
2.113E+00 3.636E-04 4.463E-10 7.53E-06
1.995E+00 3.797E-04 5.631E-10 8.45E-06
1.884E+00 3.967E-04 7.103E-10 9.48E-06
1.778E+00 4.151E-04 8.955E-10 1.06E-05
1.679E+00 4.354E-04 1.129E-09 1.19E-05
1.585E+00 4.574E-04 1.422E-09 1.34E-05
1.496E+00 4.803E-04 1.792E-09 1.50E-05
1.413E+00 5.046E-04 2.257E-09 1.69E-05
1.334E+00 5.301E-04 2.842E-09 1.89E-05
1.259E+00 5.572E-04 3.579E-09 2.13E-05
1.189E+00 5.876E-04 4.506E-09 2.38E-05
1.122E+00 6.200E-04 5.673E-09 2.68E-05
1.059E+00 6.542E-04 7.143E-09 3.00E-05
1.000E+00 6.906E-04 8.992E-09 3.37E-05
9.441E-01 7.294E-04 1.132E-08 3.78E-05
8.913E-01 7.703E-04 1.425E-08 4.24E-05
8.414E-01 8.131E-04 1.794E-08 4.76E-05
7.943E-01 8.583E-04 2.260E-08 5.34E-05
7.499E-01 9.060E-04 2.847E-08 5.99E-05
7.079E-01 9.564E-04 3.587E-08 6.72E-05
6.683E-01 1.009E-03 4.521E-08 7.55E-05
6.310E-01 1.066E-03 5.699E-08 8.47E-05
5.957E-01 1.126E-03 7.188E-08 9.51E-05
5.623E-01 1.189E-03 9.071E-08 1.07E-04
5.309E-01 1.256E-03 1.145E-07 1.20E-04
5.012E-01 1.326E-03 1.447E-07 1.35E-04
4.732E-01 1.400E-03 1.830E-07 1.51E-04
4.467E-01 1.477E-03 2.317E-07 1.70E-04
4.217E-01 1.559E-03 2.936E-07 1.91E-04
3.981E-01 1.644E-03 3.723E-07 2.14E-04
3.758E-01 1.730E-03 4.728E-07 2.41E-04
3.548E-01 1.820E-03 6.016E-07 2.71E-04
3.350E-01 1.912E-03 7.667E-07 3.05E-04
3.162E-01 2.006E-03 9.801E-07 3.43E-04
2.985E-01 2.100E-03 1.256E-06 3.87E-04
2.818E-01 2.195E-03 1.614E-06 4.36E-04
2.661E-01 2.287E-03 2.083E-06 4.92E-04
2.512E-01 2.370E-03 2.704E-06 5.56E-04
2.371E-01 2.447E-03 3.533E-06 6.29E-04
2.239E-01 2.515E-03 4.669E-06 7.15E-04
2.113E-01 3.080E-03 6.274E-06 8.17E-04
1.995E-01 4.466E-03 8.491E-06 9.36E-04
1.884E-01 6.894E-03 1.159E-05 1.08E-03
1.778E-01 1.078E-02 1.596E-05 1.24E-03
1.679E-01 1.717E-02 2.221E-05 1.43E-03
1.585E-01 2.788E-02 3.112E-05 1.65E-03
1.496E-01 4.507E-02 4.277E-05 1.82E-03
1.413E-01 6.506E-02 5.453E-05 1.91E-03
1.334E-01 7.951E-02 6.812E-05 2.05E-03
1.259E-01 9.506E-02 8.713E-05 2.21E-03
1.189E-01 1.132E-01 1.133E-04 2.38E-03
1.122E-01 1.356E-01 1.501E-04 2.54E-03
1.059E-01 1.655E-01 2.050E-04 2.67E-03
1.000E-01 2.107E-01 2.792E-04 2.71E-03
9.441E-02 2.554E-01 3.607E-04 2.79E-03
8.913E-02 2.889E-01 4.168E-04 3.00E-03
8.414E-02 3.135E-01 5.377E-04 3.32E-03
7.943E-02 3.750E-01 7.477E-04 3.48E-03
7.499E-02 4.465E-01 1.018E-03 3.67E-03
7.079E-02 4.911E-01 1.268E-03 4.01E-03
6.683E-02 4.979E-01 1.476E-03 4.49E-03
6.310E-02 4.166E-01 1.405E-03 5.19E-03
5.957E-02 2.596E-01 8.538E-04 6.16E-03
5.623E-02 2.084E-01 5.451E-04 7.23E-03
5.309E-02 1.955E-01 5.008E-04 8.26E-03
5.012E-02 1.868E-01 4.924E-04 9.38E-03
4.732E-02 1.802E-01 5.033E-04 1.06E-02
4.467E-02 1.743E-01 5.250E-04 1.20E-02
4.217E-02 1.687E-01 5.537E-04 1.36E-02
3.981E-02 1.631E-01 5.865E-04 1.53E-02
3.758E-02 1.571E-01 6.214E-04 1.72E-02
3.548E-02 1.509E-01 6.574E-04 1.94E-02
3.350E-02 1.443E-01 6.934E-04 2.19E-02
3.162E-02 1.375E-01 7.275E-04 2.46E-02
2.985E-02 1.303E-01 7.583E-04 2.78E-02
2.818E-02 1.230E-01 7.851E-04 3.13E-02
2.661E-02 1.157E-01 8.067E-04 3.52E-02
2.512E-02 1.082E-01 8.191E-04 3.97E-02
2.371E-02 1.008E-01 8.177E-04 4.47E-02
2.239E-02 9.731E-02 8.384E-04 5.04E-02
2.113E-02 9.207E-02 8.558E-04 5.67E-02
1.995E-02 8.702E-02 8.468E-04 6.39E-02
1.884E-02 9.006E-02 9.156E-04 7.21E-02
1.778E-02 8.479E-02 9.805E-04 8.11E-02
1.679E-02 7.992E-02 1.008E-03 9.14E-02
1.585E-02 7.537E-02 1.022E-03 1.03E-01
1.496E-02 7.097E-02 1.028E-03 1.16E-01
1.413E-02 6.657E-02 1.015E-03 1.31E-01
1.334E-02 6.547E-02 1.000E-03 1.47E-01
1.259E-02 6.380E-02 1.052E-03 1.66E-01
1.189E-02 5.933E-02 1.064E-03 1.87E-01
1.122E-02 5.486E-02 9.800E-04 2.10E-01
1.059E-02 6.623E-02 1.015E-03 2.37E-01
1.000E-02 6.155E-02 1.220E-03 2.66E-01
9.441E-03 5.679E-02 1.251E-03 2.98E-01
8.913E-03 5.218E-02 1.233E-03 3.33E-01
8.414E-03 4.776E-02 1.190E-03 3.72E-01
7.943E-03 4.358E-02 1.129E-03 4.14E-01
7.499E-03 3.967E-02 1.031E-03 4.59E-01
7.079E-03 3.938E-02 1.047E-03 5.06E-01
6.683E-03 3.577E-02 9.992E-04 5.54E-01
6.310E-03 3.241E-02 9.390E-04 6.01E-01
5.957E-03 2.934E-02 8.761E-04 6.45E-01
5.623E-03 2.643E-02 8.122E-04 6.85E-01
5.309E-03 2.379E-02 7.507E-04 7.20E-01
5.012E-03 2.140E-02 6.931E-04 7.47E-01
4.732E-03 1.920E-02 6.396E-04 7.67E-01
4.467E-03 1.720E-02 5.890E-04 7.82E-01
4.217E-03 1.538E-02 5.406E-04 7.95E-01
3.981E-03 1.372E-02 4.941E-04 8.07E-01
3.758E-03 1.221E-02 4.487E-04 8.21E-01
3.548E-03 1.085E-02 4.042E-04 8.38E-01
3.350E-03 9.613E-03 3.618E-04 8.55E-01
3.162E-03 8.505E-03 3.217E-04 8.72E-01
2.985E-03 7.525E-03 2.856E-04 8.85E-01
2.818E-03 6.608E-03 2.494E-04 8.94E-01
2.661E-03 5.766E-03 2.145E-04 9.01E-01
2.512E-03 5.048E-03 1.759E-04 9.08E-01
2.371E-03 4.415E-03 1.044E-04 9.17E-01
2.239E-03 1.045E-02 1.513E-04 9.27E-01
2.113E-03 9.327E-03 1.554E-04 9.34E-01
1.995E-03 8.264E-03 1.493E-04 9.38E-01
1.884E-03 7.284E-03 1.345E-04 9.43E-01
1.778E-03 6.389E-03 1.152E-04 9.49E-01
1.679E-03 5.580E-03 7.150E-05 9.54E-01
1.585E-03 8.925E-03 1.126E-04 9.58E-01
1.496E-03 7.808E-03 1.053E-04 9.62E-01
1.413E-03 7.582E-03 1.078E-04 9.66E-01
1.334E-03 6.643E-03 1.019E-04 9.69E-01
1.259E-03 5.804E-03 9.393E-05 9.71E-01
1.189E-03 5.059E-03 8.576E-05 9.74E-01
1.122E-03 4.375E-03 7.751E-05 9.76E-01
1.059E-03 3.778E-03 6.941E-05 9.79E-01
