w(micron)  Q_abs     Q_sca     g=<cos>
1.000E+03 3.466E-06 1.005E-15 0.00E+00
9.441E+02 3.889E-06 1.265E-15 0.00E+00
8.913E+02 4.364E-06 1.593E-15 0.00E+00
8.414E+02 4.897E-06 2.006E-15 0.00E+00
7.943E+02 5.495E-06 2.525E-15 0.00E+00
7.499E+02 6.167E-06 3.179E-15 0.00E+00
7.079E+02 6.920E-06 4.002E-15 0.00E+00
6.683E+02 7.765E-06 5.038E-15 0.00E+00
6.310E+02 8.713E-06 6.343E-15 0.00E+00
5.957E+02 9.778E-06 7.985E-15 0.00E+00
5.623E+02 1.097E-05 1.005E-14 0.00E+00
5.309E+02 1.231E-05 1.266E-14 0.00E+00
5.012E+02 1.382E-05 1.594E-14 0.00E+00
4.732E+02 1.551E-05 2.006E-14 0.00E+00
4.467E+02 1.741E-05 2.526E-14 0.00E+00
4.217E+02 1.954E-05 3.180E-14 0.00E+00
3.981E+02 2.193E-05 4.004E-14 0.00E+00
3.758E+02 2.462E-05 5.041E-14 0.00E+00
3.548E+02 2.763E-05 6.346E-14 0.00E+00
3.350E+02 3.101E-05 7.991E-14 0.00E+00
3.162E+02 3.481E-05 1.006E-13 0.00E+00
2.985E+02 3.908E-05 1.267E-13 0.00E+00
2.818E+02 4.389E-05 1.595E-13 0.00E+00
2.661E+02 4.930E-05 2.008E-13 0.00E+00
2.512E+02 5.537E-05 2.528E-13 0.00E+00
2.371E+02 6.218E-05 3.184E-13 0.00E+00
2.239E+02 6.984E-05 4.009E-13 0.00E+00
2.113E+02 7.846E-05 5.048E-13 0.00E+00
1.995E+02 8.814E-05 6.356E-13 0.00E+00
1.884E+02 9.906E-05 8.004E-13 0.00E+00
1.778E+02 1.113E-04 1.008E-12 0.00E+00
1.679E+02 1.252E-04 1.269E-12 0.00E+00
1.585E+02 1.408E-04 1.599E-12 0.00E+00
1.496E+02 1.583E-04 2.013E-12 5.49E-07
1.413E+02 1.781E-04 2.535E-12 6.14E-07
1.334E+02 2.005E-04 3.193E-12 6.87E-07
1.259E+02 2.257E-04 4.022E-12 7.68E-07
1.189E+02 2.543E-04 5.065E-12 8.57E-07
1.122E+02 2.864E-04 6.381E-12 9.57E-07
1.059E+02 3.227E-04 8.038E-12 1.07E-06
1.000E+02 3.641E-04 1.012E-11 1.19E-06
9.441E+01 4.107E-04 1.275E-11 1.32E-06
8.913E+01 4.635E-04 1.606E-11 1.47E-06
8.414E+01 5.231E-04 2.024E-11 1.64E-06
7.943E+01 5.911E-04 2.549E-11 1.81E-06
7.499E+01 6.682E-04 3.210E-11 2.01E-06
7.079E+01 7.557E-04 4.042E-11 2.22E-06
6.683E+01 8.545E-04 5.090E-11 2.45E-06
6.310E+01 9.670E-04 6.406E-11 2.69E-06
5.957E+01 1.094E-03 8.061E-11 2.95E-06
5.623E+01 1.238E-03 1.014E-10 3.23E-06
5.309E+01 1.399E-03 1.275E-10 3.53E-06
5.012E+01 1.581E-03 1.602E-10 3.85E-06
4.732E+01 1.786E-03 2.011E-10 4.18E-06
4.467E+01 2.015E-03 2.525E-10 4.54E-06
4.217E+01 2.272E-03 3.166E-10 4.92E-06
3.981E+01 2.558E-03 3.962E-10 5.32E-06
3.758E+01 2.874E-03 4.955E-10 5.75E-06
3.548E+01 3.213E-03 6.212E-10 6.23E-06
3.350E+01 3.597E-03 7.788E-10 6.74E-06
3.162E+01 4.050E-03 9.758E-10 7.26E-06
2.985E+01 4.573E-03 1.221E-09 7.79E-06
2.818E+01 5.161E-03 1.522E-09 8.35E-06
2.661E+01 5.836E-03 1.898E-09 8.93E-06
2.512E+01 6.614E-03 2.369E-09 9.53E-06
2.371E+01 7.485E-03 2.929E-09 1.02E-05
2.239E+01 8.501E-03 3.622E-09 1.08E-05
2.113E+01 9.674E-03 4.419E-09 1.15E-05
1.995E+01 1.108E-02 5.332E-09 1.22E-05
1.884E+01 1.235E-02 5.967E-09 1.32E-05
1.778E+01 1.242E-02 6.123E-09 1.48E-05
1.679E+01 1.132E-02 6.166E-09 1.73E-05
1.585E+01 9.681E-03 6.676E-09 2.04E-05
1.496E+01 8.207E-03 8.257E-09 2.44E-05
1.413E+01 7.380E-03 1.186E-08 2.96E-05
1.334E+01 8.803E-03 1.834E-08 3.47E-05
1.259E+01 1.161E-02 2.652E-08 3.75E-05
1.189E+01 1.543E-02 3.670E-08 3.83E-05
1.122E+01 2.007E-02 4.879E-08 3.80E-05
1.059E+01 2.654E-02 6.474E-08 3.69E-05
1.000E+01 3.233E-02 7.281E-08 3.78E-05
9.441E+00 3.628E-02 7.424E-08 4.03E-05
8.913E+00 2.711E-02 3.997E-08 4.74E-05
8.414E+00 1.752E-02 1.960E-08 5.63E-05
7.943E+00 8.130E-03 8.693E-09 6.66E-05
7.499E+00 3.601E-03 1.846E-08 7.97E-05
7.079E+00 2.828E-03 3.794E-08 9.36E-05
6.683E+00 2.797E-03 6.063E-08 1.08E-04
6.310E+00 2.777E-03 8.793E-08 1.23E-04
5.957E+00 2.712E-03 1.221E-07 1.40E-04
5.623E+00 2.667E-03 1.656E-07 1.59E-04
5.309E+00 2.663E-03 2.210E-07 1.81E-04
5.012E+00 2.696E-03 2.917E-07 2.04E-04
4.732E+00 2.763E-03 3.810E-07 2.31E-04
4.467E+00 2.851E-03 4.945E-07 2.60E-04
4.217E+00 2.957E-03 6.376E-07 2.93E-04
3.981E+00 3.064E-03 8.183E-07 3.30E-04
3.758E+00 3.172E-03 1.047E-06 3.72E-04
3.548E+00 3.287E-03 1.336E-06 4.18E-04
3.350E+00 3.404E-03 1.700E-06 4.70E-04
3.162E+00 3.510E-03 2.159E-06 5.29E-04
2.985E+00 3.629E-03 2.739E-06 5.94E-04
2.818E+00 3.762E-03 3.473E-06 6.67E-04
2.661E+00 3.904E-03 4.400E-06 7.50E-04
2.512E+00 4.058E-03 5.567E-06 8.42E-04
2.371E+00 4.227E-03 7.037E-06 9.46E-04
2.239E+00 4.406E-03 8.893E-06 1.06E-03
2.113E+00 4.596E-03 1.122E-05 1.19E-03
1.995E+00 4.801E-03 1.416E-05 1.34E-03
1.884E+00 5.020E-03 1.787E-05 1.50E-03
1.778E+00 5.255E-03 2.253E-05 1.69E-03
1.679E+00 5.517E-03 2.840E-05 1.89E-03
1.585E+00 5.799E-03 3.580E-05 2.12E-03
1.496E+00 6.095E-03 4.511E-05 2.38E-03
1.413E+00 6.410E-03 5.683E-05 2.67E-03
1.334E+00 6.741E-03 7.159E-05 3.00E-03
1.259E+00 7.095E-03 9.016E-05 3.36E-03
1.189E+00 7.492E-03 1.136E-04 3.77E-03
1.122E+00 7.916E-03 1.430E-04 4.23E-03
1.059E+00 8.368E-03 1.801E-04 4.75E-03
1.000E+00 8.850E-03 2.269E-04 5.33E-03
9.441E-01 9.367E-03 2.857E-04 5.97E-03
8.913E-01 9.916E-03 3.599E-04 6.70E-03
8.414E-01 1.050E-02 4.536E-04 7.52E-03
7.943E-01 1.111E-02 5.718E-04 8.43E-03
7.499E-01 1.177E-02 7.210E-04 9.46E-03
7.079E-01 1.247E-02 9.092E-04 1.06E-02
6.683E-01 1.322E-02 1.147E-03 1.19E-02
6.310E-01 1.403E-02 1.448E-03 1.33E-02
5.957E-01 1.489E-02 1.828E-03 1.50E-02
5.623E-01 1.582E-02 2.311E-03 1.68E-02
5.309E-01 1.682E-02 2.922E-03 1.88E-02
5.012E-01 1.790E-02 3.699E-03 2.11E-02
4.732E-01 1.905E-02 4.688E-03 2.37E-02
4.467E-01 2.029E-02 5.949E-03 2.66E-02
4.217E-01 2.164E-02 7.556E-03 2.99E-02
3.981E-01 2.308E-02 9.611E-03 3.36E-02
3.758E-01 2.461E-02 1.225E-02 3.77E-02
3.548E-01 2.627E-02 1.564E-02 4.23E-02
3.350E-01 2.806E-02 2.001E-02 4.76E-02
3.162E-01 2.998E-02 2.570E-02 5.35E-02
2.985E-01 3.206E-02 3.310E-02 6.02E-02
2.818E-01 3.431E-02 4.279E-02 6.78E-02
2.661E-01 3.673E-02 5.560E-02 7.65E-02
2.512E-01 3.926E-02 7.275E-02 8.64E-02
2.371E-01 4.201E-02 9.591E-02 9.80E-02
2.239E-01 4.510E-02 1.282E-01 1.12E-01
2.113E-01 5.822E-02 1.746E-01 1.28E-01
1.995E-01 8.976E-02 2.391E-01 1.48E-01
1.884E-01 1.490E-01 3.292E-01 1.74E-01
1.778E-01 2.540E-01 4.543E-01 2.07E-01
1.679E-01 4.474E-01 6.228E-01 2.52E-01
1.585E-01 7.897E-01 8.256E-01 3.03E-01
1.496E-01 1.211E+00 9.783E-01 3.33E-01
1.413E-01 1.425E+00 9.925E-01 3.40E-01
1.334E-01 1.504E+00 1.013E+00 3.61E-01
1.259E-01 1.555E+00 1.038E+00 3.85E-01
1.189E-01 1.582E+00 1.053E+00 4.12E-01
1.122E-01 1.598E+00 1.060E+00 4.43E-01
1.059E-01 1.616E+00 1.066E+00 4.76E-01
1.000E-01 1.630E+00 1.044E+00 5.12E-01
9.441E-02 1.626E+00 1.018E+00 5.49E-01
8.913E-02 1.590E+00 9.550E-01 5.82E-01
8.414E-02 1.578E+00 9.954E-01 6.09E-01
7.943E-02 1.546E+00 1.024E+00 6.24E-01
7.499E-02 1.488E+00 1.035E+00 6.35E-01
7.079E-02 1.407E+00 1.029E+00 6.47E-01
6.683E-02 1.290E+00 1.021E+00 6.56E-01
6.310E-02 1.112E+00 9.831E-01 6.64E-01
5.957E-02 9.184E-01 8.196E-01 6.94E-01
5.623E-02 9.073E-01 6.193E-01 7.45E-01
5.309E-02 9.037E-01 5.567E-01 7.74E-01
5.012E-02 8.957E-01 5.205E-01 7.97E-01
4.732E-02 8.846E-01 4.987E-01 8.16E-01
4.467E-02 8.715E-01 4.842E-01 8.32E-01
4.217E-02 8.567E-01 4.739E-01 8.46E-01
3.981E-02 8.408E-01 4.656E-01 8.60E-01
3.758E-02 8.238E-01 4.583E-01 8.72E-01
3.548E-02 8.058E-01 4.514E-01 8.84E-01
3.350E-02 7.870E-01 4.445E-01 8.94E-01
3.162E-02 7.673E-01 4.369E-01 9.04E-01
2.985E-02 7.466E-01 4.284E-01 9.12E-01
2.818E-02 7.254E-01 4.185E-01 9.20E-01
2.661E-02 7.040E-01 4.069E-01 9.28E-01
2.512E-02 6.815E-01 3.925E-01 9.35E-01
2.371E-02 6.588E-01 3.737E-01 9.41E-01
2.239E-02 6.494E-01 3.581E-01 9.46E-01
2.113E-02 6.320E-01 3.450E-01 9.51E-01
1.995E-02 6.156E-01 3.234E-01 9.56E-01
1.884E-02 6.313E-01 3.155E-01 9.60E-01
1.778E-02 6.096E-01 3.186E-01 9.63E-01
1.679E-02 5.905E-01 3.102E-01 9.67E-01
1.585E-02 5.720E-01 2.987E-01 9.70E-01
1.496E-02 5.533E-01 2.858E-01 9.73E-01
1.413E-02 5.337E-01 2.696E-01 9.76E-01
1.334E-02 5.309E-01 2.499E-01 9.78E-01
1.259E-02 5.234E-01 2.477E-01 9.80E-01
1.189E-02 5.001E-01 2.414E-01 9.82E-01
1.122E-02 4.764E-01 2.161E-01 9.84E-01
1.059E-02 5.438E-01 1.978E-01 9.85E-01
1.000E-02 5.166E-01 2.299E-01 9.86E-01
9.441E-03 4.901E-01 2.315E-01 9.88E-01
8.913E-03 4.632E-01 2.253E-01 9.89E-01
8.414E-03 4.358E-01 2.159E-01 9.90E-01
7.943E-03 4.085E-01 2.039E-01 9.91E-01
7.499E-03 3.816E-01 1.864E-01 9.92E-01
7.079E-03 3.799E-01 1.851E-01 9.93E-01
6.683E-03 3.532E-01 1.773E-01 9.93E-01
6.310E-03 3.272E-01 1.675E-01 9.94E-01
5.957E-03 3.023E-01 1.570E-01 9.95E-01
5.623E-03 2.778E-01 1.460E-01 9.95E-01
5.309E-03 2.546E-01 1.350E-01 9.96E-01
5.012E-03 2.328E-01 1.243E-01 9.96E-01
4.732E-03 2.121E-01 1.140E-01 9.96E-01
4.467E-03 1.926E-01 1.041E-01 9.97E-01
4.217E-03 1.744E-01 9.463E-02 9.97E-01
3.981E-03 1.574E-01 8.572E-02 9.97E-01
3.758E-03 1.415E-01 7.729E-02 9.98E-01
3.548E-03 1.269E-01 6.931E-02 9.98E-01
3.350E-03 1.134E-01 6.186E-02 9.98E-01
3.162E-03 1.011E-01 5.487E-02 9.98E-01
2.985E-03 9.005E-02 4.854E-02 9.98E-01
2.818E-03 7.957E-02 4.220E-02 9.99E-01
2.661E-03 6.984E-02 3.612E-02 9.99E-01
2.512E-03 6.144E-02 2.948E-02 9.99E-01
2.371E-03 5.397E-02 1.745E-02 9.99E-01
2.239E-03 1.228E-01 2.409E-02 9.99E-01
2.113E-03 1.105E-01 2.477E-02 9.99E-01
1.995E-03 9.855E-02 2.380E-02 9.99E-01
1.884E-03 8.742E-02 2.145E-02 9.99E-01
1.778E-03 7.713E-02 1.841E-02 9.99E-01
1.679E-03 6.773E-02 1.144E-02 9.99E-01
1.585E-03 1.060E-01 1.752E-02 9.99E-01
1.496E-03 9.342E-02 1.643E-02 1.00E+00
1.413E-03 9.085E-02 1.679E-02 1.00E+00
1.334E-03 8.009E-02 1.593E-02 1.00E+00
1.259E-03 7.036E-02 1.472E-02 1.00E+00
1.189E-03 6.162E-02 1.347E-02 1.00E+00
1.122E-03 5.353E-02 1.220E-02 1.00E+00
1.059E-03 4.640E-02 1.095E-02 1.00E+00
